/*--------------------------------*- C++ -*----------------------------------*\
| =========                 |                                                 |
| \\      /  F ield         | OpenFOAM: The Open Source CFD Toolbox           |
|  \\    /   O peration     | Version:  2506                                  |
|   \\  /    A nd           | Website:  www.openfoam.com                      |
|    \\/     M anipulation  |                                                 |
\*---------------------------------------------------------------------------*/
FoamFile
{
    version     2.0;
    format      ascii;
    arch        "LSB;label=32;scalar=64";
    class       volScalarField;
    location    "4.6";
    object      p;
}
// * * * * * * * * * * * * * * * * * * * * * * * * * * * * * * * * * * * * * //

dimensions      [0 2 -2 0 0 0 0];

internalField   nonuniform List<scalar> 
4000
(
0.000555524
0.000497602
0.000466246
0.000452693
0.000444484
0.000438761
0.000434763
0.000431757
0.000429266
0.000427068
0.000425057
0.000423177
0.000421394
0.00041969
0.000418053
0.000416479
0.000414966
0.000413514
0.000412124
0.000410799
0.000409543
0.000408359
0.000407253
0.00040623
0.000405295
0.000404454
0.000403715
0.000403085
0.000402571
0.000402183
0.00040193
0.00040183
0.000401898
0.000402024
0.000402672
0.000403738
0.000404483
0.000404741
0.000404479
0.000403434
0.000401311
0.000396921
0.000390246
0.000382003
0.000372217
0.000361087
0.000348744
0.000335101
0.0003208
0.000305735
0.000290176
0.000274631
0.000258917
0.000243984
0.00022938
0.000216118
0.00020406
0.000193397
0.000184817
0.00017727
0.000172173
0.000168384
0.00016615
0.000165363
0.000165456
0.000166722
0.000168441
0.00017089
0.000173574
0.00017657
0.000179704
0.000182847
0.000186058
0.000189187
0.000192247
0.000195228
0.000198091
0.00020084
0.000203482
0.000206008
0.000208423
0.000210732
0.000212933
0.000215026
0.00021701
0.000218879
0.00022063
0.000222258
0.000223761
0.000225146
0.000226414
0.00022757
0.000228623
0.000229582
0.000230453
0.000231249
0.000231978
0.00023265
0.000233273
0.000233856
0.000234407
0.000234936
0.000235448
0.000235949
0.000236445
0.000236935
0.000237426
0.000237913
0.000238396
0.000238865
0.000239312
0.000239718
0.000240065
0.000240312
0.000240445
0.000240388
0.000240111
0.000239552
0.000238629
0.000237292
0.000235467
0.000233066
0.00023004
0.000226339
0.000221888
0.000216668
0.000210656
0.000203837
0.000196229
0.000187849
0.000178677
0.000168843
0.000158362
0.000147177
0.00013554
0.000123481
0.000110784
9.80952e-05
8.50106e-05
7.19824e-05
5.90379e-05
4.64113e-05
3.43299e-05
2.31612e-05
1.27679e-05
4.18428e-06
-3.51234e-06
-8.96848e-06
-1.3006e-05
-1.54775e-05
-1.62003e-05
-1.59986e-05
-1.42728e-05
-1.20175e-05
-8.83801e-06
-5.44544e-06
-1.62083e-06
2.18726e-06
6.03126e-06
9.72686e-06
1.384e-05
1.69998e-05
1.98785e-05
2.25172e-05
2.49775e-05
2.71568e-05
2.91149e-05
3.04008e-05
3.11379e-05
3.15004e-05
3.15019e-05
3.11776e-05
3.05749e-05
2.97391e-05
2.87116e-05
2.75304e-05
2.62299e-05
2.48411e-05
2.33914e-05
2.19052e-05
2.0404e-05
1.89068e-05
1.74308e-05
1.59909e-05
1.45999e-05
1.32687e-05
1.20051e-05
1.08143e-05
9.69876e-06
8.65705e-06
7.68452e-06
6.77317e-06
5.91219e-06
5.08878e-06
4.28905e-06
3.49929e-06
2.70719e-06
1.90085e-06
1.07078e-06
2.80173e-07
0.000503859
0.00048073
0.000462822
0.000453035
0.000446169
0.000440604
0.000436314
0.000432987
0.000430242
0.000427849
0.000425694
0.000423707
0.000421846
0.000420082
0.000418402
0.000416796
0.000415258
0.000413788
0.000412385
0.000411051
0.00040979
0.000408603
0.000407497
0.000406475
0.000405544
0.00040471
0.000403979
0.000403359
0.000402859
0.000402486
0.000402251
0.000402168
0.000402253
0.000402368
0.000402888
0.000403723
0.000404125
0.000403946
0.000403103
0.000401276
0.000398164
0.000392817
0.000385461
0.000376736
0.000366626
0.000355311
0.000342928
0.000329449
0.000315458
0.000300871
0.000285944
0.000271139
0.00025631
0.000242302
0.000228767
0.000216432
0.000205171
0.000195131
0.000186922
0.00017967
0.000174549
0.000170651
0.000168153
0.000167021
0.000166745
0.000167605
0.000168957
0.000171048
0.000173433
0.00017616
0.000179082
0.000182049
0.00018512
0.000188148
0.000191127
0.000194053
0.000196878
0.000199602
0.000202229
0.000204748
0.000207161
0.000209475
0.000211689
0.000213802
0.000215817
0.000217727
0.000219533
0.000221233
0.000222818
0.000224287
0.000225646
0.00022689
0.000228028
0.000229069
0.000230014
0.000230881
0.000231669
0.000232398
0.000233067
0.000233701
0.000234291
0.000234855
0.000235393
0.000235914
0.000236426
0.000236924
0.000237419
0.000237898
0.000238364
0.000238802
0.000239201
0.000239537
0.000239789
0.000239906
0.000239875
0.00023961
0.000239081
0.00023822
0.000236946
0.000235208
0.000232936
0.000230049
0.000226506
0.000222267
0.000217271
0.000211514
0.000204986
0.000197687
0.000189649
0.000180899
0.000171432
0.000161392
0.000150802
0.000139616
0.000128074
0.000116183
0.000103828
9.15313e-05
7.8998e-05
6.66136e-05
5.4442e-05
4.26808e-05
3.15482e-05
2.13315e-05
1.20071e-05
4.2155e-06
-2.70868e-06
-7.70535e-06
-1.14187e-05
-1.37532e-05
-1.44994e-05
-1.44035e-05
-1.29006e-05
-1.08897e-05
-7.98686e-06
-4.85525e-06
-1.27804e-06
2.31574e-06
5.98997e-06
9.44104e-06
1.3482e-05
1.66324e-05
1.95373e-05
2.22038e-05
2.46727e-05
2.68071e-05
2.86897e-05
2.98914e-05
3.05949e-05
3.09587e-05
3.09731e-05
3.06685e-05
3.00938e-05
2.92935e-05
2.8307e-05
2.71702e-05
2.5916e-05
2.45735e-05
2.31688e-05
2.17248e-05
2.02619e-05
1.87984e-05
1.73507e-05
1.59336e-05
1.45599e-05
1.32407e-05
1.19851e-05
1.07989e-05
9.68556e-06
8.64489e-06
7.67328e-06
6.76379e-06
5.90648e-06
5.08903e-06
4.29776e-06
3.51875e-06
2.73894e-06
1.94494e-06
1.122e-06
3.09752e-07
0.000479528
0.000471959
0.000461389
0.000453426
0.000447159
0.000442042
0.000437744
0.000434228
0.000431277
0.0004287
0.000426395
0.000424289
0.000422333
0.000420496
0.000418758
0.000417105
0.000415532
0.000414033
0.000412607
0.000411255
0.000409978
0.00040878
0.000407665
0.000406636
0.000405699
0.000404861
0.000404127
0.000403506
0.000403004
0.00040263
0.000402392
0.0004023
0.000402369
0.000402425
0.000402794
0.000403376
0.000403398
0.000402723
0.000401265
0.000398675
0.000394708
0.000388644
0.000380869
0.000371919
0.000361743
0.000350498
0.000338339
0.000325286
0.000311849
0.00029798
0.00028389
0.00027
0.000256227
0.000243179
0.000230611
0.000219084
0.000208533
0.000199033
0.000191103
0.000184009
0.000178724
0.000174541
0.000171614
0.000169969
0.000169156
0.000169471
0.000170314
0.000171942
0.000173927
0.000176308
0.000178955
0.00018169
0.000184586
0.000187478
0.000190352
0.000193206
0.00019598
0.000198667
0.000201273
0.00020378
0.000206188
0.000208506
0.00021073
0.000212862
0.000214907
0.000216856
0.000218709
0.000220469
0.000222118
0.000223658
0.000225093
0.000226411
0.000227621
0.000228731
0.000229735
0.000230659
0.000231492
0.000232265
0.000232966
0.000233624
0.00023423
0.00023481
0.000235359
0.000235887
0.000236403
0.000236895
0.000237382
0.00023784
0.000238276
0.000238669
0.000239004
0.000239252
0.00023939
0.00023936
0.000239146
0.000238656
0.00023786
0.000236691
0.000235065
0.000232939
0.000230248
0.000226921
0.00022293
0.000218243
0.000212818
0.000206664
0.000199783
0.000192188
0.000183916
0.000175005
0.000165471
0.00015543
0.000144917
0.000133916
0.000122633
0.000111088
9.92262e-05
8.74714e-05
7.56153e-05
6.39758e-05
5.26378e-05
4.17544e-05
3.1517e-05
2.2132e-05
1.35673e-05
6.3547e-06
-4.37055e-08
-4.79581e-06
-8.39855e-06
-1.08117e-05
-1.17742e-05
-1.19801e-05
-1.08402e-05
-9.21217e-06
-6.66705e-06
-3.87958e-06
-5.9212e-07
2.7401e-06
6.24113e-06
9.40472e-06
1.34531e-05
1.64965e-05
1.93295e-05
2.19642e-05
2.4409e-05
2.64615e-05
2.82631e-05
2.93637e-05
3.00217e-05
3.03871e-05
3.0413e-05
3.01241e-05
2.95737e-05
2.88063e-05
2.78589e-05
2.67654e-05
2.55568e-05
2.42607e-05
2.29013e-05
2.15001e-05
2.00763e-05
1.86473e-05
1.72288e-05
1.58355e-05
1.44805e-05
1.31749e-05
1.19285e-05
1.0749e-05
9.64068e-06
8.60455e-06
7.63822e-06
6.73558e-06
5.88723e-06
5.08103e-06
4.30301e-06
3.53829e-06
2.77211e-06
1.98857e-06
1.16733e-06
3.27391e-07
0.000468535
0.00046575
0.000459297
0.000452803
0.000447496
0.000442946
0.000438808
0.000435327
0.000432279
0.000429564
0.000427129
0.000424899
0.000422835
0.000420911
0.0004191
0.000417385
0.000415759
0.000414217
0.000412753
0.000411368
0.000410061
0.000408836
0.000407694
0.000406639
0.000405678
0.000404813
0.000404053
0.000403402
0.000402868
0.000402456
0.000402171
0.000402015
0.000402
0.000401937
0.00040213
0.000402463
0.000402124
0.000400979
0.000398962
0.000395747
0.000391162
0.000384651
0.00037667
0.000367671
0.000357604
0.000346621
0.000334883
0.000322446
0.000309768
0.000296784
0.00028365
0.000270809
0.000258176
0.000246164
0.000234629
0.000223945
0.000214103
0.000205117
0.000197398
0.000190382
0.000184832
0.000180243
0.00017675
0.000174432
0.000172926
0.000172529
0.000172706
0.000173719
0.000175167
0.000177084
0.000179351
0.000181767
0.000184416
0.000187111
0.000189834
0.000192578
0.00019527
0.000197897
0.000200464
0.000202946
0.000205337
0.000207648
0.000209872
0.000212014
0.000214079
0.000216058
0.000217951
0.000219765
0.000221475
0.000223084
0.000224595
0.000225989
0.000227271
0.000228454
0.000229518
0.000230499
0.000231375
0.000232185
0.000232911
0.000233593
0.000234208
0.000234796
0.000235344
0.000235866
0.000236374
0.000236847
0.000237312
0.000237737
0.000238127
0.00023846
0.000238714
0.000238858
0.000238863
0.000238664
0.000238249
0.000237516
0.000236438
0.000234948
0.000232966
0.000230457
0.000227364
0.000223628
0.000219234
0.000214161
0.000208387
0.00020193
0.000194806
0.000187038
0.000178672
0.000169752
0.000160304
0.000150426
0.000140178
0.000129551
0.000118714
0.00010771
9.6521e-05
8.54775e-05
7.44453e-05
6.36693e-05
5.32412e-05
4.32673e-05
3.39029e-05
2.52858e-05
1.73937e-05
1.06277e-05
4.57606e-06
-1.38418e-07
-3.85912e-06
-6.57338e-06
-7.9838e-06
-8.70012e-06
-8.12241e-06
-7.04265e-06
-4.99698e-06
-2.66109e-06
2.58429e-07
3.27369e-06
6.59405e-06
9.48229e-06
1.35535e-05
1.64696e-05
1.91924e-05
2.17665e-05
2.41746e-05
2.61354e-05
2.78559e-05
2.88446e-05
2.94375e-05
2.979e-05
2.98148e-05
2.95282e-05
2.89899e-05
2.82453e-05
2.73288e-05
2.62718e-05
2.51039e-05
2.38508e-05
2.2535e-05
2.11765e-05
1.97931e-05
1.84014e-05
1.70164e-05
1.56524e-05
1.43224e-05
1.3038e-05
1.18095e-05
1.06452e-05
9.55036e-06
8.52698e-06
7.57339e-06
6.68411e-06
5.85001e-06
5.05892e-06
4.29627e-06
3.54605e-06
2.79158e-06
2.01436e-06
1.19213e-06
3.33658e-07
0.000461804
0.000460478
0.000456503
0.000451808
0.00044748
0.000443408
0.000439654
0.000436317
0.000433222
0.000430441
0.000427925
0.000425569
0.000423387
0.000421365
0.000419464
0.000417667
0.000415971
0.000414366
0.000412846
0.000411408
0.000410052
0.000408779
0.000407589
0.000406487
0.000405475
0.000404558
0.00040374
0.000403027
0.000402422
0.000401929
0.000401548
0.000401274
0.000401112
0.00040088
0.000400854
0.000400898
0.000400193
0.0003986
0.000396079
0.00039235
0.000387307
0.000380523
0.000372479
0.000363561
0.000353745
0.000343178
0.000332023
0.000320367
0.000308516
0.000296502
0.000284535
0.000272849
0.000261409
0.000250507
0.000240064
0.000230293
0.000221214
0.000212806
0.00020536
0.000198483
0.000192725
0.000187757
0.000183693
0.000180649
0.000178372
0.00017713
0.000176497
0.000176724
0.000177466
0.000178751
0.000180481
0.000182441
0.00018472
0.000187118
0.000189603
0.000192169
0.000194725
0.000197252
0.000199748
0.000202182
0.000204541
0.000206833
0.000209051
0.000211195
0.000213274
0.000215278
0.000217207
0.000219071
0.000220841
0.00022252
0.00022411
0.000225584
0.000226944
0.000228204
0.000229332
0.000230374
0.000231293
0.000232141
0.000232885
0.000233584
0.000234198
0.000234782
0.000235316
0.000235815
0.000236296
0.000236731
0.000237152
0.000237518
0.000237837
0.000238079
0.00023822
0.000238225
0.000238059
0.000237655
0.000236999
0.000235984
0.000234589
0.000232752
0.000230398
0.000227499
0.000224014
0.000219895
0.00021514
0.000209747
0.000203704
0.000197044
0.000189793
0.000181983
0.000173665
0.000164888
0.000155683
0.000146135
0.00013634
0.000126253
0.00011601
0.000105707
9.53327e-05
8.51255e-05
7.50145e-05
6.51765e-05
5.56974e-05
4.66437e-05
3.81314e-05
3.02409e-05
2.29754e-05
1.65915e-05
1.08068e-05
6.0477e-06
2.10944e-06
-1.00466e-06
-2.99721e-06
-4.35776e-06
-4.51579e-06
-4.14534e-06
-2.78118e-06
-1.0515e-06
1.35535e-06
3.94328e-06
7.01701e-06
9.61185e-06
1.36601e-05
1.64396e-05
1.90182e-05
2.14995e-05
2.38476e-05
2.56925e-05
2.73029e-05
2.81555e-05
2.86613e-05
2.89857e-05
2.90001e-05
2.87098e-05
2.81805e-05
2.74591e-05
2.65766e-05
2.55618e-05
2.44421e-05
2.32415e-05
2.19807e-05
2.06776e-05
1.93488e-05
1.80097e-05
1.66746e-05
1.53568e-05
1.40688e-05
1.28221e-05
1.16271e-05
1.0492e-05
9.4229e-06
8.42228e-06
7.48909e-06
6.61831e-06
5.80122e-06
5.02577e-06
4.27724e-06
3.53901e-06
2.79345e-06
2.02071e-06
1.20005e-06
3.31543e-07
0.000457312
0.000456556
0.000453991
0.000450585
0.000447091
0.000443632
0.000440275
0.000437066
0.000434003
0.000431246
0.000428703
0.000426231
0.000423945
0.000421832
0.000419831
0.000417942
0.000416164
0.000414483
0.000412889
0.000411381
0.000409958
0.000408617
0.000407358
0.000406183
0.000405095
0.000404096
0.000403189
0.000402376
0.000401661
0.000401043
0.000400519
0.000400077
0.000399717
0.000399274
0.000398982
0.000398691
0.000397615
0.000395608
0.000392647
0.000388508
0.00038314
0.000376227
0.000368242
0.000359521
0.000350072
0.00034004
0.000329576
0.000318774
0.000307827
0.000296869
0.000286136
0.000275626
0.000265382
0.000255607
0.000246253
0.000237431
0.00022915
0.000221379
0.000214301
0.000207671
0.000201845
0.000196633
0.000192103
0.000188415
0.000185418
0.000183319
0.000181828
0.000181167
0.000181081
0.000181586
0.000182621
0.000183973
0.00018573
0.000187695
0.000189824
0.000192105
0.000194439
0.000196796
0.000199164
0.000201508
0.000203802
0.000206053
0.000208246
0.000210381
0.000212464
0.000214484
0.00021644
0.000218349
0.000220174
0.000221917
0.000223584
0.000225139
0.000226578
0.000227921
0.000229116
0.000230223
0.000231186
0.00023207
0.00023283
0.000233536
0.000234138
0.000234703
0.000235203
0.000235659
0.000236088
0.000236455
0.0002368
0.000237073
0.000237282
0.000237394
0.000237378
0.000237198
0.000236815
0.000236159
0.000235218
0.000233885
0.000232145
0.000229942
0.00022721
0.000223935
0.000220088
0.000215635
0.000210591
0.000204965
0.000198761
0.00019202
0.000184775
0.000177067
0.000168946
0.000160461
0.000151648
0.000142579
0.000133389
0.000123925
0.000114425
0.000104929
9.54381e-05
8.61251e-05
7.69641e-05
6.80735e-05
5.95253e-05
5.13567e-05
4.365e-05
3.64596e-05
2.97287e-05
2.36878e-05
1.81352e-05
1.33176e-05
9.14553e-06
5.62719e-06
3.0214e-06
9.75676e-07
-5.66216e-09
-4.41183e-07
9.57393e-08
1.07687e-06
2.81332e-06
4.83968e-06
7.55178e-06
9.8041e-06
1.37109e-05
1.63286e-05
1.87274e-05
2.10724e-05
2.33211e-05
2.50166e-05
2.64749e-05
2.71697e-05
2.75724e-05
2.78547e-05
2.7852e-05
2.75573e-05
2.70412e-05
2.6351e-05
2.55138e-05
2.45547e-05
2.3499e-05
2.23689e-05
2.11826e-05
1.99558e-05
1.87036e-05
1.74401e-05
1.61785e-05
1.49309e-05
1.37084e-05
1.25217e-05
1.13802e-05
1.02921e-05
9.26352e-06
8.29719e-06
7.39239e-06
6.54465e-06
5.74591e-06
4.98483e-06
4.24726e-06
3.51708e-06
2.77721e-06
2.00804e-06
1.19314e-06
3.18537e-07
0.000454297
0.000453809
0.000452028
0.000449451
0.000446583
0.000443598
0.000440568
0.000437569
0.000434661
0.00043191
0.000429292
0.000426779
0.000424452
0.00042227
0.000420164
0.000418178
0.000416316
0.000414553
0.000412878
0.000411288
0.000409785
0.000408359
0.000407011
0.000405743
0.000404555
0.000403447
0.00040242
0.000401476
0.000400614
0.00039983
0.00039912
0.000398467
0.000397866
0.000397177
0.000396582
0.00039592
0.00039448
0.000392106
0.00038878
0.000384335
0.000378763
0.000371844
0.000364024
0.000355594
0.000346599
0.000337179
0.000327468
0.000317549
0.000307621
0.000297771
0.000288154
0.000278791
0.000269716
0.00026104
0.000252735
0.00024484
0.000237352
0.000230243
0.000223606
0.000217304
0.000211571
0.000206278
0.000201423
0.00019725
0.000193686
0.000190832
0.00018854
0.000187003
0.000186053
0.000185707
0.000185938
0.000186561
0.000187654
0.000189045
0.000190684
0.000192553
0.000194549
0.000196634
0.000198788
0.000200969
0.000203141
0.000205304
0.000207439
0.000209536
0.000211601
0.000213619
0.000215588
0.000217528
0.000219393
0.000221191
0.000222925
0.000224554
0.000226068
0.000227491
0.000228754
0.000229926
0.000230933
0.000231854
0.000232623
0.00023333
0.000233907
0.000234437
0.000234882
0.000235268
0.000235615
0.000235882
0.000236113
0.000236252
0.000236306
0.000236241
0.00023602
0.000235607
0.000234961
0.000234011
0.000232751
0.000231075
0.000228977
0.000226411
0.000223323
0.000219712
0.000215562
0.000210855
0.000205619
0.000199874
0.000193634
0.000186947
0.000179849
0.000172383
0.000164599
0.000156541
0.000148249
0.000139792
0.000131206
0.000122493
0.000113826
0.000105179
9.65814e-05
8.81645e-05
7.99273e-05
7.19423e-05
6.42634e-05
5.69091e-05
4.99275e-05
4.33374e-05
3.71095e-05
3.13901e-05
2.60539e-05
2.11868e-05
1.68012e-05
1.29253e-05
9.742e-06
7.03844e-06
5.23215e-06
3.97114e-06
3.60341e-06
3.74213e-06
4.68202e-06
6.02455e-06
8.23542e-06
1.00793e-05
1.36694e-05
1.6077e-05
1.82565e-05
2.04118e-05
2.25051e-05
2.40139e-05
2.52771e-05
2.58047e-05
2.60981e-05
2.6326e-05
2.63015e-05
2.60065e-05
2.55133e-05
2.48685e-05
2.40936e-05
2.3209e-05
2.22385e-05
2.12022e-05
2.01151e-05
1.89903e-05
1.78409e-05
1.66801e-05
1.55197e-05
1.43697e-05
1.32393e-05
1.21369e-05
1.10711e-05
1.00491e-05
9.07669e-06
8.15663e-06
7.28829e-06
6.46783e-06
5.68827e-06
4.93965e-06
4.20931e-06
3.48287e-06
2.74545e-06
1.97908e-06
1.17414e-06
2.92177e-07
0.000452294
0.000451935
0.000450587
0.000448529
0.000446098
0.000443455
0.000440684
0.000437868
0.000435076
0.00043236
0.00042974
0.000427225
0.000424839
0.000422572
0.000420405
0.000418352
0.000416408
0.000414562
0.000412803
0.000411128
0.000409533
0.000408013
0.000406566
0.000405191
0.000403884
0.000402647
0.000401477
0.000400373
0.000399334
0.000398353
0.000397423
0.000396525
0.000395649
0.000394685
0.00039376
0.000392709
0.000390918
0.000388228
0.000384613
0.000379958
0.000374285
0.000367461
0.000359889
0.000351822
0.000343343
0.000334584
0.00032566
0.000316654
0.000307728
0.000298952
0.000290414
0.000282149
0.000274173
0.000266526
0.000259194
0.000252169
0.000245443
0.000238986
0.000232826
0.000226889
0.000221386
0.00021617
0.000211114
0.000206629
0.000202688
0.000199246
0.000196284
0.00019397
0.000192211
0.000191026
0.000190426
0.000190261
0.000190597
0.000191305
0.000192334
0.000193662
0.000195194
0.00019689
0.00019872
0.000200637
0.000202601
0.000204604
0.000206618
0.000208626
0.000210631
0.000212612
0.000214563
0.000216505
0.000218387
0.000220218
0.000221998
0.000223685
0.000225259
0.000226752
0.000228074
0.000229306
0.000230352
0.000231304
0.000232077
0.000232776
0.000233317
0.000233795
0.000234164
0.000234456
0.00023469
0.000234822
0.0002349
0.000234863
0.000234718
0.000234431
0.000233961
0.000233274
0.000232329
0.000231061
0.000229463
0.000227443
0.000225001
0.000222105
0.000218714
0.000214838
0.000210474
0.000205619
0.000200311
0.000194577
0.000188439
0.000181943
0.000175128
0.000168034
0.000160704
0.000153179
0.000145496
0.000137714
0.000129786
0.000121899
0.00011405
0.000106235
9.85044e-05
9.09449e-05
8.35673e-05
7.64121e-05
6.9515e-05
6.28843e-05
5.65394e-05
5.04814e-05
4.46815e-05
3.92575e-05
3.41369e-05
2.92332e-05
2.46709e-05
2.05052e-05
1.68083e-05
1.35106e-05
1.09424e-05
8.90091e-06
7.61362e-06
6.86905e-06
6.93633e-06
7.50553e-06
9.07701e-06
1.04354e-05
1.35155e-05
1.56406e-05
1.75521e-05
1.94558e-05
2.13236e-05
2.26085e-05
2.36402e-05
2.40063e-05
2.41955e-05
2.43616e-05
2.43152e-05
2.40304e-05
2.35763e-05
2.29966e-05
2.23056e-05
2.15188e-05
2.06588e-05
1.97434e-05
1.87831e-05
1.77878e-05
1.67694e-05
1.574e-05
1.47096e-05
1.36853e-05
1.26728e-05
1.16785e-05
1.07089e-05
9.77057e-06
8.86878e-06
8.00584e-06
7.18116e-06
6.39163e-06
5.63185e-06
4.89382e-06
4.16715e-06
3.44055e-06
2.70288e-06
1.9388e-06
1.14757e-06
2.54093e-07
0.000451045
0.00045075
0.000449636
0.000447879
0.000445723
0.000443303
0.000440708
0.000438019
0.000435309
0.000432631
0.00043002
0.000427495
0.00042507
0.000422752
0.000420537
0.000418423
0.00041641
0.000414489
0.000412653
0.000410896
0.000409208
0.000407592
0.000406041
0.000404549
0.000403115
0.000401734
0.000400405
0.000399124
0.000397887
0.000396689
0.000395516
0.000394347
0.000393173
0.000391913
0.000390642
0.000389196
0.000387073
0.000384112
0.000380277
0.00037549
0.000369801
0.000363148
0.000355885
0.000348235
0.000340313
0.000332244
0.000324122
0.000316024
0.00030807
0.000300314
0.000292806
0.000285563
0.000278592
0.000271884
0.000265435
0.000259205
0.000253183
0.000247343
0.000241667
0.000236162
0.000230881
0.000225815
0.000220779
0.000216098
0.000211892
0.000208044
0.0002046
0.000201683
0.00019923
0.00019729
0.000195912
0.000194972
0.000194522
0.000194492
0.000194835
0.000195523
0.00019648
0.000197674
0.000199067
0.000200601
0.000202246
0.000203992
0.000205798
0.000207639
0.000209513
0.000211395
0.000213275
0.000215172
0.000217029
0.000218855
0.000220644
0.000222355
0.000223961
0.000225496
0.000226857
0.000228131
0.000229206
0.000230176
0.000230945
0.000231626
0.000232119
0.000232532
0.000232808
0.000232984
0.000233078
0.000233047
0.000232938
0.000232693
0.000232313
0.000231772
0.000231023
0.000230042
0.000228783
0.000227194
0.000225272
0.000222938
0.000220201
0.000217043
0.000213434
0.000209393
0.000204928
0.000200055
0.000194812
0.000189227
0.000183326
0.000177151
0.000170738
0.00016412
0.000157332
0.000150409
0.000143379
0.000136278
0.000129123
0.000122003
0.000114926
0.000107904
0.000100982
9.4209e-05
8.76019e-05
8.1182e-05
7.49671e-05
6.8963e-05
6.31657e-05
5.75725e-05
5.21676e-05
4.6982e-05
4.19807e-05
3.70879e-05
3.2455e-05
2.80601e-05
2.39111e-05
2.00901e-05
1.68724e-05
1.41351e-05
1.19547e-05
1.03263e-05
9.49173e-06
9.23216e-06
1.00536e-05
1.08351e-05
1.32362e-05
1.49885e-05
1.65716e-05
1.81568e-05
1.97244e-05
2.07536e-05
2.15326e-05
2.17565e-05
2.18562e-05
2.19589e-05
2.18982e-05
2.16448e-05
2.12562e-05
2.07668e-05
2.01827e-05
1.95183e-05
1.87976e-05
1.80326e-05
1.72255e-05
1.63848e-05
1.55219e-05
1.46499e-05
1.37778e-05
1.29056e-05
1.20341e-05
1.11671e-05
1.03096e-05
9.46825e-06
8.648e-06
7.85027e-06
7.07431e-06
6.31819e-06
5.57878e-06
4.8504e-06
4.12459e-06
3.39453e-06
2.65478e-06
1.89304e-06
1.11832e-06
2.10495e-07
0.000450423
0.000450155
0.000449146
0.000447531
0.000445508
0.0004432
0.000440693
0.000438069
0.0004354
0.000432741
0.000430132
0.000427594
0.000425145
0.000422792
0.000420536
0.000418375
0.000416306
0.000414322
0.000412418
0.000410585
0.000408815
0.000407105
0.000405449
0.000403841
0.000402275
0.000400747
0.000399252
0.000397784
0.000396337
0.000394914
0.000393491
0.000392034
0.000390545
0.000388976
0.000387352
0.000385517
0.00038308
0.000379885
0.000375883
0.000371028
0.000365385
0.000358956
0.000352042
0.000344847
0.00033751
0.000330144
0.00032282
0.00031561
0.000308587
0.000301791
0.000295241
0.000288932
0.000282864
0.000276997
0.000271331
0.00026581
0.00026042
0.000255142
0.000249926
0.000244826
0.000239777
0.000234884
0.000230031
0.000225377
0.000220994
0.000216837
0.000213073
0.000209731
0.000206722
0.00020415
0.000202109
0.000200464
0.00019926
0.000198495
0.000198134
0.000198131
0.000198436
0.000199034
0.000199905
0.000200949
0.000202155
0.00020353
0.000205027
0.000206601
0.000208245
0.000209939
0.000211667
0.000213443
0.000215207
0.000216967
0.000218707
0.00022039
0.000221979
0.000223512
0.000224876
0.000226158
0.000227235
0.000228203
0.000228954
0.0002296
0.000230037
0.000230371
0.000230542
0.000230591
0.000230529
0.000230321
0.000230007
0.000229537
0.00022891
0.000228106
0.000227077
0.000225806
0.000224249
0.000222368
0.000220164
0.000217581
0.000214637
0.000211322
0.000207612
0.000203526
0.000199091
0.000194343
0.000189307
0.000184002
0.00017846
0.000172716
0.000166796
0.000160727
0.000154534
0.000148245
0.000141883
0.000135476
0.000129052
0.000122654
0.000116298
0.000110006
0.000103809
9.77334e-05
9.17966e-05
8.6011e-05
8.03772e-05
7.49037e-05
6.95667e-05
6.43663e-05
5.92805e-05
5.42986e-05
4.9417e-05
4.45796e-05
3.98661e-05
3.53048e-05
3.08495e-05
2.65821e-05
2.27633e-05
1.93708e-05
1.63845e-05
1.39346e-05
1.22202e-05
1.11015e-05
1.10801e-05
1.12314e-05
1.28057e-05
1.40863e-05
1.52779e-05
1.64837e-05
1.76859e-05
1.84436e-05
1.89751e-05
1.90895e-05
1.91248e-05
1.91729e-05
1.91018e-05
1.8896e-05
1.86164e-05
1.82598e-05
1.78041e-05
1.72821e-05
1.67349e-05
1.61568e-05
1.55269e-05
1.48572e-05
1.41607e-05
1.34579e-05
1.27632e-05
1.20643e-05
1.13534e-05
1.0628e-05
9.89137e-06
9.15409e-06
8.42169e-06
7.69355e-06
6.9683e-06
6.24573e-06
5.52642e-06
4.80838e-06
4.08371e-06
3.3493e-06
2.60695e-06
1.84809e-06
1.08965e-06
1.69988e-07
0.000450371
0.000450105
0.000449103
0.000447496
0.000445479
0.000443175
0.000440669
0.000438044
0.000435371
0.000432704
0.000430083
0.00042753
0.00042506
0.000422682
0.000420397
0.000418201
0.000416089
0.000414057
0.000412096
0.000410198
0.000408354
0.000406559
0.000404805
0.000403085
0.000401392
0.000399719
0.000398059
0.000396403
0.000394736
0.000393092
0.000391432
0.00038968
0.000387866
0.000385982
0.000384005
0.000381792
0.000379056
0.000375652
0.00037152
0.000366641
0.000361088
0.000354917
0.000348375
0.000341658
0.000334922
0.000328261
0.000321723
0.00031537
0.000309226
0.000303322
0.000297646
0.000292177
0.000286906
0.000281777
0.000276792
0.000271889
0.000267052
0.000262273
0.000257477
0.000252758
0.000247987
0.000243306
0.00023863
0.000234034
0.000229619
0.000225389
0.000221429
0.000217739
0.000214279
0.000211237
0.00020868
0.000206436
0.000204548
0.000203101
0.000202077
0.000201386
0.000201008
0.000200945
0.000201189
0.000201722
0.000202381
0.000203273
0.000204358
0.000205568
0.000206873
0.00020827
0.000209741
0.000211291
0.000212871
0.000214482
0.000216094
0.000217672
0.000219174
0.000220636
0.000221949
0.000223185
0.000224226
0.000225154
0.000225866
0.000226456
0.000226825
0.000227072
0.000227136
0.000227056
0.000226839
0.000226457
0.000225942
0.000225256
0.000224394
0.000223349
0.000222077
0.000220561
0.000218758
0.000216647
0.000214233
0.000211491
0.000208445
0.000205098
0.000201432
0.000197449
0.000193188
0.000188709
0.00018401
0.000179091
0.000174002
0.000168765
0.000163393
0.000157906
0.000152325
0.000146668
0.000140955
0.00013521
0.000129451
0.000123716
0.00011801
0.000112364
0.000106797
0.000101322
9.59546e-05
9.07039e-05
8.55543e-05
8.05217e-05
7.55638e-05
7.06882e-05
6.58614e-05
6.10612e-05
5.62961e-05
5.15085e-05
4.67285e-05
4.20143e-05
3.73358e-05
3.28084e-05
2.84926e-05
2.4466e-05
2.07266e-05
1.75343e-05
1.49824e-05
1.29927e-05
1.20279e-05
1.16331e-05
1.22406e-05
1.2928e-05
1.36593e-05
1.44381e-05
1.52261e-05
1.57044e-05
1.60253e-05
1.60886e-05
1.61145e-05
1.61595e-05
1.60666e-05
1.5861e-05
1.57251e-05
1.55759e-05
1.52783e-05
1.49099e-05
1.45488e-05
1.41725e-05
1.37437e-05
1.32756e-05
1.27855e-05
1.22813e-05
1.17655e-05
1.12322e-05
1.0681e-05
1.00985e-05
9.47848e-06
8.84221e-06
8.19673e-06
7.53815e-06
6.86383e-06
6.17453e-06
5.47154e-06
4.75352e-06
4.0274e-06
3.29797e-06
2.56064e-06
1.80998e-06
1.06391e-06
1.38228e-07
0.000450891
0.000450602
0.000449509
0.000447778
0.000445641
0.000443234
0.000440642
0.000437948
0.000435224
0.000432521
0.000429873
0.000427301
0.000424815
0.000422422
0.00042012
0.0004179
0.00041576
0.000413695
0.000411692
0.000409742
0.000407836
0.000405967
0.000404125
0.000402303
0.000400493
0.000398684
0.00039687
0.00039504
0.000393185
0.0003913
0.000389361
0.00038734
0.000385236
0.000383039
0.000380707
0.000378126
0.000375101
0.000371499
0.000367258
0.000362382
0.000356943
0.000351045
0.000344895
0.000338666
0.000332534
0.000326574
0.0003208
0.000315263
0.000309939
0.000304851
0.000299957
0.000295227
0.000290646
0.000286149
0.000281744
0.000277367
0.000273002
0.000268655
0.000264232
0.000259858
0.000255368
0.000250918
0.000246435
0.000241974
0.00023761
0.000233347
0.000229251
0.000225344
0.000221672
0.000218317
0.000215288
0.000212543
0.000210061
0.00020804
0.000206437
0.000205111
0.000204072
0.000203334
0.00020293
0.000202898
0.000203
0.000203305
0.000203865
0.000204616
0.000205484
0.000206478
0.000207578
0.000208779
0.00021006
0.000211427
0.000212819
0.000214198
0.000215521
0.000216821
0.000218008
0.000219129
0.000220081
0.000220922
0.000221562
0.000222069
0.000222361
0.000222515
0.000222477
0.000222282
0.000221929
0.0002214
0.000220713
0.000219841
0.00021878
0.000217534
0.000216074
0.000214393
0.000212449
0.00021024
0.000207774
0.000205048
0.00020205
0.000198763
0.000195214
0.00019145
0.000187502
0.000183394
0.000179122
0.000174676
0.000170091
0.000165388
0.000160576
0.000155668
0.000150676
0.000145616
0.000140503
0.000135357
0.000130189
0.000125039
0.000119899
0.000114807
0.000109773
0.000104804
9.99081e-05
9.50995e-05
9.03454e-05
8.56732e-05
8.10223e-05
7.6413e-05
7.17976e-05
6.71576e-05
6.24978e-05
5.7765e-05
5.29655e-05
4.81747e-05
4.33121e-05
3.8533e-05
3.37661e-05
2.92479e-05
2.49433e-05
2.10652e-05
1.76242e-05
1.47713e-05
1.28457e-05
1.18377e-05
1.14923e-05
1.15173e-05
1.17424e-05
1.20863e-05
1.24227e-05
1.25727e-05
1.27245e-05
1.28234e-05
1.28496e-05
1.28852e-05
1.29045e-05
1.28809e-05
1.28719e-05
1.28499e-05
1.27209e-05
1.25333e-05
1.23929e-05
1.22422e-05
1.20185e-05
1.17507e-05
1.14599e-05
1.1146e-05
1.08051e-05
1.04321e-05
1.00248e-05
9.57919e-06
9.08326e-06
8.55158e-06
7.98956e-06
7.39399e-06
6.76474e-06
6.10521e-06
5.41959e-06
4.71213e-06
3.99004e-06
3.25933e-06
2.5242e-06
1.78399e-06
1.07042e-06
1.46484e-07
0.000452038
0.000451692
0.000450388
0.000448377
0.000445981
0.000443357
0.000440589
0.00043776
0.000434943
0.00043218
0.000429498
0.000426906
0.000424406
0.000422016
0.000419715
0.000417482
0.00041533
0.000413248
0.000411221
0.000409234
0.000407281
0.000405352
0.000403437
0.000401528
0.000399613
0.000397683
0.000395728
0.000393736
0.000391695
0.000389592
0.000387409
0.000385134
0.000382743
0.000380234
0.000377554
0.000374617
0.000371304
0.0003675
0.000363152
0.000358287
0.000352967
0.000347331
0.000341575
0.000335873
0.000330341
0.000325066
0.000320026
0.000315256
0.000310682
0.000306323
0.000302111
0.000298014
0.000294013
0.000290044
0.000286118
0.000282177
0.000278208
0.000274224
0.000270127
0.000266057
0.000261829
0.000257613
0.000253327
0.000249028
0.000244759
0.000240533
0.000236411
0.000232414
0.000228589
0.000224976
0.000221587
0.000218475
0.000215627
0.000213127
0.000210944
0.000209058
0.000207407
0.000206008
0.000205032
0.000204394
0.000203968
0.000203703
0.000203663
0.000203816
0.000204156
0.000204677
0.000205316
0.000206044
0.000206927
0.00020796
0.000209052
0.000210139
0.000211181
0.000212214
0.000213185
0.000214107
0.000214904
0.000215599
0.000216126
0.000216518
0.00021672
0.00021678
0.00021666
0.000216377
0.000215925
0.000215299
0.000214516
0.000213569
0.000212437
0.000211096
0.000209486
0.000207623
0.000205573
0.000203405
0.000201061
0.000198462
0.000195599
0.000192498
0.00018924
0.000185875
0.000182368
0.000178684
0.00017484
0.00017087
0.000166796
0.000162619
0.000158343
0.000153973
0.000149519
0.000144993
0.000140408
0.000135783
0.00013112
0.000126469
0.000121805
0.000117176
0.00011258
0.000108027
0.000103514
9.90633e-05
9.46259e-05
9.02439e-05
8.58381e-05
8.14459e-05
7.70023e-05
7.25029e-05
6.79374e-05
6.32677e-05
5.84716e-05
5.36419e-05
4.86441e-05
4.36814e-05
3.86019e-05
3.36823e-05
2.88097e-05
2.42295e-05
2.00438e-05
1.64686e-05
1.35745e-05
1.16832e-05
1.03991e-05
9.78543e-06
9.52722e-06
9.41104e-06
9.34489e-06
9.32521e-06
9.34124e-06
9.42496e-06
9.50859e-06
9.63368e-06
9.81204e-06
9.96344e-06
1.01081e-05
1.02415e-05
1.03285e-05
1.03801e-05
1.04306e-05
1.04564e-05
1.04304e-05
1.0362e-05
1.02598e-05
1.0121e-05
9.94078e-06
9.71344e-06
9.4369e-06
9.11921e-06
8.72482e-06
8.27876e-06
7.78774e-06
7.24638e-06
6.65653e-06
6.02422e-06
5.35628e-06
4.66017e-06
3.94501e-06
3.2198e-06
2.49445e-06
1.77212e-06
1.08673e-06
1.76794e-07
0.00045394
0.00045348
0.000451779
0.000449281
0.000446461
0.000443498
0.000440463
0.000437441
0.000434493
0.000431654
0.000428952
0.000426353
0.000423836
0.000421476
0.00041921
0.000416977
0.000414827
0.000412748
0.000410713
0.000408707
0.000406723
0.000404751
0.00040278
0.000400799
0.000398799
0.000396766
0.00039469
0.000392556
0.00039035
0.000388056
0.000385657
0.000383137
0.000380471
0.000377669
0.000374651
0.000371365
0.000367754
0.000363728
0.000359257
0.000354394
0.00034919
0.000343825
0.000338418
0.000333227
0.000328333
0.000323732
0.000319381
0.000315315
0.00031141
0.000307682
0.000304045
0.000300471
0.000296941
0.000293398
0.000289855
0.000286267
0.000282617
0.000278935
0.000275113
0.000271306
0.000267317
0.000263322
0.00025923
0.000255104
0.00025096
0.000246819
0.000242729
0.000238711
0.0002348
0.000231041
0.000227438
0.00022407
0.000220898
0.000217984
0.000215331
0.000212931
0.000210798
0.00020895
0.000207411
0.000206118
0.000205087
0.000204288
0.000203685
0.000203211
0.000202942
0.000202903
0.000203063
0.000203393
0.000203852
0.000204383
0.000205003
0.000205681
0.00020638
0.000207086
0.000207776
0.00020843
0.000209013
0.000209516
0.000209905
0.000210145
0.000210236
0.000210198
0.000210017
0.000209683
0.000209177
0.000208501
0.000207668
0.000206677
0.000205514
0.000204155
0.000202566
0.000200751
0.000198789
0.000196738
0.000194575
0.000192198
0.000189586
0.000186796
0.000183897
0.000180903
0.000177793
0.000174556
0.000171192
0.000167716
0.000164134
0.000160442
0.000156643
0.000152744
0.00014875
0.000144677
0.000140534
0.000136342
0.000132096
0.000127855
0.000123577
0.000119324
0.000115079
0.00011086
0.00010665
0.000102484
9.82947e-05
9.41429e-05
8.99299e-05
8.57139e-05
8.14086e-05
7.7034e-05
7.25539e-05
6.79549e-05
6.31798e-05
5.83443e-05
5.32651e-05
4.81805e-05
4.28689e-05
3.76225e-05
3.22841e-05
2.71412e-05
2.22477e-05
1.78404e-05
1.38982e-05
1.1233e-05
9.20079e-06
7.90205e-06
7.05138e-06
6.50044e-06
6.09678e-06
5.96e-06
5.93839e-06
6.09385e-06
6.33367e-06
6.61192e-06
6.94234e-06
7.28515e-06
7.62532e-06
7.95188e-06
8.24727e-06
8.50814e-06
8.74164e-06
8.94035e-06
9.09235e-06
9.19652e-06
9.25388e-06
9.26131e-06
9.21509e-06
9.10784e-06
8.94668e-06
8.71443e-06
8.40423e-06
8.02542e-06
7.59062e-06
7.093e-06
6.53601e-06
5.92793e-06
5.27776e-06
4.5956e-06
3.89274e-06
3.18092e-06
2.4716e-06
1.77326e-06
1.11649e-06
2.30157e-07
0.000456851
0.000456154
0.000453736
0.000450445
0.000447008
0.000443572
0.000440176
0.000436935
0.000433846
0.000430903
0.000428226
0.00042569
0.000423187
0.000420837
0.000418603
0.000416428
0.000414312
0.000412249
0.000410219
0.00040821
0.000406212
0.000404213
0.000402203
0.000400171
0.000398105
0.000395992
0.000393818
0.000391568
0.000389226
0.000386772
0.000384187
0.000381449
0.000378533
0.000375455
0.000372112
0.000368484
0.000364554
0.000360263
0.000355633
0.000350746
0.000345638
0.000340518
0.00033546
0.00033078
0.000326518
0.000322565
0.000318851
0.000315411
0.000312078
0.000308872
0.000305694
0.000302534
0.000299367
0.000296155
0.000292907
0.000289595
0.000286199
0.000282761
0.000279169
0.000275583
0.000271805
0.000268013
0.000264103
0.000260149
0.000256141
0.000252114
0.000248091
0.000244104
0.000240167
0.000236341
0.000232608
0.000229058
0.000225646
0.00022244
0.000219449
0.000216669
0.000214133
0.000211826
0.000209766
0.000207936
0.000206346
0.000204968
0.000203802
0.00020284
0.000202092
0.000201551
0.000201185
0.000200959
0.000200871
0.0002009
0.000201056
0.000201292
0.000201589
0.000201906
0.000202257
0.000202588
0.000202905
0.000203159
0.00020335
0.000203436
0.000203436
0.000203316
0.000203087
0.00020272
0.000202216
0.000201565
0.000200774
0.000199823
0.000198702
0.000197386
0.000195915
0.00019428
0.000192524
0.000190654
0.000188666
0.000186538
0.000184266
0.000181869
0.000179376
0.000176785
0.000174079
0.000171261
0.000168321
0.000165263
0.000162089
0.000158795
0.000155386
0.000151866
0.000148244
0.000144532
0.00014074
0.000136892
0.000132975
0.000129058
0.000125083
0.000121126
0.000117152
0.000113194
0.000109215
0.00010527
0.000101271
9.72999e-05
9.32365e-05
8.91643e-05
8.49746e-05
8.07076e-05
7.63056e-05
7.17852e-05
6.70478e-05
6.22378e-05
5.71252e-05
5.19745e-05
4.6504e-05
4.10185e-05
3.53076e-05
2.96736e-05
2.41133e-05
1.89338e-05
1.39965e-05
1.05491e-05
7.70749e-06
5.7272e-06
4.35499e-06
3.45435e-06
2.80565e-06
2.6509e-06
2.7178e-06
3.03905e-06
3.47941e-06
3.95597e-06
4.4836e-06
5.03543e-06
5.57912e-06
6.09712e-06
6.5779e-06
7.01609e-06
7.41148e-06
7.7599e-06
8.05486e-06
8.29307e-06
8.47257e-06
8.59022e-06
8.64597e-06
8.63015e-06
8.54345e-06
8.36359e-06
8.11921e-06
7.79762e-06
7.40038e-06
6.93299e-06
6.40158e-06
5.8147e-06
5.18287e-06
4.51803e-06
3.83293e-06
3.14106e-06
2.45527e-06
1.78504e-06
1.1603e-06
2.99483e-07
0.000461231
0.000460044
0.000456322
0.000451766
0.000447493
0.000443462
0.000439562
0.000436143
0.000433048
0.000430077
0.000427381
0.000424876
0.000422479
0.000420201
0.000418023
0.000415907
0.000413838
0.000411805
0.000409797
0.000407798
0.000405799
0.00040379
0.000401759
0.000399694
0.000397584
0.000395415
0.000393172
0.000390838
0.000388393
0.000385816
0.000383082
0.000380167
0.000377039
0.000373711
0.000370064
0.000366103
0.000361821
0.000357204
0.000352357
0.000347404
0.000342359
0.000337456
0.00033273
0.000328571
0.000324925
0.000321576
0.000318425
0.00031551
0.000312635
0.000309834
0.000307001
0.000304148
0.000301247
0.00029828
0.000295251
0.000292149
0.000288949
0.000285702
0.000282297
0.000278893
0.000275296
0.000271683
0.000267937
0.000264147
0.000260275
0.000256374
0.000252437
0.000248514
0.000244596
0.000240754
0.000236955
0.000233295
0.000229726
0.000226318
0.000223078
0.000220006
0.00021714
0.000214463
0.000212003
0.000209745
0.000207709
0.000205874
0.000204243
0.000202811
0.000201566
0.000200506
0.000199623
0.000198886
0.000198316
0.000197866
0.000197553
0.00019733
0.000197216
0.000197145
0.000197157
0.000197173
0.000197231
0.00019725
0.000197264
0.000197208
0.000197114
0.000196914
0.000196646
0.00019626
0.000195769
0.00019515
0.000194414
0.000193532
0.000192529
0.000191367
0.000190094
0.000188681
0.000187169
0.000185546
0.000183821
0.000181989
0.000180049
0.000178
0.000175855
0.000173606
0.000171239
0.00016876
0.000166151
0.000163416
0.000160554
0.000157562
0.000154446
0.000151211
0.000147866
0.000144425
0.000140895
0.000137305
0.000133634
0.000129961
0.000126211
0.000122478
0.000118704
0.000114942
0.000111136
0.000107357
0.000103501
9.96681e-05
9.57195e-05
9.17645e-05
8.76656e-05
8.35013e-05
7.91724e-05
7.4738e-05
7.00535e-05
6.5296e-05
6.01924e-05
5.50282e-05
4.94722e-05
4.38355e-05
3.78471e-05
3.18054e-05
2.56557e-05
1.97413e-05
1.37936e-05
9.54327e-06
5.96324e-06
3.37157e-06
1.5648e-06
4.1513e-07
-3.55676e-07
-4.0414e-07
-1.27088e-07
4.30183e-07
1.10851e-06
1.81635e-06
2.56155e-06
3.31646e-06
4.04496e-06
4.7296e-06
5.36292e-06
5.94099e-06
6.46267e-06
6.92377e-06
7.32128e-06
7.65285e-06
7.91597e-06
8.10755e-06
8.22517e-06
8.26674e-06
8.21871e-06
8.08372e-06
7.87558e-06
7.58803e-06
7.21421e-06
6.76706e-06
6.25489e-06
5.68647e-06
5.07322e-06
4.42817e-06
3.76498e-06
3.09771e-06
2.44053e-06
1.80273e-06
1.21349e-06
3.72325e-07
0.000467814
0.000465401
0.000459336
0.000452964
0.000447661
0.000443073
0.000438796
0.000435186
0.000432044
0.000429158
0.000426532
0.000424112
0.000421825
0.000419639
0.000417533
0.000415481
0.000413465
0.000411473
0.000409493
0.000407515
0.000405527
0.00040352
0.000401483
0.000399405
0.000397273
0.000395074
0.000392791
0.000390406
0.000387897
0.00038524
0.000382407
0.000379365
0.000376076
0.000372543
0.000368631
0.000364362
0.000359694
0.000354676
0.000349538
0.000344465
0.000339446
0.000334727
0.000330311
0.000326666
0.000323596
0.000320774
0.000318084
0.000315571
0.000313032
0.000310516
0.000307921
0.000305282
0.000302563
0.000299771
0.000296897
0.000293951
0.000290898
0.000287795
0.00028454
0.000281281
0.000277836
0.000274373
0.000270769
0.000267126
0.000263379
0.000259602
0.000255757
0.000251916
0.000248041
0.00024422
0.000240402
0.000236688
0.000233027
0.00022949
0.000226082
0.000222803
0.000219698
0.000216748
0.000213989
0.0002114
0.000209013
0.000206807
0.000204789
0.000202958
0.000201304
0.000199826
0.000198527
0.00019737
0.000196391
0.000195529
0.000194822
0.00019421
0.000193737
0.000193319
0.000193021
0.000192744
0.000192554
0.000192355
0.000192205
0.00019201
0.00019183
0.000191569
0.000191286
0.000190906
0.000190462
0.000189908
0.000189269
0.000188501
0.00018765
0.000186657
0.000185584
0.000184383
0.000183102
0.000181715
0.000180238
0.000178662
0.000176989
0.000175208
0.000173324
0.000171329
0.000169206
0.000166964
0.000164582
0.000162065
0.000159412
0.000156622
0.000153702
0.000150658
0.000147499
0.000144242
0.000140891
0.00013748
0.000133979
0.000130476
0.000126884
0.00012331
0.000119674
0.000116055
0.000112369
0.000108714
0.00010496
0.000101235
9.73743e-05
9.35167e-05
8.94937e-05
8.54248e-05
8.11652e-05
7.68223e-05
7.22031e-05
6.75196e-05
6.24608e-05
5.73301e-05
5.1758e-05
4.60557e-05
3.98949e-05
3.35516e-05
2.6909e-05
2.03012e-05
1.33397e-05
8.30297e-06
4.0874e-06
9.72331e-07
-1.16416e-06
-2.43899e-06
-3.18675e-06
-3.01361e-06
-2.43803e-06
-1.6078e-06
-6.8093e-07
2.57317e-07
1.20426e-06
2.13257e-06
3.01038e-06
3.82408e-06
4.57029e-06
5.24746e-06
5.85699e-06
6.39257e-06
6.85497e-06
7.24286e-06
7.55406e-06
7.78715e-06
7.93526e-06
8.00188e-06
7.97928e-06
7.86795e-06
7.67279e-06
7.39444e-06
7.03418e-06
6.60045e-06
6.10196e-06
5.54875e-06
4.95295e-06
4.32803e-06
3.68806e-06
3.0471e-06
2.41899e-06
1.81707e-06
1.26576e-06
4.3521e-07
0.000478534
0.000471879
0.000461794
0.0004539
0.000447515
0.000442258
0.000437817
0.000434136
0.000431028
0.00042828
0.000425788
0.000423484
0.000421305
0.000419212
0.000417181
0.00041519
0.000413226
0.000411274
0.000409326
0.000407372
0.000405403
0.000403411
0.000401383
0.000399309
0.000397177
0.000394973
0.00039268
0.00039028
0.000387748
0.00038506
0.000382183
0.00037908
0.000375703
0.000372036
0.000367934
0.000363415
0.000358345
0.000352846
0.000347341
0.000342085
0.000337043
0.000332452
0.000328292
0.000325111
0.000322532
0.000320125
0.000317774
0.000315536
0.000313217
0.000310885
0.000308441
0.000305941
0.000303341
0.000300668
0.000297901
0.000295066
0.000292123
0.000289129
0.00028599
0.000282842
0.000279521
0.000276181
0.000272695
0.000269177
0.000265537
0.000261874
0.000258115
0.000254358
0.000250537
0.000246756
0.000242948
0.000239218
0.000235515
0.000231904
0.000228393
0.000224983
0.000221721
0.000218584
0.000215618
0.000212798
0.00021016
0.000207688
0.00020539
0.000203269
0.000201318
0.000199536
0.000197929
0.000196463
0.000195178
0.00019401
0.000193011
0.000192108
0.000191365
0.000190688
0.000190154
0.000189661
0.000189285
0.000188924
0.00018865
0.000188353
0.000188106
0.000187805
0.000187517
0.000187151
0.000186755
0.000186263
0.000185718
0.000185056
0.000184336
0.000183487
0.000182576
0.000181543
0.00018044
0.000179228
0.000177931
0.00017653
0.000175031
0.000173418
0.000171692
0.000169846
0.000167862
0.000165751
0.000163491
0.000161091
0.000158549
0.000155866
0.000153052
0.000150112
0.000147057
0.000143906
0.000140658
0.000137354
0.000133954
0.000130558
0.000127062
0.000123592
0.000120044
0.000116522
0.000112918
0.000109352
0.000105674
0.000102032
9.82428e-05
9.4471e-05
9.05137e-05
8.65341e-05
8.23407e-05
7.80924e-05
7.35479e-05
6.89542e-05
6.39695e-05
5.89116e-05
5.33862e-05
4.77016e-05
4.14842e-05
3.49736e-05
2.79731e-05
2.07371e-05
1.27668e-05
6.96919e-06
2.22583e-06
-1.30937e-06
-3.66478e-06
-4.95494e-06
-5.55885e-06
-5.09638e-06
-4.18499e-06
-3.08154e-06
-1.92627e-06
-7.86688e-07
3.26758e-07
1.38723e-06
2.37807e-06
3.28507e-06
4.10934e-06
4.85265e-06
5.51565e-06
6.0969e-06
6.59635e-06
7.01344e-06
7.34727e-06
7.59612e-06
7.75681e-06
7.82957e-06
7.81179e-06
7.70361e-06
7.5086e-06
7.2303e-06
6.87296e-06
6.44396e-06
5.9526e-06
5.40975e-06
4.82778e-06
4.22013e-06
3.60067e-06
2.98329e-06
2.382e-06
1.81448e-06
1.29992e-06
4.75473e-07
0.00050295
0.000481117
0.000463733
0.000453852
0.000446765
0.000440967
0.000436465
0.000432946
0.00043003
0.000427471
0.000425143
0.00042297
0.0004209
0.000418896
0.000416938
0.000415008
0.000413093
0.000411184
0.000409272
0.000407348
0.000405404
0.000403438
0.000401435
0.000399385
0.000397275
0.000395093
0.000392822
0.000390443
0.000387934
0.000385267
0.000382411
0.000379324
0.000375955
0.000372266
0.000368114
0.000363491
0.000358075
0.000352032
0.00034606
0.000340508
0.00033532
0.000330697
0.000326643
0.000323803
0.000321603
0.00031951
0.0003174
0.000315342
0.000313161
0.000310943
0.000308591
0.000306182
0.000303657
0.000301068
0.000298375
0.000295624
0.000292758
0.000289854
0.000286811
0.000283752
0.000280533
0.000277296
0.000273908
0.000270498
0.000266949
0.000263388
0.000259706
0.000256031
0.000252266
0.000248533
0.000244752
0.000241029
0.000237314
0.000233669
0.000230101
0.000226615
0.000223256
0.00022
0.000216903
0.000213932
0.000211131
0.000208483
0.000206002
0.000203691
0.000201545
0.000199565
0.00019776
0.000196096
0.000194618
0.000193257
0.00019208
0.000191
0.000190094
0.000189265
0.00018859
0.000187969
0.000187483
0.000187036
0.000186682
0.000186332
0.000186046
0.000185727
0.000185437
0.000185081
0.000184717
0.000184267
0.000183784
0.00018319
0.000182553
0.000181793
0.00018098
0.000180045
0.000179043
0.000177925
0.000176722
0.000175405
0.000173984
0.000172442
0.000170775
0.000168981
0.00016704
0.000164965
0.000162735
0.000160362
0.000157844
0.000155183
0.000152393
0.000149479
0.000146453
0.000143335
0.000140122
0.000136862
0.000133507
0.000130163
0.000126716
0.00012331
0.000119813
0.00011636
0.000112812
0.000109317
0.0001057
0.000102134
9.84095e-05
9.47257e-05
9.08323e-05
8.69407e-05
8.28135e-05
7.86647e-05
7.42038e-05
6.97163e-05
6.48302e-05
5.98815e-05
5.44586e-05
4.88739e-05
4.27235e-05
3.62186e-05
2.90715e-05
2.13334e-05
1.23365e-05
5.76028e-06
5.34191e-07
-3.37544e-06
-5.89979e-06
-7.17663e-06
-7.59335e-06
-6.8169e-06
-5.55069e-06
-4.183e-06
-2.81175e-06
-1.48533e-06
-2.27218e-07
9.41941e-07
2.01577e-06
2.99194e-06
3.87273e-06
4.66064e-06
5.35942e-06
5.96897e-06
6.48925e-06
6.92058e-06
7.26238e-06
7.51361e-06
7.67286e-06
7.73977e-06
7.71396e-06
7.59683e-06
7.39222e-06
7.10485e-06
6.74054e-06
6.3073e-06
5.81511e-06
5.27543e-06
4.70092e-06
4.10466e-06
3.49844e-06
2.89691e-06
2.31533e-06
1.77634e-06
1.28987e-06
4.80011e-07
0.000556567
0.000499819
0.000468359
0.000454197
0.000445445
0.000439305
0.000435007
0.000431785
0.000429126
0.000426778
0.000424616
0.000422571
0.000420601
0.000418678
0.000416785
0.000414909
0.000413041
0.000411173
0.0004093
0.000407414
0.00040551
0.000403573
0.000401599
0.000399581
0.000397506
0.000395361
0.000393131
0.000390797
0.000388338
0.000385729
0.000382938
0.000379925
0.000376638
0.000373022
0.000368949
0.000364394
0.000358807
0.000352333
0.000345814
0.000339855
0.000334379
0.000329551
0.000325409
0.000322741
0.000320779
0.000318905
0.000316961
0.00031502
0.000312921
0.000310776
0.000308479
0.000306131
0.000303656
0.000301129
0.00029849
0.000295805
0.000293003
0.000290179
0.000287213
0.000284233
0.000281096
0.00027795
0.000274643
0.000271331
0.00026786
0.000264394
0.000260783
0.00025719
0.000253483
0.00024981
0.000246068
0.000242374
0.000238673
0.000235027
0.000231441
0.000227921
0.000224515
0.000221195
0.000218024
0.000214964
0.000212065
0.000209311
0.000206716
0.000204286
0.000202019
0.000199917
0.000197989
0.000196206
0.000194614
0.00019314
0.000191863
0.000190687
0.000189697
0.000188796
0.000188056
0.000187392
0.000186856
0.000186363
0.000185976
0.000185599
0.000185296
0.000184965
0.000184668
0.000184314
0.000183964
0.000183522
0.00018306
0.000182485
0.000181876
0.00018114
0.000180357
0.000179445
0.000178469
0.000177368
0.000176181
0.000174869
0.000173448
0.000171896
0.00017021
0.000168388
0.000166412
0.000164296
0.000162021
0.000159604
0.000157042
0.000154343
0.00015152
0.000148578
0.000145534
0.000142408
0.000139193
0.000135944
0.000132604
0.000129289
0.000125872
0.000122513
0.000119053
0.00011566
0.000112161
0.000108731
0.00010517
0.000101673
9.80073e-05
9.43915e-05
9.05692e-05
8.68025e-05
8.27512e-05
7.8729e-05
7.43513e-05
6.99861e-05
6.51987e-05
6.03803e-05
5.50753e-05
4.96395e-05
4.36255e-05
3.72554e-05
3.01549e-05
2.21684e-05
1.22554e-05
4.98013e-06
-6.7086e-07
-4.92199e-06
-7.60006e-06
-8.88724e-06
-9.15727e-06
-8.09785e-06
-6.5208e-06
-4.91966e-06
-3.36335e-06
-1.88925e-06
-5.23708e-07
7.25399e-07
1.85457e-06
2.87689e-06
3.79668e-06
4.61723e-06
5.33361e-06
5.95598e-06
6.48491e-06
6.92e-06
7.26092e-06
7.50707e-06
7.65776e-06
7.71306e-06
7.67373e-06
7.5422e-06
7.32271e-06
7.0207e-06
6.64299e-06
6.19832e-06
5.69717e-06
5.15116e-06
4.57283e-06
3.97606e-06
3.377e-06
2.78723e-06
2.21942e-06
1.70157e-06
1.24063e-06
4.58368e-07
)
;

boundaryField
{
    inlet
    {
        type            zeroGradient;
    }
    outlet
    {
        type            fixedValue;
        value           uniform 0;
    }
    walls
    {
        type            zeroGradient;
    }
    frontAndBack
    {
        type            empty;
    }
}


// ************************************************************************* //
