/*--------------------------------*- C++ -*----------------------------------*\
| =========                 |                                                 |
| \\      /  F ield         | OpenFOAM: The Open Source CFD Toolbox           |
|  \\    /   O peration     | Version:  2506                                  |
|   \\  /    A nd           | Website:  www.openfoam.com                      |
|    \\/     M anipulation  |                                                 |
\*---------------------------------------------------------------------------*/
FoamFile
{
    version     2.0;
    format      ascii;
    arch        "LSB;label=32;scalar=64";
    class       volScalarField;
    location    "2.1";
    object      s;
}
// * * * * * * * * * * * * * * * * * * * * * * * * * * * * * * * * * * * * * //

dimensions      [0 0 0 0 0 0 0];

internalField   nonuniform List<scalar> 
4000
(
6.24592e-18
-2.27695e-17
3.37223e-17
1.17462e-16
-1.37512e-14
-1.50903e-12
-8.45309e-12
4.94748e-10
1.88062e-08
4.23615e-07
5.70099e-06
5.66037e-05
0.000677052
0.00478813
0.0260033
0.0889735
0.184297
0.243999
0.247108
0.231999
0.191916
0.115137
0.0428446
0.0062108
0.00196152
0.00177005
0.00150152
0.00119546
0.000935225
0.00078627
0.000827827
0.00116415
0.0018654
0.00281877
0.00315275
0.00240397
0.00171147
0.00145027
0.00212306
0.00441557
0.00993908
0.0185153
0.025975
0.0310303
0.0340621
0.03591
0.0371859
0.0373176
0.0371255
0.0363559
0.0347728
0.0329101
0.0296524
0.0262248
0.0214964
0.0168957
0.0127848
0.00932545
0.00656189
0.00443016
0.00285611
0.00175015
0.00101545
0.000557952
0.000291308
0.000145284
7.00651e-05
3.32586e-05
1.59533e-05
7.80356e-06
3.86637e-06
1.90643e-06
9.17023e-07
4.25786e-07
1.89822e-07
8.11971e-08
3.34087e-08
1.32392e-08
5.05411e-09
1.86264e-09
6.64042e-10
2.29433e-10
7.70185e-11
2.51555e-11
7.98349e-12
2.45135e-12
7.17825e-13
1.90381e-13
4.31883e-14
6.47858e-15
-1.00135e-15
-1.38793e-15
-8.14759e-16
-4.41767e-16
-2.10303e-16
-1.76369e-16
-1.02414e-16
-4.98259e-17
-2.68585e-17
2.49629e-17
1.06104e-16
8.49009e-16
3.64103e-15
1.63773e-14
8.71427e-14
2.53443e-13
7.34053e-13
1.19764e-12
1.69233e-12
1.99334e-12
1.12717e-12
3.41594e-12
1.25161e-11
1.88066e-11
9.58023e-12
-6.26611e-11
-8.18703e-11
-1.1546e-11
1.43442e-10
3.5034e-10
4.54625e-10
4.7961e-10
4.75337e-10
4.70576e-10
4.75615e-10
4.87868e-10
5.0223e-10
5.04883e-10
4.97578e-10
4.92875e-10
4.43576e-10
4.10909e-10
4.06472e-10
3.54537e-10
3.32695e-10
3.49107e-10
2.80637e-10
2.84046e-10
2.44484e-10
2.19643e-10
1.836e-10
1.32945e-10
7.7185e-11
3.7021e-11
1.56369e-11
6.37725e-12
2.51931e-12
9.31559e-13
3.13238e-13
8.89448e-14
1.61405e-14
-2.4114e-15
-4.67888e-15
-3.19385e-15
-1.6977e-15
-7.958e-16
-3.3914e-16
-1.30299e-16
-4.16513e-17
-1.11182e-17
3.52315e-15
6.01786e-15
5.45176e-15
4.44945e-15
4.62683e-15
3.13667e-15
4.45354e-15
1.48012e-14
2.8054e-14
3.77266e-14
4.47521e-14
5.47913e-14
6.17788e-14
6.75162e-14
5.99177e-14
4.73225e-14
3.33443e-14
2.07225e-14
1.12981e-14
5.42311e-15
2.31687e-15
8.93534e-16
3.1059e-16
9.55461e-17
2.54313e-17
4.99472e-18
-6.45107e-19
-4.03432e-19
-1.0555e-19
-2.50016e-20
1.23944e-20
7.73731e-20
1.77816e-19
1.36667e-19
8.29525e-20
4.71512e-20
2.4501e-20
1.33554e-20
8.0532e-21
2.92738e-21
5.94064e-19
7.42132e-18
-6.46286e-17
2.25746e-16
-7.111e-16
-5.42648e-14
-3.84492e-12
7.77733e-12
3.9936e-10
9.96756e-09
1.84362e-07
1.5155e-06
2.24959e-05
0.000171002
0.000767838
0.00225383
0.00492744
0.00862186
0.0126516
0.0165112
0.0196916
0.0219725
0.0240163
0.0255471
0.0273794
0.0301634
0.0343011
0.0407721
0.0519187
0.0715576
0.102481
0.145429
0.193032
0.203047
0.193801
0.170018
0.129108
0.0883509
0.0692042
0.0710769
0.0847506
0.102721
0.113857
0.119854
0.124555
0.128151
0.131035
0.133771
0.136356
0.138988
0.141797
0.144629
0.147696
0.15067
0.153412
0.155324
0.155983
0.155208
0.153547
0.14947
0.143688
0.134269
0.120351
0.104157
0.0854008
0.0645351
0.0419095
0.0237798
0.0139909
0.00854045
0.00518415
0.00304496
0.00171068
0.000904427
0.000448539
0.000210967
9.48269e-05
4.08581e-05
1.68888e-05
6.69909e-06
2.55333e-06
9.37544e-07
3.32704e-07
1.14519e-07
3.83721e-08
1.25515e-08
4.0135e-09
1.25447e-09
3.82681e-10
1.13566e-10
3.2629e-11
9.01814e-12
2.36746e-12
5.69733e-13
1.11824e-13
-2.15277e-15
-3.17744e-14
-5.6777e-14
-3.65552e-14
-1.79465e-14
7.40496e-15
7.75105e-14
2.53859e-13
8.15439e-13
2.54188e-12
9.64236e-12
2.82291e-11
5.8382e-11
5.6365e-11
-6.12099e-11
-6.32689e-10
-2.08834e-09
-5.03895e-09
-1.15604e-08
-2.54272e-08
-5.47258e-08
-8.14903e-08
-1.04223e-07
-1.18915e-07
-1.29768e-07
-1.58217e-07
-1.85873e-07
-2.0679e-07
-2.20515e-07
-2.19243e-07
-2.05285e-07
-1.8148e-07
-1.51995e-07
-1.23613e-07
-9.98026e-08
-7.81364e-08
-6.19354e-08
-5.33659e-08
-4.45954e-08
-4.03955e-08
-4.06503e-08
-3.69899e-08
-3.73867e-08
-3.50396e-08
-3.19773e-08
-2.78221e-08
-2.30461e-08
-1.80127e-08
-1.32644e-08
-9.11324e-09
-5.9819e-09
-3.71126e-09
-2.20212e-09
-1.2454e-09
-6.71587e-10
-3.47762e-10
-1.71759e-10
-8.18425e-11
-3.74211e-11
-1.65808e-11
-7.09123e-12
-2.94077e-12
-1.17357e-12
-4.4841e-13
-1.61687e-13
6.04844e-14
2.72169e-13
3.24613e-13
2.51339e-13
1.80196e-13
1.02383e-13
-1.00153e-13
-1.45176e-13
3.65233e-14
3.47716e-13
7.19752e-13
1.03966e-12
1.34025e-12
1.59099e-12
1.6197e-12
1.56188e-12
1.34404e-12
1.01241e-12
6.70918e-13
3.91011e-13
2.06782e-13
1.0123e-13
4.67223e-14
2.0591e-14
8.75289e-15
3.61826e-15
1.45495e-15
5.69597e-16
2.17656e-16
8.15994e-17
2.89758e-17
9.8802e-18
3.26599e-18
5.74379e-19
6.25957e-19
1.58842e-18
1.35718e-18
1.22374e-18
4.79019e-19
9.24158e-20
-2.5647e-18
1.16647e-17
-3.22284e-17
6.76812e-18
1.18121e-16
-3.10279e-15
-1.74031e-13
-3.76237e-13
4.32357e-12
2.09924e-10
2.15036e-09
1.46456e-08
6.51915e-08
1.91276e-07
4.40677e-07
8.87976e-07
1.5053e-06
2.53578e-06
4.18442e-06
8.08175e-06
3.17576e-05
0.000156064
0.000618118
0.00135418
0.00231532
0.00356682
0.00522777
0.00753251
0.0110218
0.016743
0.026369
0.0433158
0.0676801
0.0976901
0.126759
0.147374
0.153994
0.154085
0.152143
0.147268
0.136543
0.122089
0.108423
0.0987538
0.0907682
0.0836142
0.0777977
0.0740557
0.0717835
0.071064
0.0720471
0.0743212
0.07857
0.0842775
0.0921882
0.102492
0.115903
0.131999
0.145104
0.155739
0.166401
0.176028
0.182604
0.185603
0.18441
0.179713
0.170318
0.157323
0.141908
0.120074
0.0932422
0.0653065
0.0393445
0.0203334
0.0111491
0.00652831
0.00387964
0.00225305
0.00125474
0.000673868
0.000351299
0.000177784
8.68865e-05
4.07626e-05
1.82847e-05
7.81631e-06
3.17811e-06
1.22867e-06
4.51111e-07
1.57286e-07
5.21319e-08
1.64333e-08
4.93259e-09
1.41248e-09
3.84458e-10
9.59448e-11
1.39319e-11
-1.32126e-11
-2.53151e-11
-3.58701e-11
-5.05776e-11
-7.13531e-11
-1.64308e-10
-3.71288e-10
-8.57154e-10
-1.97241e-09
-4.54701e-09
-1.06226e-08
-2.62203e-08
-5.8786e-08
-3.11309e-07
-1.20156e-06
-2.67048e-06
-4.75333e-06
-7.68778e-06
-1.20891e-05
-1.64613e-05
-2.10189e-05
-2.4918e-05
-2.80994e-05
-3.05966e-05
-3.21502e-05
-3.27971e-05
-3.27474e-05
-3.19473e-05
-3.05029e-05
-2.85586e-05
-2.62579e-05
-2.38192e-05
-2.14492e-05
-1.90711e-05
-1.68645e-05
-1.50491e-05
-1.33472e-05
-1.19218e-05
-1.08233e-05
-9.6726e-06
-8.77972e-06
-7.88396e-06
-7.04055e-06
-6.19491e-06
-5.30225e-06
-4.36962e-06
-3.42937e-06
-2.46469e-06
-1.7103e-06
-1.1379e-06
-7.36159e-07
-4.62006e-07
-2.80681e-07
-1.66318e-07
-9.48199e-08
-5.21851e-08
-2.74119e-08
-1.39277e-08
-6.78829e-09
-3.19371e-09
-1.4371e-09
-6.2071e-10
-2.55305e-10
-1.07536e-10
-4.18538e-11
-1.57818e-11
-4.49678e-12
-1.8714e-12
-3.66295e-12
-9.44701e-12
-1.24854e-11
-1.11333e-11
-7.70498e-12
-4.39261e-12
-6.42273e-13
2.86945e-12
2.03372e-13
-7.91256e-12
-1.90202e-11
-2.9351e-11
-3.47869e-11
-3.30128e-11
-2.57865e-11
-1.66221e-11
-9.60948e-12
-5.12999e-12
-2.61068e-12
-1.29501e-12
-6.27806e-13
-2.96663e-13
-1.36731e-13
-6.15738e-14
-2.71613e-14
-1.17638e-14
-5.00942e-15
-2.07573e-15
-8.27161e-16
-3.18301e-16
-1.22317e-16
-4.06812e-17
-1.77211e-17
-4.54204e-18
-8.95947e-19
-6.25174e-19
1.32826e-18
4.23915e-18
-4.20027e-17
1.4144e-16
-7.17611e-16
6.96723e-16
-3.97637e-14
3.41551e-13
7.93095e-12
8.22806e-11
8.17628e-10
-1.76193e-10
-1.32492e-08
-2.73239e-08
-2.24747e-08
1.66384e-08
7.14506e-08
1.22603e-07
1.78785e-07
2.46333e-07
1.81726e-07
-2.88863e-08
1.02569e-07
4.84631e-07
1.10208e-06
2.16286e-06
4.13434e-06
7.52826e-06
1.1222e-05
0.000118716
0.000899765
0.00339411
0.0102155
0.0216381
0.0338961
0.042753
0.046155
0.0434899
0.036184
0.0263102
0.0185168
0.0135254
0.0103481
0.00831665
0.00696255
0.00602401
0.00544085
0.00506603
0.00489562
0.00492071
0.00511177
0.00554831
0.00620907
0.00724957
0.0087772
0.0116889
0.0171477
0.0246991
0.0355276
0.0495421
0.067652
0.0882557
0.109244
0.129371
0.148302
0.163324
0.169386
0.172747
0.172053
0.167015
0.157246
0.143574
0.122311
0.0952627
0.0679626
0.0429404
0.0238276
0.0136462
0.00834141
0.00519461
0.00318012
0.00186834
0.00105145
0.000568632
0.000295156
0.000146628
6.95453e-05
3.13488e-05
1.34078e-05
5.44907e-06
2.1072e-06
7.77654e-07
2.75259e-07
9.36683e-08
3.07969e-08
9.70383e-09
2.46406e-09
-1.33964e-09
-5.28997e-09
-9.57836e-09
-2.87558e-08
-7.6281e-08
-1.88368e-07
-4.5829e-07
-1.13149e-06
-2.34071e-06
-4.22969e-06
-7.16244e-06
-1.15377e-05
-1.82766e-05
-3.03294e-05
-4.64824e-05
-6.07879e-05
-7.37835e-05
-8.64286e-05
-9.39921e-05
-0.000105195
-0.000114486
-0.000123233
-0.000130779
-0.000135867
-0.000135521
-0.000131907
-0.000126459
-0.000120221
-0.000113636
-0.000106913
-0.00010033
-9.32989e-05
-8.55278e-05
-7.78052e-05
-7.10227e-05
-6.41742e-05
-5.8176e-05
-5.29127e-05
-4.74697e-05
-4.28741e-05
-3.82229e-05
-3.37963e-05
-2.94917e-05
-2.52703e-05
-2.13544e-05
-1.793e-05
-1.52104e-05
-1.29253e-05
-1.01967e-05
-7.80682e-06
-5.74993e-06
-3.99294e-06
-2.56778e-06
-1.45692e-06
-7.29998e-07
-3.8049e-07
-2.04146e-07
-1.08859e-07
-5.74256e-08
-2.95082e-08
-1.4759e-08
-7.09343e-09
-3.56433e-09
-1.98644e-09
-1.11412e-09
-4.23372e-10
-1.98894e-10
-1.9984e-10
-3.0927e-10
-4.05339e-10
-5.03119e-10
-7.14206e-10
-1.13518e-09
-1.84784e-09
-2.97571e-09
-4.38842e-09
-5.53993e-09
-6.12614e-09
-5.99255e-09
-5.19127e-09
-3.97904e-09
-2.70184e-09
-1.63598e-09
-8.74134e-10
-4.28134e-10
-1.99732e-10
-9.04566e-11
-3.95888e-11
-1.58376e-11
-6.07628e-12
-2.35245e-12
-9.35488e-13
-3.84812e-13
-1.6408e-13
-7.1994e-14
-3.19606e-14
-1.41402e-14
-6.11592e-15
-2.5351e-15
-9.6688e-16
-3.12212e-16
-5.96582e-17
6.71248e-19
-2.97401e-18
8.84226e-18
-2.25929e-17
5.15734e-17
-1.97667e-16
1.1332e-15
-1.6569e-15
1.5525e-14
1.08107e-12
1.8756e-11
7.309e-11
-8.83823e-12
-3.78141e-10
-4.99027e-10
-3.40736e-10
2.3726e-10
1.09572e-09
-2.91171e-11
-4.35981e-09
-2.11647e-08
-5.98192e-08
-9.02013e-08
-1.0066e-07
-8.9424e-08
-6.27673e-08
-4.739e-08
-1.19188e-07
-4.45549e-07
5.12335e-07
3.94045e-06
1.26599e-05
2.08427e-05
2.15297e-05
-4.01409e-06
9.71084e-05
0.000314227
0.000400154
0.00041526
0.000387513
0.000332397
0.000280508
0.000240167
0.000209216
0.000186572
0.000169598
0.000156598
0.000148755
0.000143922
0.000143315
0.00014758
0.000156831
0.00017442
0.00020107
0.000244027
0.000310244
0.000410519
0.000560941
0.000793648
0.00121864
0.00261027
0.00608061
0.0124208
0.0219085
0.0355584
0.0544769
0.0783637
0.101945
0.123427
0.142131
0.156923
0.164066
0.168038
0.167871
0.163644
0.155364
0.142298
0.120324
0.0955328
0.0710995
0.048405
0.0297172
0.0184047
0.0118725
0.00770893
0.00491762
0.00302061
0.00175746
0.00096449
0.000501744
0.000249192
0.000118618
5.43206e-05
2.40744e-05
1.03541e-05
4.36224e-06
1.80548e-06
7.38324e-07
2.96248e-07
1.10756e-07
-4.16151e-09
-1.61742e-07
-5.79989e-07
-1.84454e-06
-4.07611e-06
-8.92654e-06
-1.76701e-05
-2.9501e-05
-4.26286e-05
-5.5331e-05
-6.65501e-05
-8.03694e-05
-0.000105235
-0.000119423
-0.000126911
-0.000123515
-0.00010515
-6.83988e-05
-1.55874e-05
4.93014e-05
0.000121133
0.000192665
0.000342022
0.000471534
0.000546692
0.000565222
0.000535693
0.000470638
0.000385868
0.00032621
0.000282891
0.000247391
0.000221537
0.000198244
0.00017924
0.000165654
0.000151086
0.000139501
0.000127277
0.000113793
9.87045e-05
8.10111e-05
6.18263e-05
4.28431e-05
2.53939e-05
1.28546e-05
4.29279e-06
-9.99619e-07
-3.90181e-06
-5.20733e-06
-5.4908e-06
-5.16162e-06
-4.50598e-06
-3.72539e-06
-2.95744e-06
-2.25725e-06
-1.66199e-06
-1.17248e-06
-7.25391e-07
-3.55474e-07
-1.53829e-07
-5.71754e-08
-1.73235e-08
-5.25488e-09
-4.33787e-09
-4.9e-09
-5.81812e-09
-6.24521e-09
-7.15943e-09
-9.18553e-09
-1.17637e-08
-1.57772e-08
-2.25869e-08
-2.92797e-08
-3.24095e-08
-3.20607e-08
-2.8371e-08
-2.24576e-08
-1.60301e-08
-1.0486e-08
-6.41764e-09
-3.7346e-09
-2.06925e-09
-1.08511e-09
-5.28481e-10
-2.2542e-10
-8.75952e-11
-4.12184e-11
-2.15008e-11
-1.17994e-11
-6.60064e-12
-3.70501e-12
-2.0333e-12
-1.10029e-12
-5.65802e-13
-2.81958e-13
-1.36634e-13
-6.41769e-14
-2.89296e-14
-1.19825e-14
3.92091e-19
-1.43804e-18
2.99775e-18
-6.26598e-18
1.82049e-17
-1.14412e-16
5.22027e-16
-2.82387e-15
3.08064e-15
2.8671e-13
4.98333e-12
-6.01578e-12
-1.45165e-11
-3.00738e-12
1.99643e-11
5.88569e-11
9.88708e-11
2.91103e-11
-2.84716e-10
-1.13735e-09
-2.38403e-09
-2.55283e-09
-2.11002e-09
-1.11189e-09
8.76884e-10
4.42245e-09
1.08396e-08
2.1394e-08
3.66335e-08
1.38507e-07
3.69237e-07
4.2731e-07
-1.11091e-06
-5.97948e-06
-7.73392e-06
-9.25625e-06
-6.87348e-06
-4.23633e-06
-1.783e-06
3.72788e-08
1.09813e-06
1.54022e-06
1.66751e-06
1.64683e-06
1.57418e-06
1.48605e-06
1.39901e-06
1.33635e-06
1.29166e-06
1.27797e-06
1.30302e-06
1.37203e-06
1.51412e-06
1.74503e-06
2.13633e-06
2.77578e-06
4.02016e-06
7.36956e-06
1.51018e-05
3.23531e-05
5.04726e-05
6.13307e-05
7.96276e-05
0.000274174
0.00152844
0.00532992
0.0128253
0.0243164
0.0409935
0.0618312
0.0855793
0.108692
0.129375
0.147682
0.159684
0.165843
0.174807
0.177752
0.175404
0.169543
0.158855
0.141168
0.120308
0.0989808
0.078041
0.0567312
0.0366721
0.0231954
0.0148417
0.00943028
0.00586584
0.00352758
0.00202157
0.00110673
0.000587028
0.000308573
0.000162269
8.64854e-05
4.66797e-05
2.54295e-05
1.35325e-05
6.32922e-06
1.55513e-06
-1.9776e-06
-5.09939e-06
-5.99525e-06
-1.48845e-05
-2.87403e-05
-4.52087e-05
-6.27705e-05
-7.36273e-05
-6.42373e-05
0.00167097
0.00542578
0.0111804
0.0184139
0.0266244
0.0352805
0.0436143
0.0510973
0.0573729
0.0619778
0.0646769
0.065585
0.0648156
0.0626371
0.0593591
0.0552905
0.0507914
0.0461484
0.0414974
0.0370242
0.033113
0.0294702
0.026254
0.0235039
0.0209242
0.0186805
0.0166015
0.0146379
0.0127648
0.010893
0.00904003
0.00722966
0.00545245
0.00394264
0.00271692
0.00179996
0.00114307
0.000693823
0.000406267
0.000225881
0.000120186
6.01215e-05
2.83133e-05
1.21855e-05
4.65888e-06
1.43639e-06
2.60269e-07
-8.9898e-08
-1.25925e-07
-9.8925e-08
-7.3496e-08
-6.73259e-08
-7.03836e-08
-7.31348e-08
-7.37568e-08
-6.55604e-08
-5.60493e-08
-5.82419e-08
-6.69838e-08
-7.61487e-08
-8.18633e-08
-7.94176e-08
-7.75836e-08
-7.09304e-08
-5.76861e-08
-4.14633e-08
-2.64409e-08
-1.51054e-08
-7.95267e-09
-4.15136e-09
-2.41142e-09
-1.62978e-09
-1.19668e-09
-8.96662e-10
-6.68086e-10
-4.87703e-10
-3.45721e-10
-2.36324e-10
-1.55126e-10
-9.80302e-11
-5.67077e-11
-3.03345e-11
-1.36546e-11
-7.45389e-12
-4.28406e-12
-2.46338e-12
-1.39366e-12
-7.49157e-13
1.30689e-20
-2.98937e-20
1.07308e-20
-9.26058e-19
9.6416e-18
-7.9064e-17
4.30908e-16
-1.88141e-15
-5.21239e-16
8.98634e-14
-1.02605e-14
-7.15953e-13
-5.83311e-13
-1.80215e-13
1.30309e-12
4.99644e-12
9.59665e-12
1.63372e-11
2.70968e-11
3.74515e-11
5.42455e-11
8.72661e-11
1.44769e-10
2.29618e-10
3.61016e-10
5.9462e-10
9.57423e-10
1.41349e-09
6.25291e-09
2.11322e-08
5.53507e-08
1.07864e-07
1.15859e-07
1.53856e-07
5.4828e-07
-1.78446e-07
-3.93667e-07
-2.66024e-07
-1.26823e-07
-1.37144e-09
1.05063e-07
1.32232e-07
1.38098e-07
1.36595e-07
1.33028e-07
1.29065e-07
1.25192e-07
1.23077e-07
1.22167e-07
1.23435e-07
1.27603e-07
1.34954e-07
1.47752e-07
1.66644e-07
1.96117e-07
2.41066e-07
3.11846e-07
5.47208e-07
1.25976e-06
1.99687e-06
5.94501e-07
1.35232e-06
1.64729e-05
5.94065e-05
0.000111963
0.000107051
0.000172961
0.000835877
0.00367164
0.00965428
0.0195565
0.0348046
0.0542307
0.0771207
0.100858
0.122389
0.143254
0.162494
0.174225
0.183379
0.193083
0.20347
0.20821
0.208424
0.205323
0.198315
0.185633
0.167316
0.145303
0.120103
0.091355
0.0595962
0.0343737
0.020906
0.0133075
0.00863879
0.00562859
0.00369467
0.0024385
0.00163657
0.00112967
0.000806648
0.000593152
0.00044717
0.000346705
0.000275531
0.00075953
0.00366769
0.00991995
0.0202855
0.0351653
0.0544991
0.0789794
0.105743
0.133116
0.159037
0.182385
0.202529
0.218769
0.230985
0.239362
0.243888
0.244834
0.242624
0.237513
0.229941
0.220364
0.209225
0.197027
0.184287
0.171227
0.158198
0.145847
0.133855
0.122593
0.112206
0.102268
0.0930618
0.0843429
0.075998
0.0680032
0.0601667
0.0525064
0.045037
0.0376847
0.0307425
0.0241137
0.0181526
0.0130141
0.00877502
0.0054943
0.00311167
0.00169874
0.000893663
0.000455265
0.000220204
9.76559e-05
3.76759e-05
1.19827e-05
2.26396e-06
-4.71745e-07
-9.90131e-07
-8.53419e-07
-6.92406e-07
-5.82558e-07
-4.96575e-07
-4.27793e-07
-3.27653e-07
-2.38393e-07
-1.75321e-07
-1.7618e-07
-1.89117e-07
-1.26891e-07
9.4908e-08
5.5197e-07
1.26528e-06
1.91852e-06
2.30532e-06
2.36208e-06
2.13479e-06
1.73025e-06
1.26963e-06
8.50998e-07
5.27071e-07
3.05773e-07
1.68401e-07
8.83068e-08
4.37183e-08
2.00352e-08
8.13084e-09
2.63037e-09
3.11215e-10
-3.98445e-10
-4.6838e-10
-3.65791e-10
-2.37326e-10
-1.48703e-10
-9.01032e-11
-5.31556e-11
-2.8601e-11
-3.62077e-20
1.88981e-19
-6.08684e-19
1.05088e-18
3.4006e-18
-4.22742e-17
2.04596e-16
-5.08761e-16
-3.02045e-16
8.37703e-15
-2.81137e-14
-4.08747e-14
-4.29545e-14
4.23381e-14
1.48077e-13
2.72628e-13
6.42792e-13
1.55485e-12
2.80072e-12
4.04328e-12
5.82066e-12
8.99927e-12
1.50463e-11
2.85781e-11
4.96058e-11
7.64215e-11
1.02068e-10
1.572e-10
7.04732e-10
1.51334e-09
2.97456e-09
1.1128e-08
3.45876e-08
9.74884e-08
1.67731e-07
1.62592e-07
1.26818e-07
9.42142e-08
7.06529e-08
5.24139e-08
3.22443e-08
2.0291e-08
1.52958e-08
1.2834e-08
1.16154e-08
1.10695e-08
1.09332e-08
1.11846e-08
1.16766e-08
1.24464e-08
1.35492e-08
1.50331e-08
1.71648e-08
2.00744e-08
2.42934e-08
3.03695e-08
3.94157e-08
5.75635e-08
9.97473e-08
3.05031e-07
6.47992e-07
1.63225e-06
6.00337e-06
1.30981e-05
1.0058e-05
1.00356e-05
4.4076e-05
0.000110868
0.000103188
0.000149072
0.000687792
0.00307391
0.0082765
0.0170991
0.0310955
0.0494095
0.0705418
0.0946029
0.118251
0.140152
0.161144
0.182413
0.199038
0.210317
0.219744
0.230434
0.239926
0.25144
0.257022
0.256861
0.252293
0.242897
0.228651
0.207918
0.176588
0.13977
0.10028
0.064251
0.0412099
0.0321872
0.0282358
0.0271552
0.0278659
0.0309417
0.0376144
0.0484549
0.0647407
0.0879776
0.117208
0.151216
0.187979
0.226197
0.264263
0.299526
0.330924
0.357272
0.378621
0.395397
0.407839
0.416354
0.4213
0.422971
0.42163
0.417403
0.410249
0.400362
0.387993
0.373401
0.357085
0.339487
0.320867
0.301617
0.28238
0.263016
0.244022
0.225632
0.207607
0.190283
0.173547
0.157348
0.141749
0.126607
0.112003
0.0979647
0.08445
0.0717363
0.0596549
0.0484832
0.0383527
0.0293146
0.0215837
0.0150333
0.00990857
0.0060943
0.00347461
0.00175473
0.000806891
0.000357633
0.000154358
5.9898e-05
2.09319e-05
5.71117e-06
5.62559e-07
-1.0584e-06
-1.5387e-06
-1.52468e-06
-1.33955e-06
-1.02538e-06
-6.54801e-07
-1.23994e-07
9.29369e-07
3.22119e-06
6.95039e-06
1.11246e-05
1.48111e-05
1.70552e-05
1.72431e-05
1.57731e-05
1.33173e-05
1.05077e-05
7.80782e-06
5.48802e-06
3.6563e-06
2.30897e-06
1.38047e-06
7.79013e-07
4.11905e-07
2.01231e-07
8.83234e-08
3.24858e-08
7.57669e-09
-1.82352e-09
-4.17982e-09
-3.84329e-09
-2.91927e-09
-1.98794e-09
-1.26547e-09
-7.68608e-10
-4.56415e-10
-2.20559e-10
-1.58627e-21
1.62551e-20
-8.97244e-20
3.97863e-19
-1.37239e-18
3.29665e-18
-2.09981e-18
-3.53743e-17
3.08283e-16
-7.87024e-16
-9.70597e-16
-7.88021e-16
2.07118e-15
6.00573e-15
7.76765e-15
9.91434e-15
1.503e-14
1.79589e-14
2.21737e-14
2.43454e-14
2.69465e-14
3.57512e-14
6.85169e-14
2.19829e-13
7.91821e-13
1.76571e-12
3.30394e-12
6.87066e-12
2.97943e-11
8.84695e-11
2.25315e-10
1.1172e-09
5.83195e-09
1.82224e-08
3.2803e-08
3.56363e-08
3.27497e-08
2.46355e-08
1.5838e-08
9.2458e-09
5.15471e-09
2.92444e-09
1.84047e-09
1.4053e-09
1.29024e-09
1.41119e-09
1.64115e-09
1.90778e-09
2.18462e-09
2.46892e-09
2.76257e-09
3.08685e-09
3.49074e-09
4.03618e-09
4.80037e-09
5.8658e-09
7.38287e-09
9.73636e-09
1.42992e-08
3.82783e-08
9.86462e-08
4.07123e-07
1.34488e-06
2.78338e-06
4.5195e-06
7.72041e-06
1.69726e-05
1.53461e-05
6.78907e-06
3.07875e-05
9.17852e-05
8.85348e-05
9.38013e-05
0.000458184
0.00234251
0.00667465
0.013955
0.0252468
0.0412783
0.0600983
0.0805228
0.102722
0.125498
0.146649
0.165339
0.182368
0.198521
0.213501
0.227221
0.240141
0.250208
0.258755
0.267066
0.278534
0.288983
0.289569
0.285879
0.279177
0.269672
0.25734
0.239569
0.218695
0.204691
0.201524
0.209486
0.225896
0.248751
0.275692
0.305026
0.335381
0.364952
0.393003
0.41733
0.436279
0.450992
0.462598
0.472242
0.480582
0.48772
0.493645
0.498428
0.501997
0.503874
0.50369
0.501065
0.495891
0.488094
0.477517
0.463718
0.447422
0.428849
0.408295
0.386342
0.363174
0.339387
0.315387
0.291311
0.267562
0.244297
0.221645
0.199803
0.178817
0.158841
0.139965
0.122223
0.105759
0.0904197
0.0762844
0.0633677
0.0515937
0.0411094
0.031769
0.0237593
0.0170136
0.0116263
0.00742686
0.00438143
0.00236268
0.00115734
0.000502425
0.000234352
0.00011863
6.44926e-05
3.63966e-05
2.18464e-05
1.48149e-05
1.21051e-05
1.51384e-05
2.23042e-05
3.20148e-05
4.28807e-05
5.33581e-05
6.08953e-05
6.34019e-05
6.1025e-05
5.49138e-05
4.66092e-05
3.75827e-05
2.89591e-05
2.14228e-05
1.5264e-05
1.04938e-05
6.96347e-06
4.45558e-06
2.74182e-06
1.61502e-06
9.04142e-07
4.75999e-07
2.31248e-07
9.95418e-08
3.38062e-08
4.29958e-09
-6.69797e-09
-9.1029e-09
-8.08763e-09
-6.11766e-09
-4.22373e-09
-2.73422e-09
-1.70833e-09
-8.33305e-10
5.70491e-22
-3.20952e-21
1.07284e-20
-1.74361e-20
-6.2831e-20
6.19202e-19
-2.37515e-18
3.60619e-18
6.85305e-18
-1.53422e-17
-3.30048e-17
9.85636e-18
1.61767e-16
2.23929e-16
2.32001e-16
2.71804e-16
4.03999e-16
5.12864e-16
5.63076e-16
5.00361e-16
4.15755e-16
5.50207e-16
1.49459e-15
5.38072e-15
2.20179e-14
5.59036e-14
1.20364e-13
3.22282e-13
1.5637e-12
5.51161e-12
1.76689e-11
9.30287e-11
5.02525e-10
1.39163e-09
2.57228e-09
2.47944e-09
2.04305e-09
1.45534e-09
9.69839e-10
6.28935e-10
3.9503e-10
2.96335e-10
3.69453e-10
6.47591e-10
1.12721e-09
1.76668e-09
2.42662e-09
2.95065e-09
3.22444e-09
3.4029e-09
3.52178e-09
4.23262e-09
5.29446e-09
6.48805e-09
7.23685e-09
7.57364e-09
7.87995e-09
8.62745e-09
1.03721e-08
1.44191e-08
2.4484e-08
7.36145e-08
1.86787e-07
3.93707e-07
8.96868e-07
2.2805e-06
4.47264e-06
6.99502e-06
1.04817e-05
1.80053e-05
1.68646e-05
-1.72101e-06
3.59475e-06
4.09745e-05
5.49498e-05
2.24948e-05
5.88196e-05
0.00080456
0.00332158
0.00795619
0.0149352
0.0243636
0.0367997
0.0510545
0.0657665
0.080083
0.0937278
0.106062
0.11765
0.129666
0.14189
0.15385
0.166207
0.180278
0.196517
0.215329
0.240762
0.26477
0.281021
0.29606
0.313405
0.332786
0.348164
0.35853
0.365583
0.373115
0.382035
0.3924
0.403875
0.416379
0.428466
0.43927
0.448688
0.457212
0.464293
0.470689
0.476987
0.483324
0.490723
0.499358
0.507967
0.515541
0.521101
0.523528
0.523323
0.521445
0.517434
0.511476
0.503409
0.49177
0.474862
0.454494
0.431403
0.406207
0.379566
0.352077
0.324222
0.296477
0.269235
0.242843
0.217586
0.193734
0.17146
0.150916
0.132172
0.115214
0.099935
0.0861829
0.0738025
0.0626152
0.0525185
0.0433344
0.0350651
0.0276204
0.0210945
0.015461
0.0107946
0.00711781
0.004471
0.00263629
0.00155382
0.000919387
0.000543649
0.000344654
0.000261012
0.000227699
0.000223624
0.0002262
0.000226624
0.000222844
0.000213369
0.000197493
0.000175821
0.000150178
0.000123028
9.67884e-05
7.33064e-05
5.36303e-05
3.80387e-05
2.62462e-05
1.76637e-05
1.16131e-05
7.46056e-06
4.67609e-06
2.84652e-06
1.67178e-06
9.38443e-07
4.96301e-07
2.40832e-07
1.00985e-07
2.98498e-08
-2.48068e-09
-1.42885e-08
-1.62017e-08
-1.4029e-08
-1.07026e-08
-7.53908e-09
-4.9971e-09
-3.20206e-09
-1.58245e-09
1.24384e-22
-4.47863e-22
8.38108e-22
-7.369e-22
-1.99557e-21
1.51227e-20
-6.51159e-20
2.08249e-19
-1.66009e-19
-1.35233e-18
4.01919e-18
8.82711e-18
9.31911e-18
8.49451e-18
6.59849e-18
3.64393e-18
9.60229e-19
-9.07455e-19
-1.87767e-18
-3.16103e-18
-4.60018e-18
5.57703e-19
2.77503e-17
1.65375e-16
7.59077e-16
2.22689e-15
5.61672e-15
1.76831e-14
9.05011e-14
3.60388e-13
1.43692e-12
8.09734e-12
4.28673e-11
1.32722e-10
2.45644e-10
2.40859e-10
1.93216e-10
1.38303e-10
9.35601e-11
6.10054e-11
9.65616e-11
3.72555e-10
1.05355e-09
3.15926e-09
7.36734e-09
1.48647e-08
2.57858e-08
3.6543e-08
4.58723e-08
5.48456e-08
6.21107e-08
6.72399e-08
6.81228e-08
6.56115e-08
5.77782e-08
4.75108e-08
3.83287e-08
3.26637e-08
3.15618e-08
3.46759e-08
4.20449e-08
5.44075e-08
7.80444e-08
1.15374e-07
2.0031e-07
4.53421e-07
8.42589e-07
1.65484e-06
3.2227e-06
5.5558e-06
7.78442e-06
9.93916e-06
1.39277e-05
1.11709e-05
-8.78296e-06
-2.70513e-05
-2.55772e-05
-2.01331e-05
-5.95252e-06
-6.1082e-06
-2.2521e-05
3.51863e-05
0.000877914
0.00270288
0.00543174
0.00888072
0.0128151
0.0168854
0.0209809
0.0251242
0.0294499
0.0340944
0.0394902
0.0455953
0.053301
0.0632732
0.0771816
0.0940185
0.114452
0.137569
0.163391
0.190564
0.218592
0.246262
0.271741
0.293994
0.312936
0.328808
0.341917
0.352342
0.360802
0.367886
0.374424
0.381484
0.390345
0.401499
0.4151
0.430967
0.448481
0.466602
0.483986
0.499494
0.512586
0.521943
0.524942
0.524374
0.521036
0.514167
0.502776
0.486251
0.465341
0.441546
0.415281
0.387289
0.358067
0.328264
0.298489
0.269224
0.24093
0.214083
0.188922
0.165823
0.144855
0.126157
0.109715
0.0953795
0.0830553
0.0724477
0.0632642
0.0553033
0.0482256
0.0418771
0.0360232
0.0305567
0.0254173
0.0205922
0.0161439
0.0121549
0.00885538
0.00621389
0.00434973
0.00305657
0.00217989
0.00160453
0.0012498
0.00102386
0.0008746
0.000754686
0.000645159
0.00054273
0.000446786
0.000358055
0.000278164
0.000208903
0.000151476
0.000106064
7.18145e-05
4.71376e-05
3.0083e-05
1.87203e-05
1.13886e-05
6.7862e-06
3.96283e-06
2.2589e-06
1.24706e-06
6.56573e-07
3.19675e-07
1.33793e-07
3.68742e-08
-8.37415e-09
-2.55729e-08
-2.87535e-08
-2.58535e-08
-2.14957e-08
-1.6357e-08
-1.16487e-08
-7.86141e-09
-5.04416e-09
-3.1358e-09
-1.45329e-09
-2.2568e-21
9.79702e-21
-2.91601e-20
8.9579e-20
-2.50337e-19
4.81062e-19
5.39481e-21
-2.25977e-18
3.59043e-18
2.43911e-17
-8.22363e-17
-1.32453e-16
-9.28006e-17
8.89026e-17
2.89584e-16
3.05956e-16
2.96592e-16
2.82495e-16
2.72591e-16
2.61826e-16
2.3708e-16
1.81152e-16
7.71288e-17
-8.80808e-17
-2.97147e-16
-5.2819e-16
-6.85931e-16
-3.26576e-16
3.54724e-15
2.09924e-14
1.01528e-13
6.44721e-13
3.51433e-12
1.28636e-11
2.44948e-11
2.49415e-11
2.02306e-11
1.35829e-11
3.31902e-11
3.32996e-11
7.64444e-10
2.74336e-09
7.63524e-09
2.48914e-08
5.14244e-08
8.93644e-08
1.376e-07
1.84446e-07
2.14084e-07
2.3124e-07
2.3195e-07
2.13597e-07
1.91115e-07
1.49085e-07
1.04161e-07
7.38305e-08
5.38739e-08
4.28521e-08
4.13972e-08
4.98295e-08
6.7931e-08
9.4865e-08
1.29245e-07
1.70667e-07
2.1305e-07
2.74832e-07
3.78199e-07
5.42535e-07
9.07474e-07
1.44997e-06
2.25126e-06
3.33215e-06
5.28665e-06
6.384e-06
7.11699e-06
8.3243e-06
9.45017e-06
-2.53335e-06
-1.27723e-05
-2.0812e-05
-2.07985e-05
-1.85802e-05
-1.03296e-06
3.23369e-05
6.6852e-05
0.00011458
0.000189008
0.000302339
0.000469502
0.00071024
0.00105588
0.00155369
0.00227728
0.00332851
0.00492269
0.00734413
0.0109181
0.0157941
0.0223588
0.0307376
0.0413148
0.054063
0.06913
0.0864686
0.105794
0.126148
0.145744
0.164232
0.181659
0.198189
0.214915
0.232608
0.253061
0.278004
0.301669
0.328404
0.357544
0.386771
0.41489
0.440778
0.463123
0.480752
0.492687
0.498593
0.498738
0.493473
0.483094
0.467969
0.448619
0.425674
0.39987
0.372018
0.342633
0.312703
0.282576
0.252924
0.224291
0.19709
0.171658
0.148405
0.127367
0.108819
0.09263
0.0788211
0.0672157
0.0575709
0.0497593
0.0434713
0.0383795
0.0343411
0.0309621
0.0281779
0.025657
0.0233292
0.0209998
0.0186254
0.0161522
0.0135867
0.0110683
0.00873562
0.00678581
0.00522779
0.00403549
0.00314048
0.00247665
0.00196811
0.00156471
0.00123091
0.000951671
0.00072018
0.000531048
0.000379715
0.000262143
0.00017418
0.000111109
6.78642e-05
3.96136e-05
2.21085e-05
1.17684e-05
5.91717e-06
2.76806e-06
1.18347e-06
5.00232e-07
2.03472e-07
7.17184e-08
1.12534e-08
-1.68766e-08
-2.93388e-08
-3.33325e-08
-3.25601e-08
-2.95556e-08
-2.5978e-08
-2.08075e-08
-1.55289e-08
-1.09107e-08
-7.24095e-09
-4.54342e-09
-2.68852e-09
-1.51552e-09
-5.88223e-10
-1.47499e-20
4.81463e-20
-8.30162e-20
4.48925e-20
4.59567e-19
-2.66381e-18
8.55682e-18
-2.58892e-18
-9.90998e-17
7.22776e-16
-1.7382e-15
-4.87966e-15
-3.4816e-15
-9.80046e-17
5.33194e-15
7.48524e-15
1.28808e-14
1.74987e-14
1.89443e-14
2.10492e-14
2.43333e-14
2.82493e-14
3.18077e-14
3.39786e-14
3.40664e-14
3.19917e-14
2.83268e-14
2.40788e-14
2.04855e-14
1.90265e-14
2.43511e-14
6.85479e-14
2.94617e-13
1.19112e-12
2.36247e-12
2.53871e-12
2.10255e-12
1.61748e-12
1.12962e-11
-2.53117e-10
4.59989e-09
2.01291e-08
4.95905e-08
1.05212e-07
1.78431e-07
2.64921e-07
3.46243e-07
4.69844e-07
4.85544e-07
4.68248e-07
4.24961e-07
3.46819e-07
2.22551e-07
1.04408e-08
-2.62215e-07
-5.04557e-07
-6.76471e-07
-7.64017e-07
-8.21145e-07
-8.34806e-07
-8.0451e-07
-7.26094e-07
-6.06056e-07
-4.66065e-07
-3.01122e-07
-2.3474e-08
2.95614e-07
5.81499e-07
8.70678e-07
1.21369e-06
1.65959e-06
2.2471e-06
3.02705e-06
3.85839e-06
4.704e-06
5.60967e-06
6.81663e-06
7.3591e-06
7.42517e-06
6.95691e-06
7.34452e-06
7.89328e-06
7.84772e-06
1.37583e-05
2.46245e-05
3.64817e-05
5.71157e-05
8.83978e-05
0.000136628
0.000211839
0.0003236
0.000488421
0.000730851
0.00108312
0.00160501
0.00237838
0.00353521
0.00523152
0.0076784
0.0110817
0.0157052
0.0216781
0.0290217
0.0377531
0.0480692
0.0600081
0.0733957
0.0881225
0.104185
0.125101
0.150723
0.18102
0.215088
0.251597
0.289039
0.326021
0.360846
0.390148
0.413972
0.433199
0.445676
0.450102
0.447664
0.438992
0.425129
0.407056
0.385686
0.361821
0.336126
0.309206
0.281596
0.253852
0.226173
0.199407
0.173666
0.149507
0.127253
0.10715
0.0892773
0.0737448
0.0603284
0.0491308
0.0398944
0.0324922
0.0266382
0.0220702
0.0186412
0.0161312
0.0143002
0.0130854
0.0122339
0.0117667
0.0114593
0.0113148
0.0111593
0.0109621
0.0106058
0.0100096
0.00904373
0.00788547
0.00662312
0.00541912
0.00436021
0.00345458
0.00268645
0.00204679
0.00152005
0.00110009
0.000775526
0.000530762
0.000350469
0.000221257
0.00013269
7.52709e-05
4.00149e-05
1.94766e-05
8.44591e-06
3.43666e-06
1.33128e-06
4.48892e-07
9.2463e-08
-3.75548e-08
-7.15391e-08
-7.0906e-08
-6.09012e-08
-5.11503e-08
-4.31678e-08
-3.6927e-08
-3.03211e-08
-2.40624e-08
-1.82765e-08
-1.31016e-08
-8.85758e-09
-5.62739e-09
-3.34239e-09
-1.8631e-09
-1.01448e-09
-5.50654e-10
-2.94533e-10
-1.17836e-10
4.03867e-20
-1.87945e-19
6.60957e-19
-2.50684e-18
8.86875e-18
-2.49596e-17
5.08492e-17
6.58286e-18
-7.832e-18
1.57183e-15
2.79081e-14
-2.74039e-14
-1.27667e-13
-1.17729e-13
-7.54313e-14
4.4767e-14
3.16665e-13
6.29753e-13
8.67436e-13
1.03552e-12
1.12832e-12
1.11584e-12
1.0598e-12
9.85445e-13
9.30548e-13
8.82731e-13
8.36421e-13
7.93759e-13
7.64588e-13
7.63452e-13
8.04322e-13
9.00304e-13
1.07117e-12
1.3362e-12
1.69763e-12
2.06045e-12
2.03004e-12
4.38393e-11
1.55313e-10
1.7798e-09
2.46279e-08
1.03683e-07
2.37788e-07
2.99791e-07
1.79189e-07
-1.01127e-08
-4.10972e-08
-1.30987e-07
-2.46122e-06
-4.68642e-06
-6.61414e-06
-8.03364e-06
-9.05389e-06
-9.5228e-06
-9.0483e-06
-7.72617e-06
-6.09271e-06
-4.63859e-06
-3.58074e-06
-3.09354e-06
-2.63042e-06
-2.0681e-06
-1.34545e-06
-4.46835e-07
5.97293e-07
1.72693e-06
2.89553e-06
4.09012e-06
5.31384e-06
6.57518e-06
7.93156e-06
9.39232e-06
1.10394e-05
1.293e-05
1.52033e-05
1.79742e-05
2.11848e-05
2.48744e-05
2.91139e-05
3.4047e-05
4.02131e-05
4.82034e-05
5.87753e-05
7.36767e-05
9.49561e-05
0.000125654
0.000168935
0.000230644
0.000318049
0.000442532
0.000618291
0.000866088
0.00121196
0.001696
0.00236717
0.00329743
0.00450554
0.0060664
0.0080356
0.0105051
0.0135722
0.01746
0.0225088
0.0292126
0.0383654
0.0513482
0.068947
0.0917088
0.119711
0.152532
0.189666
0.229382
0.269603
0.3072
0.338175
0.36384
0.388556
0.404949
0.405731
0.400389
0.387471
0.367751
0.344276
0.318723
0.292316
0.265821
0.239754
0.214423
0.190013
0.166675
0.144425
0.123453
0.103866
0.0862425
0.070497
0.0568299
0.0451831
0.0354778
0.027502
0.0210438
0.0158864
0.0120883
0.00929136
0.00725157
0.00574863
0.00464023
0.00383305
0.00324829
0.00281988
0.00254709
0.00238438
0.00237308
0.00246847
0.00271533
0.00305929
0.00350289
0.00396889
0.00438467
0.00447941
0.00434706
0.0039231
0.00335571
0.00274339
0.00215201
0.00160363
0.00113738
0.000766614
0.000495422
0.00030814
0.000183493
0.000102864
5.25035e-05
2.50629e-05
1.18761e-05
5.47221e-06
2.36149e-06
8.732e-07
2.25876e-07
-1.1945e-08
-7.5247e-08
-7.55014e-08
-6.12304e-08
-4.67966e-08
-3.55655e-08
-2.65719e-08
-1.94849e-08
-1.42274e-08
-1.03012e-08
-7.29224e-09
-5.05641e-09
-3.44556e-09
-2.28861e-09
-1.47762e-09
-9.26214e-10
-5.6104e-10
-3.24681e-10
-1.79016e-10
-9.4637e-11
-4.84103e-11
-2.00387e-11
3.52808e-19
-1.26326e-18
3.27255e-18
-8.74588e-18
2.11797e-17
-4.3057e-17
7.56785e-17
7.48614e-17
1.36361e-16
1.09125e-14
1.03498e-13
3.99612e-13
-2.14412e-12
-2.60788e-12
-1.43651e-12
4.19356e-13
1.99588e-12
2.1754e-13
-7.02301e-13
2.36541e-13
9.39351e-13
6.15728e-13
-3.29557e-13
-1.33474e-12
-1.98351e-12
-2.21398e-12
-2.3812e-12
-3.165e-12
-5.35294e-12
-9.55488e-12
-1.5927e-11
-2.39983e-11
-3.26894e-11
-4.03637e-11
-4.71715e-11
-5.37477e-11
-1.09903e-10
1.40298e-09
-1.44151e-09
-3.92788e-08
-1.3241e-07
2.49037e-07
-7.28788e-07
-1.57882e-06
-3.77721e-06
-8.2078e-06
-1.26584e-05
-1.41112e-05
-1.4293e-05
-1.71189e-05
-2.18203e-05
-2.63306e-05
-2.79101e-05
-2.57963e-05
-2.0588e-05
-1.3559e-05
-5.59599e-06
3.35628e-06
1.44753e-05
2.87433e-05
4.75966e-05
7.10712e-05
9.93911e-05
0.000131512
0.000166483
0.000202991
0.000239898
0.00027606
0.000311216
0.000344246
0.000376322
0.000405994
0.000435214
0.000463849
0.000492588
0.000523215
0.000556154
0.000593401
0.000636119
0.000687305
0.000748839
0.000824795
0.00091967
0.00103963
0.00119346
0.00139169
0.00164635
0.00197833
0.00240446
0.00295654
0.00366355
0.00457478
0.00572459
0.00719812
0.00903667
0.011371
0.0142439
0.0178822
0.0224389
0.0284233
0.036057
0.0461199
0.0590368
0.0755975
0.0976559
0.12723
0.160158
0.195361
0.231153
0.265115
0.295852
0.320118
0.342514
0.36169
0.3646
0.359504
0.348312
0.32702
0.297842
0.266103
0.233871
0.203025
0.174712
0.14938
0.127028
0.10738
0.0901332
0.0749885
0.0616971
0.0500378
0.0397483
0.0310352
0.0240838
0.0186841
0.0144361
0.011129
0.00854914
0.00655147
0.00500419
0.00382454
0.00291464
0.00222438
0.00169701
0.00130287
0.00100766
0.000787842
0.000618397
0.000488257
0.0003871
0.000309169
0.000247722
0.000200438
0.000163839
0.000137141
0.000140411
0.000219928
0.000384677
0.000634365
0.000835388
0.000994796
0.00100745
0.000903193
0.000730685
0.000540789
0.000355994
0.000214849
0.000123351
6.99015e-05
3.95701e-05
2.22669e-05
1.23727e-05
6.67946e-06
3.40451e-06
1.61268e-06
7.02533e-07
2.73717e-07
8.66696e-08
1.33214e-08
-1.03812e-08
-1.40025e-08
-1.13155e-08
-8.43097e-09
-5.93996e-09
-4.09146e-09
-2.78208e-09
-1.85807e-09
-1.21213e-09
-7.74035e-10
-4.87588e-10
-3.06024e-10
-1.9087e-10
-1.17862e-10
-7.17718e-11
-4.29118e-11
-2.50432e-11
-1.42105e-11
-7.793e-12
-4.09806e-12
-2.04353e-12
-9.15767e-13
7.35864e-19
-2.67805e-18
7.55137e-18
-2.16711e-17
5.27388e-17
-7.67065e-17
-5.9734e-17
4.321e-16
-3.37862e-15
5.11188e-14
3.87297e-13
5.86376e-12
1.8684e-12
-1.67847e-11
-5.83045e-11
-1.05025e-10
-1.40738e-10
-2.99225e-10
-8.07547e-10
-1.838e-09
-3.28952e-09
-4.81399e-09
-5.97895e-09
-6.49357e-09
-6.29331e-09
-5.50969e-09
-4.34139e-09
-3.03796e-09
-1.92141e-09
-1.59707e-09
-1.62893e-09
-1.94665e-09
-2.48333e-09
-3.12918e-09
-3.82102e-09
-4.54635e-09
-5.32313e-09
-3.81492e-09
-2.88138e-07
-1.65068e-06
-6.23538e-06
-9.44901e-06
-5.81417e-06
4.25118e-06
4.62509e-06
-1.17945e-06
-1.40493e-05
-1.00815e-05
0.000135109
0.000836112
0.00227387
0.00430271
0.00664613
0.00898237
0.0110024
0.0124693
0.0133081
0.0133883
0.0131351
0.0126195
0.0121109
0.0116335
0.0112929
0.0110643
0.0109572
0.0109302
0.0109741
0.0110494
0.0111658
0.0112821
0.0114321
0.0115696
0.0117315
0.0119062
0.0120961
0.0123286
0.0125999
0.0129401
0.0133541
0.0138841
0.0145425
0.015371
0.0164069
0.0176929
0.0192891
0.0212604
0.0236567
0.0266121
0.0301545
0.0344548
0.039558
0.0456917
0.0528077
0.0612684
0.0709396
0.0824675
0.0957948
0.111256
0.128155
0.147451
0.168495
0.191562
0.216054
0.242738
0.272674
0.299646
0.315216
0.329169
0.339415
0.341252
0.336322
0.325126
0.308687
0.283061
0.244972
0.204423
0.165825
0.131501
0.10244
0.0785385
0.0592922
0.045196
0.0353413
0.0281471
0.0226654
0.0183456
0.0148656
0.0120183
0.00966782
0.00772579
0.0061211
0.00480066
0.00371161
0.00283987
0.00214349
0.00160348
0.00118882
0.000876747
0.000643
0.000471465
0.000345103
0.000253841
0.000187175
0.000139246
0.000104355
7.90591e-05
5.99516e-05
4.54596e-05
3.41997e-05
2.52203e-05
1.7813e-05
1.1226e-05
5.21477e-06
-9.03754e-07
-6.76105e-06
-1.25207e-05
-1.6997e-05
-1.80822e-05
-1.58823e-05
-1.22901e-05
-7.50492e-06
-5.25709e-06
-4.34657e-06
-3.58299e-06
-2.87201e-06
-2.22322e-06
-1.70405e-06
-1.29368e-06
-9.67802e-07
-7.10497e-07
-5.1179e-07
-3.62273e-07
-2.51916e-07
-1.71918e-07
-1.14955e-07
-7.50241e-08
-4.69561e-08
-2.65342e-08
-1.18723e-08
-4.58967e-09
-1.49092e-09
-3.90354e-10
-9.57794e-11
-3.61169e-11
-1.82214e-11
-9.21878e-12
-3.41808e-12
2.01005e-13
2.06851e-12
2.67495e-12
2.55637e-12
2.11221e-12
1.59505e-12
1.13187e-12
7.66326e-13
4.9779e-13
3.11485e-13
1.88173e-13
1.10261e-13
5.92806e-14
5.74737e-19
-2.30438e-18
7.26155e-18
-2.24868e-17
6.14621e-17
-1.79323e-16
9.14028e-17
-1.99382e-16
-3.14411e-14
5.86821e-13
5.21426e-12
4.25339e-11
2.70827e-10
-1.15213e-10
-1.37563e-09
-4.69455e-10
1.49821e-09
2.41471e-09
2.19457e-10
-5.11931e-09
-1.18867e-08
-1.821e-08
-2.23199e-08
-2.30996e-08
-2.02442e-08
-1.41204e-08
-5.49587e-09
4.81549e-09
1.62566e-08
2.89957e-08
4.37289e-08
6.12796e-08
8.22119e-08
1.06074e-07
1.34642e-07
1.71539e-07
2.28725e-07
3.21546e-07
1.36416e-06
1.49734e-06
-2.92953e-06
-2.78459e-05
0.000229982
0.00215332
0.00537181
0.00968415
0.0151568
0.0216279
0.0292925
0.0385791
0.0492492
0.0596409
0.0686096
0.0755575
0.0804316
0.0833867
0.0851483
0.0859887
0.0866339
0.086952
0.0876444
0.0885944
0.0902409
0.0924512
0.0953182
0.0985003
0.101864
0.104996
0.107941
0.11046
0.112917
0.115201
0.117659
0.120331
0.123216
0.126443
0.129897
0.133676
0.137697
0.142152
0.147034
0.152534
0.158769
0.165936
0.174113
0.183704
0.194626
0.206799
0.21905
0.231146
0.242721
0.254877
0.267171
0.279825
0.291916
0.303708
0.314605
0.324202
0.332365
0.340794
0.349087
0.350463
0.348007
0.341822
0.331538
0.317196
0.300046
0.280088
0.251577
0.21218
0.170352
0.129119
0.0910292
0.0598143
0.0400357
0.0281371
0.0204071
0.015103
0.0113487
0.00862917
0.00660961
0.00508404
0.00391633
0.00301757
0.00232218
0.0017816
0.00136113
0.00103428
0.00078096
0.000585858
0.000436368
0.000323039
0.000237099
0.000173227
0.000125459
9.04396e-05
6.47527e-05
4.61889e-05
3.27618e-05
2.32151e-05
1.63885e-05
1.15971e-05
8.20022e-06
5.83218e-06
4.16193e-06
2.99379e-06
2.13933e-06
1.49705e-06
9.91877e-07
5.42503e-07
1.3203e-07
-3.35177e-07
-8.3828e-07
-1.51948e-06
-2.37902e-06
-3.71037e-06
-5.50158e-06
-7.53972e-06
-8.24099e-06
-8.1874e-06
-6.9572e-06
-5.46494e-06
-4.40702e-06
-3.29138e-06
-2.32611e-06
-1.55298e-06
-9.80016e-07
-5.81394e-07
-3.18069e-07
-1.50148e-07
-6.57365e-08
-3.11679e-08
-1.54451e-08
-7.83264e-09
-4.02351e-09
-2.07841e-09
-1.07245e-09
-5.47892e-10
-2.751e-10
-1.34803e-10
-6.35993e-11
-2.81468e-11
-1.08809e-11
-3.20752e-12
-1.10471e-13
9.54911e-13
1.19986e-12
1.12169e-12
9.0253e-13
6.69286e-13
4.30392e-13
2.5467e-13
1.47697e-13
8.26589e-14
4.50709e-14
2.4071e-14
1.25849e-14
6.44148e-15
3.23007e-15
1.54424e-15
-1.14947e-19
-7.27071e-19
7.03252e-18
-2.66287e-17
3.79726e-17
2.16993e-16
-5.60528e-15
-2.48447e-14
2.2599e-13
1.24023e-11
1.54738e-10
9.80632e-10
5.49158e-09
2.05379e-08
5.65137e-08
1.33053e-07
2.83979e-07
5.43675e-07
9.41299e-07
1.48652e-06
2.18494e-06
3.05131e-06
4.31825e-06
6.54327e-06
1.03715e-05
1.62151e-05
2.41981e-05
3.44724e-05
4.74947e-05
6.40317e-05
8.48703e-05
0.000110374
0.000140071
0.000172013
0.000206197
0.000243146
0.000292912
0.000365178
0.00204762
0.00560763
0.0119972
0.021768
0.0360244
0.0542808
0.072206
0.0877627
0.101633
0.114379
0.126453
0.137154
0.144286
0.146578
0.146988
0.147269
0.147825
0.148701
0.150697
0.156022
0.164943
0.176967
0.190858
0.201074
0.206975
0.21063
0.213185
0.21493
0.216196
0.217011
0.2176
0.217978
0.2184
0.218889
0.219663
0.220769
0.222251
0.224147
0.226377
0.228906
0.231598
0.234376
0.237108
0.239694
0.242042
0.244047
0.245651
0.246745
0.247276
0.247216
0.246662
0.245658
0.244261
0.242273
0.239523
0.235519
0.230248
0.223058
0.214515
0.204449
0.19316
0.179708
0.164254
0.145946
0.124913
0.100829
0.0751228
0.0533539
0.0381282
0.0273472
0.0195937
0.0138865
0.00972291
0.00670082
0.00455044
0.00303408
0.00198556
0.00127934
0.000814655
0.000513649
0.000321054
0.000198925
0.000121975
7.38963e-05
4.40452e-05
2.56936e-05
1.45428e-05
7.86884e-06
3.95591e-06
1.7251e-06
5.04375e-07
-1.24507e-07
-4.0777e-07
-4.98904e-07
-4.90467e-07
-4.36061e-07
-3.63991e-07
-2.91206e-07
-2.25438e-07
-1.70141e-07
-1.25586e-07
-9.09982e-08
-6.48122e-08
-4.5479e-08
-3.14625e-08
-2.1501e-08
-1.45216e-08
-9.72333e-09
-7.04754e-09
-7.72626e-09
-1.14253e-08
-2.15836e-08
-3.53653e-08
-6.15837e-08
-1.00889e-07
-1.82294e-07
-3.23961e-07
-5.55616e-07
-9.1507e-07
-1.40052e-06
-1.56121e-06
-1.56642e-06
-1.31974e-06
-9.77578e-07
-6.65831e-07
-4.24449e-07
-2.55157e-07
-1.48546e-07
-8.4708e-08
-4.75361e-08
-2.61478e-08
-1.39273e-08
-7.00995e-09
-3.34324e-09
-1.53116e-09
-6.80655e-10
-2.95909e-10
-1.26497e-10
-5.33969e-11
-2.23192e-11
-9.25048e-12
-3.80026e-12
-1.53643e-12
-5.92096e-13
-2.02872e-13
-4.22004e-14
1.94291e-14
3.66634e-14
3.87441e-14
2.94645e-14
1.96164e-14
1.07334e-14
4.88671e-15
2.08255e-15
8.66223e-16
3.54082e-16
1.39103e-16
4.78061e-17
8.08492e-18
-1.01631e-17
-2.0343e-17
-2.16038e-17
-8.99124e-19
3.04396e-18
-2.56274e-18
-3.91436e-17
2.0997e-16
-9.56728e-16
-2.88356e-13
-4.16547e-14
3.02566e-11
6.34994e-10
1.11089e-08
1.56931e-07
1.24156e-06
1.40355e-05
9.07125e-05
0.000362387
0.000973536
0.00196728
0.00324156
0.00466735
0.00609128
0.00741091
0.00858188
0.00957402
0.0103932
0.0117386
0.0133831
0.0153137
0.0177792
0.0205573
0.0236144
0.027037
0.0306471
0.0354931
0.0405155
0.0465302
0.0536233
0.0642092
0.0754389
0.0878236
0.103363
0.120438
0.137215
0.153388
0.169922
0.179764
0.18233
0.18111
0.176416
0.169156
0.160359
0.151178
0.14196
0.132773
0.121808
0.106063
0.0855149
0.0661791
0.0513172
0.0434321
0.041589
0.0440058
0.0479352
0.0528116
0.0576594
0.0624112
0.0663661
0.0697982
0.0723198
0.074417
0.0758778
0.0771579
0.0781757
0.0790995
0.0800269
0.0808225
0.0815831
0.0820487
0.0822694
0.0819614
0.0811285
0.0796306
0.0774161
0.0744872
0.0708337
0.0664581
0.0615696
0.0559763
0.0503702
0.044463
0.0387557
0.0329247
0.0276366
0.0225548
0.0181775
0.014135
0.0107449
0.00766467
0.00521824
0.00342263
0.00218697
0.00135805
0.000821495
0.000482782
0.000275841
0.000152751
8.19126e-05
4.22861e-05
2.08586e-05
9.64199e-06
4.01686e-06
1.34217e-06
1.72622e-07
-2.62752e-07
-3.64922e-07
-3.34488e-07
-2.67567e-07
-2.07793e-07
-1.71779e-07
-1.60863e-07
-1.68433e-07
-1.84785e-07
-2.01367e-07
-2.12164e-07
-2.14292e-07
-2.06507e-07
-1.8943e-07
-1.63217e-07
-1.33084e-07
-1.03995e-07
-7.32054e-08
-5.3702e-08
-3.95978e-08
-2.8654e-08
-2.02393e-08
-1.40332e-08
-9.547e-09
-6.40517e-09
-4.23474e-09
-2.77335e-09
-1.79637e-09
-1.15741e-09
-7.40411e-10
-4.73227e-10
-3.01827e-10
-1.93471e-10
-1.56345e-10
-2.0108e-10
-2.66156e-10
-5.85817e-10
-1.42228e-09
-3.62367e-09
-6.35118e-09
-1.04282e-08
-1.45805e-08
-2.65321e-08
-5.06607e-08
-8.00504e-08
-7.32613e-08
-5.86793e-08
-3.94403e-08
-2.51277e-08
-1.53059e-08
-8.90131e-09
-4.91281e-09
-2.61057e-09
-1.34064e-09
-6.6654e-10
-3.20482e-10
-1.4898e-10
-6.6986e-11
-2.91527e-11
-1.22921e-11
-5.02814e-12
-1.99861e-12
-7.73361e-13
-2.9192e-13
-1.07725e-13
-3.89514e-14
-1.3767e-14
-4.41684e-15
-1.1289e-15
-1.00595e-16
2.27052e-16
2.82458e-16
1.5966e-16
1.17196e-16
7.78897e-17
4.69005e-17
2.33671e-17
9.98823e-18
6.67596e-19
-1.18127e-18
-9.70786e-19
-5.86936e-19
-3.46256e-19
-2.06631e-19
-9.58827e-20
2.4384e-20
2.65896e-19
-5.274e-19
7.62834e-18
-5.2047e-17
2.16859e-16
-4.71361e-16
-2.41675e-14
-2.28942e-12
2.25068e-11
1.33107e-09
2.83414e-08
4.61958e-07
5.18153e-06
4.5731e-05
0.000477736
0.00324159
0.0176828
0.0657699
0.15038
0.235624
0.2579
0.255134
0.237139
0.1994
0.131633
0.0612541
0.0180026
0.00973311
0.010134
0.0113129
0.0135936
0.0173661
0.0223029
0.0281728
0.0348273
0.0421554
0.050044
0.0583496
0.0654425
0.0690416
0.0674054
0.0605973
0.0513637
0.0416729
0.0322254
0.0237458
0.0167604
0.0114826
0.00784749
0.00555683
0.00420082
0.00334799
0.00267569
0.00202662
0.00139531
0.000862232
0.000485618
0.000259388
0.000140339
8.7906e-05
5.85367e-05
4.66206e-05
4.20084e-05
4.03589e-05
4.03394e-05
7.22012e-05
0.000143284
0.000219961
0.000316629
0.000387891
0.000469905
0.000519457
0.000575702
0.000609995
0.000640087
0.000664591
0.00066972
0.000672554
0.000647527
0.00061552
0.000554802
0.00048305
0.000396939
0.000303208
0.000211687
0.00012985
6.36441e-05
1.90025e-05
6.80773e-06
2.68124e-06
6.05726e-07
-4.66296e-07
-1.5486e-06
-2.21215e-06
-2.65408e-06
-2.67945e-06
-2.40488e-06
-1.94511e-06
-1.43772e-06
-1.00718e-06
-6.37362e-07
-3.84355e-07
-2.2245e-07
-1.24514e-07
-6.72717e-08
-3.50319e-08
-1.78007e-08
-8.96712e-09
-4.82339e-09
-3.5074e-09
-4.151e-09
-5.84969e-09
-7.59569e-09
-8.57244e-09
-8.46683e-09
-7.5261e-09
-6.33216e-09
-5.35439e-09
-4.41534e-09
-3.33142e-09
-2.24054e-09
-1.35989e-09
-7.71094e-10
-4.29676e-10
-2.49968e-10
-1.59147e-10
-1.11287e-10
-8.25911e-11
-6.24883e-11
-4.70421e-11
-3.48504e-11
-2.53563e-11
-1.81633e-11
-1.28027e-11
-8.88019e-12
-6.06794e-12
-4.09051e-12
-2.72536e-12
-1.79686e-12
-1.17435e-12
-7.61808e-13
-4.91362e-13
-3.15725e-13
-2.02562e-13
-1.30197e-13
-8.42136e-14
-5.54017e-14
-4.37388e-14
-1.01684e-12
-2.61791e-12
-1.03942e-11
-1.18572e-11
-3.1997e-11
-6.03514e-11
-1.37204e-10
-2.56253e-10
-6.29539e-10
-1.57176e-09
-2.74558e-09
-1.64744e-09
-8.37886e-10
-3.61626e-10
-1.48057e-10
-5.71753e-11
-2.07267e-11
-7.02382e-12
-2.22797e-12
-6.77394e-13
-2.03972e-13
-6.26621e-14
-2.01088e-14
-6.81354e-15
-2.42608e-15
-8.93864e-16
-3.34481e-16
-1.2532e-16
-4.70164e-17
-1.83888e-17
-8.37779e-18
-5.93501e-18
-6.23216e-18
-6.42591e-18
-5.75882e-18
-4.24624e-18
-3.55498e-18
-3.24166e-18
-2.7822e-18
-1.96054e-18
-1.57324e-18
-1.45804e-18
-1.49349e-18
-1.47426e-18
-6.13708e-19
-1.89527e-19
-3.71022e-20
3.24807e-21
7.70523e-21
7.97242e-21
8.49964e-21
8.865e-21
1.05499e-21
)
;

boundaryField
{
    inlet
    {
        type            uniformFixedValue;
        uniformValue    table;
        uniformValueCoeffs
        {
            values          
4
(
(0 1)
(0.15 1)
(0.151 0)
(1 0)
)
;
        }
        value           uniform 0;
    }
    outlet
    {
        type            inletOutlet;
        inletValue      uniform 0;
        value           nonuniform List<scalar> 
20
(
2.92738e-21
9.24158e-20
-8.95947e-19
-5.96582e-17
-1.19825e-14
-7.49157e-13
-2.8601e-11
-2.20559e-10
-8.33305e-10
-1.58245e-09
-1.45329e-09
-5.88223e-10
-1.17836e-10
-2.00387e-11
-9.15767e-13
5.92806e-14
1.54424e-15
-2.16038e-17
2.65896e-19
1.05499e-21
)
;
    }
    walls
    {
        type            zeroGradient;
    }
    frontAndBack
    {
        type            empty;
    }
}


// ************************************************************************* //
