/*--------------------------------*- C++ -*----------------------------------*\
| =========                 |                                                 |
| \\      /  F ield         | OpenFOAM: The Open Source CFD Toolbox           |
|  \\    /   O peration     | Version:  2506                                  |
|   \\  /    A nd           | Website:  www.openfoam.com                      |
|    \\/     M anipulation  |                                                 |
\*---------------------------------------------------------------------------*/
FoamFile
{
    version     2.0;
    format      ascii;
    arch        "LSB;label=32;scalar=64";
    class       surfaceScalarField;
    location    "1.25";
    object      phi;
}
// * * * * * * * * * * * * * * * * * * * * * * * * * * * * * * * * * * * * * //

dimensions      [0 3 -1 0 0 0 0];

oriented        oriented;

internalField   nonuniform List<scalar> 
7780
(
2.03568e-09
4.64284e-10
1.48438e-09
5.51246e-10
1.07539e-09
4.08924e-10
7.88229e-10
2.87124e-10
5.89505e-10
1.98724e-10
4.50441e-10
1.3908e-10
3.51356e-10
9.90992e-11
2.7878e-10
7.25828e-11
2.24192e-10
5.45907e-11
1.82391e-10
4.18002e-11
1.49899e-10
3.24914e-11
1.24288e-10
2.56104e-11
1.0384e-10
2.04467e-11
8.72487e-11
1.6591e-11
7.34816e-11
1.37671e-11
6.17418e-11
1.17402e-11
5.14126e-11
1.03299e-11
4.20031e-11
9.4105e-12
3.31262e-11
8.87803e-12
2.44884e-11
8.63912e-12
1.58736e-11
8.61612e-12
7.1239e-12
8.7512e-12
-1.87351e-12
8.99897e-12
-1.11926e-11
9.32081e-12
-2.08806e-11
9.68987e-12
-3.09646e-11
1.00862e-11
-4.14498e-11
1.04879e-11
-5.23123e-11
1.08657e-11
-6.34857e-11
1.11771e-11
-7.48435e-11
1.13621e-11
-8.61788e-11
1.13399e-11
-9.71599e-11
1.09857e-11
-1.07063e-10
9.90709e-12
-1.16266e-10
9.20622e-12
-1.16679e-10
4.13703e-13
-1.03438e-10
-1.32398e-11
-7.99434e-11
-2.34845e-11
-4.96415e-11
-3.02725e-11
-1.33655e-11
-3.62221e-11
2.94195e-11
-4.27104e-11
8.66324e-11
-5.71319e-11
1.4912e-10
-6.24224e-11
2.05726e-10
-5.65681e-11
2.56315e-10
-5.05744e-11
2.99281e-10
-4.29653e-11
3.36123e-10
-3.68448e-11
3.69125e-10
-3.3004e-11
3.94123e-10
-2.49929e-11
4.15684e-10
-2.15471e-11
4.32056e-10
-1.6352e-11
4.4185e-10
-9.76883e-12
4.47903e-10
-6.01778e-12
4.43866e-10
4.0848e-12
4.35889e-10
8.02948e-12
4.16973e-10
1.89671e-11
3.91358e-10
2.56543e-11
3.57177e-10
3.42039e-11
3.13327e-10
4.38539e-11
2.66964e-10
4.63521e-11
2.09998e-10
5.69441e-11
1.54514e-10
5.54654e-11
9.74507e-11
5.70578e-11
4.19358e-11
5.55373e-11
-9.3299e-12
5.13255e-11
-5.79202e-11
4.86912e-11
-1.00153e-10
4.23694e-11
-1.38775e-10
3.87829e-11
-1.7178e-10
3.31704e-11
-2.00998e-10
2.93694e-11
-2.262e-10
2.53299e-11
-2.48548e-10
2.24504e-11
-2.68175e-10
1.97034e-11
-2.85289e-10
1.71658e-11
-3.00165e-10
1.49103e-11
-3.12734e-10
1.25971e-11
-3.23385e-10
1.06795e-11
-3.3218e-10
8.83401e-12
-3.39106e-10
6.98277e-12
-3.44585e-10
5.55649e-12
-3.48811e-10
4.32572e-12
-3.51948e-10
3.25663e-12
-3.54373e-10
2.55633e-12
-3.56341e-10
2.10323e-12
-3.58108e-10
1.8972e-12
-3.59986e-10
2.00019e-12
-3.61935e-10
2.06021e-12
-3.63963e-10
2.12851e-12
-3.66619e-10
2.74592e-12
-3.69424e-10
2.88564e-12
-3.72113e-10
2.76149e-12
-3.75421e-10
3.37011e-12
-3.78467e-10
3.09869e-12
-3.8105e-10
2.62813e-12
-3.83966e-10
2.95253e-12
-3.8549e-10
1.5533e-12
-3.87381e-10
1.91361e-12
-3.87274e-10
-8.86941e-14
-3.87055e-10
-2.05862e-13
-3.84389e-10
-2.65433e-12
-3.81613e-10
-2.76826e-12
-3.76476e-10
-5.13019e-12
-3.70746e-10
-5.72354e-12
-3.63233e-10
-7.50708e-12
-3.52999e-10
-1.02276e-11
-3.41158e-10
-1.18343e-11
-3.26375e-10
-1.47747e-11
-3.0998e-10
-1.63834e-11
-2.90765e-10
-1.91998e-11
-2.69168e-10
-2.15784e-11
-2.45006e-10
-2.41369e-11
-2.18387e-10
-2.6587e-11
-1.89522e-10
-2.88258e-11
-1.58529e-10
-3.09444e-11
-1.26183e-10
-3.22859e-11
-9.21409e-11
-3.39702e-11
-5.76044e-11
-3.44516e-11
-2.28301e-11
-3.46765e-11
1.20332e-11
-3.47527e-11
4.57433e-11
-3.35873e-11
7.81332e-11
-3.22556e-11
1.09155e-10
-3.0877e-11
1.37862e-10
-2.85545e-11
1.64e-10
-2.59801e-11
1.87992e-10
-2.38296e-11
2.09217e-10
-2.1063e-11
2.27858e-10
-1.84796e-11
2.44059e-10
-1.60426e-11
2.57725e-10
-1.35121e-11
2.69342e-10
-1.1469e-11
2.79777e-10
-1.02968e-11
2.87847e-10
-7.946e-12
2.94912e-10
-6.96593e-12
3.02262e-10
-7.29342e-12
3.07578e-10
-5.31309e-12
3.12695e-10
-5.17038e-12
3.19326e-10
-6.74131e-12
3.22407e-10
-3.24112e-12
3.27162e-10
-4.95278e-12
3.29384e-10
-2.43441e-12
3.30287e-10
-1.10431e-12
3.28483e-10
1.64499e-12
3.22437e-10
5.94937e-12
3.10706e-10
1.17078e-11
2.94191e-10
1.65591e-11
2.68148e-10
2.61314e-11
2.38227e-10
3.00278e-11
1.9626e-10
4.20656e-11
1.50564e-10
4.57713e-11
9.94551e-11
5.11583e-11
4.4395e-11
5.50927e-11
-9.87956e-12
5.43056e-11
-6.55244e-11
5.56907e-11
-1.16569e-10
5.11144e-11
-1.6476e-10
4.82873e-11
-2.0728e-10
4.26353e-11
-2.44703e-10
3.75463e-11
-2.76141e-10
3.15542e-11
-3.00846e-10
2.48104e-11
-3.17409e-10
1.66625e-11
-3.21907e-10
4.5983e-12
-3.35403e-10
1.35773e-11
-3.41878e-10
6.54108e-12
-3.39094e-10
-2.73766e-12
-3.27777e-10
-1.12917e-11
-3.09788e-10
-1.79806e-11
-2.8336e-10
-2.64247e-11
-2.48754e-10
-3.4598e-11
-2.05546e-10
-4.31932e-11
-1.61603e-10
-4.3924e-11
-1.22344e-10
-3.92387e-11
-9.00701e-11
-3.22547e-11
-6.53575e-11
-2.46943e-11
-4.77268e-11
-1.76144e-11
-3.61216e-11
-1.15916e-11
-2.92994e-11
-6.81111e-12
-2.61429e-11
-3.14798e-12
-2.50473e-11
-1.08916e-12
-2.50291e-11
-1.36227e-14
-2.52777e-11
2.51786e-13
-2.51971e-11
-7.84251e-14
-2.44281e-11
-7.67364e-13
-2.27909e-11
-1.63601e-12
-2.02539e-11
-2.53584e-12
-1.70949e-11
-3.15762e-12
-1.36285e-11
-3.46501e-12
-1.02081e-11
-3.41894e-12
-7.18591e-12
-3.02068e-12
-4.90011e-12
-2.28426e-12
-3.63206e-12
-1.26652e-12
-3.41005e-12
-2.20535e-13
-4.36868e-12
9.59982e-13
-6.34324e-12
1.97571e-12
-9.31441e-12
2.97211e-12
-1.31882e-11
3.87443e-12
-1.77883e-11
4.60054e-12
-2.29388e-11
5.15067e-12
-2.8494e-11
5.55516e-12
-3.43731e-11
5.8788e-12
-4.0734e-11
6.36148e-12
8.05166e-12
2.66235e-09
3.01915e-10
2.61127e-09
6.02288e-10
2.41387e-09
6.06297e-10
2.16481e-09
5.36162e-10
1.91518e-09
4.48368e-10
1.69366e-09
3.60625e-10
1.50833e-09
2.84459e-10
1.35665e-09
2.24275e-10
1.23385e-09
1.77404e-10
1.13493e-09
1.40729e-10
1.05512e-09
1.12301e-10
9.90375e-10
9.03508e-11
9.37459e-10
7.33599e-11
8.93678e-10
6.03707e-11
8.56795e-10
5.06481e-11
8.25018e-10
4.35161e-11
7.96904e-10
3.84434e-11
7.7127e-10
3.50444e-11
7.47156e-10
3.29926e-11
7.238e-10
3.19955e-11
7.00608e-10
3.18089e-11
6.77114e-10
3.22471e-11
6.52942e-10
3.31717e-11
6.27785e-10
3.44804e-11
6.01375e-10
3.61011e-11
5.73479e-10
3.79846e-11
5.43878e-10
4.0092e-11
5.12362e-10
4.23851e-11
4.78726e-10
4.48159e-11
4.42774e-10
4.73174e-11
4.04313e-10
4.98049e-11
3.63103e-10
5.21988e-11
3.18732e-10
5.42802e-11
2.67616e-10
6.03227e-11
2.33286e-10
3.47405e-11
2.39963e-10
-1.99269e-11
2.78647e-10
-6.21847e-11
3.38436e-10
-9.00776e-11
4.15913e-10
-1.13703e-10
5.11398e-10
-1.38175e-10
6.30204e-10
-1.75887e-10
7.53542e-10
-1.85693e-10
8.6773e-10
-1.70695e-10
9.71226e-10
-1.54031e-10
1.06192e-09
-1.33646e-10
1.14199e-09
-1.16922e-10
1.2136e-09
-1.04628e-10
1.27286e-09
-8.42786e-11
1.32441e-09
-7.31175e-11
1.36609e-09
-5.80604e-11
1.39665e-09
-4.03493e-11
1.41752e-09
-2.6923e-11
1.42306e-09
-1.47705e-12
1.41701e-09
1.40706e-11
1.39252e-09
4.34607e-11
1.35282e-09
6.5355e-11
1.29525e-09
9.17799e-11
1.21845e-09
1.2066e-10
1.12964e-09
1.35167e-10
1.02013e-09
1.66456e-10
9.04398e-10
1.71209e-10
7.80604e-10
1.8088e-10
6.54559e-10
1.81628e-10
5.31736e-10
1.7421e-10
4.116e-10
1.68898e-10
3.00927e-10
1.53113e-10
1.96942e-10
1.42832e-10
1.03887e-10
1.26272e-10
1.96406e-11
1.13646e-10
-5.50951e-11
1.00082e-10
-1.20403e-10
8.77646e-11
-1.78314e-10
7.76108e-11
-2.28176e-10
6.70213e-11
-2.71292e-10
5.80225e-11
-3.08262e-10
4.95675e-11
-3.39175e-10
4.16012e-11
-3.64706e-10
3.43842e-11
-3.85425e-10
2.77321e-11
-4.01696e-10
2.18686e-11
-4.14151e-10
1.68284e-11
-4.23443e-10
1.26e-11
-4.30179e-10
9.34262e-12
-4.34999e-10
6.96752e-12
-4.38535e-10
5.46828e-12
-4.41071e-10
4.56413e-12
-4.43156e-10
4.16799e-12
-4.45117e-10
4.10703e-12
-4.47059e-10
4.70259e-12
-4.49125e-10
4.96304e-12
-4.51302e-10
4.94567e-12
-4.53236e-10
5.309e-12
-4.54967e-10
4.83278e-12
-4.56141e-10
3.80317e-12
-4.56324e-10
3.13537e-12
-4.55481e-10
7.10469e-13
-4.52899e-10
-6.68413e-13
-4.47991e-10
-4.99598e-12
-4.40373e-10
-7.82238e-12
-4.30109e-10
-1.29165e-11
-4.16231e-10
-1.66443e-11
-3.98668e-10
-2.26895e-11
-3.7649e-10
-2.78988e-11
-3.49627e-10
-3.43661e-11
-3.18414e-10
-4.14366e-11
-2.8177e-10
-4.84754e-11
-2.40185e-10
-5.6357e-11
-1.92595e-10
-6.39712e-11
-1.40007e-10
-7.1787e-11
-8.21396e-11
-7.94453e-11
-1.96568e-11
-8.66203e-11
4.69791e-11
-9.32243e-11
1.16878e-10
-9.87272e-11
1.89616e-10
-1.03686e-10
2.63315e-10
-1.05989e-10
3.38541e-10
-1.09199e-10
4.12669e-10
-1.0858e-10
4.85348e-10
-1.07352e-10
5.55938e-10
-1.05334e-10
6.22766e-10
-1.00399e-10
6.85608e-10
-9.50722e-11
7.44168e-10
-8.94037e-11
7.97358e-10
-8.17015e-11
8.45144e-10
-7.37171e-11
8.87945e-10
-6.65762e-11
9.25409e-10
-5.84711e-11
9.57967e-10
-5.09834e-11
9.86014e-10
-4.40387e-11
1.00996e-09
-3.74069e-11
1.03079e-09
-3.22526e-11
1.04936e-09
-2.88123e-11
1.06488e-09
-2.33987e-11
1.07924e-09
-2.12469e-11
1.09388e-09
-2.18475e-11
1.1065e-09
-1.78481e-11
1.11969e-09
-1.83024e-11
1.13407e-09
-2.10894e-11
1.14519e-09
-1.43776e-11
1.15743e-09
-1.72498e-11
1.16637e-09
-1.14826e-11
1.17214e-09
-7.02776e-12
1.17301e-09
6.00981e-13
1.16557e-09
1.32062e-11
1.14816e-09
2.89573e-11
1.11899e-09
4.56246e-11
1.07282e-09
7.22483e-11
1.01457e-09
8.82924e-11
9.34159e-10
1.22527e-10
8.41151e-10
1.38846e-10
7.33707e-10
1.58666e-10
6.14216e-10
1.74638e-10
4.90726e-10
1.77842e-10
3.60258e-10
1.86199e-10
2.3393e-10
1.77481e-10
1.08771e-10
1.73481e-10
-6.97978e-12
1.58415e-10
-1.15167e-10
1.45752e-10
-2.10792e-10
1.27188e-10
-2.9453e-10
1.08556e-10
-3.63865e-10
8.60109e-11
-4.16884e-10
5.76322e-11
-4.39182e-10
3.5886e-11
-4.39183e-10
6.54659e-12
-4.15853e-10
-2.60708e-11
-3.68522e-10
-5.86328e-11
-2.96615e-10
-8.9901e-11
-2.02932e-10
-1.20119e-10
-8.84582e-11
-1.49076e-10
2.88692e-11
-1.60517e-10
1.35715e-10
-1.50762e-10
2.27951e-10
-1.31464e-10
3.03937e-10
-1.08229e-10
3.63881e-10
-8.46274e-11
4.0934e-10
-6.30623e-11
4.42685e-10
-4.49274e-11
4.66673e-10
-3.0791e-11
4.84207e-10
-2.06766e-11
4.97501e-10
-1.43783e-11
5.08711e-10
-1.1221e-11
5.19452e-10
-1.04876e-11
5.30795e-10
-1.14214e-11
5.43303e-10
-1.32757e-11
5.5705e-10
-1.53839e-11
5.71691e-10
-1.7178e-11
5.86717e-10
-1.81848e-11
6.01402e-10
-1.81508e-11
6.14969e-10
-1.69856e-11
6.26693e-10
-1.47457e-11
6.36014e-10
-1.16046e-11
6.42573e-10
-7.82477e-12
6.4611e-10
-3.75678e-12
6.46722e-10
3.48915e-13
6.4454e-10
4.15879e-12
6.4e-10
7.51338e-12
6.33574e-10
1.03017e-11
6.25762e-10
1.24135e-11
6.17049e-10
1.38644e-11
6.07855e-10
1.47486e-11
5.98478e-10
1.52557e-11
5.89107e-10
1.5732e-11
1.76954e-11
2.62618e-09
1.75722e-10
2.78492e-09
4.43566e-10
2.84175e-09
5.49469e-10
2.81369e-09
5.64238e-10
2.7269e-09
5.35192e-10
2.60523e-09
4.8234e-10
2.47183e-09
4.17889e-10
2.34128e-09
3.54839e-10
2.22145e-09
2.97248e-10
2.11502e-09
2.4716e-10
2.0221e-09
2.05227e-10
1.94187e-09
1.70582e-10
1.87299e-09
1.42242e-10
1.8137e-09
1.19656e-10
1.76224e-09
1.02107e-10
1.71702e-09
8.87296e-11
1.67663e-09
7.88366e-11
1.63975e-09
7.19198e-11
1.60525e-09
6.7496e-11
1.57214e-09
6.5103e-11
1.53961e-09
6.43392e-11
1.50697e-09
6.4893e-11
1.47362e-09
6.65251e-11
1.43904e-09
6.90563e-11
1.40278e-09
7.23657e-11
1.36439e-09
7.63797e-11
1.32342e-09
8.10575e-11
1.27943e-09
8.6378e-11
1.23192e-09
9.23284e-11
1.18035e-09
9.88957e-11
1.12409e-09
1.06071e-10
1.06239e-09
1.13897e-10
9.94183e-10
1.22492e-10
9.14794e-10
1.39712e-10
8.51194e-10
9.8338e-11
8.35086e-10
-3.83077e-12
8.60054e-10
-8.71766e-11
9.15996e-10
-1.46056e-10
9.98695e-10
-1.96438e-10
1.10626e-09
-2.45755e-10
1.23954e-09
-3.09145e-10
1.37843e-09
-3.24521e-10
1.51191e-09
-3.04089e-10
1.63644e-09
-2.78493e-10
1.74896e-09
-2.46105e-10
1.85075e-09
-2.18688e-10
1.9432e-09
-1.97079e-10
2.02331e-09
-1.64401e-10
2.09453e-09
-1.44353e-10
2.15513e-09
-1.18685e-10
2.20391e-09
-8.91549e-11
2.24138e-09
-6.44257e-11
2.26368e-09
-2.38156e-11
2.27236e-09
5.35888e-12
2.26252e-09
5.32745e-11
2.23524e-09
9.26267e-11
2.1879e-09
1.39119e-10
2.1184e-09
1.90168e-10
2.03129e-09
2.22283e-10
1.91883e-09
2.78925e-10
1.79199e-09
2.98069e-10
1.64902e-09
3.23887e-10
1.49561e-09
3.3509e-10
1.33745e-09
3.3242e-10
1.17571e-09
3.30685e-10
1.01891e-09
3.09939e-10
8.65993e-10
2.95765e-10
7.23498e-10
2.68757e-10
5.90369e-10
2.46748e-10
4.6889e-10
2.21523e-10
3.59863e-10
1.96748e-10
2.61239e-10
1.76192e-10
1.74873e-10
1.53351e-10
9.90513e-11
1.33818e-10
3.29894e-11
1.15615e-10
-2.31967e-11
9.77848e-11
-7.07073e-11
8.19047e-11
-1.10492e-10
6.75379e-11
-1.42861e-10
5.42671e-11
-1.68688e-10
4.26894e-11
-1.88971e-10
3.29173e-11
-2.04406e-10
2.48071e-11
-2.15933e-10
1.85123e-11
-2.24353e-10
1.38946e-11
-2.30443e-10
1.06521e-11
-2.35072e-10
8.78951e-12
-2.38838e-10
7.86094e-12
-2.41559e-10
7.41151e-12
-2.43953e-10
7.34282e-12
-2.46144e-10
7.12331e-12
-2.47325e-10
6.47559e-12
-2.47865e-10
5.36016e-12
-2.47477e-10
3.40301e-12
-2.44941e-10
5.89604e-13
-2.41184e-10
-3.05553e-12
-2.34004e-10
-7.85521e-12
-2.25017e-10
-1.39871e-11
-2.1169e-10
-2.11526e-11
-1.95086e-10
-2.95216e-11
-1.72569e-10
-3.91611e-11
-1.45408e-10
-4.98491e-11
-1.11421e-10
-6.18836e-11
-7.09749e-11
-7.48099e-11
-2.38438e-11
-8.85655e-11
3.12801e-11
-1.03597e-10
9.29171e-11
-1.17993e-10
1.62665e-10
-1.33719e-10
2.38757e-10
-1.47882e-10
3.21295e-10
-1.61988e-10
4.09214e-10
-1.74546e-10
5.01564e-10
-1.85584e-10
5.97063e-10
-1.94239e-10
6.9487e-10
-2.01509e-10
7.92673e-10
-2.03811e-10
8.90832e-10
-2.07381e-10
9.86412e-10
-2.04185e-10
1.07892e-09
-1.99889e-10
1.16759e-09
-1.94025e-10
1.25075e-09
-1.83586e-10
1.32818e-09
-1.72511e-10
1.39961e-09
-1.60849e-10
1.46416e-09
-1.46238e-10
1.52197e-09
-1.3151e-10
1.57351e-09
-1.18088e-10
1.61871e-09
-1.03625e-10
1.65819e-09
-9.04135e-11
1.69253e-09
-7.83371e-11
1.72241e-09
-6.72399e-11
1.74891e-09
-5.87194e-11
1.77296e-09
-5.28158e-11
1.79435e-09
-4.47293e-11
1.81471e-09
-4.15364e-11
1.83553e-09
-4.25614e-11
1.85497e-09
-3.71677e-11
1.87535e-09
-3.85668e-11
1.89655e-09
-4.21811e-11
1.9157e-09
-3.34378e-11
1.93535e-09
-3.68614e-11
1.9522e-09
-2.83357e-11
1.96558e-09
-2.04762e-11
1.97329e-09
-7.23313e-12
1.97259e-09
1.37304e-11
1.96157e-09
3.98006e-11
1.93729e-09
6.97413e-11
1.89549e-09
1.13936e-10
1.83804e-09
1.45688e-10
1.75657e-09
2.04001e-10
1.65713e-09
2.38335e-10
1.53774e-09
2.78119e-10
1.3992e-09
3.13244e-10
1.24891e-09
3.28191e-10
1.08344e-09
3.51714e-10
9.15278e-10
3.45675e-10
7.41436e-10
3.47344e-10
5.72838e-10
3.27018e-10
4.07312e-10
3.11268e-10
2.53756e-10
2.80725e-10
1.12954e-10
2.4934e-10
-6.39014e-12
2.05346e-10
-1.03858e-10
1.55093e-10
-1.35385e-10
6.74027e-11
-1.282e-10
-6.50404e-13
-8.71354e-11
-6.71512e-11
-1.39949e-11
-1.31793e-10
9.3647e-11
-1.97563e-10
2.28171e-10
-2.54661e-10
3.86305e-10
-3.07221e-10
5.40283e-10
-3.14498e-10
6.77492e-10
-2.87966e-10
7.96227e-10
-2.50189e-10
8.95958e-10
-2.07947e-10
9.77412e-10
-1.66067e-10
1.04236e-09
-1.27997e-10
1.09334e-09
-9.58959e-11
1.13332e-09
-7.07606e-11
1.16536e-09
-5.27038e-11
1.1922e-09
-4.12086e-11
1.21626e-09
-3.52782e-11
1.23942e-09
-3.36505e-11
1.26296e-09
-3.4954e-11
1.28751e-09
-3.78279e-11
1.31316e-09
-4.10315e-11
1.33949e-09
-4.35193e-11
1.36581e-09
-4.45033e-11
1.39117e-09
-4.35159e-11
1.41458e-09
-4.03967e-11
1.4351e-09
-3.52661e-11
1.45197e-09
-2.84719e-11
1.46467e-09
-2.05198e-11
1.47292e-09
-1.20089e-11
1.4768e-09
-3.52707e-12
1.47661e-09
4.34975e-12
1.47289e-09
1.12355e-11
1.46634e-09
1.68534e-11
1.4577e-09
2.10543e-11
1.44772e-09
2.38489e-11
1.43708e-09
2.5385e-11
1.42638e-09
2.59532e-11
1.41625e-09
2.58615e-11
2.69147e-11
2.57059e-09
1.05116e-10
2.71948e-09
2.94688e-10
2.85217e-09
4.16801e-10
2.94318e-09
4.73248e-10
2.99177e-09
4.8664e-10
2.99893e-09
4.75231e-10
2.97201e-09
4.44847e-10
2.92364e-09
4.03223e-10
2.86363e-09
3.57265e-10
2.79856e-09
3.12236e-10
2.73291e-09
2.70881e-10
2.66987e-09
2.33626e-10
2.61098e-09
2.01134e-10
2.55653e-09
1.74102e-10
2.50648e-09
1.52163e-10
2.46055e-09
1.34652e-10
2.41825e-09
1.21137e-10
2.37886e-09
1.11305e-10
2.34164e-09
1.04717e-10
2.30583e-09
1.00911e-10
2.27074e-09
9.9438e-11
2.23567e-09
9.99598e-11
2.2e-09
1.02193e-10
2.16315e-09
1.05916e-10
2.12453e-09
1.10979e-10
2.08362e-09
1.17297e-10
2.03984e-09
1.24839e-10
1.99261e-09
1.33616e-10
1.94127e-09
1.4367e-10
1.8851e-09
1.55069e-10
1.82326e-09
1.67913e-10
1.7548e-09
1.8236e-10
1.6785e-09
1.98797e-10
1.58991e-09
2.28303e-10
1.51194e-09
1.76302e-10
1.47442e-09
3.36831e-11
1.47644e-09
-8.92176e-11
1.51283e-09
-1.82496e-10
1.58047e-09
-2.64127e-10
1.67573e-09
-3.4107e-10
1.79636e-09
-4.29797e-10
1.92497e-09
-4.53103e-10
2.05377e-09
-4.32826e-10
2.1775e-09
-4.02144e-10
2.29228e-09
-3.60801e-10
2.39833e-09
-3.24681e-10
2.4963e-09
-2.95014e-10
2.58371e-09
-2.51797e-10
2.66301e-09
-2.23647e-10
2.7332e-09
-1.88877e-10
2.79266e-09
-1.48615e-10
2.84167e-09
-1.13448e-10
2.87827e-09
-6.04386e-11
2.90317e-09
-1.95711e-11
2.91273e-09
4.36985e-11
2.90722e-09
9.8115e-11
2.88453e-09
1.61812e-10
2.84225e-09
2.32451e-10
2.78246e-09
2.82087e-10
2.69877e-09
3.62639e-10
2.59742e-09
3.99437e-10
2.47597e-09
4.45377e-10
2.33819e-09
4.72914e-10
2.18785e-09
4.82798e-10
2.02642e-09
4.92149e-10
1.86152e-09
4.7485e-10
1.69363e-09
4.63637e-10
1.53008e-09
4.32269e-10
1.37158e-09
4.05194e-10
1.22181e-09
3.71225e-10
1.08294e-09
3.35544e-10
9.53782e-10
3.05291e-10
8.37321e-10
2.69764e-10
7.32204e-10
2.38904e-10
6.38088e-10
2.09714e-10
5.5555e-10
1.80323e-10
4.834e-10
1.54067e-10
4.2073e-10
1.30231e-10
3.67285e-10
1.07744e-10
3.22232e-10
8.77774e-11
2.84429e-10
7.07529e-11
2.53165e-10
5.6094e-11
2.27381e-10
4.43061e-11
2.06066e-10
3.52044e-11
1.88491e-10
2.82126e-11
1.73441e-10
2.38184e-11
1.60065e-10
2.12139e-11
1.48579e-10
1.88738e-11
1.37881e-10
1.80188e-11
1.27758e-10
1.72249e-11
1.19149e-10
1.50661e-11
1.11557e-10
1.29351e-11
1.05219e-10
9.72591e-12
1.01732e-10
4.06335e-12
1.00169e-10
-1.50269e-12
1.03164e-10
-1.08588e-11
1.09304e-10
-2.01329e-11
1.21465e-10
-3.33176e-11
1.38446e-10
-4.65054e-11
1.63586e-10
-6.4302e-11
1.95302e-10
-8.15648e-11
2.36227e-10
-1.02808e-10
2.85792e-10
-1.24374e-10
3.44381e-10
-1.47155e-10
4.13076e-10
-1.72291e-10
4.90013e-10
-1.94931e-10
5.76349e-10
-2.20059e-10
6.69902e-10
-2.41439e-10
7.70189e-10
-2.62282e-10
8.75756e-10
-2.80124e-10
9.85072e-10
-2.94914e-10
1.09661e-09
-3.0579e-10
1.20903e-09
-3.13952e-10
1.32007e-09
-3.14878e-10
1.4296e-09
-3.16946e-10
1.53502e-09
-3.09634e-10
1.63573e-09
-3.00641e-10
1.73102e-09
-2.89363e-10
1.81961e-09
-2.72225e-10
1.90135e-09
-2.54293e-10
1.97618e-09
-2.35719e-10
2.04356e-09
-2.13648e-10
2.10389e-09
-1.91848e-10
2.15766e-09
-1.71854e-10
2.20512e-09
-1.51059e-10
2.24701e-09
-1.32262e-10
2.28401e-09
-1.15296e-10
2.31692e-09
-1.00099e-10
2.34677e-09
-8.85117e-11
2.37435e-09
-8.03521e-11
2.39983e-09
-7.01573e-11
2.42451e-09
-6.61472e-11
2.44981e-09
-6.77501e-11
2.47424e-09
-6.14655e-11
2.49951e-09
-6.36741e-11
2.52516e-09
-6.76792e-11
2.54986e-09
-5.7976e-11
2.57443e-09
-6.12962e-11
2.59697e-09
-5.07861e-11
2.6162e-09
-3.96558e-11
2.6309e-09
-2.19594e-11
2.6381e-09
6.44696e-12
2.63676e-09
4.10159e-11
2.62384e-09
8.25175e-11
2.59648e-09
1.41156e-10
2.55444e-09
1.87635e-10
2.49175e-09
2.66643e-10
2.41076e-09
3.19336e-10
2.30944e-09
3.79483e-10
2.18638e-09
4.36365e-10
2.04678e-09
4.67849e-10
1.88616e-09
5.12379e-10
1.71506e-09
5.16814e-10
1.53001e-09
5.32407e-10
1.34204e-09
5.14982e-10
1.1492e-09
5.04091e-10
9.61505e-10
4.68393e-10
7.81786e-10
4.29032e-10
6.25258e-10
3.61855e-10
4.92336e-10
2.87998e-10
4.44349e-10
1.15372e-10
4.44183e-10
-5.00987e-13
4.85419e-10
-1.08406e-10
5.63259e-10
-2.09655e-10
6.7988e-10
-3.1421e-10
8.23796e-10
-3.98604e-10
9.89174e-10
-4.72624e-10
1.14627e-09
-4.71614e-10
1.28506e-09
-4.26758e-10
1.40597e-09
-3.71087e-10
1.50948e-09
-3.11454e-10
1.59665e-09
-2.53217e-10
1.66902e-09
-2.00349e-10
1.72864e-09
-1.55501e-10
1.77792e-09
-1.20028e-10
1.81942e-09
-9.41914e-11
1.85562e-09
-7.73906e-11
1.88872e-09
-6.83746e-11
1.92054e-09
-6.54615e-11
1.95234e-09
-6.67534e-11
1.98484e-09
-7.0323e-11
2.01818e-09
-7.43771e-11
2.05204e-09
-7.738e-11
2.08571e-09
-7.81694e-11
2.11822e-09
-7.60348e-11
2.14852e-09
-7.0699e-11
2.17556e-09
-6.23058e-11
2.19843e-09
-5.13427e-11
2.21646e-09
-3.85461e-11
2.22926e-09
-2.48087e-11
2.23679e-09
-1.10566e-11
2.23929e-09
1.84862e-12
2.23731e-09
1.32213e-11
2.23158e-09
2.258e-11
2.22298e-09
2.96618e-11
2.2124e-09
3.44315e-11
2.20073e-09
3.70555e-11
2.18878e-09
3.79007e-11
2.17737e-09
3.72687e-11
3.70047e-11
2.53931e-09
6.57842e-11
2.6401e-09
1.93869e-10
2.76253e-09
2.9436e-10
2.87811e-09
3.57652e-10
2.97347e-09
3.91307e-10
3.04648e-09
4.02273e-10
3.09652e-09
3.9484e-10
3.12473e-09
3.75029e-10
3.13324e-09
3.48765e-10
3.12639e-09
3.19097e-10
3.109e-09
2.88269e-10
3.08485e-09
2.57774e-10
3.05654e-09
2.29449e-10
3.02561e-09
2.05038e-10
2.99361e-09
1.8416e-10
2.9616e-09
1.66661e-10
2.93006e-09
1.52675e-10
2.89908e-09
1.42285e-10
2.86864e-09
1.3515e-10
2.83853e-09
1.31019e-10
2.80847e-09
1.29498e-10
2.77805e-09
1.30379e-10
2.74682e-09
1.33424e-10
2.7143e-09
1.38442e-10
2.67997e-09
1.45306e-10
2.64332e-09
1.53951e-10
2.60379e-09
1.64374e-10
2.56078e-09
1.76627e-10
2.51364e-09
1.90814e-10
2.46163e-09
2.07083e-10
2.40391e-09
2.25635e-10
2.33955e-09
2.46726e-10
2.26744e-09
2.70906e-10
2.18402e-09
3.11731e-10
2.10549e-09
2.54834e-10
2.05529e-09
8.3875e-11
2.03749e-09
-7.14288e-11
2.05208e-09
-1.97125e-10
2.0978e-09
-3.09902e-10
2.17067e-09
-4.14008e-10
2.26706e-09
-5.2625e-10
2.37366e-09
-5.59732e-10
2.48541e-09
-5.44556e-10
2.59564e-09
-5.12323e-10
2.70001e-09
-4.65096e-10
2.79797e-09
-4.22576e-10
2.88961e-09
-3.86596e-10
2.97351e-09
-3.35663e-10
3.05019e-09
-3.00314e-10
3.11951e-09
-2.58185e-10
3.18069e-09
-2.09782e-10
3.23351e-09
-1.66264e-10
3.27741e-09
-1.04335e-10
3.31227e-09
-5.44372e-11
3.33677e-09
1.91851e-11
3.35041e-09
8.44549e-11
3.35208e-09
1.60142e-10
3.33977e-09
2.44768e-10
3.31386e-09
3.08017e-10
3.26996e-09
4.06564e-10
3.21012e-09
4.59314e-10
3.13163e-09
5.23902e-10
3.03593e-09
5.68659e-10
2.92401e-09
5.94746e-10
2.79661e-09
6.19567e-10
2.65844e-09
6.13025e-10
2.51052e-09
6.11534e-10
2.35873e-09
5.8402e-10
2.20496e-09
5.58895e-10
2.05317e-09
5.22939e-10
1.90668e-09
4.81963e-10
1.76545e-09
4.46458e-10
1.63339e-09
4.01785e-10
1.51008e-09
3.62189e-10
1.39595e-09
3.23829e-10
1.29221e-09
2.84071e-10
1.19811e-09
2.48187e-10
1.1132e-09
2.15164e-10
1.03742e-09
1.83555e-10
9.70288e-10
1.54951e-10
9.10836e-10
1.30238e-10
8.58606e-10
1.08346e-10
8.12702e-10
9.0214e-11
7.72242e-10
7.56517e-11
7.36636e-10
6.37949e-11
7.04657e-10
5.57684e-11
6.75357e-10
5.0484e-11
6.48952e-10
4.52499e-11
6.24142e-10
4.28036e-11
6.00725e-10
4.06181e-11
5.79532e-10
3.62391e-11
5.60203e-10
3.22458e-11
5.42962e-10
2.6951e-11
5.298e-10
1.7212e-11
5.1974e-10
8.54688e-12
5.15793e-10
-6.92087e-12
5.16734e-10
-2.10809e-11
5.2572e-10
-4.23082e-11
5.41433e-10
-6.22213e-11
5.67547e-10
-9.04176e-11
6.02206e-10
-1.16225e-10
6.48177e-10
-1.4878e-10
7.04521e-10
-1.80718e-10
7.71489e-10
-2.14123e-10
8.49706e-10
-2.50509e-10
9.36948e-10
-2.82175e-10
1.03377e-09
-3.16882e-10
1.13762e-09
-3.45299e-10
1.24741e-09
-3.72075e-10
1.36141e-09
-3.94135e-10
1.4776e-09
-4.11122e-10
1.59437e-09
-4.22586e-10
1.71009e-09
-4.29692e-10
1.82273e-09
-4.27539e-10
1.93187e-09
-4.26125e-10
2.03543e-09
-4.13235e-10
2.13292e-09
-3.9817e-10
2.22385e-09
-3.80349e-10
2.30745e-09
-3.55885e-10
2.38378e-09
-3.30685e-10
2.45306e-09
-3.05069e-10
2.51517e-09
-2.75816e-10
2.57072e-09
-2.47449e-10
2.62028e-09
-2.21446e-10
2.66436e-09
-1.95147e-10
2.70375e-09
-1.71637e-10
2.73916e-09
-1.50671e-10
2.77137e-09
-1.32277e-10
2.80127e-09
-1.18362e-10
2.82938e-09
-1.08424e-10
2.856e-09
-9.674e-11
2.88229e-09
-9.2393e-11
2.90947e-09
-9.48528e-11
2.93615e-09
-8.80338e-11
2.96318e-09
-9.05615e-11
2.99025e-09
-9.45877e-11
3.01718e-09
-8.47209e-11
3.04343e-09
-8.73784e-11
3.06844e-09
-7.56339e-11
3.09059e-09
-6.16903e-11
3.10958e-09
-4.08655e-11
3.1231e-09
-7.06026e-12
3.13052e-09
3.35528e-11
3.12941e-09
8.35406e-11
3.11849e-09
1.5197e-10
3.09613e-09
2.09891e-10
3.05922e-09
3.03476e-10
3.00716e-09
3.7137e-10
2.93842e-09
4.48238e-10
2.84993e-09
5.24899e-10
2.74446e-09
5.73378e-10
2.61682e-09
6.40073e-10
2.47379e-09
6.5988e-10
2.31119e-09
6.95022e-10
2.1375e-09
6.88677e-10
1.95035e-09
6.91213e-10
1.75875e-09
6.59963e-10
1.56748e-09
6.2027e-10
1.39704e-09
5.32269e-10
1.24719e-09
4.3783e-10
1.18188e-09
1.80666e-10
1.1664e-09
1.49575e-11
1.19456e-09
-1.36582e-10
1.26035e-09
-2.75474e-10
1.36511e-09
-4.18997e-10
1.49475e-09
-5.28284e-10
1.64198e-09
-6.19887e-10
1.77922e-09
-6.08882e-10
1.89929e-09
-5.46845e-10
2.00415e-09
-4.75954e-10
2.09515e-09
-4.02451e-10
2.17361e-09
-3.31671e-10
2.2409e-09
-2.67628e-10
2.29853e-09
-2.1311e-10
2.34817e-09
-1.69649e-10
2.39162e-09
-1.37626e-10
2.43069e-09
-1.16445e-10
2.46706e-09
-1.04732e-10
2.50216e-09
-1.00551e-10
2.53705e-09
-1.01637e-10
2.57237e-09
-1.05634e-10
2.60829e-09
-1.10299e-10
2.64457e-09
-1.13657e-10
2.68058e-09
-1.14187e-10
2.71549e-09
-1.10945e-10
2.74828e-09
-1.03495e-10
2.77794e-09
-9.19657e-11
2.80353e-09
-7.69318e-11
2.82429e-09
-5.93063e-11
2.83972e-09
-4.02479e-11
2.84967e-09
-2.09985e-11
2.85424e-09
-2.72298e-12
2.85386e-09
1.36023e-11
2.84919e-09
2.72541e-11
2.84105e-09
3.77987e-11
2.83038e-09
4.51039e-11
2.81813e-09
4.93103e-11
2.8052e-09
5.08311e-11
2.79245e-09
5.00231e-11
4.84409e-11
2.5232e-09
4.2554e-11
2.5875e-09
1.29529e-10
2.6788e-09
2.03015e-10
2.78012e-09
2.56302e-10
2.88048e-09
2.9096e-10
2.97284e-09
3.09947e-10
3.05212e-09
3.15591e-10
3.11634e-09
3.10834e-10
3.16635e-09
2.98772e-10
3.20356e-09
2.81891e-10
3.2297e-09
2.62125e-10
3.24513e-09
2.42339e-10
3.251e-09
2.23581e-10
3.25039e-09
2.05653e-10
3.24494e-09
1.89607e-10
3.23588e-09
1.75725e-10
3.22395e-09
1.646e-10
3.20973e-09
1.56505e-10
3.19386e-09
1.51019e-10
3.17667e-09
1.48204e-10
3.15826e-09
1.47917e-10
3.13856e-09
1.5008e-10
3.11741e-09
1.5457e-10
3.09456e-09
1.61295e-10
3.06967e-09
1.702e-10
3.04234e-09
1.81279e-10
3.01213e-09
1.94582e-10
2.97855e-09
2.10216e-10
2.94102e-09
2.28346e-10
2.89891e-09
2.49188e-10
2.85152e-09
2.73028e-10
2.79805e-09
3.00199e-10
2.73764e-09
3.31321e-10
2.66781e-09
3.81565e-10
2.59819e-09
3.24464e-10
2.54467e-09
1.37391e-10
2.51453e-09
-4.12913e-11
2.51187e-09
-1.94481e-10
2.53706e-09
-3.35145e-10
2.58654e-09
-4.63556e-10
2.65654e-09
-5.96333e-10
2.73801e-09
-6.41262e-10
2.82803e-09
-6.34611e-10
2.91894e-09
-6.03212e-10
3.00616e-09
-5.52281e-10
3.08876e-09
-5.05122e-10
3.16654e-09
-4.64322e-10
3.23906e-09
-4.08145e-10
3.30594e-09
-3.67165e-10
3.36605e-09
-3.18284e-10
3.42102e-09
-2.64737e-10
3.46993e-09
-2.15175e-10
3.51323e-09
-1.47622e-10
3.55028e-09
-9.14942e-11
3.58175e-09
-1.22831e-11
3.60663e-09
5.95667e-11
3.62499e-09
1.41776e-10
3.63559e-09
2.34178e-10
3.6379e-09
3.05733e-10
3.6297e-09
4.14798e-10
3.61016e-09
4.78893e-10
3.57714e-09
5.56966e-10
3.53039e-09
6.15454e-10
3.46852e-09
6.5664e-10
3.39147e-09
6.96632e-10
3.30047e-09
7.04015e-10
3.19633e-09
7.15658e-10
3.08203e-09
6.98272e-10
2.95964e-09
6.81212e-10
2.83213e-09
6.50387e-10
2.70293e-09
6.11103e-10
2.57272e-09
5.7662e-10
2.44553e-09
5.28947e-10
2.32191e-09
4.85803e-10
2.20301e-09
4.42726e-10
2.09061e-09
3.96476e-10
1.98468e-09
3.54139e-10
1.88548e-09
3.14392e-10
1.79327e-09
2.75806e-10
1.7081e-09
2.40154e-10
1.62947e-09
2.08907e-10
1.55736e-09
1.80467e-10
1.49131e-09
1.56263e-10
1.4308e-09
1.36133e-10
1.3756e-09
1.1896e-10
1.3248e-09
1.06534e-10
1.27761e-09
9.76295e-11
1.23441e-09
8.84161e-11
1.19389e-09
8.32952e-11
1.15599e-09
7.84927e-11
1.12136e-09
7.08457e-11
1.08985e-09
6.37295e-11
1.06161e-09
5.51764e-11
1.0389e-09
3.99098e-11
1.0207e-09
2.67264e-11
1.01048e-09
3.29109e-12
1.00689e-09
-1.74941e-11
1.01339e-09
-4.88171e-11
1.02844e-09
-7.72733e-11
1.05584e-09
-1.17821e-10
1.09328e-09
-1.5367e-10
1.14346e-09
-1.98961e-10
1.20484e-09
-2.42104e-10
1.27741e-09
-2.86691e-10
1.36114e-09
-3.34249e-10
1.45347e-09
-3.74501e-10
1.55427e-09
-4.17686e-10
1.66075e-09
-4.51786e-10
1.77125e-09
-4.82582e-10
1.88397e-09
-5.06866e-10
1.99656e-09
-5.23727e-10
2.10754e-09
-5.33586e-10
2.21517e-09
-5.37345e-10
2.31785e-09
-5.30244e-10
2.41515e-09
-5.23452e-10
2.5056e-09
-5.0372e-10
2.58896e-09
-4.81574e-10
2.66514e-09
-4.56586e-10
2.73393e-09
-4.24729e-10
2.79567e-09
-3.92497e-10
2.85091e-09
-3.60397e-10
2.89992e-09
-3.24901e-10
2.94351e-09
-2.91118e-10
2.98233e-09
-2.60326e-10
3.01707e-09
-2.29935e-10
3.04853e-09
-2.03116e-10
3.07737e-09
-1.7951e-10
3.10431e-09
-1.59204e-10
3.12996e-09
-1.43991e-10
3.15467e-09
-1.33114e-10
3.17909e-09
-1.21139e-10
3.20363e-09
-1.16915e-10
3.22881e-09
-1.20009e-10
3.25372e-09
-1.12893e-10
3.2794e-09
-1.16151e-10
3.30479e-09
-1.19849e-10
3.33057e-09
-1.10345e-10
3.35532e-09
-1.11968e-10
3.37952e-09
-9.96716e-11
3.40154e-09
-8.35609e-11
3.42176e-09
-6.09605e-11
3.43842e-09
-2.36349e-11
3.45181e-09
2.01916e-11
3.45982e-09
7.55114e-11
3.46272e-09
1.49013e-10
3.45809e-09
2.14446e-10
3.44556e-09
3.15942e-10
3.42261e-09
3.94274e-10
3.38855e-09
4.82289e-10
3.33961e-09
5.73858e-10
3.27675e-09
6.36289e-10
3.19485e-09
7.22022e-10
3.09683e-09
7.57949e-10
2.9781e-09
8.13781e-10
2.84339e-09
8.23386e-10
2.6896e-09
8.44986e-10
2.52281e-09
8.2672e-10
2.34874e-09
7.94307e-10
2.1909e-09
6.90085e-10
2.04702e-09
5.81694e-10
1.97408e-09
2.53596e-10
1.9455e-09
4.35205e-11
1.95688e-09
-1.47983e-10
2.00313e-09
-3.21746e-10
2.08504e-09
-5.00941e-10
2.1875e-09
-6.30782e-10
2.30283e-09
-7.35257e-10
2.40819e-09
-7.14282e-10
2.49898e-09
-6.3766e-10
2.57793e-09
-5.54935e-10
2.64691e-09
-4.71441e-10
2.70744e-09
-3.92193e-10
2.76077e-09
-3.20954e-10
2.80805e-09
-2.60372e-10
2.85037e-09
-2.11953e-10
2.88885e-09
-1.76088e-10
2.9246e-09
-1.52176e-10
2.95866e-09
-1.38778e-10
2.99193e-09
-1.33813e-10
3.02511e-09
-1.34802e-10
3.05859e-09
-1.3911e-10
3.09249e-09
-1.44192e-10
3.12655e-09
-1.47713e-10
3.16023e-09
-1.47869e-10
3.19286e-09
-1.43582e-10
3.22357e-09
-1.34201e-10
3.25147e-09
-1.19873e-10
3.27574e-09
-1.01203e-10
3.29565e-09
-7.92147e-11
3.31069e-09
-5.52874e-11
3.32063e-09
-3.0936e-11
3.3255e-09
-7.59586e-12
3.3256e-09
1.35062e-11
3.32144e-09
3.14195e-11
3.31371e-09
4.55236e-11
3.30326e-09
5.55569e-11
3.29097e-09
6.16012e-11
3.27772e-09
6.40836e-11
3.26429e-09
6.34549e-11
6.0784e-11
2.51492e-09
2.7605e-11
2.55924e-09
8.51702e-11
2.62585e-09
1.36363e-10
2.70641e-09
1.75728e-10
2.79338e-09
2.03996e-10
2.88109e-09
2.22253e-10
2.96504e-09
2.31676e-10
3.04212e-09
2.3377e-10
3.11061e-09
2.30298e-10
3.16963e-09
2.22872e-10
3.21887e-09
2.12881e-10
3.25935e-09
2.01858e-10
3.29214e-09
1.90797e-10
3.31778e-09
1.8001e-10
3.33716e-09
1.70226e-10
3.35059e-09
1.62299e-10
3.35905e-09
1.56136e-10
3.36391e-09
1.51646e-10
3.36569e-09
1.49231e-10
3.36477e-09
1.49128e-10
3.36138e-09
1.51312e-10
3.35574e-09
1.55722e-10
3.34792e-09
1.62388e-10
3.33787e-09
1.71341e-10
3.32545e-09
1.8262e-10
3.31043e-09
1.96299e-10
3.29252e-09
2.12498e-10
3.27135e-09
2.31389e-10
3.2465e-09
2.53197e-10
3.21749e-09
2.78194e-10
3.1838e-09
3.06727e-10
3.14481e-09
3.39193e-10
3.09991e-09
3.7622e-10
3.0477e-09
4.33783e-10
2.99229e-09
3.7988e-10
2.94245e-09
1.87232e-10
2.90713e-09
-5.96156e-12
2.89325e-09
-1.80615e-10
2.90235e-09
-3.4427e-10
2.93143e-09
-4.92691e-10
2.97719e-09
-6.42173e-10
3.03454e-09
-6.9869e-10
3.10237e-09
-7.02502e-10
3.17234e-09
-6.732e-10
3.23987e-09
-6.19812e-10
3.30389e-09
-5.69109e-10
3.36419e-09
-5.24579e-10
3.42042e-09
-4.64346e-10
3.47277e-09
-4.1949e-10
3.51965e-09
-3.6515e-10
3.56326e-09
-3.0833e-10
3.60266e-09
-2.54578e-10
3.63928e-09
-1.84239e-10
3.67228e-09
-1.245e-10
3.70334e-09
-4.33445e-11
3.73162e-09
3.12817e-11
3.75803e-09
1.15364e-10
3.78201e-09
2.10201e-10
3.8024e-09
2.85367e-10
3.81913e-09
3.98094e-10
3.83003e-09
4.6804e-10
3.8338e-09
5.53247e-10
3.82929e-09
6.20015e-10
3.81374e-09
6.72211e-10
3.78694e-09
7.23442e-10
3.74728e-09
7.43674e-10
3.69512e-09
7.67797e-10
3.63041e-09
7.6294e-10
3.55472e-09
7.56838e-10
3.46932e-09
7.35737e-10
3.37678e-09
7.03608e-10
3.2778e-09
6.75583e-10
3.17559e-09
6.31155e-10
3.07115e-09
5.90242e-10
2.96595e-09
5.47941e-10
2.86196e-09
5.00485e-10
2.75975e-09
4.5638e-10
2.66027e-09
4.13908e-10
2.564e-09
3.72112e-10
2.47161e-09
3.32587e-10
2.3831e-09
2.97454e-10
2.299e-09
2.64576e-10
2.21936e-09
2.3588e-10
2.1442e-09
2.11255e-10
2.07376e-09
1.89358e-10
2.00767e-09
1.72575e-10
1.94557e-09
1.59676e-10
1.88817e-09
1.45779e-10
1.83439e-09
1.37038e-10
1.7845e-09
1.28353e-10
1.73898e-09
1.16337e-10
1.69797e-09
1.04713e-10
1.66145e-09
9.16821e-11
1.63182e-09
6.9524e-11
1.608e-09
5.05244e-11
1.59366e-09
1.76221e-11
1.58732e-09
-1.11657e-11
1.5926e-09
-5.41057e-11
1.6077e-09
-9.23768e-11
1.63636e-09
-1.46485e-10
1.67579e-09
-1.93108e-10
1.72845e-09
-2.5162e-10
1.79213e-09
-3.05789e-10
1.86649e-09
-3.61054e-10
1.95075e-09
-4.18513e-10
2.04209e-09
-4.65851e-10
2.13968e-09
-5.15286e-10
2.24068e-09
-5.52792e-10
2.34295e-09
-5.84862e-10
2.44482e-09
-6.08743e-10
2.54379e-09
-6.22708e-10
2.63873e-09
-6.28541e-10
2.72799e-09
-6.2663e-10
2.8106e-09
-6.12872e-10
2.88624e-09
-5.99126e-10
2.95421e-09
-5.71714e-10
3.01459e-09
-5.41999e-10
3.06777e-09
-5.09805e-10
3.11407e-09
-4.71088e-10
3.15418e-09
-4.32672e-10
3.18893e-09
-3.95219e-10
3.21886e-09
-3.54916e-10
3.24498e-09
-3.17327e-10
3.26797e-09
-2.83407e-10
3.28867e-09
-2.50695e-10
3.30779e-09
-2.22288e-10
3.32591e-09
-1.97664e-10
3.34363e-09
-1.76932e-10
3.3613e-09
-1.61664e-10
3.37914e-09
-1.50954e-10
3.39808e-09
-1.40076e-10
3.41739e-09
-1.36229e-10
3.43718e-09
-1.39807e-10
3.45731e-09
-1.33026e-10
3.47881e-09
-1.3762e-10
3.49975e-09
-1.4072e-10
3.52154e-09
-1.32038e-10
3.54225e-09
-1.32549e-10
3.56306e-09
-1.20341e-10
3.58243e-09
-1.02797e-10
3.60123e-09
-7.96279e-11
3.61822e-09
-4.05139e-11
3.63432e-09
4.15405e-12
3.64789e-09
6.19752e-11
3.66033e-09
1.3656e-10
3.66888e-09
2.05851e-10
3.67544e-09
3.09332e-10
3.67637e-09
3.93303e-10
3.67174e-09
4.86898e-10
3.65808e-09
5.87528e-10
3.63535e-09
6.59055e-10
3.5992e-09
7.5823e-10
3.5495e-09
8.07695e-10
3.48195e-09
8.81365e-10
3.39778e-09
9.07569e-10
3.29325e-09
9.49503e-10
3.17088e-09
9.49063e-10
3.03625e-09
9.28914e-10
2.91334e-09
8.12975e-10
2.79721e-09
6.97813e-10
2.7307e-09
3.20101e-10
2.69805e-09
7.61554e-11
2.69716e-09
-1.47115e-10
2.72478e-09
-3.49387e-10
2.78172e-09
-5.57906e-10
2.85335e-09
-7.02443e-10
2.9325e-09
-8.1444e-10
3.00274e-09
-7.84567e-10
3.06177e-09
-6.96728e-10
3.11245e-09
-6.05647e-10
3.15671e-09
-5.15721e-10
3.19606e-09
-4.31553e-10
3.23166e-09
-3.56551e-10
3.26439e-09
-2.93091e-10
3.29496e-09
-2.42511e-10
3.324e-09
-2.05113e-10
3.35207e-09
-1.80228e-10
3.37965e-09
-1.66345e-10
3.40713e-09
-1.61283e-10
3.43479e-09
-1.62444e-10
3.46273e-09
-1.67036e-10
3.49091e-09
-1.72369e-10
3.51903e-09
-1.75828e-10
3.54654e-09
-1.75379e-10
3.57303e-09
-1.70077e-10
3.59774e-09
-1.58909e-10
3.62005e-09
-1.42186e-10
3.63932e-09
-1.20469e-10
3.65494e-09
-9.4832e-11
3.6665e-09
-6.68455e-11
3.67381e-09
-3.82493e-11
3.67689e-09
-1.06782e-11
3.67594e-09
1.44581e-11
3.67133e-09
3.60294e-11
3.6636e-09
5.32514e-11
3.65343e-09
6.57332e-11
3.64154e-09
7.34903e-11
3.62869e-09
7.69438e-11
3.61549e-09
7.66542e-11
7.31494e-11
2.51095e-09
1.66353e-11
2.54381e-09
5.22852e-11
2.59499e-09
8.51549e-11
2.65978e-09
1.10927e-10
2.73327e-09
1.30511e-10
2.81117e-09
1.44374e-10
2.88991e-09
1.52952e-10
2.96665e-09
1.57046e-10
3.0393e-09
1.57654e-10
3.10646e-09
1.55721e-10
3.16726e-09
1.52079e-10
3.22153e-09
1.47593e-10
3.26938e-09
1.42947e-10
3.3109e-09
1.38492e-10
3.34648e-09
1.34638e-10
3.3769e-09
1.31882e-10
3.4026e-09
1.30433e-10
3.42392e-09
1.30325e-10
3.44133e-09
1.31818e-10
3.45535e-09
1.35109e-10
3.4664e-09
1.40266e-10
3.47469e-09
1.47436e-10
3.48037e-09
1.56713e-10
3.4835e-09
1.68203e-10
3.48409e-09
1.82033e-10
3.48204e-09
1.98355e-10
3.47718e-09
2.17359e-10
3.46929e-09
2.3928e-10
3.45809e-09
2.64399e-10
3.44326e-09
2.93021e-10
3.42445e-09
3.25542e-10
3.40122e-09
3.6242e-10
3.3732e-09
4.04251e-10
3.33985e-09
4.67132e-10
3.30096e-09
4.18779e-10
3.25908e-09
2.29115e-10
3.22374e-09
2.93887e-11
3.20367e-09
-1.60539e-10
3.20107e-09
-3.41678e-10
3.21351e-09
-5.05169e-10
3.23834e-09
-6.67068e-10
3.27399e-09
-7.34417e-10
3.32091e-09
-7.49486e-10
3.37039e-09
-7.22733e-10
3.41803e-09
-6.6747e-10
3.46274e-09
-6.13804e-10
3.50436e-09
-5.6618e-10
3.5429e-09
-5.02858e-10
3.57828e-09
-4.54845e-10
3.61002e-09
-3.96882e-10
3.6397e-09
-3.37997e-10
3.66678e-09
-2.8166e-10
3.69328e-09
-2.10739e-10
3.71831e-09
-1.4954e-10
3.74419e-09
-6.92302e-11
3.77019e-09
5.26654e-12
3.79758e-09
8.79755e-11
3.8265e-09
1.81277e-10
3.856e-09
2.55876e-10
3.88756e-09
3.66569e-10
3.91877e-09
4.36876e-10
3.94754e-09
5.24526e-10
3.97222e-09
5.95375e-10
3.99188e-09
6.52577e-10
4.0058e-09
7.09534e-10
4.01021e-09
7.39272e-10
4.00546e-09
7.72536e-10
3.98927e-09
7.79086e-10
3.96264e-09
7.83423e-10
3.92517e-09
7.73179e-10
3.87807e-09
7.50703e-10
3.82168e-09
7.31975e-10
3.75784e-09
6.9501e-10
3.68743e-09
6.60666e-10
3.61163e-09
6.23756e-10
3.53212e-09
5.80027e-10
3.44968e-09
5.38862e-10
3.36579e-09
4.97847e-10
3.28073e-09
4.5722e-10
3.19561e-09
4.17752e-10
3.11088e-09
3.82211e-10
3.02752e-09
3.47932e-10
2.94604e-09
3.17335e-10
2.86689e-09
2.90348e-10
2.79078e-09
2.65413e-10
2.71794e-09
2.4535e-10
2.64855e-09
2.29018e-10
2.58369e-09
2.10592e-10
2.52274e-09
1.97944e-10
2.46645e-09
1.84606e-10
2.41521e-09
1.67548e-10
2.36956e-09
1.50335e-10
2.3293e-09
1.31924e-10
2.29684e-09
1.01964e-10
2.27103e-09
7.63136e-11
2.2554e-09
3.32435e-11
2.24842e-09
-4.2022e-12
2.25357e-09
-5.92636e-11
2.26886e-09
-1.07678e-10
2.29775e-09
-1.75375e-10
2.33711e-09
-2.32482e-10
2.38901e-09
-3.03524e-10
2.45067e-09
-3.67454e-10
2.52147e-09
-4.31854e-10
2.59981e-09
-4.96861e-10
2.68291e-09
-5.48955e-10
2.76919e-09
-6.01572e-10
2.85604e-09
-6.3965e-10
2.94099e-09
-6.69824e-10
3.02272e-09
-6.9048e-10
3.0988e-09
-6.98803e-10
3.16867e-09
-6.98423e-10
3.23096e-09
-6.8893e-10
3.28543e-09
-6.67369e-10
3.332e-09
-6.45714e-10
3.37075e-09
-6.10485e-10
3.40215e-09
-5.73436e-10
3.42705e-09
-5.34737e-10
3.44631e-09
-4.90393e-10
3.4608e-09
-4.47216e-10
3.47152e-09
-4.06002e-10
3.47925e-09
-3.62725e-10
3.48511e-09
-3.23276e-10
3.48979e-09
-2.88169e-10
3.4941e-09
-2.55093e-10
3.49868e-09
-2.2693e-10
3.50394e-09
-2.02972e-10
3.51031e-09
-1.8333e-10
3.51793e-09
-1.69313e-10
3.52686e-09
-1.59892e-10
3.5378e-09
-1.51027e-10
3.54967e-09
-1.48111e-10
3.56249e-09
-1.52651e-10
3.57624e-09
-1.468e-10
3.59126e-09
-1.52655e-10
3.60597e-09
-1.55412e-10
3.62202e-09
-1.48044e-10
3.63716e-09
-1.47614e-10
3.653e-09
-1.36082e-10
3.66814e-09
-1.17831e-10
3.68373e-09
-9.51069e-11
3.699e-09
-5.56757e-11
3.71521e-09
-1.19787e-11
3.73119e-09
4.60332e-11
3.74916e-09
1.18609e-10
3.76685e-09
1.88142e-10
3.78663e-09
2.89521e-10
3.80386e-09
3.76042e-10
3.82066e-09
4.70073e-10
3.83434e-09
5.73855e-10
3.84397e-09
6.49457e-10
3.84625e-09
7.56e-10
3.83931e-09
8.14694e-10
3.81962e-09
9.01097e-10
3.78583e-09
9.4137e-10
3.73408e-09
1.00125e-09
3.66379e-09
1.01933e-09
3.5799e-09
1.01279e-09
3.5048e-09
8.88068e-10
3.43115e-09
7.71456e-10
3.38375e-09
3.67485e-10
3.35778e-09
1.02123e-10
3.35295e-09
-1.42299e-10
3.36797e-09
-3.64437e-10
3.40379e-09
-5.93751e-10
3.44744e-09
-7.46109e-10
3.49277e-09
-8.59794e-10
3.53061e-09
-8.22434e-10
3.5607e-09
-7.26864e-10
3.58561e-09
-6.30583e-10
3.60703e-09
-5.37171e-10
3.62629e-09
-4.50834e-10
3.64437e-09
-3.74635e-10
3.66193e-09
-3.10645e-10
3.67941e-09
-2.59987e-10
3.69712e-09
-2.2281e-10
3.71523e-09
-1.98325e-10
3.73381e-09
-1.84914e-10
3.75285e-09
-1.803e-10
3.77225e-09
-1.81829e-10
3.79187e-09
-1.86649e-10
3.81151e-09
-1.92e-10
3.83082e-09
-1.95129e-10
3.84939e-09
-1.93938e-10
3.86673e-09
-1.87419e-10
3.88251e-09
-1.74687e-10
3.89639e-09
-1.56075e-10
3.90793e-09
-1.3201e-10
3.91669e-09
-1.03587e-10
3.92244e-09
-7.25981e-11
3.92514e-09
-4.09487e-11
3.92483e-09
-1.0368e-11
3.92164e-09
1.76431e-11
3.91583e-09
4.18351e-11
3.90778e-09
6.13029e-11
3.89796e-09
7.5557e-11
3.88689e-09
8.45655e-11
3.8751e-09
8.87381e-11
3.86301e-09
8.87394e-11
8.45718e-11
2.5087e-09
7.91696e-12
2.53547e-09
2.5501e-11
2.57826e-09
4.23428e-11
2.63349e-09
5.56996e-11
2.69774e-09
6.62593e-11
2.76777e-09
7.43588e-11
2.84063e-09
8.01105e-11
2.91384e-09
8.38512e-11
2.98546e-09
8.60393e-11
3.05406e-09
8.7124e-11
3.11863e-09
8.75188e-11
3.17858e-09
8.76419e-11
3.23368e-09
8.78425e-11
3.28383e-09
8.83427e-11
3.3291e-09
8.93694e-11
3.36978e-09
9.12027e-11
3.40618e-09
9.40326e-11
3.43855e-09
9.79493e-11
3.46724e-09
1.03127e-10
3.49259e-09
1.09768e-10
3.51485e-09
1.18007e-10
3.53429e-09
1.27992e-10
3.55111e-09
1.39892e-10
3.56543e-09
1.53882e-10
3.57732e-09
1.7015e-10
3.58676e-09
1.8891e-10
3.59371e-09
2.1041e-10
3.59805e-09
2.34941e-10
3.59962e-09
2.62829e-10
3.59827e-09
2.94374e-10
3.59378e-09
3.30029e-10
3.58587e-09
3.70334e-10
3.57432e-09
4.15805e-10
3.55933e-09
4.82131e-10
3.53724e-09
4.40869e-10
3.5054e-09
2.60967e-10
3.47319e-09
6.16152e-11
3.45031e-09
-1.37648e-10
3.43935e-09
-3.30723e-10
3.43839e-09
-5.0422e-10
3.44541e-09
-6.74135e-10
3.46189e-09
-7.50958e-10
3.4896e-09
-7.77264e-10
3.51981e-09
-7.52998e-10
3.54836e-09
-6.96056e-10
3.57425e-09
-6.39701e-10
3.59743e-09
-5.8935e-10
3.61824e-09
-5.23649e-10
3.63652e-09
-4.73114e-10
3.65247e-09
-4.12818e-10
3.66749e-09
-3.53006e-10
3.68126e-09
-2.95434e-10
3.69619e-09
-2.25671e-10
3.7114e-09
-1.64763e-10
3.72961e-09
-8.74517e-11
3.75018e-09
-1.53206e-11
3.77466e-09
6.34876e-11
3.8036e-09
1.52328e-10
3.83591e-09
2.23584e-10
3.87393e-09
3.28571e-10
3.91399e-09
3.96859e-10
3.95682e-09
4.81736e-10
4.00074e-09
5.51494e-10
4.04277e-09
6.10566e-10
4.08446e-09
6.67866e-10
4.12197e-09
7.01772e-10
4.15489e-09
7.39591e-10
4.17951e-09
7.54428e-10
4.19616e-09
7.66746e-10
4.20243e-09
7.66895e-10
4.19911e-09
7.54035e-10
4.18656e-09
7.44549e-10
4.16511e-09
7.16474e-10
4.1352e-09
6.90597e-10
4.09739e-09
6.61589e-10
4.05267e-09
6.24787e-10
4.00155e-09
5.9003e-10
3.94599e-09
5.53473e-10
3.88553e-09
5.17732e-10
3.82136e-09
4.81964e-10
3.75425e-09
4.4934e-10
3.68546e-09
4.16699e-10
3.61568e-09
3.87073e-10
3.54563e-09
3.60328e-10
3.47628e-09
3.34701e-10
3.40834e-09
3.13227e-10
3.3424e-09
2.94891e-10
3.27989e-09
2.73055e-10
3.22066e-09
2.57129e-10
3.16598e-09
2.39254e-10
3.11617e-09
2.17327e-10
3.07229e-09
1.94183e-10
3.03401e-09
1.70176e-10
3.00365e-09
1.32306e-10
2.98004e-09
9.99047e-11
2.96628e-09
4.69912e-11
2.96089e-09
1.17513e-12
2.96679e-09
-6.51714e-11
2.98198e-09
-1.22882e-10
3.00932e-09
-2.02715e-10
3.04561e-09
-2.68786e-10
3.09238e-09
-3.50296e-10
3.14649e-09
-4.21568e-10
3.20715e-09
-4.92526e-10
3.27207e-09
-5.61782e-10
3.3388e-09
-6.15695e-10
3.40513e-09
-6.67903e-10
3.46901e-09
-7.03544e-10
3.52787e-09
-7.28691e-10
3.58097e-09
-7.43581e-10
3.62624e-09
-7.44081e-10
3.66384e-09
-7.36029e-10
3.69275e-09
-7.17855e-10
3.71357e-09
-6.88204e-10
3.72639e-09
-6.58554e-10
3.73217e-09
-6.16284e-10
3.73177e-09
-5.73059e-10
3.72642e-09
-5.29407e-10
3.71734e-09
-4.81346e-10
3.70531e-09
-4.3523e-10
3.69147e-09
-3.9222e-10
3.67689e-09
-3.482e-10
3.66267e-09
-3.09135e-10
3.64935e-09
-2.74926e-10
3.63762e-09
-2.43442e-10
3.6279e-09
-2.17282e-10
3.62042e-09
-1.95555e-10
3.61542e-09
-1.78374e-10
3.61284e-09
-1.66765e-10
3.61251e-09
-1.59585e-10
3.61482e-09
-1.53349e-10
3.61869e-09
-1.52004e-10
3.62404e-09
-1.58019e-10
3.63076e-09
-1.53549e-10
3.63881e-09
-1.60738e-10
3.64678e-09
-1.63406e-10
3.6565e-09
-1.57751e-10
3.66557e-09
-1.56651e-10
3.67584e-09
-1.46289e-10
3.68606e-09
-1.27981e-10
3.69754e-09
-1.06505e-10
3.70987e-09
-6.79229e-11
3.72449e-09
-2.65354e-11
3.74062e-09
2.99484e-11
3.76081e-09
9.84404e-11
3.7823e-09
1.66647e-10
3.80933e-09
2.62476e-10
3.83811e-09
3.47243e-10
3.87077e-09
4.37394e-10
3.90388e-09
5.40735e-10
3.93625e-09
6.17114e-10
3.96763e-09
7.24667e-10
3.9947e-09
7.87675e-10
4.01427e-09
8.81571e-10
4.0234e-09
9.32257e-10
4.01913e-09
1.00552e-09
3.9987e-09
1.03975e-09
3.96641e-09
1.04507e-09
3.94169e-09
9.12794e-10
3.91599e-09
7.97152e-10
3.89542e-09
3.88024e-10
3.88445e-09
1.13075e-10
3.88394e-09
-1.41806e-10
3.89384e-09
-3.74352e-10
3.91511e-09
-6.15041e-10
3.93698e-09
-7.67992e-10
3.95448e-09
-8.77321e-10
3.96562e-09
-8.33593e-10
3.97201e-09
-7.33288e-10
3.9757e-09
-6.34302e-10
3.97809e-09
-5.39591e-10
3.98024e-09
-4.53011e-10
3.98289e-09
-3.77294e-10
3.98648e-09
-3.14235e-10
3.99127e-09
-2.64771e-10
3.99735e-09
-2.28891e-10
4.00467e-09
-2.05633e-10
4.01298e-09
-1.93215e-10
4.02195e-09
-1.89247e-10
4.03118e-09
-1.91054e-10
4.04044e-09
-1.9589e-10
4.04944e-09
-2.00993e-10
4.05788e-09
-2.03564e-10
4.0654e-09
-2.01447e-10
4.07158e-09
-1.93585e-10
4.07658e-09
-1.79686e-10
4.08033e-09
-1.59825e-10
4.08249e-09
-1.34175e-10
4.08286e-09
-1.03966e-10
4.08156e-09
-7.13002e-11
4.07868e-09
-3.80707e-11
4.07426e-09
-5.94898e-12
4.0684e-09
2.351e-11
4.06126e-09
4.89759e-11
4.05304e-09
6.95149e-11
4.04396e-09
8.4638e-11
4.03424e-09
9.42904e-11
4.0242e-09
9.87858e-11
4.01406e-09
9.88752e-11
9.4126e-11
2.5074e-09
4.98728e-13
2.53137e-09
1.51608e-12
2.57064e-09
3.06584e-12
2.62148e-09
4.85659e-12
2.68105e-09
6.6954e-12
2.74679e-09
8.62661e-12
2.81615e-09
1.07718e-11
2.88683e-09
1.31895e-11
2.95699e-09
1.58834e-11
3.02525e-09
1.8863e-11
3.09061e-09
2.21663e-11
3.1524e-09
2.58513e-11
3.21028e-09
2.99663e-11
3.26406e-09
3.45551e-11
3.31373e-09
3.97046e-11
3.35939e-09
4.55418e-11
3.40126e-09
5.21564e-11
3.43958e-09
5.96292e-11
3.47458e-09
6.81275e-11
3.50652e-09
7.7832e-11
3.53565e-09
8.88799e-11
3.56222e-09
1.01424e-10
3.58644e-09
1.15667e-10
3.60849e-09
1.31837e-10
3.62848e-09
1.50164e-10
3.64648e-09
1.70902e-10
3.66255e-09
1.94348e-10
3.67665e-09
2.20838e-10
3.68872e-09
2.50757e-10
3.69879e-09
2.84312e-10
3.70673e-09
3.22087e-10
3.71235e-09
3.64719e-10
3.71561e-09
4.12541e-10
3.71726e-09
4.80488e-10
3.71093e-09
4.47203e-10
3.6896e-09
2.82307e-10
3.66205e-09
8.91775e-11
3.63839e-09
-1.13967e-10
3.62136e-09
-3.13682e-10
3.60944e-09
-4.92306e-10
3.60122e-09
-6.65945e-10
3.60073e-09
-7.50511e-10
3.61084e-09
-7.87434e-10
3.62305e-09
-7.65269e-10
3.63359e-09
-7.06631e-10
3.64156e-09
-6.47693e-10
3.64704e-09
-5.94832e-10
3.65072e-09
-5.27319e-10
3.65246e-09
-4.74837e-10
3.65285e-09
-4.13193e-10
3.65335e-09
-3.53503e-10
3.6538e-09
-2.95887e-10
3.65686e-09
-2.28736e-10
3.66171e-09
-1.6962e-10
3.67128e-09
-9.70433e-11
3.68502e-09
-2.90759e-11
3.70459e-09
4.39069e-11
3.73081e-09
1.26107e-10
3.76245e-09
1.91946e-10
3.80258e-09
2.88462e-10
3.84766e-09
3.51816e-10
3.89855e-09
4.30881e-10
3.95398e-09
4.96087e-10
4.01066e-09
5.53912e-10
4.06877e-09
6.09787e-10
4.12491e-09
6.45631e-10
4.18158e-09
6.82891e-10
4.23455e-09
7.01419e-10
4.28328e-09
7.17997e-10
4.32504e-09
7.2514e-10
4.35886e-09
7.20226e-10
4.3849e-09
7.18517e-10
4.40246e-09
6.98928e-10
4.4117e-09
6.81381e-10
4.41254e-09
6.60775e-10
4.40549e-09
6.31887e-10
4.39075e-09
6.04832e-10
4.36903e-09
5.75249e-10
4.34139e-09
5.45428e-10
4.30735e-09
5.16034e-10
4.26797e-09
4.88717e-10
4.2248e-09
4.59834e-10
4.17823e-09
4.33588e-10
4.12907e-09
4.09413e-10
4.07829e-09
3.85405e-10
4.02687e-09
3.64575e-10
3.97566e-09
3.46047e-10
3.92613e-09
3.22533e-10
3.87853e-09
3.04694e-10
3.83445e-09
2.83297e-10
3.79413e-09
2.5761e-10
3.75914e-09
2.29144e-10
3.72906e-09
2.00238e-10
3.70594e-09
1.55399e-10
3.68877e-09
1.17063e-10
3.67995e-09
5.57996e-11
3.6781e-09
3.01099e-12
3.68537e-09
-7.24463e-11
3.69984e-09
-1.37364e-10
3.72345e-09
-2.26331e-10
3.75323e-09
-2.98578e-10
3.79002e-09
-3.87087e-10
3.83062e-09
-4.62182e-10
3.87429e-09
-5.36199e-10
3.91821e-09
-6.05708e-10
3.96065e-09
-6.58141e-10
3.99892e-09
-7.06178e-10
4.03196e-09
-7.36589e-10
4.05739e-09
-7.54122e-10
4.07527e-09
-7.61465e-10
4.08414e-09
-7.52955e-10
4.08482e-09
-7.36719e-10
4.07671e-09
-7.09747e-10
4.06128e-09
-6.7278e-10
4.03891e-09
-6.36194e-10
4.0115e-09
-5.88896e-10
3.98007e-09
-5.41639e-10
3.9457e-09
-4.95052e-10
3.90963e-09
-4.453e-10
3.8728e-09
-3.98434e-10
3.83683e-09
-3.56287e-10
3.80284e-09
-3.14262e-10
3.77153e-09
-2.77884e-10
3.74302e-09
-2.4648e-10
3.7178e-09
-2.18292e-10
3.69608e-09
-1.95627e-10
3.67789e-09
-1.77424e-10
3.66327e-09
-1.638e-10
3.65194e-09
-1.55479e-10
3.64353e-09
-1.512e-10
3.63825e-09
-1.48095e-10
3.635e-09
-1.48772e-10
3.63354e-09
-1.56583e-10
3.63376e-09
-1.53804e-10
3.63539e-09
-1.62393e-10
3.63711e-09
-1.65153e-10
3.64079e-09
-1.61449e-10
3.64407e-09
-1.59922e-10
3.64888e-09
-1.51067e-10
3.65415e-09
-1.33213e-10
3.66126e-09
-1.13553e-10
3.67008e-09
-7.66876e-11
3.68214e-09
-3.85501e-11
3.69698e-09
1.51505e-11
3.71736e-09
7.80813e-11
3.74086e-09
1.4314e-10
3.77219e-09
2.31137e-10
3.8075e-09
3.11912e-10
3.84879e-09
3.96093e-10
3.89418e-09
4.95343e-10
3.9419e-09
5.69416e-10
3.99189e-09
6.74713e-10
4.04224e-09
7.37373e-10
4.09193e-09
8.31912e-10
4.13615e-09
8.88053e-10
4.17203e-09
9.69652e-10
4.19485e-09
1.01692e-09
4.20807e-09
1.03184e-09
4.22905e-09
8.91809e-10
4.24814e-09
7.7805e-10
4.25668e-09
3.79468e-10
4.26518e-09
1.04536e-10
4.27457e-09
-1.51228e-10
4.28552e-09
-3.85306e-10
4.29859e-09
-6.28124e-10
4.30525e-09
-7.74669e-10
4.30162e-09
-8.73713e-10
4.29208e-09
-8.24075e-10
4.27994e-09
-7.21174e-10
4.26676e-09
-6.21147e-10
4.25373e-09
-5.2659e-10
4.2417e-09
-4.40992e-10
4.23101e-09
-3.66627e-10
4.22197e-09
-3.05196e-10
4.2148e-09
-2.57599e-10
4.20952e-09
-2.23613e-10
4.20586e-09
-2.01967e-10
4.20327e-09
-1.90613e-10
4.20111e-09
-1.8708e-10
4.19882e-09
-1.88755e-10
4.19596e-09
-1.93016e-10
4.19221e-09
-1.97237e-10
4.18769e-09
-1.99039e-10
4.18289e-09
-1.96638e-10
4.17792e-09
-1.88599e-10
4.17225e-09
-1.74015e-10
4.16527e-09
-1.52842e-10
4.15719e-09
-1.26093e-10
4.14883e-09
-9.56139e-11
4.14057e-09
-6.30375e-11
4.13237e-09
-2.98757e-11
4.1242e-09
2.22171e-12
4.11606e-09
3.16488e-11
4.10798e-09
5.70575e-11
4.10001e-09
7.74883e-11
4.09219e-09
9.24569e-11
4.08454e-09
1.01944e-10
4.07713e-09
1.06193e-10
4.06987e-09
1.06139e-10
1.00925e-10
2.50726e-09
-6.77949e-12
2.53095e-09
-2.21896e-11
2.56984e-09
-3.58291e-11
2.62022e-09
-4.55334e-11
2.67932e-09
-5.23947e-11
2.74463e-09
-5.66691e-11
2.81363e-09
-5.82058e-11
2.88403e-09
-5.72054e-11
2.95404e-09
-5.41163e-11
3.02228e-09
-4.93723e-11
3.08775e-09
-4.33035e-11
3.1498e-09
-3.61946e-11
3.20807e-09
-2.83096e-11
3.26244e-09
-1.9811e-11
3.31288e-09
-1.07356e-11
3.3595e-09
-1.07811e-12
3.40255e-09
9.11078e-12
3.44231e-09
1.98695e-11
3.47903e-09
3.14076e-11
3.51297e-09
4.38868e-11
3.54445e-09
5.74056e-11
3.57376e-09
7.21107e-11
3.60118e-09
8.82473e-11
3.62693e-09
1.06094e-10
3.65119e-09
1.25897e-10
3.67415e-09
1.47948e-10
3.69592e-09
1.72579e-10
3.71661e-09
2.00146e-10
3.73637e-09
2.30995e-10
3.75494e-09
2.65743e-10
3.77235e-09
3.04682e-10
3.78896e-09
3.48107e-10
3.80471e-09
3.96797e-10
3.82062e-09
4.6458e-10
3.82819e-09
4.39633e-10
3.81684e-09
2.9367e-10
3.79445e-09
1.11584e-10
3.77106e-09
-9.05601e-11
3.7494e-09
-2.92013e-10
3.72832e-09
-4.71219e-10
3.70689e-09
-6.44518e-10
3.69119e-09
-7.34838e-10
3.68496e-09
-7.81256e-10
3.68019e-09
-7.60554e-10
3.67358e-09
-7.00056e-10
3.66439e-09
-6.38534e-10
3.65281e-09
-5.8327e-10
3.63992e-09
-5.1442e-10
3.62561e-09
-4.60518e-10
3.61084e-09
-3.98415e-10
3.5972e-09
-3.39854e-10
3.58468e-09
-2.83361e-10
3.5761e-09
-2.20164e-10
3.57071e-09
-1.64242e-10
3.57156e-09
-9.79147e-11
3.57814e-09
-3.56629e-11
3.5921e-09
2.99317e-11
3.61441e-09
1.03786e-10
3.64374e-09
1.62627e-10
3.6835e-09
2.48724e-10
3.73e-09
3.05337e-10
3.7843e-09
3.76609e-10
3.84546e-09
4.34954e-10
3.91099e-09
4.8841e-10
3.98134e-09
5.39449e-10
4.05207e-09
5.74886e-10
4.12394e-09
6.10995e-10
4.19368e-09
6.31649e-10
4.26196e-09
6.49704e-10
4.32718e-09
6.59914e-10
4.38868e-09
6.58733e-10
4.44444e-09
6.62769e-10
4.49308e-09
6.50292e-10
4.53503e-09
6.39451e-10
4.56949e-09
6.26355e-10
4.59679e-09
6.04639e-10
4.61684e-09
5.84836e-10
4.62927e-09
5.62869e-10
4.63509e-09
5.39642e-10
4.63464e-09
5.16504e-10
4.62768e-09
4.95641e-10
4.61561e-09
4.71848e-10
4.59894e-09
4.50199e-10
4.57823e-09
4.3005e-10
4.55421e-09
4.09349e-10
4.52786e-09
3.90851e-10
4.5001e-09
3.73754e-10
4.47228e-09
3.50318e-10
4.44475e-09
3.3219e-10
4.41915e-09
3.08868e-10
4.39556e-09
2.81173e-10
4.37586e-09
2.48819e-10
4.35949e-09
2.16585e-10
4.34811e-09
1.66774e-10
4.34088e-09
1.24276e-10
4.33934e-09
5.73358e-11
4.34233e-09
1.444e-14
4.35097e-09
-8.11002e-11
4.36362e-09
-1.50019e-10
4.38104e-09
-2.43759e-10
4.40079e-09
-3.18339e-10
4.42294e-09
-4.09244e-10
4.44461e-09
-4.83857e-10
4.4652e-09
-5.56785e-10
4.48163e-09
-6.22142e-10
4.49314e-09
-6.69653e-10
4.49701e-09
-7.10055e-10
4.49357e-09
-7.33151e-10
4.48109e-09
-7.41645e-10
4.46059e-09
-7.4097e-10
4.43088e-09
-7.23241e-10
4.3928e-09
-6.98635e-10
4.3468e-09
-6.63752e-10
4.29585e-09
-6.21829e-10
4.24021e-09
-5.80559e-10
4.18212e-09
-5.30812e-10
4.12259e-09
-4.82111e-10
4.06287e-09
-4.35347e-10
4.00461e-09
-3.87049e-10
3.94924e-09
-3.43085e-10
3.89772e-09
-3.048e-10
3.85015e-09
-2.66727e-10
3.80658e-09
-2.34353e-10
3.76713e-09
-2.0708e-10
3.73233e-09
-1.83554e-10
3.70221e-09
-1.65568e-10
3.67658e-09
-1.51848e-10
3.65526e-09
-1.42521e-10
3.63777e-09
-1.38029e-10
3.62356e-09
-1.37022e-10
3.61273e-09
-1.37293e-10
3.60411e-09
-1.4018e-10
3.59735e-09
-1.49848e-10
3.59238e-09
-1.48856e-10
3.58871e-09
-1.58749e-10
3.58515e-09
-1.61627e-10
3.58357e-09
-1.5989e-10
3.58169e-09
-1.58046e-10
3.58146e-09
-1.50824e-10
3.58202e-09
-1.33748e-10
3.58473e-09
-1.16232e-10
3.58977e-09
-8.16883e-11
3.59868e-09
-4.74195e-11
3.61129e-09
2.56512e-12
3.63048e-09
5.89055e-11
3.65414e-09
1.19478e-10
3.68715e-09
1.9812e-10
3.72591e-09
2.73131e-10
3.77278e-09
3.49213e-10
3.82678e-09
4.41342e-10
3.88643e-09
5.09788e-10
3.95134e-09
6.09825e-10
4.01758e-09
6.71164e-10
4.0854e-09
7.6412e-10
4.1517e-09
8.21763e-10
4.21626e-09
9.05095e-10
4.27381e-09
9.59361e-10
4.32549e-09
9.80148e-10
4.38497e-09
8.32306e-10
4.44219e-09
7.20802e-10
4.47854e-09
3.43098e-10
4.50668e-09
7.63546e-11
4.52792e-09
-1.72481e-10
4.54327e-09
-4.00665e-10
4.55225e-09
-6.37101e-10
4.54837e-09
-7.70805e-10
4.52864e-09
-8.53999e-10
4.50274e-09
-7.98199e-10
4.47549e-09
-6.93938e-10
4.44798e-09
-5.93659e-10
4.42098e-09
-4.99611e-10
4.39537e-09
-4.154e-10
4.37225e-09
-3.43518e-10
4.35202e-09
-2.84967e-10
4.33424e-09
-2.39826e-10
4.31821e-09
-2.07582e-10
4.30337e-09
-1.87123e-10
4.28925e-09
-1.76497e-10
4.27526e-09
-1.73085e-10
4.26104e-09
-1.74523e-10
4.24635e-09
-1.78326e-10
4.23088e-09
-1.81756e-10
4.21437e-09
-1.82523e-10
4.19685e-09
-1.7911e-10
4.17864e-09
-1.70387e-10
4.16018e-09
-1.55548e-10
4.1422e-09
-1.34861e-10
4.12564e-09
-1.0953e-10
4.11063e-09
-8.06074e-11
4.09687e-09
-4.92732e-11
4.08434e-09
-1.73442e-11
4.07321e-09
1.33523e-11
4.06361e-09
4.12463e-11
4.05555e-09
6.51184e-11
4.04887e-09
8.41686e-11
4.04333e-09
9.79972e-11
4.03856e-09
1.06716e-10
4.03455e-09
1.10203e-10
4.03109e-09
1.09597e-10
1.04157e-10
2.50833e-09
-1.51299e-11
2.53417e-09
-4.80474e-11
2.5757e-09
-7.73703e-11
2.62946e-09
-9.93018e-11
2.69225e-09
-1.15182e-10
2.76097e-09
-1.25374e-10
2.83279e-09
-1.3e-10
2.90526e-09
-1.29667e-10
2.97652e-09
-1.25366e-10
3.04519e-09
-1.18039e-10
3.11029e-09
-1.08402e-10
3.17123e-09
-9.71257e-11
3.22777e-09
-8.48532e-11
3.27993e-09
-7.1972e-11
3.3278e-09
-5.861e-11
3.3716e-09
-4.48717e-11
3.41175e-09
-3.10404e-11
3.4487e-09
-1.70844e-11
3.48276e-09
-2.65295e-12
3.51431e-09
1.23399e-11
3.54378e-09
2.79347e-11
3.57161e-09
4.42825e-11
3.59814e-09
6.17198e-11
3.62365e-09
8.05796e-11
3.64846e-09
1.01095e-10
3.67279e-09
1.23618e-10
3.69685e-09
1.4852e-10
3.72081e-09
1.76185e-10
3.74479e-09
2.07015e-10
3.76903e-09
2.41503e-10
3.7937e-09
2.80018e-10
3.81876e-09
3.23048e-10
3.84433e-09
3.71226e-10
3.87192e-09
4.36993e-10
3.89129e-09
4.20264e-10
3.88895e-09
2.96019e-10
3.87168e-09
1.28862e-10
3.84909e-09
-6.79501e-11
3.82375e-09
-2.66651e-10
3.79479e-09
-4.42254e-10
3.76165e-09
-6.11372e-10
3.73199e-09
-7.05195e-10
3.71011e-09
-7.59406e-10
3.68878e-09
-7.3926e-10
3.66524e-09
-6.76561e-10
3.639e-09
-6.12323e-10
3.61039e-09
-5.54682e-10
3.58094e-09
-4.84969e-10
3.55066e-09
-4.30229e-10
3.52092e-09
-3.6867e-10
3.49344e-09
-3.12365e-10
3.46839e-09
-2.58319e-10
3.44871e-09
-2.00482e-10
3.43366e-09
-1.49208e-10
3.4263e-09
-9.0569e-11
3.42609e-09
-3.54655e-11
3.43461e-09
2.14064e-11
3.45286e-09
8.55293e-11
3.47935e-09
1.3615e-10
3.51766e-09
2.10428e-10
3.56396e-09
2.5906e-10
3.61947e-09
3.21124e-10
3.68317e-09
3.71287e-10
3.75286e-09
4.1874e-10
3.82909e-09
4.63214e-10
3.90788e-09
4.96075e-10
3.99031e-09
5.28538e-10
4.07265e-09
5.49288e-10
4.1559e-09
5.66452e-10
4.23693e-09
5.78874e-10
4.31528e-09
5.80387e-10
4.39094e-09
5.871e-10
4.46141e-09
5.79832e-10
4.52776e-09
5.73133e-10
4.58967e-09
5.64484e-10
4.64483e-09
5.49521e-10
4.69354e-09
5.36161e-10
4.73644e-09
5.2e-10
4.77227e-09
5.03821e-10
4.80273e-09
4.86037e-10
4.82773e-09
4.70601e-10
4.84684e-09
4.52666e-10
4.8611e-09
4.35865e-10
4.87098e-09
4.20102e-10
4.87678e-09
4.03483e-10
4.87923e-09
3.88349e-10
4.87916e-09
3.73788e-10
4.87772e-09
3.51732e-10
4.87524e-09
3.34652e-10
4.87288e-09
3.11212e-10
4.87059e-09
2.83444e-10
4.87023e-09
2.49168e-10
4.87101e-09
2.158e-10
4.87397e-09
1.6381e-10
4.87857e-09
1.19675e-10
4.88524e-09
5.06586e-11
4.89312e-09
-7.86757e-12
4.90225e-09
-9.02291e-11
4.91131e-09
-1.59089e-10
4.91982e-09
-2.52272e-10
4.92613e-09
-3.24654e-10
4.92971e-09
-4.12825e-10
4.92844e-09
-4.82593e-10
4.9218e-09
-5.50153e-10
4.90618e-09
-6.06523e-10
4.88201e-09
-6.45476e-10
4.84797e-09
-6.76017e-10
4.80569e-09
-6.90869e-10
4.75331e-09
-6.89261e-10
4.69235e-09
-6.80005e-10
4.62348e-09
-6.54369e-10
4.55019e-09
-6.25338e-10
4.47323e-09
-5.8679e-10
4.39371e-09
-5.42305e-10
4.31176e-09
-4.98604e-10
4.23088e-09
-4.49929e-10
4.15187e-09
-4.031e-10
4.07596e-09
-3.59446e-10
4.00459e-09
-3.15676e-10
3.93757e-09
-2.76078e-10
3.87477e-09
-2.42015e-10
3.8171e-09
-2.09086e-10
3.76549e-09
-1.82777e-10
3.71994e-09
-1.61565e-10
3.68031e-09
-1.43976e-10
3.64615e-09
-1.31451e-10
3.61698e-09
-1.22729e-10
3.59243e-09
-1.18016e-10
3.57187e-09
-1.17498e-10
3.55459e-09
-1.19778e-10
3.54059e-09
-1.23316e-10
3.52865e-09
-1.28269e-10
3.51831e-09
-1.39524e-10
3.50955e-09
-1.40122e-10
3.50174e-09
-1.50963e-10
3.49386e-09
-1.53768e-10
3.48769e-09
-1.53738e-10
3.48113e-09
-1.51506e-10
3.47612e-09
-1.45808e-10
3.47204e-09
-1.29655e-10
3.47022e-09
-1.14395e-10
3.47115e-09
-8.25924e-11
3.47634e-09
-5.25813e-11
3.48596e-09
-7.04391e-12
3.50289e-09
4.19878e-11
3.52536e-09
9.70069e-11
3.55826e-09
1.65212e-10
3.59835e-09
2.33022e-10
3.64801e-09
2.99551e-10
3.70661e-09
3.82737e-10
3.77283e-09
4.43584e-10
3.84763e-09
5.35039e-10
3.92691e-09
5.91913e-10
4.01153e-09
6.79508e-10
4.09659e-09
7.36708e-10
4.1813e-09
8.20383e-10
4.26168e-09
8.78961e-10
4.34129e-09
9.0051e-10
4.43054e-09
7.43029e-10
4.51827e-09
6.33035e-10
4.57772e-09
2.83609e-10
4.62266e-09
3.13939e-11
4.65477e-09
-2.04585e-10
4.67456e-09
-4.20455e-10
4.68019e-09
-6.42734e-10
4.66713e-09
-7.57751e-10
4.63319e-09
-8.20059e-10
4.59233e-09
-7.5735e-10
4.55068e-09
-6.52306e-10
4.50933e-09
-5.52318e-10
4.46949e-09
-4.59788e-10
4.43201e-09
-3.77927e-10
4.39705e-09
-3.08571e-10
4.36466e-09
-2.52587e-10
4.33479e-09
-2.09949e-10
4.30702e-09
-1.79822e-10
4.28064e-09
-1.60737e-10
4.25506e-09
-1.50922e-10
4.23014e-09
-1.48168e-10
4.20521e-09
-1.49593e-10
4.17925e-09
-1.5236e-10
4.15191e-09
-1.54409e-10
4.12358e-09
-1.54189e-10
4.0948e-09
-1.5033e-10
4.06613e-09
-1.41714e-10
4.03835e-09
-1.27764e-10
4.01221e-09
-1.08721e-10
3.98822e-09
-8.55308e-11
3.96685e-09
-5.92411e-11
3.94856e-09
-3.09804e-11
3.93348e-09
-2.26212e-12
3.92157e-09
2.52683e-11
3.91264e-09
5.01714e-11
3.90641e-09
7.13476e-11
3.9025e-09
8.80789e-11
3.90047e-09
1.00033e-10
3.89981e-09
1.07373e-10
3.90017e-09
1.0984e-10
3.90095e-09
1.08816e-10
1.03477e-10
2.51037e-09
-2.55216e-11
2.54147e-09
-7.91738e-11
2.59015e-09
-1.26073e-10
2.65223e-09
-1.61397e-10
2.72319e-09
-1.8614e-10
2.79896e-09
-2.01127e-10
2.87616e-09
-2.07178e-10
2.95201e-09
-2.05494e-10
3.02451e-09
-1.97862e-10
3.09239e-09
-1.85916e-10
3.1548e-09
-1.7081e-10
3.21141e-09
-1.53737e-10
3.26242e-09
-1.3586e-10
3.30815e-09
-1.17706e-10
3.34894e-09
-9.93969e-11
3.38521e-09
-8.11431e-11
3.41785e-09
-6.36776e-11
3.44748e-09
-4.67096e-11
3.47438e-09
-2.95528e-11
3.49925e-09
-1.25358e-11
3.52277e-09
4.41378e-12
3.54534e-09
2.17162e-11
3.5674e-09
3.9663e-11
3.58943e-09
5.85488e-11
3.61172e-09
7.88048e-11
3.63455e-09
1.00791e-10
3.65818e-09
1.24882e-10
3.68289e-09
1.51478e-10
3.70891e-09
1.80994e-10
3.73652e-09
2.13896e-10
3.76582e-09
2.5072e-10
3.79701e-09
2.9185e-10
3.83044e-09
3.37802e-10
3.86774e-09
3.99689e-10
3.89725e-09
3.90761e-10
3.9032e-09
2.90076e-10
3.8911e-09
1.40971e-10
3.86972e-09
-4.65555e-11
3.84136e-09
-2.38276e-10
3.80545e-09
-4.06323e-10
3.76155e-09
-5.67467e-10
3.71846e-09
-6.62104e-10
3.68069e-09
-7.21661e-10
3.64195e-09
-7.00543e-10
3.60042e-09
-6.35067e-10
3.55607e-09
-5.68005e-10
3.50947e-09
-5.08094e-10
3.46275e-09
-4.38259e-10
3.41615e-09
-3.83625e-10
3.37154e-09
-3.24052e-10
3.33069e-09
-2.7152e-10
3.29399e-09
-2.21616e-10
3.26426e-09
-1.70753e-10
3.24076e-09
-1.25719e-10
3.22635e-09
-7.61727e-11
3.22042e-09
-2.95467e-11
3.22433e-09
1.74933e-11
3.23906e-09
7.07965e-11
3.26291e-09
1.12314e-10
3.29955e-09
1.73809e-10
3.34498e-09
2.13653e-10
3.40059e-09
2.65538e-10
3.46517e-09
3.06724e-10
3.53681e-09
3.47115e-10
3.61606e-09
3.83958e-10
3.69923e-09
4.12896e-10
3.78746e-09
4.40282e-10
3.87708e-09
4.59648e-10
3.96876e-09
4.74769e-10
4.06034e-09
4.87279e-10
4.15086e-09
4.89862e-10
4.24048e-09
4.97487e-10
4.32738e-09
4.92943e-10
4.4105e-09
4.90036e-10
4.49009e-09
4.84915e-10
4.56543e-09
4.74214e-10
4.63578e-09
4.65828e-10
4.70141e-09
4.5439e-10
4.76268e-09
4.42543e-10
4.81963e-09
4.2905e-10
4.87144e-09
4.18744e-10
4.91775e-09
4.06292e-10
4.95956e-09
3.93982e-10
4.99748e-09
3.82124e-10
5.03151e-09
3.69407e-10
5.0619e-09
3.57932e-10
5.08897e-09
3.46704e-10
5.11346e-09
3.27239e-10
5.13689e-09
3.11216e-10
5.15973e-09
2.88363e-10
5.17985e-09
2.63328e-10
5.19901e-09
2.30008e-10
5.21696e-09
1.97852e-10
5.23405e-09
1.46729e-10
5.24993e-09
1.0381e-10
5.26378e-09
3.68042e-11
5.27512e-09
-1.92045e-11
5.28274e-09
-9.78498e-11
5.28586e-09
-1.6221e-10
5.28269e-09
-2.49103e-10
5.27244e-09
-3.144e-10
5.25346e-09
-3.93842e-10
5.22433e-09
-4.53467e-10
5.18562e-09
-5.11441e-10
5.1366e-09
-5.57494e-10
5.07991e-09
-5.88781e-10
5.01187e-09
-6.07977e-10
4.93387e-09
-6.12856e-10
4.84661e-09
-6.02e-10
4.75346e-09
-5.86851e-10
4.65525e-09
-5.56154e-10
4.55408e-09
-5.24157e-10
4.45083e-09
-4.83536e-10
4.34909e-09
-4.40546e-10
4.2496e-09
-3.99109e-10
4.15416e-09
-3.54475e-10
4.06299e-09
-3.11929e-10
3.97717e-09
-2.73621e-10
3.89774e-09
-2.36241e-10
3.82489e-09
-2.0323e-10
3.75888e-09
-1.7602e-10
3.69999e-09
-1.50206e-10
3.64803e-09
-1.30846e-10
3.60239e-09
-1.15958e-10
3.56292e-09
-1.04541e-10
3.52906e-09
-9.76251e-11
3.50019e-09
-9.38978e-11
3.47576e-09
-9.36207e-11
3.45497e-09
-9.67486e-11
3.43705e-09
-1.01884e-10
3.42185e-09
-1.08143e-10
3.40819e-09
-1.14628e-10
3.39546e-09
-1.26813e-10
3.38379e-09
-1.28475e-10
3.37241e-09
-1.39602e-10
3.36053e-09
-1.41908e-10
3.34984e-09
-1.43067e-10
3.33854e-09
-1.4022e-10
3.32849e-09
-1.35755e-10
3.31941e-09
-1.20571e-10
3.31258e-09
-1.07552e-10
3.30885e-09
-7.8848e-11
3.30964e-09
-5.33641e-11
3.31555e-09
-1.29442e-11
3.3293e-09
2.8241e-11
3.34956e-09
7.67473e-11
3.38105e-09
1.33711e-10
3.42099e-09
1.93076e-10
3.47158e-09
2.4895e-10
3.53271e-09
3.21604e-10
3.6028e-09
3.73502e-10
3.68371e-09
4.5414e-10
3.77112e-09
5.04525e-10
3.8665e-09
5.84129e-10
3.96562e-09
6.3759e-10
4.06862e-09
7.17363e-10
4.17112e-09
7.76444e-10
4.27357e-09
7.98028e-10
4.38242e-09
6.3414e-10
4.49053e-09
5.24889e-10
4.5658e-09
2.08306e-10
4.6239e-09
-2.67121e-11
4.6631e-09
-2.43786e-10
4.68338e-09
-4.40728e-10
4.68224e-09
-6.41597e-10
4.65726e-09
-7.32764e-10
4.60715e-09
-7.69944e-10
4.5494e-09
-6.99597e-10
4.49143e-09
-5.94335e-10
4.43487e-09
-4.9576e-10
4.38099e-09
-4.05918e-10
4.33011e-09
-3.27057e-10
4.28259e-09
-2.61054e-10
4.23856e-09
-2.0856e-10
4.19773e-09
-1.69125e-10
4.15951e-09
-1.41613e-10
4.12321e-09
-1.24433e-10
4.08798e-09
-1.157e-10
4.05292e-09
-1.13112e-10
4.01752e-09
-1.14194e-10
3.98169e-09
-1.16538e-10
3.94547e-09
-1.1819e-10
3.90902e-09
-1.17737e-10
3.87279e-09
-1.1409e-10
3.83748e-09
-1.06409e-10
3.80401e-09
-9.42867e-11
3.77321e-09
-7.79175e-11
3.74571e-09
-5.80238e-11
3.72201e-09
-3.55408e-11
3.70256e-09
-1.15271e-11
3.68756e-09
1.27365e-11
3.67695e-09
3.58847e-11
3.67041e-09
5.67095e-11
3.66747e-09
7.42867e-11
3.66753e-09
8.80158e-11
3.66995e-09
9.76109e-11
3.67413e-09
1.03201e-10
3.67913e-09
1.04836e-10
3.68438e-09
1.03562e-10
9.85917e-11
2.51385e-09
-3.93997e-11
2.55515e-09
-1.20518e-10
2.61776e-09
-1.88726e-10
2.6942e-09
-2.37867e-10
2.7776e-09
-2.69541e-10
2.86273e-09
-2.86228e-10
2.94534e-09
-2.89752e-10
3.02224e-09
-2.82379e-10
3.09182e-09
-2.67424e-10
3.15337e-09
-2.47461e-10
3.20656e-09
-2.23995e-10
3.25176e-09
-1.98939e-10
3.29022e-09
-1.74317e-10
3.32285e-09
-1.5034e-10
3.3503e-09
-1.2685e-10
3.37383e-09
-1.0467e-10
3.39363e-09
-8.34761e-11
3.41038e-09
-6.34582e-11
3.42582e-09
-4.49977e-11
3.44067e-09
-2.73798e-11
3.45525e-09
-1.01719e-11
3.47006e-09
6.90635e-12
3.48554e-09
2.41852e-11
3.50206e-09
4.20332e-11
3.51998e-09
6.08785e-11
3.53964e-09
8.11336e-11
3.56133e-09
1.03191e-10
3.58536e-09
1.27452e-10
3.61202e-09
1.54335e-10
3.64162e-09
1.84289e-10
3.6745e-09
2.17841e-10
3.71088e-09
2.55465e-10
3.75101e-09
2.97677e-10
3.79687e-09
3.53823e-10
3.83571e-09
3.51926e-10
3.85006e-09
2.75734e-10
3.84383e-09
1.47207e-10
3.82436e-09
-2.70729e-11
3.79353e-09
-2.07426e-10
3.75108e-09
-3.63852e-10
3.69649e-09
-5.12862e-10
3.63909e-09
-6.04706e-10
3.58317e-09
-6.65751e-10
3.52429e-09
-6.41675e-10
3.46215e-09
-5.72959e-10
3.39731e-09
-5.03185e-10
3.33095e-09
-4.41749e-10
3.26612e-09
-3.73444e-10
3.20326e-09
-3.20768e-10
3.1447e-09
-2.65491e-10
3.09206e-09
-2.18881e-10
3.04573e-09
-1.7529e-10
3.00816e-09
-1.33192e-10
2.97847e-09
-9.6036e-11
2.95909e-09
-5.67999e-11
2.94926e-09
-1.97283e-11
2.95001e-09
1.67436e-11
2.96226e-09
5.8554e-11
2.98408e-09
9.05014e-11
3.01917e-09
1.38736e-10
3.06342e-09
1.69426e-10
3.11839e-09
2.10593e-10
3.18268e-09
2.42448e-10
3.25469e-09
2.75115e-10
3.33484e-09
3.03802e-10
3.4198e-09
3.27921e-10
3.51059e-09
3.49474e-10
3.60391e-09
3.6631e-10
3.70019e-09
3.78484e-10
3.79761e-09
3.89841e-10
3.89508e-09
3.92386e-10
3.99285e-09
3.99726e-10
4.08895e-09
3.96844e-10
4.18333e-09
3.95678e-10
4.27552e-09
3.92742e-10
4.36468e-09
3.85074e-10
4.45095e-09
3.79567e-10
4.53391e-09
3.71438e-10
4.61232e-09
3.64104e-10
4.68727e-09
3.54069e-10
4.75887e-09
3.47097e-10
4.82632e-09
3.38788e-10
4.88937e-09
3.30881e-10
4.94874e-09
3.22717e-10
5.00574e-09
3.12385e-10
5.06107e-09
3.02589e-10
5.11372e-09
2.9406e-10
5.16197e-09
2.78992e-10
5.20607e-09
2.67121e-10
5.24819e-09
2.46254e-10
5.28727e-09
2.24265e-10
5.32389e-09
1.93407e-10
5.35693e-09
1.64827e-10
5.38573e-09
1.17952e-10
5.41028e-09
7.92693e-11
5.42867e-09
1.84219e-11
5.44071e-09
-3.12332e-11
5.44413e-09
-1.01269e-10
5.43895e-09
-1.57021e-10
5.42244e-09
-2.32592e-10
5.39517e-09
-2.87126e-10
5.35535e-09
-3.54017e-10
5.30276e-09
-4.00867e-10
5.23763e-09
-4.46311e-10
5.15836e-09
-4.78214e-10
5.06804e-09
-4.98455e-10
4.9665e-09
-5.06424e-10
4.85816e-09
-5.0451e-10
4.74392e-09
-4.87752e-10
4.62596e-09
-4.68874e-10
4.50579e-09
-4.3598e-10
4.38628e-09
-4.04638e-10
4.26889e-09
-3.66135e-10
4.15633e-09
-3.27974e-10
4.0485e-09
-2.91265e-10
3.9477e-09
-2.53661e-10
3.85428e-09
-2.18499e-10
3.76838e-09
-1.87715e-10
3.69064e-09
-1.5849e-10
3.62084e-09
-1.33429e-10
3.55881e-09
-1.13987e-10
3.50447e-09
-9.5879e-11
3.45725e-09
-8.36365e-11
3.41629e-09
-7.50224e-11
3.38119e-09
-6.94677e-11
3.35119e-09
-6.76622e-11
3.32556e-09
-6.82938e-11
3.30358e-09
-7.16712e-11
3.28436e-09
-7.75605e-11
3.26708e-09
-8.46209e-11
3.2515e-09
-9.25826e-11
3.23652e-09
-9.96716e-11
3.22146e-09
-1.11765e-10
3.20666e-09
-1.13696e-10
3.19124e-09
-1.24196e-10
3.17478e-09
-1.25464e-10
3.15884e-09
-1.27145e-10
3.14206e-09
-1.23456e-10
3.12619e-09
-1.1989e-10
3.11141e-09
-1.05792e-10
3.09887e-09
-9.50115e-11
3.08988e-09
-6.98522e-11
3.08567e-09
-4.91537e-11
3.08731e-09
-1.45765e-11
3.09721e-09
1.83346e-11
3.11456e-09
5.93893e-11
3.14371e-09
1.04549e-10
3.18243e-09
1.54347e-10
3.23259e-09
1.98787e-10
3.29465e-09
2.59538e-10
3.3667e-09
3.01462e-10
3.45132e-09
3.69519e-10
3.54409e-09
4.11763e-10
3.64726e-09
4.80961e-10
3.75648e-09
5.28362e-10
3.8727e-09
6.01122e-10
3.99123e-09
6.57888e-10
4.11262e-09
6.76613e-10
4.23793e-09
5.08792e-10
4.36187e-09
4.0092e-10
4.44625e-09
1.23911e-10
4.50753e-09
-8.80015e-11
4.54552e-09
-2.81768e-10
4.55932e-09
-4.54522e-10
4.54423e-09
-6.26489e-10
4.50047e-09
-6.88993e-10
4.4286e-09
-6.98059e-10
4.34935e-09
-6.20339e-10
4.27175e-09
-5.16732e-10
4.19733e-09
-4.21335e-10
4.12744e-09
-3.36035e-10
4.06305e-09
-2.62673e-10
4.00428e-09
-2.02286e-10
3.95071e-09
-1.54999e-10
3.90165e-09
-1.20066e-10
3.85611e-09
-9.60834e-11
3.81314e-09
-8.14675e-11
3.77189e-09
-7.44534e-11
3.73133e-09
-7.25565e-11
3.69088e-09
-7.37594e-11
3.65047e-09
-7.61246e-11
3.61025e-09
-7.7977e-11
3.57058e-09
-7.80636e-11
3.53198e-09
-7.54915e-11
3.4952e-09
-6.96226e-11
3.46108e-09
-6.01642e-11
3.43044e-09
-4.72699e-11
3.40391e-09
-3.14944e-11
3.382e-09
-1.36252e-11
3.36506e-09
5.40988e-12
3.35325e-09
2.45534e-11
3.34641e-09
4.27207e-11
3.34417e-09
5.89548e-11
3.34593e-09
7.25288e-11
3.35096e-09
8.29821e-11
3.35847e-09
9.0104e-11
3.36762e-09
9.40434e-11
3.37737e-09
9.50879e-11
3.38712e-09
9.38101e-11
8.98343e-11
2.52119e-09
-6.06247e-11
2.58066e-09
-1.80031e-10
2.66591e-09
-2.74036e-10
2.76183e-09
-3.33836e-10
2.85851e-09
-3.66225e-10
2.94923e-09
-3.76911e-10
3.02931e-09
-3.69788e-10
3.09592e-09
-3.48956e-10
3.14973e-09
-3.21213e-10
3.1923e-09
-2.90028e-10
3.22469e-09
-2.56382e-10
3.24865e-09
-2.22897e-10
3.26476e-09
-1.90419e-10
3.27461e-09
-1.60192e-10
3.2808e-09
-1.33046e-10
3.28465e-09
-1.08518e-10
3.28734e-09
-8.61669e-11
3.28966e-09
-6.57812e-11
3.29204e-09
-4.73776e-11
3.29521e-09
-3.05467e-11
3.29975e-09
-1.47182e-11
3.3061e-09
5.62579e-13
3.31456e-09
1.57226e-11
3.32542e-09
3.11734e-11
3.33896e-09
4.73416e-11
3.35546e-09
6.46305e-11
3.37523e-09
8.34217e-11
3.39858e-09
1.04094e-10
3.42588e-09
1.2704e-10
3.45748e-09
1.52683e-10
3.49381e-09
1.81508e-10
3.53525e-09
2.14027e-10
3.58212e-09
2.50805e-10
3.63662e-09
2.9932e-10
3.68518e-09
3.03372e-10
3.70923e-09
2.51682e-10
3.71044e-09
1.46002e-10
3.69402e-09
-1.06442e-11
3.6612e-09
-1.74587e-10
3.61187e-09
-3.14498e-10
3.54511e-09
-4.46087e-10
3.4704e-09
-5.29975e-10
3.39159e-09
-5.86947e-10
3.30759e-09
-5.57683e-10
3.22074e-09
-4.86123e-10
3.13291e-09
-4.15381e-10
3.04607e-09
-3.5492e-10
2.96414e-09
-2.91534e-10
2.88744e-09
-2.44072e-10
2.81838e-09
-1.96435e-10
2.75792e-09
-1.58416e-10
2.70613e-09
-1.23513e-10
2.6647e-09
-9.17654e-11
2.63245e-09
-6.37975e-11
2.61117e-09
-3.55245e-11
2.59996e-09
-8.52096e-12
2.59942e-09
1.72812e-11
2.61042e-09
4.7551e-11
2.63091e-09
7.00252e-11
2.66452e-09
1.05144e-10
2.70714e-09
1.26825e-10
2.76052e-09
1.57233e-10
2.82309e-09
1.79884e-10
2.89367e-09
2.04543e-10
2.97242e-09
2.25045e-10
3.05654e-09
2.43786e-10
3.14676e-09
2.59239e-10
3.2403e-09
2.72754e-10
3.33729e-09
2.81476e-10
3.43629e-09
2.90831e-10
3.53606e-09
2.92611e-10
3.63706e-09
2.98727e-10
3.73725e-09
2.96666e-10
3.8368e-09
2.96137e-10
3.93525e-09
2.94308e-10
4.03164e-09
2.88691e-10
4.12611e-09
2.85102e-10
4.21852e-09
2.79023e-10
4.3082e-09
2.74409e-10
4.39514e-09
2.67095e-10
4.47968e-09
2.62518e-10
4.56175e-09
2.56677e-10
4.64127e-09
2.5133e-10
4.71783e-09
2.46143e-10
4.79078e-09
2.39425e-10
4.86076e-09
2.32606e-10
4.92833e-09
2.26499e-10
4.99289e-09
2.14446e-10
5.05393e-09
2.06097e-10
5.11116e-09
1.89055e-10
5.16331e-09
1.72144e-10
5.21101e-09
1.45727e-10
5.25347e-09
1.22402e-10
5.28897e-09
8.24696e-11
5.31783e-09
5.0433e-11
5.33732e-09
-1.05387e-12
5.34751e-09
-4.14091e-11
5.34535e-09
-9.91071e-11
5.33143e-09
-1.43084e-10
5.30194e-09
-2.03097e-10
5.25837e-09
-2.43548e-10
5.19824e-09
-2.93869e-10
5.12265e-09
-3.25275e-10
5.03281e-09
-3.5646e-10
4.92903e-09
-3.74423e-10
4.81534e-09
-3.84764e-10
4.69241e-09
-3.83475e-10
4.5646e-09
-3.76692e-10
4.43366e-09
-3.56803e-10
4.30261e-09
-3.3781e-10
4.17393e-09
-3.07291e-10
4.0495e-09
-2.80196e-10
3.93065e-09
-2.47268e-10
3.8194e-09
-2.16713e-10
3.71543e-09
-1.87289e-10
3.6205e-09
-1.58708e-10
3.53443e-09
-1.32419e-10
3.45705e-09
-1.10317e-10
3.38859e-09
-9.00241e-11
3.32845e-09
-7.32759e-11
3.27597e-09
-6.15066e-11
3.23085e-09
-5.07571e-11
3.19218e-09
-4.49802e-11
3.15898e-09
-4.18361e-11
3.13062e-09
-4.1129e-11
3.10618e-09
-4.32531e-11
3.08483e-09
-4.6966e-11
3.06577e-09
-5.26313e-11
3.04808e-09
-5.98911e-11
3.03097e-09
-6.75295e-11
3.01419e-09
-7.58183e-11
2.99685e-09
-8.23531e-11
2.97822e-09
-9.31413e-11
2.95902e-09
-9.45113e-11
2.93825e-09
-1.03444e-10
2.91605e-09
-1.03281e-10
2.89379e-09
-1.04903e-10
2.87072e-09
-1.00399e-10
2.84838e-09
-9.75583e-11
2.82751e-09
-8.49282e-11
2.80901e-09
-7.65196e-11
2.7947e-09
-5.55439e-11
2.78545e-09
-3.99117e-11
2.78284e-09
-1.19713e-11
2.78876e-09
1.24017e-11
2.80301e-09
4.51342e-11
2.82927e-09
7.82769e-11
2.86601e-09
1.17587e-10
2.91455e-09
1.50244e-10
2.97604e-09
1.98044e-10
3.04813e-09
2.29366e-10
3.1342e-09
2.83452e-10
3.22964e-09
3.1632e-10
3.3376e-09
3.72997e-10
3.45362e-09
4.1233e-10
3.57967e-09
4.75054e-10
3.71102e-09
5.26507e-10
3.84667e-09
5.40932e-10
3.98064e-09
3.74797e-10
4.11063e-09
2.70909e-10
4.19622e-09
3.83082e-11
4.25274e-09
-1.44526e-10
4.27921e-09
-3.08227e-10
4.27457e-09
-4.4986e-10
4.23328e-09
-5.85184e-10
4.16019e-09
-6.15878e-10
4.05909e-09
-5.96941e-10
3.95358e-09
-5.14825e-10
3.85393e-09
-4.17075e-10
3.76193e-09
-3.29335e-10
3.67876e-09
-2.52865e-10
3.60474e-09
-1.88662e-10
3.5394e-09
-1.36953e-10
3.48173e-09
-9.73294e-11
3.43038e-09
-6.8726e-11
3.38378e-09
-4.94964e-11
3.34068e-09
-3.83691e-11
3.30024e-09
-3.40196e-11
3.26103e-09
-3.33568e-11
3.2225e-09
-3.5233e-11
3.18449e-09
-3.8118e-11
3.14716e-09
-4.0648e-11
3.11087e-09
-4.17756e-11
3.07618e-09
-4.07985e-11
3.04379e-09
-3.72279e-11
3.01447e-09
-3.08406e-11
2.98894e-09
-2.17429e-11
2.96782e-09
-1.03644e-11
2.95154e-09
2.65918e-12
2.94038e-09
1.65698e-11
2.9344e-09
3.05363e-11
2.93338e-09
4.37333e-11
2.93689e-09
5.54454e-11
2.94428e-09
6.51427e-11
2.95475e-09
7.25122e-11
2.96739e-09
7.74647e-11
2.98125e-09
8.01735e-11
2.99539e-09
8.09531e-11
3.00909e-09
8.0105e-11
7.78933e-11
2.53561e-09
-9.62582e-11
2.62853e-09
-2.72987e-10
2.74346e-09
-3.89e-10
2.85429e-09
-4.44694e-10
2.94911e-09
-4.61048e-10
3.02396e-09
-4.51718e-10
3.07811e-09
-4.23881e-10
3.11321e-09
-3.84009e-10
3.13063e-09
-3.38607e-10
3.13307e-09
-2.92453e-10
3.12612e-09
-2.49435e-10
3.11321e-09
-2.09981e-10
3.09711e-09
-1.74323e-10
3.07966e-09
-1.42745e-10
3.06204e-09
-1.15426e-10
3.04545e-09
-9.19347e-11
3.03085e-09
-7.15692e-11
3.01885e-09
-5.3775e-11
3.00964e-09
-3.81745e-11
3.0034e-09
-2.43022e-11
3.00029e-09
-1.16128e-11
3.00048e-09
3.71458e-13
3.00409e-09
1.21093e-11
3.01126e-09
2.40026e-11
3.02218e-09
3.64259e-11
3.03708e-09
4.97264e-11
3.05627e-09
6.42312e-11
3.0801e-09
8.02618e-11
3.10898e-09
9.8153e-11
3.14339e-09
1.18275e-10
3.18384e-09
1.41056e-10
3.23087e-09
1.66998e-10
3.285e-09
1.96672e-10
3.34867e-09
2.35647e-10
3.40801e-09
2.44026e-10
3.44423e-09
2.15466e-10
3.45558e-09
1.34657e-10
3.44367e-09
1.27127e-12
3.40858e-09
-1.39479e-10
3.35053e-09
-2.56418e-10
3.26816e-09
-3.63697e-10
3.17098e-09
-4.32771e-10
3.06291e-09
-4.78874e-10
2.94888e-09
-4.4365e-10
2.83536e-09
-3.72617e-10
2.72583e-09
-3.05871e-10
2.62259e-09
-2.51688e-10
2.52966e-09
-1.98622e-10
2.44633e-09
-1.60753e-10
2.37434e-09
-1.2445e-10
2.3133e-09
-9.73809e-11
2.2627e-09
-7.29141e-11
2.22308e-09
-5.2153e-11
2.19303e-09
-3.376e-11
2.17356e-09
-1.60591e-11
2.16376e-09
1.26811e-12
2.16384e-09
1.72048e-11
2.17468e-09
3.67133e-11
2.19419e-09
5.05194e-11
2.22589e-09
7.34582e-11
2.26585e-09
8.68812e-11
2.31598e-09
1.0711e-10
2.37461e-09
1.21269e-10
2.44105e-09
1.38096e-10
2.51515e-09
1.50935e-10
2.59482e-09
1.64106e-10
2.68035e-09
1.73692e-10
2.76964e-09
1.83443e-10
2.86247e-09
1.88634e-10
2.95785e-09
1.9544e-10
3.05437e-09
1.96088e-10
3.15271e-09
2.00391e-10
3.25079e-09
1.98597e-10
3.3489e-09
1.98039e-10
3.44665e-09
1.96573e-10
3.54307e-09
1.92273e-10
3.63841e-09
1.89771e-10
3.73244e-09
1.84991e-10
3.82483e-09
1.81996e-10
3.91532e-09
1.76589e-10
4.00424e-09
1.73567e-10
4.0914e-09
1.69496e-10
4.17677e-09
1.65939e-10
4.26021e-09
1.62696e-10
4.34118e-09
1.58449e-10
4.41974e-09
1.54056e-10
4.49593e-09
1.50322e-10
4.56878e-09
1.41617e-10
4.6385e-09
1.364e-10
4.70415e-09
1.23439e-10
4.76425e-09
1.12082e-10
4.81819e-09
9.18169e-11
4.86521e-09
7.54053e-11
4.90257e-09
4.51324e-11
4.931e-09
2.20192e-11
4.94622e-09
-1.62572e-11
4.94994e-09
-4.51062e-11
4.93798e-09
-8.71305e-11
4.91209e-09
-1.17186e-10
4.86823e-09
-1.59222e-10
4.80949e-09
-1.84793e-10
4.73362e-09
-2.17992e-10
4.64348e-09
-2.35115e-10
4.54014e-09
-2.53117e-10
4.42501e-09
-2.59283e-10
4.30221e-09
-2.61944e-10
4.1733e-09
-2.54558e-10
4.04236e-09
-2.45744e-10
3.91199e-09
-2.26416e-10
3.78442e-09
-2.10229e-10
3.66235e-09
-1.85208e-10
3.54701e-09
-1.64848e-10
3.43969e-09
-1.39942e-10
3.34157e-09
-1.18578e-10
3.2521e-09
-9.78034e-11
3.1723e-09
-7.88895e-11
3.10163e-09
-6.17382e-11
3.0395e-09
-4.81752e-11
2.9858e-09
-3.63076e-11
2.93961e-09
-2.70765e-11
2.89995e-09
-2.18335e-11
2.86634e-09
-1.7145e-11
2.83766e-09
-1.63072e-11
2.81287e-09
-1.7053e-11
2.79122e-09
-1.94965e-11
2.77173e-09
-2.37821e-11
2.75357e-09
-2.88245e-11
2.73597e-09
-3.50461e-11
2.71811e-09
-4.20513e-11
2.69939e-09
-4.88215e-11
2.6796e-09
-5.60408e-11
2.65825e-09
-6.10088e-11
2.63456e-09
-6.94668e-11
2.60983e-09
-6.97911e-11
2.58291e-09
-7.65346e-11
2.55465e-09
-7.50399e-11
2.52609e-09
-7.63542e-11
2.49722e-09
-7.15444e-11
2.46918e-09
-6.95381e-11
2.44333e-09
-5.90923e-11
2.42012e-09
-5.33166e-11
2.40184e-09
-3.72771e-11
2.3888e-09
-2.68818e-11
2.38307e-09
-6.25514e-12
2.38577e-09
9.68549e-12
2.39735e-09
3.35325e-11
2.42055e-09
5.50646e-11
2.45471e-09
8.341e-11
2.50032e-09
1.04618e-10
2.55935e-09
1.39011e-10
2.62897e-09
1.59742e-10
2.71333e-09
1.99091e-10
2.8077e-09
2.21939e-10
2.91619e-09
2.64495e-10
3.03443e-09
2.94079e-10
3.16552e-09
3.4394e-10
3.30498e-09
3.87024e-10
3.44931e-09
3.96568e-10
3.5831e-09
2.40984e-10
3.70771e-09
1.46289e-10
3.78199e-09
-3.59735e-11
3.81966e-09
-1.82186e-10
3.81967e-09
-3.08216e-10
3.78143e-09
-4.11602e-10
3.70022e-09
-5.03946e-10
3.58832e-09
-5.03959e-10
3.4545e-09
-4.63115e-10
3.32382e-09
-3.84139e-10
3.20658e-09
-2.99834e-10
3.10393e-09
-2.26693e-10
3.01595e-09
-1.6489e-10
2.94167e-09
-1.14387e-10
2.8794e-09
-7.46893e-11
2.82718e-09
-4.51237e-11
2.78287e-09
-2.44237e-11
2.74421e-09
-1.08411e-11
2.70998e-09
-4.14427e-12
2.67844e-09
-2.47904e-12
2.64839e-09
-3.31227e-12
2.61918e-09
-6.02773e-12
2.59057e-09
-9.51542e-12
2.56266e-09
-1.27355e-11
2.53576e-09
-1.48708e-11
2.51037e-09
-1.54124e-11
2.48716e-09
-1.40148e-11
2.46684e-09
-1.0517e-11
2.45007e-09
-4.96178e-12
2.43738e-09
2.3226e-12
2.42919e-09
1.08572e-11
2.42569e-09
2.00658e-11
2.42689e-09
2.93396e-11
2.43253e-09
3.80938e-11
2.44214e-09
4.58349e-11
2.45506e-09
5.22178e-11
2.4705e-09
5.70707e-11
2.48756e-09
6.04072e-11
2.5053e-09
6.24331e-11
2.52281e-09
6.34434e-11
2.53931e-09
6.36047e-11
6.38629e-11
2.56369e-09
-1.59965e-10
2.70344e-09
-4.1274e-10
2.83103e-09
-5.16588e-10
2.92184e-09
-5.35481e-10
2.97697e-09
-5.16152e-10
2.99344e-09
-4.6815e-10
2.9766e-09
-4.06989e-10
2.9391e-09
-3.46453e-10
2.89028e-09
-2.89761e-10
2.83674e-09
-2.38897e-10
2.7826e-09
-1.95296e-10
2.7311e-09
-1.58481e-10
2.68418e-09
-1.27409e-10
2.64273e-09
-1.01294e-10
2.60689e-09
-7.95884e-11
2.57659e-09
-6.16358e-11
2.5517e-09
-4.66782e-11
2.53203e-09
-3.41108e-11
2.51726e-09
-2.34058e-11
2.50702e-09
-1.40622e-11
2.50103e-09
-5.62961e-12
2.49924e-09
2.16225e-12
2.50155e-09
9.79707e-12
2.50799e-09
1.75628e-11
2.5187e-09
2.57175e-11
2.53392e-09
3.45088e-11
2.55397e-09
4.41735e-11
2.57929e-09
5.49452e-11
2.61037e-09
6.70729e-11
2.6478e-09
8.0842e-11
2.69225e-09
9.65963e-11
2.74448e-09
1.14773e-10
2.80526e-09
1.35884e-10
2.87728e-09
1.63625e-10
2.94742e-09
1.73882e-10
2.99806e-09
1.64823e-10
3.02238e-09
1.10341e-10
3.0161e-09
7.56055e-12
2.97769e-09
-1.01053e-10
2.90827e-09
-1.8697e-10
2.80695e-09
-2.62355e-10
2.68395e-09
-3.09745e-10
2.54461e-09
-3.39518e-10
2.40288e-09
-3.01922e-10
2.26997e-09
-2.3971e-10
2.1498e-09
-1.85718e-10
2.04327e-09
-1.45176e-10
1.95283e-09
-1.08192e-10
1.87566e-09
-8.35937e-11
1.81208e-09
-6.08818e-11
1.76008e-09
-4.53851e-11
1.71855e-09
-3.13955e-11
1.68697e-09
-2.05771e-11
1.66398e-09
-1.07719e-11
1.64982e-09
-1.91046e-12
1.64388e-09
7.20396e-12
1.646e-09
1.50818e-11
1.65717e-09
2.55453e-11
1.67543e-09
3.22663e-11
1.70401e-09
4.48901e-11
1.7394e-09
5.1499e-11
1.78362e-09
6.29005e-11
1.83491e-09
6.99786e-11
1.89324e-09
7.97654e-11
1.95802e-09
8.61389e-11
2.02807e-09
9.40453e-11
2.10314e-09
9.86056e-11
2.18199e-09
1.04579e-10
2.26394e-09
1.06666e-10
2.3486e-09
1.10773e-10
2.43437e-09
1.10317e-10
2.52213e-09
1.12642e-10
2.60984e-09
1.1089e-10
2.69789e-09
1.1001e-10
2.78592e-09
1.08555e-10
2.87303e-09
1.05177e-10
2.95957e-09
1.03233e-10
3.04517e-09
9.93867e-11
3.12988e-09
9.72787e-11
3.21324e-09
9.32069e-11
3.29575e-09
9.10442e-11
3.3771e-09
8.81241e-11
3.45735e-09
8.56676e-11
3.53644e-09
8.35986e-11
3.61387e-09
8.10273e-11
3.68953e-09
7.84028e-11
3.76338e-09
7.64911e-11
3.83401e-09
7.10059e-11
3.90193e-09
6.85142e-11
3.96545e-09
5.99414e-11
4.02363e-09
5.39316e-11
4.07478e-09
4.0685e-11
4.11869e-09
3.15183e-11
4.15179e-09
1.20582e-11
4.17546e-09
-1.63635e-12
4.1846e-09
-2.53776e-11
4.18143e-09
-4.19141e-11
4.16161e-09
-6.72972e-11
4.12798e-09
-8.35386e-11
4.07649e-09
-1.07712e-10
4.01157e-09
-1.19858e-10
3.931e-09
-1.37408e-10
3.83903e-09
-1.43135e-10
3.73659e-09
-1.5067e-10
3.62637e-09
-1.49045e-10
3.51164e-09
-1.47202e-10
3.39476e-09
-1.37675e-10
3.2786e-09
-1.29569e-10
3.16617e-09
-1.13978e-10
3.05845e-09
-1.02501e-10
2.95817e-09
-8.49149e-11
2.86542e-09
-7.20863e-11
2.7815e-09
-5.60093e-11
2.70664e-09
-4.3708e-11
2.64017e-09
-3.13217e-11
2.5823e-09
-2.10025e-11
2.53238e-09
-1.18036e-11
2.4895e-09
-5.27698e-12
2.45326e-09
-6.08634e-14
2.42266e-09
3.53528e-12
2.39651e-09
4.32859e-12
2.37434e-09
5.03215e-12
2.35493e-09
3.09996e-12
2.33736e-09
5.16597e-13
2.32092e-09
-3.0749e-12
2.30469e-09
-7.56467e-12
2.28802e-09
-1.21665e-11
2.2703e-09
-1.73336e-11
2.25099e-09
-2.27535e-11
2.22979e-09
-2.76322e-11
2.20659e-09
-3.28545e-11
2.18143e-09
-3.58531e-11
2.15351e-09
-4.15559e-11
2.12472e-09
-4.10084e-11
2.09369e-09
-4.55169e-11
2.06206e-09
-4.34198e-11
2.03024e-09
-4.45496e-11
1.99905e-09
-4.03793e-11
1.96897e-09
-3.94689e-11
1.94189e-09
-3.20293e-11
1.91758e-09
-2.90183e-11
1.89872e-09
-1.84339e-11
1.88482e-09
-1.30009e-11
1.87843e-09
1.18995e-13
1.8796e-09
8.50336e-12
1.88956e-09
2.35564e-11
1.90973e-09
3.48786e-11
1.94051e-09
5.26154e-11
1.98138e-09
6.37335e-11
2.03512e-09
8.52605e-11
2.09847e-09
9.63815e-11
2.17625e-09
1.21312e-10
2.26375e-09
1.34431e-10
2.36595e-09
1.62275e-10
2.47883e-09
1.81185e-10
2.60675e-09
2.16e-10
2.74587e-09
2.47877e-10
2.88944e-09
2.5298e-10
3.00975e-09
1.20658e-10
3.11247e-09
4.35703e-11
3.15867e-09
-8.2171e-11
3.16037e-09
-1.83867e-10
3.11816e-09
-2.65977e-10
3.0339e-09
-3.27315e-10
2.90618e-09
-3.76211e-10
2.75676e-09
-3.54526e-10
2.59948e-09
-3.05828e-10
2.45709e-09
-2.41752e-10
2.33737e-09
-1.80124e-10
2.23938e-09
-1.2871e-10
2.16111e-09
-8.66273e-11
2.09985e-09
-5.3139e-11
2.05254e-09
-2.73878e-11
2.01629e-09
-8.87313e-12
1.9882e-09
3.66383e-12
1.96594e-09
1.14153e-11
1.94759e-09
1.41947e-11
1.93107e-09
1.40428e-11
1.91563e-09
1.21264e-11
1.90052e-09
9.07825e-12
1.88545e-09
5.55807e-12
1.87047e-09
2.24783e-12
1.85589e-09
-2.85196e-13
1.84221e-09
-1.72858e-12
1.83004e-09
-1.84355e-12
1.82004e-09
-5.15968e-13
1.81285e-09
2.23224e-12
1.809e-09
6.17664e-12
1.80886e-09
1.09983e-11
1.8126e-09
1.63211e-11
1.82019e-09
2.17519e-11
1.83136e-09
2.69211e-11
1.84568e-09
3.15224e-11
1.86252e-09
3.5369e-11
1.88119e-09
3.84008e-11
1.90089e-09
4.07057e-11
1.9208e-09
4.25291e-11
1.94007e-09
4.41751e-11
1.95773e-09
4.59381e-11
4.91578e-11
2.61526e-09
-2.75245e-10
2.76721e-09
-5.64691e-10
2.83091e-09
-5.80284e-10
2.81791e-09
-5.22462e-10
2.74465e-09
-4.4284e-10
2.63613e-09
-3.59586e-10
2.5145e-09
-2.85326e-10
2.39361e-09
-2.25527e-10
2.28202e-09
-1.78143e-10
2.18337e-09
-1.4024e-10
2.09822e-09
-1.1015e-10
2.02609e-09
-8.63549e-11
1.96605e-09
-6.737e-11
1.91687e-09
-5.21113e-11
1.87714e-09
-3.98652e-11
1.84553e-09
-3.00314e-11
1.8209e-09
-2.20512e-11
1.8024e-09
-1.56049e-11
1.78924e-09
-1.02531e-11
1.78077e-09
-5.58804e-12
1.77631e-09
-1.17559e-12
1.776e-09
2.4783e-12
1.77954e-09
6.2508e-12
1.78696e-09
1.01405e-11
1.79842e-09
1.42578e-11
1.8142e-09
1.87361e-11
1.83466e-09
2.37102e-11
1.86029e-09
2.93137e-11
1.89167e-09
3.56929e-11
1.92949e-09
4.30224e-11
1.97456e-09
5.15234e-11
2.02782e-09
6.15028e-11
2.09038e-09
7.33227e-11
2.16499e-09
8.90185e-11
2.24107e-09
9.77934e-11
2.30464e-09
1.01252e-10
2.34231e-09
7.26809e-11
2.34164e-09
8.23604e-12
2.29955e-09
-5.89486e-11
2.21995e-09
-1.07347e-10
2.10455e-09
-1.46933e-10
1.96501e-09
-1.70185e-10
1.80901e-09
-1.83502e-10
1.65997e-09
-1.52874e-10
1.53137e-09
-1.11118e-10
1.4245e-09
-7.88577e-11
1.33648e-09
-5.7169e-11
1.26675e-09
-3.84713e-11
1.21049e-09
-2.73457e-11
1.16675e-09
-1.71499e-11
1.13247e-09
-1.11115e-11
1.1065e-09
-5.43461e-12
1.08766e-09
-1.74322e-12
1.07514e-09
1.74327e-12
1.06859e-09
4.63677e-12
1.06778e-09
8.00658e-12
1.07245e-09
1.04115e-11
1.08357e-09
1.4428e-11
1.09949e-09
1.63511e-11
1.12293e-09
2.14598e-11
1.15105e-09
2.33793e-11
1.18579e-09
2.81631e-11
1.22547e-09
3.02994e-11
1.27063e-09
3.4599e-11
1.32033e-09
3.64283e-11
1.37431e-09
4.00476e-11
1.43182e-09
4.10874e-11
1.49251e-09
4.38717e-11
1.55533e-09
4.38389e-11
1.62045e-09
4.56465e-11
1.68621e-09
4.4557e-11
1.75358e-09
4.52778e-11
1.82074e-09
4.37333e-11
1.88807e-09
4.26908e-11
1.95529e-09
4.13513e-11
2.02157e-09
3.89038e-11
2.08739e-09
3.74074e-11
2.15221e-09
3.456e-11
2.21644e-09
3.30331e-11
2.27948e-09
3.01485e-11
2.34198e-09
2.85196e-11
2.40365e-09
2.64343e-11
2.46462e-09
2.46817e-11
2.52493e-09
2.32747e-11
2.58423e-09
2.17332e-11
2.64242e-09
2.02179e-11
2.69956e-09
1.93632e-11
2.75406e-09
1.65217e-11
2.80676e-09
1.58258e-11
2.85539e-09
1.13293e-11
2.90005e-09
9.28807e-12
2.93797e-09
2.77736e-12
2.96954e-09
-4.25089e-14
2.99112e-09
-9.50547e-12
3.00452e-09
-1.50149e-11
3.0052e-09
-2.60474e-11
2.99556e-09
-3.22601e-11
2.97155e-09
-4.32718e-11
2.93677e-09
-4.87384e-11
2.88749e-09
-5.84139e-11
2.82886e-09
-6.12177e-11
2.75863e-09
-6.71695e-11
2.68176e-09
-6.62526e-11
2.59828e-09
-6.71787e-11
2.5117e-09
-6.24588e-11
2.42359e-09
-5.90797e-11
2.33683e-09
-5.09166e-11
2.25247e-09
-4.51947e-11
2.17373e-09
-3.52311e-11
2.09993e-09
-2.86926e-11
2.03376e-09
-1.87382e-11
1.97396e-09
-1.22819e-11
1.92195e-09
-3.98917e-12
1.87735e-09
9.05099e-13
1.83945e-09
6.58309e-12
1.80749e-09
1.0974e-11
1.78117e-09
1.45316e-11
1.75939e-09
1.65082e-11
1.74166e-09
1.76809e-11
1.72709e-09
1.81157e-11
1.71451e-09
1.6922e-11
1.70361e-09
1.59321e-11
1.69325e-09
1.34615e-11
1.68279e-09
1.0969e-11
1.67191e-09
7.79988e-12
1.65973e-09
4.60152e-12
1.64594e-09
1.61601e-12
1.63009e-09
-1.49717e-12
1.61208e-09
-4.74982e-12
1.59193e-09
-7.49175e-12
1.56959e-09
-1.05185e-11
1.54563e-09
-1.18942e-11
1.51916e-09
-1.5088e-11
1.49251e-09
-1.43657e-11
1.46402e-09
-1.70311e-11
1.43594e-09
-1.53519e-11
1.40784e-09
-1.64591e-11
1.38128e-09
-1.38308e-11
1.35581e-09
-1.40056e-11
1.33373e-09
-9.96156e-12
1.31398e-09
-9.28149e-12
1.29945e-09
-3.91713e-12
1.28877e-09
-2.33341e-12
1.28486e-09
4.01944e-12
1.28654e-09
6.81253e-12
1.29591e-09
1.41772e-11
1.31282e-09
1.79618e-11
1.33878e-09
2.66432e-11
1.37221e-09
3.02968e-11
1.41657e-09
4.08958e-11
1.46829e-09
4.4658e-11
1.53251e-09
5.70805e-11
1.60479e-09
6.21468e-11
1.69062e-09
7.64305e-11
1.78654e-09
8.52538e-11
1.89808e-09
1.04447e-10
2.02266e-09
1.23277e-10
2.14991e-09
1.25718e-10
2.23827e-09
3.22934e-11
2.29879e-09
-1.69489e-11
2.30075e-09
-8.41119e-11
2.25505e-09
-1.38143e-10
2.16623e-09
-1.77139e-10
2.04037e-09
-2.01429e-10
1.8809e-09
-2.16727e-10
1.71682e-09
-1.9044e-10
1.5636e-09
-1.52605e-10
1.43603e-09
-1.14184e-10
1.33657e-09
-8.06739e-11
1.2615e-09
-5.36422e-11
1.20693e-09
-3.20706e-11
1.16901e-09
-1.52246e-11
1.14435e-09
-2.73296e-12
1.12915e-09
6.3248e-12
1.12075e-09
1.20638e-11
1.11699e-09
1.51699e-11
1.11538e-09
1.58106e-11
1.11451e-09
1.49119e-11
1.11354e-09
1.30937e-11
1.11192e-09
1.07028e-11
1.1094e-09
8.07904e-12
1.10607e-09
5.58315e-12
1.10228e-09
3.50349e-12
1.09854e-09
2.01531e-12
1.09542e-09
1.28362e-12
1.09349e-09
1.41759e-12
1.09338e-09
2.34621e-12
1.09562e-09
3.94025e-12
1.10056e-09
6.05673e-12
1.10837e-09
8.51153e-12
1.11902e-09
1.11058e-11
1.13229e-09
1.36473e-11
1.14786e-09
1.59536e-11
1.16524e-09
1.79831e-11
1.1839e-09
1.97402e-11
1.20326e-09
2.13458e-11
1.22273e-09
2.30639e-11
1.24165e-09
2.52563e-11
1.25888e-09
2.87033e-11
3.47083e-11
2.65788e-09
-4.33159e-10
2.62178e-09
-5.28625e-10
2.4438e-09
-4.02329e-10
2.21135e-09
-2.90025e-10
1.97306e-09
-2.04538e-10
1.75803e-09
-1.44518e-10
1.57609e-09
-1.03349e-10
1.42619e-09
-7.56085e-11
1.30465e-09
-5.65908e-11
1.20731e-09
-4.29001e-11
1.1299e-09
-3.27435e-11
1.06862e-09
-2.50827e-11
1.02043e-09
-1.91802e-11
9.8287e-10
-1.45534e-11
9.53915e-10
-1.09124e-11
9.31913e-10
-8.03185e-12
9.15575e-10
-5.71463e-12
9.03909e-10
-3.93907e-12
8.9621e-10
-2.5543e-12
8.91897e-10
-1.27527e-12
8.90785e-10
-6.2901e-14
8.92311e-10
9.52328e-13
8.96613e-10
1.94952e-12
9.03684e-10
3.07077e-12
9.1374e-10
4.20229e-12
9.27042e-10
5.43453e-12
9.43935e-10
6.81827e-12
9.64851e-10
8.39835e-12
9.9032e-10
1.02233e-11
1.02099e-09
1.23533e-11
1.05764e-09
1.48694e-11
1.10125e-09
1.78967e-11
1.15299e-09
2.15765e-11
1.21531e-09
2.66943e-11
1.2823e-09
3.08114e-11
1.34697e-09
3.65784e-11
1.39082e-09
2.8841e-11
1.39404e-09
5.02386e-12
1.35391e-09
-1.87996e-11
1.2795e-09
-3.29289e-11
1.17609e-09
-4.35079e-11
1.05487e-09
-4.89462e-11
9.2358e-10
-5.21984e-11
8.09217e-10
-3.85044e-11
7.21494e-10
-2.33955e-11
6.5623e-10
-1.35997e-11
6.07105e-10
-8.0535e-12
5.71676e-10
-3.05213e-12
5.45294e-10
-9.73968e-13
5.26903e-10
1.23314e-12
5.13702e-10
2.08062e-12
5.05151e-10
3.10917e-12
5.00074e-10
3.32657e-12
4.981e-10
3.71041e-12
4.98929e-10
3.80293e-12
5.02695e-10
4.23727e-12
5.0885e-10
4.2559e-12
5.18396e-10
4.88405e-12
5.30065e-10
4.68645e-12
5.45849e-10
5.67966e-12
5.63766e-10
5.46397e-12
5.85437e-10
6.49125e-12
6.09421e-10
6.30894e-12
6.3666e-10
7.34811e-12
6.66012e-10
7.06049e-12
6.98009e-10
8.0328e-12
7.31549e-10
7.5292e-12
7.67067e-10
8.33685e-12
8.03331e-10
7.56169e-12
8.40931e-10
8.03785e-12
8.78379e-10
7.1046e-12
9.16564e-10
7.09262e-12
9.54073e-10
6.22562e-12
9.91211e-10
5.55332e-12
1.02777e-09
4.79459e-12
1.06306e-09
3.59887e-12
1.09763e-09
2.82884e-12
1.13076e-09
1.40523e-12
1.16314e-09
6.28655e-13
1.19404e-09
-7.84244e-13
1.2242e-09
-1.67139e-12
1.25336e-09
-2.75291e-12
1.28172e-09
-3.69966e-12
1.30946e-09
-4.47219e-12
1.33641e-09
-5.22195e-12
1.36257e-09
-5.94458e-12
1.38819e-09
-6.25533e-12
1.41197e-09
-7.25692e-12
1.43497e-09
-7.17727e-12
1.45491e-09
-8.60853e-12
1.47278e-09
-8.58491e-12
1.4861e-09
-1.0537e-11
1.49663e-09
-1.05692e-11
1.4998e-09
-1.26731e-11
1.49811e-09
-1.33217e-11
1.48762e-09
-1.55496e-11
1.4716e-09
-1.62378e-11
1.44663e-09
-1.8291e-11
1.41641e-09
-1.85061e-11
1.37798e-09
-1.99783e-11
1.33611e-09
-1.93447e-11
1.28876e-09
-1.9809e-11
1.24032e-09
-1.78103e-11
1.18979e-09
-1.66369e-11
1.14063e-09
-1.32973e-11
1.09253e-09
-1.09764e-11
1.04787e-09
-6.24996e-12
1.00616e-09
-3.47888e-12
9.70377e-10
5.50268e-13
9.38482e-10
3.20498e-12
9.12949e-10
6.79759e-12
8.91751e-10
8.91921e-12
8.7624e-10
1.15247e-11
8.6427e-10
1.28781e-11
8.56564e-10
1.42931e-11
8.52373e-10
1.51704e-11
8.51209e-10
1.57009e-11
8.5194e-10
1.57835e-11
8.54028e-10
1.55997e-11
8.56935e-10
1.52143e-11
8.59683e-10
1.41776e-11
8.62294e-10
1.33218e-11
8.63762e-10
1.19894e-11
8.63979e-10
1.07448e-11
8.62428e-10
9.34091e-12
8.59076e-10
7.9411e-12
8.53944e-10
6.73464e-12
8.46928e-10
5.50667e-12
8.37855e-10
4.31228e-12
8.26995e-10
3.35965e-12
8.14266e-10
2.20571e-12
8.0056e-10
1.80819e-12
7.84922e-10
5.48324e-13
7.69663e-10
8.92568e-13
7.5295e-10
-3.19221e-13
7.37231e-10
3.66858e-13
7.21242e-10
-4.71412e-13
7.06977e-10
4.33665e-13
6.93145e-10
-1.75263e-13
6.82125e-10
1.05742e-12
6.72239e-10
6.04334e-13
6.66182e-10
2.13993e-12
6.62044e-10
1.80425e-12
6.62442e-10
3.62152e-12
6.65705e-10
3.54921e-12
6.74442e-10
5.43947e-12
6.86867e-10
5.53486e-12
7.05587e-10
7.9211e-12
7.27983e-10
7.89944e-12
7.57944e-10
1.09332e-11
7.91704e-10
1.08959e-11
8.34278e-10
1.45025e-11
8.8153e-10
1.48887e-11
9.38857e-10
1.90951e-11
1.00326e-09
2.08411e-11
1.08076e-09
2.69288e-11
1.17061e-09
3.34194e-11
1.26109e-09
3.5232e-11
1.2998e-09
-6.40993e-12
1.30621e-09
-2.33533e-11
1.2647e-09
-4.25829e-11
1.18458e-09
-5.79996e-11
1.07431e-09
-6.68501e-11
9.42873e-10
-6.99744e-11
7.96434e-10
-7.02719e-11
6.62656e-10
-5.66512e-11
5.51766e-10
-4.17102e-11
4.67078e-10
-2.94971e-11
4.06122e-10
-1.97224e-11
3.64175e-10
-1.16999e-11
3.37583e-10
-5.48297e-12
3.2326e-10
-9.0601e-13
3.17893e-10
2.63252e-12
3.19152e-10
5.06376e-12
3.24625e-10
6.59019e-12
3.32621e-10
7.17436e-12
3.41311e-10
7.12047e-12
3.49614e-10
6.61e-12
3.56871e-10
5.83804e-12
3.62754e-10
4.82153e-12
3.6713e-10
3.70473e-12
3.70081e-10
2.63321e-12
3.71896e-10
1.69029e-12
3.72979e-10
9.35201e-13
3.73844e-10
4.20795e-13
3.75073e-10
1.90195e-13
3.77169e-10
2.51575e-13
3.80557e-10
5.54034e-13
3.85549e-10
1.06525e-12
3.92326e-10
1.73514e-12
4.00922e-10
2.51044e-12
4.11225e-10
3.34475e-12
4.23141e-10
4.03783e-12
4.3636e-10
4.76344e-12
4.50594e-10
5.50588e-12
4.65591e-10
6.34915e-12
4.81157e-10
7.49856e-12
4.97081e-10
9.33242e-12
5.13387e-10
1.23985e-11
1.84098e-11
2.06681e-09
1.53812e-09
1.13574e-09
8.45683e-10
6.41154e-10
4.96659e-10
3.9332e-10
3.17711e-10
2.61117e-10
2.18213e-10
1.85465e-10
1.6038e-10
1.41197e-10
1.26641e-10
1.15727e-10
1.07694e-10
1.01978e-10
9.80388e-11
9.54844e-11
9.42094e-11
9.41471e-11
9.51002e-11
9.70509e-11
1.00123e-10
1.04327e-10
1.09763e-10
1.16584e-10
1.24985e-10
1.35211e-10
1.47568e-10
1.62441e-10
1.80343e-10
2.01926e-10
2.28628e-10
2.5945e-10
2.9604e-10
3.24893e-10
3.29927e-10
3.11135e-10
2.78215e-10
2.34719e-10
1.85788e-10
1.3361e-10
9.51239e-11
7.17412e-11
5.81468e-11
5.0091e-11
4.70305e-11
4.60439e-11
4.72619e-11
4.9326e-11
5.24186e-11
5.57294e-11
5.94258e-11
6.32169e-11
6.74451e-11
7.16943e-11
7.65727e-11
8.12524e-11
8.69219e-11
9.23695e-11
9.88367e-11
1.05114e-10
1.12423e-10
1.19441e-10
1.27431e-10
1.34921e-10
1.43223e-10
1.50756e-10
1.5877e-10
1.65852e-10
1.72922e-10
1.79122e-10
1.84642e-10
1.89396e-10
1.92946e-10
1.9572e-10
1.97069e-10
1.97645e-10
1.96818e-10
1.95116e-10
1.92349e-10
1.88649e-10
1.84186e-10
1.7898e-10
1.73054e-10
1.66818e-10
1.59578e-10
1.52415e-10
1.43819e-10
1.35245e-10
1.24717e-10
1.14156e-10
1.0149e-10
8.81745e-11
7.26306e-11
5.6398e-11
3.81118e-11
1.96101e-11
-3.64223e-13
-1.97052e-11
-3.95108e-11
-5.7318e-11
-7.39522e-11
-8.72471e-11
-9.82214e-11
-1.04469e-10
-1.07946e-10
-1.07394e-10
-1.04187e-10
-9.73864e-11
-8.84636e-11
-7.69346e-11
-6.40513e-11
-4.97521e-11
-3.45748e-11
-1.88664e-11
-3.07539e-12
1.25308e-11
2.77491e-11
4.19262e-11
5.52412e-11
6.72156e-11
7.7936e-11
8.72428e-11
9.51405e-11
1.01824e-10
1.07275e-10
1.1153e-10
1.14833e-10
1.16988e-10
1.18751e-10
1.19263e-10
1.20129e-10
1.19791e-10
1.20147e-10
1.19672e-10
1.20106e-10
1.19935e-10
1.20999e-10
1.21612e-10
1.23761e-10
1.25575e-10
1.29206e-10
1.32765e-10
1.38211e-10
1.43752e-10
1.51675e-10
1.59574e-10
1.70504e-10
1.81393e-10
1.95886e-10
2.10762e-10
2.29844e-10
2.50671e-10
2.7759e-10
3.11005e-10
3.46242e-10
3.39842e-10
3.16502e-10
2.73935e-10
2.15951e-10
1.4912e-10
7.91671e-11
8.92067e-12
-4.77039e-11
-8.93901e-11
-1.18868e-10
-1.38578e-10
-1.5027e-10
-1.55749e-10
-1.56654e-10
-1.54024e-10
-1.48965e-10
-1.4238e-10
-1.35213e-10
-1.28101e-10
-1.21499e-10
-1.1567e-10
-1.10857e-10
-1.07161e-10
-1.04535e-10
-1.02852e-10
-1.01923e-10
-1.01508e-10
-1.01322e-10
-1.01075e-10
-1.00524e-10
-9.94614e-11
-9.77287e-11
-9.52206e-11
-9.1878e-11
-8.78423e-11
-8.30809e-11
-7.7577e-11
-7.12297e-11
-6.37329e-11
-5.44021e-11
-4.20044e-11
)
;

boundaryField
{
    inlet
    {
        type            calculated;
        value           nonuniform List<scalar> 
20
(
-2.5e-09
-2.5e-09
-2.5e-09
-2.5e-09
-2.5e-09
-2.5e-09
-2.5e-09
-2.5e-09
-2.5e-09
-2.5e-09
-2.5e-09
-2.5e-09
-2.5e-09
-2.5e-09
-2.5e-09
-2.5e-09
-2.5e-09
-2.5e-09
-2.5e-09
-2.5e-09
)
;
    }
    outlet
    {
        type            calculated;
        value           nonuniform List<scalar> 
20
(
-4.87849e-11
5.79464e-10
1.40703e-09
2.16728e-09
2.78101e-09
3.25195e-09
3.60312e-09
3.85159e-09
4.00451e-09
4.06307e-09
4.02786e-09
3.90164e-09
3.68927e-09
3.39587e-09
3.02103e-09
2.55334e-09
1.97244e-09
1.27333e-09
5.29687e-10
-2.35955e-11
)
;
    }
    walls
    {
        type            calculated;
        value           uniform 0;
    }
    frontAndBack
    {
        type            empty;
    }
}


// ************************************************************************* //
