/*--------------------------------*- C++ -*----------------------------------*\
| =========                 |                                                 |
| \\      /  F ield         | OpenFOAM: The Open Source CFD Toolbox           |
|  \\    /   O peration     | Version:  2506                                  |
|   \\  /    A nd           | Website:  www.openfoam.com                      |
|    \\/     M anipulation  |                                                 |
\*---------------------------------------------------------------------------*/
FoamFile
{
    version     2.0;
    format      ascii;
    arch        "LSB;label=32;scalar=64";
    class       volScalarField;
    location    "1.8";
    object      p;
}
// * * * * * * * * * * * * * * * * * * * * * * * * * * * * * * * * * * * * * //

dimensions      [0 2 -2 0 0 0 0];

internalField   nonuniform List<scalar> 
4000
(
-0.00369848
-0.00371813
-0.00372
-0.00371155
-0.00369942
-0.00368536
-0.00367012
-0.00365419
-0.00363786
-0.00362126
-0.00360446
-0.00358748
-0.00357038
-0.00355318
-0.0035359
-0.00351856
-0.00350118
-0.00348378
-0.00346637
-0.00344895
-0.00343154
-0.00341415
-0.0033968
-0.00337949
-0.00336224
-0.00334507
-0.003328
-0.00331105
-0.00329425
-0.00327764
-0.00326128
-0.00324522
-0.00322962
-0.00321462
-0.00320065
-0.00318776
-0.00317517
-0.00316237
-0.00314914
-0.00313529
-0.00312052
-0.00310491
-0.00308899
-0.00307293
-0.00305676
-0.00304043
-0.00302378
-0.00300683
-0.00298927
-0.00297107
-0.00295203
-0.00293196
-0.00291093
-0.00288855
-0.00286502
-0.00284012
-0.00281398
-0.00278667
-0.00275813
-0.0027288
-0.00269855
-0.00266785
-0.00263682
-0.0026057
-0.00257471
-0.00254401
-0.00251369
-0.00248392
-0.00245472
-0.00242616
-0.00239826
-0.00237091
-0.00234425
-0.00231818
-0.00229269
-0.00226786
-0.00224367
-0.00222014
-0.00219735
-0.00217534
-0.00215412
-0.00213374
-0.0021142
-0.00209552
-0.0020777
-0.00206071
-0.00204451
-0.00202912
-0.00201445
-0.00200046
-0.00198717
-0.00197448
-0.00196236
-0.00195082
-0.00193974
-0.00192918
-0.00191899
-0.00190924
-0.00189975
-0.00189061
-0.00188164
-0.00187288
-0.0018642
-0.00185553
-0.00184685
-0.00183802
-0.00182907
-0.00181982
-0.00181029
-0.00180041
-0.00179015
-0.00177945
-0.00176832
-0.00175672
-0.00174472
-0.00173226
-0.00171942
-0.0017062
-0.00169264
-0.0016788
-0.00166469
-0.00165035
-0.00163581
-0.0016211
-0.00160622
-0.00159117
-0.00157593
-0.00156047
-0.00154475
-0.00152871
-0.00151235
-0.00149559
-0.00147834
-0.0014606
-0.00144225
-0.0014232
-0.00140353
-0.00138296
-0.00136161
-0.00133933
-0.00131608
-0.00129179
-0.00126644
-0.00123993
-0.00121241
-0.00118378
-0.00115442
-0.00112428
-0.00109369
-0.00106289
-0.00103214
-0.00100171
-0.000971819
-0.000942588
-0.000914313
-0.000886912
-0.000860628
-0.000835123
-0.000810281
-0.000786502
-0.000766619
-0.000746901
-0.000727428
-0.000708182
-0.000689285
-0.000670175
-0.000650535
-0.000629528
-0.000607995
-0.000586622
-0.000565661
-0.000545214
-0.000525265
-0.000505738
-0.00048654
-0.000467571
-0.000448723
-0.000429896
-0.000411035
-0.000392092
-0.000373036
-0.000353854
-0.000334549
-0.00031514
-0.000295655
-0.000276132
-0.000256605
-0.00023711
-0.000217682
-0.000198346
-0.000179117
-0.000159999
-0.000140986
-0.000122077
-0.000103257
-8.45049e-05
-6.5799e-05
-4.71226e-05
-2.84643e-05
-9.65564e-06
-0.00373391
-0.00372894
-0.00372126
-0.00371043
-0.00369778
-0.00368383
-0.00366894
-0.00365337
-0.00363734
-0.00362099
-0.00360438
-0.00358758
-0.00357062
-0.00355355
-0.00353639
-0.00351915
-0.00350186
-0.00348454
-0.0034672
-0.00344984
-0.0034325
-0.00341516
-0.00339785
-0.00338059
-0.00336338
-0.00334624
-0.0033292
-0.00331227
-0.00329549
-0.0032789
-0.00326255
-0.00324648
-0.00323075
-0.00321556
-0.00320102
-0.003187
-0.0031732
-0.00315926
-0.00314495
-0.00313017
-0.00311474
-0.00309899
-0.00308314
-0.00306718
-0.00305112
-0.00303488
-0.00301833
-0.00300144
-0.00298394
-0.0029658
-0.00294692
-0.00292709
-0.0029064
-0.00288452
-0.00286166
-0.00283751
-0.00281225
-0.00278595
-0.0027585
-0.00273046
-0.00270151
-0.00267217
-0.00264249
-0.00261267
-0.00258296
-0.00255338
-0.00252417
-0.0024953
-0.00246693
-0.00243904
-0.00241172
-0.00238493
-0.00235868
-0.00233298
-0.00230782
-0.0022832
-0.00225914
-0.00223567
-0.00221283
-0.00219067
-0.00216923
-0.00214853
-0.00212862
-0.0021095
-0.00209119
-0.00207367
-0.00205693
-0.00204094
-0.00202568
-0.00201109
-0.00199715
-0.00198383
-0.00197107
-0.00195884
-0.00194709
-0.0019358
-0.00192489
-0.00191435
-0.00190407
-0.00189409
-0.0018843
-0.00187468
-0.00186514
-0.00185563
-0.0018461
-0.00183644
-0.00182661
-0.00181654
-0.0018062
-0.00179552
-0.00178449
-0.00177308
-0.00176127
-0.00174907
-0.00173649
-0.00172355
-0.00171029
-0.00169671
-0.00168286
-0.00166879
-0.0016545
-0.00164004
-0.00162542
-0.00161065
-0.00159574
-0.00158065
-0.00156538
-0.00154989
-0.00153416
-0.00151812
-0.00150176
-0.00148497
-0.00146769
-0.00144993
-0.00143156
-0.00141251
-0.00139287
-0.00137236
-0.0013511
-0.001329
-0.00130604
-0.00128212
-0.00125726
-0.00123142
-0.00120479
-0.00117713
-0.00114892
-0.00111993
-0.00109057
-0.00106104
-0.00103145
-0.00100223
-0.000973373
-0.000945227
-0.000917841
-0.000891393
-0.000865878
-0.000841266
-0.000817326
-0.000794129
-0.000772849
-0.000752317
-0.000731992
-0.000711756
-0.000691594
-0.000671151
-0.000650245
-0.000628675
-0.000606906
-0.000585363
-0.000564293
-0.000543792
-0.000523813
-0.00050426
-0.000485046
-0.000466067
-0.000447229
-0.000428452
-0.000409656
-0.000390784
-0.000371806
-0.000352702
-0.00033347
-0.000314127
-0.0002947
-0.000275226
-0.000255744
-0.000236294
-0.000216908
-0.000197611
-0.000178422
-0.000159351
-0.000140398
-0.000121549
-0.000102791
-8.41036e-05
-6.54669e-05
-4.68652e-05
-2.82917e-05
-9.59766e-06
-0.00375018
-0.00373471
-0.00372166
-0.00370965
-0.00369665
-0.00368257
-0.00366781
-0.00365248
-0.0036367
-0.00362057
-0.00360417
-0.00358755
-0.00357075
-0.00355381
-0.00353676
-0.00351962
-0.00350241
-0.00348516
-0.00346788
-0.00345057
-0.00343327
-0.00341597
-0.00339869
-0.00338145
-0.00336426
-0.00334713
-0.00333008
-0.00331315
-0.00329634
-0.0032797
-0.00326328
-0.0032471
-0.00323121
-0.00321585
-0.0032008
-0.00318592
-0.00317119
-0.00315635
-0.00314123
-0.0031258
-0.00310998
-0.0030942
-0.00307844
-0.00306254
-0.00304655
-0.00303034
-0.00301382
-0.00299696
-0.00297948
-0.00296141
-0.00294262
-0.00292293
-0.00290245
-0.00288085
-0.00285839
-0.00283482
-0.00281029
-0.00278489
-0.00275844
-0.00273155
-0.00270374
-0.0026756
-0.0026471
-0.00261835
-0.00258966
-0.00256096
-0.0025326
-0.00250444
-0.00247673
-0.00244941
-0.00242256
-0.00239621
-0.0023703
-0.00234492
-0.00232001
-0.00229556
-0.00227161
-0.00224818
-0.00222529
-0.002203
-0.00218134
-0.00216035
-0.00214008
-0.00212055
-0.00210179
-0.0020838
-0.00206656
-0.00205008
-0.00203432
-0.00201923
-0.0020048
-0.00199096
-0.00197766
-0.00196492
-0.00195266
-0.00194082
-0.00192936
-0.00191826
-0.00190747
-0.0018969
-0.00188653
-0.00187627
-0.00186608
-0.0018559
-0.00184567
-0.00183533
-0.00182481
-0.00181407
-0.00180305
-0.00179172
-0.00178006
-0.00176804
-0.00175567
-0.00174297
-0.00172991
-0.00171657
-0.00170294
-0.00168907
-0.00167499
-0.00166073
-0.00164631
-0.00163176
-0.00161708
-0.00160226
-0.00158731
-0.0015722
-0.00155689
-0.00154137
-0.00152559
-0.00150948
-0.00149303
-0.00147615
-0.00145879
-0.00144095
-0.00142251
-0.00140343
-0.00138378
-0.00136331
-0.0013422
-0.00132021
-0.00129741
-0.00127379
-0.00124933
-0.00122402
-0.00119803
-0.00117113
-0.00114383
-0.00111582
-0.00108753
-0.00105911
-0.00103056
-0.00100241
-0.000974455
-0.000947233
-0.000920556
-0.000894816
-0.000869865
-0.00084588
-0.00082269
-0.000800315
-0.000778417
-0.000757411
-0.000736399
-0.000715332
-0.000694048
-0.000672478
-0.000650406
-0.000628187
-0.000606044
-0.000584261
-0.000563052
-0.000542468
-0.000522453
-0.00050291
-0.000483734
-0.000464815
-0.000446049
-0.000427345
-0.000408626
-0.000389828
-0.000370912
-0.000351859
-0.000332671
-0.000313363
-0.000293963
-0.00027451
-0.000255046
-0.00023561
-0.000216239
-0.000196961
-0.000177796
-0.000158755
-0.000139835
-0.00012103
-0.000102325
-8.37e-05
-6.51335e-05
-4.66087e-05
-2.81229e-05
-9.55552e-06
-0.00375696
-0.0037382
-0.00372255
-0.00370978
-0.00369622
-0.00368172
-0.0036669
-0.00365163
-0.003636
-0.00362006
-0.00360384
-0.00358738
-0.00357075
-0.00355396
-0.00353703
-0.00352
-0.00350289
-0.00348572
-0.0034685
-0.00345126
-0.003434
-0.00341674
-0.00339949
-0.00338227
-0.00336508
-0.00334795
-0.00333089
-0.00331391
-0.00329705
-0.00328033
-0.00326379
-0.00324744
-0.00323133
-0.00321566
-0.00320013
-0.00318454
-0.00316909
-0.0031536
-0.00313791
-0.00312207
-0.00310607
-0.00309031
-0.00307458
-0.00305868
-0.00304265
-0.0030264
-0.0030098
-0.00299285
-0.0029753
-0.00295714
-0.00293831
-0.00291865
-0.00289825
-0.00287686
-0.00285471
-0.00283161
-0.0028077
-0.00278308
-0.00275754
-0.00273167
-0.00270497
-0.00267798
-0.00265063
-0.00262298
-0.00259536
-0.00256759
-0.0025401
-0.00251269
-0.00248565
-0.00245891
-0.00243255
-0.00240665
-0.0023811
-0.00235603
-0.00233138
-0.00230714
-0.00228334
-0.00225999
-0.00223712
-0.00221476
-0.00219296
-0.00217176
-0.00215121
-0.00213135
-0.00211219
-0.00209377
-0.00207608
-0.00205912
-0.00204288
-0.00202732
-0.0020124
-0.00199809
-0.00198434
-0.00197107
-0.00195828
-0.0019459
-0.0019339
-0.00192222
-0.00191083
-0.00189964
-0.00188864
-0.00187774
-0.0018669
-0.00185605
-0.00184514
-0.00183412
-0.00182292
-0.0018115
-0.00179983
-0.00178787
-0.0017756
-0.00176303
-0.00175014
-0.00173697
-0.00172352
-0.00170983
-0.00169592
-0.00168182
-0.00166758
-0.00165319
-0.00163868
-0.00162408
-0.00160935
-0.0015945
-0.00157951
-0.00156436
-0.001549
-0.0015334
-0.00151752
-0.0015013
-0.00148472
-0.00146771
-0.00145021
-0.00143224
-0.00141368
-0.00139452
-0.00137481
-0.00135433
-0.00133323
-0.00131137
-0.00128875
-0.00126543
-0.00124138
-0.0012166
-0.00119125
-0.00116512
-0.00113872
-0.00111168
-0.00108443
-0.00105708
-0.00102953
-0.00100239
-0.00097529
-0.000948888
-0.000922863
-0.000897747
-0.000873293
-0.000849805
-0.000827057
-0.000805348
-0.00078321
-0.00076194
-0.000740375
-0.000718505
-0.000696201
-0.000673627
-0.000650619
-0.000627817
-0.000605307
-0.000583279
-0.000561935
-0.000541286
-0.000521255
-0.000501731
-0.000482597
-0.000463733
-0.000445028
-0.000426384
-0.00040772
-0.000388973
-0.000370102
-0.000351086
-0.000331926
-0.000312637
-0.000293251
-0.000273808
-0.000254351
-0.000234924
-0.000215566
-0.000196307
-0.000177167
-0.000158156
-0.00013928
-0.000120526
-0.00010188
-8.33223e-05
-6.48301e-05
-4.6386e-05
-2.79852e-05
-9.54281e-06
-0.00376084
-0.00374102
-0.00372401
-0.00371007
-0.00369595
-0.00368119
-0.00366614
-0.00365079
-0.00363522
-0.00361943
-0.00360335
-0.00358705
-0.00357059
-0.00355396
-0.00353718
-0.00352028
-0.00350329
-0.00348623
-0.0034691
-0.00345194
-0.00343474
-0.00341753
-0.00340032
-0.00338312
-0.00336594
-0.00334881
-0.00333172
-0.0033147
-0.00329777
-0.00328095
-0.00326425
-0.00324772
-0.00323134
-0.00321532
-0.00319931
-0.00318314
-0.00316714
-0.00315116
-0.00313508
-0.00311899
-0.00310289
-0.00308712
-0.00307135
-0.00305536
-0.00303922
-0.0030228
-0.00300602
-0.00298887
-0.00297112
-0.00295273
-0.00293375
-0.00291403
-0.00289358
-0.00287227
-0.00285031
-0.00282755
-0.00280413
-0.00278014
-0.00275542
-0.00273046
-0.00270482
-0.00267896
-0.00265279
-0.00262633
-0.00259986
-0.00257317
-0.00254667
-0.00252014
-0.00249389
-0.00246783
-0.00244204
-0.00241664
-0.0023915
-0.00236676
-0.00234239
-0.00231836
-0.00229472
-0.00227146
-0.00224861
-0.00222619
-0.00220427
-0.00218287
-0.00216205
-0.00214185
-0.00212231
-0.00210346
-0.00208532
-0.00206788
-0.00205115
-0.0020351
-0.00201969
-0.00200489
-0.00199065
-0.0019769
-0.00196362
-0.00195072
-0.0019382
-0.00192596
-0.001914
-0.00190222
-0.0018906
-0.00187906
-0.00186758
-0.00185606
-0.00184447
-0.00183278
-0.0018209
-0.00180882
-0.00179651
-0.00178394
-0.00177111
-0.00175802
-0.00174467
-0.0017311
-0.0017173
-0.00170334
-0.00168921
-0.00167495
-0.00166058
-0.00164611
-0.00163154
-0.00161688
-0.00160211
-0.0015872
-0.00157214
-0.00155688
-0.0015414
-0.00152566
-0.00150961
-0.00149321
-0.00147642
-0.0014592
-0.00144149
-0.00142331
-0.00140457
-0.00138526
-0.00136539
-0.00134484
-0.00132371
-0.00130191
-0.00127946
-0.00125638
-0.00123269
-0.00120841
-0.00118367
-0.00115832
-0.00113278
-0.00110674
-0.00108054
-0.00105429
-0.00102782
-0.00100174
-0.000975568
-0.000950041
-0.000924732
-0.000900256
-0.000876295
-0.000853231
-0.00083071
-0.000809369
-0.000787024
-0.000765483
-0.00074345
-0.000720885
-0.000697731
-0.00067437
-0.000650695
-0.000627515
-0.000604771
-0.00058258
-0.000561148
-0.000540463
-0.000520421
-0.0005009
-0.000481777
-0.000462927
-0.000444237
-0.000425606
-0.000406953
-0.000388216
-0.000369354
-0.000350346
-0.000331193
-0.000311911
-0.000292533
-0.000273105
-0.000253663
-0.000234255
-0.000214921
-0.000195691
-0.000176586
-0.000157618
-0.000138786
-0.000120082
-0.000101492
-8.29944e-05
-6.45687e-05
-4.61963e-05
-2.78665e-05
-9.54109e-06
-0.00376324
-0.00374315
-0.00372533
-0.00371059
-0.00369594
-0.0036808
-0.00366549
-0.00365011
-0.0036346
-0.00361888
-0.00360286
-0.00358666
-0.00357038
-0.00355391
-0.00353727
-0.00352051
-0.00350366
-0.00348671
-0.00346969
-0.00345261
-0.00343549
-0.00341834
-0.00340118
-0.00338401
-0.00336685
-0.00334971
-0.00333261
-0.00331555
-0.00329854
-0.00328162
-0.00326478
-0.00324805
-0.00323142
-0.00321505
-0.00319862
-0.00318201
-0.00316558
-0.00314925
-0.00313289
-0.00311662
-0.00310043
-0.00308459
-0.00306869
-0.00305255
-0.0030362
-0.00301954
-0.00300249
-0.00298504
-0.002967
-0.00294834
-0.00292915
-0.0029092
-0.0028886
-0.00286728
-0.00284539
-0.00282284
-0.00279976
-0.00277624
-0.00275218
-0.00272795
-0.00270324
-0.00267839
-0.00265332
-0.002628
-0.00260269
-0.00257715
-0.00255173
-0.00252621
-0.00250086
-0.00247562
-0.00245052
-0.00242572
-0.00240109
-0.00237676
-0.00235273
-0.00232896
-0.00230551
-0.00228238
-0.00225957
-0.00223714
-0.00221512
-0.00219355
-0.00217249
-0.00215199
-0.00213208
-0.00211282
-0.00209423
-0.00207632
-0.00205911
-0.00204257
-0.00202667
-0.00201139
-0.00199667
-0.00198244
-0.00196868
-0.0019553
-0.00194227
-0.0019295
-0.00191699
-0.00190463
-0.00189242
-0.00188026
-0.00186813
-0.00185597
-0.00184372
-0.00183137
-0.00181884
-0.00180614
-0.00179323
-0.00178011
-0.00176677
-0.00175323
-0.00173949
-0.0017256
-0.00171153
-0.00169737
-0.00168308
-0.0016687
-0.00165424
-0.0016397
-0.00162506
-0.00161033
-0.00159547
-0.00158045
-0.00156525
-0.00154983
-0.00153415
-0.00151818
-0.00150188
-0.0014852
-0.00146813
-0.00145062
-0.0014326
-0.00141413
-0.00139517
-0.00137564
-0.00135558
-0.0013349
-0.00131369
-0.0012919
-0.00126954
-0.00124669
-0.00122331
-0.00119947
-0.00117527
-0.00115063
-0.00112587
-0.00110077
-0.00107557
-0.00105036
-0.00102498
-0.000999954
-0.000974809
-0.000950208
-0.000925712
-0.000901925
-0.000878497
-0.000855846
-0.000833463
-0.000812283
-0.000789644
-0.000767824
-0.000745426
-0.000722325
-0.000698559
-0.000674706
-0.000650686
-0.000627371
-0.00060457
-0.000582333
-0.000560876
-0.000540178
-0.000520115
-0.000500562
-0.000481396
-0.000462495
-0.00044375
-0.000425063
-0.000406357
-0.000387573
-0.000368673
-0.000349638
-0.000330471
-0.000311187
-0.000291818
-0.000272419
-0.000253005
-0.000233633
-0.000214342
-0.000195159
-0.000176102
-0.000157181
-0.000138396
-0.000119738
-0.000101193
-8.27421e-05
-6.43652e-05
-4.60454e-05
-2.77644e-05
-9.53852e-06
-0.00376473
-0.00374461
-0.00372637
-0.00371113
-0.00369612
-0.0036807
-0.00366521
-0.00364972
-0.00363415
-0.00361841
-0.0036025
-0.00358645
-0.00357027
-0.00355391
-0.00353738
-0.00352074
-0.00350403
-0.0034872
-0.00347028
-0.0034533
-0.00343626
-0.00341918
-0.00340207
-0.00338495
-0.00336781
-0.00335068
-0.00333356
-0.00331646
-0.0032994
-0.00328238
-0.00326541
-0.00324851
-0.00323166
-0.00321498
-0.00319822
-0.00318129
-0.00316453
-0.00314791
-0.00313133
-0.0031149
-0.0030986
-0.00308261
-0.00306652
-0.00305017
-0.00303355
-0.00301659
-0.00299921
-0.00298141
-0.002963
-0.00294411
-0.00292458
-0.00290434
-0.00288356
-0.00286217
-0.00284025
-0.00281782
-0.00279497
-0.00277179
-0.00274823
-0.00272454
-0.00270057
-0.00267655
-0.00265239
-0.00262808
-0.00260379
-0.00257935
-0.00255497
-0.0025305
-0.00250612
-0.00248178
-0.00245749
-0.0024334
-0.00240938
-0.00238559
-0.002362
-0.00233858
-0.0023154
-0.00229247
-0.00226979
-0.0022474
-0.00222536
-0.0022037
-0.00218246
-0.00216171
-0.00214149
-0.00212186
-0.00210287
-0.00208451
-0.00206683
-0.00204982
-0.00203344
-0.00201767
-0.00200248
-0.00198777
-0.00197355
-0.00195967
-0.00194617
-0.00193289
-0.00191986
-0.00190694
-0.00189416
-0.0018814
-0.00186866
-0.00185587
-0.00184299
-0.00183002
-0.00181689
-0.00180361
-0.00179017
-0.00177656
-0.0017628
-0.00174888
-0.00173484
-0.00172069
-0.00170643
-0.00169211
-0.0016777
-0.00166322
-0.00164868
-0.00163405
-0.00161931
-0.00160446
-0.00158945
-0.00157425
-0.00155883
-0.00154316
-0.0015272
-0.00151092
-0.00149428
-0.00147726
-0.00145983
-0.00144196
-0.00142362
-0.00140484
-0.00138558
-0.00136579
-0.0013455
-0.00132468
-0.00130338
-0.00128159
-0.00125932
-0.00123664
-0.00121354
-0.00119009
-0.00116635
-0.00114233
-0.00111825
-0.00109398
-0.00106965
-0.00104536
-0.00102099
-0.000996947
-0.000972809
-0.000949109
-0.000925469
-0.000902393
-0.000879544
-0.000857317
-0.000835083
-0.000813951
-0.000791091
-0.000768992
-0.000746333
-0.00072291
-0.000698824
-0.000674794
-0.000650747
-0.000627512
-0.000604809
-0.000582633
-0.000561206
-0.000540504
-0.000520397
-0.000500762
-0.000481485
-0.000462458
-0.000443577
-0.000424756
-0.000405925
-0.000387032
-0.000368045
-0.00034895
-0.000329748
-0.000310457
-0.000291103
-0.000271738
-0.000252374
-0.000233064
-0.000213839
-0.000194721
-0.000175726
-0.00015686
-0.000138123
-0.000119506
-0.000100996
-8.25755e-05
-6.42273e-05
-4.59373e-05
-2.76815e-05
-9.5281e-06
-0.00376566
-0.00374562
-0.00372716
-0.00371159
-0.00369637
-0.00368079
-0.00366515
-0.00364958
-0.00363396
-0.00361823
-0.00360237
-0.00358639
-0.00357027
-0.00355401
-0.00353761
-0.00352109
-0.00350448
-0.00348773
-0.00347091
-0.00345403
-0.00343707
-0.00342006
-0.003403
-0.00338592
-0.00336881
-0.0033517
-0.00333457
-0.00331745
-0.00330034
-0.00328325
-0.00326617
-0.00324912
-0.00323209
-0.00321516
-0.00319815
-0.00318098
-0.00316397
-0.0031471
-0.00313033
-0.00311372
-0.00309728
-0.00308108
-0.00306475
-0.00304813
-0.0030312
-0.00301389
-0.00299616
-0.00297796
-0.0029592
-0.00293999
-0.0029201
-0.00289961
-0.00287863
-0.00285712
-0.00283515
-0.00281278
-0.00279009
-0.00276715
-0.00274399
-0.00272068
-0.00269728
-0.00267393
-0.00265049
-0.00262698
-0.00260355
-0.00258006
-0.0025566
-0.00253309
-0.00250964
-0.00248622
-0.00246277
-0.00243944
-0.00241614
-0.00239298
-0.00236994
-0.00234698
-0.00232418
-0.00230155
-0.0022791
-0.00225688
-0.00223491
-0.00221324
-0.00219193
-0.00217102
-0.00215058
-0.00213066
-0.00211132
-0.00209257
-0.00207446
-0.00205699
-0.00204014
-0.0020239
-0.00200823
-0.00199305
-0.00197835
-0.001964
-0.00195002
-0.00193625
-0.00192271
-0.00190926
-0.00189593
-0.00188259
-0.00186927
-0.00185589
-0.00184242
-0.00182888
-0.00181521
-0.00180143
-0.00178753
-0.00177352
-0.0017594
-0.0017452
-0.00173091
-0.00171658
-0.00170216
-0.00168771
-0.00167319
-0.00165861
-0.00164395
-0.00162917
-0.00161427
-0.00159921
-0.00158397
-0.0015685
-0.00155278
-0.00153677
-0.00152045
-0.00150378
-0.00148675
-0.00146933
-0.0014515
-0.00143324
-0.00141457
-0.00139548
-0.00137586
-0.00135581
-0.00133532
-0.00131438
-0.00129301
-0.00127122
-0.00124904
-0.00122652
-0.00120369
-0.0011806
-0.00115727
-0.00113376
-0.00111029
-0.00108672
-0.00106314
-0.00103963
-0.00101613
-0.000992943
-0.000969717
-0.000946822
-0.000924012
-0.000901619
-0.00087936
-0.000857563
-0.000835552
-0.000814427
-0.000791547
-0.000769231
-0.000746437
-0.00072292
-0.000698806
-0.000674876
-0.000651058
-0.000628057
-0.000605555
-0.000583519
-0.000562152
-0.000541436
-0.000521244
-0.000501466
-0.000482006
-0.000462773
-0.000443677
-0.000424645
-0.00040562
-0.000386561
-0.000367443
-0.000348256
-0.000329004
-0.000309703
-0.000290376
-0.000271045
-0.000251761
-0.000232537
-0.000213398
-0.000194364
-0.000175445
-0.000156644
-0.000137957
-0.000119376
-0.000100891
-8.24868e-05
-6.41494e-05
-4.58685e-05
-2.76172e-05
-9.50548e-06
-0.0037662
-0.00374629
-0.00372773
-0.00371196
-0.00369663
-0.00368096
-0.00366525
-0.00364963
-0.00363399
-0.00361828
-0.00360246
-0.00358653
-0.00357048
-0.00355429
-0.00353798
-0.00352155
-0.00350501
-0.00348837
-0.00347163
-0.00345481
-0.00343792
-0.00342098
-0.00340398
-0.00338694
-0.00336986
-0.00335276
-0.00333565
-0.00331851
-0.00330137
-0.00328421
-0.00326705
-0.00324989
-0.00323271
-0.00321558
-0.00319837
-0.00318104
-0.00316381
-0.00314673
-0.00312977
-0.00311298
-0.00309635
-0.00307989
-0.00306327
-0.00304635
-0.00302908
-0.00301141
-0.00299329
-0.00297471
-0.0029556
-0.00293599
-0.00291579
-0.00289507
-0.00287388
-0.00285225
-0.00283024
-0.00280791
-0.00278534
-0.00276259
-0.00273972
-0.00271678
-0.00269387
-0.002671
-0.00264811
-0.0026252
-0.00260246
-0.00257977
-0.00255707
-0.00253437
-0.00251175
-0.00248917
-0.00246655
-0.00244395
-0.00242138
-0.00239891
-0.0023765
-0.0023541
-0.00233177
-0.00230954
-0.00228744
-0.00226551
-0.00224375
-0.0022222
-0.00220092
-0.00217998
-0.00215942
-0.00213931
-0.00211972
-0.00210064
-0.00208217
-0.00206429
-0.002047
-0.00203029
-0.00201416
-0.00199849
-0.00198332
-0.00196849
-0.00195402
-0.00193976
-0.00192572
-0.00191175
-0.00189789
-0.00188402
-0.00187015
-0.00185623
-0.00184224
-0.00182819
-0.00181405
-0.00179984
-0.00178556
-0.00177122
-0.00175683
-0.00174239
-0.00172792
-0.00171341
-0.00169885
-0.00168426
-0.00166959
-0.00165484
-0.00163999
-0.00162499
-0.00160982
-0.00159447
-0.00157889
-0.00156307
-0.00154696
-0.00153053
-0.00151378
-0.00149668
-0.00147921
-0.00146136
-0.00144312
-0.00142447
-0.00140546
-0.00138602
-0.00136612
-0.00134586
-0.0013252
-0.00130416
-0.00128275
-0.001261
-0.00123893
-0.00121659
-0.00119401
-0.00117124
-0.00114831
-0.00112531
-0.00110232
-0.00107935
-0.00105642
-0.00103352
-0.00101076
-0.000988316
-0.000965865
-0.000943649
-0.0009216
-0.000899827
-0.000878123
-0.000856753
-0.00083506
-0.000813953
-0.000791274
-0.00076887
-0.000746096
-0.000722703
-0.000698807
-0.00067518
-0.000651763
-0.000629079
-0.00060683
-0.000584969
-0.000563663
-0.000542898
-0.000522568
-0.000502583
-0.00048287
-0.000463357
-0.000443973
-0.000424664
-0.000405385
-0.000386112
-0.000366827
-0.000347525
-0.000328212
-0.000308901
-0.00028961
-0.000270343
-0.000251153
-0.00023203
-0.000212994
-0.000194059
-0.000175227
-0.000156499
-0.000137865
-0.000119318
-0.000100851
-8.24527e-05
-6.4113e-05
-4.58259e-05
-2.7565e-05
-9.4668e-06
-0.00376645
-0.00374665
-0.0037281
-0.00371223
-0.00369687
-0.00368119
-0.00366547
-0.00364984
-0.00363422
-0.00361853
-0.00360275
-0.00358687
-0.00357088
-0.00355476
-0.00353852
-0.00352216
-0.00350568
-0.00348911
-0.00347244
-0.00345568
-0.00343885
-0.00342196
-0.00340501
-0.00338801
-0.00337096
-0.00335389
-0.00333677
-0.00331963
-0.00330247
-0.00328527
-0.00326804
-0.00325078
-0.0032335
-0.00321622
-0.00319885
-0.00318139
-0.003164
-0.00314673
-0.00312957
-0.00311257
-0.00309572
-0.00307897
-0.00306204
-0.00304478
-0.00302715
-0.0030091
-0.0029906
-0.00297163
-0.00295215
-0.00293218
-0.0029117
-0.00289076
-0.00286939
-0.00284766
-0.00282562
-0.00280334
-0.00278089
-0.00275832
-0.00273572
-0.00271308
-0.00269054
-0.00266804
-0.00264558
-0.00262322
-0.00260107
-0.00257899
-0.00255692
-0.0025349
-0.00251295
-0.00249108
-0.00246917
-0.00244722
-0.00242533
-0.00240357
-0.00238183
-0.00236005
-0.00233825
-0.00231651
-0.00229483
-0.00227331
-0.00225189
-0.00223059
-0.00220948
-0.00218862
-0.00216807
-0.0021479
-0.00212816
-0.00210888
-0.00209012
-0.0020719
-0.00205421
-0.00203707
-0.00202048
-0.00200434
-0.00198869
-0.00197336
-0.0019584
-0.00194364
-0.00192911
-0.00191463
-0.00190027
-0.00188589
-0.00187153
-0.00185712
-0.00184267
-0.00182819
-0.00181365
-0.00179908
-0.00178449
-0.00176988
-0.00175526
-0.00174062
-0.00172596
-0.00171126
-0.00169651
-0.00168171
-0.00166683
-0.00165183
-0.00163669
-0.00162136
-0.00160582
-0.00159005
-0.00157406
-0.00155779
-0.00154121
-0.00152431
-0.00150708
-0.00148952
-0.0014716
-0.00145332
-0.00143468
-0.00141568
-0.00139633
-0.00137659
-0.00135648
-0.00133604
-0.00131527
-0.00129417
-0.00127277
-0.00125109
-0.00122916
-0.00120702
-0.0011847
-0.00116225
-0.00113971
-0.00111715
-0.0010946
-0.00107212
-0.0010497
-0.0010274
-0.00100533
-0.000983472
-0.000961613
-0.000939948
-0.000918575
-0.000897335
-0.000876123
-0.000855176
-0.000833895
-0.000812859
-0.000790551
-0.000768208
-0.000745633
-0.000722505
-0.000699045
-0.000675849
-0.000652909
-0.000630564
-0.000608572
-0.000586889
-0.000565629
-0.00054477
-0.000524235
-0.000503976
-0.000483948
-0.000464095
-0.000444368
-0.000424728
-0.000405153
-0.000385631
-0.000366156
-0.000346722
-0.00032734
-0.000308021
-0.000288771
-0.000269604
-0.000250529
-0.000231527
-0.000212612
-0.00019378
-0.000175033
-0.000156377
-0.000137798
-0.000119284
-0.000100831
-8.24345e-05
-6.40869e-05
-4.57877e-05
-2.75144e-05
-9.40788e-06
-0.00376648
-0.00374674
-0.00372824
-0.00371241
-0.00369709
-0.00368145
-0.00366578
-0.00365019
-0.00363462
-0.00361898
-0.00360325
-0.00358742
-0.00357148
-0.00355541
-0.00353922
-0.00352291
-0.00350649
-0.00348997
-0.00347335
-0.00345665
-0.00343986
-0.00342301
-0.0034061
-0.00338914
-0.00337212
-0.00335507
-0.00333796
-0.00332082
-0.00330364
-0.00328642
-0.00326914
-0.00325179
-0.00323443
-0.00321704
-0.00319955
-0.00318198
-0.00316445
-0.003147
-0.00312965
-0.00311243
-0.00309532
-0.00307826
-0.00306099
-0.00304338
-0.00302537
-0.00300692
-0.00298804
-0.00296869
-0.00294887
-0.00292858
-0.00290783
-0.00288669
-0.00286518
-0.00284339
-0.00282134
-0.00279914
-0.00277683
-0.00275444
-0.0027321
-0.00270974
-0.00268753
-0.00266538
-0.00264334
-0.00262144
-0.0025997
-0.00257807
-0.00255651
-0.00253502
-0.00251363
-0.00249241
-0.00247116
-0.0024498
-0.00242851
-0.00240735
-0.00238625
-0.00236506
-0.00234378
-0.00232256
-0.00230145
-0.00228037
-0.00225934
-0.00223846
-0.00221764
-0.00219697
-0.00217655
-0.00215645
-0.0021367
-0.00211731
-0.00209838
-0.0020799
-0.00206189
-0.00204437
-0.00202735
-0.00201077
-0.00199464
-0.00197883
-0.00196337
-0.00194811
-0.00193308
-0.00191812
-0.00190328
-0.00188843
-0.00187362
-0.00185879
-0.00184394
-0.00182909
-0.00181421
-0.00179933
-0.00178447
-0.00176961
-0.00175476
-0.00173991
-0.00172504
-0.00171009
-0.00169506
-0.00167994
-0.00166471
-0.00164932
-0.00163376
-0.00161798
-0.00160198
-0.00158574
-0.00156925
-0.00155248
-0.00153538
-0.00151798
-0.00150027
-0.00148225
-0.00146389
-0.00144522
-0.00142621
-0.00140689
-0.00138725
-0.00136728
-0.00134701
-0.00132646
-0.00130562
-0.00128452
-0.00126318
-0.00124161
-0.00121986
-0.00119794
-0.00117591
-0.00115379
-0.00113161
-0.00110945
-0.00108732
-0.00106529
-0.00104336
-0.00102157
-0.000999999
-0.000978569
-0.000957224
-0.000936114
-0.000915345
-0.000894553
-0.000873778
-0.000853202
-0.000832359
-0.00081144
-0.000789601
-0.000767505
-0.000745181
-0.000722486
-0.000699593
-0.000676885
-0.000654434
-0.000632385
-0.000610596
-0.000589095
-0.000567898
-0.00054691
-0.00052609
-0.00050548
-0.000485087
-0.000464855
-0.000444751
-0.000424752
-0.000404853
-0.00038507
-0.000365403
-0.000345847
-0.000326408
-0.000307091
-0.000287889
-0.000268801
-0.000249814
-0.000230932
-0.000212157
-0.000193463
-0.000174829
-0.000156242
-0.000137701
-0.000119214
-0.000100777
-8.23825e-05
-6.40298e-05
-4.57225e-05
-2.74522e-05
-9.32672e-06
-0.00376627
-0.00374655
-0.00372816
-0.00371249
-0.00369728
-0.00368174
-0.00366617
-0.00365068
-0.00363519
-0.00361962
-0.00360395
-0.00358817
-0.00357228
-0.00355625
-0.00354011
-0.00352383
-0.00350745
-0.00349097
-0.00347439
-0.00345772
-0.00344097
-0.00342415
-0.00340727
-0.00339034
-0.00337335
-0.00335631
-0.00333922
-0.00332207
-0.00330488
-0.00328763
-0.00327032
-0.00325294
-0.00323551
-0.003218
-0.00320041
-0.00318276
-0.0031651
-0.00314748
-0.00312993
-0.00311247
-0.00309509
-0.00307768
-0.00306007
-0.0030421
-0.00302369
-0.00300486
-0.0029856
-0.00296589
-0.00294574
-0.00292516
-0.0029042
-0.00288289
-0.00286129
-0.00283948
-0.00281749
-0.00279539
-0.00277324
-0.00275106
-0.00272897
-0.00270688
-0.00268498
-0.00266315
-0.00264147
-0.00261994
-0.00259856
-0.00257735
-0.00255624
-0.00253524
-0.00251431
-0.00249348
-0.00247271
-0.00245193
-0.0024312
-0.00241059
-0.00239005
-0.0023694
-0.00234866
-0.00232799
-0.00230742
-0.0022868
-0.00226626
-0.00224582
-0.00222539
-0.002205
-0.0021848
-0.00216488
-0.00214524
-0.00212589
-0.0021069
-0.00208828
-0.00207003
-0.00205219
-0.0020348
-0.00201782
-0.00200125
-0.00198498
-0.00196903
-0.0019533
-0.00193778
-0.00192235
-0.00190705
-0.00189178
-0.00187656
-0.00186135
-0.00184615
-0.00183098
-0.00181581
-0.00180065
-0.00178549
-0.00177034
-0.00175521
-0.00174003
-0.0017248
-0.00170956
-0.00169422
-0.00167868
-0.00166296
-0.00164707
-0.00163097
-0.00161466
-0.00159815
-0.00158137
-0.00156429
-0.00154694
-0.00152934
-0.00151147
-0.0014933
-0.00147485
-0.0014561
-0.00143707
-0.00141775
-0.00139816
-0.00137831
-0.00135817
-0.0013378
-0.00131719
-0.00129635
-0.00127531
-0.00125408
-0.00123267
-0.00121113
-0.00118946
-0.00116773
-0.00114593
-0.00112412
-0.00110234
-0.00108061
-0.00105899
-0.0010375
-0.00101613
-0.000994997
-0.000973979
-0.000953156
-0.000932478
-0.000912067
-0.000891651
-0.000871297
-0.000851049
-0.000830734
-0.000810057
-0.000788725
-0.000766974
-0.000744915
-0.000722742
-0.00070042
-0.000678193
-0.000656214
-0.000634469
-0.000612853
-0.000591409
-0.000570133
-0.000548963
-0.000527886
-0.000506926
-0.000486132
-0.000465502
-0.000445013
-0.000424647
-0.00040442
-0.000384383
-0.000364536
-0.000344866
-0.00032538
-0.000306076
-0.000286931
-0.000267929
-0.000249054
-0.000230293
-0.000211629
-0.000193035
-0.00017449
-0.00015598
-0.000137503
-0.000119059
-0.000100644
-8.22606e-05
-6.39121e-05
-4.56041e-05
-2.73242e-05
-9.2069e-06
-0.00376579
-0.00374607
-0.00372785
-0.00371247
-0.00369745
-0.00368209
-0.00366668
-0.00365133
-0.00363595
-0.00362047
-0.00360487
-0.00358914
-0.00357329
-0.0035573
-0.00354117
-0.00352492
-0.00350855
-0.0034921
-0.00347554
-0.00345889
-0.00344216
-0.00342537
-0.00340851
-0.0033916
-0.00337463
-0.0033576
-0.00334052
-0.00332338
-0.00330618
-0.00328892
-0.00327158
-0.00325417
-0.00323667
-0.00321906
-0.00320138
-0.00318366
-0.0031659
-0.00314812
-0.00313037
-0.00311266
-0.003095
-0.00307721
-0.00305922
-0.00304089
-0.00302209
-0.00300287
-0.00298326
-0.0029632
-0.00294277
-0.00292195
-0.00290081
-0.00287941
-0.00285777
-0.002836
-0.0028141
-0.00279215
-0.0027702
-0.00274825
-0.00272643
-0.00270461
-0.00268301
-0.00266149
-0.00264014
-0.00261893
-0.00259788
-0.002577
-0.00255624
-0.00253561
-0.00251507
-0.00249463
-0.00247432
-0.00245403
-0.0024338
-0.0024136
-0.00239344
-0.00237328
-0.00235311
-0.00233295
-0.00231286
-0.00229282
-0.00227278
-0.00225265
-0.0022326
-0.00221266
-0.00219283
-0.00217316
-0.00215369
-0.00213446
-0.00211554
-0.0020969
-0.00207848
-0.00206036
-0.00204266
-0.00202535
-0.0020084
-0.00199173
-0.00197534
-0.00195916
-0.00194318
-0.00192732
-0.00191159
-0.00189592
-0.00188031
-0.00186473
-0.00184916
-0.00183365
-0.00181821
-0.00180284
-0.00178743
-0.00177191
-0.00175637
-0.00174079
-0.00172512
-0.00170936
-0.00169347
-0.00167742
-0.0016612
-0.00164473
-0.00162801
-0.00161112
-0.00159402
-0.00157668
-0.00155906
-0.00154121
-0.00152311
-0.00150476
-0.00148617
-0.00146733
-0.00144824
-0.00142892
-0.00140936
-0.00138957
-0.00136958
-0.00134935
-0.00132894
-0.00130833
-0.00128755
-0.00126662
-0.00124554
-0.00122433
-0.00120304
-0.00118165
-0.00116023
-0.00113876
-0.00111731
-0.00109591
-0.00107456
-0.00105332
-0.00103223
-0.00101123
-0.000990487
-0.000969822
-0.000949411
-0.000929084
-0.000909014
-0.000888985
-0.000869036
-0.000849073
-0.000829129
-0.000808646
-0.000787825
-0.000766515
-0.00074493
-0.000723221
-0.000701417
-0.000679617
-0.000658029
-0.000636491
-0.000614974
-0.00059356
-0.000572187
-0.000550804
-0.000529431
-0.000508118
-0.000486918
-0.000465864
-0.000444977
-0.000424275
-0.00040378
-0.000383538
-0.000363547
-0.000343796
-0.000324282
-0.000304991
-0.000285898
-0.000266977
-0.000248201
-0.000229543
-0.000210975
-0.000192471
-0.000174007
-0.000155568
-0.000137148
-0.000118746
-0.000100364
-8.20083e-05
-6.36846e-05
-4.53986e-05
-2.71351e-05
-9.07281e-06
-0.00376492
-0.00374523
-0.00372732
-0.00371234
-0.00369761
-0.0036825
-0.00366734
-0.00365217
-0.00363694
-0.00362156
-0.00360602
-0.00359032
-0.0035745
-0.00355854
-0.00354243
-0.00352615
-0.00350977
-0.00349333
-0.00347679
-0.00346014
-0.00344342
-0.00342664
-0.0034098
-0.0033929
-0.00337594
-0.00335893
-0.00334186
-0.00332472
-0.00330752
-0.00329024
-0.00327288
-0.00325543
-0.00323789
-0.00322021
-0.00320246
-0.00318464
-0.00316676
-0.00314883
-0.00313088
-0.0031129
-0.00309493
-0.0030768
-0.00305844
-0.00303969
-0.00302049
-0.00300091
-0.00298098
-0.00296062
-0.00293995
-0.00291895
-0.00289771
-0.00287627
-0.00285466
-0.00283298
-0.00281124
-0.00278948
-0.00276777
-0.00274608
-0.00272454
-0.00270302
-0.00268172
-0.0026605
-0.00263946
-0.00261856
-0.00259781
-0.00257723
-0.00255677
-0.00253646
-0.00251625
-0.00249615
-0.00247617
-0.00245624
-0.00243638
-0.00241656
-0.00239681
-0.00237711
-0.00235741
-0.00233773
-0.00231807
-0.00229841
-0.00227876
-0.00225911
-0.00223951
-0.00221996
-0.0022005
-0.00218115
-0.00216196
-0.00214293
-0.00212405
-0.00210538
-0.00208689
-0.00206866
-0.00205078
-0.0020332
-0.0020159
-0.00199886
-0.00198207
-0.00196549
-0.00194909
-0.00193284
-0.00191671
-0.00190067
-0.0018847
-0.00186878
-0.00185289
-0.00183704
-0.00182123
-0.00180542
-0.0017896
-0.00177373
-0.00175776
-0.00174164
-0.00172538
-0.00170905
-0.00169257
-0.00167591
-0.00165904
-0.00164197
-0.00162467
-0.00160717
-0.00158949
-0.00157158
-0.00155345
-0.00153512
-0.00151658
-0.00149783
-0.00147888
-0.00145973
-0.00144038
-0.00142084
-0.00140112
-0.00138121
-0.00136114
-0.00134089
-0.0013205
-0.00129997
-0.0012793
-0.00125852
-0.00123765
-0.00121667
-0.00119565
-0.00117455
-0.00115346
-0.00113233
-0.00111125
-0.00109021
-0.00106924
-0.00104836
-0.00102764
-0.00100698
-0.000986588
-0.000966234
-0.000946163
-0.000926132
-0.000906355
-0.000886597
-0.000866933
-0.000847229
-0.000827705
-0.000807464
-0.00078708
-0.000766134
-0.000744938
-0.000723619
-0.000702331
-0.000680924
-0.000659617
-0.000638234
-0.000616795
-0.000595335
-0.00057379
-0.00055215
-0.000530465
-0.000508803
-0.000487234
-0.000465817
-0.000444602
-0.000423627
-0.000402906
-0.000382513
-0.000362418
-0.000342613
-0.000323086
-0.000303816
-0.000284772
-0.00026592
-0.000247224
-0.000228649
-0.000210161
-0.000191731
-0.000173335
-0.000154958
-0.000136593
-0.000118241
-9.99069e-05
-8.16009e-05
-6.33306e-05
-4.51006e-05
-2.68955e-05
-8.91207e-06
-0.00376349
-0.00374394
-0.00372652
-0.00371211
-0.00369782
-0.00368308
-0.00366822
-0.00365326
-0.00363818
-0.00362294
-0.00360743
-0.00359171
-0.00357588
-0.00355991
-0.00354379
-0.0035275
-0.00351111
-0.00349464
-0.00347807
-0.00346142
-0.00344471
-0.00342793
-0.00341109
-0.0033942
-0.00337725
-0.00336025
-0.00334319
-0.00332605
-0.00330885
-0.00329156
-0.00327418
-0.0032567
-0.00323911
-0.00322136
-0.00320354
-0.00318563
-0.00316762
-0.00314954
-0.00313138
-0.00311312
-0.00309482
-0.00307633
-0.00305761
-0.00303844
-0.00301884
-0.00299893
-0.00297871
-0.0029581
-0.00293727
-0.00291616
-0.0028949
-0.00287349
-0.002852
-0.00283048
-0.00280894
-0.00278743
-0.00276599
-0.00274459
-0.00272336
-0.00270214
-0.00268116
-0.00266024
-0.0026395
-0.0026189
-0.00259844
-0.00257814
-0.00255797
-0.00253792
-0.00251801
-0.00249819
-0.0024785
-0.00245886
-0.00243932
-0.00241983
-0.0024004
-0.00238103
-0.00236168
-0.00234236
-0.00232306
-0.00230379
-0.00228454
-0.00226531
-0.00224611
-0.00222694
-0.00220781
-0.00218875
-0.00216975
-0.00215086
-0.00213209
-0.00211348
-0.00209503
-0.00207677
-0.00205873
-0.00204093
-0.00202335
-0.00200602
-0.00198888
-0.00197195
-0.00195517
-0.00193856
-0.00192205
-0.00190564
-0.00188929
-0.00187299
-0.00185671
-0.00184047
-0.00182424
-0.00180799
-0.00179166
-0.00177526
-0.00175871
-0.00174203
-0.00172519
-0.00170822
-0.00169108
-0.00167376
-0.00165625
-0.00163855
-0.00162067
-0.00160262
-0.0015844
-0.001566
-0.00154743
-0.00152869
-0.00150979
-0.00149073
-0.0014715
-0.00145213
-0.0014326
-0.00141292
-0.00139311
-0.00137315
-0.00135309
-0.00133287
-0.00131258
-0.00129216
-0.00127166
-0.00125108
-0.00123044
-0.00120973
-0.00118901
-0.00116823
-0.00114748
-0.0011267
-0.00110598
-0.0010853
-0.00106469
-0.00104416
-0.00102379
-0.00100346
-0.000983384
-0.000963314
-0.000943534
-0.000923755
-0.000904226
-0.000884684
-0.000865246
-0.000845743
-0.000826579
-0.000806518
-0.000786443
-0.000765804
-0.000744923
-0.000723925
-0.000703012
-0.000681838
-0.000660676
-0.000639348
-0.000617891
-0.000596321
-0.000574581
-0.000552693
-0.000530731
-0.000508781
-0.000486926
-0.000465244
-0.000443798
-0.000422628
-0.000401784
-0.000381289
-0.000361137
-0.000341308
-0.000321785
-0.000302541
-0.00028354
-0.000264742
-0.000246106
-0.000227589
-0.00020916
-0.000190788
-0.000172448
-0.000154126
-0.000135817
-0.000117524
-9.92567e-05
-8.1025e-05
-6.2839e-05
-4.47009e-05
-2.65909e-05
-8.72782e-06
-0.00376117
-0.00374197
-0.00372539
-0.00371185
-0.00369818
-0.00368391
-0.00366947
-0.00365467
-0.00363962
-0.00362444
-0.00360897
-0.00359326
-0.00357739
-0.00356136
-0.00354518
-0.00352886
-0.00351244
-0.00349593
-0.00347934
-0.00346268
-0.00344596
-0.00342918
-0.00341235
-0.00339546
-0.00337852
-0.00336152
-0.00334446
-0.00332734
-0.00331013
-0.00329283
-0.00327543
-0.00325792
-0.00324028
-0.00322247
-0.00320456
-0.00318654
-0.00316841
-0.00315017
-0.00313178
-0.00311321
-0.00309457
-0.00307569
-0.0030566
-0.00303702
-0.00301706
-0.00299685
-0.0029764
-0.00295563
-0.00293471
-0.0029136
-0.00289239
-0.00287111
-0.00284979
-0.00282849
-0.00280721
-0.00278598
-0.00276485
-0.00274377
-0.00272286
-0.00270198
-0.00268131
-0.00266071
-0.00264029
-0.00261997
-0.00259981
-0.00257978
-0.00255988
-0.00254009
-0.00252044
-0.00250087
-0.00248143
-0.00246204
-0.00244276
-0.00242353
-0.00240436
-0.00238525
-0.00236617
-0.00234714
-0.00232813
-0.00230915
-0.00229019
-0.00227126
-0.00225234
-0.00223344
-0.00221457
-0.00219574
-0.00217695
-0.00215823
-0.00213959
-0.00212105
-0.00210261
-0.00208431
-0.00206614
-0.00204817
-0.00203034
-0.00201272
-0.00199525
-0.00197799
-0.00196084
-0.00194386
-0.00192696
-0.00191018
-0.00189344
-0.00187675
-0.00186007
-0.00184338
-0.00182665
-0.00180987
-0.00179296
-0.00177595
-0.00175879
-0.00174148
-0.00172401
-0.00170639
-0.00168862
-0.00167069
-0.00165259
-0.00163435
-0.00161595
-0.00159742
-0.00157876
-0.00155995
-0.00154103
-0.00152198
-0.00150281
-0.00148352
-0.00146411
-0.0014446
-0.00142497
-0.00140524
-0.00138541
-0.00136548
-0.00134548
-0.00132536
-0.00130521
-0.00128497
-0.00126468
-0.00124433
-0.00122397
-0.00120354
-0.00118314
-0.00116269
-0.00114229
-0.00112186
-0.00110152
-0.00108118
-0.00106094
-0.00104075
-0.00102072
-0.00100069
-0.000980918
-0.000961116
-0.00094159
-0.000922034
-0.000902711
-0.000883348
-0.000864071
-0.000844691
-0.000825792
-0.000805845
-0.000785923
-0.000765474
-0.000744769
-0.00072392
-0.000703166
-0.000682044
-0.000660871
-0.000639494
-0.000617939
-0.000596217
-0.000574291
-0.000552208
-0.000530054
-0.00050792
-0.0004859
-0.000464076
-0.000442515
-0.000421264
-0.000400387
-0.000379856
-0.000359688
-0.000339867
-0.000320366
-0.000301152
-0.000282185
-0.000263424
-0.000244826
-0.000226351
-0.000207963
-0.000189633
-0.000171339
-0.000153069
-0.00013482
-0.000116597
-9.84107e-05
-8.02759e-05
-6.22034e-05
-4.41909e-05
-2.62086e-05
-8.53291e-06
-0.0037574
-0.00373923
-0.00372404
-0.00371175
-0.00369878
-0.00368491
-0.0036708
-0.00365621
-0.00364125
-0.00362602
-0.00361051
-0.00359476
-0.00357882
-0.00356272
-0.00354648
-0.00353012
-0.00351366
-0.00349712
-0.00348052
-0.00346385
-0.00344712
-0.00343034
-0.00341351
-0.00339663
-0.0033797
-0.00336271
-0.00334565
-0.00332853
-0.00331131
-0.003294
-0.00327658
-0.00325904
-0.00324136
-0.00322347
-0.00320548
-0.00318731
-0.00316903
-0.00315062
-0.00313198
-0.00311309
-0.00309407
-0.00307478
-0.00305531
-0.00303534
-0.00301506
-0.00299462
-0.00297403
-0.0029532
-0.00293228
-0.00291124
-0.00289017
-0.00286908
-0.00284799
-0.00282696
-0.00280597
-0.00278506
-0.00276425
-0.00274351
-0.00272294
-0.00270241
-0.00268207
-0.0026618
-0.0026417
-0.00262169
-0.00260183
-0.00258208
-0.00256245
-0.00254292
-0.00252352
-0.00250419
-0.00248498
-0.00246581
-0.00244675
-0.00242774
-0.00240878
-0.00238988
-0.002371
-0.00235217
-0.00233336
-0.00231458
-0.00229582
-0.00227707
-0.00225835
-0.00223963
-0.00222092
-0.00220223
-0.00218355
-0.00216493
-0.00214632
-0.00212779
-0.0021093
-0.00209092
-0.0020726
-0.00205444
-0.00203638
-0.0020185
-0.00200071
-0.00198311
-0.00196559
-0.00194824
-0.00193093
-0.00191375
-0.00189656
-0.00187943
-0.00186226
-0.00184506
-0.00182778
-0.00181043
-0.00179292
-0.00177532
-0.00175754
-0.00173964
-0.00172157
-0.00170338
-0.00168506
-0.00166661
-0.00164803
-0.00162933
-0.00161052
-0.00159161
-0.00157262
-0.00155352
-0.00153434
-0.00151507
-0.00149573
-0.00147631
-0.00145681
-0.00143723
-0.00141759
-0.00139787
-0.0013781
-0.00135825
-0.00133838
-0.00131841
-0.00129845
-0.00127841
-0.00125837
-0.00123828
-0.00121821
-0.00119808
-0.00117802
-0.0011579
-0.00113786
-0.00111778
-0.0010978
-0.00107781
-0.00105793
-0.00103807
-0.00101837
-0.000998651
-0.000979159
-0.000959622
-0.000940329
-0.000920982
-0.000901835
-0.000882622
-0.00086345
-0.000844122
-0.000825356
-0.000805452
-0.000785511
-0.000765082
-0.000744355
-0.000723437
-0.000702591
-0.000681346
-0.000660018
-0.000638505
-0.000616806
-0.000594928
-0.000572863
-0.000550668
-0.000528427
-0.000506231
-0.000484177
-0.000462339
-0.000440779
-0.000419555
-0.000398698
-0.000378202
-0.000358068
-0.000338281
-0.000318817
-0.000299635
-0.000280697
-0.000261961
-0.000243387
-0.000224939
-0.000206583
-0.000188286
-0.000170031
-0.00015181
-0.000133622
-0.000115475
-9.73804e-05
-7.9357e-05
-6.14188e-05
-4.35592e-05
-2.57419e-05
-8.32084e-06
-0.0037508
-0.00373571
-0.00372316
-0.00371176
-0.00369951
-0.00368623
-0.00367228
-0.00365776
-0.00364278
-0.00362746
-0.00361187
-0.00359604
-0.00358003
-0.00356387
-0.00354759
-0.0035312
-0.00351472
-0.00349816
-0.00348155
-0.00346488
-0.00344816
-0.0034314
-0.00341458
-0.00339771
-0.00338078
-0.0033638
-0.00334675
-0.00332962
-0.0033124
-0.00329508
-0.00327764
-0.00326006
-0.00324233
-0.00322439
-0.0032063
-0.00318797
-0.00316948
-0.00315085
-0.00313193
-0.00311269
-0.00309326
-0.00307355
-0.00305368
-0.00303337
-0.00301286
-0.00299228
-0.0029716
-0.00295079
-0.00292995
-0.00290905
-0.00288817
-0.00286731
-0.0028465
-0.00282574
-0.00280507
-0.00278449
-0.00276402
-0.00274364
-0.00272341
-0.00270324
-0.00268324
-0.00266331
-0.00264354
-0.00262385
-0.0026043
-0.00258484
-0.0025655
-0.00254623
-0.00252708
-0.00250798
-0.002489
-0.00247005
-0.00245119
-0.00243236
-0.00241358
-0.00239485
-0.00237613
-0.00235744
-0.00233876
-0.0023201
-0.00230144
-0.0022828
-0.00226416
-0.00224552
-0.00222687
-0.00220821
-0.00218955
-0.00217091
-0.00215226
-0.00213365
-0.00211504
-0.0020965
-0.00207798
-0.00205957
-0.00204123
-0.00202304
-0.00200492
-0.00198695
-0.00196904
-0.00195127
-0.00193353
-0.00191589
-0.00189823
-0.00188061
-0.00186293
-0.00184521
-0.00182739
-0.00180949
-0.00179144
-0.00177329
-0.00175497
-0.00173654
-0.00171796
-0.00169927
-0.00168053
-0.00166168
-0.00164273
-0.00162369
-0.00160458
-0.0015854
-0.00156616
-0.00154687
-0.00152754
-0.00150815
-0.00148872
-0.00146924
-0.00144971
-0.00143015
-0.00141054
-0.0013909
-0.00137122
-0.00135151
-0.00133179
-0.00131201
-0.00129225
-0.00127245
-0.00125266
-0.00123285
-0.00121308
-0.00119328
-0.00117352
-0.00115373
-0.00113402
-0.00111429
-0.00109466
-0.00107502
-0.00105548
-0.00103595
-0.00101657
-0.00099717
-0.000977957
-0.000958698
-0.000939633
-0.000920504
-0.000901522
-0.000882451
-0.000863354
-0.000844039
-0.000825258
-0.000805346
-0.000785235
-0.000764649
-0.000743706
-0.000722523
-0.000701361
-0.000679862
-0.00065829
-0.000636582
-0.000614718
-0.000592706
-0.000570556
-0.000548323
-0.000526076
-0.0005039
-0.000481914
-0.00046015
-0.000438675
-0.000417535
-0.000396756
-0.000376339
-0.000356276
-0.000336551
-0.000317134
-0.00029799
-0.000279079
-0.000260366
-0.000241814
-0.000223386
-0.000205059
-0.000186794
-0.000168576
-0.000150402
-0.000132272
-0.000114196
-9.61893e-05
-7.82735e-05
-6.04693e-05
-4.27708e-05
-2.51566e-05
-8.06511e-06
-0.00373452
-0.00372971
-0.00372267
-0.00371266
-0.00370093
-0.00368795
-0.00367402
-0.00365939
-0.00364428
-0.00362883
-0.00361312
-0.00359721
-0.00358113
-0.00356492
-0.0035486
-0.00353219
-0.0035157
-0.00349914
-0.00348253
-0.00346586
-0.00344915
-0.00343239
-0.00341559
-0.00339875
-0.00338184
-0.00336487
-0.00334784
-0.00333072
-0.00331351
-0.00329619
-0.00327873
-0.00326114
-0.00324337
-0.00322539
-0.00320721
-0.00318874
-0.00317002
-0.00315107
-0.00313179
-0.00311214
-0.00309222
-0.00307203
-0.00305168
-0.00303106
-0.00301039
-0.00298973
-0.00296904
-0.0029483
-0.00292759
-0.00290687
-0.00288621
-0.00286558
-0.00284505
-0.0028246
-0.00280426
-0.00278403
-0.00276393
-0.00274392
-0.00272405
-0.00270426
-0.00268462
-0.00266506
-0.00264562
-0.00262628
-0.00260706
-0.00258791
-0.00256887
-0.00254989
-0.00253101
-0.00251217
-0.00249342
-0.0024747
-0.00245603
-0.0024374
-0.00241878
-0.00240019
-0.0023816
-0.00236302
-0.00234441
-0.0023258
-0.00230716
-0.00228849
-0.00226979
-0.00225106
-0.00223232
-0.00221356
-0.00219479
-0.00217603
-0.00215723
-0.00213845
-0.00211967
-0.00210095
-0.00208225
-0.00206362
-0.00204501
-0.0020265
-0.00200803
-0.00198968
-0.00197138
-0.00195317
-0.00193499
-0.00191686
-0.00189872
-0.0018806
-0.00186244
-0.00184423
-0.00182594
-0.00180755
-0.00178902
-0.00177039
-0.00175163
-0.00173277
-0.0017138
-0.00169477
-0.0016756
-0.00165635
-0.00163706
-0.00161773
-0.00159837
-0.00157898
-0.00155956
-0.00154012
-0.00152067
-0.00150121
-0.00148173
-0.00146223
-0.00144271
-0.00142317
-0.00140363
-0.00138408
-0.00136452
-0.00134496
-0.0013254
-0.00130582
-0.00128628
-0.00126672
-0.00124719
-0.00122765
-0.00120817
-0.00118867
-0.00116923
-0.00114978
-0.00113041
-0.00111103
-0.00109174
-0.00107245
-0.00105327
-0.00103409
-0.00101503
-0.000995966
-0.000977049
-0.000958099
-0.000939285
-0.000920408
-0.000901613
-0.000882708
-0.000863697
-0.000844412
-0.000825509
-0.000805552
-0.000785175
-0.000764286
-0.000742962
-0.000721349
-0.000699681
-0.000677823
-0.00065596
-0.000634037
-0.000612008
-0.000589874
-0.000567665
-0.000545427
-0.000523217
-0.000501136
-0.000479212
-0.000457545
-0.000436184
-0.000415159
-0.000394493
-0.000374186
-0.000354223
-0.000334587
-0.000315248
-0.000296173
-0.000277326
-0.000258664
-0.000240148
-0.000221749
-0.000203426
-0.000185175
-0.000166984
-0.000148846
-0.000130764
-0.000112747
-9.48045e-05
-7.69695e-05
-5.92705e-05
-4.17152e-05
-2.43314e-05
-7.66879e-06
-0.00369785
-0.00371781
-0.00372084
-0.00371372
-0.00370286
-0.00369002
-0.0036759
-0.00366104
-0.00364573
-0.00363014
-0.00361433
-0.00359835
-0.00358222
-0.00356599
-0.00354966
-0.00353326
-0.00351678
-0.00350026
-0.00348369
-0.00346707
-0.00345041
-0.00343369
-0.00341693
-0.00340011
-0.00338325
-0.00336631
-0.00334929
-0.00333218
-0.00331498
-0.00329765
-0.0032802
-0.00326259
-0.0032448
-0.0032268
-0.00320858
-0.00319004
-0.00317106
-0.00315166
-0.00313181
-0.00311157
-0.003091
-0.00307016
-0.00304918
-0.00302816
-0.00300729
-0.00298657
-0.00296595
-0.00294536
-0.00292483
-0.00290437
-0.00288399
-0.0028637
-0.0028435
-0.00282342
-0.00280344
-0.00278359
-0.00276385
-0.00274424
-0.00272476
-0.00270539
-0.00268616
-0.00266703
-0.00264801
-0.00262906
-0.00261022
-0.00259145
-0.00257276
-0.00255414
-0.00253559
-0.00251708
-0.00249863
-0.0024802
-0.00246181
-0.00244344
-0.00242507
-0.0024067
-0.00238831
-0.00236991
-0.00235147
-0.00233298
-0.00231445
-0.00229585
-0.0022772
-0.00225847
-0.00223968
-0.00222083
-0.0022019
-0.0021829
-0.00216387
-0.00214483
-0.00212575
-0.00210665
-0.00208754
-0.00206845
-0.00204939
-0.00203038
-0.00201142
-0.00199252
-0.00197368
-0.0019549
-0.00193616
-0.00191744
-0.00189873
-0.00187998
-0.0018612
-0.00184233
-0.00182337
-0.0018043
-0.00178516
-0.00176592
-0.00174661
-0.00172722
-0.0017078
-0.00168829
-0.00166873
-0.00164915
-0.00162957
-0.00160997
-0.00159038
-0.0015708
-0.00155123
-0.00153168
-0.00151215
-0.00149263
-0.00147312
-0.00145364
-0.00143419
-0.00141477
-0.00139537
-0.001376
-0.00135664
-0.0013373
-0.00131799
-0.0012987
-0.00127944
-0.0012602
-0.001241
-0.00122183
-0.0012027
-0.00118359
-0.00116453
-0.0011455
-0.00112652
-0.00110757
-0.00108868
-0.00106982
-0.00105103
-0.00103226
-0.00101357
-0.000994885
-0.000976292
-0.00095767
-0.000939128
-0.000920527
-0.000901955
-0.000883259
-0.000864388
-0.000845156
-0.000826062
-0.000805929
-0.000785194
-0.000763857
-0.000742002
-0.00071981
-0.000697493
-0.000675182
-0.000653006
-0.000630829
-0.000608591
-0.000586289
-0.000563946
-0.000541624
-0.000519419
-0.000497378
-0.000475554
-0.000454005
-0.000432774
-0.000411896
-0.000391373
-0.000371203
-0.000351372
-0.000331855
-0.000312624
-0.000293642
-0.000274872
-0.000256279
-0.000237826
-0.000219484
-0.000201222
-0.000183026
-0.000164886
-0.000146801
-0.000128774
-0.000110818
-9.2968e-05
-7.52417e-05
-5.76739e-05
-4.02986e-05
-2.3223e-05
-7.11799e-06
)
;

boundaryField
{
    inlet
    {
        type            zeroGradient;
    }
    outlet
    {
        type            fixedValue;
        value           uniform 0;
    }
    walls
    {
        type            zeroGradient;
    }
    frontAndBack
    {
        type            empty;
    }
}


// ************************************************************************* //
