/*--------------------------------*- C++ -*----------------------------------*\
| =========                 |                                                 |
| \\      /  F ield         | OpenFOAM: The Open Source CFD Toolbox           |
|  \\    /   O peration     | Version:  2506                                  |
|   \\  /    A nd           | Website:  www.openfoam.com                      |
|    \\/     M anipulation  |                                                 |
\*---------------------------------------------------------------------------*/
FoamFile
{
    version     2.0;
    format      ascii;
    arch        "LSB;label=32;scalar=64";
    class       volScalarField;
    location    "0.31";
    object      s;
}
// * * * * * * * * * * * * * * * * * * * * * * * * * * * * * * * * * * * * * //

dimensions      [0 0 0 0 0 0 0];

internalField   nonuniform List<scalar> 
4000
(
0.000136479
0.00348167
0.0499132
0.350552
0.772651
0.776345
0.45492
0.0886817
0.0168957
0.00490923
0.00127221
0.000273412
4.04185e-05
-7.5254e-07
-3.50006e-06
-1.90275e-06
-7.83913e-07
-3.36696e-07
-1.51433e-07
-6.95261e-08
-3.12202e-08
-1.32029e-08
-5.67409e-09
-2.58617e-09
-1.1541e-09
-4.87521e-10
-1.88711e-10
-6.54146e-11
-1.98688e-11
-5.06557e-12
-9.16965e-13
-9.29228e-15
-1.89085e-13
4.55967e-14
8.7976e-15
-8.27571e-14
-2.81363e-13
-3.69942e-13
-4.15955e-13
-4.57684e-13
-5.58834e-13
-4.6286e-13
-2.67843e-13
-1.03583e-13
-1.42034e-14
-2.26804e-15
-7.74409e-16
-2.24073e-16
-2.15825e-17
9.66114e-18
6.03805e-18
4.14855e-18
7.0083e-18
9.25218e-18
5.98053e-18
3.3997e-18
1.69143e-18
3.97932e-19
-5.37768e-19
-1.07648e-18
-7.17697e-19
-2.66442e-19
-3.49781e-20
1.99543e-20
1.36293e-20
3.48442e-21
2.68742e-22
-1.67986e-22
-8.77899e-23
-2.43208e-23
-4.71265e-24
-6.35983e-25
-3.0862e-26
9.59818e-27
3.51794e-27
6.74634e-28
9.13452e-29
1.52711e-28
5.29581e-28
1.0744e-27
1.18139e-27
4.7989e-28
-7.33621e-28
-1.45404e-27
-1.41247e-27
-1.09286e-27
-6.98438e-28
-3.64758e-28
-1.80838e-28
-8.06639e-29
-3.03282e-29
-1.06729e-29
-3.12167e-30
-6.7002e-31
-3.50598e-32
5.87674e-32
4.33174e-32
1.96958e-32
8.18713e-33
3.10871e-33
1.22963e-33
4.98364e-34
2.01078e-34
7.54113e-35
2.54996e-35
6.63005e-36
1.33055e-36
4.17772e-38
-1.07862e-37
-6.41332e-38
-2.54529e-38
-7.82551e-39
-2.14842e-39
-4.525e-40
-9.73766e-41
-1.39574e-41
-1.00309e-42
2.91096e-43
1.71179e-43
6.07536e-44
2.18218e-44
7.43284e-45
2.91965e-45
1.71545e-45
1.06764e-45
7.39766e-46
5.38876e-46
3.83945e-46
2.90817e-46
2.43816e-46
1.58311e-46
1.16565e-46
1.00611e-46
5.89546e-47
3.92294e-47
3.13627e-47
1.06835e-47
6.98976e-48
1.26463e-48
-1.48084e-49
-2.83467e-49
-6.76411e-50
3.41217e-51
3.56131e-51
-8.60335e-52
-1.07095e-51
-6.21921e-52
-3.70415e-52
-2.4467e-52
-9.97258e-53
-4.03238e-55
2.59604e-53
1.59848e-53
5.47141e-54
9.13763e-55
-5.72357e-56
-9.1391e-56
-3.00544e-56
-5.37838e-57
3.56825e-57
9.84214e-57
2.09899e-56
-6.03946e-56
-6.26712e-55
-1.1925e-54
-8.95986e-55
9.96506e-55
2.56057e-54
2.24631e-54
1.14571e-54
3.92316e-55
9.05048e-56
1.1942e-56
-1.59187e-59
-2.88858e-58
-1.21486e-59
-1.81272e-61
-1.87487e-61
-4.34526e-62
-7.5539e-64
1.69639e-63
3.76148e-64
1.53651e-65
-7.46615e-66
-1.6639e-67
1.0987e-66
5.57033e-67
1.81586e-67
4.82876e-68
1.11576e-68
1.95571e-69
9.32512e-71
-5.86703e-72
1.27264e-70
1.5565e-70
1.08791e-70
5.5391e-71
2.24182e-71
7.42523e-72
6.47268e-73
9.41998e-05
0.00130647
0.0119464
0.0775211
0.261632
0.514215
0.738864
0.76709
0.72312
0.613999
0.446567
0.270221
0.113707
0.0407019
0.0164444
0.00672135
0.00247275
0.00069669
4.58664e-05
-0.000120482
-0.000113587
-6.58337e-05
-3.00526e-05
-1.58324e-05
-7.82792e-06
-3.57751e-06
-1.48798e-06
-5.55425e-07
-1.84162e-07
-5.30057e-08
-1.23308e-08
-1.69179e-09
3.58771e-10
2.93946e-10
1.1817e-10
4.11106e-11
3.29965e-12
-1.05016e-11
-1.40033e-11
-1.37328e-11
-1.34385e-11
-1.01054e-11
-6.72487e-12
-4.79439e-12
-3.09997e-12
-1.8485e-12
-1.09697e-12
-5.41264e-13
-2.14479e-13
-7.77621e-14
-3.06318e-14
-1.30456e-14
-5.82828e-15
-2.6906e-15
-1.25232e-15
-5.78449e-16
-2.55771e-16
-9.25133e-17
2.3355e-18
7.1108e-17
8.32949e-17
3.77641e-17
7.90678e-18
-1.99044e-18
-2.07255e-18
-6.14059e-19
-2.2038e-20
5.40389e-20
2.56577e-20
6.6247e-21
1.01689e-21
1.93811e-23
-4.63336e-23
-1.81449e-23
-4.55092e-24
-8.48758e-25
-1.24118e-25
-6.42354e-28
8.1593e-26
2.3173e-25
4.78901e-25
5.79545e-25
4.42586e-25
2.57023e-25
1.17867e-25
3.94426e-26
5.06675e-27
-5.50449e-27
-6.3291e-27
-4.38529e-27
-2.47007e-27
-1.20551e-27
-5.21024e-28
-2.05963e-28
-7.14926e-29
-2.27709e-29
-6.03906e-30
-1.32281e-30
-1.54893e-31
3.95454e-32
3.81486e-32
1.9546e-32
8.06508e-33
3.03402e-33
1.1215e-33
3.75004e-34
1.21244e-34
3.43859e-35
8.35301e-36
1.51439e-36
8.46738e-38
-8.48238e-38
-5.34197e-38
-1.99799e-38
-6.79496e-39
-1.91032e-39
-4.8055e-40
-1.2221e-40
-3.02774e-41
-7.88269e-42
-2.58568e-42
-1.01579e-42
-4.44327e-43
-2.32081e-43
-1.3224e-43
-8.0016e-44
-5.08438e-44
-3.2987e-44
-2.23097e-44
-1.61676e-44
-1.11597e-44
-7.85228e-45
-6.06509e-45
-4.34372e-45
-3.11153e-45
-2.39671e-45
-1.54914e-45
-1.02939e-45
-5.94854e-46
-2.95828e-46
-1.22546e-46
-3.92119e-47
-8.33773e-48
-4.07239e-49
5.2532e-49
2.82168e-49
1.29541e-49
7.45569e-50
3.83395e-50
8.74685e-51
-5.05027e-51
-6.37871e-51
-3.1723e-51
-9.14834e-52
-7.71087e-53
6.03567e-53
3.4985e-53
1.06487e-53
1.94189e-54
-9.58164e-56
-5.00915e-55
1.19407e-54
1.27438e-53
5.31872e-53
1.36482e-52
2.38132e-52
3.02233e-52
2.63602e-52
1.6116e-52
7.60756e-53
2.88664e-53
8.83583e-54
2.09677e-54
3.41828e-55
2.18704e-56
-4.05628e-57
-3.91027e-58
1.33659e-58
3.42721e-59
5.45295e-61
-1.22738e-60
-2.57976e-61
-1.09086e-62
1.31759e-63
-3.13643e-63
-2.47698e-63
-1.07268e-63
-3.48216e-64
-9.30591e-65
-2.05814e-65
-3.04987e-66
2.05757e-67
2.08536e-67
-1.81262e-67
-3.04564e-67
-2.21111e-67
-1.07737e-67
-3.87157e-68
-1.00364e-68
-1.63234e-70
8.36861e-05
0.000741635
0.00395275
0.0155957
0.0619291
0.201102
0.425845
0.639293
0.820366
0.890237
0.866421
0.805493
0.697375
0.543487
0.384176
0.245186
0.139408
0.0623076
0.0197231
0.00607669
0.00170675
0.000108175
-0.000454364
-0.000553038
-0.00042601
-0.000199567
-7.0342e-05
-2.79755e-05
-1.15438e-05
-4.64547e-06
-1.69176e-06
-3.85475e-07
2.48508e-08
6.16581e-08
3.14964e-08
1.34796e-08
5.84093e-09
2.43924e-09
9.73848e-10
3.73378e-10
1.30852e-10
3.69452e-11
8.9636e-13
-1.16266e-11
-1.44977e-11
-1.38431e-11
-1.20415e-11
-9.88953e-12
-6.90872e-12
-4.19606e-12
-2.24197e-12
-1.25349e-12
-7.07385e-13
-3.91689e-13
-2.09972e-13
-1.08203e-13
-5.32324e-14
-2.49512e-14
-1.12364e-14
-4.82056e-15
-1.98439e-15
-7.54738e-16
-2.20083e-16
2.73935e-17
6.19434e-17
2.19633e-17
-3.74924e-19
-3.37813e-18
-1.51506e-18
-3.3436e-19
-9.3765e-21
2.65406e-20
1.35689e-20
4.52511e-21
1.20019e-21
2.62275e-22
4.89121e-23
7.65446e-24
4.42017e-25
2.53111e-24
6.90058e-24
9.41272e-24
1.002e-23
8.13355e-24
5.45514e-24
3.1489e-24
1.61022e-24
7.50194e-25
3.10642e-25
1.12489e-25
3.4708e-26
7.62309e-27
1.5596e-28
-1.0414e-27
-7.38867e-28
-3.70056e-28
-1.46468e-28
-5.0956e-29
-1.50402e-29
-4.05147e-30
-9.85293e-31
-2.40876e-31
-6.60674e-32
-1.98352e-32
-5.35275e-33
-8.40813e-34
2.68102e-34
3.075e-34
1.69693e-34
7.06382e-35
2.43585e-35
7.09807e-36
1.75784e-36
3.39055e-37
3.83447e-38
-5.29598e-39
-5.29615e-39
-2.33538e-39
-7.82375e-40
-2.36984e-40
-7.96865e-41
-2.98528e-41
-1.28024e-41
-7.01689e-42
-4.25498e-42
-2.73184e-42
-1.8155e-42
-1.21813e-42
-8.40406e-43
-6.02988e-43
-4.13954e-43
-2.86473e-43
-2.08506e-43
-1.42394e-43
-9.67215e-44
-6.69579e-44
-4.12776e-44
-2.52863e-44
-1.39835e-44
-6.83834e-45
-2.71165e-45
-8.64258e-46
-1.90775e-46
-1.38509e-47
3.90875e-48
-3.14416e-48
-5.9484e-48
-3.76822e-48
-1.04536e-48
3.52655e-49
5.74815e-49
3.57195e-49
1.31674e-49
2.13824e-50
-7.42909e-51
-7.35379e-51
-3.13982e-51
-8.92797e-52
-1.63135e-52
-1.76229e-53
-7.75163e-54
5.00903e-53
4.3979e-52
1.28975e-51
2.19616e-51
2.53664e-51
2.12973e-51
1.23654e-51
5.41975e-52
1.99157e-52
6.86182e-53
2.48393e-53
9.53714e-54
3.48764e-54
1.07992e-54
2.57705e-55
4.38049e-56
4.44524e-57
-5.60934e-58
-4.90013e-58
-1.61575e-58
-2.8029e-59
3.75109e-60
5.79651e-60
3.16785e-60
1.30609e-60
4.56041e-61
1.39101e-61
3.69274e-62
8.17496e-63
1.26834e-63
-2.59182e-65
-1.35929e-64
-8.16039e-65
-4.05659e-65
-2.07364e-65
-1.0893e-65
-5.25777e-66
-2.11233e-66
-3.54328e-67
8.43029e-05
0.000702199
0.00330449
0.0117923
0.0381523
0.115335
0.26138
0.458185
0.662737
0.822633
0.912803
0.916177
0.893584
0.831392
0.719932
0.572973
0.423895
0.289422
0.180162
0.100654
0.0490043
0.0188752
0.00277057
-0.000610721
-0.00101854
-0.000971044
-0.000781579
-0.000469563
-0.000224102
-7.32161e-05
-1.56368e-05
-3.33333e-06
-4.08934e-07
3.28911e-07
4.48794e-07
2.84579e-07
1.35029e-07
6.61689e-08
3.50346e-08
1.89543e-08
1.04893e-08
5.67057e-09
2.84692e-09
1.29583e-09
5.20985e-10
1.772e-10
4.53358e-11
2.61489e-14
-1.31069e-11
-1.55203e-11
-1.4288e-11
-1.13745e-11
-7.42616e-12
-4.38668e-12
-2.29739e-12
-1.13277e-12
-5.61375e-13
-2.75772e-13
-1.3252e-13
-6.09283e-14
-2.6811e-14
-1.09503e-14
-4.06916e-15
-1.33741e-15
-3.40222e-16
7.10056e-17
1.179e-16
6.08996e-17
1.48494e-17
-2.03288e-18
-3.89236e-18
-2.206e-18
-8.67036e-19
-2.72187e-19
-7.19251e-20
-1.64174e-20
-3.30153e-21
-6.2943e-22
-1.38146e-22
-1.81335e-22
-4.03861e-22
-3.2206e-22
-1.7754e-22
-7.24642e-23
-1.73281e-23
4.19739e-24
8.81726e-24
7.32309e-24
4.59077e-24
2.43725e-24
1.1555e-24
4.89013e-25
1.8424e-25
6.21776e-26
1.78635e-26
4.11253e-27
5.31933e-28
-1.25767e-28
-1.2893e-28
-6.47447e-29
-2.51496e-29
-8.70803e-30
-2.8082e-30
-8.67484e-31
-2.62119e-31
-7.48937e-32
-1.92209e-32
-3.85009e-33
-2.59101e-34
2.70213e-34
1.96085e-34
9.08062e-35
3.47543e-35
1.14793e-35
3.47374e-36
9.56878e-37
2.41695e-37
5.73593e-38
1.31729e-38
3.21156e-39
9.76409e-40
4.04948e-40
1.9936e-40
9.85194e-41
4.77654e-41
2.2322e-41
9.99222e-42
4.27389e-42
1.62255e-42
4.29184e-43
5.75191e-44
-5.66912e-44
-9.16999e-44
-3.93613e-44
3.10671e-45
3.09183e-44
5.43664e-44
5.88923e-44
5.50969e-44
4.52698e-44
3.36369e-44
2.22294e-44
1.28867e-44
6.56523e-45
2.8528e-45
1.01225e-45
2.2918e-46
-2.19829e-47
-6.15193e-47
-4.15165e-47
-1.8586e-47
-5.44171e-48
-4.11488e-49
7.14507e-49
5.61642e-49
2.62058e-49
8.61301e-50
1.85145e-50
1.26315e-51
-8.47734e-52
-2.10042e-52
4.14753e-52
2.38973e-51
3.17724e-51
5.06982e-52
-5.18312e-51
-1.12644e-50
-1.25131e-50
-9.42839e-51
-5.4558e-51
-2.55045e-51
-9.75125e-52
-2.97453e-52
-6.46899e-53
-4.46296e-54
4.20955e-54
2.61573e-54
9.23461e-55
2.2476e-55
2.85737e-56
-6.72957e-57
-6.5647e-57
-3.05093e-57
-1.11446e-57
-3.55029e-58
-1.01658e-58
-2.54161e-59
-4.55653e-60
2.89857e-61
9.21335e-61
6.66557e-61
3.68267e-61
1.76984e-61
7.68219e-62
3.04298e-62
1.09553e-62
3.52068e-63
9.6481e-64
2.02099e-64
-3.09948e-65
8.48027e-05
0.000754469
0.00384765
0.0148536
0.0491726
0.125059
0.250597
0.417066
0.596883
0.758443
0.874654
0.919115
0.913533
0.887429
0.814414
0.704207
0.572268
0.435314
0.308151
0.201437
0.120285
0.0644236
0.0298003
0.0108293
0.00144894
-0.0011414
-0.00113656
-0.000963519
-0.000658853
-0.000369099
-0.000168924
-6.06193e-05
-1.11469e-05
1.43353e-06
1.49948e-06
1.16644e-06
7.95967e-07
4.6883e-07
2.57718e-07
1.38035e-07
7.49066e-08
4.05552e-08
2.1187e-08
1.0489e-08
4.85123e-09
2.04999e-09
7.38841e-10
2.3125e-10
5.76421e-11
-3.19516e-14
-1.72745e-11
-2.03264e-11
-1.8322e-11
-1.47101e-11
-1.01621e-11
-6.35007e-12
-3.6541e-12
-1.94666e-12
-9.64392e-13
-4.31238e-13
-1.71695e-13
-6.57112e-14
-2.49331e-14
-9.15723e-15
-3.13082e-15
-8.19178e-16
6.18479e-18
3.30993e-16
3.05918e-16
1.83741e-16
8.23083e-17
2.80803e-17
6.78367e-18
5.80249e-19
-5.18798e-19
-4.08205e-19
-2.00017e-19
-8.07293e-20
-2.91545e-20
-9.65895e-21
-6.06931e-21
-5.22062e-21
-3.72856e-21
-2.19789e-21
-1.12137e-21
-5.03468e-22
-1.97371e-22
-6.48635e-23
-1.49899e-23
1.63426e-25
2.93862e-24
2.28956e-24
1.25993e-24
5.80709e-25
2.2993e-25
8.02983e-26
2.4046e-26
5.96667e-27
1.03792e-27
1.13102e-29
-8.90006e-29
-4.98998e-29
-1.93449e-29
-6.32634e-30
-1.93352e-30
-5.84846e-31
-1.85771e-31
-6.12275e-32
-1.99716e-32
-6.05825e-33
-1.59125e-33
-3.11366e-34
-1.20636e-35
2.80613e-35
1.98944e-35
9.6159e-36
3.99235e-36
1.54206e-36
5.71756e-37
2.10609e-37
8.00559e-38
3.19811e-38
1.36e-38
6.20743e-39
3.01317e-39
1.53996e-39
8.20809e-40
4.5244e-40
2.57069e-40
1.50534e-40
9.0057e-41
5.50257e-41
3.45524e-41
2.19368e-41
1.4091e-41
9.15472e-42
5.87427e-42
3.7458e-42
2.33809e-42
1.41348e-42
8.19372e-43
4.47984e-43
2.3192e-43
1.13214e-43
5.13487e-44
2.14031e-44
7.89653e-45
2.39958e-45
4.51543e-46
-8.92544e-47
-1.5472e-46
-1.0474e-46
-5.31574e-47
-2.19159e-47
-7.26714e-48
-1.64342e-48
-1.36777e-51
2.57917e-49
1.72484e-49
7.79351e-50
2.49263e-50
3.18843e-51
-2.56377e-50
-6.9106e-50
-1.18925e-49
-1.50511e-49
-1.54716e-49
-1.22506e-49
-7.74402e-50
-4.09228e-50
-1.85418e-50
-7.2658e-51
-2.43885e-51
-6.71409e-52
-1.2959e-52
-1.86836e-54
1.30927e-53
7.5457e-54
2.84643e-54
7.99016e-55
1.41998e-55
-1.07693e-56
-2.52332e-56
-1.53337e-56
-7.0318e-57
-2.7816e-57
-9.85788e-58
-3.12177e-58
-8.3591e-59
-1.46609e-59
2.21478e-60
4.20384e-60
2.96999e-60
1.65005e-60
8.05755e-61
3.57676e-61
1.45573e-61
5.39491e-62
1.80847e-62
2.4405e-63
8.43331e-05
0.000780829
0.00419341
0.0169192
0.0579882
0.145458
0.279697
0.444737
0.614166
0.76224
0.870188
0.914584
0.912171
0.888176
0.824499
0.728517
0.610401
0.482748
0.358472
0.248437
0.159493
0.0938216
0.0496476
0.0227536
0.00817553
0.00131274
-0.00100677
-0.00108311
-0.000895908
-0.000605563
-0.000341204
-0.000161834
-6.25562e-05
-1.66218e-05
4.07522e-07
1.68513e-06
1.29229e-06
9.70116e-07
6.15251e-07
3.64132e-07
2.069e-07
1.13739e-07
6.0273e-08
3.08147e-08
1.52043e-08
7.23107e-09
3.29947e-09
1.41705e-09
5.49571e-10
1.55249e-10
5.5706e-12
-2.2642e-11
-2.49241e-11
-2.23188e-11
-1.86474e-11
-1.35534e-11
-9.00471e-12
-5.55614e-12
-3.22429e-12
-1.75437e-12
-8.93507e-13
-4.21825e-13
-1.82161e-13
-6.97448e-14
-2.02161e-14
-4.98113e-15
-8.87674e-16
2.31897e-16
5.29461e-16
6.26974e-16
4.92923e-16
3.09052e-16
1.63711e-16
7.64126e-17
3.23614e-17
1.27308e-17
4.72147e-18
1.66444e-18
5.5843e-19
1.75529e-19
4.96224e-20
6.48482e-21
-6.22624e-21
-7.7847e-21
-5.91767e-21
-3.6698e-21
-1.99296e-21
-9.76647e-22
-4.33563e-22
-1.73508e-22
-6.1614e-23
-1.85407e-23
-4.12419e-24
-2.22028e-25
4.17195e-25
3.113e-25
1.50062e-25
5.85461e-26
1.92483e-26
5.45505e-27
1.31098e-27
2.58531e-28
3.72056e-29
1.34336e-30
-1.93056e-30
-1.27769e-30
-6.96898e-31
-3.53643e-31
-1.65957e-31
-7.09087e-32
-2.75237e-32
-9.7234e-33
-3.1287e-33
-9.09061e-34
-2.312e-34
-4.71073e-35
-4.42146e-36
2.5578e-36
2.25802e-36
1.26032e-36
6.19938e-37
2.914e-37
1.36345e-37
6.51734e-38
3.20932e-38
1.63558e-38
8.62039e-39
4.68095e-39
2.61389e-39
1.49821e-39
8.73446e-40
5.17597e-40
3.12633e-40
1.89301e-40
1.15197e-40
7.02337e-41
4.21679e-41
2.50384e-41
1.45342e-41
8.18458e-42
4.43737e-42
2.28096e-42
1.10914e-42
5.12205e-43
2.23885e-43
9.213e-44
3.53314e-44
1.2351e-44
3.74953e-45
8.36509e-46
-9.03316e-48
-1.74988e-46
-1.5367e-46
-1.00899e-46
-5.7579e-47
-2.96193e-47
-1.37902e-47
-5.74204e-48
-2.13138e-48
-7.02047e-49
-2.32475e-49
-1.66329e-49
-3.96591e-49
-6.33652e-49
-7.79218e-49
-7.59957e-49
-6.15796e-49
-4.01087e-49
-2.15363e-49
-9.83164e-50
-3.89412e-50
-1.35709e-50
-4.20252e-51
-1.16526e-51
-2.91928e-52
-6.81248e-53
-1.69268e-53
-6.1324e-54
-3.3752e-54
-1.95393e-54
-1.03186e-54
-4.88132e-55
-2.07833e-55
-7.93174e-56
-2.64093e-56
-6.99689e-57
-8.92986e-58
5.35301e-58
5.91867e-58
3.82108e-58
2.02999e-58
9.59556e-59
4.14503e-59
1.64618e-59
5.94948e-60
1.88634e-60
4.66586e-61
4.03352e-62
-5.21741e-62
-4.87171e-62
8.3408e-05
0.000787031
0.00434457
0.0179389
0.062637
0.158747
0.303767
0.476218
0.646004
0.78796
0.885766
0.915102
0.908942
0.881425
0.816155
0.722118
0.608597
0.486516
0.367087
0.259992
0.171716
0.104811
0.0582827
0.0287508
0.0118308
0.00325291
-0.000196019
-0.000934617
-0.00090312
-0.000685839
-0.000422469
-0.000226627
-0.000105553
-4.07788e-05
-1.10712e-05
-1.12698e-07
1.39522e-06
1.1767e-06
8.77346e-07
5.63532e-07
3.36789e-07
1.9109e-07
1.0432e-07
5.5289e-08
2.85857e-08
1.44396e-08
7.12357e-09
3.40861e-09
1.56706e-09
6.79096e-10
2.65039e-10
8.23504e-11
7.62035e-12
-1.82336e-11
-2.00987e-11
-1.67848e-11
-1.29188e-11
-8.86422e-12
-5.67804e-12
-3.43718e-12
-1.98321e-12
-1.09059e-12
-5.70281e-13
-2.82123e-13
-1.29025e-13
-5.35899e-14
-1.93475e-14
-4.9566e-15
-3.75656e-16
5.79096e-16
6.8503e-16
6.72656e-16
4.97539e-16
3.13285e-16
1.76343e-16
9.19766e-17
4.53231e-17
2.1322e-17
9.62235e-18
4.16409e-18
1.71801e-18
6.71312e-19
2.42491e-19
7.5872e-20
1.64619e-20
-1.40529e-21
-4.66603e-21
-3.75197e-21
-2.25988e-21
-1.16062e-21
-5.28314e-22
-2.15045e-22
-7.77309e-23
-2.44272e-23
-6.2356e-24
-1.01732e-24
1.02518e-25
1.83225e-25
1.01098e-25
4.17479e-26
1.45241e-26
4.48251e-27
1.25567e-27
3.23462e-28
7.61157e-29
1.5264e-29
1.70645e-30
-6.15497e-31
-6.2766e-31
-3.5387e-31
-1.63785e-31
-6.76647e-32
-2.58109e-32
-9.23651e-33
-3.14274e-33
-1.02538e-33
-3.22273e-34
-9.80313e-35
-2.88697e-35
-8.15567e-36
-2.15001e-36
-4.87257e-37
-6.08352e-38
2.95034e-38
3.59532e-38
2.64767e-38
1.70988e-38
1.04949e-38
6.31552e-39
3.77221e-39
2.23498e-39
1.31792e-39
7.75971e-40
4.48733e-40
2.56078e-40
1.42987e-40
7.68216e-41
3.95241e-41
1.89734e-41
8.20493e-42
2.9231e-42
5.80831e-43
-2.88502e-43
-4.5036e-43
-3.64436e-43
-2.34695e-43
-1.28195e-43
-6.09924e-44
-2.48372e-44
-7.96757e-45
-1.41479e-45
5.20933e-46
7.33586e-46
4.91431e-46
2.47654e-46
9.62751e-47
2.51092e-47
-4.82438e-49
-5.49221e-48
-4.43004e-48
-2.09596e-48
-9.40095e-49
-1.24292e-48
-1.60679e-48
-1.59759e-48
-1.16362e-48
-5.73877e-49
-1.00839e-49
1.16933e-49
1.5009e-49
1.07935e-49
5.85201e-50
2.54304e-50
8.72786e-51
2.04107e-51
1.96627e-55
-3.53528e-52
-2.67035e-52
-1.43295e-52
-6.48062e-53
-2.59678e-53
-9.33123e-54
-2.96187e-54
-7.7561e-55
-1.21557e-55
3.11574e-56
4.39737e-56
2.9216e-56
1.56217e-56
7.40863e-57
3.21375e-57
1.28404e-57
4.68074e-58
1.50504e-58
3.84829e-59
4.30188e-60
-3.41362e-60
-3.55323e-60
-2.31379e-60
-1.02855e-60
8.22551e-05
0.000783362
0.0043921
0.018415
0.0650593
0.166239
0.31834
0.496883
0.668925
0.808633
0.898109
0.914923
0.906725
0.874277
0.80535
0.709989
0.597458
0.478099
0.362178
0.258398
0.172561
0.106973
0.0607723
0.0309207
0.0133921
0.00417256
0.000119583
-0.000741501
-0.000818801
-0.000658089
-0.000440184
-0.000256219
-0.000131061
-5.80081e-05
-2.08743e-05
-4.56181e-06
1.98732e-07
1.06131e-06
9.38311e-07
6.76835e-07
4.22433e-07
2.49946e-07
1.42774e-07
7.942e-08
4.31715e-08
2.29693e-08
1.19736e-08
6.09686e-09
3.02187e-09
1.44742e-09
6.60323e-10
2.79586e-10
1.03042e-10
2.65327e-11
-3.01389e-12
-1.16586e-11
-1.19379e-11
-9.59476e-12
-6.8556e-12
-4.54649e-12
-2.85794e-12
-1.71943e-12
-9.94205e-13
-5.53205e-13
-2.95285e-13
-1.50643e-13
-7.27298e-14
-3.26301e-14
-1.31573e-14
-4.49352e-15
-1.04857e-15
2.00029e-16
4.55496e-16
4.3948e-16
3.22995e-16
2.08451e-16
1.23845e-16
6.91756e-17
3.67048e-17
1.85822e-17
8.97534e-18
4.12159e-18
1.79018e-18
7.26583e-19
2.68488e-19
8.52393e-20
1.93186e-20
-3.9406e-22
-4.04265e-21
-3.24229e-21
-1.87797e-21
-9.14954e-22
-3.90878e-22
-1.48205e-22
-4.93234e-23
-1.39854e-23
-3.04491e-24
-2.90503e-25
1.64339e-25
1.32946e-25
6.31247e-26
2.43036e-26
8.2068e-27
2.51476e-27
7.10209e-28
1.83977e-28
4.21079e-29
7.35374e-30
1.52643e-31
-7.30125e-31
-5.03525e-31
-2.52101e-31
-1.10527e-31
-4.4886e-32
-1.74001e-32
-6.5434e-33
-2.41627e-33
-8.86501e-34
-3.26e-34
-1.21068e-34
-4.57641e-35
-1.7702e-35
-7.02923e-36
-2.87385e-36
-1.21136e-36
-5.26408e-37
-2.35957e-37
-1.09113e-37
-5.20909e-38
-2.57185e-38
-1.31557e-38
-6.97597e-39
-3.84225e-39
-2.19323e-39
-1.28938e-39
-7.78854e-40
-4.77173e-40
-2.94417e-40
-1.81586e-40
-1.10818e-40
-6.65729e-41
-3.90657e-41
-2.22882e-41
-1.2293e-41
-6.49858e-42
-3.27809e-42
-1.55372e-42
-6.83635e-43
-2.72125e-43
-9.19173e-44
-2.14641e-44
1.61185e-45
6.41911e-45
5.45433e-45
3.48632e-45
1.90648e-45
9.32064e-46
4.12596e-46
1.72309e-46
6.87625e-47
3.28093e-47
1.9213e-47
1.21321e-47
8.42243e-48
6.81914e-48
6.20889e-48
5.69169e-48
4.64049e-48
3.22785e-48
1.93847e-48
1.01591e-48
4.65688e-49
1.84766e-49
6.10537e-50
1.46863e-50
7.11176e-52
-1.94789e-51
-1.59418e-51
-8.86783e-52
-4.11898e-52
-1.68905e-52
-6.20014e-53
-2.01049e-53
-5.41332e-54
-9.21452e-55
1.62335e-55
2.7388e-55
1.85463e-55
9.91495e-56
4.66436e-56
1.99641e-56
7.82793e-57
2.77748e-57
8.53854e-58
1.96349e-58
6.6669e-60
-2.97468e-59
-2.5359e-59
-1.54946e-59
-6.57513e-60
8.10113e-05
0.000774855
0.0043795
0.018519
0.0659462
0.169629
0.325518
0.507586
0.681408
0.820455
0.903715
0.91453
0.90518
0.869034
0.797289
0.700565
0.588204
0.470293
0.356586
0.255162
0.171304
0.107047
0.0615128
0.031821
0.0141721
0.00469593
0.000324098
-0.00070156
-0.000751901
-0.00063614
-0.000449016
-0.000274852
-0.000147973
-6.98759e-05
-2.80669e-05
-8.3247e-06
-6.9821e-07
6.58959e-07
8.31156e-07
6.69011e-07
4.60291e-07
2.93011e-07
1.77682e-07
1.03978e-07
5.90979e-08
3.27522e-08
1.7751e-08
9.40245e-09
4.86285e-09
2.44758e-09
1.19042e-09
5.53389e-10
2.40349e-10
9.30275e-11
2.77877e-11
1.65771e-12
-6.83215e-12
-8.05868e-12
-6.75423e-12
-4.93398e-12
-3.3319e-12
-2.13284e-12
-1.31056e-12
-7.78007e-13
-4.47241e-13
-2.49233e-13
-1.34264e-13
-6.97051e-14
-3.45928e-14
-1.62315e-14
-7.06576e-15
-2.71552e-15
-8.16988e-16
-6.94971e-17
1.63996e-16
1.91721e-16
1.53061e-16
1.04534e-16
6.4973e-17
3.76728e-17
2.0595e-17
1.06571e-17
5.21347e-18
2.40196e-18
1.03314e-18
4.07392e-19
1.4207e-19
4.00592e-20
6.04377e-21
-2.55538e-21
-3.15764e-21
-2.04709e-21
-1.05049e-21
-4.63792e-22
-1.80241e-22
-6.18379e-23
-1.83014e-23
-4.38612e-24
-6.47578e-25
9.11443e-26
1.27768e-25
6.86868e-26
2.84978e-26
1.02666e-26
3.355e-27
1.0116e-27
2.82348e-28
7.171e-29
1.55622e-29
2.2263e-30
-2.84807e-31
-4.46774e-31
-2.68878e-31
-1.30485e-31
-5.76952e-32
-2.42688e-32
-9.94151e-33
-4.02838e-33
-1.63085e-33
-6.64705e-34
-2.7466e-34
-1.15524e-34
-4.95991e-35
-2.17951e-35
-9.81324e-36
-4.52909e-36
-2.14315e-36
-1.03931e-36
-5.16345e-37
-2.62695e-37
-1.36622e-37
-7.24868e-38
-3.92301e-38
-2.15502e-38
-1.19853e-38
-6.73624e-39
-3.80033e-39
-2.14612e-39
-1.20861e-39
-6.7501e-40
-3.72735e-40
-2.02438e-40
-1.07738e-40
-5.59967e-41
-2.81823e-41
-1.36781e-41
-6.3143e-42
-2.73648e-42
-1.08566e-42
-3.70729e-43
-8.93418e-44
5.52761e-45
2.73557e-44
2.48444e-44
1.71187e-44
1.0272e-44
5.63408e-45
2.88222e-45
1.42822e-45
6.93126e-46
3.63362e-46
2.08892e-46
1.31746e-46
8.98191e-47
6.52981e-47
4.83996e-47
3.50894e-47
2.35126e-47
1.41758e-47
7.68292e-48
3.74216e-48
1.6288e-48
6.2274e-49
1.99626e-49
4.58385e-50
6.54411e-52
-7.44429e-51
-5.8669e-51
-3.27025e-51
-1.53855e-51
-6.424e-52
-2.4127e-52
-8.06981e-53
-2.29081e-53
-4.58275e-54
1.63658e-55
8.62395e-55
6.37144e-55
3.51555e-55
1.67861e-55
7.23565e-56
2.84371e-56
1.00738e-56
3.07534e-57
6.91148e-58
1.01963e-59
-1.15603e-58
-9.57111e-59
-5.78487e-59
-2.42808e-59
7.97282e-05
0.000763739
0.00433168
0.0183833
0.0657306
0.169915
0.326957
0.510359
0.685113
0.824089
0.905611
0.914893
0.904783
0.867224
0.794603
0.69761
0.585571
0.468459
0.355784
0.255345
0.172204
0.108305
0.0627965
0.0329077
0.0149657
0.00522435
0.000562281
-0.000680094
-0.000733392
-0.000637464
-0.000464534
-0.000293315
-0.000163091
-8.01973e-05
-3.42768e-05
-1.18139e-05
-1.99363e-06
5.2572e-07
7.40823e-07
6.59249e-07
4.92844e-07
3.34797e-07
2.13517e-07
1.30146e-07
7.65852e-08
4.37757e-08
2.44116e-08
1.32929e-08
7.07097e-09
3.66866e-09
1.84888e-09
8.99567e-10
4.17474e-10
1.80974e-10
6.99232e-11
2.09821e-11
1.51862e-12
-4.78823e-12
-5.70434e-12
-4.77716e-12
-3.48174e-12
-2.34882e-12
-1.50584e-12
-9.29709e-13
-5.56579e-13
-3.24362e-13
-1.8415e-13
-1.0185e-13
-5.47206e-14
-2.84387e-14
-1.41994e-14
-6.72786e-15
-2.96617e-15
-1.16313e-15
-3.57505e-16
-3.53696e-17
6.80167e-17
8.21189e-17
6.64151e-17
4.56578e-17
2.84223e-17
1.6416e-17
8.88565e-18
4.51891e-18
2.15524e-18
9.57181e-19
3.90217e-19
1.42055e-19
4.3183e-20
8.65204e-21
-9.66404e-22
-2.33028e-21
-1.66095e-21
-8.8779e-22
-4.01816e-22
-1.59792e-22
-5.61664e-23
-1.72601e-23
-4.41673e-24
-7.98523e-25
2.6854e-27
9.18236e-26
5.72262e-26
2.57491e-26
9.92491e-27
3.45942e-27
1.1173e-27
3.37271e-28
9.47741e-29
2.42583e-29
5.27583e-30
7.22326e-31
-1.35549e-31
-1.81887e-31
-1.11175e-31
-5.61204e-32
-2.61312e-32
-1.17086e-32
-5.15525e-33
-2.25895e-33
-9.94002e-34
-4.41468e-34
-1.98608e-34
-9.07682e-35
-4.2199e-35
-1.99714e-35
-9.62439e-36
-4.72117e-36
-2.35652e-36
-1.19614e-36
-6.16366e-37
-3.21849e-37
-1.70271e-37
-9.09066e-38
-4.88997e-38
-2.64639e-38
-1.43442e-38
-7.77104e-39
-4.19704e-39
-2.25023e-39
-1.1947e-39
-6.25295e-40
-3.21508e-40
-1.61839e-40
-7.92198e-41
-3.75631e-41
-1.70357e-41
-7.28955e-42
-2.86859e-42
-9.73647e-43
-2.29661e-43
2.2605e-44
8.17129e-44
7.52681e-44
5.37662e-44
3.39267e-44
1.98075e-44
1.0921e-44
5.87622e-45
3.11015e-45
1.71907e-45
1.00107e-45
6.18812e-46
4.00684e-46
2.6798e-46
1.7848e-46
1.14977e-46
6.9179e-47
3.82034e-47
1.93105e-47
8.90149e-48
3.70608e-48
1.36184e-48
4.15947e-49
8.46809e-50
-7.71843e-51
-2.12777e-50
-1.54893e-50
-8.49991e-51
-4.01028e-51
-1.69393e-51
-6.48208e-52
-2.23077e-52
-6.66034e-53
-1.52509e-53
-1.03252e-54
1.64182e-54
1.4205e-54
8.24687e-55
4.03762e-55
1.76592e-55
7.00286e-56
2.49361e-56
7.62085e-57
1.69688e-57
4.8073e-60
-3.03023e-58
-2.47885e-58
-1.49556e-58
-6.22513e-59
7.83954e-05
0.000750059
0.00425339
0.0180504
0.0646188
0.167645
0.323622
0.506527
0.681313
0.821182
0.904665
0.915626
0.906045
0.86958
0.798251
0.702381
0.59114
0.474418
0.361695
0.260803
0.176905
0.11208
0.0656193
0.0348657
0.0162062
0.00595752
0.000954216
-0.000642258
-0.000742606
-0.000643886
-0.000486604
-0.000314314
-0.000179517
-9.1309e-05
-4.09603e-05
-1.55005e-05
-3.9524e-06
2.00782e-07
7.38705e-07
6.59467e-07
5.31986e-07
3.79924e-07
2.5178e-07
1.58228e-07
9.5635e-08
5.59872e-08
3.1912e-08
1.7738e-08
9.62379e-09
5.09272e-09
2.62155e-09
1.30763e-09
6.27241e-10
2.85856e-10
1.20839e-10
4.49058e-11
1.23263e-11
-1.51702e-13
-3.86734e-12
-4.15121e-12
-3.34344e-12
-2.38414e-12
-1.58651e-12
-1.00853e-12
-6.19862e-13
-3.7082e-13
-2.16577e-13
-1.23682e-13
-6.90157e-14
-3.7569e-14
-1.98807e-14
-1.01661e-14
-4.98145e-15
-2.30282e-15
-9.76341e-16
-3.55572e-16
-8.79881e-17
1.20324e-17
3.86396e-17
3.70866e-17
2.75519e-17
1.79667e-17
1.07144e-17
5.93983e-18
3.07915e-18
1.49234e-18
6.72568e-19
2.78506e-19
1.03333e-19
3.24663e-20
7.18243e-21
-1.69811e-22
-1.42585e-21
-1.08925e-21
-6.00261e-22
-2.78021e-22
-1.13025e-22
-4.08644e-23
-1.30322e-23
-3.55255e-24
-7.39683e-25
-5.65903e-26
5.03004e-26
3.89573e-26
1.93123e-26
8.01446e-27
2.99553e-27
1.03932e-27
3.39492e-28
1.04964e-28
3.05865e-29
8.25109e-30
1.95724e-30
3.38622e-31
-1.07858e-32
-5.27324e-32
-3.75916e-32
-2.09034e-32
-1.05699e-32
-5.11634e-33
-2.42865e-33
-1.14476e-33
-5.39935e-34
-2.56112e-34
-1.22525e-34
-5.92233e-35
-2.89511e-35
-1.43182e-35
-7.16507e-36
-3.62734e-36
-1.85597e-36
-9.58663e-37
-4.99981e-37
-2.62543e-37
-1.38683e-37
-7.36128e-38
-3.91347e-38
-2.08008e-38
-1.10307e-38
-5.81409e-39
-3.03917e-39
-1.5685e-39
-7.96578e-40
-3.96338e-40
-1.92395e-40
-9.07593e-41
-4.12215e-41
-1.78153e-41
-7.18496e-42
-2.57959e-42
-7.23374e-43
-5.38907e-44
1.35145e-43
1.50613e-43
1.16807e-43
7.83914e-44
4.84784e-44
2.83611e-44
1.61815e-44
9.07418e-45
5.19888e-45
3.06251e-45
1.86135e-45
1.15214e-45
7.16894e-46
4.36379e-46
2.54627e-46
1.39587e-46
7.11654e-47
3.36375e-47
1.46552e-47
5.80706e-48
2.02913e-48
5.75176e-49
9.06633e-50
-3.32511e-50
-4.38927e-50
-2.951e-50
-1.5888e-50
-7.5024e-51
-3.2067e-51
-1.25314e-51
-4.45744e-52
-1.40876e-52
-3.67542e-53
-5.73742e-54
1.42339e-54
1.98125e-54
1.27806e-54
6.56097e-55
2.94711e-55
1.18751e-55
4.2623e-56
1.29913e-56
2.78983e-57
-1.08037e-58
-6.05203e-58
-4.78289e-58
-2.86703e-58
-1.17172e-58
7.70253e-05
0.000734188
0.00414852
0.0175418
0.0626876
0.162977
0.315665
0.496014
0.670101
0.811294
0.90058
0.916761
0.908395
0.875856
0.808101
0.71485
0.605028
0.488425
0.374665
0.271928
0.185789
0.118701
0.0702315
0.0378602
0.0180117
0.00696871
0.00147673
-0.000541348
-0.000742355
-0.000651683
-0.000514492
-0.000337797
-0.000197395
-0.000103378
-4.83017e-05
-1.95852e-05
-6.13492e-06
-6.06573e-07
6.20741e-07
6.63034e-07
5.58501e-07
4.19793e-07
2.88728e-07
1.86639e-07
1.15287e-07
6.86818e-08
3.96883e-08
2.22926e-08
1.21866e-08
6.48302e-09
3.35039e-09
1.67738e-09
8.0916e-10
3.72739e-10
1.6125e-10
6.32271e-11
2.04536e-11
3.24028e-12
-2.48319e-12
-3.44309e-12
-3.05353e-12
-2.27942e-12
-1.55889e-12
-1.00998e-12
-6.30476e-13
-3.82724e-13
-2.27016e-13
-1.31908e-13
-7.51058e-14
-4.18778e-14
-2.2817e-14
-1.21048e-14
-6.22183e-15
-3.07202e-15
-1.43802e-15
-6.22921e-16
-2.36817e-16
-6.71986e-17
-1.35377e-18
1.82167e-17
1.94509e-17
1.49908e-17
9.95552e-18
6.0007e-18
3.35012e-18
1.74603e-18
8.50459e-19
3.8545e-19
1.60739e-19
6.0314e-20
1.93495e-20
4.52803e-21
9.59338e-23
-7.40943e-22
-6.02723e-22
-3.42461e-22
-1.62731e-22
-6.80198e-23
-2.53905e-23
-8.45313e-24
-2.44829e-24
-5.72749e-25
-7.63734e-26
1.99075e-26
2.25688e-26
1.25941e-26
5.67178e-27
2.27845e-27
8.48918e-28
2.9921e-28
1.00762e-28
3.25639e-29
1.00847e-29
2.96204e-30
8.03135e-31
1.86399e-31
2.6326e-32
-7.09148e-33
-9.5113e-33
-6.45356e-33
-3.68648e-33
-1.95833e-33
-1.00454e-33
-5.06695e-34
-2.53824e-34
-1.27023e-34
-6.3734e-35
-3.2133e-35
-1.63024e-35
-8.32956e-36
-4.28599e-36
-2.21989e-36
-1.15796e-36
-6.06957e-37
-3.19522e-37
-1.68739e-37
-8.91561e-38
-4.70482e-38
-2.47533e-38
-1.29426e-38
-6.71408e-39
-3.44361e-39
-1.74233e-39
-8.6685e-40
-4.22732e-40
-2.0157e-40
-9.34571e-41
-4.18331e-41
-1.79e-41
-7.16269e-42
-2.56939e-42
-7.22445e-43
-5.70563e-44
1.3374e-43
1.51971e-43
1.19854e-43
8.20852e-44
5.19712e-44
3.15866e-44
1.86843e-44
1.10426e-44
6.54685e-45
3.88874e-45
2.28844e-45
1.31941e-45
7.32715e-46
3.87116e-46
1.92952e-46
9.03922e-47
3.97061e-47
1.6244e-47
6.08852e-48
2.01003e-48
5.20734e-49
5.08806e-50
-5.7378e-50
-5.76526e-50
-3.70904e-50
-1.99034e-50
-9.53188e-51
-4.18037e-51
-1.69529e-51
-6.35555e-52
-2.17824e-52
-6.61446e-53
-1.62609e-53
-2.07321e-54
9.24475e-55
9.99464e-55
5.98537e-55
2.89032e-55
1.20733e-55
4.371e-56
1.28889e-56
2.25786e-57
-6.22091e-58
-9.65913e-58
-6.92878e-58
-4.03803e-58
-1.57348e-58
7.56238e-05
0.000716147
0.00401414
0.0168324
0.0598176
0.155511
0.302328
0.477929
0.650565
0.793726
0.890839
0.91752
0.911123
0.885002
0.82285
0.733618
0.625807
0.509127
0.393488
0.287676
0.197997
0.127511
0.0761644
0.0415865
0.020194
0.00815285
0.00205345
-0.000376324
-0.000722672
-0.00066339
-0.000533384
-0.000363536
-0.000218529
-0.00011756
-5.68008e-05
-2.42716e-05
-8.59276e-06
-1.74657e-06
3.81763e-07
6.33786e-07
5.65781e-07
4.49601e-07
3.17816e-07
2.09815e-07
1.31215e-07
7.85198e-08
4.52639e-08
2.52222e-08
1.36076e-08
7.11141e-09
3.59502e-09
1.753e-09
8.19947e-10
3.64016e-10
1.50313e-10
5.50488e-11
1.54284e-11
6.93336e-13
-3.63042e-12
-4.02214e-12
-3.23086e-12
-2.28807e-12
-1.51487e-12
-9.61675e-13
-5.93001e-13
-3.57673e-13
-2.1179e-13
-1.23328e-13
-7.06255e-14
-3.97486e-14
-2.19409e-14
-1.18476e-14
-6.23364e-15
-3.17664e-15
-1.55488e-15
-7.20939e-16
-3.0873e-16
-1.15576e-16
-3.17798e-17
1.88117e-19
9.36966e-18
9.68829e-18
7.35646e-18
4.83603e-18
2.89227e-18
1.60521e-18
8.33308e-19
4.05034e-19
1.83552e-19
7.67572e-20
2.89814e-20
9.40673e-21
2.26189e-21
8.9327e-23
-3.44277e-22
-2.91341e-22
-1.6986e-22
-8.27508e-23
-3.5542e-23
-1.37058e-23
-4.74396e-24
-1.44922e-24
-3.69157e-25
-6.30958e-26
4.85132e-27
1.15135e-26
7.29862e-27
3.55795e-27
1.52907e-27
6.08244e-28
2.29248e-28
8.29765e-29
2.90665e-29
9.88935e-30
3.26864e-30
1.04448e-30
3.17947e-31
8.91832e-32
2.09358e-32
2.4752e-33
-1.45841e-33
-1.64264e-33
-1.13453e-33
-6.7692e-34
-3.78272e-34
-2.04397e-34
-1.08476e-34
-5.70311e-35
-2.98539e-35
-1.56057e-35
-8.15794e-36
-4.26668e-36
-2.23443e-36
-1.17003e-36
-6.12409e-37
-3.2012e-37
-1.66821e-37
-8.65581e-38
-4.46707e-38
-2.28879e-38
-1.16322e-38
-5.85528e-39
-2.91635e-39
-1.43594e-39
-6.97888e-40
-3.34319e-40
-1.57383e-40
-7.25426e-41
-3.25899e-41
-1.41385e-41
-5.83857e-42
-2.22036e-42
-7.19157e-43
-1.41034e-43
5.03441e-44
9.17304e-44
8.20668e-44
6.03948e-44
4.04296e-44
2.56033e-44
1.56906e-44
9.31969e-45
5.36174e-45
2.97085e-45
1.57229e-45
7.89655e-46
3.7455e-46
1.68069e-46
7.16304e-47
2.90741e-47
1.12249e-47
4.0831e-48
1.36045e-48
3.83056e-49
6.45377e-50
-1.99631e-50
-3.02223e-50
-2.21693e-50
-1.30879e-50
-6.8418e-51
-3.27789e-51
-1.46167e-51
-6.10998e-52
-2.39905e-52
-8.82502e-53
-3.01519e-53
-9.38734e-54
-2.55204e-54
-5.38269e-55
-4.37736e-56
3.38957e-56
2.41656e-56
8.9715e-57
1.11135e-57
-1.43487e-57
-1.64675e-57
-1.18638e-57
-7.05417e-58
-3.81122e-58
-1.31636e-58
7.41561e-05
0.0006944
0.00383433
0.01584
0.0557061
0.144524
0.282422
0.450818
0.621032
0.766798
0.872141
0.916885
0.914029
0.893968
0.83915
0.754876
0.649173
0.53188
0.413511
0.303775
0.209919
0.13569
0.0813835
0.0446967
0.0219221
0.00904107
0.00246159
-0.000231001
-0.000687417
-0.00069054
-0.000550476
-0.000377108
-0.000230378
-0.000127341
-6.38268e-05
-2.8684e-05
-1.11037e-05
-3.10218e-06
-1.89234e-08
5.44524e-07
5.43809e-07
4.5067e-07
3.25458e-07
2.15654e-07
1.33678e-07
7.84609e-08
4.39191e-08
2.3558e-08
1.21298e-08
5.99753e-09
2.83865e-09
1.27758e-09
5.39505e-10
2.0692e-10
6.66536e-11
1.26496e-11
-4.94475e-12
-8.47976e-12
-7.38135e-12
-5.40944e-12
-3.59615e-12
-2.27371e-12
-1.3938e-12
-8.37618e-13
-4.96165e-13
-2.90515e-13
-1.68322e-13
-9.65026e-14
-5.46787e-14
-3.05761e-14
-1.68272e-14
-9.09089e-15
-4.80168e-15
-2.46628e-15
-1.22335e-15
-5.79505e-16
-2.57343e-16
-1.03309e-16
-3.41659e-17
-6.01252e-18
3.53368e-18
5.3926e-18
4.58193e-18
3.20385e-18
2.00583e-18
1.1598e-18
6.27633e-19
3.19307e-19
1.52644e-19
6.81958e-20
2.81305e-20
1.04503e-20
3.30304e-21
7.36179e-22
-2.25775e-23
-1.57279e-22
-1.2388e-22
-7.12346e-23
-3.48238e-23
-1.51428e-23
-5.94925e-24
-2.11236e-24
-6.66857e-25
-1.78051e-25
-3.35238e-26
8.6897e-28
5.24591e-27
3.62156e-27
1.87177e-27
8.48344e-28
3.55613e-28
1.41408e-28
5.41137e-29
2.00998e-29
7.28387e-30
2.58092e-30
8.92711e-31
2.99758e-31
9.63858e-32
2.87569e-32
7.32872e-33
1.09931e-33
-3.90672e-34
-5.43682e-34
-4.02891e-34
-2.51729e-34
-1.45616e-34
-8.07695e-35
-4.36804e-35
-2.32372e-35
-1.22199e-35
-6.36987e-36
-3.29715e-36
-1.69561e-36
-8.66366e-37
-4.39907e-37
-2.21817e-37
-1.11038e-37
-5.51568e-38
-2.71841e-38
-1.32867e-38
-6.44456e-39
-3.10138e-39
-1.48285e-39
-7.04652e-40
-3.32905e-40
-1.56314e-40
-7.29087e-41
-3.37089e-41
-1.54e-41
-6.90052e-42
-2.99782e-42
-1.23567e-42
-4.61173e-43
-1.36944e-43
-1.20981e-44
2.75886e-44
3.35068e-44
2.75153e-44
1.94999e-44
1.25102e-44
7.41525e-45
4.10078e-45
2.119e-45
1.01753e-45
4.55634e-46
1.91076e-46
7.63549e-47
2.98586e-47
1.18076e-47
4.87259e-48
2.12364e-48
9.60184e-49
4.33949e-49
1.88082e-49
7.44087e-50
2.50941e-50
5.96388e-51
-1.65141e-52
-1.40179e-51
-1.1767e-51
-7.25764e-52
-3.85447e-52
-1.85701e-52
-8.3132e-53
-3.50368e-53
-1.40144e-53
-5.3505e-54
-1.96009e-54
-6.93818e-55
-2.40058e-55
-8.28006e-56
-2.93272e-56
-1.10299e-56
-4.49304e-57
-1.96476e-57
-8.93864e-58
-4.07568e-58
-1.86928e-58
-4.52315e-59
7.25218e-05
0.000665292
0.00357804
0.0144342
0.0499339
0.128965
0.254327
0.413148
0.580939
0.732173
0.848349
0.911419
0.917547
0.90165
0.853908
0.772188
0.665986
0.545768
0.423287
0.309464
0.212355
0.136028
0.0806931
0.0437351
0.021095
0.0084994
0.00227741
-0.000264801
-0.000787085
-0.000749407
-0.000591734
-0.000390861
-0.000232687
-0.000127103
-6.3951e-05
-2.93004e-05
-1.17903e-05
-3.67692e-06
-2.87451e-07
4.69106e-07
5.00009e-07
4.19496e-07
2.98486e-07
1.90735e-07
1.12031e-07
6.1417e-08
3.16729e-08
1.54445e-08
7.09558e-09
3.04498e-09
1.19955e-09
4.14248e-10
1.07799e-10
-7.95448e-12
-2.50608e-11
-2.09239e-11
-1.69502e-11
-1.19339e-11
-7.73231e-12
-4.73568e-12
-2.80271e-12
-1.62502e-12
-9.30249e-13
-5.28652e-13
-2.99125e-13
-1.68704e-13
-9.47879e-14
-5.29799e-14
-2.93757e-14
-1.61218e-14
-8.72034e-15
-4.63549e-15
-2.4088e-15
-1.21615e-15
-5.91851e-16
-2.73954e-16
-1.17959e-16
-4.50848e-17
-1.33635e-17
-1.04617e-18
2.7284e-18
3.13426e-18
2.47578e-18
1.67486e-18
1.03114e-18
5.92108e-19
3.20761e-19
1.64551e-19
7.99694e-20
3.66623e-20
1.57146e-20
6.18472e-21
2.1549e-21
6.02617e-22
8.27479e-23
-4.90574e-23
-5.74005e-23
-3.83479e-23
-2.08343e-23
-9.94833e-24
-4.29682e-24
-1.69381e-24
-6.07834e-25
-1.95066e-25
-5.31607e-26
-1.02025e-26
3.48317e-28
1.76662e-27
1.25979e-27
6.77212e-28
3.20278e-28
1.40309e-28
5.83618e-29
2.33622e-29
9.07317e-30
3.43494e-30
1.26955e-30
4.57486e-31
1.59876e-31
5.35082e-32
1.66957e-32
4.54042e-33
8.32126e-34
-1.26118e-34
-2.67251e-34
-2.10367e-34
-1.33885e-34
-7.75652e-35
-4.26332e-35
-2.26589e-35
-1.1761e-35
-5.99654e-36
-3.01199e-36
-1.49454e-36
-7.32704e-37
-3.55441e-37
-1.7059e-37
-8.10553e-38
-3.81192e-38
-1.77671e-38
-8.20392e-39
-3.76255e-39
-1.71426e-39
-7.78725e-40
-3.53358e-40
-1.61015e-40
-7.40229e-41
-3.4477e-41
-1.62568e-41
-7.77234e-42
-3.73791e-42
-1.80067e-42
-8.57218e-43
-3.97678e-43
-1.75387e-43
-7.00811e-44
-2.22682e-44
-2.28255e-45
3.99639e-45
4.75246e-45
3.50517e-45
2.11399e-45
1.11098e-45
5.18984e-46
2.15617e-46
8.17883e-47
2.99658e-47
1.20976e-47
6.06965e-48
3.62503e-48
2.26237e-48
1.35999e-48
7.65142e-49
3.98727e-49
1.91211e-49
8.40842e-50
3.35076e-50
1.17566e-50
3.35423e-51
5.46403e-52
-1.77617e-52
-2.45885e-52
-1.67801e-52
-9.19287e-53
-4.4594e-53
-1.98958e-53
-8.32621e-54
-3.31029e-54
-1.26327e-54
-4.67436e-55
-1.69541e-55
-6.09561e-56
-2.19253e-56
-7.91567e-57
-2.84956e-57
-1.0035e-57
-3.3374e-58
-9.76045e-59
-2.18488e-59
9.06117e-60
7.05672e-05
0.000621811
0.00318347
0.0122961
0.0411837
0.107431
0.220431
0.375564
0.550552
0.714732
0.843289
0.913977
0.919853
0.906379
0.857326
0.768031
0.652008
0.523211
0.395542
0.280603
0.185884
0.114251
0.0645029
0.0328443
0.0145096
0.00495509
0.000415735
-0.000865892
-0.00084528
-0.000730204
-0.000531316
-0.000338243
-0.000193828
-0.000102105
-4.96359e-05
-2.1953e-05
-8.41324e-06
-2.26484e-06
1.94377e-07
4.97778e-07
4.27646e-07
3.25297e-07
2.10052e-07
1.20162e-07
6.16841e-08
2.87655e-08
1.22277e-08
4.70305e-09
1.48269e-09
3.14243e-10
4.01643e-11
-1.85362e-11
-2.94155e-11
-2.84013e-11
-2.36021e-11
-1.61194e-11
-9.98172e-12
-5.82331e-12
-3.27928e-12
-1.81737e-12
-9.95954e-13
-5.44182e-13
-2.96847e-13
-1.62098e-13
-8.85914e-14
-4.84266e-14
-2.64116e-14
-1.43377e-14
-7.70079e-15
-4.07484e-15
-2.13185e-15
-1.09723e-15
-5.50244e-16
-2.58377e-16
-1.14771e-16
-4.66101e-17
-1.6008e-17
-3.41675e-18
9.9798e-19
2.00753e-18
1.8006e-18
1.2984e-18
8.36987e-19
5.01316e-19
2.83994e-19
1.53601e-19
7.97435e-20
3.97569e-20
1.90338e-20
8.70773e-21
3.77716e-21
1.52763e-21
5.59227e-22
1.7189e-22
3.34066e-23
-6.84762e-24
-1.30155e-23
-9.88198e-24
-5.87549e-24
-3.04008e-24
-1.42388e-24
-6.11429e-25
-2.41827e-25
-8.75495e-26
-2.84489e-26
-7.85683e-27
-1.51367e-27
7.78358e-29
2.97331e-28
2.16273e-28
1.20131e-28
5.89455e-29
2.68581e-29
1.16249e-29
4.83913e-30
1.95119e-30
7.64732e-31
2.91522e-31
1.07862e-31
3.84857e-32
1.30611e-32
4.0965e-33
1.10233e-33
1.88803e-34
-4.22205e-35
-7.15813e-35
-5.39046e-35
-3.31683e-35
-1.85572e-35
-9.8128e-36
-4.99265e-36
-2.46892e-36
-1.19184e-36
-5.64545e-37
-2.62405e-37
-1.20027e-37
-5.40221e-38
-2.39645e-38
-1.04723e-38
-4.52117e-39
-1.92693e-39
-8.14988e-40
-3.42263e-40
-1.43832e-40
-6.08392e-41
-2.62783e-41
-1.17383e-41
-5.48474e-42
-2.67702e-42
-1.37323e-42
-7.29072e-43
-4.00011e-43
-2.22054e-43
-1.23852e-43
-6.82249e-44
-3.6768e-44
-1.90597e-44
-9.23008e-45
-4.13163e-45
-1.74025e-45
-7.23086e-46
-3.06877e-46
-1.35847e-46
-5.99505e-47
-2.37261e-47
-6.50909e-48
4.9876e-49
2.40438e-48
2.23217e-48
1.52942e-48
8.98992e-49
4.77714e-49
2.34796e-49
1.08895e-49
4.81434e-50
2.01336e-50
7.79589e-51
2.68642e-51
7.52751e-52
1.17481e-52
-4.13945e-53
-5.36227e-53
-3.50786e-53
-1.83699e-53
-8.49378e-54
-3.61863e-54
-1.46133e-54
-5.73665e-55
-2.24188e-55
-8.8791e-56
-3.58006e-56
-1.45147e-56
-5.76507e-57
-2.16387e-57
-7.27825e-58
-1.9521e-58
-2.25685e-59
1.9075e-59
2.05495e-59
1.19193e-59
6.79409e-05
0.000559445
0.0026569
0.00947462
0.0303809
0.0915213
0.216984
0.397717
0.598768
0.772762
0.890528
0.922701
0.912423
0.876366
0.798726
0.677086
0.536894
0.399939
0.278325
0.179617
0.106539
0.0572666
0.0270861
0.0103418
0.00157698
-0.000572149
-0.000827889
-0.000795465
-0.000681656
-0.000487729
-0.000299721
-0.000166971
-8.57687e-05
-4.08841e-05
-1.77659e-05
-6.59078e-06
-1.35943e-06
2.41156e-07
3.97555e-07
3.47773e-07
2.61039e-07
1.56715e-07
7.90811e-08
3.41669e-08
1.18381e-08
3.77764e-09
1.28153e-09
4.41117e-10
1.36662e-10
2.8882e-11
-7.45497e-12
-1.65219e-11
-1.49498e-11
-1.05132e-11
-6.17235e-12
-3.1245e-12
-1.57334e-12
-8.20887e-13
-4.34185e-13
-2.31718e-13
-1.23059e-13
-6.52616e-14
-3.44598e-14
-1.81533e-14
-9.53376e-15
-4.99316e-15
-2.60727e-15
-1.36517e-15
-7.09496e-16
-3.69936e-16
-1.63871e-16
-3.88891e-17
1.44428e-18
9.21236e-18
8.07752e-18
5.56006e-18
3.49084e-18
2.07528e-18
1.18699e-18
6.56348e-19
3.53032e-19
1.85462e-19
9.52179e-20
4.78659e-20
2.35934e-20
1.14173e-20
5.43209e-21
2.53277e-21
1.15443e-21
5.10358e-22
2.15516e-22
8.55665e-23
3.07155e-23
8.94432e-24
1.13082e-24
-1.07919e-24
-1.30186e-24
-9.66711e-25
-5.97075e-25
-3.27172e-25
-1.63956e-25
-7.56764e-26
-3.23396e-26
-1.27349e-26
-4.57e-27
-1.45136e-27
-3.77072e-28
-5.6239e-29
1.70449e-29
2.19467e-29
1.41767e-29
7.46094e-30
3.54108e-30
1.57423e-30
6.68158e-31
2.73497e-31
1.08494e-31
4.17694e-32
1.55953e-32
5.62203e-33
1.93643e-33
6.24918e-34
1.80336e-34
4.04933e-35
2.08552e-36
-5.35279e-36
-4.80626e-36
-3.04807e-36
-1.68331e-36
-8.59529e-37
-4.15801e-37
-1.93155e-37
-8.63796e-38
-3.75366e-38
-1.57698e-38
-6.44086e-39
-2.54921e-39
-9.81214e-40
-3.65535e-40
-1.33447e-40
-4.75859e-41
-1.71876e-41
-6.39223e-42
-2.652e-42
-1.15153e-42
-4.40497e-43
-1.21447e-43
8.55013e-45
4.10623e-44
3.85767e-44
2.50296e-44
1.27517e-44
4.46749e-45
-8.16963e-47
-1.98009e-45
-2.45323e-45
-2.22951e-45
-1.70423e-45
-1.00728e-45
-4.8964e-46
-2.02986e-46
-6.92778e-47
-1.55941e-47
1.73231e-48
4.857e-48
3.64781e-48
1.9676e-48
8.63953e-49
3.26296e-49
1.11377e-49
3.69617e-50
1.35294e-50
6.11806e-51
2.86366e-51
1.17041e-51
3.72488e-52
6.54872e-53
-2.16865e-53
-3.08757e-53
-2.10016e-53
-1.1157e-53
-5.10304e-54
-2.09902e-54
-8.0777e-55
-3.07546e-55
-1.24209e-55
-5.54094e-56
-2.65304e-56
-1.27409e-56
-5.78348e-57
-2.37562e-57
-8.40323e-58
-2.27627e-58
-2.25061e-59
2.62961e-59
2.63609e-59
1.69011e-59
9.045e-60
4.41453e-60
1.43966e-60
6.49841e-05
0.000554618
0.00296006
0.0115212
0.0444126
0.152052
0.355892
0.575044
0.760222
0.888039
0.887969
0.850739
0.776778
0.658281
0.508106
0.360441
0.234349
0.13859
0.0709758
0.0260956
0.00917206
0.00338637
0.00102832
5.81317e-06
-0.000389861
-0.000473845
-0.000407723
-0.000269944
-0.000138239
-6.68854e-05
-3.52834e-05
-1.90044e-05
-9.9109e-06
-4.86717e-06
-2.13926e-06
-7.72187e-07
-1.85765e-07
7.30315e-08
1.19731e-07
8.70477e-08
4.27183e-08
1.86854e-08
7.95829e-09
3.31592e-09
1.34498e-09
5.15087e-10
1.7605e-10
4.98477e-11
1.07104e-11
9.92956e-14
-1.84228e-12
-1.49508e-12
-8.72027e-13
-4.92072e-13
-2.65475e-13
-1.41504e-13
-7.39262e-14
-3.77803e-14
-1.89419e-14
-9.34437e-15
-4.55358e-15
-2.19731e-15
-1.04711e-15
-4.8909e-16
-2.21021e-16
-8.76168e-17
-1.56361e-17
3.40573e-17
4.23e-17
3.94143e-17
3.00643e-17
1.79942e-17
9.56891e-18
4.72318e-18
2.19443e-18
9.57845e-19
3.96105e-19
1.56753e-19
6.01511e-20
2.22244e-20
7.79638e-21
2.50342e-21
6.65461e-22
8.56383e-23
-6.32138e-23
-7.83782e-23
-6.09339e-23
-4.15487e-23
-2.68341e-23
-1.6754e-23
-1.0147e-23
-5.85554e-24
-3.25603e-24
-1.60725e-24
-7.06069e-25
-2.69246e-25
-8.67262e-26
-2.17543e-26
-2.39443e-27
1.14609e-27
1.0599e-27
4.61123e-28
1.43395e-28
2.12872e-29
-5.76906e-30
-6.2248e-30
-2.48412e-30
-3.29574e-31
3.73666e-31
4.29964e-31
2.97572e-31
1.68067e-31
8.10672e-32
3.44526e-32
1.29311e-32
4.32591e-33
1.29073e-33
3.2356e-34
5.28207e-35
-7.63623e-36
-1.36129e-35
-9.0817e-36
-4.8409e-36
-2.3118e-36
-1.02588e-36
-4.28313e-37
-1.68178e-37
-6.12759e-38
-1.99719e-38
-5.28024e-39
-6.5814e-40
4.34526e-40
5.07157e-40
3.37806e-40
1.91366e-40
9.63833e-41
4.51377e-41
1.97179e-41
8.1767e-42
3.17952e-42
1.17156e-42
3.95338e-43
1.19662e-43
6.24757e-44
5.43301e-44
6.56933e-44
6.0224e-44
5.059e-44
3.70175e-44
2.64617e-44
1.7514e-44
1.14312e-44
7.05091e-45
4.25507e-45
2.45189e-45
1.36618e-45
7.1918e-46
3.43816e-46
1.56311e-46
7.33852e-47
3.48759e-47
1.55174e-47
6.00543e-48
1.81347e-48
2.8118e-49
-1.01376e-49
-1.08187e-49
-5.2774e-50
-1.79854e-50
-4.51676e-51
-6.64179e-52
-3.8885e-52
-1.0549e-51
-9.50645e-52
-5.8148e-52
-2.89595e-52
-1.25209e-52
-4.78444e-53
-1.59975e-53
-4.48516e-54
-9.15266e-55
-3.42422e-56
8.98929e-56
6.12591e-56
2.83467e-56
1.10834e-56
4.02568e-57
1.47791e-57
5.89229e-58
2.59491e-58
1.21105e-58
5.68735e-59
2.60322e-59
1.14548e-59
4.81636e-60
1.92074e-60
7.12815e-61
2.33132e-61
5.71196e-62
-1.19548e-62
6.89702e-05
0.000895912
0.0080981
0.0542672
0.206229
0.444093
0.685669
0.787096
0.75768
0.684774
0.5452
0.378385
0.215236
0.0855905
0.0341052
0.0150242
0.00655194
0.00262963
0.000869944
0.000149363
-8.95805e-05
-0.000128299
-0.000103566
-6.78066e-05
-3.9864e-05
-2.47423e-05
-1.35114e-05
-6.14503e-06
-2.58011e-06
-1.10813e-06
-4.65205e-07
-1.85385e-07
-6.56364e-08
-1.59579e-08
3.22592e-09
1.03058e-08
1.13473e-08
7.56883e-09
4.23458e-09
2.25414e-09
1.12227e-09
5.21212e-10
2.23808e-10
8.97908e-11
3.396e-11
1.21673e-11
4.16325e-12
1.37253e-12
4.15662e-13
4.48229e-14
-2.36416e-14
-9.34805e-15
-3.6518e-15
-1.48555e-15
-6.05529e-16
-2.4134e-16
-9.23237e-17
-3.08162e-17
-9.01464e-18
-2.13061e-19
1.41571e-18
7.46798e-18
1.31733e-17
1.78069e-17
2.1827e-17
2.32364e-17
1.96204e-17
1.14263e-17
5.92339e-18
2.88968e-18
1.20957e-18
4.64274e-19
1.61328e-19
5.08976e-20
1.42424e-20
2.88567e-21
-4.93095e-23
-5.18615e-22
-4.025e-22
-2.41518e-22
-1.3015e-22
-6.74335e-23
-3.47536e-23
-1.81125e-23
-9.65375e-24
-5.279e-24
-2.99047e-24
-1.72666e-24
-1.01962e-24
-5.95979e-25
-3.49549e-25
-1.93285e-25
-1.04362e-25
-5.08879e-26
-2.19019e-26
-6.7109e-27
1.55706e-29
1.87961e-27
1.8946e-27
1.2552e-27
7.22432e-28
3.51431e-28
1.58089e-28
6.27655e-29
2.28991e-29
7.26481e-30
1.99174e-30
3.90675e-31
9.41341e-33
-4.05894e-32
-2.77374e-32
-1.21062e-32
-4.60851e-33
-1.50643e-33
-4.86716e-34
-1.49404e-34
-4.64633e-35
-1.29856e-35
-3.40653e-36
-8.52102e-37
-1.40493e-37
-2.87885e-38
-7.97805e-39
-1.29616e-39
4.7322e-40
6.50747e-40
4.49846e-40
2.51169e-40
1.23819e-40
5.48432e-41
2.21114e-41
7.97515e-42
2.42206e-42
6.23115e-43
4.52427e-44
-4.03373e-44
-4.08315e-44
-1.75946e-44
-7.43877e-45
-1.26007e-45
3.74483e-47
3.11113e-45
2.06156e-45
2.45011e-45
1.71344e-45
1.7883e-45
1.51709e-45
1.34502e-45
1.00818e-45
8.09323e-46
5.85771e-46
4.52587e-46
3.2379e-46
2.40673e-46
1.69715e-46
1.22566e-46
8.7162e-47
5.57264e-47
2.08694e-47
5.49699e-48
5.24091e-49
-4.51993e-49
-3.3344e-49
-1.25958e-49
-2.77113e-50
-1.38676e-51
1.43039e-51
6.19586e-52
1.40739e-52
1.74283e-53
-2.03444e-53
-6.02988e-53
-5.77674e-53
-4.2388e-53
-2.45784e-53
-1.15921e-53
-4.55188e-54
-1.47997e-54
-3.76898e-55
-5.7162e-56
9.10991e-57
1.25128e-56
6.98523e-57
3.1503e-57
1.3208e-57
5.45774e-58
2.25439e-58
9.21246e-59
3.65875e-59
1.39065e-59
4.99253e-60
1.66048e-60
4.87307e-61
1.05379e-61
-3.6272e-63
-2.57765e-62
-2.38673e-62
-1.73872e-62
-1.18761e-62
-5.86899e-63
9.46607e-05
0.00228563
0.0328565
0.257245
0.715032
0.817612
0.611601
0.192692
0.0290455
0.00961086
0.00290676
0.000776027
0.000178924
3.03268e-05
2.90245e-07
-3.75018e-06
-3.27475e-06
-2.4126e-06
-1.81087e-06
-1.39764e-06
-1.00372e-06
-6.74723e-07
-3.7933e-07
-7.13978e-08
-4.89771e-09
-1.98614e-09
1.88666e-10
1.1703e-09
1.21894e-09
9.39386e-10
7.13467e-10
5.5212e-10
4.46521e-10
4.20803e-10
4.18772e-10
3.11967e-10
1.23508e-10
7.91212e-12
1.40643e-12
4.03546e-13
1.63679e-13
7.54565e-14
3.36047e-14
1.38519e-14
5.31043e-15
1.92111e-15
6.53369e-16
2.00886e-16
9.74444e-17
1.00112e-15
1.12887e-16
-8.15017e-19
-7.66489e-19
-2.27959e-19
7.7536e-20
1.48441e-19
3.6548e-19
1.62413e-18
2.4502e-18
3.46753e-18
4.26396e-18
3.16345e-18
1.39846e-18
7.39046e-19
3.09923e-19
1.22732e-19
1.38354e-20
-1.54477e-20
-1.33605e-20
-8.40049e-21
-3.23333e-21
-1.38557e-21
-4.833e-22
-1.72887e-22
-6.39886e-23
-2.20235e-23
-7.31462e-24
-1.96675e-24
-3.41348e-25
1.00732e-25
1.44704e-25
1.11254e-25
7.18622e-26
4.15685e-26
2.31895e-26
1.27126e-26
6.55983e-27
3.59904e-27
1.65667e-27
8.71263e-28
3.31996e-28
1.51219e-28
4.95214e-29
2.78991e-29
2.85506e-29
2.69761e-29
3.01625e-29
2.38233e-29
1.86414e-29
1.05939e-29
5.98077e-30
2.92009e-30
1.4489e-30
6.10201e-31
2.46823e-31
8.16893e-32
2.35883e-32
3.95482e-33
-6.40471e-34
-1.08023e-33
-7.13959e-34
-3.40318e-34
-1.47563e-34
-5.44888e-35
-1.9059e-35
-5.92634e-36
-1.71187e-36
-4.16198e-37
-7.64217e-38
-1.99249e-39
7.92538e-39
5.60823e-39
2.75963e-39
1.22301e-39
4.93566e-40
1.84538e-40
6.68048e-41
2.26006e-41
6.99145e-42
1.9055e-42
3.08114e-43
-5.97362e-44
-1.05888e-43
-8.8709e-44
-4.63159e-44
-2.8728e-44
-1.266e-44
-7.15713e-45
-2.7863e-45
-1.47125e-45
-5.08111e-46
-2.45269e-46
-7.09656e-47
-3.1137e-47
-1.4486e-47
-2.71105e-47
-2.98443e-47
-3.50902e-47
-2.64823e-47
-2.44301e-47
-1.53087e-47
-1.20052e-47
-6.83851e-48
-4.58916e-48
-2.41716e-48
-1.34807e-48
-5.53979e-49
-6.33092e-50
-3.47456e-50
-3.80251e-50
-1.25455e-50
1.66137e-51
2.76422e-51
1.11495e-51
2.45268e-52
1.84881e-53
-3.59294e-54
-1.27958e-54
-1.79991e-55
-1.86894e-56
8.43037e-56
2.21985e-55
9.56698e-55
1.0906e-54
7.43562e-55
3.82068e-55
1.62713e-55
5.95971e-56
1.89684e-56
5.21834e-57
1.21189e-57
2.2485e-58
2.9125e-59
1.50519e-60
-1.5412e-61
6.3079e-62
3.63418e-62
-2.54791e-62
-3.83169e-62
-2.80841e-62
-1.61909e-62
-8.45627e-63
-4.30971e-63
-2.23614e-63
-1.2095e-63
-6.91047e-64
-3.82053e-64
-2.17263e-64
-1.25859e-64
-2.9159e-65
)
;

boundaryField
{
    inlet
    {
        type            uniformFixedValue;
        uniformValue    table;
        uniformValueCoeffs
        {
            values          
4
(
(0 1)
(0.15 1)
(0.151 0)
(1 0)
)
;
        }
        value           uniform 0;
    }
    outlet
    {
        type            inletOutlet;
        inletValue      uniform 0;
        value           nonuniform List<scalar> 
20
(
0
-1.63234e-70
-3.54328e-67
-3.09948e-65
2.4405e-63
-4.87171e-62
-1.02855e-60
-6.57513e-60
-2.42808e-59
-6.22513e-59
-1.17172e-58
-1.57348e-58
-1.31636e-58
-4.52315e-59
9.06117e-60
1.19193e-59
1.43966e-60
-1.19548e-62
-5.86899e-63
0
)
;
    }
    walls
    {
        type            zeroGradient;
    }
    frontAndBack
    {
        type            empty;
    }
}


// ************************************************************************* //
