/*--------------------------------*- C++ -*----------------------------------*\
| =========                 |                                                 |
| \\      /  F ield         | OpenFOAM: The Open Source CFD Toolbox           |
|  \\    /   O peration     | Version:  2506                                  |
|   \\  /    A nd           | Website:  www.openfoam.com                      |
|    \\/     M anipulation  |                                                 |
\*---------------------------------------------------------------------------*/
FoamFile
{
    version     2.0;
    format      ascii;
    arch        "LSB;label=32;scalar=64";
    class       volScalarField;
    location    "2.2";
    object      s;
}
// * * * * * * * * * * * * * * * * * * * * * * * * * * * * * * * * * * * * * //

dimensions      [0 0 0 0 0 0 0];

internalField   nonuniform List<scalar> 
4000
(
-1.51818e-18
1.04188e-17
-5.01729e-17
1.712e-16
-2.14855e-16
-6.35692e-14
-1.96207e-12
3.09148e-11
1.59393e-09
4.12682e-08
6.34565e-07
6.95316e-06
8.47169e-05
0.000681898
0.00412648
0.0219185
0.0759398
0.164048
0.230309
0.236845
0.226533
0.197461
0.133556
0.0592911
0.0115434
0.00176854
0.0016347
0.00144557
0.00119367
0.000974316
0.000875714
0.000988742
0.00141083
0.00214905
0.00280192
0.00340789
0.00690685
0.00750774
0.00746414
0.00850787
0.0127918
0.0185043
0.0255826
0.0320995
0.0367141
0.0397361
0.0419036
0.0428523
0.0433906
0.0433038
0.0424149
0.041161
0.0385701
0.0356418
0.0321306
0.028006
0.0234607
0.0188021
0.0144042
0.0104904
0.0072491
0.00473305
0.00290581
0.00167386
0.000904255
0.000460688
0.000224424
0.000105813
4.89e-05
2.27166e-05
1.10569e-05
5.63036e-06
2.91402e-06
1.49461e-06
7.47269e-07
3.59057e-07
1.65094e-07
7.28129e-08
3.08886e-08
1.26134e-08
4.91723e-09
1.83906e-09
6.63507e-10
2.29157e-10
7.17212e-11
2.03806e-11
4.28548e-12
-2.69057e-12
-2.48179e-12
-1.51484e-12
-1.22268e-12
-5.86375e-13
-2.66366e-13
-1.52001e-13
-5.51934e-14
-3.25474e-14
-1.36298e-14
-1.11235e-14
-1.49807e-14
-2.10513e-15
-5.98124e-16
-1.18553e-15
2.01759e-15
1.32122e-14
7.08028e-14
2.3913e-13
7.34445e-13
1.22913e-12
1.63243e-12
1.90267e-12
-5.53017e-13
-5.42302e-12
-5.01667e-12
6.72405e-12
2.65071e-12
-1.01288e-10
-2.05218e-10
-2.82713e-10
-6.87802e-10
-1.33053e-09
-2.68461e-09
-4.37749e-09
-6.46396e-09
-1.02e-08
-1.27356e-08
-1.37993e-08
-1.38222e-08
-1.27027e-08
-1.13632e-08
-1.05337e-08
-9.23448e-09
-8.28983e-09
-8.10384e-09
-7.22144e-09
-6.70011e-09
-6.93398e-09
-5.89599e-09
-5.562e-09
-4.74957e-09
-3.89177e-09
-2.83762e-09
-1.70536e-09
-8.3554e-10
-3.40906e-10
-1.14974e-10
-3.09513e-11
-6.0957e-12
-1.20986e-12
-1.10551e-12
-1.34615e-12
-1.20954e-12
-8.43436e-13
-4.92663e-13
-2.50372e-13
-1.13437e-13
-4.7431e-14
-1.86013e-14
-6.82216e-15
-1.85826e-15
1.33917e-14
1.86512e-13
4.36027e-13
5.9311e-13
6.65078e-13
-9.13283e-14
-3.59026e-13
-8.33156e-13
1.16348e-12
1.25978e-12
6.63985e-13
2.76536e-13
1.26008e-13
8.93282e-14
8.16144e-14
7.79239e-14
7.43868e-14
7.03288e-14
6.32901e-14
5.32744e-14
4.21668e-14
3.11246e-14
2.14724e-14
1.36667e-14
7.89641e-15
4.06455e-15
1.81374e-15
6.56122e-16
1.72956e-16
2.97312e-17
6.08664e-18
9.59191e-19
-7.42675e-19
-9.37192e-19
-3.27594e-19
2.00458e-19
3.81275e-19
4.17903e-19
4.5017e-19
4.27514e-19
1.93286e-19
-1.00944e-18
4.18041e-18
-9.19063e-18
1.28219e-18
3.6405e-16
-3.28676e-15
-3.70056e-13
3.67549e-13
4.10193e-11
9.84689e-10
1.57677e-08
1.37279e-07
1.63725e-06
1.39365e-05
8.42074e-05
0.0003749
0.0011899
0.00282539
0.00548373
0.00862918
0.0120103
0.0152628
0.0179517
0.0200685
0.0221429
0.0233959
0.0249783
0.0270326
0.0300248
0.0348079
0.0432533
0.058096
0.0835849
0.120572
0.160932
0.1798
0.175221
0.161953
0.140202
0.117114
0.102928
0.0971013
0.0974808
0.100429
0.104188
0.108146
0.111338
0.114013
0.116234
0.118202
0.120268
0.122308
0.124801
0.128051
0.130933
0.133532
0.135482
0.136438
0.136991
0.136032
0.134662
0.132204
0.128597
0.123444
0.114649
0.101285
0.0836923
0.0649398
0.044192
0.0250189
0.0143227
0.0087914
0.00545645
0.0032851
0.00188983
0.0010307
0.000528215
0.000255236
0.000117791
5.21973e-05
2.22189e-05
9.08427e-06
3.56877e-06
1.34896e-06
4.9142e-07
1.73148e-07
5.91388e-08
1.95125e-08
6.25736e-09
1.94642e-09
5.50745e-10
1.34656e-10
2.07752e-11
-1.07656e-11
-8.65051e-12
-7.38546e-12
-3.60776e-12
-2.33921e-12
-2.10637e-12
-4.90285e-12
-1.6631e-12
-2.71431e-12
-2.65399e-12
-2.54556e-12
-9.5266e-12
-1.77389e-11
-4.85813e-11
-8.66481e-11
-1.6375e-10
-3.19926e-10
-6.94307e-10
-1.34659e-09
-2.38812e-09
-4.64657e-09
-1.14405e-08
-2.90535e-08
-6.04202e-08
-1.31134e-07
-4.83573e-07
-1.00057e-06
-1.66876e-06
-2.39702e-06
-3.18169e-06
-4.20303e-06
-4.96271e-06
-5.45437e-06
-5.7276e-06
-5.8118e-06
-5.7669e-06
-5.66142e-06
-5.3889e-06
-5.08849e-06
-4.86082e-06
-4.5094e-06
-4.21193e-06
-4.03752e-06
-3.66866e-06
-3.42324e-06
-3.07709e-06
-2.70527e-06
-2.26689e-06
-1.73061e-06
-1.19813e-06
-7.91337e-07
-4.99899e-07
-3.05922e-07
-1.78986e-07
-1.01329e-07
-5.53423e-08
-2.91432e-08
-1.492e-08
-7.36361e-09
-3.53518e-09
-1.62852e-09
-7.20552e-10
-3.01492e-10
-1.19064e-10
-4.40063e-11
-1.52949e-11
-5.02491e-12
1.52559e-13
1.59963e-11
1.88543e-11
-3.89106e-12
-1.47023e-10
-2.2515e-10
-3.2179e-10
-1.89012e-10
-6.23907e-11
-1.12458e-11
1.75487e-12
3.08404e-12
2.41123e-12
1.8429e-12
1.5935e-12
1.55814e-12
1.63075e-12
1.68901e-12
1.68406e-12
1.60207e-12
1.45199e-12
1.2431e-12
9.90576e-13
7.27077e-13
4.88166e-13
2.99249e-13
1.6838e-13
8.8248e-14
4.41015e-14
2.15256e-14
1.02966e-14
4.8191e-15
2.20448e-15
9.84794e-16
4.29584e-16
1.83104e-16
7.65011e-17
3.16381e-17
1.33084e-17
6.22264e-18
9.63098e-20
-1.13551e-18
6.12133e-18
-3.29714e-17
2.01803e-16
-1.39071e-15
6.82243e-15
-1.72306e-14
7.70791e-14
3.69567e-12
4.90065e-11
4.52744e-10
3.28116e-09
1.70884e-08
6.29752e-08
1.74884e-07
4.02408e-07
7.64043e-07
1.30988e-06
2.20762e-06
3.98983e-06
9.8056e-06
3.49325e-05
0.000238378
0.000785106
0.00148729
0.00237185
0.0035105
0.00502195
0.00713351
0.0102558
0.015482
0.0245377
0.0428831
0.0686564
0.0906221
0.107976
0.121729
0.1285
0.126125
0.119191
0.110599
0.101983
0.0936735
0.0871436
0.0811009
0.0747288
0.0692267
0.0643471
0.0602162
0.0570271
0.0545691
0.0533577
0.0529301
0.05428
0.0571809
0.0618017
0.0685156
0.0764942
0.0864512
0.0971039
0.109639
0.121322
0.129678
0.137862
0.145437
0.153433
0.15501
0.152623
0.146253
0.137257
0.125363
0.108317
0.0865768
0.0625364
0.038479
0.019757
0.0110031
0.00661505
0.00398712
0.00232889
0.00129269
0.000681859
0.000347786
0.000172893
8.34215e-05
3.88189e-05
1.73716e-05
7.45391e-06
3.06074e-06
1.20136e-06
4.50589e-07
1.61391e-07
5.50609e-08
1.79007e-08
5.38434e-09
1.49323e-09
2.87874e-10
-1.10715e-11
-1.53821e-10
-3.85396e-10
-1.39784e-09
-1.0749e-09
-9.30066e-10
-2.2799e-09
-3.82979e-09
-9.91914e-09
-2.44571e-08
-5.34477e-08
-1.06836e-07
-2.29836e-07
-6.36754e-07
-1.83077e-06
-4.1216e-06
-7.46025e-06
-1.16455e-05
-1.7691e-05
-2.42955e-05
-3.18409e-05
-3.90963e-05
-4.56524e-05
-5.10397e-05
-5.51283e-05
-5.78802e-05
-5.88064e-05
-5.926e-05
-5.94173e-05
-5.87809e-05
-5.7619e-05
-5.60614e-05
-5.39679e-05
-5.1641e-05
-4.92893e-05
-4.65906e-05
-4.40628e-05
-4.16998e-05
-3.89026e-05
-3.64272e-05
-3.37114e-05
-3.10014e-05
-2.82816e-05
-2.57916e-05
-2.33564e-05
-2.04042e-05
-1.7914e-05
-1.5631e-05
-1.24344e-05
-9.29108e-06
-6.27312e-06
-3.87123e-06
-2.40806e-06
-1.48135e-06
-9.00705e-07
-5.2991e-07
-3.03499e-07
-1.66557e-07
-8.76447e-08
-4.34584e-08
-2.02716e-08
-8.82219e-09
-3.91303e-09
-1.4455e-09
-1.82958e-09
-4.69e-09
-1.13589e-08
-1.40545e-08
-1.66839e-08
-1.32047e-08
-8.11406e-09
-4.38526e-09
-2.15992e-09
-9.92453e-10
-4.28675e-10
-1.76914e-10
-7.19811e-11
-2.78103e-11
-8.42478e-12
1.76995e-13
2.79833e-12
-6.99205e-13
-7.72586e-12
-1.48199e-11
-1.98816e-11
-2.20398e-11
-2.13323e-11
-1.84938e-11
-1.462e-11
-1.07252e-11
-7.42824e-12
-4.91758e-12
-3.12741e-12
-1.91976e-12
-1.14121e-12
-6.58794e-13
-3.70136e-13
-2.02768e-13
-1.08466e-13
-5.67059e-14
-2.89843e-14
-1.4244e-14
3.77558e-19
-1.59524e-18
4.13494e-18
-1.06886e-17
3.73613e-17
-2.55296e-16
1.13375e-15
-3.22261e-15
-1.18072e-14
2.33876e-13
2.94127e-12
1.94324e-11
1.98092e-10
7.68129e-10
4.75056e-10
-1.24891e-09
-8.40935e-10
9.8608e-09
3.38445e-08
7.93729e-08
1.60389e-07
2.71735e-07
3.81302e-07
2.97511e-07
2.6392e-07
2.95978e-07
4.85616e-07
9.35481e-07
1.90747e-06
3.50219e-06
8.89557e-06
0.000129972
0.000640342
0.00259601
0.0068324
0.0114238
0.0154048
0.0185545
0.0203181
0.0203904
0.0182607
0.0153758
0.0127294
0.0105026
0.0087413
0.00734823
0.00622925
0.00538036
0.00469401
0.00416009
0.00376171
0.00346569
0.00329421
0.00320441
0.00334266
0.00379197
0.00475
0.00657327
0.00929335
0.0138887
0.0200672
0.0292303
0.0428121
0.0578998
0.0737915
0.0901074
0.106997
0.121851
0.13557
0.14498
0.150442
0.15554
0.157745
0.155779
0.15026
0.141302
0.128471
0.108744
0.083898
0.0584444
0.0349539
0.0183873
0.0105942
0.0064647
0.00392663
0.00228858
0.00126305
0.000671076
0.0003466
0.000173749
8.41554e-05
3.91096e-05
1.73787e-05
7.38292e-06
2.99538e-06
1.16218e-06
4.31479e-07
1.50458e-07
4.76887e-08
7.87986e-09
-6.85807e-09
-1.69365e-08
-4.68586e-08
-1.40589e-07
-3.28758e-07
-6.83256e-07
-1.53805e-06
-3.16661e-06
-5.78368e-06
-9.43428e-06
-1.43197e-05
-1.86337e-05
-2.73045e-05
-3.95437e-05
-5.29981e-05
-6.55812e-05
-7.91548e-05
-8.98089e-05
-9.61001e-05
-0.000101592
-0.000105483
-0.00010669
-0.000104751
-9.95405e-05
-9.15446e-05
-8.11332e-05
-6.91601e-05
-5.67026e-05
-4.43991e-05
-3.24578e-05
-2.22271e-05
-1.33769e-05
-4.85772e-06
1.48886e-06
7.17001e-06
1.30812e-05
1.5867e-05
1.79454e-05
1.76467e-05
1.49581e-05
9.86055e-06
2.4296e-06
-6.14406e-06
-1.3806e-05
-1.98929e-05
-2.41935e-05
-2.65487e-05
-2.71957e-05
-2.63879e-05
-2.4418e-05
-2.18058e-05
-1.88332e-05
-1.58585e-05
-1.29922e-05
-1.03807e-05
-8.02138e-06
-5.6862e-06
-2.996e-06
-1.21195e-06
-3.20868e-07
-3.39203e-08
-6.94019e-08
-1.70206e-07
-2.71828e-07
-3.57705e-07
-3.74495e-07
-3.77664e-07
-3.15278e-07
-2.30081e-07
-1.51673e-07
-9.04616e-08
-5.00177e-08
-2.65332e-08
-1.41655e-08
-8.34108e-09
-5.7329e-09
-4.83841e-09
-4.98738e-09
-5.96376e-09
-7.46107e-09
-8.6294e-09
-9.08648e-09
-8.81715e-09
-7.92377e-09
-6.59013e-09
-5.06307e-09
-3.59468e-09
-2.36973e-09
-1.46523e-09
-8.63684e-10
-4.91776e-10
-2.65481e-10
-1.3394e-10
-6.4202e-11
-3.01037e-11
-1.40936e-11
-6.64823e-12
-3.16979e-12
-1.52985e-12
-7.11688e-13
1.5963e-19
-5.07163e-19
9.14628e-19
-1.02277e-18
-2.54249e-18
8.25106e-18
-8.32335e-17
3.76147e-16
-5.93263e-16
2.395e-14
2.32437e-13
1.40132e-12
1.33373e-11
4.01723e-11
8.26519e-11
1.82332e-10
4.21082e-10
9.85629e-10
2.44692e-09
5.27949e-09
8.7495e-09
1.21844e-08
1.25459e-08
1.26602e-09
-3.23064e-08
-6.40263e-08
-9.41387e-08
-1.01547e-07
-1.25773e-07
2.02131e-08
2.41944e-07
3.21595e-06
1.0021e-05
2.15887e-05
2.66493e-05
2.87101e-05
3.33338e-05
4.32867e-05
5.58623e-05
6.50203e-05
6.59813e-05
6.3304e-05
5.98641e-05
5.62863e-05
5.32165e-05
5.04977e-05
4.80004e-05
4.62594e-05
4.47588e-05
4.38316e-05
4.3628e-05
4.40958e-05
4.58712e-05
4.8787e-05
5.39891e-05
6.13057e-05
7.21257e-05
8.8352e-05
0.000111278
0.000144228
0.000181711
0.000468571
0.0022027
0.00577635
0.0116407
0.01977
0.030952
0.0442174
0.0600667
0.0775275
0.0940791
0.109898
0.123941
0.136911
0.146303
0.15105
0.154431
0.154473
0.151111
0.144206
0.133386
0.114634
0.0902394
0.0650916
0.0415882
0.0233595
0.0138217
0.00870579
0.00552013
0.00341075
0.00201272
0.00113144
0.000610509
0.000318428
0.000160202
7.80362e-05
3.66552e-05
1.66253e-05
7.2704e-06
2.94638e-06
9.99003e-07
4.44483e-08
-4.68715e-07
-9.35029e-07
-1.66022e-06
-3.1344e-06
-6.04812e-06
-1.09401e-05
-1.84345e-05
-2.80342e-05
-4.14443e-05
-5.07279e-05
-6.32454e-05
-6.92678e-05
-7.65195e-05
-8.54109e-05
-9.1811e-05
-8.92366e-05
0.000506477
0.00215025
0.00469354
0.00785283
0.0113519
0.01496
0.0183899
0.021457
0.0240226
0.0259891
0.0273682
0.028239
0.0285097
0.028333
0.0279509
0.0271544
0.0262318
0.0252921
0.0239376
0.0225773
0.020976
0.0191539
0.0171056
0.0147477
0.0121582
0.00954343
0.00717964
0.00522341
0.00362067
0.0024172
0.00154932
0.000950433
0.000561571
0.000315205
0.000169818
8.61762e-05
4.10642e-05
1.76781e-05
6.6174e-06
1.87335e-06
1.24297e-07
-5.42994e-07
-8.77109e-07
-1.05704e-06
-1.18615e-06
-1.25611e-06
-1.3562e-06
-1.52025e-06
-1.87215e-06
-1.93676e-06
-1.7625e-06
-1.46504e-06
-1.12584e-06
-8.11266e-07
-5.49954e-07
-3.6208e-07
-2.38809e-07
-1.63642e-07
-1.19031e-07
-9.44744e-08
-8.2327e-08
-7.59983e-08
-6.96832e-08
-6.26972e-08
-5.56638e-08
-4.79432e-08
-3.93315e-08
-3.04072e-08
-2.20672e-08
-1.50287e-08
-9.61788e-09
-5.77016e-09
-3.11473e-09
-1.55936e-09
-8.06531e-10
-4.31986e-10
-2.36143e-10
-1.30891e-10
-7.34499e-11
-4.17495e-11
-2.41147e-11
-1.38282e-11
4.9071e-20
-1.37718e-19
2.29328e-19
-2.21488e-20
-1.79449e-18
6.76764e-18
-1.89486e-17
1.46351e-17
3.04301e-16
3.74303e-15
2.751e-14
4.51515e-13
2.24279e-13
6.6758e-13
5.42626e-12
1.51307e-11
3.82309e-11
1.25534e-10
1.87243e-10
2.6035e-10
3.51146e-10
4.54365e-10
1.50381e-10
-2.89918e-10
-1.37279e-09
-1.12851e-09
9.07236e-10
5.40416e-09
1.56177e-08
3.46707e-08
8.1727e-08
3.12424e-07
1.26523e-06
2.81555e-06
4.41044e-06
3.94452e-06
1.1973e-06
-1.30364e-06
-2.76597e-06
-3.30988e-06
-3.26537e-06
-2.97755e-06
-2.58505e-06
-2.16484e-06
-1.75954e-06
-1.38537e-06
-1.05104e-06
-7.62369e-07
-5.17693e-07
-3.14839e-07
-1.49006e-07
-1.51043e-08
9.45463e-08
1.85904e-07
2.74063e-07
3.71028e-07
5.2029e-07
9.11001e-07
1.9272e-06
4.81116e-06
1.14946e-05
2.26232e-05
3.42074e-05
4.54423e-05
5.1122e-05
5.1076e-05
0.000786261
0.00303121
0.00728104
0.0139721
0.0230153
0.0351663
0.0489121
0.0646802
0.0822177
0.0991356
0.11486
0.129462
0.142084
0.149164
0.156147
0.159558
0.157794
0.152533
0.142973
0.125137
0.10256
0.0796244
0.0572687
0.0366098
0.0227454
0.0147981
0.00977333
0.00640313
0.00408564
0.00251968
0.00148789
0.000849526
0.000474558
0.00026344
0.000146252
8.03614e-05
4.20294e-05
1.96233e-05
7.4706e-06
3.74739e-06
7.40761e-06
1.47059e-05
2.25504e-05
2.77711e-05
2.71944e-05
1.50166e-05
0.00106877
0.00466965
0.0112761
0.0208981
0.0334527
0.0487081
0.0662245
0.0850107
0.103877
0.121741
0.137948
0.152197
0.164123
0.173639
0.180756
0.185537
0.188205
0.189106
0.188222
0.185846
0.18263
0.178208
0.173112
0.167726
0.161302
0.154588
0.147194
0.13906
0.130175
0.120195
0.109131
0.0969637
0.083508
0.0698032
0.0556339
0.0422689
0.0301567
0.019766
0.0124281
0.00753078
0.00447473
0.00258128
0.00145984
0.000792897
0.000413578
0.000206607
0.000101335
4.88573e-05
2.59937e-05
1.47076e-05
7.48401e-06
2.50913e-06
-1.1306e-06
-3.43822e-06
-4.76775e-06
-4.99275e-06
-4.49079e-06
-3.7718e-06
-3.09299e-06
-2.47588e-06
-1.90499e-06
-1.41512e-06
-1.0383e-06
-7.56781e-07
-5.54566e-07
-4.10372e-07
-3.00159e-07
-2.09318e-07
-1.48512e-07
-1.26959e-07
-1.13292e-07
-9.88197e-08
-8.20048e-08
-6.46288e-08
-4.87346e-08
-3.55544e-08
-2.53863e-08
-1.78871e-08
-1.24454e-08
-8.54832e-09
-5.8072e-09
-3.91058e-09
-2.61544e-09
-1.74032e-09
-1.15378e-09
-7.62985e-10
-5.03785e-10
-3.30063e-10
3.22958e-20
-1.24545e-19
2.81138e-19
-3.46086e-19
-4.51806e-19
3.38355e-18
-9.30625e-18
2.01231e-17
6.4124e-17
2.08633e-16
4.54717e-15
5.45114e-14
3.86379e-14
-1.38743e-15
6.3789e-13
1.77429e-12
3.60348e-12
7.06004e-12
1.05708e-11
1.52992e-11
2.22575e-11
7.58461e-12
-5.62425e-11
1.1944e-12
1.14649e-10
2.93274e-10
4.43575e-10
9.7137e-10
2.15335e-09
6.80207e-09
1.81637e-08
4.55701e-08
1.27776e-07
3.07568e-07
7.10737e-07
8.66354e-07
8.66647e-07
7.50381e-07
6.10618e-07
4.80964e-07
3.73207e-07
2.87589e-07
2.20917e-07
1.70043e-07
1.31822e-07
1.03536e-07
8.27732e-08
6.75795e-08
5.61789e-08
4.75992e-08
4.13941e-08
3.69258e-08
3.12272e-08
2.9471e-08
3.12145e-08
3.54815e-08
4.51852e-08
7.89874e-08
1.81315e-07
5.27566e-07
1.3781e-06
3.39027e-06
7.15114e-06
1.11741e-05
1.38865e-05
1.88283e-05
2.8939e-05
4.62212e-05
5.49323e-05
6.46359e-05
0.000244974
0.00181195
0.00508059
0.0104416
0.0183036
0.0292909
0.0431525
0.0594256
0.0780256
0.0965479
0.114891
0.133048
0.148691
0.157634
0.168378
0.179261
0.181435
0.179431
0.173885
0.162946
0.146483
0.127844
0.107723
0.0858211
0.0612065
0.0388589
0.025288
0.0176979
0.0132029
0.0103315
0.00771402
0.00551458
0.00397544
0.00322397
0.00319807
0.00365603
0.00481044
0.00710322
0.0113243
0.018302
0.0287718
0.0432821
0.062626
0.0867636
0.114703
0.144744
0.175627
0.206571
0.236658
0.26484
0.290297
0.312409
0.331068
0.34648
0.358745
0.368094
0.374745
0.3789
0.380842
0.380881
0.379054
0.375544
0.370782
0.364383
0.356783
0.348314
0.338524
0.327969
0.316321
0.303446
0.28932
0.273543
0.256089
0.23695
0.215597
0.192929
0.168289
0.143
0.117747
0.0927419
0.0698737
0.0497037
0.0335227
0.0210957
0.0121662
0.00668933
0.00364893
0.0019727
0.00107733
0.000579837
0.000338454
0.000210899
0.000133736
8.24087e-05
4.80521e-05
2.62576e-05
1.45115e-05
8.94944e-06
5.60774e-06
3.18834e-06
1.38156e-06
1.37393e-07
-5.90437e-07
-9.17145e-07
-9.85079e-07
-9.12378e-07
-7.64337e-07
-5.62477e-07
-2.99363e-07
4.7729e-08
5.02919e-07
1.07371e-06
1.75592e-06
2.51256e-06
3.14357e-06
3.47047e-06
3.45276e-06
3.14398e-06
2.64749e-06
2.07848e-06
1.53642e-06
1.07859e-06
7.23778e-07
4.67037e-07
2.91218e-07
1.75981e-07
1.03106e-07
5.83681e-08
3.21736e-08
1.25125e-08
1.45552e-20
-5.9315e-20
1.07684e-19
1.37406e-20
-9.76201e-19
4.0387e-18
-9.10272e-18
6.47517e-18
8.44815e-17
-4.15629e-16
1.66364e-15
1.46155e-16
2.66403e-16
-9.95647e-16
7.04779e-15
3.28006e-14
7.61223e-14
1.73344e-13
3.20404e-13
5.36682e-13
2.28265e-13
-1.51547e-12
-1.85946e-12
1.80762e-12
1.53283e-11
4.97673e-11
1.20144e-10
2.45317e-10
3.64014e-10
8.60181e-10
2.07128e-09
4.73427e-09
1.23496e-08
3.38968e-08
8.98096e-08
1.57246e-07
2.2458e-07
2.63429e-07
2.67019e-07
2.45711e-07
2.08044e-07
1.657e-07
1.26007e-07
9.27939e-08
6.70689e-08
4.76713e-08
3.31054e-08
2.24172e-08
1.43047e-08
9.1305e-09
6.52587e-09
5.17132e-09
4.42988e-09
4.07978e-09
4.0438e-09
4.28917e-09
4.90889e-09
7.15837e-09
1.58063e-08
5.49725e-08
1.68325e-07
4.58485e-07
1.13834e-06
2.38477e-06
4.12947e-06
7.16424e-06
1.1089e-05
1.50767e-05
1.80933e-05
2.73336e-05
4.66277e-05
6.51215e-05
7.97716e-05
0.000143081
0.000456777
0.00183798
0.00500865
0.0104083
0.0186232
0.0307501
0.0463856
0.0651794
0.0864383
0.107629
0.129319
0.151742
0.170935
0.182607
0.194815
0.206687
0.219333
0.225782
0.227261
0.226005
0.221678
0.214864
0.204854
0.189433
0.166968
0.141909
0.117523
0.0996781
0.0905232
0.0888428
0.0920276
0.0970519
0.103787
0.113074
0.126309
0.144269
0.166579
0.192399
0.220654
0.249819
0.279074
0.307362
0.334
0.358699
0.38066
0.39906
0.414084
0.426458
0.436791
0.44558
0.453114
0.459621
0.4652
0.469883
0.473617
0.476333
0.477938
0.478317
0.47739
0.474832
0.470798
0.465236
0.457771
0.448705
0.438013
0.425532
0.411213
0.394808
0.376309
0.355716
0.332668
0.307696
0.280267
0.251133
0.220794
0.189428
0.158466
0.128034
0.100037
0.0749025
0.053352
0.0356879
0.0224198
0.0131463
0.00721295
0.00391981
0.00240409
0.00162744
0.00118094
0.000882808
0.000690706
0.000577124
0.000533188
0.000494434
0.00042985
0.000348863
0.000266225
0.000193191
0.000135239
9.29524e-05
6.43068e-05
4.64221e-05
3.649e-05
3.21207e-05
3.13761e-05
3.27049e-05
3.48514e-05
3.68015e-05
3.77081e-05
3.68123e-05
3.39597e-05
2.9732e-05
2.48236e-05
1.98433e-05
1.52328e-05
1.12559e-05
8.02489e-06
5.52719e-06
3.67794e-06
2.36414e-06
1.46694e-06
8.77211e-07
5.03916e-07
2.76114e-07
1.4513e-07
4.86803e-08
6.23219e-22
-5.41001e-21
1.60662e-20
-1.9877e-20
-6.74761e-20
5.35773e-19
-1.85788e-18
3.64109e-18
3.22221e-18
-3.12396e-17
1.19048e-16
1.41277e-17
-3.67403e-16
-4.89116e-16
-3.22454e-16
5.0513e-16
2.64989e-15
6.4985e-15
1.18389e-14
1.28063e-14
-1.34669e-14
-3.9781e-14
2.89645e-13
5.7711e-13
5.04729e-13
8.92065e-13
3.16521e-12
7.29426e-12
1.44362e-11
4.33214e-11
1.36841e-10
4.06235e-10
1.27013e-09
4.18757e-09
1.19085e-08
2.3704e-08
3.91195e-08
5.24155e-08
5.75657e-08
5.29271e-08
4.08423e-08
2.81563e-08
1.83876e-08
1.19084e-08
7.97639e-09
5.59533e-09
4.13438e-09
3.28138e-09
2.78739e-09
2.5008e-09
2.3183e-09
2.18901e-09
2.05324e-09
1.9849e-09
1.96786e-09
2.00067e-09
2.08124e-09
2.26727e-09
2.96975e-09
6.7349e-09
2.13419e-08
6.53614e-08
1.69826e-07
3.82224e-07
8.181e-07
1.71801e-06
3.38197e-06
5.51981e-06
8.31796e-06
1.35501e-05
1.96088e-05
2.58028e-05
3.46904e-05
5.596e-05
9.90729e-05
0.000129519
0.000184721
0.000385598
0.00106905
0.00311863
0.0072208
0.0139459
0.0244803
0.039502
0.0578025
0.0793463
0.103156
0.126308
0.148623
0.169896
0.190166
0.208665
0.22094
0.229814
0.237887
0.244704
0.252748
0.263007
0.273412
0.276613
0.276334
0.274338
0.270676
0.266179
0.262326
0.260485
0.26187
0.266686
0.275105
0.28673
0.300553
0.315588
0.331186
0.346796
0.361953
0.376816
0.390755
0.403147
0.413951
0.423587
0.432482
0.440286
0.447505
0.454234
0.460771
0.467207
0.473697
0.480413
0.487263
0.493274
0.498357
0.502056
0.503793
0.504409
0.504061
0.502412
0.499142
0.493854
0.486082
0.476222
0.464763
0.451453
0.435906
0.416863
0.395388
0.372038
0.346817
0.320047
0.291969
0.262544
0.232503
0.201632
0.171123
0.141167
0.113049
0.0871151
0.0644228
0.0455202
0.0310826
0.0203988
0.0139337
0.00997013
0.00753613
0.00604793
0.0052244
0.00471701
0.00437802
0.00396113
0.0034158
0.00282076
0.00224884
0.00174595
0.00133254
0.00101015
0.00076889
0.000593655
0.000468565
0.000379379
0.000314438
0.000264927
0.000224714
0.000189984
0.000158788
0.000130466
0.00010504
8.274e-05
6.37296e-05
4.79992e-05
3.5358e-05
2.5479e-05
1.79587e-05
1.23695e-05
8.31451e-06
5.44792e-06
3.47452e-06
2.15259e-06
1.29188e-06
7.46774e-07
4.20654e-07
1.62751e-07
-3.08177e-22
1.11001e-21
-1.12365e-21
-5.03003e-21
3.05911e-20
-7.89411e-20
8.0209e-20
2.21038e-19
-1.21694e-18
4.27923e-18
-5.52812e-18
-6.4451e-18
-1.52047e-17
-1.84413e-17
-6.89142e-18
1.70536e-17
9.02876e-17
2.7637e-16
4.75647e-16
3.23231e-16
4.47245e-16
8.40454e-15
2.05119e-14
1.96052e-14
2.05629e-14
4.552e-14
1.67352e-13
4.38333e-13
1.00152e-12
3.40172e-12
1.20287e-11
4.08134e-11
1.47835e-10
5.69233e-10
1.50229e-09
2.45629e-09
3.27015e-09
3.77229e-09
3.74733e-09
3.29364e-09
2.61382e-09
1.9719e-09
1.58393e-09
1.50648e-09
1.64855e-09
1.76222e-09
1.99215e-09
2.16943e-09
2.33873e-09
2.54263e-09
2.83799e-09
4.31909e-09
6.86722e-09
1.02304e-08
1.35782e-08
1.6005e-08
1.67017e-08
1.63354e-08
1.52705e-08
1.38678e-08
1.38096e-08
1.87495e-08
3.30139e-08
6.84961e-08
1.51567e-07
3.07965e-07
6.25206e-07
1.24039e-06
2.36235e-06
4.50134e-06
7.47618e-06
1.15605e-05
1.78408e-05
2.70046e-05
3.86828e-05
5.34863e-05
7.50961e-05
0.000119546
0.000162062
0.000191143
0.000302773
0.000715634
0.0020335
0.00511956
0.0104304
0.0185477
0.0307449
0.0464216
0.0642067
0.082931
0.101702
0.1203
0.137313
0.151327
0.162658
0.171051
0.177907
0.183502
0.189046
0.194962
0.203324
0.214274
0.226541
0.237133
0.24588
0.254301
0.262757
0.271857
0.281282
0.290603
0.299797
0.308724
0.316979
0.324562
0.331079
0.336735
0.341633
0.346625
0.351894
0.357765
0.364428
0.372262
0.381437
0.39195
0.403893
0.416915
0.430679
0.444765
0.458653
0.471798
0.483608
0.493564
0.501536
0.507232
0.509216
0.508939
0.507023
0.503092
0.495592
0.485064
0.471726
0.455809
0.437653
0.417776
0.396701
0.374809
0.352502
0.329889
0.307019
0.283832
0.260231
0.236005
0.211244
0.1858
0.160235
0.134736
0.110121
0.0870634
0.0674027
0.0508469
0.0390456
0.0305882
0.0245533
0.0202269
0.0171926
0.0148427
0.012913
0.0110645
0.00924398
0.00754754
0.00604715
0.00477534
0.00373379
0.00290386
0.00225594
0.00175676
0.00137431
0.00108053
0.000852513
0.000672823
0.000529032
0.000412739
0.000318419
0.000242332
0.000181685
0.000134126
9.75092e-05
6.98435e-05
4.93159e-05
3.43296e-05
2.35365e-05
1.58716e-05
1.05111e-05
6.82405e-06
4.33301e-06
2.68265e-06
1.61305e-06
9.35403e-07
5.28514e-07
2.03823e-07
-1.91126e-23
6.36205e-23
-4.23996e-23
-2.23647e-22
1.02564e-21
-1.70173e-21
-8.69027e-22
1.44225e-20
-3.73249e-20
7.60374e-20
6.60561e-21
-3.39842e-19
4.66508e-19
3.18133e-18
7.78374e-18
1.16678e-17
7.3436e-18
6.1066e-18
9.25271e-18
4.11686e-18
1.03133e-16
3.07241e-16
2.5889e-16
3.22342e-16
5.02559e-16
1.8174e-15
7.96038e-15
2.48621e-14
6.93107e-14
2.67516e-13
1.07873e-12
4.30099e-12
1.7923e-11
7.481e-11
2.03998e-10
3.47139e-10
4.61096e-10
5.18578e-10
5.0109e-10
4.24339e-10
3.69753e-10
5.60759e-10
1.2858e-09
2.34727e-09
3.98658e-09
5.96479e-09
1.10734e-08
2.0641e-08
3.55401e-08
5.50914e-08
7.706e-08
1.01109e-07
1.24495e-07
1.47896e-07
1.6736e-07
1.78913e-07
1.81722e-07
1.75867e-07
1.63801e-07
1.45402e-07
1.24113e-07
1.0192e-07
8.28551e-08
6.88101e-08
7.05903e-08
9.43106e-08
1.45271e-07
2.35266e-07
4.41443e-07
8.94045e-07
1.67601e-06
2.97413e-06
5.38896e-06
8.88399e-06
1.3288e-05
1.97841e-05
2.91828e-05
3.9957e-05
5.22125e-05
6.68934e-05
9.49819e-05
0.000131919
0.000139941
0.000132168
0.000186286
0.00053965
0.00184244
0.00455163
0.00883637
0.014639
0.0216946
0.0296165
0.0381139
0.0456749
0.0518606
0.0558746
0.0581368
0.0584041
0.0578328
0.0568222
0.0566153
0.0575807
0.0604198
0.0652496
0.0719029
0.0805016
0.0903816
0.101216
0.112699
0.124392
0.1361
0.147488
0.158394
0.168883
0.178792
0.188787
0.199524
0.211241
0.224149
0.238671
0.255122
0.273677
0.294203
0.316676
0.33912
0.362715
0.385916
0.408197
0.428975
0.447638
0.463617
0.476397
0.485472
0.490706
0.491943
0.489317
0.483319
0.473889
0.461059
0.445232
0.426768
0.406547
0.385132
0.363348
0.34185
0.320935
0.301187
0.282631
0.265159
0.248845
0.233185
0.217292
0.202145
0.186412
0.169812
0.152273
0.133921
0.114941
0.0967483
0.0797018
0.0656494
0.0542092
0.0450449
0.0376597
0.0317262
0.0267337
0.0224406
0.0186112
0.0152095
0.0122698
0.00979209
0.00774577
0.00608363
0.00475127
0.00369394
0.00286063
0.00220636
0.00169323
0.00129074
0.000975163
0.000728487
0.000537001
0.000390005
0.000278831
0.000196216
0.000135971
9.28584e-05
6.25597e-05
4.16147e-05
2.7332e-05
1.77156e-05
1.13198e-05
7.11754e-06
4.39034e-06
2.64464e-06
1.54561e-06
8.68061e-07
4.61081e-07
2.28827e-07
6.02637e-08
-2.40004e-22
4.55763e-22
-1.08289e-21
3.63321e-21
-1.12684e-20
2.06861e-20
1.52146e-20
-1.65964e-19
4.32079e-19
5.43792e-20
-7.33444e-19
4.14325e-18
-5.09079e-18
-4.54013e-17
-8.55312e-17
-1.02346e-16
-1.06784e-16
-8.90825e-17
-4.56483e-17
2.62617e-17
1.1614e-16
1.52486e-16
1.74484e-16
1.87968e-16
1.95414e-16
2.39291e-16
4.94335e-16
1.36232e-15
4.2612e-15
2.00565e-14
9.53606e-14
4.54492e-13
2.15394e-12
9.53199e-12
2.59224e-11
4.36468e-11
5.75686e-11
6.44882e-11
6.65231e-11
9.15835e-11
3.3868e-10
1.83196e-09
8.9125e-09
1.95809e-08
4.02478e-08
7.03384e-08
1.1122e-07
1.59062e-07
2.09531e-07
2.63628e-07
3.13311e-07
3.54402e-07
3.8789e-07
4.1149e-07
4.15151e-07
4.09686e-07
4.01772e-07
3.89167e-07
3.65359e-07
3.33618e-07
2.96442e-07
2.56086e-07
2.168e-07
1.80773e-07
1.48763e-07
1.26886e-07
1.19325e-07
1.31566e-07
1.65275e-07
2.36268e-07
3.65886e-07
5.80673e-07
1.01531e-06
1.74665e-06
2.83365e-06
4.66655e-06
7.53318e-06
1.08542e-05
1.53632e-05
2.17341e-05
2.93169e-05
3.56055e-05
3.56023e-05
3.41266e-05
4.03005e-05
4.94668e-05
4.94261e-05
4.42046e-05
3.54663e-05
3.11015e-05
4.22823e-05
0.000116208
0.000451395
0.000928655
0.00144123
0.00184887
0.00218007
0.00245671
0.0029043
0.00358536
0.00458759
0.00595205
0.0077712
0.0101175
0.0130552
0.0166744
0.0210043
0.0260906
0.0319172
0.0384642
0.0458466
0.0541591
0.0635243
0.074208
0.0870048
0.10182
0.117637
0.134159
0.154795
0.179224
0.206375
0.235475
0.26554
0.29553
0.324631
0.352269
0.377558
0.399281
0.417847
0.432591
0.442735
0.448173
0.448807
0.445018
0.436894
0.424874
0.40949
0.391279
0.370812
0.348986
0.326234
0.303573
0.28134
0.260275
0.240786
0.223025
0.207422
0.193893
0.18214
0.172401
0.163784
0.156668
0.149857
0.143509
0.13677
0.129598
0.120955
0.111431
0.100275
0.0883505
0.0765143
0.0654474
0.0554913
0.0466315
0.0387918
0.0319079
0.0259245
0.0208405
0.0166213
0.0131765
0.0103919
0.00815472
0.00636473
0.00493698
0.00380148
0.00290139
0.00219103
0.00163375
0.00120019
0.000866777
0.000614281
0.000426623
0.000290115
0.000193097
0.000125765
8.01409e-05
5.0009e-05
3.05801e-05
1.83092e-05
1.07222e-05
6.13313e-06
3.40983e-06
1.8245e-06
9.34167e-07
4.80383e-07
2.40172e-07
1.10671e-07
4.18044e-08
6.81249e-09
-1.11731e-08
7.33146e-22
-2.06866e-21
-1.73819e-21
1.63477e-20
-3.28483e-20
-7.63853e-20
7.48015e-19
-2.28537e-18
3.48343e-18
9.01307e-18
-2.88095e-17
3.0865e-17
1.17386e-16
-1.64236e-16
-9.65855e-16
-1.89531e-15
-2.23962e-15
-1.67604e-15
-4.37469e-16
1.02556e-15
3.91383e-15
6.76899e-15
9.05746e-15
1.10379e-14
1.2724e-14
1.40964e-14
1.51142e-14
1.57454e-14
1.60217e-14
1.70136e-14
2.36462e-14
6.4275e-14
2.38569e-13
1.13747e-12
3.17404e-12
5.26198e-12
6.72106e-12
5.75319e-12
4.71786e-12
-1.03379e-10
7.73488e-10
9.01553e-09
4.66628e-08
9.95962e-08
1.76581e-07
2.54184e-07
3.27939e-07
3.91676e-07
4.386e-07
4.92412e-07
5.40715e-07
5.62652e-07
5.65416e-07
5.09127e-07
4.18329e-07
3.20811e-07
2.53189e-07
2.07746e-07
1.61148e-07
1.15861e-07
7.06978e-08
3.00773e-08
-4.43935e-09
-3.08756e-08
-4.83355e-08
-5.60377e-08
-5.25167e-08
-4.28353e-08
-2.84231e-08
-8.14753e-09
2.69627e-08
8.54026e-08
1.71805e-07
3.01545e-07
4.99321e-07
7.78451e-07
1.19291e-06
1.85637e-06
2.98972e-06
4.78056e-06
6.8765e-06
8.94017e-06
1.09889e-05
1.33281e-05
1.4966e-05
1.3648e-05
1.02328e-05
5.97284e-06
3.48525e-06
3.2798e-06
4.48504e-06
1.04067e-05
3.61083e-05
6.51038e-05
0.000103246
0.000156658
0.000234055
0.000346407
0.000511997
0.000754898
0.00111122
0.00162592
0.00235719
0.00337607
0.00476071
0.00660094
0.00898347
0.0119913
0.0157476
0.0204584
0.0264963
0.0341483
0.0435923
0.0551789
0.0703765
0.0899172
0.113928
0.141776
0.172341
0.204447
0.236911
0.268793
0.299363
0.326673
0.349091
0.36858
0.386308
0.397989
0.399973
0.398716
0.392867
0.382729
0.368597
0.351521
0.331811
0.310305
0.287622
0.264376
0.241008
0.218332
0.196518
0.176351
0.157826
0.141393
0.127044
0.114796
0.104757
0.096773
0.090442
0.0859881
0.0826178
0.0807821
0.0795832
0.0792988
0.079199
0.0793491
0.0792319
0.0782348
0.0748161
0.0698601
0.0628927
0.0550376
0.0469963
0.039228
0.0319038
0.0253964
0.0198292
0.0153335
0.0118298
0.00912663
0.00703997
0.0054209
0.00415654
0.00316404
0.00238324
0.0017703
0.00129194
0.000922202
0.000641869
0.000434667
0.000285925
0.00018244
0.000112736
6.73016e-05
3.83828e-05
2.04458e-05
1.06279e-05
5.6387e-06
3.01964e-06
1.60945e-06
8.34338e-07
4.06953e-07
1.76818e-07
5.96074e-08
4.51107e-09
-1.8437e-08
-2.60198e-08
-2.68263e-08
-2.46675e-08
-1.9044e-08
6.78771e-21
-1.10479e-20
3.28606e-21
2.55035e-20
6.1724e-22
-4.3735e-19
2.06993e-18
-3.6273e-18
7.73742e-18
3.37794e-17
-1.72028e-17
1.98353e-16
2.25657e-15
3.78914e-15
1.70599e-15
-7.28292e-15
-2.71593e-14
-5.89805e-14
-7.29979e-14
-2.84027e-14
3.9762e-14
1.32271e-13
2.43412e-13
3.63316e-13
4.79464e-13
5.78637e-13
6.50743e-13
6.92362e-13
7.06676e-13
6.99973e-13
6.77757e-13
6.47352e-13
6.31166e-13
6.9694e-13
7.54042e-13
1.71337e-12
1.51085e-12
-1.32224e-12
1.29921e-10
7.15865e-10
6.52091e-09
5.28422e-08
1.14264e-07
2.64748e-07
4.11213e-07
4.86697e-07
5.18087e-07
4.91125e-07
4.35482e-07
2.17935e-07
-5.77873e-07
-1.68567e-06
-2.95436e-06
-4.6213e-06
-6.44993e-06
-8.27279e-06
-9.92007e-06
-1.11274e-05
-1.18096e-05
-1.17641e-05
-1.11289e-05
-9.99681e-06
-8.57976e-06
-7.11542e-06
-5.86544e-06
-4.91259e-06
-3.90481e-06
-2.99796e-06
-2.44612e-06
-1.98719e-06
-1.5732e-06
-1.18446e-06
-8.00294e-07
-4.12793e-07
-4.18766e-09
4.39024e-07
9.19108e-07
1.478e-06
2.16542e-06
3.0508e-06
4.17759e-06
5.52346e-06
7.12346e-06
9.00889e-06
1.10497e-05
1.30462e-05
1.48917e-05
1.7035e-05
2.00628e-05
2.46533e-05
3.14836e-05
4.17084e-05
5.99993e-05
9.02298e-05
0.0001352
0.000204203
0.000308587
0.000466732
0.000699226
0.00103523
0.00150906
0.00216962
0.00307746
0.00430426
0.00592235
0.0080259
0.0107351
0.0142913
0.0196542
0.0278544
0.0394548
0.054606
0.0732186
0.0953274
0.122664
0.153908
0.186925
0.218574
0.24933
0.277182
0.300384
0.319805
0.33791
0.354134
0.358911
0.357364
0.351352
0.339215
0.322091
0.301955
0.279861
0.256804
0.233138
0.209922
0.187179
0.165447
0.144769
0.125491
0.107774
0.0920344
0.0781088
0.0662386
0.0561204
0.0477809
0.0409365
0.0354912
0.0313137
0.0282778
0.0261279
0.0249792
0.0243891
0.0246234
0.0252741
0.0266241
0.0283455
0.03063
0.0332556
0.0360067
0.0369186
0.036611
0.0340553
0.0301169
0.0254864
0.0207269
0.0160921
0.0120692
0.00881051
0.0063824
0.00464898
0.00341522
0.00252625
0.00187381
0.00138587
0.00101562
0.000732858
0.000517817
0.000354339
0.00023073
0.000146081
9.10098e-05
5.60161e-05
3.40486e-05
2.04099e-05
1.20481e-05
6.9911e-06
3.94561e-06
2.13045e-06
1.09684e-06
5.35708e-07
2.44391e-07
9.96178e-08
3.09335e-08
4.15947e-10
-1.19902e-08
-1.60817e-08
-1.60761e-08
-1.42442e-08
-1.1218e-08
-8.19801e-09
-4.67319e-09
1.29546e-20
7.42999e-21
-9.45225e-20
4.09956e-19
-1.10021e-18
1.90241e-18
-3.82115e-19
-1.34029e-18
4.86473e-17
7.27302e-17
8.42821e-16
5.22032e-15
3.00618e-14
7.24726e-14
1.08145e-13
1.91175e-13
1.79598e-13
2.72477e-14
-3.63463e-13
-1.34297e-12
-2.39124e-12
-2.67112e-12
-2.64316e-12
-2.41342e-12
-2.08836e-12
-1.75886e-12
-1.48716e-12
-1.29972e-12
-1.19676e-12
-1.172e-12
-1.22879e-12
-1.3836e-12
-1.65288e-12
-2.00582e-12
-2.6275e-12
-2.9809e-12
-1.62833e-10
9.02782e-10
-1.28882e-09
-2.48266e-08
-6.0392e-08
-1.47058e-07
2.59602e-08
-1.79209e-06
-3.10971e-06
-4.2388e-06
-5.1832e-06
-6.54728e-06
-8.0961e-06
-9.68436e-06
-1.02656e-05
-1.00047e-05
-1.05415e-05
-1.22064e-05
-1.47623e-05
-1.7689e-05
-2.04171e-05
-2.24386e-05
-2.33642e-05
-2.30102e-05
-2.14233e-05
-1.87035e-05
-1.50284e-05
-1.06277e-05
-5.7639e-06
-7.47235e-07
4.15467e-06
8.80235e-06
1.33118e-05
1.77593e-05
2.23183e-05
2.69534e-05
3.1843e-05
3.698e-05
4.23968e-05
4.82088e-05
5.43881e-05
6.10504e-05
6.82128e-05
7.60792e-05
8.4699e-05
9.43466e-05
0.000105288
0.000117846
0.000132568
0.000150238
0.000171973
0.000199561
0.000234585
0.000280723
0.000342152
0.000426351
0.000541481
0.000704615
0.000931904
0.00125619
0.00170825
0.00234521
0.00320906
0.00438205
0.00593549
0.00805138
0.0113088
0.0163183
0.0234017
0.0328931
0.044998
0.0599308
0.078728
0.102536
0.130857
0.160308
0.18945
0.217479
0.24311
0.267356
0.286425
0.297474
0.311361
0.321983
0.32185
0.317463
0.308871
0.293521
0.271049
0.245734
0.219288
0.192776
0.167325
0.143716
0.122286
0.103241
0.0863009
0.0716564
0.0588805
0.047881
0.038399
0.0307396
0.0246945
0.0199786
0.0162269
0.0132929
0.0109542
0.00912844
0.00769121
0.00653859
0.00558795
0.00480297
0.00414975
0.00363613
0.00323621
0.00300286
0.00291762
0.00307706
0.00347851
0.0042558
0.00544333
0.00711607
0.00826982
0.00909643
0.00881819
0.00771029
0.00621607
0.00465959
0.00324007
0.00216669
0.00142934
0.000960511
0.000665308
0.000472695
0.000341694
0.000249175
0.000181868
0.000131951
9.46305e-05
6.67981e-05
4.63035e-05
3.14125e-05
2.07382e-05
1.32708e-05
8.22344e-06
4.94065e-06
2.88458e-06
1.64078e-06
9.11082e-07
4.94143e-07
2.6056e-07
1.31594e-07
6.21548e-08
2.64292e-08
9.08512e-09
1.28199e-09
-1.90392e-09
-3.17787e-09
-3.29385e-09
-2.64524e-09
-1.89354e-09
-1.27098e-09
-8.18262e-10
-4.80085e-10
1.80691e-20
5.3239e-20
-3.03444e-19
1.18194e-18
-4.0168e-18
1.18395e-17
-2.83969e-17
8.9265e-17
1.2552e-16
1.46581e-15
1.11423e-14
7.63002e-14
4.13337e-13
1.36834e-12
3.8505e-12
1.51899e-11
2.3659e-11
2.65208e-11
1.74551e-11
-5.37591e-12
-4.27754e-11
-9.1609e-11
-1.82214e-10
-4.43755e-10
-8.82109e-10
-1.43501e-09
-2.05831e-09
-2.69039e-09
-3.23614e-09
-3.56969e-09
-3.64084e-09
-3.44982e-09
-3.13411e-09
-2.56502e-09
-2.17301e-09
-1.93274e-09
-1.89139e-09
1.15669e-08
-1.49316e-07
-9.65822e-07
-2.54577e-06
-6.43103e-06
-9.64778e-06
-1.21851e-05
-8.80403e-06
-7.38941e-06
-7.77181e-06
-9.56762e-06
-1.29515e-05
-1.33724e-05
6.52254e-06
0.000108127
0.000441745
0.00107345
0.00199395
0.00312381
0.00434131
0.00554771
0.00667363
0.00753006
0.00810045
0.00829325
0.00816666
0.0077619
0.00718731
0.00652615
0.00586486
0.00524712
0.00471367
0.00426349
0.0039108
0.00363362
0.00343395
0.003296
0.00320898
0.00316869
0.00316325
0.00319044
0.00324209
0.00331982
0.00341811
0.00353962
0.00368629
0.00386151
0.00407328
0.00433099
0.00464473
0.00504363
0.00554057
0.00618315
0.00700291
0.00807766
0.00945061
0.0112645
0.0135837
0.0166414
0.0205003
0.0257826
0.0328729
0.0425804
0.0544706
0.0692435
0.0876765
0.109474
0.132864
0.157747
0.182756
0.207117
0.230412
0.254351
0.27554
0.287424
0.297199
0.304615
0.306539
0.303612
0.296342
0.285258
0.270473
0.246916
0.215863
0.183779
0.153007
0.124869
0.100022
0.0786292
0.0605404
0.0459584
0.035489
0.0279153
0.0222218
0.0178293
0.0143339
0.011568
0.0093198
0.00751309
0.00604251
0.004851
0.00387785
0.00310005
0.00247207
0.00197912
0.0015867
0.00128257
0.00104414
0.000854111
0.000700722
0.000576799
0.000474539
0.0003903
0.000318526
0.000257074
0.000202843
0.000154617
0.000111744
7.52089e-05
4.85547e-05
3.83314e-05
2.91373e-05
2.05644e-05
1.13331e-05
-4.25087e-06
-1.49335e-05
-2.06729e-05
-2.24652e-05
-2.15666e-05
-1.96885e-05
-1.73941e-05
-1.49424e-05
-1.25296e-05
-1.02836e-05
-8.27805e-06
-6.54519e-06
-5.08517e-06
-3.88694e-06
-2.92621e-06
-2.17112e-06
-1.58846e-06
-1.14637e-06
-8.16198e-07
-5.73269e-07
-3.97028e-07
-2.70846e-07
-1.81625e-07
-1.19259e-07
-7.60562e-08
-4.65537e-08
-2.68463e-08
-1.40867e-08
-6.36701e-09
-2.34964e-09
-7.4381e-10
-2.16813e-10
-7.67446e-11
-5.16421e-11
-3.45542e-11
-2.1608e-11
-1.25977e-11
-6.85308e-12
-3.40423e-12
1.6869e-20
7.81054e-20
-4.33941e-19
1.28972e-18
-3.54704e-18
9.84422e-18
-5.40577e-17
1.69328e-16
2.40999e-16
1.49782e-14
1.62941e-13
1.26935e-12
8.27632e-12
4.3495e-11
8.88179e-11
3.1986e-10
6.68754e-10
1.39814e-09
1.86943e-09
1.97927e-09
1.79686e-09
1.18638e-09
-2.50255e-11
-1.8901e-09
-4.26542e-09
-6.81593e-09
-9.08421e-09
-1.05999e-08
-1.09929e-08
-1.00425e-08
-7.66872e-09
-3.95747e-09
7.47167e-10
5.88374e-09
1.13015e-08
1.73377e-08
2.54727e-08
4.05922e-08
4.2373e-07
5.43445e-07
-4.99224e-06
-8.00473e-06
-1.82872e-05
0.000706205
0.00218306
0.00429797
0.00703825
0.0102137
0.0139136
0.0180439
0.022643
0.0276305
0.0332618
0.0396311
0.0465117
0.0533629
0.0598252
0.0653285
0.0697989
0.0725418
0.073866
0.0735629
0.0720626
0.0695008
0.0663296
0.0627844
0.0592923
0.0560131
0.0532791
0.0510707
0.0495873
0.0486563
0.0483274
0.0484742
0.0489782
0.049839
0.0509313
0.0522733
0.053777
0.0555027
0.0574024
0.0595114
0.0618531
0.0644472
0.0673488
0.0706354
0.074324
0.078673
0.083677
0.0897002
0.0967989
0.105468
0.115665
0.128038
0.142395
0.159737
0.180967
0.205576
0.225142
0.240972
0.256653
0.27175
0.285485
0.296713
0.304898
0.313361
0.318348
0.317101
0.312601
0.304095
0.292015
0.277376
0.261262
0.240208
0.210774
0.177153
0.143244
0.110844
0.0814542
0.0565599
0.0393983
0.0285947
0.0212942
0.0160905
0.0122679
0.00940552
0.00723448
0.00556486
0.00427396
0.00328
0.00251555
0.00193037
0.00147783
0.00113296
0.000865564
0.000661405
0.000504143
0.000384371
0.000292353
0.000222832
0.000169596
0.000129691
9.92583e-05
7.65407e-05
5.92791e-05
4.60228e-05
3.56653e-05
2.74529e-05
2.07434e-05
1.49404e-05
9.74337e-06
4.44376e-06
-9.70284e-07
-7.46792e-06
-1.4796e-05
-2.40872e-05
-3.58488e-05
-4.8475e-05
-5.41776e-05
-5.49789e-05
-4.97922e-05
-4.35387e-05
-3.86168e-05
-3.22158e-05
-2.5642e-05
-1.96329e-05
-1.46086e-05
-1.06673e-05
-7.69709e-06
-5.49285e-06
-3.86498e-06
-2.66846e-06
-1.79446e-06
-1.1161e-06
-6.60696e-07
-3.90127e-07
-2.31745e-07
-1.37854e-07
-8.17516e-08
-4.82272e-08
-2.82819e-08
-1.64895e-08
-9.56276e-09
-5.52143e-09
-3.20076e-09
-2.01723e-09
-1.46147e-09
-1.1024e-09
-7.9135e-10
-5.10471e-10
-2.85306e-10
-1.35621e-10
-5.13565e-11
-1.64881e-11
-5.24788e-12
-1.7298e-12
-4.98992e-13
-5.94058e-14
7.94548e-14
1.01086e-13
5.46558e-20
-1.48531e-19
2.30501e-19
-3.33312e-19
1.43168e-18
-3.82412e-17
-2.99036e-18
-9.4047e-16
5.79261e-15
1.8717e-13
2.90533e-12
2.52555e-11
1.76666e-10
1.0127e-09
4.26229e-09
1.3547e-08
3.56909e-08
8.13942e-08
1.65078e-07
3.04623e-07
5.21504e-07
8.33551e-07
1.25426e-06
1.80308e-06
2.52344e-06
3.49803e-06
4.85042e-06
6.74909e-06
9.33295e-06
1.26967e-05
1.69055e-05
2.19727e-05
2.78203e-05
3.4153e-05
4.11553e-05
4.91531e-05
6.05226e-05
7.79861e-05
0.000630303
0.00198131
0.004798
0.00958268
0.0160789
0.0250068
0.035235
0.046212
0.0581957
0.070806
0.0833308
0.0949046
0.105547
0.115283
0.124402
0.133159
0.139472
0.142654
0.144318
0.145318
0.146041
0.146465
0.147048
0.148751
0.152105
0.156846
0.162618
0.168493
0.173513
0.177909
0.180916
0.182173
0.183079
0.183684
0.184305
0.184943
0.185637
0.186481
0.187412
0.188571
0.189915
0.191533
0.193382
0.195567
0.198035
0.200814
0.203844
0.207115
0.210622
0.214441
0.218672
0.223358
0.22787
0.232173
0.235156
0.237593
0.239446
0.240612
0.240857
0.239896
0.237816
0.234198
0.22921
0.221507
0.210569
0.196114
0.180049
0.162188
0.142826
0.121649
0.0991768
0.0757218
0.0548004
0.0400315
0.0297687
0.0222912
0.0166789
0.0123998
0.00914198
0.00667341
0.00481872
0.00343562
0.00241252
0.00167332
0.00114878
0.000782338
0.000529063
0.000355369
0.000237128
0.000157098
0.00010325
6.72741e-05
4.33858e-05
2.76804e-05
1.74048e-05
1.07899e-05
6.54841e-06
3.88103e-06
2.2202e-06
1.20819e-06
6.02829e-07
2.52095e-07
5.6834e-08
-4.36838e-08
-8.77992e-08
-1.00377e-07
-9.60603e-08
-8.75876e-08
-8.55264e-08
-1.08195e-07
-1.5417e-07
-2.57653e-07
-3.9603e-07
-6.34718e-07
-9.39627e-07
-1.31245e-06
-2.26133e-06
-4.19071e-06
-7.2307e-06
-1.15581e-05
-1.31862e-05
-1.34482e-05
-1.17566e-05
-9.38237e-06
-6.95049e-06
-4.88386e-06
-3.27889e-06
-2.17439e-06
-1.44671e-06
-9.72017e-07
-6.56803e-07
-4.42667e-07
-2.95505e-07
-1.94371e-07
-1.25572e-07
-7.94904e-08
-4.88786e-08
-2.90215e-08
-1.66329e-08
-9.2343e-09
-4.98931e-09
-2.63558e-09
-1.36684e-09
-6.98464e-10
-3.52734e-10
-1.76378e-10
-8.73122e-11
-4.28647e-11
-2.10818e-11
-1.05547e-11
-5.45803e-12
-2.89937e-12
-1.50785e-12
-7.16987e-13
-2.7892e-13
-8.09588e-14
-6.32557e-15
1.31379e-14
1.42134e-14
1.07738e-14
7.13303e-15
3.79385e-15
-6.73804e-20
-2.20996e-19
2.39717e-18
-1.06134e-17
2.61994e-17
-9.38153e-18
-2.81196e-14
-1.52531e-14
2.3191e-12
5.65934e-11
8.87005e-10
1.07285e-08
8.3938e-08
8.06861e-07
5.89927e-06
3.06958e-05
0.000114381
0.000310512
0.000641779
0.00115091
0.00187673
0.00278578
0.00381996
0.00490445
0.00595542
0.00688113
0.00754999
0.00861434
0.0100429
0.0111426
0.01232
0.0138184
0.0154727
0.0169537
0.0185502
0.0202111
0.0222816
0.025769
0.0310066
0.0384929
0.0486036
0.0591801
0.0676692
0.0784043
0.0909385
0.105535
0.122362
0.142362
0.158988
0.165685
0.167758
0.166999
0.16368
0.158323
0.151454
0.143737
0.135598
0.126797
0.115284
0.0995622
0.082762
0.0693281
0.0607315
0.0576722
0.0588977
0.0632789
0.0689629
0.0751707
0.0808071
0.0859105
0.0900874
0.0935936
0.0963264
0.0984366
0.100085
0.101297
0.102315
0.103112
0.103887
0.104553
0.105194
0.105729
0.106081
0.106169
0.105874
0.105058
0.103719
0.101543
0.0987253
0.0948657
0.0903067
0.0845965
0.078235
0.0706654
0.0624575
0.0530928
0.0440883
0.0354826
0.0279085
0.0214413
0.016158
0.0119027
0.00859256
0.00606197
0.0041895
0.00283138
0.00187574
0.00121584
0.000773123
0.000481137
0.000293804
0.00017577
0.000103296
5.95856e-05
3.37714e-05
1.87975e-05
1.02726e-05
5.50439e-06
2.88492e-06
1.47021e-06
7.16644e-07
3.18176e-07
1.05391e-07
-1.20905e-08
-8.03049e-08
-1.22374e-07
-1.48885e-07
-1.64274e-07
-1.70439e-07
-1.68488e-07
-1.5944e-07
-1.44814e-07
-1.26256e-07
-1.05927e-07
-8.55442e-08
-6.64817e-08
-4.96863e-08
-3.58229e-08
-2.49756e-08
-1.69091e-08
-1.1187e-08
-7.11299e-09
-4.84322e-09
-3.52789e-09
-2.50913e-09
-2.41462e-09
-2.54541e-09
-3.39652e-09
-4.77633e-09
-1.046e-08
-2.00545e-08
-4.77129e-08
-9.13852e-08
-1.67185e-07
-2.40871e-07
-3.82268e-07
-6.20783e-07
-9.72005e-07
-8.88736e-07
-7.01422e-07
-5.09256e-07
-3.5268e-07
-2.3417e-07
-1.4927e-07
-9.08946e-08
-5.40245e-08
-3.16149e-08
-1.82831e-08
-1.04379e-08
-5.86787e-09
-3.24164e-09
-1.75862e-09
-9.35464e-10
-4.85947e-10
-2.472e-10
-1.23216e-10
-6.01759e-11
-2.87959e-11
-1.35112e-11
-6.22169e-12
-2.81113e-12
-1.24332e-12
-5.35526e-13
-2.21853e-13
-8.48282e-14
-2.6203e-14
-1.83686e-15
7.54583e-15
1.00596e-14
9.25545e-15
7.08404e-15
4.74229e-15
2.86295e-15
1.56873e-15
8.17542e-16
4.15209e-16
1.94302e-16
9.13448e-17
3.67876e-17
8.68154e-18
-5.0301e-19
1.19605e-18
1.89226e-18
-4.16529e-17
2.57462e-16
-7.1286e-16
-3.64384e-13
6.41524e-13
8.87088e-11
2.27661e-09
4.12654e-08
5.1677e-07
4.95639e-06
5.17872e-05
0.000390683
0.00231006
0.0122166
0.0476339
0.117493
0.205469
0.242957
0.245393
0.235024
0.210827
0.165785
0.0986543
0.0422882
0.0130039
0.0101896
0.0107684
0.0123183
0.0151242
0.0190282
0.0238237
0.0292884
0.0352004
0.0416198
0.0487885
0.0565433
0.0645448
0.0663224
0.0649675
0.0576685
0.045659
0.0345102
0.0261857
0.0192214
0.013693
0.00963568
0.00686113
0.00505119
0.00385523
0.0029825
0.00225949
0.00163916
0.00117855
0.000822752
0.000761126
0.000630124
0.000676598
0.000543241
0.000451656
0.000338079
0.000338822
0.00041513
0.000645557
0.000909576
0.00127716
0.00157859
0.00192725
0.00216007
0.00240374
0.00255193
0.0026685
0.00275702
0.00278226
0.00282218
0.00279233
0.00279031
0.00271916
0.00265175
0.00254144
0.00239882
0.00223033
0.00202766
0.00179155
0.00155665
0.0012643
0.00102156
0.000729476
0.000514132
0.000292609
0.000155303
5.40922e-05
1.4818e-05
4.18216e-06
1.43833e-06
5.0453e-07
9.33473e-08
2.11641e-09
3.11857e-08
7.76065e-08
1.05965e-07
1.10497e-07
9.95226e-08
8.12819e-08
6.19455e-08
4.4587e-08
3.03986e-08
1.92589e-08
1.06202e-08
3.97122e-09
-9.4028e-10
-4.2051e-09
-5.96062e-09
-6.51617e-09
-6.30466e-09
-5.69312e-09
-4.88866e-09
-3.93128e-09
-2.95423e-09
-2.01131e-09
-1.31364e-09
-8.28994e-10
-5.16632e-10
-3.29154e-10
-2.20448e-10
-1.58162e-10
-1.20488e-10
-9.51445e-11
-7.60568e-11
-6.04973e-11
-4.74072e-11
-3.6436e-11
-2.74072e-11
-2.01253e-11
-1.44491e-11
-1.01627e-11
-7.02957e-12
-4.80331e-12
-3.26524e-12
-2.22841e-12
-1.53797e-12
-1.04526e-12
-7.15833e-13
-7.9108e-13
-1.39106e-12
-1.63739e-11
-3.72199e-11
-9.20858e-11
-1.16572e-10
-2.85588e-10
-7.74293e-10
-1.85362e-09
-3.11043e-09
-6.45819e-09
-1.40128e-08
-2.42679e-08
-1.53189e-08
-8.8025e-09
-4.68284e-09
-2.30054e-09
-1.03633e-09
-4.26557e-10
-1.60211e-10
-5.55642e-11
-1.86854e-11
-6.48275e-12
-2.42875e-12
-9.99278e-13
-4.2081e-13
-1.72654e-13
-6.31987e-14
3.09067e-14
5.45349e-14
4.12838e-14
2.23401e-14
9.74746e-15
3.46795e-15
1.03407e-15
2.82674e-16
1.08432e-16
8.5256e-17
8.73044e-17
8.56203e-17
7.6257e-17
6.36843e-17
5.13625e-17
4.08154e-17
3.06648e-17
2.05391e-17
1.26471e-17
7.34414e-18
3.6671e-18
1.25801e-18
-2.07575e-19
-1.1609e-19
2.16048e-20
-2.18085e-19
-1.61483e-18
)
;

boundaryField
{
    inlet
    {
        type            uniformFixedValue;
        uniformValue    table;
        uniformValueCoeffs
        {
            values          
4
(
(0 1)
(0.15 1)
(0.151 0)
(1 0)
)
;
        }
        value           uniform 0;
    }
    outlet
    {
        type            inletOutlet;
        inletValue      uniform 0;
        value           nonuniform List<scalar> 
20
(
1.93286e-19
6.22264e-18
-1.4244e-14
-7.11688e-13
-1.38282e-11
-3.30063e-10
1.25125e-08
4.86803e-08
1.62751e-07
2.03823e-07
6.02637e-08
-1.11731e-08
-1.9044e-08
-4.67319e-09
-4.80085e-10
-3.40423e-12
1.01086e-13
3.79385e-15
8.68154e-18
-1.61483e-18
)
;
    }
    walls
    {
        type            zeroGradient;
    }
    frontAndBack
    {
        type            empty;
    }
}


// ************************************************************************* //
