/*--------------------------------*- C++ -*----------------------------------*\
| =========                 |                                                 |
| \\      /  F ield         | OpenFOAM: The Open Source CFD Toolbox           |
|  \\    /   O peration     | Version:  2506                                  |
|   \\  /    A nd           | Website:  www.openfoam.com                      |
|    \\/     M anipulation  |                                                 |
\*---------------------------------------------------------------------------*/
FoamFile
{
    version     2.0;
    format      ascii;
    arch        "LSB;label=32;scalar=64";
    class       volScalarField;
    location    "1.37375";
    object      s;
}
// * * * * * * * * * * * * * * * * * * * * * * * * * * * * * * * * * * * * * //

dimensions      [0 0 0 0 0 0 0];

internalField   nonuniform List<scalar> 
4000
(
1.67003e-17
-5.98521e-17
-5.00461e-13
-2.05038e-10
-7.12377e-09
-7.97996e-08
2.56844e-06
8.96344e-05
0.00120276
0.0156568
0.0970865
0.240698
0.314897
0.315626
0.263234
0.151357
0.0472907
0.00821794
0.00382812
0.00297317
0.00207585
0.00136303
0.000876653
0.000570281
0.000379831
0.000258275
0.000177014
0.00011606
7.79208e-05
3.75273e-05
1.46882e-05
8.17277e-06
5.19973e-06
4.14936e-06
3.64707e-06
2.47397e-06
5.82871e-07
-1.5652e-06
-3.58259e-06
-5.82389e-06
-8.54903e-06
-6.56646e-06
-4.64937e-06
-4.7121e-06
-6.3802e-06
-8.39014e-06
-9.89694e-06
-1.16815e-05
-1.2501e-05
-1.2832e-05
-1.28256e-05
-1.22231e-05
-1.12898e-05
-9.81358e-06
-8.0232e-06
-6.11559e-06
-4.32009e-06
-2.78966e-06
-1.59875e-06
-8.11309e-07
-3.52212e-07
-1.32777e-07
-4.44981e-08
-1.40427e-08
-5.49318e-09
-3.26277e-09
-2.44202e-09
-1.70114e-09
-1.04856e-09
-5.59338e-10
-2.60836e-10
-1.08106e-10
-3.99511e-11
-1.33761e-11
-4.07809e-12
-1.13439e-12
-2.90979e-13
-6.95803e-14
-1.60369e-14
-3.66411e-15
-1.00618e-15
-2.96481e-16
-8.56647e-17
-2.16342e-17
-5.23303e-18
7.65703e-18
1.23529e-18
4.75561e-19
6.21939e-19
8.8499e-19
7.46577e-19
2.76132e-19
2.30542e-20
2.22156e-20
7.9244e-21
-1.76239e-20
-1.02879e-19
-2.30631e-19
-2.95249e-19
-3.83812e-19
-6.85472e-19
-6.42156e-19
-1.65781e-18
-3.94108e-18
-6.34025e-18
-1.06192e-17
-1.37069e-17
-1.28224e-17
1.47992e-17
8.32645e-17
1.93144e-16
3.5226e-16
5.50903e-16
6.46362e-16
5.23361e-16
3.54707e-16
5.29847e-17
-1.68126e-16
-1.83707e-16
-1.84192e-16
-1.9155e-16
-1.4695e-16
-9.62006e-17
-5.30072e-17
-2.70037e-17
-1.07623e-17
-2.89858e-18
-1.22382e-18
3.28383e-18
3.05056e-18
1.806e-18
8.50875e-19
3.71311e-19
1.01952e-19
1.53184e-20
-1.59206e-20
-5.86583e-20
-6.1062e-20
-4.97101e-20
-2.91467e-20
-1.12672e-20
-2.52419e-22
5.4993e-21
6.98872e-21
5.52535e-21
2.36915e-21
-3.03094e-22
-1.63498e-21
-1.57407e-21
-8.21409e-22
-1.50972e-22
1.1327e-22
1.04545e-22
3.16157e-23
-7.19994e-25
-4.455e-24
-1.82858e-24
-2.00526e-25
-1.87173e-25
-4.35338e-25
7.30604e-26
7.87083e-26
-6.82393e-26
-6.9716e-25
-2.12771e-24
-4.41977e-24
-8.01984e-24
-1.11089e-23
-1.36952e-23
-1.06215e-23
-7.26868e-24
-3.92486e-24
-1.5471e-24
-4.1892e-25
-6.94276e-26
-4.45951e-27
2.26607e-28
-1.39701e-29
7.28511e-31
3.8423e-32
4.53549e-32
4.1477e-32
3.67912e-32
3.15585e-32
1.90328e-32
3.6895e-33
-9.91439e-33
-1.63151e-32
-1.31766e-32
-4.22392e-33
1.74001e-34
-2.40537e-36
-7.64508e-37
-2.3228e-37
-7.19502e-38
5.20975e-39
2.16158e-38
1.78161e-38
1.06531e-38
2.42487e-39
6.57526e-18
-4.6527e-18
-8.93466e-15
-3.74928e-12
-1.01023e-10
-7.28487e-10
2.1018e-07
1.00835e-05
0.000150677
0.00107223
0.0045815
0.0119073
0.0210692
0.0264994
0.0301543
0.033846
0.0385816
0.048038
0.061931
0.0817119
0.1136
0.165118
0.23623
0.306482
0.334881
0.333716
0.306355
0.239442
0.14525
0.0625631
0.027279
0.0177618
0.0156868
0.0172996
0.0184705
0.017151
0.0145633
0.0131645
0.0150301
0.0204005
0.0289301
0.0366099
0.0401259
0.0404528
0.038213
0.0347505
0.0311681
0.0265807
0.0224004
0.0181409
0.0138946
0.0105582
0.00763634
0.00540129
0.00370466
0.00245633
0.00155421
0.000924509
0.000523607
0.000275252
0.000135891
6.31948e-05
2.71988e-05
1.02116e-05
2.34441e-06
-8.90681e-07
-1.73664e-06
-1.59404e-06
-1.11061e-06
-6.23303e-07
-2.95116e-07
-1.21271e-07
-4.40844e-08
-1.42695e-08
-4.13679e-09
-1.07533e-09
-2.49875e-10
-5.31491e-11
-1.17485e-11
-3.26249e-12
-1.3238e-12
-5.25326e-13
-1.90672e-13
-5.49955e-14
-1.25868e-14
-2.3989e-15
-4.35074e-16
-1.00154e-16
-3.04547e-17
-9.02377e-18
-2.539e-18
6.32969e-18
6.59981e-18
1.46094e-18
3.07556e-18
3.67481e-18
5.50221e-19
-3.81772e-18
8.54458e-19
6.99255e-18
1.21523e-17
-9.86354e-18
-5.95681e-17
-1.60206e-16
-1.59814e-16
3.8736e-16
3.33342e-15
1.21928e-14
2.95967e-14
5.93658e-14
9.51668e-14
1.34343e-13
1.71682e-13
1.83502e-13
1.65796e-13
1.32803e-13
7.64125e-14
2.84971e-14
1.35089e-14
3.95959e-15
-5.17874e-15
-7.31117e-15
-5.5903e-15
-3.41622e-15
-1.8026e-15
-8.57363e-16
-3.80033e-16
-1.56404e-16
-7.00571e-17
-2.53535e-17
-9.04938e-19
9.75459e-18
1.69968e-17
1.96952e-17
1.86803e-17
1.8656e-17
1.39349e-17
9.03489e-18
5.43152e-18
2.87062e-18
1.01243e-18
-2.25806e-19
-8.17099e-19
-8.49108e-19
-5.59835e-19
-1.97871e-19
5.28781e-20
1.46485e-19
1.22276e-19
5.25356e-20
-1.48033e-21
-1.81649e-20
-1.1714e-20
-2.55362e-21
1.02466e-21
9.59188e-22
3.16416e-22
3.34932e-23
-2.71995e-24
2.85111e-24
-7.13843e-24
-1.52551e-23
-8.68304e-24
6.04865e-23
2.46581e-22
5.77184e-22
1.00933e-21
1.63133e-21
1.58952e-21
1.00675e-21
4.78448e-22
1.70277e-22
4.18543e-23
4.98681e-24
-7.92185e-25
-4.72798e-25
-7.71221e-26
2.97367e-28
2.97895e-28
8.23229e-29
7.72126e-29
6.60594e-29
6.09532e-29
5.77898e-29
5.50002e-29
4.98572e-29
3.46785e-29
1.80008e-29
6.75881e-30
1.58008e-30
1.23384e-31
-8.04889e-33
1.16226e-33
3.72954e-34
9.38227e-35
-7.56567e-36
-2.17904e-35
-1.48662e-35
-7.09263e-36
-1.30617e-36
-4.10091e-18
2.19772e-17
-7.7241e-16
-4.99373e-13
-4.27564e-12
2.22329e-10
1.16075e-08
2.009e-08
5.55478e-08
7.92039e-07
2.25459e-06
4.95529e-06
8.88228e-06
1.36845e-05
3.22929e-05
0.00015332
0.00138176
0.00321132
0.00539562
0.00843574
0.0131426
0.0207828
0.0328776
0.0501355
0.0706486
0.0938664
0.122814
0.156552
0.191809
0.229373
0.275264
0.310841
0.316075
0.303956
0.282307
0.25033
0.212774
0.194533
0.196939
0.211165
0.231625
0.248953
0.259799
0.265766
0.267663
0.266706
0.264524
0.259849
0.254254
0.247524
0.238704
0.22866
0.214912
0.199387
0.180439
0.159116
0.135453
0.109253
0.0839522
0.0600109
0.0410587
0.027
0.0171278
0.0105759
0.00626328
0.00358562
0.00194608
0.00100524
0.000492637
0.00023068
0.000104016
4.53392e-05
1.90498e-05
7.70789e-06
2.9837e-06
1.09714e-06
3.7666e-07
1.17454e-07
3.13175e-08
6.21701e-09
2.83571e-10
-4.82474e-10
-2.96377e-10
-1.1067e-10
-3.0051e-11
-6.68304e-12
-1.42075e-12
-3.77231e-13
-1.31484e-13
-4.1286e-14
-1.23721e-14
-3.4707e-15
-8.94863e-16
-1.63101e-16
1.04051e-16
4.00642e-16
1.66664e-15
3.23153e-15
5.70822e-15
9.75119e-15
2.22633e-14
3.56893e-14
5.29507e-14
9.85254e-14
2.13849e-13
4.71529e-13
1.02654e-12
2.177e-12
3.90303e-12
6.53363e-12
9.16974e-12
1.16079e-11
1.37106e-11
1.42346e-11
1.33624e-11
1.14463e-11
8.03947e-12
4.76297e-12
3.25035e-12
2.17124e-12
1.13407e-12
5.18856e-13
2.29877e-13
9.66321e-14
3.59344e-14
1.11493e-14
2.09832e-15
-6.03499e-16
-1.0779e-15
-9.42732e-16
-7.03869e-16
-4.96608e-16
-3.07526e-16
-1.55712e-16
-7.72061e-17
-2.26834e-18
2.48724e-17
3.44321e-17
3.97324e-17
4.28748e-17
4.42951e-17
4.25373e-17
3.61882e-17
2.61301e-17
1.37586e-17
3.30315e-18
-2.37572e-18
-3.6647e-18
-2.40151e-18
-5.79994e-19
5.3923e-19
7.47542e-19
4.2316e-19
8.46035e-20
-5.37738e-20
-5.08468e-20
-1.86892e-20
-2.66777e-21
3.1199e-22
8.34087e-23
9.46079e-24
5.16511e-22
2.35776e-21
6.38728e-21
1.25115e-20
1.7461e-20
1.71665e-20
1.4216e-20
9.88226e-21
6.57732e-21
4.14589e-21
2.29083e-21
1.04229e-21
3.71092e-22
9.6675e-23
1.56675e-23
4.57671e-25
-4.53297e-25
-1.02982e-25
-2.88931e-26
-1.46244e-26
-9.26213e-27
-6.79864e-27
-5.30327e-27
-3.65271e-27
-2.01233e-27
-8.1879e-28
-1.71727e-28
5.85067e-29
7.56631e-29
3.46576e-29
5.84029e-30
-4.76363e-31
-1.79445e-31
-3.7921e-32
2.06747e-33
6.37225e-33
3.90481e-33
1.69364e-33
3.25362e-34
-1.25669e-17
4.65243e-17
-2.33773e-16
-2.12606e-14
5.82409e-14
1.73362e-11
-6.5355e-11
-2.97998e-09
-3.71233e-08
-2.08194e-07
-6.58306e-07
-1.16847e-06
-1.31081e-06
-9.96499e-07
-4.00592e-07
3.82727e-07
2.26526e-06
3.42386e-06
5.78755e-06
1.10681e-05
2.35923e-05
5.3654e-05
0.00012491
0.000291378
0.000670234
0.00168469
0.00549256
0.0131367
0.0260365
0.0443447
0.0707906
0.109277
0.154424
0.206337
0.258557
0.304858
0.337357
0.343704
0.342726
0.342022
0.340029
0.339242
0.341138
0.345633
0.353142
0.362939
0.37408
0.387109
0.400493
0.413407
0.425933
0.435338
0.44157
0.445997
0.446892
0.443564
0.432857
0.411925
0.381071
0.335912
0.283948
0.227632
0.171229
0.119326
0.076692
0.0469991
0.0276518
0.015975
0.00914829
0.00520748
0.00294109
0.00162951
0.000877854
0.000460666
0.000235161
0.000117201
5.68793e-05
2.65234e-05
1.17796e-05
4.95059e-06
1.96456e-06
7.27456e-07
2.48332e-07
7.67748e-08
2.05506e-08
4.28679e-09
3.76544e-10
-2.34768e-10
-1.82149e-10
-7.51073e-11
-2.86815e-11
-9.54086e-12
-2.91458e-12
-8.36723e-13
-2.25954e-13
-5.19879e-14
4.11687e-15
5.70115e-14
1.96953e-13
5.69445e-13
1.12133e-12
2.23491e-12
5.00476e-12
1.04558e-11
2.01818e-11
3.68242e-11
6.28308e-11
1.00524e-10
1.43678e-10
1.9549e-10
2.46793e-10
2.90218e-10
3.32521e-10
3.54345e-10
3.49626e-10
3.19537e-10
2.7428e-10
2.18846e-10
1.72677e-10
1.29093e-10
8.59631e-11
5.44311e-11
3.37435e-11
2.01547e-11
1.14238e-11
6.1632e-12
3.18313e-12
1.58315e-12
7.66006e-13
3.6487e-13
1.72627e-13
8.15095e-14
3.73082e-14
1.51742e-14
3.55099e-15
-3.37441e-15
-3.8209e-15
-3.14812e-15
-2.38044e-15
-1.70913e-15
-1.18265e-15
-7.91618e-16
-5.12061e-16
-3.14918e-16
-1.05728e-16
1.76021e-17
5.84799e-17
4.93815e-17
1.87418e-17
-8.68743e-18
-1.82309e-17
-1.56533e-17
-8.03223e-18
-1.77314e-18
8.7688e-19
9.98389e-19
4.18914e-19
6.4447e-20
-1.85099e-20
-1.13782e-20
-1.57567e-21
5.37494e-21
1.39731e-20
1.61394e-20
-1.41432e-20
-8.71147e-20
-1.58208e-19
-1.82811e-19
-1.49433e-19
-9.47605e-20
-4.82545e-20
-1.93307e-20
-5.53742e-21
-6.91745e-22
3.21267e-22
2.54719e-22
9.53778e-23
2.24159e-23
2.80668e-24
-2.29571e-25
-3.45468e-25
-2.63605e-25
-2.16326e-25
-1.72073e-25
-1.26526e-25
-8.44337e-26
-5.0145e-26
-2.58719e-26
-1.12084e-26
-3.80234e-27
-8.36788e-28
-2.06054e-29
4.44581e-29
1.56814e-29
2.25118e-30
-8.76726e-31
-8.90073e-31
-4.54417e-31
-1.7262e-31
-2.93068e-32
-5.3789e-18
1.83984e-17
-4.31897e-17
-1.12737e-15
8.53734e-15
3.9581e-12
-2.44764e-11
-2.38214e-10
-2.39264e-09
-1.77924e-08
-6.46662e-08
-1.12022e-07
-1.17006e-07
-9.46425e-08
-5.87267e-08
-8.16852e-10
-1.10731e-08
-2.50596e-08
1.38462e-08
1.22255e-07
3.58956e-07
8.89504e-07
2.11722e-06
4.99902e-06
1.17144e-05
2.762e-05
6.4129e-05
0.000146385
0.000329884
0.000738441
0.00189377
0.00636731
0.0157137
0.0326501
0.0572677
0.0852453
0.110714
0.1307
0.144546
0.153094
0.15402
0.152754
0.153831
0.158435
0.167414
0.180464
0.196454
0.216323
0.238979
0.264632
0.293479
0.324758
0.359603
0.395656
0.424362
0.445252
0.465958
0.485792
0.500329
0.513673
0.509683
0.492487
0.460172
0.409109
0.340888
0.26714
0.194999
0.132656
0.0841422
0.0520525
0.0314624
0.0189516
0.01146
0.00695901
0.00421672
0.00254861
0.00149775
0.000843798
0.000453632
0.00023271
0.000114488
5.3286e-05
2.30954e-05
9.23868e-06
3.38574e-06
1.11978e-06
3.23037e-07
7.39682e-08
8.41075e-09
-3.70558e-09
-3.50112e-09
-1.58791e-09
-5.74184e-10
-2.22224e-10
-7.62273e-11
-2.47012e-11
-8.51313e-12
-4.90672e-12
-6.5862e-12
2.7311e-12
5.18898e-12
-2.00008e-12
1.51063e-11
5.56986e-11
1.27582e-10
2.46879e-10
4.13613e-10
6.26529e-10
8.01868e-10
1.05605e-09
1.26723e-09
1.36988e-09
1.66441e-09
1.93085e-09
1.98713e-09
1.804e-09
1.51767e-09
1.23511e-09
9.79114e-10
7.64489e-10
5.83357e-10
4.28777e-10
3.069e-10
2.11151e-10
1.37894e-10
8.59733e-11
5.14863e-11
2.9732e-11
1.65786e-11
8.87455e-12
4.48521e-12
2.0507e-12
8.12643e-13
2.33552e-13
5.65455e-15
-6.34193e-14
-6.33569e-14
-4.89043e-14
-3.44778e-14
-2.46089e-14
-1.78729e-14
-1.27792e-14
-8.70804e-15
-5.50345e-15
-3.23562e-15
-1.72808e-15
-8.2571e-16
-3.38748e-16
-1.97209e-17
2.34189e-16
2.55126e-16
1.81031e-16
8.9433e-17
2.39876e-17
-3.54485e-18
-6.4933e-18
-2.34727e-18
4.03994e-19
7.81805e-19
3.83669e-19
1.10568e-19
2.75981e-20
-6.31109e-20
-3.97004e-19
-9.8634e-19
-1.48278e-18
-1.63195e-18
-1.41247e-18
-1.04059e-18
-6.91353e-19
-4.18601e-19
-2.28111e-19
-1.09529e-19
-4.49931e-20
-1.5114e-20
-3.75416e-21
-4.35754e-22
1.68225e-22
1.39725e-22
6.27746e-23
2.45661e-23
1.0401e-23
5.10258e-24
2.66552e-24
1.33609e-24
5.91963e-25
2.03621e-25
2.81736e-26
-3.08339e-26
-3.61242e-26
-2.39208e-26
-1.13644e-26
-3.70715e-27
-7.25661e-28
2.52376e-29
1.05938e-28
6.10269e-29
2.34418e-29
6.36998e-30
4.78872e-32
9.75224e-19
-2.61896e-18
3.18256e-18
-2.54304e-16
1.31523e-16
9.68736e-14
-7.74903e-12
-3.64459e-11
-3.17379e-10
-1.65643e-09
-3.53605e-09
-3.70352e-09
-3.30163e-09
-2.17987e-09
-1.79172e-09
-2.11045e-09
-1.95328e-09
-3.11765e-09
-3.52436e-09
-2.64504e-09
9.89138e-10
1.22814e-08
4.45434e-08
1.31654e-07
3.56025e-07
9.19339e-07
2.23877e-06
5.39859e-06
1.28865e-05
3.0706e-05
7.44291e-05
0.000183243
0.000428859
0.00101555
0.00290904
0.00659002
0.0112491
0.0158194
0.0194782
0.0219537
0.0228157
0.0232496
0.0241085
0.0256733
0.0282352
0.0318899
0.0366364
0.0429756
0.0509455
0.060994
0.0736269
0.0892203
0.110161
0.137853
0.175361
0.218145
0.265032
0.315571
0.366044
0.416651
0.459493
0.493985
0.50928
0.527969
0.52652
0.506647
0.466547
0.407581
0.335936
0.261976
0.194421
0.137644
0.0934708
0.062315
0.0409945
0.0266584
0.017105
0.0108966
0.0068816
0.0042806
0.00258969
0.00147644
0.000780056
0.000382918
0.000177267
7.71537e-05
3.10336e-05
1.13575e-05
3.73038e-06
1.06665e-06
2.40088e-07
2.28533e-08
-1.65593e-08
-1.4312e-08
-6.97134e-09
-2.80467e-09
-2.29514e-09
-2.1632e-09
-2.10709e-09
-6.84586e-10
-1.11364e-09
-2.28747e-09
-2.7918e-09
-3.59963e-09
-4.73486e-09
-6.0648e-09
-8.14645e-09
-1.13926e-08
-1.69526e-08
-2.06846e-08
-2.38626e-08
-2.66096e-08
-2.35836e-08
-1.83362e-08
-1.32567e-08
-8.90489e-09
-5.06031e-09
-1.87427e-09
8.67834e-11
9.20122e-10
1.08616e-09
9.46307e-10
7.16353e-10
5.00821e-10
3.33311e-10
2.14532e-10
1.34792e-10
8.31945e-11
5.05753e-11
3.01868e-11
1.74649e-11
9.44641e-12
4.45717e-12
1.71415e-12
4.56283e-13
-9.80077e-15
-1.27787e-13
-1.28143e-13
-1.00916e-13
-7.85398e-14
-6.12564e-14
-4.7769e-14
-3.69157e-14
-2.8e-14
-2.06825e-14
-1.48181e-14
-1.0253e-14
-6.85648e-15
-4.4599e-15
-2.864e-15
-1.75875e-15
-1.09228e-15
-5.75963e-16
-1.87496e-16
-3.23207e-17
-1.60072e-17
-2.61973e-17
-2.5618e-17
-1.57257e-17
-6.48472e-18
-1.83387e-18
-4.65422e-19
-8.82479e-19
-2.65004e-18
-3.74968e-18
-3.28004e-18
-1.78247e-18
-5.55086e-19
-8.71983e-20
-7.89077e-20
-1.78808e-19
-2.2447e-19
-1.98284e-19
-1.37589e-19
-7.83903e-20
-3.72232e-20
-1.46585e-20
-4.627e-21
-1.02588e-21
-3.20885e-23
1.34859e-22
1.13397e-22
7.44602e-23
4.65032e-23
2.83122e-23
1.64892e-23
8.95926e-24
4.4221e-24
1.92076e-24
6.90244e-25
1.71775e-25
9.89393e-28
-2.95257e-26
-2.01817e-26
-9.36226e-27
-3.3674e-27
-8.85476e-28
-8.77123e-29
8.2203e-29
6.78591e-29
6.40557e-19
9.36213e-19
-1.93484e-17
9.05772e-17
2.31315e-16
-1.62144e-14
-1.20862e-13
-1.63441e-12
-1.25047e-11
-5.28606e-11
-9.35766e-11
-8.80987e-11
-5.73206e-11
-1.72692e-11
-5.12912e-12
-4.34224e-11
-6.49133e-11
-9.68134e-11
-1.25482e-10
-1.96478e-10
-3.56133e-10
-3.15742e-10
5.31458e-10
3.85788e-09
1.39856e-08
4.19155e-08
1.13619e-07
2.96538e-07
7.56488e-07
1.91302e-06
4.88506e-06
1.24705e-05
3.06351e-05
7.64159e-05
0.000196493
0.000430272
0.000783682
0.00124378
0.00176209
0.00227818
0.00269187
0.00309367
0.0035828
0.00423276
0.00513793
0.00638069
0.0080396
0.0102954
0.013265
0.0171554
0.0221842
0.0285642
0.0366925
0.0468812
0.0604839
0.0785509
0.102374
0.133453
0.172791
0.221745
0.27626
0.340709
0.397578
0.450993
0.49219
0.520071
0.532014
0.545216
0.535329
0.508195
0.462081
0.40037
0.335735
0.272127
0.213852
0.163649
0.121996
0.0883325
0.062292
0.042505
0.0277966
0.0174593
0.0106692
0.00638864
0.00371054
0.00201859
0.00100063
0.00045511
0.000194208
7.85639e-05
2.98426e-05
1.04137e-05
3.25933e-06
8.60055e-07
1.43539e-07
-2.97298e-08
-4.90937e-08
-4.40841e-08
-5.33529e-08
-8.11024e-08
-1.16319e-07
-1.37402e-07
-1.48147e-07
-1.84808e-07
-2.3598e-07
-2.98836e-07
-3.88224e-07
-5.14039e-07
-6.79997e-07
-7.92361e-07
-8.51491e-07
-8.59209e-07
-8.24317e-07
-7.54154e-07
-6.27829e-07
-4.91006e-07
-3.50204e-07
-2.26029e-07
-1.38991e-07
-8.38875e-08
-5.02865e-08
-3.00048e-08
-1.78549e-08
-1.06034e-08
-6.26297e-09
-3.68351e-09
-2.163e-09
-1.27276e-09
-7.54684e-10
-4.55005e-10
-2.79391e-10
-1.74438e-10
-1.09383e-10
-5.80305e-11
-2.06371e-11
-3.66015e-12
5.08768e-14
1.57288e-12
2.29631e-12
2.53442e-12
2.43716e-12
2.12559e-12
1.71564e-12
1.29079e-12
9.05127e-13
5.94203e-13
3.59395e-13
1.98786e-13
9.80508e-14
4.15648e-14
1.45057e-14
3.89169e-15
1.36858e-15
4.88393e-16
2.97984e-16
3.97388e-16
3.51319e-16
2.27016e-16
1.10842e-16
3.6174e-17
5.31818e-18
-2.4794e-18
-6.05901e-19
3.93206e-18
1.10764e-17
1.84579e-17
2.26343e-17
2.12223e-17
1.64992e-17
1.12595e-17
6.89784e-18
3.79154e-18
1.83968e-18
7.6122e-19
2.47725e-19
4.57401e-20
-1.28403e-20
-1.90794e-20
-1.26269e-20
-6.443e-21
-2.81852e-21
-1.08977e-21
-3.62379e-22
-8.56315e-23
6.35155e-24
2.79685e-23
2.57864e-23
1.79026e-23
1.06888e-23
5.68891e-24
2.71871e-24
1.15446e-24
4.21889e-25
1.23384e-25
2.01671e-26
-6.98609e-27
-9.35675e-27
-6.09819e-27
-3.09914e-27
-9.56773e-28
-1.72753e-19
2.52301e-18
-9.85193e-18
2.37901e-17
1.62975e-17
-1.7663e-15
8.99128e-15
-4.2552e-14
-4.28881e-13
-1.57692e-12
-2.07686e-12
-1.21671e-12
6.82257e-14
1.22079e-12
1.4405e-12
5.44647e-13
-3.58078e-12
-5.01999e-12
-1.35385e-11
-4.75371e-11
-9.95042e-11
-1.84438e-10
-1.89795e-10
-2.00679e-11
6.73454e-10
2.74425e-09
8.44935e-09
2.37808e-08
6.41914e-08
1.70217e-07
4.50823e-07
1.19512e-06
3.06125e-06
7.99897e-06
2.08602e-05
4.756e-05
9.30608e-05
0.000161446
0.000252352
0.00036334
0.000484021
0.000633756
0.000839911
0.0011263
0.00154045
0.00214571
0.00301164
0.00424163
0.0059402
0.00824176
0.0112378
0.0150669
0.0199911
0.0263991
0.0346733
0.0449657
0.0576779
0.0731309
0.0925867
0.118004
0.149733
0.191535
0.242504
0.29888
0.357658
0.41594
0.465141
0.505098
0.534571
0.546794
0.566303
0.563799
0.547555
0.516425
0.470622
0.416868
0.360904
0.305935
0.253835
0.205395
0.161278
0.122196
0.088657
0.0610123
0.0382183
0.0222269
0.0125037
0.00695046
0.00378482
0.00194834
0.000920668
0.0004046
0.000170942
7.0564e-05
2.81031e-05
1.05703e-05
3.54568e-06
8.63387e-07
-9.07416e-08
-4.57053e-07
-6.35852e-07
-9.35022e-07
-1.39974e-06
-1.86362e-06
-2.32114e-06
-2.69171e-06
-2.96999e-06
-3.16779e-06
-3.19103e-06
-3.11185e-06
-3.00043e-06
-2.87894e-06
-2.76473e-06
-2.68991e-06
-2.62793e-06
-2.47061e-06
-2.18967e-06
-1.7895e-06
-1.39796e-06
-1.05239e-06
-7.6356e-07
-5.33469e-07
-3.58903e-07
-2.32723e-07
-1.45492e-07
-8.77928e-08
-5.11704e-08
-2.87858e-08
-1.55837e-08
-8.06198e-09
-3.90806e-09
-1.6998e-09
-5.81663e-10
-5.23314e-11
1.71734e-10
2.13413e-10
2.01352e-10
1.74304e-10
1.40819e-10
1.06451e-10
7.60919e-11
5.16067e-11
3.32232e-11
2.02427e-11
1.16033e-11
6.24307e-12
3.11267e-12
1.42377e-12
5.83977e-13
2.07222e-13
5.54808e-14
3.53934e-15
-1.00519e-14
-8.55817e-15
-4.98158e-15
-2.61085e-15
-1.20526e-15
-4.72208e-16
-8.54704e-17
9.92401e-17
1.22106e-16
9.09864e-17
7.61055e-17
8.77355e-17
1.08527e-16
1.12857e-16
1.00653e-16
8.02654e-17
6.00537e-17
4.2989e-17
2.92558e-17
1.86283e-17
1.09328e-17
5.84285e-18
2.80885e-18
1.19202e-18
4.28759e-19
1.15479e-19
8.9399e-21
-1.63681e-20
-1.59695e-20
-1.04968e-20
-5.89741e-21
-3.0307e-21
-1.46155e-21
-6.64667e-22
-2.81386e-22
-1.06459e-22
-3.20814e-23
-3.97018e-24
4.27617e-24
4.9915e-24
3.5615e-24
2.03995e-24
9.99498e-25
4.22688e-25
1.49749e-25
3.92818e-26
2.78902e-27
-6.33701e-27
-9.13736e-20
6.35187e-19
-4.59727e-19
-3.09626e-18
1.03714e-17
-1.85092e-18
2.90376e-16
-7.83569e-16
-1.0343e-14
-3.16109e-14
-2.63795e-14
6.68671e-15
2.66983e-14
6.44825e-14
-2.31548e-14
-3.8041e-13
-1.09897e-12
-2.52041e-12
-4.78977e-12
-6.71628e-12
-4.76378e-12
-7.40505e-12
-9.42174e-12
-3.87764e-12
6.90752e-11
3.35065e-10
1.10466e-09
3.20611e-09
8.84933e-09
2.39742e-08
6.4534e-08
1.74321e-07
4.59199e-07
1.22397e-06
3.2343e-06
7.70732e-06
1.63426e-05
3.13394e-05
5.50082e-05
9.10105e-05
0.000142684
0.000221974
0.000345336
0.000517673
0.000784408
0.00121036
0.0018497
0.00278092
0.00409522
0.00590848
0.00836528
0.0116282
0.0158949
0.0213405
0.0281795
0.0366289
0.04691
0.0592607
0.073901
0.0912166
0.111285
0.135086
0.164964
0.201502
0.244754
0.293774
0.346196
0.397673
0.448687
0.490616
0.526997
0.553746
0.567687
0.585063
0.589573
0.580813
0.561171
0.529902
0.487282
0.438474
0.386235
0.332853
0.27988
0.228727
0.179679
0.134549
0.0952713
0.063318
0.0375091
0.0197602
0.0102846
0.00547552
0.00292701
0.00151124
0.00073552
0.000345857
0.000160261
7.33443e-05
3.21398e-05
1.22016e-05
2.65305e-06
-1.95857e-06
-4.2221e-06
-5.53551e-06
-6.51173e-06
-7.18494e-06
-6.95644e-06
-6.21317e-06
-5.26492e-06
-4.39231e-06
-3.7532e-06
-3.43384e-06
-3.15193e-06
-3.0449e-06
-3.27616e-06
-3.60027e-06
-3.83938e-06
-3.89261e-06
-3.51604e-06
-2.89324e-06
-2.21735e-06
-1.60121e-06
-1.09725e-06
-7.17536e-07
-4.49436e-07
-2.70276e-07
-1.56105e-07
-8.63612e-08
-4.54457e-08
-2.2352e-08
-9.85611e-09
-3.44915e-09
-4.04982e-10
8.57074e-10
1.22948e-09
1.19574e-09
1.00457e-09
7.7959e-10
5.73012e-10
4.0324e-10
2.73271e-10
1.78455e-10
1.12269e-10
6.78393e-11
3.91511e-11
2.14528e-11
1.10113e-11
5.20241e-12
2.18394e-12
7.48346e-13
1.45942e-13
-5.92001e-14
-9.69665e-14
-7.15085e-14
-4.31703e-14
-2.33318e-14
-1.18468e-14
-5.74843e-15
-2.79885e-15
-1.27954e-15
-5.74337e-16
-1.71839e-16
3.94546e-17
1.35903e-16
1.72919e-16
1.50253e-16
1.1666e-16
9.68627e-17
8.65322e-17
7.5648e-17
6.09734e-17
4.4515e-17
2.94311e-17
1.76871e-17
9.68367e-18
4.82119e-18
2.16245e-18
8.51827e-19
2.74004e-19
5.21807e-20
-1.60812e-20
-2.71852e-20
-2.16087e-20
-1.38763e-20
-7.96463e-21
-4.22423e-21
-2.08788e-21
-9.54819e-22
-3.94279e-22
-1.38329e-22
-3.35977e-23
2.11456e-24
9.87571e-24
8.42936e-24
5.28689e-24
2.79824e-24
1.29657e-24
5.25955e-25
1.82889e-25
2.25182e-26
1.48366e-20
1.60811e-20
1.96166e-19
-7.38342e-19
-1.653e-18
1.42505e-17
1.10934e-17
-4.05612e-17
-1.55788e-16
-1.85916e-16
-1.48872e-16
5.55497e-16
-1.79829e-15
-1.3713e-14
-4.61481e-14
-9.09373e-14
-1.18081e-13
-1.5032e-13
-8.42713e-14
2.15585e-13
1.18252e-12
3.41813e-12
1.02963e-11
2.49507e-11
5.76844e-11
1.45005e-10
3.77549e-10
1.00863e-09
2.67489e-09
7.02694e-09
1.84194e-08
4.82964e-08
1.2531e-07
3.25052e-07
8.44144e-07
2.06664e-06
4.66323e-06
9.74237e-06
1.8934e-05
3.66644e-05
6.96964e-05
0.000127449
0.000224661
0.000383667
0.00063317
0.00101004
0.00156047
0.00235017
0.00345971
0.00499456
0.00708537
0.00988381
0.0135832
0.018379
0.0245065
0.0322006
0.0416905
0.053202
0.0668738
0.0828002
0.10097
0.121298
0.144096
0.169938
0.199564
0.23336
0.271763
0.313733
0.358591
0.404059
0.447687
0.48876
0.523433
0.554109
0.575855
0.589742
0.602333
0.605942
0.599586
0.584639
0.560062
0.523699
0.477605
0.426215
0.371742
0.315735
0.259814
0.206279
0.156511
0.112457
0.0761994
0.048349
0.0272467
0.013884
0.00731936
0.00410679
0.00235775
0.00133713
0.000734538
0.000398996
0.00021996
0.000124468
7.25298e-05
4.41015e-05
2.91244e-05
2.2637e-05
3.53605e-05
5.58334e-05
7.24423e-05
7.90231e-05
7.43486e-05
6.13176e-05
4.3841e-05
2.63104e-05
1.23889e-05
3.03088e-06
-2.468e-06
-4.85884e-06
-5.12391e-06
-4.62464e-06
-3.71572e-06
-2.74058e-06
-1.88812e-06
-1.22966e-06
-7.62469e-07
-4.51589e-07
-2.55254e-07
-1.36822e-07
-6.84356e-08
-3.07757e-08
-1.11868e-08
-1.77843e-09
2.17587e-09
3.37081e-09
3.31123e-09
2.77455e-09
2.13351e-09
1.55114e-09
1.0808e-09
7.26454e-10
4.72606e-10
2.97693e-10
1.81382e-10
1.06587e-10
6.00753e-11
3.21979e-11
1.61422e-11
7.32888e-12
2.77636e-12
6.24624e-13
-2.50473e-13
-4.8975e-13
-4.55165e-13
-3.36811e-13
-2.1883e-13
-1.2799e-13
-6.83537e-14
-3.32109e-14
-1.54697e-14
-7.30393e-15
-3.76148e-15
-2.06014e-15
-1.28396e-15
-9.18795e-16
-7.21186e-16
-4.97855e-16
-2.81508e-16
-9.87619e-17
2.14023e-17
7.67047e-17
8.62454e-17
7.25554e-17
5.20011e-17
3.32509e-17
1.93557e-17
1.03375e-17
5.05957e-18
2.24224e-18
8.6995e-19
2.66963e-19
3.60864e-20
-3.29962e-20
-4.10502e-20
-3.13369e-20
-1.99076e-20
-1.13036e-20
-5.8694e-21
-2.79462e-21
-1.20432e-21
-4.52135e-22
-1.31965e-22
-1.46989e-23
1.74001e-23
1.92028e-23
1.33566e-23
7.64425e-24
3.83523e-24
1.71467e-24
6.87453e-25
1.44351e-25
-2.82364e-22
-2.51548e-20
8.91743e-20
3.25345e-20
-5.67603e-19
5.87092e-19
8.89675e-18
9.52294e-19
-4.39931e-17
-8.29774e-17
-7.6204e-17
-8.71501e-17
-5.59664e-16
-1.96002e-15
-2.76453e-15
-2.3743e-15
-1.071e-16
1.42495e-14
7.90346e-14
2.94008e-13
8.32689e-13
2.2217e-12
6.33384e-12
1.78451e-11
4.81076e-11
1.29456e-10
3.3879e-10
8.86898e-10
2.31663e-09
5.90021e-09
1.50154e-08
3.74409e-08
9.23104e-08
2.24027e-07
5.3863e-07
1.27926e-06
3.02449e-06
6.94676e-06
1.51893e-05
3.14592e-05
6.10107e-05
0.000111683
0.00019338
0.000319686
0.000512496
0.000803567
0.0012346
0.00187035
0.00279065
0.00409617
0.00591191
0.00839015
0.0117264
0.0161268
0.0218443
0.0291505
0.0383257
0.0496274
0.0632471
0.0792838
0.0977366
0.118475
0.141266
0.16593
0.192404
0.220765
0.251258
0.28405
0.319081
0.356137
0.394226
0.432542
0.469753
0.504554
0.535514
0.562006
0.583684
0.59826
0.608241
0.610764
0.608131
0.599027
0.580956
0.553084
0.514245
0.467525
0.415884
0.361271
0.305374
0.250297
0.198289
0.151418
0.110853
0.0777652
0.0522548
0.0337865
0.0206645
0.0119575
0.00736893
0.00502507
0.00363268
0.00274581
0.00215737
0.00177139
0.00151791
0.00133254
0.00115722
0.000972882
0.000778214
0.000586992
0.000414121
0.000271356
0.000163412
8.86359e-05
4.11972e-05
1.37642e-05
-2.36296e-07
-5.44737e-06
-5.86527e-06
-5.45568e-06
-4.46195e-06
-3.27009e-06
-2.20908e-06
-1.39926e-06
-8.38315e-07
-4.75751e-07
-2.54211e-07
-1.25676e-07
-5.51224e-08
-1.89085e-08
-1.98182e-09
4.99757e-09
6.24381e-09
5.68614e-09
4.78772e-09
3.6323e-09
2.59586e-09
1.77095e-09
1.16283e-09
7.38115e-10
4.53497e-10
2.69647e-10
1.54663e-10
8.51406e-11
4.44422e-11
2.14197e-11
8.9955e-12
2.71666e-12
-1.43195e-13
-1.21287e-12
-1.44379e-12
-1.33354e-12
-1.09744e-12
-8.16366e-13
-5.65541e-13
-3.68913e-13
-2.28261e-13
-1.33724e-13
-7.57854e-14
-4.1797e-14
-2.37628e-14
-1.41672e-14
-8.94665e-15
-5.78387e-15
-3.64324e-15
-2.099e-15
-1.03663e-15
-3.85407e-16
-4.96164e-17
8.43135e-17
1.12031e-16
9.56501e-17
6.806e-17
4.32409e-17
2.51829e-17
1.35692e-17
6.75587e-18
3.06929e-18
1.23081e-18
3.96292e-19
6.30159e-20
-4.30505e-20
-5.87916e-20
-4.61344e-20
-2.95789e-20
-1.67347e-20
-8.55924e-21
-3.96782e-21
-1.64128e-21
-5.76794e-22
-1.45172e-22
1.15205e-24
3.4405e-23
3.09081e-23
2.01012e-23
1.11257e-23
5.48522e-24
2.43549e-24
9.78416e-25
2.07183e-25
-1.71535e-20
-1.59162e-19
8.85876e-19
-1.3719e-18
-2.2494e-18
2.83248e-17
3.353e-17
-1.83295e-16
-2.46442e-15
-7.25429e-15
-1.24389e-14
-5.42917e-15
3.44355e-15
5.21487e-15
1.52138e-15
-3.47016e-14
-1.1939e-13
-2.66985e-13
-2.63312e-13
-7.25662e-14
2.11002e-13
1.36851e-12
5.20894e-12
1.35188e-11
3.48625e-11
9.96385e-11
2.72597e-10
7.31961e-10
1.94451e-09
5.10643e-09
1.32458e-08
3.40072e-08
8.58757e-08
2.13167e-07
5.16451e-07
1.21776e-06
2.83113e-06
6.26822e-06
1.32363e-05
2.668e-05
5.03127e-05
8.93555e-05
0.000149833
0.000245154
0.000398839
0.000641997
0.00102104
0.00161147
0.00250242
0.00380617
0.00566971
0.00825947
0.0117789
0.0164841
0.0226715
0.0306885
0.0409118
0.0535953
0.0689674
0.0868656
0.107261
0.12986
0.154399
0.180563
0.207992
0.236473
0.265765
0.295822
0.326582
0.358011
0.389999
0.422211
0.454256
0.485391
0.514882
0.541935
0.565594
0.585141
0.600089
0.609799
0.612692
0.611222
0.605919
0.592434
0.57053
0.540539
0.503392
0.460343
0.412691
0.362092
0.310382
0.259573
0.21145
0.167874
0.1298
0.0980998
0.0725673
0.0529454
0.0382796
0.0277601
0.0203026
0.0151065
0.0114262
0.00874766
0.00671777
0.00510868
0.00380238
0.00273924
0.00189272
0.0012451
0.000773818
0.000450397
0.000242342
0.000117474
4.80055e-05
1.26247e-05
-2.82098e-06
-6.29527e-06
-5.92855e-06
-5.23353e-06
-3.9824e-06
-2.73685e-06
-1.7336e-06
-1.02552e-06
-5.67699e-07
-2.919e-07
-1.35964e-07
-5.31961e-08
-1.18564e-08
4.79943e-09
6.87957e-09
6.63007e-09
6.04754e-09
4.8965e-09
3.65697e-09
2.56461e-09
1.71117e-09
1.09255e-09
6.69154e-10
3.93529e-10
2.2162e-10
1.18894e-10
5.91528e-11
2.56642e-11
9.38201e-12
3.10476e-12
1.71572e-13
-1.24571e-12
-1.83787e-12
-1.92468e-12
-1.82943e-12
-1.58772e-12
-1.28779e-12
-9.88972e-13
-7.2628e-13
-5.12691e-13
-3.48774e-13
-2.28628e-13
-1.45846e-13
-9.07445e-14
-5.62787e-14
-3.45923e-14
-2.07581e-14
-1.18735e-14
-6.28178e-15
-2.95484e-15
-1.14527e-15
-2.84002e-16
5.36064e-17
1.42035e-16
1.32587e-16
9.66259e-17
6.20416e-17
3.65445e-17
2.00387e-17
1.02413e-17
4.82869e-18
2.04338e-18
7.22673e-19
1.62119e-19
-3.57443e-20
-7.91949e-20
-6.82363e-20
-4.56093e-20
-2.63491e-20
-1.35902e-20
-6.2935e-21
-2.57873e-21
-8.88496e-22
-2.13518e-22
8.81655e-24
5.57123e-23
4.78696e-23
3.03959e-23
1.65771e-23
8.12744e-24
3.63249e-24
1.47059e-24
5.29984e-25
7.62397e-26
-2.73868e-19
9.97417e-19
-1.66323e-18
2.80788e-19
1.30302e-17
-1.83271e-16
1.67225e-16
-8.40169e-15
-1.1263e-13
-4.14871e-13
-7.93226e-13
-5.33755e-13
-1.72848e-13
2.21425e-13
5.1106e-13
4.1632e-13
-7.13275e-14
-3.21447e-13
-2.17714e-12
-6.28705e-12
-4.347e-12
5.35822e-12
2.48392e-11
5.74784e-11
8.98569e-11
1.12782e-10
3.52624e-10
1.10689e-09
2.91636e-09
7.02443e-09
1.60026e-08
3.50867e-08
7.45071e-08
1.53106e-07
3.43259e-07
8.78472e-07
2.14087e-06
5.04392e-06
1.11205e-05
2.25268e-05
4.21079e-05
7.52016e-05
0.000133287
0.00024098
0.000433264
0.000766738
0.001327
0.00221577
0.00358721
0.00570311
0.00881506
0.013095
0.0188431
0.0265099
0.0365331
0.049136
0.0644702
0.0825299
0.103791
0.128002
0.154744
0.182309
0.210428
0.238899
0.267483
0.296132
0.324634
0.352998
0.381189
0.409074
0.436666
0.463605
0.48969
0.514529
0.53774
0.558877
0.577344
0.592545
0.604051
0.610722
0.611253
0.609041
0.604361
0.59532
0.578598
0.555466
0.526506
0.492297
0.453578
0.411334
0.36674
0.321151
0.275941
0.232608
0.192279
0.156074
0.12443
0.0976782
0.0755915
0.0578544
0.0438103
0.0328572
0.0243521
0.0177739
0.012708
0.00884313
0.00595093
0.00384829
0.0023756
0.00138875
0.000762277
0.00038806
0.000179019
6.99832e-05
1.91751e-05
-1.90236e-06
-6.18833e-06
-5.61128e-06
-4.74738e-06
-3.48277e-06
-2.30001e-06
-1.38618e-06
-7.70326e-07
-3.95174e-07
-1.77811e-07
-6.21728e-08
-2.10858e-08
-5.66161e-09
1.4386e-09
4.98695e-09
5.18714e-09
4.58979e-09
3.55742e-09
2.51621e-09
1.65436e-09
1.02597e-09
6.02799e-10
3.28256e-10
1.64649e-10
8.59816e-11
4.62178e-11
2.46089e-11
1.23037e-11
5.21144e-12
1.39383e-12
-6.55851e-13
-1.334e-12
-1.44105e-12
-1.39012e-12
-1.27738e-12
-1.11659e-12
-9.46457e-13
-7.78788e-13
-6.25992e-13
-4.89345e-13
-3.728e-13
-2.75944e-13
-1.97747e-13
-1.35807e-13
-8.9789e-14
-5.66639e-14
-3.36351e-14
-1.852e-14
-9.26439e-15
-4.02238e-15
-1.41784e-15
-2.85053e-16
1.01645e-16
1.7316e-16
1.41713e-16
9.33897e-17
5.48717e-17
2.98047e-17
1.51438e-17
7.16781e-18
3.08879e-18
1.13877e-18
2.88637e-19
-2.87693e-20
-1.10782e-19
-1.03467e-19
-7.24918e-20
-4.33389e-20
-2.29472e-20
-1.08397e-20
-4.50712e-21
-1.57226e-21
-3.87693e-22
4.18114e-24
8.7364e-23
7.50074e-23
4.65856e-23
2.46285e-23
1.17125e-23
5.12596e-24
2.07454e-24
7.63374e-25
2.39807e-25
5.06659e-26
-1.86267e-26
-5.27542e-19
3.21964e-18
-1.20439e-17
3.13202e-17
8.8672e-17
-4.42343e-15
-3.59021e-14
-4.13451e-13
-3.60361e-12
-1.45363e-11
-3.46961e-11
-3.22146e-11
-2.40439e-11
-8.65559e-12
4.55756e-12
1.13107e-11
8.72819e-12
1.03573e-11
7.71678e-12
2.66301e-12
-6.98117e-11
-2.75832e-10
-5.32441e-10
-8.63765e-10
-1.04009e-09
-4.65462e-10
1.69976e-09
6.84375e-09
1.77064e-08
3.98299e-08
8.31729e-08
1.65502e-07
3.19403e-07
6.01097e-07
1.15296e-06
2.28453e-06
4.51807e-06
8.68853e-06
1.64837e-05
3.16671e-05
6.14108e-05
0.000122591
0.000252711
0.000497425
0.000959347
0.00185724
0.00336331
0.0056497
0.00927207
0.0155209
0.0247845
0.0371734
0.0526891
0.0718004
0.0956352
0.123687
0.153836
0.184862
0.21695
0.248623
0.28024
0.310789
0.34013
0.368152
0.394972
0.420849
0.44563
0.469074
0.490951
0.511079
0.529626
0.544802
0.557682
0.570903
0.583
0.592501
0.598672
0.600866
0.601451
0.600308
0.596308
0.589057
0.578177
0.56288
0.542846
0.518309
0.489597
0.457141
0.423519
0.388718
0.350396
0.311334
0.272697
0.235178
0.199546
0.166361
0.136219
0.109427
0.0862
0.0664784
0.0501304
0.0368556
0.0263362
0.0182121
0.0121331
0.00775023
0.00472396
0.00273108
0.001475
0.000736359
0.000336055
0.0001362
4.44601e-05
5.31393e-06
-3.75244e-06
-4.40966e-06
-3.89794e-06
-2.95405e-06
-1.95618e-06
-1.16168e-06
-6.00239e-07
-2.91e-07
-1.50415e-07
-8.04013e-08
-4.16329e-08
-1.83192e-08
-5.20048e-09
6.38863e-10
2.15159e-09
2.18428e-09
1.77518e-09
1.2342e-09
7.93448e-10
5.09952e-10
3.24059e-10
2.01796e-10
1.22438e-10
7.13757e-11
3.81768e-11
1.79084e-11
7.90658e-12
3.51766e-12
1.52968e-12
5.75303e-13
5.41177e-14
-3.11022e-13
-4.50879e-13
-4.51545e-13
-3.89544e-13
-3.31777e-13
-2.78983e-13
-2.38821e-13
-2.04888e-13
-1.77314e-13
-1.51362e-13
-1.27458e-13
-1.04608e-13
-8.28213e-14
-6.02783e-14
-4.08981e-14
-2.459e-14
-1.30414e-14
-6.00305e-15
-2.31374e-15
-5.73479e-16
8.40649e-18
1.76142e-16
1.51841e-16
9.31703e-17
4.80498e-17
2.18438e-17
8.79676e-18
3e-18
6.92832e-19
-9.56818e-20
-2.84155e-19
-2.63838e-19
-1.91923e-19
-1.23174e-19
-7.18701e-20
-3.82414e-20
-1.83964e-20
-7.84556e-21
-2.82076e-21
-7.29307e-22
-1.61901e-23
1.41445e-22
1.22585e-22
7.35595e-23
3.65592e-23
1.58042e-23
6.00873e-24
2.03328e-24
6.0099e-25
1.30855e-25
-6.82686e-27
-3.62925e-26
-3.34252e-26
-2.39326e-26
-1.25577e-26
1.68779e-18
-7.65665e-18
1.97675e-17
-5.83783e-17
-1.56914e-16
-1.70348e-14
-1.35725e-12
-1.13083e-11
-8.47755e-11
-4.3743e-10
-1.28238e-09
-1.46121e-09
-1.33217e-09
-9.03756e-10
-3.02028e-10
-3.88119e-10
3.56775e-11
3.03845e-10
3.06621e-10
2.17667e-10
-2.68623e-10
-1.53816e-09
-3.1615e-09
-3.5187e-09
2.62779e-10
1.36063e-08
4.60735e-08
1.14934e-07
2.49167e-07
4.95589e-07
9.26878e-07
1.6509e-06
2.8263e-06
4.63429e-06
7.52008e-06
1.24527e-05
2.14418e-05
3.90238e-05
7.36339e-05
0.000143552
0.000274805
0.00057305
0.00121271
0.0022882
0.00483711
0.0122733
0.0248611
0.0415389
0.0625191
0.0889845
0.119575
0.153943
0.190734
0.228176
0.264999
0.300651
0.335212
0.368935
0.403625
0.436626
0.460517
0.477367
0.493792
0.508945
0.521283
0.531975
0.540237
0.545501
0.548902
0.551906
0.554365
0.556584
0.558516
0.5595
0.558969
0.556464
0.551772
0.544473
0.534164
0.520522
0.503555
0.48379
0.461832
0.438097
0.412942
0.38664
0.359523
0.331628
0.303332
0.274688
0.246126
0.217819
0.190276
0.163563
0.138308
0.114624
0.0930075
0.0735852
0.0566849
0.0423029
0.0304698
0.0210356
0.0138646
0.00867731
0.00513409
0.00285495
0.00148071
0.000704669
0.000287144
0.000113335
4.63665e-05
1.87244e-05
7.03793e-06
2.18127e-06
-2.88846e-07
-1.00606e-06
-8.6642e-07
-5.65326e-07
-3.40426e-07
-2.02243e-07
-1.15561e-07
-5.93486e-08
-2.69512e-08
-1.19352e-08
-5.55141e-09
-2.63483e-09
-1.01256e-09
-4.22079e-12
3.56898e-10
3.10988e-10
2.15561e-10
1.41888e-10
9.34458e-11
6.02695e-11
3.79669e-11
2.34582e-11
1.42612e-11
8.57535e-12
5.09857e-12
2.89731e-12
1.4469e-12
5.90905e-13
1.95054e-13
4.27655e-14
-1.87196e-14
-3.74794e-14
-3.33157e-14
-2.6268e-14
-1.91994e-14
-1.39963e-14
-1.04573e-14
-7.91751e-15
-6.19507e-15
-5.65614e-15
-5.95124e-15
-6.81973e-15
-7.59541e-15
-7.73864e-15
-6.09419e-15
-4.01928e-15
-2.0983e-15
-9.33597e-16
-3.38966e-16
-3.53941e-17
1.07858e-16
1.01742e-16
5.42945e-17
1.88655e-17
2.53052e-18
-2.37154e-18
-2.68603e-18
-1.84838e-18
-1.05685e-18
-5.47448e-19
-2.67133e-19
-1.25062e-19
-5.80386e-20
-2.67548e-20
-1.15416e-20
-4.26382e-21
-1.11714e-21
-1.13775e-23
2.33583e-22
1.9978e-22
1.16213e-22
5.39678e-23
2.03472e-23
5.78237e-24
7.78562e-25
-4.02239e-25
-4.18437e-25
-2.38889e-25
-1.40709e-25
-9.45315e-26
-6.41151e-26
-4.01829e-26
-2.27983e-26
-1.17336e-26
-5.56784e-27
-1.71554e-27
4.41925e-18
-2.65179e-17
1.1332e-16
-4.85869e-16
-1.26375e-15
4.29249e-13
-4.03133e-12
-7.96294e-11
-7.00039e-10
-3.70475e-09
-1.80807e-08
-4.20154e-08
-5.40446e-08
-4.69502e-08
-3.20494e-08
-1.16515e-08
1.24288e-08
2.11761e-08
2.50877e-08
3.46985e-08
4.91177e-08
7.47553e-08
1.31531e-07
2.61003e-07
5.402e-07
1.10429e-06
2.1782e-06
4.11383e-06
7.43142e-06
1.28529e-05
2.13107e-05
3.39104e-05
5.18663e-05
7.58461e-05
0.000109007
0.000158447
0.000240792
0.000392664
0.000686674
0.00124459
0.00216447
0.00639633
0.0199115
0.0431357
0.0730252
0.112632
0.153492
0.191778
0.231016
0.27121
0.310689
0.352084
0.387591
0.406616
0.425099
0.45047
0.474426
0.484987
0.486216
0.484864
0.481753
0.478416
0.474019
0.467442
0.458619
0.448264
0.437173
0.426453
0.41608
0.406009
0.39534
0.384413
0.372455
0.359361
0.345613
0.331017
0.31578
0.299689
0.283055
0.266031
0.249073
0.232117
0.215229
0.198646
0.182435
0.166698
0.151589
0.136846
0.122678
0.108886
0.0956376
0.0827869
0.07064
0.0590408
0.0483048
0.038408
0.0296221
0.0219711
0.0156189
0.0105384
0.00663211
0.00391344
0.00220052
0.00119887
0.000641038
0.000337615
0.000174972
8.90455e-05
4.47578e-05
2.0692e-05
7.4579e-06
1.85934e-06
2.74064e-07
-8.80672e-08
-1.49636e-07
-1.3268e-07
-9.09551e-08
-5.6442e-08
-3.32072e-08
-1.90901e-08
-1.08636e-08
-6.02088e-09
-3.09281e-09
-1.4106e-09
-5.80124e-10
-2.28562e-10
-8.38115e-11
-2.46827e-11
1.67142e-11
1.63697e-11
1.08442e-11
6.90819e-12
4.37672e-12
2.75224e-12
1.71368e-12
1.0567e-12
6.46086e-13
3.92226e-13
2.37017e-13
1.43045e-13
8.58765e-14
4.94214e-14
2.49921e-14
8.31899e-15
2.55443e-16
-1.08838e-15
-5.02857e-16
-1.18968e-16
1.32549e-16
2.98822e-16
3.79995e-16
4.33777e-16
4.43069e-16
4.28287e-16
4.06655e-16
3.86123e-16
3.51421e-16
3.00154e-16
2.35937e-16
1.98813e-16
2.03691e-16
1.81886e-16
1.26982e-16
6.54148e-17
1.92776e-17
-2.53399e-18
-7.2193e-18
-5.20475e-18
-2.54727e-18
-9.53498e-19
-2.68779e-19
-4.29625e-20
1.01535e-20
1.38756e-20
8.74164e-21
4.15406e-21
1.95943e-21
1.17163e-21
7.56363e-22
4.3563e-22
2.02768e-22
6.78643e-23
1.06939e-23
-2.33604e-24
-2.52468e-24
-1.4148e-24
-6.40465e-25
-2.34737e-25
-6.43064e-26
-8.97446e-27
1.32195e-27
-9.71487e-27
-1.20845e-26
-8.47443e-27
-4.68218e-27
-2.23605e-27
-9.01647e-28
-2.44738e-28
3.75716e-29
1.20104e-28
-3.38424e-18
5.81918e-18
1.21325e-17
-1.55026e-15
-2.32507e-14
1.79044e-12
-4.85153e-11
-9.52641e-10
-1.14149e-08
-6.34078e-08
-2.42964e-07
-5.40649e-07
-7.45336e-07
-6.95608e-07
-4.28993e-07
-9.11757e-08
2.68826e-07
8.60713e-07
1.25852e-06
1.95491e-06
3.36473e-06
6.27202e-06
1.21495e-05
2.34792e-05
4.41513e-05
7.98948e-05
0.000138613
0.000230446
0.000367472
0.000563069
0.000830683
0.00118195
0.00162507
0.00215161
0.00279814
0.00363844
0.00490803
0.0069011
0.0149446
0.0320994
0.0616415
0.106915
0.164965
0.219097
0.263479
0.302026
0.325477
0.346098
0.372727
0.40105
0.4148
0.416088
0.412282
0.404538
0.393021
0.372402
0.339487
0.30487
0.272009
0.243652
0.217501
0.194548
0.173801
0.157067
0.143609
0.132894
0.12367
0.115502
0.107256
0.0993834
0.0914361
0.0840958
0.0769082
0.0700569
0.0636045
0.0573587
0.0515016
0.0459352
0.0408116
0.036032
0.0316975
0.0277586
0.0242243
0.0211022
0.0183878
0.0159958
0.0138931
0.0119835
0.0102864
0.0087212
0.00729232
0.0059719
0.00478364
0.00371487
0.00279508
0.00202451
0.0014144
0.000948794
0.000612585
0.000379014
0.000225393
0.000128223
6.97238e-05
3.60448e-05
1.76395e-05
8.08716e-06
3.3885e-06
1.20156e-06
2.42529e-07
-1.2584e-07
-2.16903e-07
-1.83752e-07
-9.28769e-08
-1.83581e-08
-5.97532e-09
-3.42377e-09
-1.8968e-09
-1.03326e-09
-5.63382e-10
-3.08881e-10
-1.70689e-10
-9.59704e-11
-5.51473e-11
-3.14024e-11
-1.70665e-11
-8.53859e-12
-3.82924e-12
-3.35708e-12
-1.00634e-12
1.22022e-13
1.74808e-14
-4.93273e-15
-6.87464e-15
-4.92215e-15
-2.67268e-15
-1.30491e-15
-5.33149e-16
-1.87636e-16
-4.26509e-17
-1.4199e-17
-7.4775e-18
-7.90639e-18
4.2871e-17
1.69942e-16
2.91952e-16
5.09252e-17
-1.27359e-17
5.75733e-18
3.6872e-17
7.2781e-17
1.03018e-16
1.25704e-16
1.42859e-16
1.6573e-16
1.68359e-16
1.63784e-16
1.60511e-16
1.56963e-16
1.34357e-16
8.695e-17
4.02948e-17
9.08463e-18
-5.21831e-18
-7.54799e-18
-4.64169e-18
-1.5319e-18
-1.64455e-20
2.99173e-19
2.05003e-19
9.08924e-20
3.12158e-20
8.85656e-21
2.08188e-21
3.84193e-22
7.28161e-23
3.36516e-22
3.20107e-22
1.89758e-22
8.56379e-23
2.94235e-23
6.48759e-24
1.25267e-25
-4.56207e-25
-7.72639e-26
1.62309e-26
1.18881e-26
5.5492e-27
1.90063e-27
4.2915e-28
1.04722e-28
3.69531e-28
5.98755e-28
4.92113e-28
3.85392e-28
3.20562e-28
2.56705e-28
1.87204e-28
1.24191e-28
7.66457e-29
3.22889e-29
-1.12223e-17
5.21065e-17
-2.30362e-16
-2.52655e-14
-6.36457e-13
9.70511e-12
1.47989e-09
4.10995e-09
-4.47794e-08
1.03809e-07
6.38628e-07
1.79823e-06
3.67017e-06
5.89011e-06
8.73265e-06
1.69293e-05
4.8318e-05
0.000289462
0.00093123
0.00143268
0.00190614
0.00250934
0.00348559
0.00509174
0.00749816
0.0107827
0.0149173
0.0197992
0.0251839
0.0309927
0.0371792
0.0437462
0.0509574
0.0603467
0.0759223
0.0982563
0.127823
0.166943
0.203929
0.250979
0.298322
0.337315
0.355133
0.351292
0.342475
0.331178
0.317932
0.298566
0.265321
0.225022
0.184289
0.14395
0.106512
0.0801148
0.0633625
0.0506026
0.040722
0.0329444
0.0259171
0.0199434
0.0145841
0.0103091
0.00707312
0.00485592
0.00335398
0.0023391
0.00161175
0.00109027
0.000723226
0.000500975
0.000348447
0.000233685
0.000146414
8.06286e-05
3.18479e-05
-4.04966e-06
-2.97296e-05
-4.7826e-05
-6.00866e-05
-6.77865e-05
-7.20215e-05
-7.35679e-05
-7.30714e-05
-7.1025e-05
-6.78224e-05
-6.3749e-05
-5.90567e-05
-5.38951e-05
-4.84802e-05
-4.29137e-05
-3.73545e-05
-3.19075e-05
-2.67204e-05
-2.19075e-05
-1.75691e-05
-1.3784e-05
-1.05695e-05
-7.91717e-06
-5.77217e-06
-4.08104e-06
-2.76794e-06
-1.79122e-06
-1.09253e-06
-6.19815e-07
-3.21681e-07
-1.50946e-07
-6.40779e-08
-2.46265e-08
-9.28649e-09
-4.735e-09
-2.87279e-09
-1.60691e-09
-1.23173e-09
-3.49341e-10
-1.46432e-10
-6.4061e-11
-2.72747e-11
-1.08975e-11
-3.81888e-12
-9.30934e-13
1.28893e-13
3.97921e-13
3.27325e-13
1.84822e-13
7.57723e-14
4.60756e-15
-5.44085e-14
-1.27078e-13
-1.7815e-13
-1.21578e-14
-4.98549e-16
-8.29084e-16
-4.97784e-16
-2.45583e-16
-1.30376e-16
-7.55549e-17
-4.31977e-17
-2.44532e-17
-1.29474e-17
-6.98574e-18
-3.50822e-18
-2.10924e-18
-3.13689e-18
-7.36644e-18
3.6344e-18
5.72014e-18
1.53823e-18
1.30411e-18
3.79726e-18
8.75666e-18
1.31112e-17
1.65647e-17
1.7848e-17
1.88441e-17
1.71283e-17
1.54073e-17
1.38169e-17
1.09751e-17
2.20256e-18
-2.28771e-18
-2.86188e-18
-1.55352e-18
-2.2825e-19
3.4797e-19
3.32108e-19
1.42177e-19
2.65936e-20
-5.27967e-21
-5.81053e-21
-2.43e-21
-6.9452e-22
-1.47978e-22
-2.21552e-23
-3.21065e-24
-7.90329e-24
-1.29293e-23
-6.70834e-24
-3.51279e-24
-2.06909e-24
-1.07141e-24
-4.07683e-25
-9.4609e-26
-5.87888e-27
2.17326e-27
-4.45605e-29
-3.32341e-29
-9.35726e-30
2.34202e-30
4.7451e-30
3.04944e-30
6.11049e-30
1.99028e-29
3.05776e-29
2.87822e-29
2.11677e-29
1.3641e-29
7.95237e-30
4.00665e-30
1.4185e-30
-1.11489e-31
-9.77925e-18
7.35774e-17
-4.02548e-16
-5.10549e-13
-1.72489e-11
-2.81162e-10
7.04348e-09
1.1118e-06
2.61349e-05
0.000251134
0.00140657
0.00496333
0.0109646
0.0175932
0.0209106
0.0232927
0.0258906
0.02998
0.0377279
0.0491875
0.0636167
0.082524
0.109948
0.150045
0.203425
0.265351
0.324971
0.360934
0.366809
0.361253
0.346883
0.319547
0.284274
0.248579
0.219791
0.203848
0.20159
0.202377
0.199339
0.184459
0.159875
0.127206
0.0894308
0.0599044
0.0423136
0.0320082
0.0250205
0.0194355
0.0146454
0.0107182
0.00732886
0.00442066
0.00223255
0.00135467
0.000814149
0.000482127
0.00028194
0.000163498
9.34632e-05
5.19027e-05
2.69279e-05
1.16029e-05
2.23869e-06
-3.68837e-06
-7.41323e-06
-9.96531e-06
-1.14504e-05
-1.23519e-05
-1.25253e-05
-1.25453e-05
-1.2364e-05
-1.25339e-05
-1.28396e-05
-1.33647e-05
-1.3925e-05
-1.45158e-05
-1.49534e-05
-1.48362e-05
-1.4311e-05
-1.34589e-05
-1.24921e-05
-1.14933e-05
-1.0474e-05
-9.44065e-06
-8.38146e-06
-7.31409e-06
-6.27465e-06
-5.24413e-06
-4.28036e-06
-3.36844e-06
-2.55594e-06
-1.84416e-06
-1.26674e-06
-8.1977e-07
-4.99694e-07
-2.86753e-07
-1.55367e-07
-7.94638e-08
-3.85002e-08
-1.76973e-08
-7.74829e-09
-3.25898e-09
-1.32918e-09
-5.27695e-10
-2.04929e-10
-7.85209e-11
-2.98705e-11
-1.13463e-11
-4.41158e-12
-1.83246e-12
-8.12419e-13
-4.78679e-13
-6.46346e-13
4.31577e-14
7.62014e-14
7.91953e-14
9.0924e-14
9.07954e-14
7.86599e-14
6.12336e-14
4.44703e-14
2.98621e-14
1.77796e-14
9.54779e-15
4.63407e-15
2.21219e-15
1.18934e-15
4.00525e-16
-1.66793e-15
-1.02258e-15
-6.30808e-17
-2.24506e-17
-1.66253e-17
-2.71569e-17
-1.61698e-17
-1.13306e-17
-7.8858e-18
-5.40402e-18
-3.54274e-18
-2.26131e-18
-1.35665e-18
-9.54617e-19
-1.17154e-18
-1.61068e-18
-9.67624e-19
-9.81925e-21
-2.9132e-20
-2.76566e-19
-5.3961e-19
-7.7566e-19
-8.61354e-19
-9.20206e-19
-9.74215e-19
-1.03688e-18
-1.04896e-18
-1.10104e-18
-1.14107e-18
-9.94377e-19
-2.44571e-19
5.14272e-20
1.05623e-19
6.53666e-20
1.50255e-20
-9.21431e-21
-1.01095e-20
-4.11832e-21
-7.68409e-22
3.43636e-23
6.60558e-23
2.21524e-23
4.39948e-24
4.77982e-25
-1.23053e-25
-2.35001e-25
-3.16065e-25
-5.85023e-25
-6.17741e-25
-3.6646e-25
-1.48029e-25
-4.06244e-26
-5.58864e-27
5.7839e-28
3.22005e-28
3.78421e-30
-3.21427e-30
5.36363e-32
-1.91661e-31
-1.19247e-31
-1.28746e-31
-2.11751e-31
-3.58139e-31
-5.24763e-31
-5.94562e-31
-5.81548e-31
-5.88638e-31
-5.9617e-31
-5.74186e-31
-5.17422e-31
-4.08459e-31
-1.72839e-31
1.05149e-19
1.00512e-17
-6.2533e-16
-2.49811e-11
-1.06736e-09
-1.75531e-08
1.17016e-07
1.30964e-05
0.000218935
0.002247
0.0281017
0.125929
0.268373
0.329612
0.325902
0.280357
0.175736
0.0679087
0.0145175
0.00535018
0.00518791
0.00549889
0.00658803
0.00854958
0.0111663
0.0140129
0.0165871
0.0184641
0.0194506
0.0196672
0.0192211
0.018309
0.017387
0.0170038
0.0171058
0.0172365
0.0138239
0.00729514
0.00368012
0.00190968
0.00109101
0.000554125
0.000141618
5.23931e-05
2.87198e-05
1.85903e-05
1.313e-05
9.44749e-06
6.77854e-06
4.7295e-06
3.15945e-06
1.96235e-06
1.05908e-06
5.2293e-07
2.44343e-07
1.03104e-07
2.41437e-08
-1.88527e-08
-3.87949e-08
-5.68934e-08
-6.13715e-08
-7.57379e-08
-1.02444e-07
-1.58517e-07
-1.95934e-07
-2.31809e-07
-2.46953e-07
-2.66689e-07
-2.58666e-07
-2.50783e-07
-2.23562e-07
-2.01767e-07
-1.65841e-07
-1.31403e-07
-9.59657e-08
-6.00737e-08
-4.02471e-08
-2.87669e-08
-2.36661e-08
-2.02882e-08
-1.76386e-08
-1.50475e-08
-1.25258e-08
-1.01677e-08
-8.02688e-09
-6.14791e-09
-4.56134e-09
-3.24379e-09
-2.2256e-09
-1.44905e-09
-9.02263e-10
-5.28681e-10
-2.93816e-10
-1.54037e-10
-7.77952e-11
-3.8628e-11
-1.90264e-11
-9.19771e-12
-4.31513e-12
-1.94763e-12
-8.45056e-13
-3.53844e-13
-1.43932e-13
-5.71568e-14
-2.2293e-14
-8.61922e-15
-3.32662e-15
-1.29153e-15
-5.26591e-16
-3.51275e-16
-5.65116e-16
9.80983e-16
5.73627e-15
2.57691e-15
2.68086e-15
2.41767e-15
2.11717e-15
1.8909e-15
1.60193e-15
1.25269e-15
9.10811e-16
6.14085e-16
3.06584e-16
1.48234e-16
9.49175e-17
6.12169e-17
3.59726e-17
2.53448e-17
4.94225e-18
-3.79467e-18
-7.41638e-19
9.62579e-19
4.6597e-19
5.17682e-21
5.71323e-21
-6.00398e-21
-1.51383e-20
-2.01316e-20
-2.11895e-20
-1.83526e-20
-1.42148e-20
-1.02036e-20
-3.9993e-21
3.54201e-21
-9.89909e-21
-2.01957e-21
4.12725e-22
-5.58927e-21
-1.63429e-20
-2.79788e-20
-3.15883e-20
-3.1415e-20
-2.47229e-20
-1.82667e-20
-9.18886e-21
-1.54131e-21
8.48652e-21
1.54735e-20
4.0443e-21
-7.94642e-22
-1.34014e-21
-8.04423e-22
-2.10114e-22
6.95619e-23
8.27507e-23
3.07395e-23
5.41172e-24
1.04261e-25
-2.01458e-25
-5.67577e-26
-6.58893e-27
1.913e-27
2.15079e-27
1.47791e-27
4.31962e-27
9.38388e-27
6.45056e-27
3.18008e-27
1.47708e-27
5.87436e-28
1.62321e-28
2.2752e-29
-5.20871e-31
-3.44642e-31
2.26807e-32
-1.00045e-33
1.51587e-34
1.47746e-34
2.20928e-34
2.05708e-34
-1.27083e-34
-1.18679e-33
-3.56818e-33
-7.66125e-33
-9.5835e-33
-9.3297e-33
-8.49356e-33
-7.20582e-33
-4.74686e-33
-7.22137e-34
)
;

boundaryField
{
    inlet
    {
        type            uniformFixedValue;
        uniformValue    table;
        uniformValueCoeffs
        {
            values          
4
(
(0 1)
(0.15 1)
(0.151 0)
(1 0)
)
;
        }
        value           uniform 0;
    }
    outlet
    {
        type            inletOutlet;
        inletValue      uniform 0;
        value           nonuniform List<scalar> 
20
(
0
0
0
0
4.78872e-32
6.78591e-29
-9.56773e-28
-6.33701e-27
2.25182e-26
1.44351e-25
2.07183e-25
7.62397e-26
-1.86267e-26
-1.25577e-26
-1.71554e-27
1.20104e-28
0
0
0
0
)
;
    }
    walls
    {
        type            zeroGradient;
    }
    frontAndBack
    {
        type            empty;
    }
}


// ************************************************************************* //
