/*--------------------------------*- C++ -*----------------------------------*\
| =========                 |                                                 |
| \\      /  F ield         | OpenFOAM: The Open Source CFD Toolbox           |
|  \\    /   O peration     | Version:  2506                                  |
|   \\  /    A nd           | Website:  www.openfoam.com                      |
|    \\/     M anipulation  |                                                 |
\*---------------------------------------------------------------------------*/
FoamFile
{
    version     2.0;
    format      ascii;
    arch        "LSB;label=32;scalar=64";
    class       volScalarField;
    location    "3.7914";
    object      s;
}
// * * * * * * * * * * * * * * * * * * * * * * * * * * * * * * * * * * * * * //

dimensions      [0 0 0 0 0 0 0];

internalField   nonuniform List<scalar> 
4000
(
-3.13667e-21
1.48921e-20
-5.69168e-20
1.54684e-19
-1.38006e-20
-3.2448e-18
2.32341e-17
-9.12347e-17
1.85769e-16
3.38042e-17
-1.35934e-14
-3.05092e-13
-2.68002e-12
-1.6505e-11
-2.00644e-10
-1.39909e-09
4.81726e-10
6.55357e-08
9.86014e-07
1.40906e-05
0.000131629
0.00088731
0.00582804
0.026264
0.0701222
0.128802
0.160793
0.164645
0.160166
0.145035
0.104861
0.0471581
0.00889719
0.00203217
0.00241418
0.00344511
0.00517029
0.00782982
0.0115534
0.015738
0.0194219
0.0222354
0.0250812
0.0284629
0.0313722
0.0339358
0.0362513
0.0388301
0.041286
0.0436452
0.046024
0.0481285
0.0502673
0.0520421
0.0534701
0.054574
0.055349
0.0557868
0.0559094
0.055751
0.0552862
0.0545112
0.0534286
0.0520121
0.0491456
0.0430213
0.0325297
0.0192274
0.0105943
0.00656298
0.00400464
0.00231445
0.0012814
0.000686798
0.000360319
0.00018589
9.34042e-05
4.48581e-05
2.05198e-05
9.46129e-06
4.55232e-06
2.24366e-06
1.10542e-06
5.34781e-07
2.50328e-07
1.1347e-07
4.98835e-08
2.11868e-08
8.69695e-09
3.41109e-09
1.24114e-09
4.26677e-10
1.28449e-10
2.3802e-11
-3.44293e-12
-1.917e-11
-4.45519e-11
-1.5198e-10
-2.74773e-10
-3.55362e-10
-1.53174e-10
-1.04089e-10
-3.25866e-10
-1.28836e-09
-5.74875e-09
-2.5337e-08
-8.81673e-08
-2.23783e-07
-4.32414e-07
-6.33342e-07
-8.60026e-07
-1.14831e-06
-1.53922e-06
-2.07119e-06
-2.6982e-06
-3.32287e-06
-3.65638e-06
-3.80772e-06
-3.75507e-06
-3.47923e-06
-2.97413e-06
-2.26862e-06
-1.39091e-06
-3.49872e-07
8.02108e-07
2.03556e-06
3.31923e-06
4.60696e-06
5.87056e-06
7.16051e-06
9.57757e-06
1.29377e-05
1.85023e-05
2.19292e-05
2.52611e-05
3.3864e-05
3.13067e-05
3.71708e-05
3.32479e-05
2.85304e-05
2.27736e-05
1.99363e-05
1.88115e-05
1.80732e-05
1.69759e-05
1.54344e-05
1.32864e-05
1.07546e-05
8.05786e-06
5.49102e-06
3.37234e-06
1.81117e-06
8.48611e-07
3.3958e-07
1.22455e-07
4.60438e-08
1.76938e-08
-1.82287e-08
-8.49231e-08
-1.89613e-07
-3.34692e-07
-5.57805e-07
-1.06192e-06
-1.57361e-06
-2.31128e-06
-3.41701e-06
-4.71146e-06
-5.07592e-06
-5.19201e-06
-5.41208e-06
-5.832e-06
-6.233e-06
-6.44271e-06
-6.44674e-06
-6.2271e-06
-5.77535e-06
-5.13363e-06
-4.38009e-06
-3.60647e-06
-2.85911e-06
-2.19981e-06
-1.65601e-06
-1.23079e-06
-9.02095e-07
-6.52616e-07
-4.43202e-07
-2.94179e-07
-1.78349e-07
-1.01896e-07
-5.59751e-08
-3.17111e-08
-1.91832e-08
-1.19235e-08
-7.7383e-09
-5.24386e-09
-3.63141e-09
-2.67409e-09
-1.96456e-09
-1.51216e-09
-9.6231e-10
-1.6556e-21
5.40035e-21
-1.05231e-20
2.95744e-21
1.07736e-19
-6.23046e-19
1.95302e-18
-2.53208e-18
-8.6813e-18
6.73556e-17
-3.04175e-16
-7.92652e-15
-6.45224e-14
-3.96698e-13
-2.98402e-12
-2.5327e-11
-7.37291e-11
6.27926e-10
1.21838e-08
1.97969e-07
2.08969e-06
1.54943e-05
9.17227e-05
0.000419354
0.00131246
0.003082
0.0060731
0.00946615
0.0131772
0.0169471
0.0202093
0.0223365
0.0220073
0.020976
0.0190877
0.0171613
0.0154526
0.0142864
0.0134167
0.0128982
0.0121073
0.0112144
0.0104638
0.00980642
0.00925587
0.0087895
0.00836921
0.00807756
0.00786092
0.00773829
0.007743
0.00782298
0.00821615
0.00878341
0.00983421
0.0112956
0.0132585
0.0159878
0.0191119
0.0230309
0.0271226
0.0314129
0.0356987
0.0397923
0.043467
0.0452825
0.0459802
0.0460842
0.0468653
0.0473285
0.0474894
0.047277
0.0468285
0.0458935
0.044149
0.0394617
0.0301124
0.0179987
0.00862256
0.00418819
0.00241311
0.00146749
0.000866743
0.000487315
0.000255899
0.000128339
6.24635e-05
2.9624e-05
1.36656e-05
6.10503e-06
2.63383e-06
1.10004e-06
4.44328e-07
1.73089e-07
6.50269e-08
2.27901e-08
6.51312e-09
-1.05505e-09
-6.78699e-09
-2.06104e-08
-5.74748e-08
-1.08817e-07
-1.88421e-07
-3.03231e-07
-4.71434e-07
-7.46914e-07
-1.29101e-06
-2.32711e-06
-4.04937e-06
-6.02285e-06
-6.87559e-06
-7.26625e-06
-7.03756e-06
-6.04022e-06
-2.11292e-06
5.57942e-05
0.000437579
0.00116536
0.00220628
0.00352464
0.00506838
0.00670222
0.00834901
0.00999849
0.0115705
0.0130442
0.014406
0.0156252
0.0167064
0.0177393
0.0186036
0.0193508
0.0201525
0.0207515
0.0212485
0.0219387
0.0222595
0.0226916
0.0228935
0.0229162
0.0227061
0.0222288
0.0213934
0.020273
0.0186256
0.0168013
0.0144779
0.0120663
0.00964316
0.00734244
0.00539259
0.00373706
0.0024948
0.00157166
0.000956481
0.000549411
0.000301869
0.00015615
7.74106e-05
3.68832e-05
1.58726e-05
3.93174e-06
-3.52881e-06
-8.74857e-06
-1.25943e-05
-1.44155e-05
-1.37202e-05
-9.7075e-06
2.71661e-06
5.21773e-05
0.000175584
0.000410743
0.000763225
0.00100224
0.00109804
0.00109692
0.0010437
0.000963116
0.00086143
0.000733348
0.00057777
0.000405518
0.000236168
9.70509e-05
1.85651e-05
-1.65637e-06
-8.04275e-06
-9.53079e-06
-8.98459e-06
-7.57496e-06
-5.861e-06
-4.16303e-06
-2.66208e-06
-1.45084e-06
-5.54343e-07
5.15105e-08
4.1634e-07
5.92457e-07
6.36087e-07
5.85354e-07
-9.95243e-23
2.03033e-22
8.60195e-22
2.51305e-22
-2.77079e-20
2.00514e-19
-8.28254e-19
2.19014e-18
-3.35134e-18
2.00833e-18
-6.38262e-19
-8.64484e-19
-3.05999e-17
-4.63696e-16
-3.61985e-15
-1.7534e-14
-2.64273e-12
-8.78228e-12
-1.18777e-11
6.05291e-11
6.12792e-10
3.46921e-09
1.54425e-08
5.9826e-08
1.85764e-07
4.55296e-07
9.59141e-07
1.71543e-06
2.83752e-06
4.96672e-06
1.42201e-05
0.000474677
0.00160941
0.00309208
0.00443402
0.00519523
0.00536633
0.00520303
0.00483277
0.00431616
0.00360278
0.00292727
0.00241547
0.0020383
0.00176099
0.00154392
0.00136041
0.00121526
0.00109256
0.000992204
0.000913905
0.000850622
0.000807776
0.000774651
0.000756735
0.000751869
0.000759449
0.000867123
0.00121712
0.00204048
0.00337508
0.00542758
0.00836113
0.012062
0.0168364
0.0222051
0.0272726
0.0316094
0.0353815
0.0386234
0.0414862
0.0443431
0.0469366
0.0489253
0.0505873
0.0522971
0.0537023
0.0539297
0.052807
0.0510929
0.048111
0.0408384
0.0298611
0.0176087
0.00887746
0.00475501
0.00297405
0.0019086
0.00118368
0.000689408
0.000379102
0.000199601
0.000102505
5.15799e-05
2.53738e-05
1.21195e-05
5.61849e-06
2.48764e-06
9.86864e-07
2.2592e-07
-2.29607e-07
-6.29438e-07
-1.1096e-06
-1.70884e-06
-2.20948e-06
-2.36863e-06
-1.92439e-06
4.46768e-07
1.09997e-05
0.000110279
0.000872112
0.00246647
0.00504868
0.00842409
0.0124976
0.0169104
0.021636
0.0267174
0.0321836
0.0377509
0.0430755
0.0477801
0.0519235
0.0556361
0.058947
0.0619114
0.0645741
0.0669696
0.0690962
0.0710238
0.0727076
0.0741933
0.0755681
0.0767645
0.077852
0.0789073
0.0798081
0.0806861
0.0814705
0.0821887
0.0827755
0.0830723
0.0829855
0.0824833
0.0811015
0.079088
0.0755037
0.0706797
0.0646333
0.0573285
0.049534
0.0409769
0.0326951
0.0244901
0.0172356
0.0114542
0.00727316
0.00449716
0.00289087
0.00202521
0.00165343
0.00129407
0.00102278
0.00118524
0.00181811
0.00265876
0.00368163
0.0041954
0.0040776
0.00394282
0.00444264
0.00613834
0.00949455
0.01418
0.0195813
0.0251738
0.0305452
0.0353049
0.0389506
0.0409714
0.0411532
0.0395143
0.0362056
0.0315089
0.0258517
0.0202002
0.0156036
0.0120257
0.00930536
0.00739289
0.0062224
0.0056444
0.00542043
0.00530182
0.00513089
0.00485585
0.00449531
0.00408113
0.00363678
0.00313503
1.10346e-22
-2.23758e-22
-3.03838e-22
5.13064e-21
-2.53342e-20
8.05684e-20
-1.61105e-19
1.14856e-19
4.37368e-19
-1.74978e-18
3.12097e-18
3.83312e-18
2.81991e-18
1.46872e-19
-9.66886e-18
-1.78885e-16
-2.56529e-15
-4.40843e-13
-1.09848e-12
-1.69955e-12
2.71479e-12
3.80385e-11
1.40864e-10
1.89557e-10
-1.15434e-10
-3.31857e-10
-1.16333e-10
7.26359e-09
2.9341e-08
8.0951e-08
1.81932e-07
3.87893e-07
4.44708e-07
6.3e-07
1.66498e-05
6.0145e-05
0.000109273
0.000145656
0.000160917
0.000155776
0.000134401
0.000112349
9.5126e-05
8.19004e-05
7.20286e-05
6.42642e-05
5.77387e-05
5.26381e-05
4.81813e-05
4.44093e-05
4.13347e-05
3.87202e-05
3.6945e-05
3.53619e-05
3.42361e-05
3.34682e-05
3.3203e-05
3.36671e-05
3.47056e-05
3.70982e-05
4.06101e-05
4.62203e-05
5.38298e-05
0.000296827
0.00109461
0.00261788
0.00499079
0.00809563
0.0116878
0.0153977
0.0190305
0.023051
0.0272283
0.0313463
0.0353631
0.0393512
0.0435482
0.0473972
0.0508383
0.0529373
0.0547312
0.0573665
0.0587802
0.0580907
0.0563245
0.0535485
0.0483118
0.0391199
0.0275826
0.0158257
0.00807889
0.00489801
0.00335361
0.00236944
0.00156723
0.000891336
0.000489079
0.000279582
0.00015938
9.15743e-05
5.37422e-05
3.37538e-05
2.65079e-05
3.64919e-05
0.000147378
0.000749426
0.00248959
0.00564859
0.0101729
0.0157982
0.0223534
0.0299622
0.0388614
0.0471423
0.054435
0.0608685
0.0663407
0.0708391
0.0744478
0.0770722
0.0788301
0.0801927
0.0814891
0.0827284
0.0839016
0.0848587
0.0855788
0.0862346
0.0867798
0.0872045
0.0875807
0.0879055
0.0881585
0.0884168
0.0886308
0.0887911
0.089032
0.0892455
0.0895585
0.0899831
0.090586
0.091313
0.0920968
0.0929458
0.0938788
0.094903
0.0960406
0.0968402
0.0970369
0.0963071
0.0945817
0.0914164
0.087168
0.0811968
0.0730832
0.0623589
0.0508046
0.039444
0.0298626
0.0219362
0.018815
0.0179751
0.0213985
0.0264529
0.0315612
0.035564
0.0391988
0.0404229
0.03874
0.0351975
0.0311671
0.0281324
0.0273381
0.0298461
0.0360795
0.045584
0.0575746
0.0713963
0.0851395
0.0938637
0.0991988
0.102916
0.104753
0.104608
0.102683
0.0990644
0.0933792
0.0848991
0.0744062
0.0630924
0.051971
0.0423825
0.0360522
0.034176
0.0370373
0.0439877
0.0538695
0.0636577
0.0710826
0.0790078
4.8127e-24
8.23952e-24
-2.53666e-22
9.60833e-22
-1.68989e-21
-2.30789e-21
2.34798e-20
-7.34788e-20
1.37344e-19
-1.70738e-19
6.3819e-20
9.60653e-19
-2.08428e-18
1.39323e-17
-5.64654e-18
3.88447e-17
4.20061e-17
-4.37587e-16
-5.88542e-15
-1.0586e-13
-9.55072e-14
2.54891e-13
8.39726e-13
-3.95072e-13
-1.11041e-11
-1.80922e-11
3.71823e-11
4.26627e-10
1.59225e-09
4.29163e-09
1.04936e-08
2.211e-08
1.91298e-08
5.72841e-08
-4.88549e-08
-2.17792e-07
-3.96887e-07
-5.30483e-07
-6.00485e-07
-6.15187e-07
-5.88887e-07
-5.37832e-07
-4.76746e-07
-4.14758e-07
-3.5705e-07
-3.04913e-07
-2.5859e-07
-2.18643e-07
-1.8412e-07
-1.54641e-07
-1.29734e-07
-1.08629e-07
-9.08602e-08
-7.58142e-08
-6.42251e-08
-5.71831e-08
-5.646e-08
-6.29083e-08
-8.02591e-08
-1.41303e-07
-2.71372e-07
-5.5718e-07
-1.14406e-06
2.32625e-07
4.12255e-06
1.14372e-05
2.34047e-05
4.43065e-05
0.000407099
0.00114902
0.00224519
0.00377822
0.00575767
0.00823337
0.0111027
0.0142875
0.0178797
0.0219526
0.0268856
0.0320037
0.0369374
0.0419908
0.0467561
0.0518059
0.0556675
0.0575981
0.0604205
0.0633182
0.0632891
0.0620003
0.0597212
0.0565625
0.0513732
0.0431439
0.0329956
0.0225256
0.0143622
0.0115663
0.0108827
0.0111852
0.0116029
0.0124332
0.0137916
0.0159044
0.0194227
0.0241723
0.0313424
0.0402827
0.0493576
0.058032
0.0656648
0.0718181
0.0762669
0.078542
0.0802301
0.0816961
0.0820619
0.0817945
0.080907
0.0794936
0.0777178
0.0757272
0.0735471
0.0711921
0.0687566
0.0663206
0.0640231
0.0619057
0.0599713
0.0581512
0.0565029
0.0549919
0.0535061
0.0521919
0.0509505
0.0496855
0.0486561
0.0476663
0.0468678
0.0462875
0.0459706
0.0461788
0.0470532
0.0486631
0.0513898
0.0548679
0.0596073
0.0651155
0.0711319
0.0773298
0.0830014
0.0874239
0.0896513
0.0910742
0.0921255
0.0928289
0.0909396
0.0870057
0.0813849
0.073898
0.071285
0.0727957
0.0762882
0.0795526
0.0823246
0.084154
0.0852608
0.0848907
0.0831504
0.0803536
0.0765478
0.0719413
0.0674557
0.0639342
0.0624988
0.0641738
0.0693588
0.0775054
0.0872995
0.0971586
0.105723
0.112177
0.116332
0.117775
0.117692
0.117373
0.116442
0.114706
0.112089
0.109214
0.106048
0.102361
0.0980374
0.0929013
0.0856775
0.0785255
0.0747085
0.0766685
0.0806427
0.104954
6.50363e-25
-8.47727e-24
5.69667e-23
-3.22287e-22
1.2921e-21
-3.72667e-21
7.05881e-21
-7.6387e-21
1.70553e-21
6.49115e-21
-2.49714e-20
1.21839e-19
-7.62422e-19
2.02675e-18
-3.30464e-18
1.17232e-17
7.83907e-18
1.22025e-16
-9.72607e-17
-2.68e-15
-7.09514e-15
1.0369e-14
2.20146e-15
-5.50497e-14
-1.19605e-13
9.41595e-13
6.79747e-12
2.63892e-11
7.08772e-11
2.10374e-10
5.53675e-10
4.63646e-10
-1.25832e-10
2.43536e-09
-2.39247e-08
-6.78057e-08
-1.16489e-07
-1.57308e-07
-1.76477e-07
-1.69403e-07
-1.38445e-07
-1.01976e-07
-7.26773e-08
-5.23581e-08
-3.91418e-08
-3.04846e-08
-2.46573e-08
-2.08999e-08
-1.8421e-08
-1.68704e-08
-1.60613e-08
-1.57472e-08
-1.59744e-08
-1.64412e-08
-1.8005e-08
-2.00439e-08
-2.21709e-08
-2.46993e-08
-3.01509e-08
-4.43832e-08
-6.90968e-08
-1.30308e-07
-2.58219e-07
-5.06984e-07
-1.05476e-06
-2.0666e-06
-3.5769e-06
-5.573e-06
-2.91482e-06
3.18797e-06
1.20897e-05
2.28445e-05
3.33639e-05
5.86183e-05
0.000303798
0.000829182
0.00170679
0.00302998
0.00492744
0.00746335
0.0108185
0.0150691
0.0200289
0.0257579
0.0319831
0.0379689
0.0437337
0.0490732
0.054297
0.0592584
0.0616914
0.0635159
0.0664027
0.0701679
0.0716596
0.0716524
0.0710648
0.0701456
0.0692053
0.0683907
0.0675825
0.0669382
0.0668821
0.0676948
0.0695027
0.0720442
0.0751567
0.0778671
0.0799522
0.0817617
0.0822107
0.0811204
0.0786918
0.0752042
0.0708777
0.0657563
0.060006
0.0542848
0.0486265
0.0432696
0.0383681
0.0340358
0.0302724
0.0270211
0.0242503
0.0218989
0.0199079
0.0182271
0.0167992
0.0155792
0.0145697
0.0137206
0.0129626
0.0123309
0.0117683
0.0112408
0.0108219
0.0104398
0.010138
0.00991898
0.0097932
0.00981813
0.0100967
0.0106934
0.0118408
0.0135135
0.0162377
0.0200827
0.0252275
0.031909
0.0397273
0.0494596
0.059408
0.0687166
0.0767797
0.0834547
0.0881307
0.0906031
0.0924994
0.0934759
0.0950182
0.0977777
0.0995
0.0999447
0.0996759
0.0986929
0.0967596
0.0947294
0.093336
0.0925394
0.0920346
0.0915146
0.0909356
0.0906271
0.090639
0.0910025
0.0919022
0.0936985
0.096583
0.100052
0.103552
0.106259
0.107352
0.106478
0.103826
0.0999701
0.0957405
0.0921014
0.090044
0.0905631
0.0942325
0.0987908
0.10227
0.10521
0.10747
0.109749
0.111893
0.113243
0.112832
0.119867
3.67901e-24
-1.15092e-23
3.12554e-23
-7.7073e-23
1.44319e-22
-1.22161e-22
-2.27421e-22
8.23504e-22
-8.21818e-22
-3.04402e-22
1.5677e-21
-4.78401e-21
-3.08264e-20
1.85802e-19
-2.14621e-18
1.02221e-17
-3.8925e-17
8.71648e-17
1.78681e-18
-3.81985e-16
1.11899e-15
2.50924e-15
1.30082e-15
-7.87033e-15
-4.94367e-15
8.87305e-14
5.06159e-13
1.65446e-12
4.07467e-12
1.72043e-11
6.43198e-11
1.25742e-11
-1.97242e-10
-1.32716e-09
-9.21625e-10
-5.13494e-10
9.88009e-11
4.72205e-10
6.57084e-10
7.26992e-10
7.36517e-10
7.14443e-10
6.69037e-10
6.02363e-10
5.18979e-10
4.22955e-10
3.21409e-10
2.19527e-10
1.20463e-10
2.62364e-11
-6.23926e-11
-1.43179e-10
-2.19638e-10
-2.90472e-10
-3.8891e-10
-7.3593e-10
-1.64023e-09
-3.06477e-09
-5.17641e-09
-9.20151e-09
-1.65481e-08
-3.13455e-08
-4.94303e-08
-8.16564e-08
-2.02725e-07
-4.39006e-07
-9.41046e-07
-1.49473e-06
-2.22517e-06
-2.94547e-06
-3.91597e-06
-4.92992e-06
-5.59393e-06
-4.81857e-06
-1.15803e-06
4.10819e-06
1.04398e-05
2.10781e-05
5.00596e-05
0.000138966
0.000509717
0.00135111
0.00276571
0.00486563
0.00788229
0.0121697
0.0173496
0.022875
0.0284889
0.0342088
0.039414
0.0438562
0.0479375
0.0517767
0.0555721
0.0601288
0.0652411
0.068383
0.0705811
0.0723135
0.0738394
0.0752527
0.0764342
0.0785587
0.0797688
0.0793596
0.0774593
0.0743106
0.0699757
0.0645393
0.0579057
0.0506685
0.0431964
0.0360496
0.0294803
0.0237687
0.0189528
0.0149663
0.011797
0.00944093
0.00768977
0.00637708
0.00537671
0.00460075
0.00399511
0.00351713
0.00313662
0.00283179
0.00258437
0.00238029
0.00221433
0.00207693
0.00195687
0.0018592
0.00177417
0.00169806
0.00164012
0.00158979
0.00155353
0.00153223
0.00152717
0.00154665
0.00158241
0.0016379
0.00172292
0.00183597
0.00199446
0.00235555
0.00316939
0.00481121
0.00748462
0.0119391
0.018271
0.0267427
0.0362846
0.0467299
0.0578141
0.0679439
0.0760286
0.0826436
0.0864409
0.0884265
0.0888221
0.0874564
0.0840133
0.0793241
0.0739128
0.069762
0.0680397
0.0688429
0.0718647
0.0765888
0.0820522
0.0866956
0.0903193
0.0934889
0.0964922
0.0990821
0.100696
0.101278
0.101034
0.099772
0.0965773
0.0911904
0.0841867
0.0761736
0.0678254
0.0598401
0.0528851
0.0475894
0.0445604
0.0443484
0.047447
0.0541546
0.0640442
0.0764731
0.0903552
0.104149
0.110645
0.12619
5.97478e-25
-1.53587e-24
1.4401e-24
4.21395e-24
-2.90718e-23
9.22649e-23
-1.87341e-22
2.62753e-22
-2.95664e-22
1.46947e-22
2.09827e-21
-1.41134e-20
5.32005e-20
-1.17677e-19
-1.46821e-20
1.34396e-18
-7.38889e-18
1.90523e-17
-3.31122e-17
-6.83677e-19
2.80291e-16
2.20742e-16
4.03229e-17
-5.15797e-16
-4.30189e-16
4.55137e-15
2.4635e-14
7.22723e-14
2.56174e-13
2.53865e-12
4.51774e-12
-1.57054e-11
-6.8009e-11
-2.19651e-10
-1.46188e-10
5.3966e-11
2.88343e-10
4.55273e-10
5.53215e-10
6.24285e-10
6.44318e-10
6.29497e-10
5.97316e-10
5.57392e-10
5.15134e-10
4.70715e-10
4.25291e-10
3.8228e-10
3.40748e-10
3.02193e-10
2.65842e-10
2.2856e-10
1.92108e-10
1.64557e-10
1.41958e-10
1.18987e-10
8.88627e-11
4.40018e-11
-2.44156e-11
-2.11701e-10
-7.41853e-10
-1.99954e-09
-4.07461e-09
-8.477e-09
-2.78494e-08
-6.74127e-08
-1.57673e-07
-2.61912e-07
-4.82331e-07
-7.71128e-07
-1.0819e-06
-1.35454e-06
-1.51504e-06
-1.49324e-06
-1.24268e-06
-5.98706e-07
4.36587e-07
2.1413e-06
5.68719e-06
1.11494e-05
1.68241e-05
2.54206e-05
5.16884e-05
0.000135596
0.000383881
0.00104728
0.00225806
0.00406588
0.00655166
0.00985083
0.0135223
0.0170283
0.0201136
0.0225366
0.0244551
0.025971
0.0274246
0.0288075
0.0303145
0.0316705
0.0330056
0.0339538
0.0343655
0.033998
0.0326751
0.0306324
0.0279345
0.0248287
0.0214545
0.0179373
0.0145052
0.0113889
0.0087552
0.00667589
0.00507582
0.00387909
0.00298584
0.0023169
0.00181687
0.00143908
0.00115129
0.000932481
0.000765097
0.000635994
0.000536295
0.00045877
0.000398167
0.000350604
0.000312947
0.000282852
0.000259145
0.000240292
0.000224587
0.000212531
0.00020266
0.000194552
0.000189045
0.00018492
0.00018285
0.00018303
0.00018557
0.000191765
0.000200942
0.000213167
0.000229496
0.000249824
0.000276605
0.000312132
0.000360452
0.00043018
0.000526384
0.00066336
0.00118768
0.00288988
0.00605974
0.0111513
0.0183522
0.0274801
0.0365094
0.0455668
0.0507424
0.052645
0.0517374
0.0486705
0.0436227
0.0379632
0.0324452
0.0285756
0.0268773
0.0272136
0.0294243
0.0333915
0.0389528
0.0457518
0.053205
0.0606428
0.0673698
0.0727849
0.0764518
0.0780863
0.0775351
0.074799
0.070074
0.0637561
0.0563956
0.048605
0.0409438
0.0338623
0.0276733
0.0226109
0.018857
0.0165453
0.0158542
0.017113
0.0207531
0.0272813
0.0366746
0.0493431
0.0608344
0.0852831
-1.40626e-25
4.23985e-25
-9.74194e-25
2.12909e-24
-4.28017e-24
7.98492e-24
-1.57672e-23
3.93785e-23
-9.09258e-23
9.25423e-23
3.50217e-22
-2.36199e-21
9.34618e-21
-3.13755e-20
1.0359e-19
-2.78089e-19
5.13167e-19
4.8681e-20
-4.23116e-18
7.97731e-18
8.77316e-18
-2.82088e-17
-4.62829e-17
1.18195e-17
-3.14522e-17
3.54894e-16
1.80703e-15
4.58478e-15
6.15021e-14
4.52541e-13
-1.06892e-12
-4.28098e-12
-8.31892e-12
1.49487e-12
1.1884e-11
3.36696e-11
5.42192e-11
6.62894e-11
7.30639e-11
7.3788e-11
6.67348e-11
5.63526e-11
4.58773e-11
3.70589e-11
3.0304e-11
2.4439e-11
1.9309e-11
1.50456e-11
1.14688e-11
8.61097e-12
6.43021e-12
4.85887e-12
3.92883e-12
3.5396e-12
3.55333e-12
5.21912e-12
7.91031e-12
1.00639e-11
9.69264e-12
3.96682e-14
-3.24092e-11
-1.12795e-10
-2.87771e-10
-5.74745e-10
-1.70477e-09
-4.4829e-09
-1.13434e-08
-2.16839e-08
-3.68028e-08
-9.00409e-08
-1.60882e-07
-2.38674e-07
-3.03389e-07
-3.42374e-07
-3.71832e-07
-2.93107e-07
-2.63543e-08
3.60348e-07
9.2324e-07
1.84636e-06
3.15381e-06
5.13307e-06
8.5229e-06
1.17517e-05
1.23587e-05
1.01093e-05
8.07366e-06
2.19069e-05
0.000103223
0.000377926
0.000874072
0.00152716
0.00223643
0.00284306
0.0032784
0.00344989
0.00344842
0.0033167
0.00323182
0.00320739
0.0032736
0.00337
0.00347056
0.00353586
0.00352731
0.0034483
0.00327569
0.00302199
0.00269492
0.00231546
0.00191915
0.001539
0.00119991
0.000916868
0.000688956
0.000514011
0.000382622
0.000285131
0.000213579
0.000160919
0.0001219
9.29688e-05
7.13393e-05
5.50977e-05
4.2863e-05
3.35787e-05
2.6528e-05
2.11953e-05
1.71828e-05
1.42003e-05
1.20611e-05
1.0567e-05
9.53152e-06
8.95203e-06
8.66478e-06
8.62208e-06
8.84861e-06
9.24108e-06
9.83316e-06
1.06428e-05
1.16734e-05
1.30535e-05
1.47917e-05
1.68694e-05
1.94089e-05
2.24492e-05
2.62684e-05
3.08917e-05
3.63595e-05
4.27554e-05
4.97957e-05
5.67862e-05
7.42467e-05
0.000110962
0.000174815
0.000273746
0.00100396
0.0030607
0.00611697
0.0104025
0.0131884
0.0141795
0.0134755
0.0117382
0.00948572
0.00752199
0.00605606
0.00528837
0.00514409
0.00551546
0.00639162
0.00783257
0.00993998
0.012836
0.016588
0.0208774
0.0252817
0.0293291
0.0325171
0.0344111
0.034742
0.0334741
0.030821
0.0271891
0.0230657
0.0189029
0.0150376
0.0116663
0.00888023
0.00682874
0.00556813
0.00488623
0.00467695
0.00494592
0.00581726
0.00752938
0.0102516
0.0147412
0.0193547
0.0337323
-1.91568e-26
5.71052e-26
-9.04439e-26
4.61058e-26
3.24394e-25
-1.33567e-24
2.86352e-24
-3.34769e-24
3.08543e-25
9.16011e-24
-4.98192e-23
2.55793e-22
-9.79412e-22
2.16413e-21
1.40818e-21
-3.44205e-20
1.56666e-19
-3.55828e-19
2.78303e-19
1.11557e-18
-3.38622e-18
-5.53331e-18
-5.68361e-18
3.24898e-18
1.59574e-18
7.28826e-17
-1.27634e-16
6.4922e-16
2.34667e-14
8.70551e-15
-2.36581e-13
-5.82139e-13
-4.12743e-13
2.16654e-12
6.55962e-12
6.98691e-12
6.11219e-12
5.45229e-12
4.81501e-12
4.12131e-12
3.33873e-12
2.66535e-12
1.87874e-12
3.39496e-13
-1.82895e-12
-4.32048e-12
-6.58536e-12
-8.33659e-12
-9.5072e-12
-1.00623e-11
-1.00461e-11
-9.53367e-12
-8.48651e-12
-6.66163e-12
-3.66448e-12
9.81714e-13
7.49857e-12
1.43853e-11
1.80059e-11
1.89365e-11
1.61227e-11
7.02361e-12
-1.36355e-11
-4.84127e-11
-1.59493e-10
-4.37275e-10
-1.11643e-09
-2.2341e-09
-3.64172e-09
-7.02917e-09
-1.19494e-08
-1.78636e-08
-2.29816e-08
-2.52773e-08
-3.16784e-08
-4.31376e-08
-2.35654e-08
4.82039e-08
1.37368e-07
2.59031e-07
4.52296e-07
7.57494e-07
1.21828e-06
1.83193e-06
2.42365e-06
2.40523e-06
1.71469e-06
5.409e-07
-3.97695e-06
-8.25977e-06
-1.24296e-05
-1.62812e-05
-1.93805e-05
-2.14178e-05
-2.23293e-05
-2.23026e-05
-2.15701e-05
-2.02197e-05
-1.82905e-05
-1.5849e-05
-1.26192e-05
-8.45898e-06
-3.22543e-06
2.79416e-06
8.87522e-06
1.42738e-05
1.83822e-05
2.10994e-05
2.23988e-05
2.23851e-05
2.13188e-05
1.94405e-05
1.70383e-05
1.43558e-05
1.15308e-05
8.76717e-06
6.14972e-06
3.74159e-06
1.60478e-06
-2.77101e-07
-1.89615e-06
-3.21785e-06
-4.27408e-06
-5.16122e-06
-5.95709e-06
-6.63131e-06
-7.11155e-06
-7.40806e-06
-7.54831e-06
-7.56304e-06
-7.47318e-06
-7.28676e-06
-7.01188e-06
-6.6649e-06
-6.25569e-06
-5.80045e-06
-5.31374e-06
-4.80899e-06
-4.29575e-06
-3.78149e-06
-3.27223e-06
-2.77497e-06
-2.29757e-06
-1.84604e-06
-1.42583e-06
-1.03579e-06
-6.53762e-07
-2.66635e-07
1.00677e-07
3.73899e-07
4.45388e-07
3.68806e-08
-9.54372e-07
-3.37089e-06
-7.62276e-06
-1.46757e-05
-4.68583e-06
2.67424e-05
7.0172e-05
0.000118027
0.000148931
0.000170968
0.0001899
0.000225994
0.000267649
0.000312213
0.000354319
0.00041199
0.000501225
0.000636615
0.000839271
0.0011367
0.00156025
0.00213794
0.00288049
0.00376858
0.00474344
0.00570194
0.00650639
0.00701277
0.00711579
0.00680171
0.00617686
0.00539817
0.00460234
0.00389599
0.00335105
0.00297225
0.00273287
0.00254545
0.00235584
0.00218374
0.00211761
0.0021631
0.00234962
0.00275552
0.0034259
0.00443314
0.00556074
0.00903023
4.93041e-28
-1.27798e-27
1.84562e-27
-2.57434e-27
1.56112e-27
8.36346e-28
2.23398e-26
-1.90333e-25
6.12158e-25
-6.3839e-25
-3.19365e-24
2.2945e-23
-9.89223e-23
3.46051e-22
-9.86792e-22
1.76704e-21
4.38325e-22
-1.56275e-20
4.71461e-20
-1.03643e-20
-1.36779e-19
-4.36883e-19
1.49285e-18
-1.34934e-19
-1.54678e-17
9.82599e-17
-3.59587e-16
4.74055e-16
1.43953e-15
-7.24929e-15
-2.37766e-14
-4.6562e-14
1.71371e-13
4.31322e-13
6.43254e-13
5.43425e-13
4.98056e-13
4.77668e-13
4.52878e-13
4.23429e-13
2.98166e-13
-1.72997e-13
-2.33815e-12
-7.756e-12
-1.45195e-11
-2.1276e-11
-2.6717e-11
-3.02102e-11
-3.17279e-11
-3.13796e-11
-2.95914e-11
-2.68444e-11
-2.32383e-11
-1.8241e-11
-8.98914e-12
6.84494e-12
2.88372e-11
5.55018e-11
8.26536e-11
1.01963e-10
1.075e-10
9.84231e-11
8.03832e-11
6.27789e-11
3.72318e-11
-7.50587e-12
-9.85103e-11
-2.5607e-10
-4.46736e-10
-7.61152e-10
-1.14146e-09
-1.53143e-09
-1.66318e-09
-1.10874e-09
2.96923e-10
1.14108e-09
1.5071e-09
1.00538e-08
2.60951e-08
4.62377e-08
7.56865e-08
1.19575e-07
1.831e-07
2.70353e-07
3.69108e-07
4.52123e-07
4.67331e-07
-2.50372e-07
-2.01569e-06
-4.68693e-06
-7.97132e-06
-1.14614e-05
-1.49407e-05
-1.86612e-05
-2.14859e-05
-2.34153e-05
-2.47498e-05
-2.54593e-05
-2.5598e-05
-2.5312e-05
-2.42623e-05
-2.21089e-05
-1.91144e-05
-1.54943e-05
-1.16327e-05
-8.30929e-06
-6.0969e-06
-4.6222e-06
-3.59127e-06
-2.90185e-06
-2.49972e-06
-2.37906e-06
-2.49156e-06
-2.73967e-06
-3.05996e-06
-3.41446e-06
-3.77288e-06
-4.11184e-06
-4.40527e-06
-4.62686e-06
-4.91172e-06
-5.11911e-06
-5.25262e-06
-5.32837e-06
-5.3083e-06
-5.20972e-06
-5.04275e-06
-4.83474e-06
-4.60101e-06
-4.35165e-06
-4.09727e-06
-3.84516e-06
-3.59291e-06
-3.35762e-06
-3.13411e-06
-2.92601e-06
-2.74379e-06
-2.57642e-06
-2.3995e-06
-2.20055e-06
-1.98958e-06
-1.7973e-06
-1.63297e-06
-1.49689e-06
-1.39383e-06
-1.33745e-06
-1.28826e-06
-1.26963e-06
-1.27086e-06
-1.29014e-06
-1.36601e-06
-1.61624e-06
-2.0919e-06
-2.92626e-06
-4.44683e-06
-6.91459e-06
-1.04436e-05
-1.50619e-05
-1.78439e-05
-1.73309e-05
-1.10137e-05
-2.52021e-06
6.76559e-06
1.56288e-05
2.25431e-05
2.7733e-05
3.11097e-05
3.56963e-05
4.30673e-05
5.4509e-05
7.19491e-05
9.82628e-05
0.000136818
0.000190613
0.000260884
0.000345475
0.00043782
0.000527813
0.000606913
0.0006765
0.000749554
0.000841148
0.000940722
0.00104337
0.00115363
0.00143426
0.00179988
0.00229759
0.00292152
0.00350142
0.00389202
0.00400499
0.00392077
0.00373961
0.00354118
0.00339381
0.00333285
0.00335214
0.00343167
0.00383211
-2.1262e-27
6.53529e-27
6.44676e-27
-8.34268e-26
3.45127e-25
-8.06886e-25
9.67589e-25
-8.29573e-26
-5.86739e-25
-3.54808e-24
1.33759e-23
-1.65929e-23
-1.70438e-23
3.84549e-23
1.35612e-22
3.58224e-22
1.19692e-22
1.74104e-21
6.24366e-22
-7.8108e-21
2.3141e-20
-3.04758e-20
3.29412e-19
-5.57919e-19
-2.64662e-19
8.68211e-18
-4.35462e-17
1.20519e-16
-3.00148e-16
-7.57053e-16
-3.09854e-15
6.85457e-15
2.81396e-14
2.90579e-14
3.36775e-14
3.41376e-14
3.49106e-14
3.70925e-14
3.84687e-14
-4.25523e-14
-4.88851e-13
-4.27502e-12
-2.03868e-11
-5.53049e-11
-1.0137e-10
-1.51584e-10
-1.95867e-10
-2.28018e-10
-2.44454e-10
-2.4108e-10
-2.16526e-10
-1.71298e-10
-1.22502e-10
-7.82058e-11
-3.81004e-11
2.94086e-12
5.1503e-11
1.11945e-10
1.85736e-10
2.6616e-10
3.40215e-10
3.85778e-10
3.92057e-10
3.57395e-10
2.83693e-10
2.14648e-10
1.60166e-10
1.06542e-10
4.8149e-11
-1.50435e-11
-7.52473e-11
-1.20062e-10
-7.64702e-11
1.20484e-10
5.42268e-10
1.30692e-09
1.995e-09
2.92538e-09
5.1683e-09
8.38322e-09
1.31927e-08
2.03936e-08
3.1179e-08
4.69669e-08
6.7491e-08
1.00271e-07
1.50139e-07
1.22293e-07
-4.94348e-08
-4.57997e-07
-1.19682e-06
-2.28348e-06
-3.83425e-06
-6.11864e-06
-8.85581e-06
-1.16134e-05
-1.41179e-05
-1.60316e-05
-1.7184e-05
-1.73446e-05
-1.65462e-05
-1.488e-05
-1.26487e-05
-1.01944e-05
-7.8287e-06
-5.75078e-06
-4.03696e-06
-2.70002e-06
-1.70552e-06
-9.78956e-07
-4.82482e-07
-2.69821e-07
-1.86739e-07
-1.52252e-07
-1.43253e-07
-1.51452e-07
-1.70437e-07
-1.96766e-07
-2.30762e-07
-2.72083e-07
-3.19665e-07
-3.73257e-07
-4.33401e-07
-5.03621e-07
-5.84913e-07
-6.7555e-07
-7.79577e-07
-8.87535e-07
-9.93506e-07
-1.09806e-06
-1.1979e-06
-1.28098e-06
-1.33296e-06
-1.34322e-06
-1.31413e-06
-1.24955e-06
-1.15386e-06
-1.01197e-06
-7.96214e-07
-5.52124e-07
-3.78203e-07
-3.09634e-07
-2.97186e-07
-3.26405e-07
-4.5807e-07
-6.72745e-07
-9.25555e-07
-1.17744e-06
-1.42055e-06
-1.63008e-06
-1.82808e-06
-2.03725e-06
-2.2903e-06
-2.72858e-06
-3.22256e-06
-4.01041e-06
-5.35343e-06
-6.9701e-06
-8.02854e-06
-8.32532e-06
-7.41293e-06
-5.70371e-06
-3.48672e-06
-1.47008e-06
-1.93346e-07
4.40678e-07
1.30152e-06
2.57842e-06
4.22747e-06
6.06093e-06
7.41433e-06
7.90835e-06
7.60526e-06
6.76137e-06
5.8771e-06
5.72095e-06
7.48831e-06
1.27849e-05
2.90997e-05
0.00010794
0.000284929
0.000636571
0.00127134
0.0023079
0.00404812
0.00686211
0.010892
0.0163736
0.0229466
0.0293079
0.0344603
0.0376914
0.0385827
0.037132
0.0337795
0.029225
0.024231
0.0194599
0.0154027
0.011767
-1.81307e-26
2.67062e-26
-8.12838e-27
-6.7966e-26
1.00737e-24
-5.57153e-24
1.58988e-23
-1.96854e-23
-1.74181e-23
1.07947e-22
-1.42266e-22
-1.43561e-22
6.6772e-22
1.24176e-21
1.52377e-21
1.10405e-21
9.04218e-23
-2.1577e-21
-5.32786e-21
-8.18055e-21
-1.08532e-20
4.13247e-22
-2.92878e-20
-4.58963e-20
4.80217e-19
-2.31019e-18
6.19882e-18
-4.79134e-18
-7.34768e-18
-1.19593e-16
7.34931e-17
1.32481e-15
1.25948e-15
1.30129e-15
1.57817e-15
1.96608e-15
1.67528e-15
1.0694e-14
8.26636e-14
-1.5141e-12
-5.22546e-12
-3.41972e-11
-1.54944e-10
-4.16998e-10
-7.72444e-10
-1.22324e-09
-1.60561e-09
-1.8579e-09
-2.01077e-09
-2.08418e-09
-2.10309e-09
-3.21747e-09
-4.98686e-09
-6.52961e-09
-7.17209e-09
-6.83706e-09
-6.02432e-09
-4.87398e-09
-3.60747e-09
-2.35438e-09
-1.26168e-09
-3.73023e-10
2.9031e-10
7.73265e-10
1.13224e-09
1.21176e-09
1.09512e-09
9.13652e-10
7.30054e-10
5.66601e-10
4.33182e-10
3.35338e-10
2.88173e-10
3.06229e-10
3.57356e-10
4.82612e-10
6.46962e-10
7.90456e-10
1.09783e-09
1.56481e-09
2.25569e-09
3.31854e-09
5.01617e-09
7.81185e-09
1.25131e-08
2.20706e-08
4.46798e-08
8.32844e-08
1.21813e-07
1.35393e-07
1.22235e-07
6.80578e-08
-8.27246e-08
-4.07687e-07
-9.38081e-07
-1.61218e-06
-2.35178e-06
-2.98367e-06
-3.41504e-06
-3.54344e-06
-3.3697e-06
-2.93478e-06
-2.37066e-06
-1.79625e-06
-1.29418e-06
-8.99299e-07
-6.0716e-07
-3.99619e-07
-2.57426e-07
-1.63e-07
-9.68664e-08
-4.76439e-08
-1.86825e-08
-4.32959e-09
8.87651e-10
2.39803e-09
6.07224e-10
-1.26087e-08
-3.82413e-08
-7.71464e-08
-1.28847e-07
-1.95139e-07
-2.77368e-07
-3.83725e-07
-5.27436e-07
-7.16667e-07
-1.00662e-06
-1.25666e-06
-1.45722e-06
-1.61837e-06
-1.72141e-06
-1.73164e-06
-1.67145e-06
-1.53924e-06
-1.36717e-06
-1.14045e-06
-8.58761e-07
-5.48243e-07
-2.34004e-07
-1.03629e-07
-1.61132e-07
-2.69969e-07
-8.17914e-07
-1.49973e-06
-2.21594e-06
-2.92676e-06
-3.57037e-06
-4.09924e-06
-4.49031e-06
-4.7409e-06
-4.88112e-06
-4.91145e-06
-4.88834e-06
-4.80739e-06
-4.75585e-06
-4.73182e-06
-4.84283e-06
-5.14284e-06
-5.39698e-06
-5.50503e-06
-5.22675e-06
-4.7612e-06
-4.43389e-06
-4.73838e-06
-6.52955e-06
-9.92053e-06
-5.67003e-06
2.27759e-06
1.08618e-05
1.76585e-05
2.12228e-05
2.15467e-05
2.0479e-05
2.22566e-05
3.47348e-05
7.20763e-05
0.000159824
0.00034384
0.000706349
0.00139112
0.00264535
0.00481579
0.00826125
0.0134573
0.0213183
0.0319131
0.0439954
0.0565088
0.0683743
0.0785722
0.0862756
0.0909181
0.0921631
0.0900621
0.0850308
0.0777935
0.069231
0.0602126
0.0521363
0.0416235
2.93681e-25
-1.19237e-24
1.79419e-24
1.16953e-24
-1.9232e-23
6.17794e-23
-9.52313e-23
2.45595e-23
1.15758e-22
2.9915e-22
-2.39702e-21
5.03055e-21
1.82095e-21
-1.25573e-20
-2.63359e-20
-5.44739e-20
-8.89192e-20
-1.3159e-19
-1.75058e-19
-2.16814e-19
-2.26363e-19
-2.17785e-19
-2.14773e-19
-1.98137e-19
-2.49381e-19
-5.43917e-19
3.75757e-19
-3.13803e-18
2.36544e-18
-5.96987e-18
4.72823e-17
7.77763e-17
8.90086e-17
1.09735e-16
1.09104e-16
2.09792e-16
2.06284e-15
-2.8936e-15
1.31435e-12
-6.15048e-12
-3.66818e-11
-2.95295e-10
-1.33528e-09
-3.47797e-09
-6.63257e-09
-1.88155e-08
-3.87458e-08
-6.34602e-08
-9.1239e-08
-1.18154e-07
-1.41694e-07
-1.59366e-07
-1.67908e-07
-1.66479e-07
-1.55175e-07
-1.36613e-07
-1.13713e-07
-8.90667e-08
-6.56104e-08
-4.47671e-08
-2.79074e-08
-1.51864e-08
-6.29265e-09
-4.35165e-10
3.13305e-09
4.91305e-09
5.42354e-09
5.12781e-09
4.39567e-09
3.47678e-09
2.62405e-09
1.95585e-09
1.46241e-09
1.11526e-09
8.95187e-10
7.71024e-10
7.33195e-10
7.59908e-10
8.36482e-10
9.59182e-10
1.12103e-09
1.30657e-09
1.50272e-09
1.96534e-09
2.87324e-09
4.62589e-09
9.11223e-09
1.99075e-08
3.56259e-08
5.19782e-08
6.73259e-08
7.38671e-08
6.76758e-08
5.87918e-08
5.01052e-08
4.17246e-08
3.36729e-08
2.60549e-08
1.92582e-08
1.37558e-08
9.76345e-09
7.40228e-09
6.62169e-09
7.41597e-09
9.77946e-09
1.33705e-08
1.66367e-08
1.67218e-08
1.41813e-08
1.3617e-08
1.22662e-08
1.34919e-08
1.91759e-08
6.46952e-09
-7.01831e-08
-1.23429e-07
-1.75519e-07
-3.07147e-07
-5.64821e-07
-9.70216e-07
-1.51118e-06
-2.14182e-06
-2.77281e-06
-3.31665e-06
-3.74619e-06
-4.04879e-06
-3.90413e-06
-3.49255e-06
-3.09153e-06
-2.67314e-06
-2.21133e-06
-1.67474e-06
-1.03166e-06
-2.86878e-07
5.27561e-07
1.33214e-06
2.04135e-06
2.56196e-06
2.80235e-06
2.72324e-06
2.53331e-06
3.60084e-06
9.95161e-06
2.85645e-05
6.57775e-05
0.000122796
0.000194527
0.000270402
0.000340378
0.000390286
0.000419307
0.000419327
0.00040028
0.000361822
0.0003154
0.000263296
0.000212982
0.000169906
0.000144733
0.000128225
0.000128204
0.000136843
0.000152691
0.000179432
0.000226841
0.000291667
0.000781192
0.00169481
0.00274222
0.00369019
0.00439924
0.00484329
0.00509435
0.005285
0.00557185
0.00611888
0.00710308
0.00872918
0.0112426
0.0150002
0.0207611
0.0293105
0.0404088
0.0534956
0.0674359
0.0813837
0.0948596
0.107264
0.117888
0.126177
0.131878
0.134936
0.135415
0.133419
0.129153
0.123049
0.115711
0.108114
0.101003
0.093903
1.08404e-24
-2.90933e-24
8.44265e-24
-1.60025e-23
-2.41577e-23
3.14819e-22
-1.16397e-21
2.20904e-21
-8.26073e-22
-7.08275e-21
1.56777e-20
1.38215e-20
-1.12965e-19
-1.78309e-19
-1.99899e-19
-1.61757e-19
-9.44749e-21
3.53207e-19
7.66637e-19
1.18934e-18
1.74131e-18
2.49881e-18
3.07931e-18
4.03354e-18
5.75587e-18
9.18441e-18
1.89439e-17
4.02698e-17
6.99499e-17
6.56874e-17
3.25568e-17
7.71899e-18
-1.11016e-17
-2.75718e-17
6.04717e-18
-8.86521e-15
3.54548e-14
-1.85827e-14
1.39834e-11
2.61726e-10
-1.36457e-09
-5.62852e-09
-2.22303e-08
-6.53012e-08
-1.3813e-07
-2.44477e-07
-3.61468e-07
-4.5597e-07
-5.22708e-07
-5.62238e-07
-5.75712e-07
-5.64184e-07
-5.20742e-07
-4.60372e-07
-4.02241e-07
-3.31114e-07
-2.5906e-07
-1.93083e-07
-1.36951e-07
-9.12462e-08
-5.56265e-08
-2.90411e-08
-1.03341e-08
1.94464e-09
9.58647e-09
1.43621e-08
1.5792e-08
1.55179e-08
1.46294e-08
1.3056e-08
1.10821e-08
8.99263e-09
7.19534e-09
5.93583e-09
5.07318e-09
4.48288e-09
4.09053e-09
3.8596e-09
3.78043e-09
3.84217e-09
4.02976e-09
4.3311e-09
4.72015e-09
5.19889e-09
5.86295e-09
6.95086e-09
8.34063e-09
9.6299e-09
1.19907e-08
1.61161e-08
2.09576e-08
2.62176e-08
3.00523e-08
3.16139e-08
3.15747e-08
3.07067e-08
2.84232e-08
2.50745e-08
2.23565e-08
2.08124e-08
2.00362e-08
2.12342e-08
2.47725e-08
3.13049e-08
4.18991e-08
5.48731e-08
6.09319e-08
5.10244e-08
3.69387e-09
-9.00908e-08
-2.41708e-07
-4.69839e-07
-7.08006e-07
-9.42831e-07
-8.7783e-07
-4.04225e-07
1.8066e-08
3.56245e-08
-2.79119e-07
-9.20305e-07
-1.86715e-06
-3.00353e-06
-4.14176e-06
-5.011e-06
-5.28499e-06
-4.69681e-06
4.05191e-06
6.03677e-05
0.000171304
0.00032508
0.000515467
0.000737651
0.00101134
0.00132855
0.00173817
0.00224294
0.00288886
0.00369118
0.00471641
0.00592928
0.00739088
0.00896223
0.0106655
0.0123635
0.0140264
0.0155257
0.0167745
0.0175643
0.0179035
0.0175461
0.0167477
0.0153611
0.013733
0.0118376
0.00995209
0.00809764
0.00642064
0.00503065
0.0042313
0.00372811
0.00363402
0.0039508
0.00500903
0.00718126
0.0110672
0.0163046
0.0224928
0.028351
0.0330355
0.0363737
0.0384916
0.039659
0.0402339
0.0406113
0.0412164
0.0425747
0.0452246
0.0495719
0.0557934
0.0638186
0.0734209
0.0843115
0.0962984
0.106952
0.113002
0.117991
0.124461
0.131479
0.137898
0.143522
0.14842
0.152733
0.154571
0.154816
0.15449
0.153689
0.152515
0.151138
0.14972
0.148046
-1.06387e-23
4.68724e-23
-9.45461e-23
9.72198e-23
1.90659e-22
-9.48744e-22
1.07323e-21
3.03757e-21
-1.05374e-20
-1.40562e-20
1.7248e-19
-4.72061e-19
-6.27679e-20
7.51599e-19
1.08394e-18
3.66038e-18
6.48182e-18
1.02535e-17
1.00823e-17
1.32548e-17
7.90431e-18
9.21942e-18
1.98619e-17
-7.75926e-17
-2.22727e-16
-4.87246e-16
-9.39675e-16
-1.64626e-15
-2.64869e-15
-3.90545e-15
-5.42111e-15
-7.50841e-15
-9.51887e-15
-1.15927e-14
-1.38103e-14
-1.69589e-14
3.84543e-14
3.46031e-14
3.0885e-10
2.78995e-09
-1.24125e-08
-6.39124e-08
-1.71146e-07
-3.2571e-07
-4.95254e-07
-6.46212e-07
-8.15225e-07
-9.12941e-07
-9.21174e-07
-8.90032e-07
-8.25823e-07
-7.33381e-07
-6.21835e-07
-5.02481e-07
-3.87898e-07
-2.88968e-07
-2.10911e-07
-1.53685e-07
-1.12954e-07
-8.35926e-08
-6.10362e-08
-4.26613e-08
-2.71335e-08
-1.38252e-08
-2.37223e-09
7.32626e-09
1.52722e-08
2.15393e-08
2.58618e-08
2.85911e-08
3.00786e-08
3.05398e-08
3.03579e-08
2.98505e-08
2.92076e-08
2.85631e-08
2.79404e-08
2.7399e-08
2.69369e-08
2.65984e-08
2.63576e-08
2.62213e-08
2.61598e-08
2.6125e-08
2.60866e-08
2.60142e-08
2.59088e-08
2.5863e-08
2.59226e-08
2.638e-08
2.72321e-08
2.84106e-08
2.96987e-08
3.09404e-08
3.20876e-08
3.33463e-08
3.50042e-08
3.80843e-08
4.43979e-08
5.78886e-08
7.87723e-08
1.08348e-07
1.44329e-07
1.84804e-07
2.47934e-07
3.19637e-07
3.71577e-07
3.85845e-07
3.60209e-07
2.73617e-07
1.19139e-07
-1.46083e-07
-4.94672e-07
-1.64213e-07
4.13946e-06
2.38061e-05
9.43246e-05
0.000311296
0.000755639
0.00144987
0.00241643
0.00364639
0.00512481
0.00681213
0.00865929
0.0106178
0.0126345
0.0147016
0.0167112
0.0185875
0.0203791
0.0221066
0.0239515
0.0258677
0.0280726
0.0305053
0.0333504
0.0366381
0.0405075
0.0446978
0.0492294
0.053676
0.0581195
0.0622063
0.0659409
0.0690717
0.0715613
0.0731419
0.0739843
0.0736468
0.0725396
0.0701319
0.066958
0.0626135
0.0576013
0.051716
0.0453385
0.0387463
0.0346063
0.0318251
0.0319543
0.0354355
0.0416146
0.049435
0.0584129
0.0667054
0.0736244
0.07881
0.0824625
0.0850114
0.0868733
0.0883435
0.0896396
0.090982
0.0927591
0.0958638
0.100903
0.105749
0.109101
0.111893
0.113953
0.115466
0.115757
0.115443
0.115008
0.114992
0.116201
0.119794
0.125985
0.133246
0.139762
0.144738
0.148018
0.149632
0.149894
0.149007
0.147045
0.14384
0.140153
0.130035
-4.20439e-23
1.69247e-22
-5.29415e-22
1.221e-21
-1.32566e-21
-4.41632e-21
2.93461e-20
-8.32236e-20
1.06807e-19
1.13032e-19
-6.00176e-19
-7.81624e-19
1.11308e-17
1.15987e-17
9.98721e-18
1.04409e-17
-4.22279e-18
-2.76512e-17
-3.6532e-17
-5.22325e-17
-1.24864e-16
-5.35115e-16
-1.8557e-15
-5.23131e-15
-1.25134e-14
-2.561e-14
-4.43818e-14
-6.35036e-14
-6.93754e-14
-3.95485e-14
5.16636e-14
2.27283e-13
5.03179e-13
8.7851e-13
1.36053e-12
1.97967e-12
2.90517e-12
3.89061e-12
3.07552e-09
6.81517e-09
-2.27114e-08
-2.48846e-07
-4.84235e-07
-6.32426e-07
-5.54532e-07
-3.42152e-07
-1.13362e-07
6.09396e-08
1.91458e-07
2.97482e-07
3.8738e-07
4.51544e-07
4.82012e-07
4.72656e-07
4.29621e-07
3.68178e-07
3.06507e-07
2.57826e-07
2.34491e-07
2.38828e-07
2.73313e-07
3.31351e-07
4.08386e-07
4.95361e-07
5.87747e-07
6.78909e-07
7.67861e-07
8.50987e-07
9.30869e-07
1.00452e-06
1.07667e-06
1.14453e-06
1.21315e-06
1.28234e-06
1.35338e-06
1.42944e-06
1.50975e-06
1.59755e-06
1.69182e-06
1.79664e-06
1.91118e-06
2.03868e-06
2.18141e-06
2.34262e-06
2.52835e-06
2.7456e-06
3.00194e-06
3.31702e-06
3.70113e-06
4.19179e-06
4.81572e-06
5.64296e-06
6.72583e-06
8.20574e-06
1.01908e-05
1.29521e-05
1.66919e-05
2.17672e-05
2.84995e-05
3.74549e-05
4.9046e-05
6.40299e-05
8.293e-05
0.000106875
0.000139906
0.000268308
0.000493667
0.0008379
0.00130288
0.00193305
0.00273683
0.00377835
0.00507622
0.00669281
0.00866012
0.0110118
0.0137688
0.0170944
0.0209991
0.0252793
0.0298072
0.0343736
0.0387846
0.0428829
0.0465924
0.04988
0.0527963
0.0554284
0.0578743
0.0602323
0.062641
0.0651511
0.0679312
0.0709072
0.074185
0.0776489
0.0815775
0.0859107
0.0900572
0.0936828
0.0968137
0.0996266
0.102454
0.105174
0.10779
0.110119
0.11216
0.113861
0.115533
0.116868
0.118267
0.118949
0.118879
0.117867
0.116076
0.113207
0.109293
0.104615
0.102056
0.101013
0.101631
0.102173
0.102643
0.103075
0.103266
0.103065
0.1028
0.102812
0.103349
0.104348
0.106028
0.108649
0.111519
0.113703
0.114695
0.114448
0.112914
0.109939
0.105558
0.0995827
0.090234
0.0761544
0.0619552
0.0511425
0.0451624
0.0441794
0.0474374
0.0536408
0.0613132
0.0689246
0.0750791
0.0787976
0.0796117
0.0774698
0.0726506
0.0656407
0.057043
0.0474526
0.0382521
0.0266224
6.44969e-23
-2.55641e-22
2.12353e-22
7.33267e-22
-4.38152e-21
5.53749e-21
4.53853e-20
-3.17833e-19
9.51679e-19
-6.14683e-19
-7.28584e-18
3.26389e-17
1.54267e-17
-3.34766e-18
-1.61861e-17
-3.54032e-16
-5.71149e-16
-6.98905e-16
6.42919e-16
1.5492e-14
1.18301e-13
7.16856e-13
3.62787e-12
1.52211e-11
5.4078e-11
1.68836e-10
4.66827e-10
1.11965e-09
2.34048e-09
4.31857e-09
7.06671e-09
1.04405e-08
1.42493e-08
1.81793e-08
2.2186e-08
2.63595e-08
3.19113e-08
4.12062e-08
1.32318e-07
3.87266e-07
1.10928e-06
2.80703e-06
0.000107969
0.00045367
0.000726586
0.000793032
0.000679707
0.000517231
0.000365822
0.000249058
0.000166164
0.000109417
7.47295e-05
6.44568e-05
8.47289e-05
0.000137668
0.000222857
0.000335152
0.000468826
0.000609112
0.000750138
0.000876572
0.00098679
0.00107264
0.00113981
0.00118672
0.00122307
0.00124866
0.00127289
0.00129345
0.0013174
0.00134032
0.00136583
0.00139144
0.00141585
0.00143992
0.00146069
0.00147999
0.00149523
0.00150929
0.00152074
0.00153165
0.00154316
0.00155677
0.00157513
0.0016009
0.00163582
0.00168657
0.00175331
0.00184674
0.00196796
0.00213229
0.00234099
0.00264447
0.00302494
0.00361913
0.00435422
0.00538275
0.0066037
0.00814325
0.00985489
0.0118293
0.0139306
0.0162414
0.0186422
0.0212417
0.0237989
0.0264154
0.0290107
0.0318079
0.0347952
0.0381785
0.0419403
0.0461385
0.0506881
0.0554656
0.0602482
0.064851
0.0692967
0.0733501
0.0761993
0.0780685
0.0794031
0.0807103
0.0820156
0.0830534
0.0840546
0.0856924
0.0871167
0.0885278
0.0899544
0.091399
0.0927567
0.0941095
0.0953073
0.0964429
0.0973944
0.0982551
0.0988959
0.0994164
0.0996633
0.0997351
0.0995783
0.0992958
0.0988705
0.0984547
0.0979621
0.0975799
0.0970621
0.0967125
0.096198
0.0959258
0.0956891
0.0959462
0.0964611
0.0974224
0.0986385
0.0996124
0.0995383
0.0987715
0.0968372
0.0937669
0.0895142
0.0842243
0.0776423
0.071396
0.0666324
0.0636703
0.0623617
0.0622377
0.0626065
0.0625631
0.0610888
0.057121
0.0504855
0.0417179
0.0316238
0.0223313
0.0163797
0.0126235
0.0100331
0.00829666
0.00718846
0.00652431
0.00614589
0.00594939
0.00588601
0.00592585
0.00602034
0.00608621
0.00602777
0.00576185
0.00524749
0.00450223
0.00359868
0.0026431
0.00174761
0.00100641
0.000502106
0.000259843
4.35129e-22
-1.93214e-21
6.50285e-21
-1.98443e-20
4.84493e-20
-6.81549e-20
-1.04478e-19
1.00675e-18
-2.91987e-18
2.01549e-18
1.13672e-17
2.07114e-17
-9.92324e-16
-7.44697e-15
-1.78721e-14
-8.79703e-15
1.90479e-13
2.0107e-12
1.57781e-11
1.19446e-10
8.06698e-10
4.8204e-09
2.48087e-08
1.05733e-07
3.80557e-07
1.24113e-06
3.61602e-06
8.74334e-06
1.78177e-05
3.13155e-05
4.70013e-05
6.2334e-05
7.68789e-05
8.97788e-05
0.000101011
0.000110382
0.000122232
0.000143159
0.00137302
0.00344246
0.00564187
0.00740427
0.00847564
0.00805969
0.00669525
0.00548633
0.00458062
0.00412386
0.00435089
0.00504016
0.00610051
0.00743318
0.00897796
0.010676
0.0126203
0.0143328
0.01578
0.0176301
0.0187133
0.0196097
0.0205741
0.021394
0.0221042
0.0225729
0.0229463
0.0232122
0.0235283
0.0238895
0.0244549
0.0251848
0.0261921
0.0274117
0.0289651
0.0307928
0.0327928
0.0350228
0.0374587
0.040169
0.042994
0.0458283
0.0484417
0.0507552
0.0527472
0.05444
0.0558963
0.0571805
0.0583085
0.0594181
0.06044
0.0615513
0.062641
0.0638898
0.0651186
0.066488
0.067798
0.0690701
0.0701913
0.0710242
0.0716392
0.0719933
0.0722021
0.072207
0.0723681
0.072606
0.0735844
0.0751967
0.0770869
0.0787716
0.0803684
0.0817277
0.0829543
0.0840218
0.0849722
0.0857607
0.0863467
0.0866612
0.086654
0.086263
0.0854125
0.0840391
0.0821201
0.0796719
0.076746
0.0732037
0.0683468
0.0610283
0.0514
0.041893
0.0335893
0.0269068
0.0219092
0.0188187
0.0170417
0.0159542
0.0149901
0.0141849
0.0133361
0.0125687
0.0117176
0.0109715
0.0101161
0.00945997
0.00866218
0.00823979
0.00770753
0.0076918
0.00770283
0.00821384
0.00861356
0.00953512
0.0102751
0.0115548
0.012767
0.0145911
0.0166478
0.0196177
0.0234882
0.0287194
0.0294211
0.0282629
0.0259793
0.0230966
0.0200858
0.0172626
0.0144701
0.012196
0.0103754
0.00879663
0.00730402
0.00587015
0.00454266
0.00338329
0.0024557
0.00189879
0.00140547
0.000884993
0.000469651
0.00027074
0.000161171
9.51574e-05
5.55876e-05
3.21644e-05
1.84561e-05
1.05099e-05
5.93269e-06
3.29402e-06
1.74904e-06
8.04316e-07
1.76771e-07
-2.87092e-07
-6.62413e-07
-9.78441e-07
-1.23944e-06
-1.43807e-06
-1.56496e-06
-1.62329e-06
-1.63305e-06
-1.62762e-06
-1.66777e-06
-1.61228e-06
6.0578e-22
-3.4967e-21
1.74155e-20
-7.97244e-20
3.16293e-19
-9.39672e-19
1.0952e-18
7.77223e-18
-5.60834e-17
1.56665e-16
8.37128e-17
-3.24643e-15
-4.59384e-14
-5.06742e-13
-7.73603e-13
1.37741e-12
2.85093e-11
2.90234e-10
2.6173e-09
2.338e-08
1.93142e-07
1.64862e-06
1.35011e-05
8.694e-05
0.000468841
0.00254594
0.0105297
0.0283699
0.0586132
0.0996398
0.129934
0.136845
0.137468
0.134334
0.128701
0.120498
0.11325
0.109107
0.102233
0.091522
0.07597
0.0513651
0.0277948
0.0128325
0.0077412
0.009623
0.0154854
0.0241639
0.0354591
0.0443273
0.047221
0.0480665
0.0476151
0.0457339
0.0419324
0.0343745
0.0245985
0.0168599
0.0129381
0.0125689
0.0124637
0.0125831
0.0129137
0.0136065
0.0146234
0.0160325
0.0177531
0.0200581
0.0226176
0.0252665
0.0277837
0.0300226
0.0318764
0.0333181
0.0343692
0.0350519
0.0354408
0.0355817
0.0355935
0.0354501
0.035206
0.0348773
0.0344924
0.0340766
0.0336327
0.033156
0.0326717
0.0320988
0.0315296
0.0308005
0.0300638
0.0291128
0.0281396
0.026925
0.0256602
0.0241662
0.0225916
0.0208138
0.0189314
0.0168818
0.0147388
0.0125748
0.0104872
0.00854432
0.00680011
0.00527948
0.00400321
0.00297071
0.00218212
0.00168044
0.00149754
0.00150695
0.00172621
0.00200963
0.00236809
0.00265346
0.0028369
0.00284142
0.00268802
0.00241257
0.002041
0.00167249
0.00130486
0.000972275
0.000684581
0.000449466
0.000297026
0.000183082
0.000104547
5.34531e-05
2.71386e-05
2.41728e-05
2.22376e-05
2.06539e-05
1.91478e-05
1.7641e-05
1.61047e-05
1.45586e-05
1.30138e-05
1.15127e-05
1.00639e-05
8.71519e-06
7.44541e-06
6.3311e-06
5.32054e-06
4.58436e-06
4.0081e-06
3.77026e-06
3.62043e-06
3.80052e-06
3.99035e-06
4.52349e-06
5.12847e-06
6.18076e-06
7.50152e-06
9.62785e-06
1.28203e-05
0.000101206
3.74172e-05
2.95872e-05
2.74833e-05
2.3513e-05
1.7684e-05
1.13206e-05
5.61709e-06
1.66126e-06
-3.62756e-07
-9.55556e-07
-7.79604e-07
-3.6426e-07
-2.2629e-08
1.60963e-07
2.17624e-07
2.02881e-07
1.29867e-07
3.66961e-08
-3.92615e-08
-7.33965e-08
-8.76197e-08
-9.47475e-08
-9.64568e-08
-9.45349e-08
-9.032e-08
-8.52524e-08
-8.02589e-08
-7.55738e-08
-7.12286e-08
-6.70816e-08
-6.24369e-08
-5.75798e-08
-5.23788e-08
-4.70395e-08
-4.17102e-08
-3.65428e-08
-3.19151e-08
-2.83998e-08
-2.65923e-08
-2.71398e-08
-3.19133e-08
-3.76375e-08
)
;

boundaryField
{
    inlet
    {
        type            uniformFixedValue;
        uniformValue    table;
        uniformValueCoeffs
        {
            values          
4
(
(0 1)
(0.15 1)
(0.151 0)
(1 0)
)
;
        }
        value           uniform 0;
    }
    outlet
    {
        type            inletOutlet;
        inletValue      uniform 0;
        value           nonuniform List<scalar> 
20
(
0
5.85354e-07
0.00313503
0.0790078
0.104954
0.119867
0.12619
0.0852831
0.0337323
0.00903023
0.00383211
0.011767
0.0416235
0.093903
0.148046
0.130035
0.0266224
0.000259843
-1.61228e-06
0
)
;
    }
    walls
    {
        type            zeroGradient;
    }
    frontAndBack
    {
        type            empty;
    }
}


// ************************************************************************* //
