/*--------------------------------*- C++ -*----------------------------------*\
| =========                 |                                                 |
| \\      /  F ield         | OpenFOAM: The Open Source CFD Toolbox           |
|  \\    /   O peration     | Version:  2506                                  |
|   \\  /    A nd           | Website:  www.openfoam.com                      |
|    \\/     M anipulation  |                                                 |
\*---------------------------------------------------------------------------*/
FoamFile
{
    version     2.0;
    format      ascii;
    arch        "LSB;label=32;scalar=64";
    class       volScalarField;
    location    "0.6";
    object      p;
}
// * * * * * * * * * * * * * * * * * * * * * * * * * * * * * * * * * * * * * //

dimensions      [0 2 -2 0 0 0 0];

internalField   nonuniform List<scalar> 
4000
(
0.00507262
0.00495354
0.00487817
0.00483534
0.00480233
0.00477389
0.00474885
0.00472585
0.00470379
0.00468218
0.00466077
0.00463949
0.00461828
0.00459713
0.00457604
0.00455504
0.00453414
0.00451338
0.00449277
0.00447234
0.00445212
0.00443214
0.00441242
0.00439302
0.00437396
0.00435529
0.00433708
0.00431939
0.00430228
0.00428585
0.00427022
0.00425552
0.00424197
0.0042294
0.00421946
0.00421131
0.00420159
0.00418936
0.00417439
0.00415568
0.00413198
0.00410016
0.00406124
0.00401808
0.00397102
0.00392054
0.00386685
0.00380967
0.00375045
0.00368882
0.00362528
0.00356107
0.00349561
0.0034314
0.0033673
0.00330578
0.00324652
0.00319033
0.00313907
0.00309026
0.00304772
0.00300876
0.00297411
0.00294372
0.00291617
0.00289237
0.00287042
0.00285117
0.00283325
0.00281689
0.00280164
0.00278707
0.00277341
0.0027602
0.00274744
0.00273519
0.00272328
0.0027117
0.00270052
0.00268968
0.00267919
0.00266909
0.00265938
0.00265005
0.00264114
0.00263259
0.0026244
0.00261661
0.00260912
0.00260194
0.00259509
0.00258846
0.00258207
0.00257594
0.00256988
0.00256404
0.0025582
0.0025525
0.00254672
0.00254102
0.00253511
0.00252912
0.00252286
0.00251629
0.00250939
0.00250193
0.002494
0.00248531
0.00247589
0.00246558
0.00245432
0.00244199
0.00242855
0.00241382
0.00239789
0.00238047
0.00236172
0.00234154
0.00231981
0.00229661
0.00227188
0.00224551
0.00221756
0.002188
0.00215672
0.00212374
0.00208901
0.00205247
0.00201412
0.00197388
0.00193158
0.00188747
0.00184138
0.001793
0.00174281
0.00169073
0.00163618
0.0015806
0.00152303
0.00146451
0.00140515
0.00134558
0.00128648
0.00122889
0.00117277
0.0011207
0.00107053
0.00102637
0.000986219
0.000950727
0.000920683
0.000894051
0.000872796
0.000854259
0.000839795
0.00082738
0.000817843
0.000809738
0.000803343
0.000797977
0.000796431
0.000791059
0.000783779
0.000774892
0.000764572
0.000751838
0.000736702
0.000717148
0.000695217
0.000672709
0.000649926
0.000627018
0.000604115
0.000581265
0.000558458
0.000535668
0.000512866
0.000490035
0.000467185
0.000444325
0.000421463
0.000398635
0.000375878
0.000353195
0.000330635
0.000308196
0.000285918
0.000263808
0.000241869
0.000220101
0.0001985
0.00017706
0.000155775
0.000134628
0.000113608
9.27029e-05
7.1908e-05
5.12095e-05
3.05962e-05
1.01083e-05
0.00498351
0.00492302
0.00486992
0.00483391
0.00480475
0.00477739
0.00475189
0.00472824
0.00470571
0.00468379
0.00466221
0.00464083
0.00461958
0.00459842
0.00457735
0.00455637
0.00453551
0.00451477
0.0044942
0.00447381
0.00445362
0.00443367
0.00441399
0.00439461
0.00437558
0.00435693
0.00433873
0.00432104
0.00430393
0.00428748
0.0042718
0.00425701
0.00424326
0.00423037
0.00421937
0.00420942
0.00419748
0.00418265
0.00416468
0.00414258
0.00411527
0.00408051
0.00403985
0.00399573
0.00394825
0.00389777
0.00384446
0.00378814
0.00373033
0.00367048
0.00360926
0.00354773
0.00348553
0.00342455
0.00336404
0.00330606
0.00325025
0.00319689
0.00314771
0.0031009
0.00305935
0.00302113
0.0029867
0.00295618
0.00292836
0.00290406
0.00288168
0.00286191
0.00284361
0.00282688
0.00281138
0.00279662
0.00278282
0.00276954
0.00275672
0.00274438
0.00273238
0.00272069
0.00270936
0.00269835
0.00268767
0.00267734
0.00266737
0.00265776
0.00264855
0.00263969
0.0026312
0.00262307
0.00261523
0.00260768
0.00260046
0.00259347
0.00258667
0.00258011
0.00257366
0.00256737
0.0025611
0.00255491
0.00254865
0.00254238
0.0025359
0.00252927
0.00252234
0.00251504
0.00250731
0.00249896
0.00249002
0.00248026
0.00246968
0.00245814
0.00244557
0.00243187
0.00241701
0.00240084
0.00238349
0.0023647
0.00234457
0.00232305
0.00230002
0.00227556
0.00224961
0.00222209
0.00219304
0.00216245
0.0021302
0.00209632
0.00206077
0.0020235
0.00198449
0.00194368
0.00190097
0.00185655
0.00181031
0.00176201
0.0017121
0.00166052
0.00160694
0.00155254
0.00149668
0.00144022
0.0013834
0.00132677
0.00127097
0.0012168
0.00116431
0.00111565
0.00106924
0.00102756
0.000989489
0.000955442
0.000926225
0.000900172
0.00087894
0.000860336
0.000845506
0.000832731
0.000822706
0.000814166
0.000807416
0.000801394
0.000798886
0.000792955
0.000785046
0.000775463
0.000764173
0.000750297
0.000733917
0.000713812
0.000691818
0.000669394
0.000646739
0.000623959
0.000601189
0.000578484
0.000555834
0.000533206
0.000510573
0.000487915
0.00046523
0.000442526
0.000419819
0.000397132
0.000374494
0.000351949
0.000329521
0.000307224
0.000285061
0.000263049
0.000241198
0.000219508
0.000197979
0.000176605
0.000155379
0.000134295
0.000113342
9.25069e-05
7.17748e-05
5.11332e-05
3.05726e-05
1.0097e-05
0.00494221
0.00490903
0.00486755
0.00483482
0.00480684
0.00477995
0.00475464
0.00473074
0.00470783
0.00468557
0.00466373
0.00464218
0.00462081
0.00459958
0.00457846
0.00455746
0.00453657
0.00451583
0.00449525
0.00447485
0.00445465
0.00443469
0.00441499
0.00439558
0.00437651
0.00435782
0.00433956
0.00432178
0.00430456
0.00428795
0.00427206
0.00425695
0.00424274
0.0042292
0.00421691
0.00420506
0.00419101
0.0041739
0.00415342
0.00412866
0.00409884
0.00406267
0.00402174
0.00397782
0.00393091
0.00388122
0.00382904
0.00377444
0.00371868
0.00366111
0.00360271
0.00354423
0.00348552
0.00342785
0.00337096
0.00331577
0.00326267
0.00321175
0.00316425
0.00311891
0.00307773
0.00303953
0.00300466
0.00297331
0.00294457
0.00291912
0.00289571
0.00287486
0.00285564
0.00283807
0.00282186
0.00280651
0.00279219
0.00277849
0.00276532
0.00275268
0.00274041
0.00272848
0.0027169
0.00270564
0.00269468
0.00268407
0.00267379
0.00266386
0.0026543
0.00264509
0.00263622
0.00262775
0.0026196
0.00261175
0.0026042
0.00259688
0.00258977
0.00258288
0.00257608
0.00256943
0.00256278
0.00255618
0.00254948
0.00254271
0.0025357
0.00252848
0.0025209
0.00251289
0.00250439
0.00249523
0.00248541
0.00247474
0.0024632
0.00245068
0.00243709
0.00242238
0.00240648
0.00238932
0.00237092
0.00235113
0.00233001
0.00230752
0.00228358
0.00225823
0.00223142
0.00220312
0.00217332
0.00214201
0.00210911
0.00207465
0.00203858
0.00200088
0.00196153
0.0019205
0.00187775
0.00183343
0.00178745
0.00173967
0.0016905
0.00163996
0.00158783
0.00153511
0.00148142
0.0014274
0.00137338
0.0013198
0.00126722
0.00121624
0.00116698
0.00112066
0.00107649
0.00103629
0.000999339
0.000965853
0.000936612
0.000910309
0.000888338
0.000868967
0.000853193
0.000839546
0.000828634
0.000819255
0.000811827
0.000804836
0.000801177
0.000794374
0.000785642
0.000775204
0.000762889
0.000747908
0.000730546
0.000710135
0.000688244
0.000665988
0.000643495
0.000620867
0.000598252
0.00057571
0.000553229
0.000530775
0.000508317
0.000485838
0.000463321
0.000440783
0.000418246
0.000395725
0.000373248
0.000350848
0.000328529
0.000306334
0.000284271
0.000262351
0.000240585
0.000218973
0.000197516
0.00017621
0.000155048
0.000134023
0.000113123
9.23355e-05
7.16499e-05
5.10532e-05
3.0537e-05
1.00462e-05
0.0049226
0.00489681
0.00486354
0.00483427
0.00480759
0.00478177
0.00475679
0.00473279
0.00470982
0.0046874
0.00466535
0.0046436
0.00462206
0.00460071
0.00457951
0.00455844
0.00453751
0.00451672
0.00449609
0.00447564
0.00445539
0.00443537
0.00441559
0.0043961
0.00437691
0.00435808
0.00433965
0.00432166
0.00430417
0.00428723
0.0042709
0.00425522
0.00424025
0.00422574
0.00421204
0.00419839
0.00418243
0.00416337
0.00414088
0.00411421
0.00408291
0.00404624
0.00400554
0.00396215
0.0039161
0.00386757
0.00381693
0.00376447
0.00371089
0.00365614
0.00360094
0.00354578
0.0034907
0.00343643
0.00338298
0.00333094
0.00328065
0.00323215
0.00318627
0.00314223
0.0031013
0.00306293
0.0030274
0.00299495
0.00296495
0.00293797
0.00291311
0.00289077
0.00287021
0.00285142
0.00283412
0.00281787
0.00280275
0.00278838
0.00277465
0.00276151
0.00274882
0.00273651
0.00272457
0.00271297
0.00270169
0.00269074
0.00268013
0.00266985
0.00265994
0.00265038
0.00264117
0.00263234
0.00262382
0.0026156
0.00260768
0.00260001
0.00259254
0.00258527
0.0025781
0.00257105
0.00256397
0.00255692
0.00254972
0.00254242
0.00253483
0.00252698
0.0025187
0.00250994
0.00250063
0.00249061
0.00247987
0.00246824
0.0024557
0.00244215
0.00242752
0.00241176
0.00239483
0.00237664
0.00235724
0.00233649
0.00231445
0.00229109
0.00226635
0.00224024
0.00221275
0.00218383
0.00215349
0.00212171
0.00208844
0.00205369
0.00201743
0.00197965
0.00194034
0.00189949
0.00185715
0.00181341
0.00176814
0.00172129
0.00167336
0.00162436
0.00157423
0.00152362
0.00147242
0.00142113
0.00137008
0.0013196
0.00127013
0.00122211
0.00117568
0.00113145
0.00108927
0.00105022
0.00101391
0.000980491
0.000950677
0.000923575
0.00090031
0.000879636
0.000862399
0.000847401
0.000835208
0.00082454
0.000816084
0.000807972
0.000803046
0.000795198
0.000785498
0.000774117
0.000760839
0.000744942
0.000726875
0.000706243
0.000684416
0.00066229
0.000639947
0.000617479
0.000595031
0.000572661
0.000550352
0.000528068
0.000505779
0.000483464
0.000461115
0.000438743
0.000416365
0.000394002
0.00037168
0.000349424
0.000327256
0.000305199
0.000283266
0.000261468
0.000239812
0.000218302
0.000196937
0.000175715
0.00015463
0.000133675
0.000112839
9.21127e-05
7.14836e-05
5.09365e-05
3.04715e-05
9.97243e-06
0.00490991
0.00488636
0.0048579
0.00483195
0.00480736
0.0047828
0.00475832
0.00473464
0.00471167
0.004689
0.00466684
0.004645
0.00462331
0.00460182
0.00458052
0.00455936
0.00453835
0.00451749
0.00449678
0.00447625
0.00445591
0.00443578
0.00441588
0.00439623
0.00437687
0.00435783
0.00433914
0.00432084
0.00430296
0.00428555
0.00426863
0.00425221
0.00423631
0.00422067
0.00420553
0.00419013
0.00417241
0.00415162
0.00412747
0.00409939
0.00406716
0.00403034
0.00399006
0.00394736
0.00390235
0.00385527
0.00380649
0.00375632
0.00370505
0.00365346
0.00360154
0.0035497
0.00349813
0.00344729
0.00339725
0.00334841
0.00330083
0.00325472
0.00321062
0.00316804
0.0031276
0.00308927
0.00305334
0.00301997
0.00298879
0.00296026
0.00293383
0.00290981
0.00288766
0.00286734
0.00284865
0.00283117
0.00281495
0.00279963
0.00278508
0.00277123
0.00275791
0.00274504
0.00273261
0.00272055
0.00270883
0.00269746
0.00268643
0.00267575
0.00266544
0.00265547
0.00264586
0.00263663
0.00262771
0.00261911
0.00261081
0.00260275
0.0025949
0.00258724
0.00257965
0.00257217
0.00256463
0.00255709
0.00254935
0.00254147
0.00253325
0.0025247
0.00251568
0.00250611
0.00249593
0.00248499
0.00247328
0.00246066
0.00244709
0.0024325
0.00241684
0.00240005
0.00238212
0.00236297
0.00234264
0.00232103
0.00229818
0.00227406
0.00224864
0.00222192
0.00219389
0.00216451
0.00213379
0.00210171
0.00206825
0.00203341
0.00199717
0.00195954
0.00192053
0.00188015
0.0018384
0.00179544
0.00175114
0.00170565
0.00165928
0.00161208
0.00156417
0.00151586
0.00146727
0.00141876
0.00137064
0.00132314
0.00127659
0.00123127
0.0011873
0.00114512
0.00110469
0.00106661
0.00103076
0.000997293
0.000966804
0.000938757
0.000914024
0.000891811
0.000872815
0.00085613
0.000842292
0.000830051
0.000820217
0.000810813
0.000804439
0.000795405
0.000784626
0.000772248
0.000758057
0.00074136
0.000722719
0.000701868
0.000680061
0.000658057
0.000635878
0.000613591
0.000591331
0.000569149
0.000547025
0.000524921
0.000502808
0.000480667
0.000458495
0.000436299
0.000414098
0.000391913
0.000369771
0.000347694
0.000325704
0.000303816
0.000282043
0.000260395
0.000238878
0.000217496
0.000196247
0.00017513
0.000154141
0.000133272
0.000112515
9.18591e-05
7.12945e-05
5.08035e-05
3.03966e-05
9.90319e-06
0.00490117
0.00487873
0.004853
0.00482951
0.00480652
0.00478297
0.00475926
0.00473597
0.00471308
0.00469043
0.00466825
0.00464632
0.00462446
0.00460286
0.00458146
0.0045602
0.00453909
0.00451814
0.00449733
0.00447669
0.00445622
0.00443595
0.00441588
0.00439603
0.00437644
0.00435711
0.00433809
0.00431939
0.00430103
0.00428304
0.00426543
0.00424817
0.00423125
0.00421444
0.00419786
0.0041808
0.00416148
0.00413918
0.00411366
0.00408454
0.00405173
0.00401497
0.00397525
0.0039334
0.0038896
0.00384412
0.00379731
0.00374946
0.00370086
0.0036522
0.00360339
0.00355476
0.00350651
0.00345894
0.0034121
0.00336618
0.00332128
0.00327745
0.0032352
0.00319426
0.00315454
0.00311648
0.00308049
0.00304659
0.00301451
0.00298467
0.00295681
0.00293116
0.00290737
0.00288542
0.00286516
0.00284624
0.00282869
0.00281219
0.00279659
0.00278181
0.00276765
0.00275404
0.00274095
0.0027283
0.00271603
0.00270414
0.00269262
0.00268147
0.00267069
0.00266027
0.00265022
0.00264055
0.00263121
0.00262218
0.00261347
0.002605
0.00259672
0.00258864
0.0025806
0.00257265
0.00256462
0.00255654
0.00254822
0.00253971
0.0025308
0.0025215
0.00251168
0.00250125
0.00249016
0.00247827
0.00246558
0.00245195
0.00243737
0.00242177
0.00240512
0.00238737
0.0023685
0.00234848
0.00232732
0.00230495
0.00228141
0.00225666
0.00223069
0.00220349
0.00217506
0.00214537
0.00211443
0.00208222
0.00204873
0.00201397
0.00197793
0.00194064
0.00190212
0.00186241
0.00182144
0.00177935
0.00173634
0.00169247
0.00164782
0.00160254
0.00155678
0.00151082
0.0014648
0.00141898
0.0013736
0.00132884
0.00128492
0.00124203
0.00120025
0.00115987
0.00112094
0.00108372
0.00104823
0.00101472
0.00098362
0.000954641
0.000928456
0.000904651
0.000883789
0.000865249
0.000849444
0.000835691
0.000824121
0.000813203
0.000805193
0.000794876
0.000782954
0.000769555
0.000754494
0.00073709
0.000717965
0.000696923
0.000675141
0.000653274
0.000631281
0.000609198
0.000587144
0.000565165
0.000543236
0.000521319
0.000499389
0.000477434
0.000455448
0.000433444
0.00041144
0.000389458
0.000367523
0.000345658
0.000323875
0.000302187
0.000280607
0.000259141
0.000237793
0.000216565
0.000195457
0.000174467
0.000153592
0.000132826
0.00011216
9.15855e-05
7.10932e-05
5.06655e-05
3.03216e-05
9.84688e-06
0.00489517
0.00487332
0.00484919
0.00482731
0.0048055
0.00478278
0.00475972
0.00473681
0.00471414
0.00469166
0.00466942
0.00464738
0.00462549
0.00460381
0.00458231
0.00456095
0.00453974
0.00451867
0.00449775
0.00447698
0.00445636
0.0044359
0.00441563
0.00439555
0.00437567
0.00435601
0.00433659
0.00431742
0.00429852
0.00427988
0.0042615
0.00424334
0.00422536
0.00420736
0.00418939
0.00417079
0.00415
0.00412641
0.00409981
0.00406992
0.00403679
0.00400027
0.0039612
0.00392031
0.00387781
0.00383399
0.00378919
0.00374364
0.00369772
0.00365179
0.00360592
0.00356033
0.00351518
0.00347061
0.00342668
0.00338347
0.00334105
0.00329946
0.00325885
0.0032195
0.00318093
0.00314326
0.00310746
0.00307344
0.00304082
0.00300999
0.00298097
0.0029539
0.00292861
0.00290507
0.00288322
0.00286279
0.00284378
0.00282593
0.00280911
0.00279323
0.00277805
0.00276352
0.00274962
0.00273624
0.0027233
0.00271079
0.00269869
0.00268698
0.00267568
0.00266475
0.0026542
0.00264405
0.00263424
0.00262475
0.00261558
0.00260665
0.00259791
0.00258935
0.00258083
0.00257237
0.00256378
0.00255511
0.00254616
0.00253696
0.00252731
0.00251723
0.00250655
0.00249524
0.00248322
0.00247037
0.0024567
0.00244209
0.00242654
0.00240999
0.00239241
0.00237378
0.00235409
0.00233329
0.00231142
0.00228841
0.00226429
0.00223905
0.00221265
0.00218512
0.00215643
0.00212656
0.00209553
0.00206333
0.00202996
0.00199543
0.00195975
0.00192295
0.00188506
0.00184612
0.00180615
0.0017652
0.00172362
0.00168133
0.0016384
0.00159506
0.00155143
0.00150776
0.00146417
0.00142084
0.00137796
0.00133565
0.00129406
0.0012533
0.00121344
0.0011746
0.001137
0.00110058
0.00106535
0.00103183
0.00100023
0.000970394
0.000942856
0.000917499
0.00089478
0.000874351
0.000856481
0.000841003
0.000827622
0.000815021
0.000805202
0.000793523
0.000780426
0.000766005
0.000750113
0.000732085
0.000712557
0.000691385
0.000669667
0.000647965
0.000626181
0.000604322
0.00058249
0.000560724
0.000538994
0.000517264
0.000495521
0.000473757
0.000451971
0.000430174
0.000408389
0.000386635
0.000364939
0.000343318
0.000321777
0.000300324
0.000278969
0.000257716
0.000236566
0.00021552
0.000194577
0.000173736
0.000152994
0.000132346
0.000111784
9.13004e-05
7.08887e-05
5.05306e-05
3.02526e-05
9.80591e-06
0.00489112
0.00486958
0.00484639
0.00482554
0.00480458
0.00478251
0.00475993
0.00473738
0.00471493
0.00469257
0.00467035
0.00464828
0.00462637
0.00460463
0.00458304
0.00456159
0.00454028
0.0045191
0.00449805
0.00447713
0.00445634
0.00443569
0.00441519
0.00439483
0.00437464
0.00435461
0.00433475
0.00431507
0.00429557
0.00427623
0.00425704
0.00423795
0.00421891
0.00419973
0.00418044
0.0041604
0.00413831
0.00411362
0.00408614
0.00405571
0.00402244
0.00398629
0.00394797
0.00390809
0.00386694
0.00382481
0.00378199
0.00373872
0.00369531
0.003652
0.00360889
0.00356611
0.00352377
0.00348193
0.00344063
0.00339987
0.0033597
0.00332015
0.00328126
0.00324324
0.00320585
0.00316909
0.0031336
0.00309961
0.00306676
0.00303534
0.00300547
0.00297727
0.0029507
0.00292575
0.00290241
0.00288049
0.00286
0.00284073
0.00282257
0.00280543
0.00278919
0.00277357
0.0027587
0.00274444
0.00273072
0.00271748
0.00270469
0.00269234
0.00268042
0.00266891
0.0026578
0.0026471
0.00263675
0.00262674
0.00261705
0.00260761
0.00259834
0.00258926
0.00258018
0.00257114
0.00256195
0.00255263
0.002543
0.00253307
0.00252264
0.00251173
0.00250019
0.00248797
0.00247503
0.00246125
0.00244664
0.0024311
0.00241464
0.00239722
0.00237881
0.00235941
0.002339
0.00231755
0.00229508
0.00227156
0.00224699
0.00222138
0.00219469
0.00216693
0.0021381
0.00210819
0.0020772
0.00204515
0.00201202
0.00197784
0.00194264
0.00190645
0.0018693
0.00183126
0.00179237
0.00175273
0.00171255
0.0016718
0.00163063
0.00158921
0.00154765
0.00150613
0.00146477
0.0014237
0.00138306
0.00134292
0.00130337
0.00126447
0.00122627
0.00118883
0.00115226
0.00111654
0.00108174
0.00104818
0.0010161
0.000985525
0.00095678
0.000929961
0.000905461
0.000883153
0.000863279
0.000845685
0.000830491
0.000816205
0.00080446
0.000791345
0.000777057
0.000761624
0.000744935
0.000726358
0.0007065
0.000685276
0.000663678
0.000642172
0.00062062
0.000599002
0.000577405
0.000555855
0.000534322
0.000512781
0.000491229
0.000469663
0.000448085
0.000426514
0.000404968
0.000383463
0.000362043
0.000340708
0.000319439
0.00029825
0.000277151
0.000256141
0.000235216
0.000214376
0.000193619
0.000172947
0.000152356
0.000131838
0.000111391
9.10089e-05
7.06851e-05
5.04025e-05
3.01923e-05
9.78103e-06
0.00488856
0.00486722
0.00484458
0.00482435
0.00480393
0.0047823
0.00476007
0.00473777
0.00471549
0.00469324
0.00467106
0.004649
0.00462707
0.00460528
0.00458363
0.0045621
0.0045407
0.00451941
0.00449823
0.00447717
0.0044562
0.00443535
0.0044146
0.00439396
0.00437343
0.004353
0.00433268
0.00431246
0.00429234
0.00427227
0.00425225
0.00423223
0.00421214
0.00419183
0.00417127
0.0041499
0.00412665
0.00410102
0.00407285
0.00404204
0.00400877
0.00397306
0.00393553
0.0038967
0.00385692
0.00381647
0.00377561
0.00373454
0.0036935
0.00365267
0.00361211
0.00357191
0.00353212
0.00349272
0.00345377
0.00341521
0.00337707
0.00333937
0.00330209
0.00326538
0.0032291
0.0031934
0.00315853
0.00312469
0.00309184
0.00306012
0.00302969
0.00300066
0.00297307
0.00294694
0.00292229
0.002899
0.0028771
0.00285643
0.0028369
0.00281842
0.00280094
0.00278427
0.00276832
0.00275302
0.00273839
0.00272431
0.00271074
0.00269764
0.00268501
0.00267281
0.00266105
0.00264971
0.00263874
0.00262812
0.00261783
0.00260778
0.00259791
0.00258821
0.0025785
0.00256882
0.00255896
0.00254894
0.00253857
0.00252787
0.00251663
0.00250489
0.00249249
0.0024794
0.00246556
0.0024509
0.00243541
0.00241903
0.00240176
0.00238357
0.00236445
0.00234439
0.00232338
0.0023014
0.00227847
0.00225455
0.00222966
0.00220379
0.00217693
0.00214907
0.00212022
0.00209037
0.00205953
0.00202772
0.00199495
0.00196123
0.00192661
0.00189112
0.00185481
0.00181774
0.00177999
0.00174167
0.00170289
0.0016637
0.00162424
0.00158465
0.00154502
0.0015055
0.00146617
0.00142713
0.00138847
0.00135024
0.00131247
0.0012752
0.00123843
0.00120219
0.00116653
0.00113145
0.00109708
0.0010635
0.00103101
0.000999818
0.000970003
0.000941831
0.000915646
0.000891495
0.000869625
0.000849934
0.000832764
0.000816766
0.000803029
0.000788414
0.000772917
0.000756489
0.00073903
0.00071997
0.000699852
0.00067866
0.000657243
0.000635963
0.000614663
0.000593308
0.000571959
0.000550628
0.000529277
0.000507916
0.000486576
0.000465225
0.000443861
0.000422538
0.000401255
0.000379999
0.00035888
0.000337881
0.000316913
0.000296012
0.000275193
0.000254449
0.00023377
0.000213155
0.000192599
0.000172108
0.000151681
0.000131307
0.000110984
9.07097e-05
7.04809e-05
5.02797e-05
3.01387e-05
9.77164e-06
0.00488727
0.00486606
0.00484369
0.00482378
0.00480364
0.00478226
0.00476023
0.00473808
0.00471591
0.00469373
0.00467158
0.00464953
0.00462759
0.00460577
0.00458407
0.00456248
0.004541
0.00451961
0.00449832
0.00447711
0.00445598
0.00443491
0.00441392
0.00439299
0.00437211
0.00435128
0.00433049
0.00430974
0.00428899
0.00426819
0.00424735
0.0042264
0.00420529
0.00418389
0.00416213
0.00413954
0.00411523
0.00408879
0.00406006
0.00402899
0.00399581
0.00396059
0.00392385
0.0038861
0.00384768
0.0038089
0.00376994
0.00373098
0.00369218
0.00365367
0.00361548
0.00357761
0.00354011
0.00350291
0.00346605
0.00342945
0.00339314
0.0033571
0.0033213
0.0032859
0.00325074
0.00321602
0.00318184
0.00314838
0.00311572
0.00308394
0.00305322
0.00302363
0.00299528
0.00296821
0.00294245
0.00291798
0.00289478
0.0028728
0.00285195
0.00283218
0.00281337
0.00279557
0.00277849
0.00276209
0.00274639
0.00273135
0.00271689
0.00270295
0.00268951
0.00267653
0.002664
0.00265192
0.00264022
0.00262889
0.00261788
0.00260712
0.00259654
0.00258613
0.0025757
0.00256528
0.00255468
0.0025439
0.00253275
0.00252125
0.0025092
0.00249663
0.0024834
0.00246948
0.00245482
0.00243935
0.00242309
0.00240597
0.002388
0.00236917
0.00234946
0.00232887
0.00230739
0.00228501
0.00226174
0.00223755
0.00221245
0.00218644
0.00215951
0.00213165
0.00210288
0.00207319
0.0020426
0.00201113
0.00197878
0.00194561
0.00191164
0.00187691
0.0018415
0.00180546
0.00176888
0.00173184
0.00169446
0.00165679
0.00161897
0.0015811
0.00154326
0.00150555
0.00146806
0.00143083
0.00139392
0.00135737
0.00132115
0.00128528
0.00124975
0.00121455
0.00117972
0.00114523
0.00111119
0.0010777
0.00104495
0.00101315
0.000982385
0.000952992
0.000925235
0.000899307
0.000875467
0.000853737
0.000834505
0.000816718
0.000800963
0.000784808
0.000768092
0.000750686
0.000732484
0.000713002
0.000692697
0.000671622
0.000650452
0.000629432
0.000608386
0.000587315
0.000566256
0.000545183
0.000523999
0.000502754
0.000481636
0.000460543
0.000439405
0.000418323
0.000397324
0.000376406
0.000355602
0.000334895
0.000314246
0.000293662
0.000273141
0.000252678
0.000232255
0.000211873
0.000191531
0.000171233
0.000150973
0.000130745
0.000110553
9.03944e-05
7.02683e-05
5.01568e-05
3.00843e-05
9.7741e-06
0.00488716
0.00486601
0.00484371
0.00482385
0.00480377
0.00478245
0.00476046
0.00473835
0.00471621
0.00469405
0.00467192
0.00464987
0.00462793
0.00460609
0.00458436
0.00456273
0.00454118
0.00451972
0.00449832
0.00447698
0.00445568
0.00443443
0.0044132
0.00439198
0.00437077
0.00434954
0.00432828
0.00430702
0.00428568
0.00426415
0.0042425
0.00422066
0.00419857
0.00417612
0.00415323
0.00412948
0.00410421
0.00407705
0.00404784
0.00401659
0.00398353
0.00394881
0.00391287
0.00387618
0.00383913
0.00380198
0.00376487
0.00372793
0.00369126
0.00365491
0.00361888
0.00358313
0.00354768
0.00351244
0.00347743
0.00344258
0.00340789
0.00337336
0.00333892
0.00330475
0.00327066
0.00323689
0.00320346
0.00317053
0.0031382
0.00310655
0.00307573
0.00304583
0.00301695
0.00298917
0.00296253
0.00293706
0.00291275
0.00288958
0.00286751
0.0028465
0.00282646
0.00280739
0.00278914
0.00277167
0.00275486
0.00273874
0.00272327
0.00270838
0.00269402
0.00268015
0.00266675
0.00265381
0.00264126
0.00262908
0.00261723
0.00260564
0.00259423
0.00258298
0.00257174
0.00256049
0.00254907
0.00253746
0.0025255
0.00251318
0.00250034
0.00248697
0.00247295
0.00245828
0.00244288
0.00242672
0.00240979
0.00239206
0.00237353
0.00235419
0.00233403
0.00231304
0.00229122
0.00226856
0.00224506
0.00222071
0.00219551
0.00216946
0.00214255
0.00211478
0.00208617
0.00205672
0.00202645
0.00199539
0.00196354
0.00193097
0.0018977
0.00186379
0.0018293
0.0017943
0.00175887
0.0017231
0.00168708
0.00165087
0.00161458
0.0015783
0.0015421
0.00150604
0.00147018
0.00143457
0.0013992
0.0013641
0.00132923
0.00129459
0.00126014
0.00122586
0.00119177
0.00115783
0.00112411
0.00109074
0.00105777
0.00102547
0.0009939
0.000963402
0.000934183
0.000906553
0.000880788
0.000857043
0.000835698
0.000816071
0.0007983
0.000780581
0.00076264
0.00074428
0.000725371
0.000705537
0.000685115
0.000664239
0.000643401
0.00062273
0.000601912
0.000581085
0.000560375
0.000539529
0.000518573
0.00049759
0.000476656
0.000455741
0.000434849
0.000414041
0.00039334
0.000372745
0.000352258
0.000331866
0.000311543
0.000291273
0.000271048
0.000250871
0.000230702
0.00021055
0.000190422
0.00017032
0.000150233
0.000130155
0.000110094
9.00499e-05
7.00316e-05
5.00235e-05
3.00157e-05
9.77292e-06
0.00488821
0.00486708
0.00484464
0.00482459
0.00480433
0.00478286
0.00476078
0.00473859
0.0047164
0.00469422
0.00467208
0.00465004
0.0046281
0.00460626
0.00458451
0.00456285
0.00454127
0.00451974
0.00449825
0.0044768
0.00445536
0.00443392
0.00441248
0.004391
0.00436948
0.00434789
0.00432621
0.00430442
0.00428246
0.00426029
0.00423788
0.0042152
0.00419216
0.0041687
0.00414473
0.00411989
0.00409372
0.00406587
0.00403622
0.00400481
0.00397188
0.00393765
0.00390249
0.00386686
0.00383116
0.00379562
0.00376031
0.00372531
0.00369063
0.0036563
0.00362223
0.0035884
0.00355477
0.00352127
0.0034879
0.00345459
0.00342133
0.00338816
0.00335496
0.00332193
0.00328888
0.00325603
0.00322337
0.00319105
0.00315916
0.00312776
0.00309701
0.00306698
0.00303779
0.00300952
0.00298221
0.00295593
0.00293068
0.00290648
0.00288331
0.00286114
0.00283993
0.00281965
0.00280021
0.00278163
0.00276374
0.00274652
0.00272995
0.002714
0.00269862
0.00268376
0.00266938
0.00265546
0.00264195
0.00262881
0.002616
0.00260345
0.0025911
0.00257889
0.00256672
0.00255455
0.00254224
0.00252975
0.00251695
0.0025038
0.00249017
0.00247605
0.00246132
0.00244597
0.00242995
0.00241321
0.00239574
0.00237752
0.00235856
0.00233885
0.00231836
0.0022971
0.00227505
0.00225222
0.0022286
0.00220419
0.00217897
0.00215296
0.00212615
0.00209855
0.00207017
0.00204102
0.00201113
0.00198052
0.00194923
0.00191729
0.00188475
0.00185167
0.00181812
0.00178415
0.00174985
0.0017153
0.00168056
0.00164573
0.00161086
0.00157605
0.00154133
0.00150675
0.00147235
0.00143815
0.00140413
0.0013703
0.00133661
0.00130304
0.00126954
0.00123608
0.00120265
0.00116923
0.00113583
0.00110259
0.00106949
0.00103681
0.00100453
0.000973039
0.000942474
0.000913227
0.000885574
0.00085982
0.000836319
0.000814808
0.000795036
0.000775736
0.000756577
0.000737298
0.000717736
0.000697659
0.000677192
0.000656563
0.000636136
0.000615793
0.000595384
0.000574935
0.000554466
0.000533875
0.000513182
0.000492443
0.000471712
0.000451015
0.000430382
0.00040985
0.00038944
0.000369152
0.000348977
0.000328895
0.00030888
0.000288907
0.000268952
0.00024907
0.000229131
0.000209196
0.000189271
0.000169348
0.000149426
0.000129508
0.000109596
8.96917e-05
6.97941e-05
4.98847e-05
2.99815e-05
9.81001e-06
0.00489054
0.00486935
0.00484653
0.00482598
0.00480529
0.00478349
0.00476114
0.00473876
0.00471646
0.00469422
0.00467207
0.00465003
0.0046281
0.00460627
0.00458454
0.00456288
0.00454127
0.0045197
0.00449815
0.00447661
0.00445505
0.00443346
0.00441183
0.00439012
0.00436832
0.00434639
0.00432432
0.00430205
0.00427955
0.00425677
0.00423366
0.00421017
0.00418624
0.00416181
0.00413679
0.00411091
0.00408383
0.0040553
0.00402519
0.0039936
0.00396078
0.00392699
0.00389258
0.00385801
0.00382367
0.00378973
0.00375618
0.00372305
0.00369024
0.00365775
0.00362547
0.00359334
0.00356133
0.00352935
0.00349741
0.00346546
0.00343348
0.00340152
0.00336945
0.00333748
0.00330539
0.00327343
0.00324155
0.00320987
0.00317848
0.00314745
0.0031169
0.0030869
0.00305756
0.00302897
0.00300118
0.00297428
0.00294827
0.0029232
0.00289907
0.00287586
0.00285357
0.00283216
0.00281159
0.00279183
0.00277283
0.00275452
0.00273686
0.00271981
0.00270335
0.00268742
0.00267199
0.00265702
0.00264245
0.00262825
0.00261438
0.00260077
0.00258737
0.00257412
0.00256094
0.00254776
0.0025345
0.00252108
0.00250742
0.00249344
0.00247906
0.00246422
0.00244886
0.00243292
0.00241636
0.00239916
0.00238128
0.00236267
0.00234338
0.00232342
0.00230274
0.0022813
0.00225913
0.00223621
0.00221255
0.00218814
0.00216298
0.00213708
0.00211042
0.00208304
0.00205493
0.00202613
0.00199665
0.00196653
0.0019358
0.00190452
0.00187273
0.00184048
0.00180784
0.00177488
0.00174167
0.00170826
0.00167475
0.00164119
0.00160762
0.00157413
0.00154074
0.00150748
0.00147436
0.00144141
0.00140856
0.00137586
0.00134318
0.00131056
0.00127789
0.00124516
0.00121235
0.00117941
0.00114634
0.00111327
0.0010801
0.00104714
0.00101428
0.000981915
0.000950114
0.000919323
0.00088983
0.00086205
0.000836329
0.000812887
0.000791122
0.000770227
0.000749881
0.000729731
0.00070958
0.000689318
0.000669002
0.000648783
0.000628774
0.000608843
0.000588871
0.000568819
0.000548665
0.000528374
0.00050796
0.000487475
0.000466979
0.000446522
0.000426143
0.000405879
0.000385746
0.000365744
0.000345856
0.00032606
0.000306324
0.000286623
0.000266928
0.000247265
0.000227548
0.000207817
0.00018808
0.00016833
0.00014857
0.000128805
0.000109039
8.92725e-05
6.95027e-05
4.97113e-05
2.99182e-05
9.83077e-06
0.00489437
0.00487302
0.00484944
0.00482801
0.00480659
0.00478424
0.00476147
0.0047388
0.00471634
0.00469402
0.00467184
0.00464984
0.00462796
0.00460616
0.00458446
0.00456283
0.00454124
0.00451965
0.00449807
0.00447646
0.00445481
0.0044331
0.00441131
0.00438941
0.00436737
0.00434515
0.00432273
0.00430005
0.00427707
0.00425373
0.00422997
0.00420574
0.00418097
0.00415562
0.00412956
0.00410264
0.00407463
0.00404535
0.00401472
0.00398289
0.00395011
0.00391672
0.00388302
0.00384952
0.00381658
0.00378425
0.00375242
0.00372106
0.00369
0.0036592
0.00362851
0.00359788
0.00356727
0.00353662
0.00350593
0.00347517
0.00344432
0.00341344
0.00338239
0.00335139
0.00332021
0.0032891
0.00325798
0.00322697
0.00319613
0.00316553
0.00313526
0.00310541
0.00307607
0.00304732
0.00301921
0.00299186
0.00296525
0.00293946
0.00291451
0.0028904
0.00286713
0.0028447
0.00282306
0.00280221
0.0027821
0.00276268
0.00274392
0.00272577
0.00270821
0.00269119
0.00267466
0.00265858
0.00264291
0.0026276
0.00261262
0.0025979
0.0025834
0.00256906
0.00255481
0.0025406
0.00252635
0.00251199
0.00249745
0.00248266
0.00246754
0.00245203
0.00243607
0.00241961
0.0024026
0.00238501
0.0023668
0.00234794
0.00232844
0.00230828
0.00228744
0.00226591
0.00224367
0.00222074
0.00219709
0.00217274
0.00214767
0.0021219
0.00209544
0.0020683
0.00204049
0.00201205
0.001983
0.00195338
0.00192324
0.00189261
0.00186155
0.00183011
0.00179836
0.00176635
0.00173416
0.00170183
0.00166943
0.00163704
0.00160465
0.00157235
0.00154014
0.00150805
0.00147605
0.00144419
0.00141237
0.00138064
0.00134885
0.00131706
0.00128513
0.00125307
0.00122082
0.00118836
0.00115563
0.00112278
0.00108962
0.00105648
0.00102315
0.000990047
0.000957128
0.000924877
0.000893556
0.000863725
0.000835703
0.000810264
0.000786469
0.000763981
0.000742502
0.000721552
0.000700916
0.000680629
0.000660603
0.000640888
0.000621403
0.000601971
0.00058248
0.000562867
0.000543089
0.00052313
0.000503015
0.000482804
0.000462563
0.000442355
0.000422228
0.000402218
0.00038234
0.000362593
0.000342957
0.000323407
0.000303912
0.000284443
0.000264983
0.000245459
0.000225954
0.000206415
0.000186844
0.00016725
0.000147641
0.000128023
0.000108401
8.8777e-05
6.91477e-05
4.94926e-05
2.9827e-05
9.83684e-06
0.00490015
0.0048784
0.00485345
0.00483056
0.00480809
0.00478497
0.00476163
0.00473859
0.00471596
0.00469358
0.00467137
0.00464948
0.00462772
0.00460597
0.00458434
0.00456278
0.00454122
0.00451965
0.00449806
0.00447642
0.00445471
0.00443291
0.004411
0.00438895
0.00436672
0.00434427
0.00432156
0.00429853
0.00427514
0.00425132
0.00422699
0.00420209
0.00417653
0.0041503
0.00412323
0.00409524
0.00406622
0.00403605
0.00400476
0.00397257
0.00393976
0.0039067
0.00387368
0.00384129
0.00380982
0.00377912
0.00374897
0.0037193
0.00368984
0.00366054
0.00363125
0.00360192
0.00357252
0.00354301
0.0035134
0.00348368
0.00345382
0.0034239
0.00339378
0.00336367
0.00333334
0.00330303
0.00327265
0.00324231
0.00321204
0.00318191
0.00315201
0.0031224
0.00309315
0.00306437
0.00303608
0.00300841
0.00298136
0.00295501
0.00292939
0.0029045
0.00288038
0.00285702
0.00283441
0.00281254
0.00279138
0.0027709
0.00275106
0.00273184
0.00271318
0.00269506
0.00267744
0.00266025
0.00264348
0.00262707
0.00261098
0.00259516
0.00257957
0.00256414
0.00254884
0.00253359
0.00251837
0.00250308
0.00248769
0.0024721
0.00245628
0.00244013
0.00242362
0.00240668
0.00238926
0.00237132
0.00235283
0.00233375
0.00231407
0.00229377
0.00227282
0.00225122
0.00222895
0.00220601
0.0021824
0.00215811
0.00213315
0.00210753
0.00208127
0.00205437
0.00202687
0.00199879
0.00197017
0.00194105
0.00191147
0.00188147
0.00185111
0.00182044
0.00178952
0.00175841
0.00172716
0.00169583
0.00166444
0.0016331
0.00160176
0.00157052
0.00153934
0.00150827
0.00147725
0.00144634
0.0014154
0.00138452
0.00135351
0.00132246
0.00129119
0.00125975
0.00122802
0.00119604
0.00116366
0.00113108
0.00109801
0.00106481
0.00103115
0.000997448
0.000963548
0.000929938
0.000896826
0.00086488
0.000834372
0.000806771
0.00078106
0.000757064
0.000734382
0.000712714
0.00069175
0.000671634
0.000652076
0.000632992
0.000614134
0.000595275
0.000576315
0.000557178
0.00053781
0.000518205
0.000498407
0.000478483
0.000458509
0.000438553
0.00041867
0.000398895
0.000379246
0.000359718
0.000340295
0.000320948
0.000301646
0.00028236
0.000263072
0.00024371
0.000224364
0.000204978
0.000185549
0.000166093
0.000146622
0.000127143
0.000107664
8.81875e-05
6.87114e-05
4.9213e-05
2.97027e-05
9.82253e-06
0.00490869
0.00488605
0.00485867
0.00483351
0.00480955
0.00478547
0.00476143
0.00473788
0.00471517
0.00469291
0.0046708
0.004649
0.00462736
0.00460577
0.00458426
0.00456278
0.00454128
0.00451976
0.00449818
0.00447654
0.00445481
0.00443296
0.00441098
0.00438881
0.00436644
0.00434382
0.00432089
0.0042976
0.00427389
0.00424967
0.00422486
0.00419938
0.00417312
0.00414605
0.00411798
0.00408887
0.00405869
0.00402742
0.00399527
0.00396257
0.0039296
0.00389681
0.00386445
0.00383327
0.00380336
0.00377432
0.0037458
0.00371768
0.00368965
0.00366167
0.00363355
0.00360532
0.00357694
0.0035484
0.00351971
0.00349089
0.00346191
0.00343284
0.00340355
0.00337426
0.00334471
0.00331517
0.00328549
0.00325582
0.00322612
0.00319651
0.00316701
0.00313771
0.00310865
0.00307994
0.00305159
0.00302375
0.00299638
0.0029696
0.00294345
0.00291792
0.00289308
0.00286891
0.00284544
0.00282264
0.00280052
0.00277904
0.00275818
0.00273793
0.00271823
0.00269905
0.00268037
0.00266212
0.0026443
0.00262683
0.00260969
0.00259282
0.0025762
0.00255976
0.00254348
0.00252726
0.00251113
0.00249496
0.00247877
0.00246242
0.00244592
0.00242917
0.00241213
0.00239472
0.00237691
0.00235863
0.00233987
0.00232056
0.00230069
0.00228023
0.00225918
0.00223749
0.00221518
0.00219222
0.00216862
0.00214439
0.00211952
0.00209404
0.00206795
0.00204129
0.00201407
0.00198634
0.00195812
0.00192946
0.00190041
0.00187101
0.0018413
0.00181135
0.00178119
0.00175089
0.00172049
0.00169005
0.00165956
0.00162915
0.00159872
0.0015684
0.00153812
0.00150793
0.00147775
0.00144766
0.00141748
0.00138734
0.00135701
0.00132662
0.00129594
0.00126508
0.00123386
0.00120236
0.00117036
0.00113811
0.00110522
0.00107207
0.00103823
0.00100411
0.000969398
0.000934567
0.000899713
0.000865569
0.000832348
0.000802503
0.000774855
0.000749302
0.000725522
0.000703291
0.000682175
0.000662457
0.00064358
0.000625254
0.000607104
0.000588872
0.000570474
0.000551831
0.00053288
0.000513634
0.000494152
0.000474516
0.000454807
0.000435098
0.000415443
0.000395885
0.000376435
0.000357094
0.000337845
0.000318659
0.000299508
0.000280363
0.000261202
0.000241996
0.000222763
0.000203491
0.000184181
0.000164847
0.000145499
0.000126149
0.000106809
8.74842e-05
6.81742e-05
4.88564e-05
2.95384e-05
9.78212e-06
0.00492121
0.00489674
0.00486485
0.00483646
0.00481054
0.00478522
0.0047606
0.00473679
0.00471408
0.00469198
0.00467013
0.00464849
0.00462702
0.00460563
0.00458426
0.00456289
0.00454149
0.00452003
0.00449851
0.00447689
0.00445516
0.0044333
0.00441128
0.00438906
0.00436661
0.00434388
0.00432081
0.00429734
0.00427339
0.00424888
0.00422371
0.00419777
0.00417093
0.00414311
0.00411408
0.00408381
0.00405226
0.00401958
0.00398627
0.00395287
0.00391962
0.00388703
0.00385534
0.0038255
0.00379728
0.0037699
0.00374287
0.00371614
0.0036893
0.0036624
0.00363524
0.00360791
0.00358036
0.00355263
0.00352472
0.00349668
0.00346845
0.00344015
0.0034116
0.00338305
0.00335422
0.0033254
0.00329638
0.00326736
0.00323824
0.00320917
0.00318009
0.00315117
0.00312235
0.00309382
0.00306551
0.0030376
0.00301006
0.002983
0.00295645
0.00293042
0.002905
0.00288016
0.00285595
0.00283234
0.00280937
0.002787
0.00276522
0.00274401
0.00272334
0.00270319
0.00268353
0.00266429
0.00264549
0.00262704
0.00260894
0.00259111
0.00257356
0.00255619
0.00253902
0.00252196
0.002505
0.00248805
0.00247111
0.00245408
0.00243695
0.00241962
0.00240206
0.0023842
0.00236599
0.00234737
0.0023283
0.00230872
0.00228864
0.00226798
0.00224677
0.00222495
0.00220254
0.00217952
0.00215589
0.00213167
0.00210685
0.00208146
0.00205552
0.00202905
0.00200208
0.00197465
0.00194679
0.00191856
0.00188998
0.0018611
0.00183199
0.00180266
0.00177319
0.0017436
0.00171394
0.00168427
0.00165456
0.00162494
0.00159528
0.00156576
0.00153622
0.00150679
0.0014773
0.00144791
0.00141838
0.00138889
0.00135914
0.00132935
0.00129921
0.0012689
0.00123817
0.00120717
0.00117558
0.00114373
0.0011111
0.00107815
0.00104429
0.00100997
0.000974668
0.000938827
0.000902338
0.000865926
0.000829681
0.000797492
0.000767919
0.000740848
0.000716111
0.000693507
0.000672453
0.000653393
0.000635414
0.000617941
0.000600533
0.000582937
0.000565095
0.000546927
0.00052836
0.000509444
0.000490254
0.000470883
0.000451421
0.00043194
0.000412496
0.000393134
0.000373857
0.000354671
0.000335562
0.000316503
0.000297467
0.000278428
0.000259367
0.000240266
0.000221126
0.000201947
0.000182735
0.000163501
0.000144259
0.000125026
0.000105817
8.66434e-05
6.75132e-05
4.84025e-05
2.93251e-05
9.71014e-06
0.0049406
0.00490962
0.00486974
0.00483783
0.00481055
0.00478408
0.00475906
0.00473547
0.0047129
0.00469096
0.00466939
0.00464804
0.00462682
0.00460563
0.00458442
0.00456318
0.00454187
0.0045205
0.00449905
0.00447749
0.0044558
0.00443396
0.00441195
0.00438972
0.00436725
0.00434448
0.00432135
0.00429779
0.00427372
0.00424904
0.00422365
0.00419741
0.00417016
0.00414176
0.00411188
0.00408047
0.00404729
0.00401277
0.00397797
0.00394367
0.00391001
0.00387757
0.00384656
0.00381822
0.00379176
0.0037659
0.00374014
0.0037145
0.00368859
0.00366251
0.00363607
0.00360944
0.00358255
0.00355548
0.00352822
0.00350083
0.00347325
0.00344562
0.00341773
0.00338985
0.00336168
0.00333352
0.00330512
0.00327673
0.00324816
0.00321963
0.003191
0.00316249
0.00313398
0.00310568
0.0030775
0.00304965
0.00302204
0.00299483
0.00296803
0.00294166
0.00291581
0.00289045
0.00286567
0.00284141
0.00281774
0.00279462
0.00277205
0.00275002
0.00272852
0.00270751
0.00268699
0.00266688
0.00264723
0.00262791
0.00260898
0.00259031
0.00257196
0.00255379
0.00253586
0.00251803
0.00250036
0.00248271
0.00246512
0.00244746
0.00242975
0.00241186
0.00239381
0.00237547
0.00235685
0.00233783
0.00231841
0.0022985
0.00227813
0.00225722
0.00223579
0.00221378
0.00219122
0.00216807
0.00214437
0.0021201
0.00209529
0.00206995
0.0020441
0.00201778
0.001991
0.00196382
0.00193626
0.00190838
0.0018802
0.00185176
0.00182313
0.00179433
0.0017654
0.0017364
0.00170734
0.0016783
0.00164919
0.00162022
0.00159117
0.00156229
0.00153334
0.00150453
0.00147561
0.00144681
0.00141781
0.00138889
0.00135965
0.00133042
0.00130075
0.00127099
0.00124071
0.00121024
0.00117908
0.0011477
0.00111542
0.00108283
0.00104913
0.00101487
0.000979299
0.000942788
0.000904921
0.000866238
0.000826588
0.000791987
0.000760652
0.000732174
0.000706649
0.000683889
0.000663135
0.000644989
0.000628082
0.00061148
0.000594773
0.00057776
0.00056039
0.000542566
0.000524296
0.00050565
0.000486714
0.000467577
0.000448328
0.000429044
0.000409798
0.000390596
0.000371467
0.000352413
0.000333416
0.000314455
0.000295506
0.000276547
0.00025756
0.000238532
0.000219463
0.000200355
0.000181217
0.000162063
0.000142908
0.000123773
0.000104674
8.56369e-05
6.66851e-05
4.78047e-05
2.90254e-05
9.58979e-06
0.00498177
0.00492473
0.00487346
0.00483796
0.00480919
0.00478221
0.00475703
0.00473373
0.00471161
0.0046901
0.00466891
0.00464787
0.00462687
0.00460586
0.0045848
0.00456367
0.00454247
0.00452118
0.0044998
0.00447831
0.0044567
0.00443494
0.00441299
0.00439083
0.00436841
0.00434567
0.00432258
0.00429904
0.00427498
0.0042503
0.00422488
0.00419857
0.00417117
0.00414251
0.00411216
0.00407994
0.00404501
0.00400806
0.00397141
0.00393593
0.0039016
0.00386901
0.0038384
0.00381147
0.00378659
0.00376199
0.00373716
0.00371231
0.00368703
0.00366153
0.00363562
0.00360953
0.00358315
0.00355665
0.00352993
0.00350313
0.00347612
0.0034491
0.00342181
0.00339457
0.00336701
0.00333949
0.00331168
0.00328391
0.00325588
0.00322791
0.00319974
0.00317168
0.00314351
0.00311553
0.00308756
0.00305984
0.00303229
0.00300504
0.00297812
0.00295155
0.00292543
0.0028997
0.0028745
0.00284975
0.00282554
0.00280182
0.00277861
0.00275592
0.00273372
0.002712
0.00269075
0.00266991
0.00264953
0.00262947
0.00260984
0.00259046
0.00257145
0.0025526
0.00253405
0.0025156
0.00249736
0.00247913
0.00246102
0.00244282
0.00242463
0.00240625
0.00238776
0.00236898
0.00234998
0.00233059
0.00231087
0.00229063
0.00226998
0.00224873
0.00222706
0.00220477
0.002182
0.00215864
0.00213478
0.00211037
0.00208545
0.00206004
0.00203416
0.00200785
0.00198111
0.00195403
0.00192659
0.00189888
0.0018709
0.00184271
0.00181436
0.00178587
0.00175729
0.00172867
0.00169999
0.00167138
0.0016427
0.00161421
0.00158559
0.00155721
0.0015287
0.00150041
0.00147194
0.00144367
0.00141514
0.00138676
0.001358
0.00132934
0.00130015
0.00127097
0.00124117
0.00121123
0.00118054
0.00114971
0.0011179
0.00108582
0.00105253
0.00101865
0.00098323
0.000946609
0.00090797
0.000867323
0.000823979
0.000786871
0.000753821
0.000724151
0.000697958
0.000675109
0.00065474
0.000637596
0.000621808
0.000606028
0.00058994
0.000573427
0.000556377
0.000538774
0.000520712
0.000502264
0.000483525
0.000464583
0.000445525
0.000426418
0.0004073
0.000388207
0.000369191
0.000350237
0.000331328
0.000312443
0.000293561
0.000274662
0.00025573
0.000236756
0.00021774
0.000198687
0.000179608
0.000160518
0.000141438
0.000122391
0.000103385
8.44606e-05
6.56385e-05
4.69434e-05
2.84609e-05
9.31515e-06
0.00507365
0.00495854
0.00488429
0.00484138
0.00480824
0.00477977
0.00475492
0.00473231
0.00471077
0.00468972
0.00466888
0.00464811
0.00462733
0.0046065
0.0045856
0.00456463
0.00454357
0.00452242
0.00450116
0.00447978
0.00445826
0.00443659
0.00441474
0.00439268
0.00437036
0.00434774
0.00432476
0.00430135
0.00427743
0.0042529
0.00422762
0.00420147
0.00417423
0.00414569
0.00411541
0.0040831
0.00404705
0.00400808
0.00396901
0.00393181
0.00389618
0.00386267
0.00383167
0.0038054
0.00378141
0.0037576
0.00373341
0.00370908
0.00368423
0.00365917
0.00363368
0.00360805
0.00358213
0.00355614
0.00352992
0.00350368
0.00347723
0.0034508
0.00342411
0.00339747
0.00337053
0.00334365
0.00331644
0.00328931
0.00326186
0.0032345
0.00320686
0.00317935
0.00315164
0.00312411
0.00309651
0.00306912
0.00304182
0.00301476
0.00298796
0.00296143
0.00293529
0.00290948
0.00288413
0.00285916
0.00283467
0.00281063
0.00278704
0.00276393
0.00274127
0.00271905
0.00269729
0.00267589
0.00265495
0.00263429
0.00261408
0.00259407
0.00257446
0.00255499
0.00253583
0.00251676
0.00249792
0.00247908
0.00246038
0.00244158
0.00242282
0.00240386
0.00238482
0.00236543
0.00234586
0.00232581
0.00230548
0.0022846
0.00226339
0.00224158
0.00221937
0.00219653
0.00217326
0.0021494
0.00212508
0.00210023
0.00207494
0.00204919
0.00202302
0.00199648
0.00196956
0.00194236
0.00191485
0.00188713
0.00185921
0.00183112
0.00180293
0.00177465
0.00174632
0.001718
0.00168966
0.00166144
0.00163316
0.00160512
0.00157695
0.00154908
0.00152105
0.00149329
0.00146533
0.00143761
0.0014096
0.00138179
0.00135356
0.00132546
0.00129685
0.00126833
0.00123909
0.00120996
0.00117987
0.00114975
0.00111851
0.00108709
0.00105435
0.0010211
0.00098619
0.000950018
0.000911419
0.00086978
0.000823361
0.000784095
0.000749466
0.000718453
0.000691493
0.000668271
0.000648028
0.000631533
0.000616417
0.000601154
0.000585418
0.000569116
0.000552199
0.00053473
0.000516789
0.000498461
0.000479843
0.00046103
0.000442104
0.000423136
0.000404172
0.000385264
0.000366403
0.000347578
0.000328776
0.000309979
0.000291169
0.000272329
0.000253447
0.000234516
0.00021554
0.000196524
0.00017748
0.000158426
0.000139379
0.000120359
0.000101419
8.25805e-05
6.38933e-05
4.54543e-05
2.73275e-05
8.73034e-06
)
;

boundaryField
{
    inlet
    {
        type            zeroGradient;
    }
    outlet
    {
        type            fixedValue;
        value           uniform 0;
    }
    walls
    {
        type            zeroGradient;
    }
    frontAndBack
    {
        type            empty;
    }
}


// ************************************************************************* //
