/*--------------------------------*- C++ -*----------------------------------*\
| =========                 |                                                 |
| \\      /  F ield         | OpenFOAM: The Open Source CFD Toolbox           |
|  \\    /   O peration     | Version:  2506                                  |
|   \\  /    A nd           | Website:  www.openfoam.com                      |
|    \\/     M anipulation  |                                                 |
\*---------------------------------------------------------------------------*/
FoamFile
{
    version     2.0;
    format      ascii;
    arch        "LSB;label=32;scalar=64";
    class       volScalarField;
    location    "2.57375";
    object      s;
}
// * * * * * * * * * * * * * * * * * * * * * * * * * * * * * * * * * * * * * //

dimensions      [0 0 0 0 0 0 0];

internalField   nonuniform List<scalar> 
4000
(
-1.42979e-18
7.48272e-18
-2.75351e-17
5.77618e-17
5.52013e-17
-1.08063e-14
-6.43814e-13
-1.24066e-11
-9.98794e-11
-1.38437e-09
7.13352e-10
8.00402e-08
1.62203e-06
1.97884e-05
0.000237842
0.00210967
0.012691
0.0518516
0.122479
0.193612
0.211849
0.208656
0.190875
0.147602
0.0794198
0.0239115
0.00216638
0.00124052
0.00121372
0.00112651
0.00110669
0.00131494
0.0020275
0.00375815
0.0068354
0.0107338
0.0148436
0.0186447
0.0219479
0.0255269
0.0313149
0.0358699
0.0384318
0.0404594
0.0423771
0.0442629
0.0460013
0.0472849
0.048296
0.0488916
0.048948
0.048669
0.0476635
0.0463005
0.0439909
0.0412131
0.0380225
0.0343188
0.0300521
0.0251813
0.0200046
0.0149586
0.0104914
0.00689644
0.00424765
0.00245548
0.00133941
0.000693453
0.000343996
0.000164283
7.61264e-05
3.48898e-05
1.62228e-05
7.75441e-06
3.77114e-06
1.82543e-06
8.62093e-07
3.92268e-07
1.71149e-07
7.16624e-08
2.88389e-08
1.1164e-08
4.16165e-09
1.49511e-09
5.17892e-10
1.73097e-10
5.56112e-11
1.69147e-11
4.74909e-12
1.1439e-12
1.63413e-13
-4.04913e-14
-5.41343e-14
-3.71768e-14
-2.3102e-14
-1.8969e-14
-1.42815e-14
-1.16385e-14
-7.95418e-15
3.16772e-16
1.36176e-14
4.7184e-14
1.47946e-13
4.01969e-13
6.67068e-13
1.68283e-12
5.25294e-12
2.25316e-11
6.72133e-11
7.12082e-11
-2.8512e-10
-1.59083e-09
-4.56176e-09
-9.19623e-09
-1.42607e-08
-1.7723e-08
-2.52081e-08
-6.48089e-08
-1.44308e-07
-2.78795e-07
-4.81241e-07
-7.06656e-07
-9.23388e-07
-1.13364e-06
-1.34831e-06
-1.50721e-06
-1.54412e-06
-1.49646e-06
-1.41775e-06
-1.34936e-06
-1.23284e-06
-1.1422e-06
-1.12155e-06
-1.05064e-06
-1.0276e-06
-1.08963e-06
-1.02128e-06
-1.06085e-06
-1.02106e-06
-9.81793e-07
-8.98351e-07
-7.5685e-07
-5.60468e-07
-3.60333e-07
-1.67853e-07
-7.09357e-08
-2.80814e-08
-1.07117e-08
-4.10299e-09
-1.64436e-09
-7.06691e-10
-3.21916e-10
-1.50102e-10
-6.91654e-11
-3.06537e-11
-1.28661e-11
-5.03533e-12
-1.8045e-12
-5.22721e-13
4.68919e-14
1.05855e-12
1.89564e-12
1.97486e-12
8.8557e-13
-5.64468e-12
-2.47012e-11
-6.07062e-11
2.50829e-11
7.77329e-11
1.13612e-10
1.77187e-10
2.38802e-10
2.88001e-10
2.97406e-10
2.60083e-10
1.90054e-10
1.16065e-10
5.89877e-11
2.50843e-11
8.91366e-12
2.64336e-12
6.42136e-13
1.19293e-13
1.3848e-14
-2.88974e-16
-7.67549e-16
-1.95016e-16
6.59642e-17
1.26147e-16
1.44865e-16
1.66196e-16
1.8033e-16
1.99709e-16
2.02405e-16
1.89955e-16
1.36327e-16
7.89793e-17
3.9928e-17
1.85705e-17
2.64655e-18
-3.02209e-19
1.12591e-19
6.67421e-18
-4.28757e-17
1.37321e-16
-2.82753e-16
-2.02667e-14
-5.91666e-13
-5.90352e-12
-3.36923e-11
-7.98031e-10
-1.55696e-10
5.52872e-08
6.8998e-07
9.3778e-06
8.21565e-05
0.000403731
0.00128262
0.0029943
0.00564544
0.00876315
0.0119205
0.0147232
0.0168278
0.0181863
0.0190595
0.0192601
0.0196345
0.0204431
0.0216903
0.0234493
0.0262232
0.0319084
0.04389
0.0668808
0.102061
0.139129
0.154981
0.153287
0.148588
0.137009
0.122117
0.108688
0.0977365
0.0895087
0.0834643
0.0789467
0.077355
0.0773878
0.0780819
0.0793571
0.08094
0.083131
0.0854279
0.0881218
0.0913038
0.094779
0.0979319
0.101231
0.101982
0.102171
0.101667
0.10065
0.0993429
0.0973486
0.0948561
0.0908651
0.0848453
0.0731414
0.0541677
0.032797
0.0154341
0.00779446
0.00450567
0.00263594
0.00149059
0.000796683
0.000397136
0.000186488
8.35693e-05
3.59555e-05
1.48802e-05
5.92427e-06
2.27144e-06
8.40778e-07
3.01407e-07
1.05008e-07
3.56754e-08
1.18491e-08
3.85014e-09
1.21998e-09
3.73637e-10
1.08265e-10
2.79968e-11
4.84929e-12
-1.92158e-12
-4.58083e-12
-6.53114e-12
-6.91069e-12
-5.37805e-12
-5.86487e-12
-1.952e-11
-8.78611e-11
-3.94885e-10
-1.51697e-09
-4.30651e-09
-9.3985e-09
-2.68162e-08
-5.25773e-08
-1.5471e-07
-4.72481e-07
-1.27975e-06
-2.83339e-06
-5.06818e-06
-8.43261e-06
-1.2104e-05
-1.57734e-05
-1.95282e-05
-2.29997e-05
-2.61895e-05
-2.90642e-05
-3.1292e-05
-3.27103e-05
-3.3394e-05
-3.32569e-05
-3.2416e-05
-3.1595e-05
-3.08644e-05
-3.02541e-05
-2.98248e-05
-2.923e-05
-2.86073e-05
-2.81607e-05
-2.76167e-05
-2.70715e-05
-2.66706e-05
-2.59432e-05
-2.5586e-05
-2.49351e-05
-2.41586e-05
-2.29878e-05
-2.12339e-05
-1.89746e-05
-1.6615e-05
-1.43878e-05
-1.14576e-05
-8.21278e-06
-5.16514e-06
-3.21782e-06
-2.06947e-06
-1.31218e-06
-7.9512e-07
-4.61819e-07
-2.5276e-07
-1.30651e-07
-6.28605e-08
-2.80664e-08
-1.14718e-08
-4.25763e-09
-1.42096e-09
-4.01523e-10
-1.57344e-10
-3.40513e-10
-7.51666e-10
-1.26489e-09
-2.67917e-09
-9.82758e-09
-1.04884e-08
-1.44479e-08
-1.93327e-08
-2.49594e-08
-3.2506e-08
-4.06843e-08
-4.74673e-08
-4.99003e-08
-4.63402e-08
-3.73781e-08
-2.61536e-08
-1.58661e-08
-8.41215e-09
-3.98295e-09
-1.73757e-09
-7.20187e-10
-2.88073e-10
-1.10376e-10
-4.03881e-11
-1.39982e-11
-4.48444e-12
-1.23126e-12
-2.01325e-13
7.79416e-14
1.23355e-13
1.02593e-13
7.14527e-14
4.41655e-14
2.52495e-14
1.44723e-14
8.45463e-15
4.79116e-15
2.33356e-15
2.9011e-19
-1.32697e-18
3.81065e-18
-2.83768e-18
-3.39808e-17
8.82037e-17
-3.63288e-16
-1.74656e-14
-1.9268e-13
-9.93857e-13
-6.30602e-11
-2.17101e-10
1.36744e-09
1.06246e-08
3.46661e-08
8.67851e-08
2.04077e-07
4.56941e-07
8.95425e-07
1.5601e-06
2.61443e-06
4.23451e-06
7.90727e-06
3.24318e-05
0.000185356
0.000716889
0.0014231
0.00227963
0.00332518
0.00460342
0.00623615
0.00851519
0.0116443
0.0176273
0.0289062
0.0421864
0.0517871
0.05581
0.054791
0.0503921
0.0430264
0.0355925
0.0296745
0.0252022
0.0220445
0.0199502
0.018582
0.0179889
0.0178532
0.0181402
0.0188761
0.0198933
0.0214334
0.0233
0.0257554
0.028848
0.0328161
0.0380792
0.0439162
0.0509577
0.0582322
0.0658102
0.073275
0.0805356
0.0879457
0.0929312
0.0959603
0.099834
0.104805
0.104697
0.101774
0.0957382
0.0858054
0.0699926
0.0516758
0.0329511
0.0171617
0.00896629
0.00510941
0.0029868
0.00172604
0.000959844
0.000510101
0.000261546
0.000130268
6.30063e-05
2.94799e-05
1.32797e-05
5.72682e-06
2.35883e-06
9.27946e-07
3.4847e-07
1.24978e-07
4.28045e-08
1.38838e-08
4.06117e-09
6.32585e-10
-1.08692e-09
-2.30111e-09
-3.6701e-09
-5.53812e-09
-1.14041e-08
-3.12999e-08
-1.08557e-07
-4.14868e-07
-1.20956e-06
-2.93818e-06
-6.18834e-06
-1.10594e-05
-1.62765e-05
-2.15345e-05
-2.74161e-05
-3.37655e-05
-3.84311e-05
-4.4945e-05
-5.61196e-05
-6.2958e-05
-6.85984e-05
-7.26375e-05
-7.44167e-05
-7.36301e-05
-7.07304e-05
-6.63404e-05
-6.09935e-05
-5.537e-05
-4.99018e-05
-4.48939e-05
-4.05101e-05
-3.67241e-05
-3.33634e-05
-3.06642e-05
-2.8253e-05
-2.53983e-05
-2.26868e-05
-1.92591e-05
-1.41201e-05
-9.45656e-06
-2.86914e-06
3.62808e-06
9.92312e-06
1.47545e-05
1.61855e-05
1.30889e-05
5.86397e-06
-4.73366e-06
-1.40955e-05
-2.13859e-05
-2.6224e-05
-2.85493e-05
-2.86895e-05
-2.71879e-05
-2.42958e-05
-2.05824e-05
-1.63665e-05
-1.21305e-05
-8.23765e-06
-5.00982e-06
-2.62254e-06
-1.02874e-06
-1.67359e-07
-2.52952e-08
-3.5409e-08
-7.09969e-08
-9.52855e-08
-1.55628e-07
-3.69617e-07
-1.12407e-06
-2.26824e-06
-3.11375e-06
-3.94829e-06
-5.57402e-06
-7.53137e-06
-9.29279e-06
-1.03932e-05
-1.04311e-05
-9.29755e-06
-7.28099e-06
-4.98524e-06
-2.95876e-06
-1.52293e-06
-6.92508e-07
-2.87624e-07
-1.11974e-07
-3.87368e-08
-1.29663e-08
-4.6172e-09
-1.7494e-09
-6.8708e-10
-2.73959e-10
-1.09141e-10
-4.28063e-11
-1.62219e-11
-5.86022e-12
-2.08165e-12
-8.74567e-13
-5.85085e-13
-4.36621e-13
-2.49008e-13
-9.31972e-14
1.30542e-15
7.43606e-20
-1.09052e-19
-9.60961e-19
5.71061e-18
-1.22858e-17
-5.65169e-17
4.03409e-16
-2.5002e-15
-6.69992e-15
-6.65027e-13
-1.40828e-12
-4.07231e-12
7.97498e-12
1.29322e-10
6.36227e-10
-1.38256e-09
-6.60972e-09
-3.30968e-09
1.40392e-08
3.82621e-08
6.32031e-08
9.04436e-08
1.06986e-07
1.2234e-07
-2.92502e-08
-1.86799e-07
1.89423e-08
3.1167e-07
6.61029e-07
1.09892e-06
3.62717e-05
0.000183364
0.000469096
0.00115263
0.00244219
0.00333932
0.00340869
0.00313368
0.00275515
0.00231398
0.00181843
0.0014092
0.0011123
0.000898411
0.000749527
0.000645587
0.000573185
0.000531547
0.000507946
0.000503789
0.000518954
0.000550518
0.000607395
0.000687514
0.000810324
0.000992184
0.00136459
0.00212506
0.00333668
0.00551062
0.00859047
0.012936
0.0187395
0.0263989
0.0364569
0.0476774
0.0588471
0.0697951
0.0810722
0.0923465
0.100066
0.106545
0.11381
0.114437
0.111466
0.105176
0.0931377
0.0752628
0.0565166
0.0388064
0.0229122
0.0126174
0.0074953
0.00465047
0.00289948
0.00177303
0.00103665
0.000573653
0.000302993
0.000154313
7.60816e-05
3.61848e-05
1.65423e-05
7.26516e-06
3.05781e-06
1.23534e-06
4.72333e-07
1.54918e-07
-8.68652e-09
-1.80131e-07
-4.27931e-07
-1.03209e-06
-1.90711e-06
-3.14932e-06
-5.24295e-06
-8.32623e-06
-1.32663e-05
-2.07774e-05
-3.74388e-05
-5.002e-05
-5.97676e-05
-6.25578e-05
-5.58584e-05
-3.88312e-05
1.61909e-05
0.000618474
0.00174451
0.00339397
0.0055098
0.00807096
0.0110509
0.0143071
0.0177236
0.021235
0.02468
0.0279702
0.0310324
0.0337914
0.0362527
0.0385076
0.0403994
0.0420103
0.0436994
0.0450914
0.0464012
0.0479497
0.0489355
0.0500081
0.0505807
0.0505667
0.0497211
0.0475813
0.0438995
0.0386934
0.0315208
0.0243458
0.0176865
0.0122826
0.00814299
0.00515067
0.00313371
0.00180431
0.000993837
0.000517144
0.000255912
0.000118344
5.02846e-05
1.82976e-05
4.29905e-06
-1.31406e-06
-3.07522e-06
-2.81936e-06
-1.82884e-06
-9.06732e-07
-7.00369e-07
-1.33044e-06
-3.4888e-06
-8.49681e-06
-1.40293e-05
-1.84669e-05
-3.03747e-05
-4.69349e-05
-5.8303e-05
-6.29719e-05
-6.03851e-05
-5.05995e-05
-3.7465e-05
-2.45941e-05
-1.48189e-05
-8.22404e-06
-4.18947e-06
-1.91565e-06
-7.26805e-07
-2.22822e-07
-1.08591e-07
-5.83281e-08
-3.20531e-08
-1.78421e-08
-1.03145e-08
-6.54758e-09
-4.87675e-09
-4.39407e-09
-4.32684e-09
-4.19502e-09
-3.83297e-09
-3.23453e-09
-2.48998e-09
-1.76951e-09
-1.18809e-09
-7.40669e-10
-1.66096e-19
6.03305e-19
-1.35967e-18
1.3735e-19
1.73799e-17
-1.04994e-16
3.30711e-16
-7.1348e-16
-5.13178e-17
-9.64812e-14
-5.91352e-13
2.75929e-13
1.07548e-12
2.89883e-11
-8.3174e-11
-2.70584e-10
-4.48247e-10
-5.36508e-10
-3.55341e-10
-1.82044e-10
-1.46027e-09
-4.58487e-09
-6.22432e-09
-2.12619e-08
-4.96512e-08
-6.42109e-08
-5.7988e-08
-3.18839e-08
9.44248e-09
9.14231e-08
2.13064e-07
9.4843e-07
3.03136e-06
8.70741e-06
1.58793e-05
1.78422e-05
1.5643e-05
1.2337e-05
9.18686e-06
6.65182e-06
4.70304e-06
3.39305e-06
2.54678e-06
1.98644e-06
1.61234e-06
1.35242e-06
1.16563e-06
1.04098e-06
9.52966e-07
9.02612e-07
8.88789e-07
9.10067e-07
9.85007e-07
1.12181e-06
1.36995e-06
1.78707e-06
2.5881e-06
4.02188e-06
6.26416e-06
8.45108e-06
1.50743e-05
6.16207e-05
0.000370108
0.00156867
0.00413482
0.00830279
0.0145093
0.0232234
0.0340966
0.047376
0.0615334
0.075995
0.0907229
0.104419
0.111782
0.118046
0.121581
0.120065
0.115819
0.109062
0.0990259
0.0847948
0.0698586
0.0556513
0.0413541
0.0264363
0.0151732
0.00930923
0.00599473
0.00387392
0.00245832
0.00150598
0.000878513
0.000490673
0.000265009
0.000139963
7.2011e-05
3.5986e-05
1.68509e-05
6.34184e-06
-2.02057e-07
-4.99554e-06
-9.15097e-06
-1.28222e-05
-1.48119e-05
-1.27171e-05
-2.26682e-06
2.15796e-05
0.0003987
0.0020681
0.00518923
0.00986356
0.0161019
0.0234272
0.0318407
0.0410974
0.0506567
0.0605456
0.0708456
0.0814336
0.0922608
0.103007
0.113416
0.123535
0.133258
0.142574
0.151463
0.15989
0.167872
0.175513
0.182658
0.189302
0.195944
0.202074
0.207901
0.213749
0.218692
0.223414
0.2272
0.229844
0.23099
0.229889
0.225906
0.218634
0.20646
0.190136
0.167467
0.140714
0.111362
0.0812293
0.0533737
0.0321028
0.0189884
0.0109748
0.00620081
0.00330213
0.00163269
0.000746331
0.000321959
0.000128848
5.15802e-05
1.97391e-05
6.98888e-06
1.70798e-06
-6.00801e-07
-1.42135e-06
-5.95876e-07
-1.52013e-06
-1.32387e-05
-2.80649e-05
-4.19932e-05
-7.41063e-05
-9.75008e-05
-0.000106506
-9.75584e-05
-7.49512e-05
-4.82233e-05
-2.60839e-05
-1.25731e-05
-6.62221e-06
-4.67923e-06
-3.95232e-06
-3.29911e-06
-2.583e-06
-1.9197e-06
-1.36329e-06
-9.33506e-07
-6.23688e-07
-4.1324e-07
-2.77339e-07
-1.93267e-07
-1.42847e-07
-1.12387e-07
-9.27332e-08
-7.77102e-08
-6.53444e-08
-5.35911e-08
-4.10238e-08
-3.00892e-08
-1.67323e-08
-1.7546e-19
6.79111e-19
-1.61249e-18
2.35087e-18
1.34092e-18
-1.92121e-17
4.6608e-17
-3.58908e-17
-2.07745e-16
1.22891e-14
-1.3085e-14
8.13521e-14
6.7476e-13
1.7947e-12
-7.75002e-12
-2.26143e-12
8.30537e-12
2.58783e-11
4.42364e-11
-6.20293e-12
-1.57732e-10
-3.81211e-10
-8.78625e-10
-1.42821e-09
-1.1906e-09
-6.50741e-10
2.5405e-10
1.8915e-09
2.98259e-09
1.19706e-08
2.62944e-08
5.16138e-08
9.26129e-08
2.71935e-07
4.88433e-07
4.59336e-07
4.24166e-07
4.0596e-07
3.75441e-07
3.2941e-07
2.70309e-07
2.17172e-07
1.75238e-07
1.43072e-07
1.19061e-07
1.00633e-07
8.59181e-08
7.45178e-08
6.4816e-08
5.63441e-08
4.81586e-08
3.88884e-08
2.70912e-08
1.10146e-08
-1.048e-08
-3.89954e-08
-6.53982e-08
-6.6794e-08
-2.85418e-07
-1.49297e-08
2.12992e-06
8.62865e-06
1.82745e-05
2.44635e-05
1.92768e-05
6.02108e-05
0.000430041
0.00191359
0.00497579
0.0101159
0.0182428
0.0296463
0.0435759
0.0601446
0.0765768
0.0918509
0.105341
0.114999
0.118733
0.120266
0.122386
0.122311
0.121015
0.118664
0.11505
0.109512
0.101994
0.0925221
0.0799989
0.064823
0.0475807
0.0298902
0.0177468
0.0116165
0.00801176
0.00561753
0.00390924
0.0026867
0.00180409
0.00119251
0.00080389
0.000982992
0.0021168
0.00434869
0.00793562
0.0129369
0.0199425
0.0290015
0.0403245
0.053776
0.068782
0.0846325
0.0999321
0.112789
0.12399
0.133826
0.143446
0.153014
0.162554
0.171881
0.181217
0.190611
0.200121
0.210032
0.220274
0.230786
0.241469
0.252216
0.262906
0.273468
0.283839
0.293917
0.303759
0.313251
0.322391
0.331151
0.339418
0.34725
0.354439
0.360928
0.366588
0.371165
0.37434
0.375728
0.374406
0.369775
0.358225
0.338507
0.30991
0.271579
0.225639
0.174112
0.124835
0.0812307
0.0466658
0.0239439
0.0121876
0.00609381
0.00286903
0.00123808
0.000550587
0.00025524
0.000126306
6.98982e-05
4.78898e-05
4.68088e-05
6.90307e-05
0.000104418
0.000100284
3.1385e-05
8.0518e-05
0.000635279
0.00237956
0.00511009
0.00799493
0.0101438
0.0109346
0.0102481
0.00847924
0.00628597
0.00424586
0.0026637
0.00158615
0.000912887
0.000508401
0.00027478
0.000145275
7.56794e-05
3.90024e-05
1.98897e-05
9.99443e-06
4.89773e-06
2.29987e-06
1.00182e-06
3.72645e-07
8.25288e-08
-3.94934e-08
-8.08706e-08
-8.57321e-08
-7.47036e-08
-4.26334e-20
1.75728e-19
-4.33196e-19
8.06324e-19
-1.09521e-18
2.11919e-18
-1.29615e-17
8.38018e-17
-3.89542e-16
1.48564e-15
5.1613e-15
2.34776e-14
1.9625e-14
-2.44128e-13
-1.45563e-13
6.5362e-14
1.46746e-12
3.90867e-12
6.66222e-12
1.05994e-11
1.30698e-11
1.5014e-11
1.90266e-11
3e-11
4.64364e-11
9.58275e-11
1.86108e-10
3.32486e-10
6.00726e-10
1.71111e-09
3.0406e-09
4.62934e-09
8.04276e-09
2.31996e-08
3.78437e-08
2.94746e-08
2.22432e-08
1.98484e-08
1.89266e-08
1.75696e-08
1.5211e-08
1.27958e-08
1.07463e-08
9.13467e-09
7.95528e-09
7.09821e-09
6.47693e-09
6.11828e-09
5.97414e-09
6.10469e-09
6.6035e-09
7.57491e-09
9.74173e-09
1.37995e-08
1.95872e-08
2.6565e-08
2.91553e-08
3.37796e-08
4.10139e-08
1.05756e-07
5.08486e-07
1.44048e-06
1.2637e-06
-1.31645e-06
-1.34329e-06
8.01957e-06
2.50055e-05
2.94525e-05
3.64244e-05
0.00022086
0.00125134
0.00389104
0.0085921
0.0163485
0.0279312
0.0417538
0.0570846
0.0730565
0.0870593
0.0978217
0.10592
0.111443
0.114635
0.116473
0.117739
0.119408
0.121703
0.124836
0.128753
0.133089
0.133902
0.132078
0.127941
0.122245
0.113119
0.100592
0.0868793
0.0730401
0.0589068
0.0498829
0.0494834
0.0580445
0.0717313
0.0862858
0.100023
0.112421
0.124477
0.136148
0.147136
0.157614
0.166505
0.171534
0.172685
0.173051
0.174522
0.176571
0.179
0.181866
0.185056
0.188914
0.193467
0.198945
0.205472
0.213009
0.221542
0.230989
0.241232
0.252121
0.263494
0.275095
0.28679
0.298508
0.309867
0.320994
0.331666
0.3418
0.351518
0.360653
0.369463
0.377824
0.385849
0.393458
0.401159
0.40901
0.416453
0.423059
0.42599
0.4255
0.421226
0.410594
0.388973
0.350695
0.300636
0.241208
0.17873
0.119323
0.0708864
0.0360334
0.0170302
0.00824818
0.00426793
0.00227376
0.00130649
0.000854833
0.000675469
0.000673826
0.000784046
0.0010358
0.00187266
0.00468292
0.0109395
0.0207564
0.0337778
0.0468931
0.0569839
0.0625218
0.0631068
0.0591981
0.0519219
0.0426821
0.0328656
0.0236182
0.0156995
0.00949531
0.00532101
0.00302171
0.00174943
0.00102295
0.000598129
0.000345185
0.00019731
0.000112793
6.48687e-05
3.76078e-05
2.19452e-05
1.28502e-05
7.52472e-06
4.39365e-06
2.55425e-06
1.45522e-06
4.54677e-21
-2.08262e-20
7.1544e-20
-2.0116e-19
4.23509e-19
-6.70941e-19
1.00435e-18
-1.6995e-18
9.84786e-18
-8.98443e-17
4.70094e-16
1.14021e-15
-5.22387e-15
-1.41205e-14
5.49791e-15
3.34142e-14
3.04113e-14
3.08351e-14
1.02236e-13
5.31419e-13
9.61613e-13
1.40115e-12
1.94959e-12
2.9463e-12
4.7687e-12
1.16229e-11
2.57284e-11
4.13066e-11
8.00946e-11
1.282e-10
2.10962e-10
3.53793e-10
6.4981e-10
2.01982e-09
3.42445e-09
2.8349e-09
2.02773e-09
1.57333e-09
1.34201e-09
1.16884e-09
9.80578e-10
8.09456e-10
6.70628e-10
5.65796e-10
4.93314e-10
4.47201e-10
4.20388e-10
4.11726e-10
4.16633e-10
4.37339e-10
4.77004e-10
5.39186e-10
6.34735e-10
7.68831e-10
9.70065e-10
1.2592e-09
1.71897e-09
3.1634e-09
5.59307e-09
2.3591e-08
8.68549e-08
2.21313e-07
3.545e-07
4.74701e-07
1.25409e-06
2.79471e-06
7.93937e-07
-4.03775e-06
-8.5242e-07
1.93024e-05
3.27386e-05
1.99272e-05
8.39699e-05
0.000737663
0.0028846
0.00691193
0.0131553
0.022397
0.0336128
0.0451429
0.055846
0.0652217
0.0727988
0.0787861
0.0832751
0.0866992
0.0897142
0.0932893
0.0983991
0.104401
0.112506
0.123409
0.132289
0.140866
0.150231
0.161041
0.173068
0.185894
0.193826
0.199474
0.203593
0.206286
0.207735
0.20821
0.207966
0.207145
0.205847
0.204234
0.202531
0.199442
0.191646
0.181483
0.170939
0.161453
0.152855
0.144237
0.135921
0.128891
0.123622
0.120353
0.119096
0.119917
0.122734
0.127366
0.133702
0.141561
0.150781
0.16117
0.172464
0.184353
0.196693
0.209251
0.221544
0.23383
0.245755
0.257205
0.268582
0.279687
0.290848
0.302374
0.314393
0.327331
0.341242
0.356227
0.372535
0.389974
0.407252
0.419057
0.42836
0.44097
0.446708
0.441805
0.428008
0.397768
0.346774
0.281494
0.210834
0.142187
0.0867813
0.0468474
0.0244459
0.0142965
0.00949088
0.00704592
0.00595952
0.00575427
0.00772352
0.0137487
0.0246859
0.041819
0.0647717
0.0894292
0.111941
0.129001
0.139
0.141601
0.137509
0.127865
0.114151
0.0980125
0.0809501
0.0642667
0.0490031
0.0358744
0.02521
0.0170202
0.0110513
0.00688996
0.0040927
0.00238583
0.00148
0.000974329
0.000672498
0.00048114
0.000353725
0.000265317
0.000201618
0.000153823
0.000118537
7.98007e-05
1.78456e-21
-7.78418e-21
2.18803e-20
-5.12816e-20
1.02971e-19
-2.14424e-19
4.90559e-19
-1.14334e-18
3.89068e-18
-1.13746e-17
1.3353e-17
-1.93749e-16
-3.2365e-16
5.42706e-17
6.54669e-16
8.8213e-16
1.00665e-15
1.1491e-15
2.09302e-15
4.39293e-15
6.13318e-15
6.74674e-15
4.88569e-15
4.55666e-15
-5.52324e-15
6.12549e-14
3.67709e-13
9.34998e-13
2.47868e-12
5.32055e-12
1.06963e-11
2.26466e-11
5.31244e-11
1.78874e-10
3.15764e-10
2.91242e-10
2.31408e-10
1.86672e-10
1.5421e-10
1.2596e-10
9.89772e-11
7.73946e-11
6.40283e-11
5.84899e-11
6.08507e-11
6.83017e-11
7.65764e-11
8.56082e-11
9.5657e-11
1.07727e-10
1.23253e-10
1.43237e-10
1.62181e-10
1.90571e-10
2.36436e-10
2.95464e-10
3.54522e-10
4.8289e-10
8.42196e-10
2.90415e-09
7.50564e-09
1.93726e-08
4.85383e-08
1.05333e-07
3.73756e-07
7.69361e-07
1.09046e-06
1.60326e-06
3.1082e-06
2.02522e-06
-5.32587e-06
-1.10207e-05
-2.71505e-06
3.43318e-06
2.38312e-06
-2.65524e-05
6.11864e-05
0.000985923
0.00310276
0.00643418
0.0107966
0.0158529
0.0211671
0.0259029
0.029667
0.032422
0.0343886
0.0358952
0.0376152
0.0398804
0.0435233
0.0497619
0.0581316
0.0681555
0.0805911
0.095353
0.112264
0.130185
0.150187
0.169608
0.182966
0.190691
0.195254
0.197277
0.196594
0.193099
0.186308
0.176177
0.162807
0.144959
0.124417
0.103751
0.0849796
0.0692581
0.0566514
0.047104
0.0402038
0.0355171
0.0327752
0.0315817
0.0316078
0.032737
0.0348951
0.0380896
0.0423836
0.0477953
0.0542316
0.0616426
0.0699274
0.0789402
0.0886091
0.0988138
0.109222
0.120049
0.131031
0.142118
0.153632
0.165574
0.178273
0.192007
0.206809
0.223021
0.240714
0.260041
0.281127
0.303678
0.328367
0.353742
0.378738
0.403368
0.423939
0.43963
0.453751
0.455556
0.445794
0.419512
0.369094
0.30166
0.231377
0.164119
0.114109
0.0793985
0.0566747
0.0438581
0.0415483
0.0469336
0.061495
0.0845345
0.113726
0.145506
0.175584
0.200701
0.218504
0.226454
0.225873
0.217915
0.203252
0.186211
0.167387
0.146365
0.125121
0.104502
0.0851687
0.067655
0.052367
0.0395326
0.0291712
0.0211102
0.0150468
0.0106223
0.00747538
0.00527819
0.00376061
0.00271284
0.00198251
0.00146443
0.00108923
0.000808753
0.000610982
0.000384092
-1.87555e-23
1.28835e-22
-7.17911e-22
2.77404e-21
-7.56442e-21
1.55593e-20
-2.94353e-20
5.48822e-20
-6.12408e-20
4.0463e-19
-1.49722e-18
-4.95949e-18
2.27146e-18
2.02462e-17
2.54935e-17
3.01029e-17
3.60325e-17
4.47005e-17
6.62828e-17
1.18142e-16
1.67267e-16
1.48646e-16
1.75931e-17
-1.56244e-16
-6.27182e-16
8.48307e-16
1.10725e-14
3.46539e-14
1.06231e-13
2.70668e-13
5.8488e-13
1.34614e-12
4.11644e-12
1.59083e-11
3.03082e-11
3.1994e-11
2.90356e-11
2.52538e-11
2.08647e-11
1.62993e-11
1.23609e-11
1.41835e-11
2.87507e-11
5.58413e-11
7.81981e-11
1.04422e-10
1.29984e-10
1.51192e-10
1.69207e-10
1.9047e-10
2.21676e-10
2.86154e-10
4.84033e-10
8.80117e-10
1.33106e-09
1.73509e-09
1.98558e-09
2.03952e-09
1.96893e-09
1.96119e-09
2.38672e-09
4.10977e-09
1.09681e-08
3.14639e-08
9.60886e-08
1.88684e-07
3.38428e-07
5.98048e-07
1.30164e-06
1.63321e-06
1.7754e-06
2.42641e-06
2.18056e-06
-6.67756e-06
-2.07195e-05
-3.19578e-05
-3.76388e-05
-4.62166e-05
-5.26234e-05
-6.25927e-05
-6.48962e-05
-4.89063e-05
0.000267248
0.000786194
0.00135688
0.00185958
0.00222815
0.00243442
0.0025607
0.00273379
0.00312544
0.00398975
0.00559132
0.00800341
0.011526
0.0160903
0.022024
0.0292074
0.0384854
0.0495667
0.0613209
0.0717915
0.0798313
0.0844117
0.0848199
0.081221
0.0738777
0.0637893
0.0521858
0.0402049
0.029369
0.0213116
0.0157251
0.011923
0.00933097
0.00761448
0.00652869
0.00591174
0.00567114
0.00574939
0.00612204
0.00680976
0.007843
0.00925521
0.0110971
0.0134207
0.0162754
0.0197256
0.0238172
0.0285921
0.0341223
0.0404702
0.047643
0.0558012
0.064954
0.0752985
0.0872227
0.100087
0.113786
0.128362
0.144223
0.162477
0.18238
0.203618
0.225969
0.249186
0.273513
0.298923
0.325235
0.352246
0.378899
0.404998
0.428709
0.446035
0.461109
0.466195
0.457402
0.431474
0.386228
0.327076
0.27372
0.229553
0.196786
0.176576
0.172233
0.181871
0.204137
0.232718
0.262041
0.285903
0.301055
0.30526
0.296991
0.286418
0.269255
0.246877
0.222818
0.198946
0.176264
0.155104
0.135407
0.117001
0.0997447
0.0836474
0.0688821
0.0556721
0.0441925
0.0345126
0.0265814
0.0202474
0.0152963
0.0114882
0.00859185
0.00640436
0.00475839
0.00352165
0.00259411
0.0018933
0.0013999
0.000856281
-6.79551e-24
3.08503e-23
-7.32306e-23
1.09117e-22
-1.16631e-22
4.19947e-22
-1.7466e-21
2.30275e-21
3.60798e-21
8.10139e-22
-7.05847e-20
2.3358e-19
9.49794e-19
1.09336e-18
-2.61751e-19
-1.76082e-18
-3.24999e-18
-4.29011e-18
-6.332e-18
-1.87955e-17
-1.71261e-17
-1.69483e-17
-1.85254e-17
-2.80565e-17
-4.31675e-17
-2.57783e-17
3.15953e-16
1.36836e-15
4.92034e-15
1.51155e-14
3.82158e-14
9.55811e-14
2.94103e-13
1.27636e-12
2.5255e-12
2.74671e-12
2.52149e-12
2.20094e-12
1.82172e-12
1.77102e-12
5.63412e-12
3.38262e-11
1.45048e-10
3.55432e-10
5.31756e-10
8.08385e-10
1.33532e-09
2.26833e-09
3.53466e-09
4.90256e-09
6.21255e-09
7.49677e-09
8.95765e-09
1.0608e-08
1.17256e-08
1.25433e-08
1.3427e-08
1.42908e-08
1.50566e-08
1.5265e-08
1.48994e-08
1.37424e-08
1.32907e-08
1.50164e-08
2.01747e-08
3.49163e-08
8.15875e-08
1.78121e-07
3.5312e-07
5.87209e-07
8.56186e-07
1.35563e-06
1.81026e-06
1.61001e-06
6.57103e-07
-4.45711e-07
-6.54909e-06
-1.87935e-05
-3.13169e-05
-4.26477e-05
-5.28247e-05
-6.16318e-05
-6.8644e-05
-7.31305e-05
-7.52304e-05
-7.42823e-05
-7.0272e-05
-6.33858e-05
-5.39053e-05
-4.20138e-05
-2.75175e-05
-9.3631e-06
1.63826e-05
6.00772e-05
0.000146724
0.000324167
0.000677742
0.00130877
0.00231015
0.00366187
0.00532513
0.00709238
0.00876175
0.0100649
0.0107527
0.0107321
0.00999262
0.00873014
0.00721195
0.00568989
0.0043396
0.00322576
0.00237136
0.00176694
0.00137188
0.00114432
0.00104192
0.00103495
0.00111772
0.00129373
0.00161198
0.00210474
0.00274064
0.00357615
0.00465932
0.00604349
0.00776247
0.010033
0.0129083
0.0165013
0.0209283
0.0263218
0.0328336
0.0405981
0.0497594
0.060822
0.0740806
0.0895447
0.107085
0.126418
0.147308
0.169144
0.191495
0.213859
0.235885
0.257425
0.278387
0.298955
0.319379
0.339971
0.361072
0.382966
0.404894
0.426349
0.446373
0.460496
0.472307
0.475682
0.46799
0.44893
0.423849
0.395689
0.37191
0.356596
0.35325
0.358382
0.369147
0.379492
0.379879
0.371617
0.361304
0.339232
0.309041
0.274327
0.238873
0.205676
0.176573
0.152238
0.13245
0.11642
0.103136
0.0916244
0.0811132
0.0711527
0.0615728
0.0524139
0.0438336
0.0360127
0.0290906
0.0231341
0.0181353
0.0140265
0.0107066
0.00806797
0.0060034
0.00441199
0.00320433
0.00229388
0.00165751
0.000980383
3.53582e-23
-1.91162e-22
5.7393e-22
-1.13556e-21
1.13932e-21
1.25421e-21
-8.32773e-21
2.18766e-20
-4.72537e-20
5.33644e-20
8.96629e-20
-5.87333e-19
2.55185e-19
1.04108e-18
-1.5464e-18
-4.24817e-18
-3.8169e-18
-1.39575e-18
2.02518e-18
4.64502e-18
5.40354e-18
4.32269e-18
2.44869e-18
1.07192e-18
4.34239e-18
8.97254e-18
2.47383e-17
7.94606e-17
2.51522e-16
8.07495e-16
2.43789e-15
6.9989e-15
2.39114e-14
1.0839e-13
2.19251e-13
2.45907e-13
2.27902e-13
2.15725e-13
1.74663e-13
2.65648e-12
3.87118e-11
2.51112e-10
1.25847e-09
3.93554e-09
6.72995e-09
1.19549e-08
1.83114e-08
2.40666e-08
2.85486e-08
3.16681e-08
3.34841e-08
3.42317e-08
3.28522e-08
2.95198e-08
2.5764e-08
2.45896e-08
2.49217e-08
2.64632e-08
2.90801e-08
3.2202e-08
3.66385e-08
4.34692e-08
4.65748e-08
4.64911e-08
4.55679e-08
4.47547e-08
4.94574e-08
5.8581e-08
8.13699e-08
1.37766e-07
2.55664e-07
4.36221e-07
6.28612e-07
8.28376e-07
1.08711e-06
1.25342e-06
1.01874e-06
-1.59373e-07
-2.96278e-06
-7.55387e-06
-1.45983e-05
-2.46874e-05
-3.47739e-05
-4.30507e-05
-4.90006e-05
-5.23594e-05
-5.22054e-05
-5.07894e-05
-4.83466e-05
-4.34008e-05
-3.65692e-05
-2.81984e-05
-1.88125e-05
-6.96203e-06
5.58886e-06
1.50079e-05
2.36385e-05
3.1241e-05
3.79893e-05
4.40218e-05
5.05109e-05
5.77439e-05
6.59147e-05
7.40552e-05
8.0841e-05
8.53895e-05
8.7071e-05
8.65085e-05
8.47589e-05
8.30045e-05
8.26426e-05
8.60861e-05
9.9133e-05
0.000123788
0.00015881
0.000207742
0.000270378
0.000336972
0.000464376
0.000678518
0.0010726
0.00165145
0.00245131
0.00352916
0.00495789
0.0068238
0.0092217
0.0122783
0.0163495
0.0218154
0.0287892
0.0374596
0.0480829
0.0606932
0.0756125
0.0936549
0.113989
0.135727
0.15833
0.1815
0.204801
0.226722
0.247731
0.267744
0.286372
0.303396
0.318865
0.333232
0.346914
0.360162
0.37335
0.386749
0.40082
0.416133
0.432343
0.448537
0.463611
0.473565
0.477247
0.478839
0.476733
0.47164
0.465191
0.458232
0.451222
0.443832
0.437209
0.425474
0.402304
0.368677
0.326368
0.279026
0.230968
0.186227
0.147714
0.116737
0.0931683
0.0761368
0.0644057
0.0565377
0.051182
0.0472244
0.0438686
0.0405658
0.0370071
0.0331069
0.0289508
0.0247123
0.0205868
0.0167448
0.0133076
0.0103409
0.00786122
0.00584962
0.00426369
0.00304688
0.00213757
0.00146986
0.001015
0.00056152
4.18251e-22
-1.6745e-21
2.91324e-21
-1.00002e-21
-7.89493e-21
9.95481e-21
3.6689e-20
-1.10333e-19
-1.40949e-19
9.76627e-19
-2.14294e-18
-2.41114e-18
-1.29748e-17
-1.39019e-17
8.80654e-17
2.67572e-16
1.99589e-16
1.32974e-16
8.58388e-17
5.43655e-17
3.46246e-17
2.09052e-17
6.23853e-18
-1.81096e-17
-7.02894e-17
-1.42778e-16
-3.19958e-16
-5.36109e-16
-6.83292e-16
-8.06729e-16
-8.09178e-16
-5.78293e-16
5.0569e-16
7.0592e-15
1.66533e-14
1.95861e-14
1.87909e-14
-1.25731e-14
6.74676e-13
1.73885e-11
1.69514e-10
1.58812e-09
7.23531e-09
2.22096e-08
3.65717e-08
5.13314e-08
6.03888e-08
6.7734e-08
7.05037e-08
7.13128e-08
7.05736e-08
6.48622e-08
4.8273e-08
1.50793e-08
-3.22514e-08
-7.39013e-08
-9.37347e-08
-8.62275e-08
-6.4303e-08
-3.52527e-08
-5.40972e-09
2.26337e-08
4.71122e-08
6.77605e-08
8.33244e-08
9.37516e-08
9.87433e-08
1.01551e-07
1.05007e-07
1.11403e-07
1.26686e-07
1.53328e-07
1.95633e-07
2.84023e-07
3.98351e-07
4.93212e-07
5.28845e-07
5.30191e-07
4.90422e-07
2.65998e-07
-5.99014e-07
-2.48266e-06
-5.07895e-06
-8.08521e-06
-1.10825e-05
-1.4068e-05
-1.60934e-05
-1.68458e-05
-1.65477e-05
-1.54249e-05
-1.36354e-05
-1.14157e-05
-9.06258e-06
-6.52845e-06
-3.69649e-06
-8.84086e-07
1.18748e-06
2.52748e-06
3.7713e-06
4.8472e-06
5.57875e-06
5.72525e-06
5.30343e-06
4.56918e-06
3.86546e-06
3.46054e-06
3.77814e-06
5.61807e-06
9.61393e-06
1.59613e-05
2.35194e-05
3.69175e-05
8.12333e-05
0.000131927
0.000200596
0.000310827
0.00049093
0.000778565
0.00123291
0.00215873
0.00386006
0.00633992
0.00961951
0.0137392
0.018763
0.0248103
0.0320241
0.0406516
0.0514294
0.0644099
0.079287
0.0958043
0.113994
0.133821
0.155847
0.177854
0.198506
0.21857
0.237999
0.256341
0.272413
0.283027
0.294698
0.307111
0.319409
0.330334
0.336804
0.341469
0.346017
0.351448
0.358052
0.366483
0.376342
0.3881
0.401745
0.417524
0.434506
0.450952
0.461956
0.468117
0.469777
0.467949
0.463863
0.457356
0.446183
0.427831
0.402026
0.364079
0.315014
0.261006
0.206889
0.156687
0.11332
0.0790135
0.0540408
0.0370134
0.0259875
0.0195136
0.0161786
0.0145913
0.0139734
0.0138822
0.0139986
0.0140222
0.0137303
0.013018
0.0119017
0.0104743
0.00887015
0.00723054
0.00567734
0.00429886
0.00314501
0.00222651
0.00152763
0.00101721
0.000655592
0.000402895
0.000243122
0.000127014
-2.52902e-22
3.39591e-21
-1.80319e-20
5.70911e-20
-1.01086e-19
-1.90722e-20
6.00246e-19
-1.66169e-18
2.10027e-18
-2.60523e-18
-1.2224e-17
5.35167e-17
-1.2024e-16
-2.07406e-17
9.52809e-16
3.23586e-15
1.15398e-14
2.39814e-14
2.979e-14
3.05071e-14
2.86579e-14
2.51668e-14
1.81436e-14
1.22271e-14
7.10468e-15
2.14053e-15
-2.56869e-15
-6.68175e-15
-9.8144e-15
-1.14884e-14
-1.11266e-14
-8.03729e-15
-1.305e-15
9.19515e-15
2.28755e-14
3.95684e-14
6.01504e-14
-1.45993e-12
8.54814e-12
3.56738e-10
2.47602e-09
1.05439e-08
3.11701e-08
6.26386e-08
1.07941e-07
1.09727e-07
1.05687e-07
9.21309e-08
7.19725e-08
2.83406e-08
-5.228e-08
-1.84296e-07
-3.74078e-07
-6.37208e-07
-9.70964e-07
-1.28927e-06
-1.53775e-06
-1.67641e-06
-1.69924e-06
-1.59159e-06
-1.39057e-06
-1.12334e-06
-8.26874e-07
-5.69767e-07
-3.88717e-07
-2.65696e-07
-1.8277e-07
-1.27745e-07
-9.17267e-08
-6.81127e-08
-5.67915e-08
-4.92525e-08
-4.01797e-08
-2.02106e-08
1.18185e-08
5.08877e-08
9.21293e-08
1.25416e-07
1.30472e-07
9.40951e-08
2.67302e-08
-5.24012e-08
-1.84894e-07
-2.95812e-07
-4.04086e-07
-5.23659e-07
-6.84992e-07
-8.29499e-07
-9.3417e-07
-1.0082e-06
-1.06932e-06
-1.11201e-06
-1.13572e-06
-1.08986e-06
-8.99255e-07
-5.34767e-07
-2.47334e-07
2.81526e-08
2.95205e-07
5.50447e-07
7.98914e-07
1.13281e-06
1.73432e-06
3.03143e-06
5.72341e-06
1.12619e-05
2.23985e-05
3.6613e-05
4.80962e-05
6.34077e-05
9.35796e-05
0.000181939
0.000555799
0.00197136
0.0047889
0.00903734
0.0146564
0.0215627
0.0295403
0.0386036
0.0485924
0.0588177
0.0692095
0.0798705
0.0909573
0.102691
0.115546
0.130367
0.146766
0.163444
0.179787
0.195954
0.212008
0.227926
0.243327
0.252865
0.259502
0.267951
0.277969
0.284011
0.284327
0.282739
0.279446
0.274675
0.268466
0.261586
0.256058
0.253111
0.252559
0.255164
0.259756
0.267636
0.277574
0.290471
0.305593
0.323804
0.344641
0.368292
0.387779
0.403391
0.410954
0.41134
0.404027
0.387839
0.359399
0.319662
0.270343
0.217255
0.165018
0.117756
0.0789321
0.0492949
0.0284294
0.0163643
0.0100023
0.00652198
0.00457684
0.0035005
0.00294611
0.00270824
0.0026544
0.00268835
0.00275126
0.00280185
0.00279697
0.00269943
0.00249342
0.00218846
0.00181907
0.00143334
0.00107608
0.000776166
0.000543215
0.000371446
0.000249248
0.000164688
0.000107475
6.9202e-05
4.38821e-05
2.36057e-05
-5.79109e-21
2.21514e-20
-4.30053e-20
7.74215e-20
-1.8182e-19
3.62452e-19
-1.35365e-19
-2.72148e-18
3.89765e-18
-1.45918e-18
1.55648e-17
1.93458e-16
-1.4573e-15
-1.24972e-14
-9.73208e-14
-9.99718e-14
3.60867e-14
2.03161e-13
3.53002e-13
4.15422e-13
3.45372e-13
1.50667e-13
-1.16916e-13
-3.88624e-13
-6.12078e-13
-7.67068e-13
-8.61471e-13
-9.17361e-13
-9.55118e-13
-9.83759e-13
-9.99985e-13
-9.93695e-13
-9.55739e-13
-8.79069e-13
-7.90138e-13
-7.1477e-13
-6.66378e-13
2.42777e-12
1.69651e-10
1.54458e-09
2.22004e-11
-2.50356e-08
-8.08652e-08
-6.44346e-08
-1.59849e-07
-8.04365e-07
-1.37378e-06
-1.85361e-06
-2.12159e-06
-2.30775e-06
-2.50616e-06
-2.69322e-06
-2.7626e-06
-2.72345e-06
-2.67792e-06
-2.82951e-06
-3.12128e-06
-3.4161e-06
-3.66397e-06
-3.82944e-06
-3.9083e-06
-3.89752e-06
-3.81156e-06
-3.67211e-06
-3.51437e-06
-3.36537e-06
-3.23979e-06
-3.14548e-06
-3.08319e-06
-3.04695e-06
-3.03531e-06
-3.03532e-06
-3.04606e-06
-3.05866e-06
-3.06616e-06
-3.06191e-06
-3.03777e-06
-2.99363e-06
-2.92923e-06
-2.83832e-06
-2.73205e-06
-2.61066e-06
-2.47322e-06
-2.32088e-06
-2.14679e-06
-1.94389e-06
-1.70355e-06
-1.41766e-06
-1.07435e-06
-6.56494e-07
-1.68675e-07
3.89921e-07
1.02411e-06
1.76216e-06
2.64368e-06
3.75803e-06
5.17634e-06
7.04847e-06
9.53705e-06
1.30774e-05
1.80613e-05
2.51831e-05
3.57025e-05
5.17755e-05
7.71455e-05
0.000126784
0.000270546
0.000781822
0.00249969
0.00616142
0.0120344
0.020384
0.0312741
0.0454119
0.0616772
0.0784405
0.0952127
0.111615
0.127182
0.141416
0.154272
0.16597
0.176874
0.187399
0.198004
0.208437
0.219368
0.231057
0.239882
0.245491
0.250259
0.255462
0.261097
0.261413
0.258844
0.253696
0.24635
0.236589
0.222242
0.202847
0.181843
0.161779
0.143247
0.127309
0.113942
0.103417
0.0960432
0.0921666
0.0911715
0.0938043
0.0987609
0.107178
0.117672
0.131395
0.147332
0.166612
0.188788
0.214466
0.234818
0.251825
0.25871
0.255806
0.242553
0.219127
0.184212
0.144003
0.104305
0.0701022
0.0428941
0.0244182
0.0140232
0.00815982
0.00472553
0.0026816
0.00152073
0.00089659
0.000573311
0.000411662
0.000336382
0.000307029
0.000299464
0.000296844
0.000290249
0.00027608
0.000254102
0.000226055
0.00019447
0.000161871
0.0001304
0.000101674
7.67357e-05
5.60521e-05
3.96122e-05
2.71458e-05
1.81002e-05
1.17848e-05
7.52013e-06
4.7205e-06
2.92555e-06
1.70329e-06
-1.74969e-20
1.95246e-20
1.86435e-19
-8.82431e-19
1.71078e-18
4.4541e-19
-1.13702e-17
1.8155e-17
-1.39203e-18
2.76699e-17
-5.78765e-16
-1.93381e-15
-9.19964e-14
-3.09476e-13
-9.43243e-13
-8.50307e-12
-2.13838e-11
-3.75796e-11
-6.82117e-11
-1.24891e-10
-1.99816e-10
-2.78989e-10
-3.41348e-10
-3.71557e-10
-3.65608e-10
-3.29941e-10
-2.76976e-10
-2.20327e-10
-1.71512e-10
-1.38243e-10
-1.23742e-10
-1.26957e-10
-1.43785e-10
-1.67427e-10
-1.95934e-10
-2.30532e-10
-2.88998e-10
-3.77386e-10
-2.82572e-09
-2.63992e-08
-1.76712e-07
-7.54072e-07
-2.07725e-06
-2.93521e-06
-2.30478e-06
-1.23171e-06
-1.27594e-06
-2.15844e-06
-3.34853e-06
-4.1019e-06
-3.96887e-06
-2.97676e-06
-1.64998e-06
-2.80117e-07
1.45022e-06
4.18134e-06
8.95145e-06
1.7024e-05
2.9993e-05
4.87365e-05
7.45015e-05
0.000106292
0.000143383
0.000183121
0.000223546
0.000261907
0.000296708
0.000326027
0.000349889
0.000367041
0.000379046
0.000384863
0.000386548
0.000384257
0.000378776
0.000371474
0.000362592
0.00035328
0.000343788
0.000335231
0.000327739
0.000322032
0.000318486
0.000317461
0.00031949
0.000324911
0.000333837
0.000347334
0.000364835
0.000387598
0.000415114
0.000448887
0.000487674
0.000534603
0.000588146
0.000653713
0.000731293
0.00082833
0.000950781
0.00112903
0.00143161
0.00208575
0.00337551
0.00565839
0.00926366
0.0146292
0.0221383
0.0329202
0.0487036
0.068108
0.0888278
0.110492
0.132814
0.154693
0.174461
0.191348
0.206172
0.218194
0.227055
0.233292
0.238433
0.243287
0.247714
0.251569
0.256075
0.257578
0.256205
0.252619
0.246739
0.238774
0.228827
0.215964
0.198226
0.175492
0.150854
0.126421
0.103141
0.0819944
0.0631759
0.0476102
0.0364783
0.0289836
0.0236505
0.01982
0.0169555
0.0148513
0.0133657
0.0123831
0.011747
0.0117214
0.0122351
0.0138371
0.0164114
0.0206912
0.026602
0.0351249
0.0465039
0.0619799
0.0740992
0.0840833
0.0867759
0.082179
0.0710651
0.0549948
0.0368773
0.0230256
0.0139682
0.00843528
0.00506704
0.00296319
0.00166475
0.000899888
0.000471352
0.000240083
0.000118614
5.63372e-05
2.49153e-05
9.02738e-06
7.95349e-07
-3.62444e-06
-5.95617e-06
-7.00055e-06
-7.23035e-06
-6.95924e-06
-6.39886e-06
-5.68783e-06
-4.91498e-06
-4.13865e-06
-3.4001e-06
-2.72861e-06
-2.14182e-06
-1.64586e-06
-1.23753e-06
-9.08169e-07
-6.49026e-07
-4.50513e-07
-3.02848e-07
-1.96613e-07
-1.23043e-07
-7.2802e-08
-7.16915e-20
1.86232e-19
6.34029e-20
-2.05794e-18
8.39245e-18
-1.74558e-17
2.36214e-18
4.497e-17
-4.15269e-17
-2.62207e-15
-1.13713e-14
-3.23317e-13
-1.11377e-12
2.40136e-13
8.1228e-12
-3.64563e-12
-4.12243e-11
-1.53087e-10
-4.46628e-10
-1.14187e-09
-2.20323e-09
-3.42403e-09
-4.48787e-09
-5.123e-09
-5.21513e-09
-4.8225e-09
-4.12223e-09
-3.33957e-09
-2.67913e-09
-2.28234e-09
-2.21391e-09
-2.45616e-09
-2.92099e-09
-3.48656e-09
-4.07671e-09
-4.65692e-09
-5.25104e-09
-6.16269e-09
7.75282e-08
4.76324e-07
1.22669e-06
1.9118e-06
1.0237e-06
-2.54439e-06
9.08932e-06
0.000128668
0.000600779
0.00147028
0.00275818
0.00439075
0.00631063
0.00837596
0.0104757
0.0125405
0.0145009
0.016204
0.0175805
0.0183613
0.01884
0.0189704
0.0190136
0.0189326
0.0188608
0.0187398
0.0186157
0.0184191
0.0181718
0.0178053
0.0173588
0.0167755
0.0161219
0.0153611
0.014559
0.0137289
0.0128967
0.0121063
0.0113655
0.0107079
0.0101354
0.00967492
0.00932566
0.00910212
0.00901185
0.00906267
0.00926891
0.00964438
0.0101953
0.0109578
0.011917
0.0131144
0.0145177
0.0161702
0.017996
0.020068
0.0222831
0.0247715
0.0274271
0.0306398
0.0344164
0.0393889
0.0455169
0.0540567
0.0647487
0.0775142
0.0919362
0.107681
0.124623
0.144586
0.164371
0.176857
0.187861
0.198389
0.20962
0.221493
0.230052
0.234387
0.236849
0.237495
0.23665
0.234475
0.230883
0.225704
0.218398
0.208524
0.194522
0.174194
0.150352
0.125114
0.100176
0.076714
0.0556576
0.0397706
0.0295473
0.0225888
0.0173884
0.0134112
0.0103011
0.00789529
0.00602531
0.00459852
0.00350065
0.00268413
0.00207284
0.00162721
0.00129617
0.00105256
0.000861756
0.000712061
0.000591642
0.000495934
0.000417035
0.000354735
0.000304324
0.000269336
0.000249431
0.000255386
0.000293777
0.00109761
0.00196045
0.00273654
0.00253045
0.00172282
0.00108202
0.000634421
0.000343019
0.000172184
7.79197e-05
2.83922e-05
2.96301e-06
-9.74758e-06
-1.51879e-05
-1.64237e-05
-1.53012e-05
-1.29561e-05
-1.01279e-05
-7.33827e-06
-4.9337e-06
-3.0993e-06
-1.8558e-06
-1.31768e-06
-1.27972e-06
-1.39455e-06
-1.47814e-06
-1.46559e-06
-1.33809e-06
-1.12019e-06
-8.65116e-07
-6.2317e-07
-4.22581e-07
-2.70857e-07
-1.64018e-07
-9.38251e-08
-5.16505e-08
-2.84482e-08
-1.58306e-08
-8.95156e-09
-5.14653e-09
-2.98906e-09
-1.7334e-09
-9.8016e-10
-1.23598e-19
5.95026e-19
-1.92399e-18
3.3894e-18
4.29466e-18
-5.73314e-17
1.72104e-16
-4.61245e-16
-5.05869e-15
-2.61946e-14
-1.533e-12
-7.43472e-12
2.38112e-11
2.36854e-10
9.59497e-10
3.04228e-09
8.26307e-09
2.25905e-08
5.56734e-08
1.17804e-07
2.16924e-07
3.53774e-07
5.23926e-07
7.2455e-07
9.58401e-07
1.23195e-06
1.54976e-06
1.91017e-06
2.30714e-06
2.73936e-06
3.20577e-06
3.68926e-06
4.16508e-06
4.59392e-06
5.00471e-06
5.43421e-06
6.09812e-06
7.35127e-06
2.99637e-05
8.55162e-05
0.00024557
0.000740844
0.00195288
0.00392467
0.00662875
0.0102044
0.0148355
0.0204858
0.027134
0.0346459
0.0430792
0.0522322
0.0616614
0.0704661
0.0783542
0.0853088
0.0916624
0.0975112
0.103209
0.10825
0.112236
0.113787
0.113711
0.112668
0.111247
0.109502
0.107668
0.105752
0.103955
0.102227
0.100768
0.0994879
0.0985285
0.0978352
0.097395
0.0972449
0.0973085
0.0976397
0.0982302
0.0992129
0.100587
0.102406
0.104712
0.107434
0.110677
0.114432
0.118597
0.123261
0.12815
0.133393
0.138674
0.144179
0.149516
0.155039
0.16034
0.165842
0.171274
0.176705
0.181409
0.184863
0.18906
0.195328
0.19968
0.199577
0.197983
0.194708
0.190126
0.184161
0.177297
0.16942
0.160558
0.147996
0.131474
0.114702
0.0985961
0.0826163
0.066378
0.050959
0.0397603
0.0325661
0.0275792
0.0237377
0.0204298
0.0173677
0.0144409
0.0116587
0.00910887
0.00688833
0.00505722
0.00362181
0.00253982
0.00175159
0.00119176
0.000807031
0.000543789
0.000366515
0.000246564
0.00016601
0.000111538
7.50378e-05
5.03583e-05
3.38694e-05
2.27371e-05
1.53141e-05
1.03066e-05
6.94911e-06
4.58258e-06
2.76072e-06
1.21394e-06
-4.7979e-07
-2.33075e-06
-4.97841e-06
-8.44353e-06
-1.40113e-05
-2.21864e-05
-3.5704e-05
-5.73713e-05
-7.37206e-05
-8.76018e-05
-9.91133e-05
-0.000105344
-0.00010394
-9.64835e-05
-8.55447e-05
-7.24479e-05
-5.83284e-05
-4.32316e-05
-2.6255e-05
-1.24303e-05
-4.70198e-06
-1.5535e-06
-8.20285e-07
-5.32219e-07
-3.61069e-07
-2.51302e-07
-1.79464e-07
-1.30875e-07
-9.62956e-08
-7.04234e-08
-5.06112e-08
-3.56615e-08
-2.47622e-08
-1.69355e-08
-1.14098e-08
-7.57314e-09
-4.92523e-09
-3.1065e-09
-1.8854e-09
-1.1009e-09
-6.23113e-10
-3.46341e-10
-1.92164e-10
-1.08249e-10
-6.26477e-11
-3.80332e-11
-2.43268e-11
-1.60468e-11
-1.05396e-11
-6.63396e-12
-3.83301e-12
1.45995e-19
-2.09481e-19
-1.50987e-18
1.15384e-17
-4.44174e-17
8.47087e-17
-5.08298e-17
-2.01251e-14
-2.77688e-13
-1.60906e-12
-2.8078e-11
-6.07832e-12
1.40678e-09
2.44192e-08
2.65807e-07
2.12224e-06
1.72122e-05
7.61664e-05
0.000221105
0.00046873
0.000811523
0.00120426
0.00159815
0.00197439
0.00234361
0.00272572
0.00312604
0.00352253
0.00386984
0.00421286
0.00481825
0.00546692
0.00603689
0.006474
0.00681031
0.00703738
0.0072944
0.0078039
0.00890601
0.0106866
0.0136212
0.0179957
0.0238855
0.0301545
0.036659
0.0433849
0.0483439
0.0548185
0.0630863
0.0742845
0.0889596
0.107042
0.12683
0.141447
0.147011
0.149398
0.149722
0.148486
0.145527
0.141139
0.135666
0.129398
0.122522
0.115255
0.107782
0.100364
0.0930059
0.0861975
0.0810135
0.0784792
0.078514
0.0806341
0.0840965
0.0880574
0.091835
0.0951201
0.0978883
0.100285
0.102324
0.10402
0.105401
0.10651
0.107382
0.108068
0.108589
0.108958
0.109206
0.109288
0.109256
0.109003
0.108593
0.107799
0.10668
0.10494
0.102616
0.0992679
0.0949125
0.0890422
0.0817873
0.0729474
0.0625939
0.0505395
0.0385087
0.0291744
0.0222123
0.0167922
0.0125526
0.00923345
0.00669636
0.00477639
0.00336212
0.002335
0.00160636
0.00109413
0.000737851
0.000491711
0.000323694
0.000210745
0.000136291
8.81259e-05
5.73458e-05
3.77939e-05
2.52811e-05
1.71249e-05
1.16295e-05
7.78848e-06
5.04929e-06
3.10878e-06
1.77864e-06
9.13177e-07
3.86441e-07
9.21774e-08
-5.31737e-08
-1.11206e-07
-1.23701e-07
-1.15977e-07
-1.01136e-07
-8.54764e-08
-7.11996e-08
-5.88404e-08
-4.8206e-08
-3.91269e-08
-3.14386e-08
-2.51112e-08
-2.01245e-08
-1.66565e-08
-1.62063e-08
-2.64111e-08
-4.41529e-08
-9.17387e-08
-1.75472e-07
-4.4813e-07
-8.79052e-07
-1.69778e-06
-3.05266e-06
-5.63332e-06
-1.04442e-05
-1.88681e-05
-2.4291e-05
-2.74777e-05
-2.54774e-05
-1.95332e-05
-1.29843e-05
-7.97285e-06
-4.60403e-06
-2.56254e-06
-1.37959e-06
-7.1512e-07
-3.54753e-07
-1.67887e-07
-7.56376e-08
-3.33444e-08
-1.48641e-08
-6.81847e-09
-3.25051e-09
-1.61762e-09
-8.38177e-10
-4.47584e-10
-2.41915e-10
-1.28454e-10
-6.35822e-11
-2.53242e-11
-2.01555e-12
1.19199e-11
1.86494e-11
1.95419e-11
1.65455e-11
1.19177e-11
7.45024e-12
4.07245e-12
1.94542e-12
8.01373e-13
2.6765e-13
4.41884e-14
-4.90265e-14
-8.55111e-14
-8.98182e-14
-7.52578e-14
-5.13956e-14
-2.62124e-14
5.15491e-19
-2.52977e-18
8.99988e-18
-2.14461e-17
6.00333e-18
1.39559e-16
-7.59241e-15
-5.07941e-13
-5.08025e-12
-7.07286e-11
5.08122e-11
4.01597e-09
5.83756e-08
7.42497e-07
7.12069e-06
6.12291e-05
0.000654451
0.00414383
0.0214757
0.0658198
0.136077
0.202241
0.219395
0.219371
0.209298
0.187612
0.148915
0.0913544
0.0431116
0.0163856
0.0075706
0.00766726
0.0103468
0.0133324
0.0164418
0.0197693
0.0233928
0.0277374
0.0329256
0.0397481
0.0493001
0.0567013
0.0594822
0.0593839
0.0561295
0.0460182
0.0327794
0.0221757
0.0172028
0.014081
0.0116863
0.00993347
0.0086509
0.00764572
0.00677638
0.00598083
0.00525645
0.00469998
0.00455806
0.00504325
0.00530795
0.00565509
0.00558891
0.00552149
0.00517832
0.00496235
0.00474356
0.00484463
0.00511381
0.00566964
0.0063024
0.00709772
0.0079224
0.00873117
0.00943893
0.00994029
0.0102914
0.0104089
0.0104269
0.0102545
0.00999432
0.0096113
0.0091335
0.0085813
0.0079571
0.0072737
0.00659387
0.00584153
0.00516731
0.00441626
0.00378119
0.00309566
0.00255173
0.00197462
0.00153506
0.00109259
0.000776678
0.000477544
0.000284272
0.000128821
5.67151e-05
2.73932e-05
1.51843e-05
9.55779e-06
6.51251e-06
4.59182e-06
3.26222e-06
2.30592e-06
1.61365e-06
1.11596e-06
7.62721e-07
5.16482e-07
3.46192e-07
2.27072e-07
1.35756e-07
5.29838e-08
-3.06161e-08
-1.12046e-07
-1.80404e-07
-2.25641e-07
-2.42795e-07
-2.319e-07
-1.9773e-07
-1.50353e-07
-1.03453e-07
-6.6316e-08
-4.14258e-08
-2.64002e-08
-1.77368e-08
-1.26935e-08
-9.2479e-09
-6.93429e-09
-5.30213e-09
-4.16255e-09
-3.34265e-09
-2.72019e-09
-2.21714e-09
-1.78822e-09
-1.41486e-09
-1.09389e-09
-8.25696e-10
-6.10614e-10
-4.44905e-10
-3.23151e-10
-2.42492e-10
-1.95943e-10
-1.89498e-10
-5.25812e-10
-1.11511e-09
-2.69204e-09
-3.0668e-09
-3.39004e-09
-3.29181e-09
-7.56693e-09
-1.88184e-08
-6.41014e-08
-2.45074e-07
-6.23711e-07
-4.93263e-07
-3.27459e-07
-1.66771e-07
-8.35402e-08
-3.95807e-08
-1.74424e-08
-7.13052e-09
-2.72751e-09
-1.00138e-09
-3.6252e-10
-1.31832e-10
-4.88614e-11
-1.87403e-11
-7.57266e-12
-3.26263e-12
-1.48606e-12
-6.93711e-13
-3.19343e-13
-1.38234e-13
-4.48603e-14
1.60872e-14
6.79753e-14
1.14726e-13
1.55747e-13
1.86868e-13
1.95343e-13
1.76059e-13
1.4246e-13
1.03225e-13
6.47524e-14
3.47572e-14
1.59369e-14
6.25652e-15
2.04603e-15
5.15491e-16
4.13568e-17
-6.30891e-17
-8.985e-17
-1.04633e-16
-1.08672e-16
-9.75569e-17
-7.67307e-17
)
;

boundaryField
{
    inlet
    {
        type            uniformFixedValue;
        uniformValue    table;
        uniformValueCoeffs
        {
            values          
4
(
(0 1)
(0.15 1)
(0.151 0)
(1 0)
)
;
        }
        value           uniform 0;
    }
    outlet
    {
        type            inletOutlet;
        inletValue      uniform 0;
        value           nonuniform List<scalar> 
20
(
2.64655e-18
2.33356e-15
1.30542e-15
-7.40669e-10
-1.67323e-08
-7.47036e-08
1.45522e-06
7.98007e-05
0.000384092
0.000856281
0.000980383
0.00056152
0.000127014
2.36057e-05
1.70329e-06
-7.2802e-08
-9.8016e-10
-3.83301e-12
-2.62124e-14
-7.67307e-17
)
;
    }
    walls
    {
        type            zeroGradient;
    }
    frontAndBack
    {
        type            empty;
    }
}


// ************************************************************************* //
