/*--------------------------------*- C++ -*----------------------------------*\
| =========                 |                                                 |
| \\      /  F ield         | OpenFOAM: The Open Source CFD Toolbox           |
|  \\    /   O peration     | Version:  2506                                  |
|   \\  /    A nd           | Website:  www.openfoam.com                      |
|    \\/     M anipulation  |                                                 |
\*---------------------------------------------------------------------------*/
FoamFile
{
    version     2.0;
    format      ascii;
    arch        "LSB;label=32;scalar=64";
    class       volScalarField;
    location    "1.47257";
    object      s;
}
// * * * * * * * * * * * * * * * * * * * * * * * * * * * * * * * * * * * * * //

dimensions      [0 0 0 0 0 0 0];

internalField   nonuniform List<scalar> 
4000
(
8.65823e-19
3.22185e-17
-7.8287e-14
-4.16876e-11
-1.85771e-09
-4.2578e-08
7.79118e-07
3.20407e-05
0.000487922
0.00706044
0.051474
0.174622
0.29211
0.312001
0.285052
0.202326
0.0876191
0.0178763
0.00395315
0.00316723
0.00237432
0.00163737
0.00109065
0.000730207
0.000501135
0.000353358
0.000252508
0.000174507
0.000114463
6.10074e-05
2.73778e-05
1.38649e-05
8.86898e-06
7.5391e-06
7.10654e-06
5.87445e-06
3.97408e-06
2.23437e-06
1.36881e-06
1.42678e-06
7.56298e-06
2.22837e-05
0.000133431
0.000208153
0.000174858
0.000104749
4.31461e-05
2.60996e-05
1.71005e-05
9.53953e-06
2.65878e-06
-1.92425e-06
-5.1017e-06
-6.47017e-06
-6.73996e-06
-6.04825e-06
-4.88798e-06
-3.60323e-06
-2.40081e-06
-1.44486e-06
-7.66984e-07
-3.58217e-07
-1.46162e-07
-5.22221e-08
-1.73693e-08
-6.48857e-09
-3.5324e-09
-2.44556e-09
-1.65434e-09
-9.85828e-10
-5.07413e-10
-2.27152e-10
-8.90044e-11
-3.08843e-11
-9.55927e-12
-2.65064e-12
-6.66542e-13
-1.53832e-13
-3.34913e-14
-7.26444e-15
-1.80035e-15
-5.07231e-16
-1.48484e-16
-3.94551e-17
-8.72619e-18
1.11162e-17
3.70201e-18
8.65693e-19
7.47024e-19
9.05224e-19
6.8396e-19
1.70194e-19
-9.85249e-21
1.19467e-20
1.47986e-21
-2.12126e-20
-9.96245e-20
-2.31912e-19
-3.16227e-19
-4.50667e-19
-6.58008e-19
-8.28468e-19
-2.57992e-18
-7.80437e-18
-1.79762e-17
-4.48784e-17
-9.41859e-17
-1.63408e-16
-8.41198e-17
1.27077e-15
4.49955e-15
1.24006e-14
2.61247e-14
3.23823e-14
3.89102e-14
3.52452e-14
2.7665e-14
1.98837e-14
8.03436e-15
2.37559e-15
1.01144e-16
-2.31319e-16
-6.33421e-17
-6.15411e-17
-1.08037e-16
-1.06721e-16
-7.32473e-17
-4.14483e-17
-1.68311e-17
-5.35468e-18
-1.37775e-18
-3.54556e-19
-5.26733e-19
-1.0514e-18
-7.83335e-19
-2.13738e-18
-1.01868e-18
-7.10481e-19
-4.32591e-19
-3.85143e-19
-2.63604e-19
-1.35938e-19
-6.78371e-20
-4.21979e-20
-3.47799e-21
6.31015e-21
3.8456e-21
-7.06417e-22
-3.32456e-21
-3.29288e-21
-1.50813e-21
1.57886e-22
7.14786e-22
5.24442e-22
1.59014e-22
-1.30295e-23
-3.05172e-23
-9.62224e-24
-2.34494e-26
3.33133e-25
2.09266e-25
2.83841e-25
5.19218e-26
-4.02034e-25
-2.40667e-23
-6.96929e-23
3.55934e-22
1.26227e-21
1.70194e-21
1.50328e-21
9.76343e-22
4.86348e-22
1.84807e-22
4.99224e-23
7.03528e-24
-1.02597e-24
-8.7589e-25
-2.33002e-25
-2.82194e-26
6.99746e-28
6.41073e-28
5.54201e-29
-3.0921e-30
-8.35524e-31
-2.17776e-32
-9.64735e-33
2.55278e-31
1.07143e-30
1.27414e-30
8.70694e-31
3.92189e-31
1.09341e-31
1.09475e-32
-4.43959e-33
-1.88267e-33
-2.15879e-34
1.29687e-35
3.1018e-36
-1.87399e-37
-6.04631e-38
-1.4457e-17
1.17332e-16
-8.22015e-15
-3.05998e-12
-9.43526e-11
-1.66915e-08
4.07444e-08
2.38212e-06
4.26412e-05
0.000553554
0.00326556
0.0097917
0.0194764
0.0275604
0.0321759
0.0348188
0.0369612
0.0422784
0.0526897
0.0687758
0.0940588
0.135726
0.198192
0.2699
0.321764
0.328605
0.312956
0.263969
0.175735
0.0862607
0.0323175
0.0186611
0.0162064
0.017743
0.0198786
0.0201214
0.0192997
0.0203104
0.0246708
0.0332206
0.0485172
0.0648217
0.0758423
0.0810424
0.0809315
0.0771142
0.0717726
0.0638729
0.0556355
0.0471763
0.0384715
0.0306206
0.0229001
0.0164889
0.0107827
0.00687684
0.00438092
0.00274769
0.00168418
0.000985684
0.000551526
0.000291686
0.000145393
6.79842e-05
2.92973e-05
1.11414e-05
3.2451e-06
2.198e-07
-6.3244e-07
-6.35739e-07
-4.1338e-07
-2.11478e-07
-8.96699e-08
-3.22777e-08
-9.96236e-09
-2.63296e-09
-5.98224e-10
-1.16931e-10
-2.05067e-11
-4.03118e-12
-1.27971e-12
-4.76016e-13
-1.76799e-13
-5.38814e-14
-1.29673e-14
-2.59239e-15
-4.74517e-16
-1.07936e-16
-3.20899e-17
-8.00006e-18
3.82554e-18
3.05273e-17
8.13357e-18
1.2061e-18
-1.88799e-18
-1.30473e-17
-2.21824e-17
-1.38893e-18
6.41763e-18
1.47498e-17
3.36954e-17
1.11188e-16
4.50692e-16
1.73768e-15
6.14172e-15
1.79772e-14
4.52935e-14
1.2452e-13
3.03921e-13
8.7555e-13
1.71369e-12
3.49312e-12
6.21936e-12
6.92477e-12
7.72075e-12
6.85698e-12
5.54458e-12
4.19759e-12
2.39018e-12
1.37401e-12
8.02933e-13
5.2021e-13
3.347e-13
1.8921e-13
8.29467e-14
2.78715e-14
5.90823e-15
-4.30826e-16
-1.27139e-15
-9.17161e-16
-4.8703e-16
-2.35828e-16
-1.10367e-16
-4.3672e-17
-1.23797e-17
6.90774e-19
9.86505e-18
1.28274e-17
1.53679e-17
1.27747e-17
1.25745e-17
8.54125e-18
6.77895e-18
3.42475e-18
3.19964e-19
-7.51795e-19
-6.53569e-19
-2.1317e-19
1.32025e-19
2.36184e-19
1.42425e-19
-2.06969e-21
-7.66924e-20
-7.01634e-20
-3.08265e-20
-4.40949e-21
2.44198e-21
1.14838e-21
-9.11973e-23
-1.77507e-22
-5.06073e-23
-4.14804e-23
-5.38751e-23
2.45825e-23
9.54094e-22
8.82708e-21
2.66856e-20
3.65451e-20
3.17616e-20
2.19019e-20
1.38822e-20
8.60546e-21
5.01583e-21
2.54856e-21
1.05959e-21
3.40194e-22
7.68084e-23
8.94124e-24
-9.4656e-25
-6.37911e-25
-1.25784e-25
-1.32785e-26
-1.00949e-27
-1.87134e-28
-2.58497e-29
3.58287e-29
9.91167e-29
1.67201e-28
1.77389e-28
1.36689e-28
8.14503e-29
3.79318e-29
1.34586e-29
3.38552e-30
4.9721e-31
6.28807e-33
-1.24764e-32
-2.67457e-33
-4.27531e-34
-8.87997e-35
-4.37461e-17
2.14596e-16
-8.34291e-16
-1.94067e-13
-7.95764e-12
-1.57464e-09
2.31175e-09
1.41396e-07
1.04125e-06
1.23937e-06
1.91653e-06
4.08582e-06
7.66603e-06
1.31909e-05
2.57153e-05
8.97934e-05
0.001062
0.0028805
0.00522684
0.00824521
0.0125865
0.0194737
0.0304963
0.0466949
0.066544
0.0889047
0.115779
0.145334
0.175663
0.205362
0.242642
0.282489
0.297518
0.290684
0.276785
0.257745
0.236119
0.219259
0.219732
0.232022
0.250018
0.263022
0.270314
0.275872
0.280416
0.284013
0.286858
0.288561
0.289049
0.287824
0.283974
0.277356
0.265767
0.250874
0.230718
0.206528
0.179207
0.148963
0.118386
0.0863641
0.0594362
0.0396245
0.0256244
0.0160818
0.00970431
0.00560653
0.00305668
0.00158201
0.000773813
0.000357068
0.000155776
6.45393e-05
2.55396e-05
9.64239e-06
3.45483e-06
1.17449e-06
3.76964e-07
1.1182e-07
2.92821e-08
6.19969e-09
7.4493e-10
-1.57863e-10
-1.53952e-10
-6.57296e-11
-1.92388e-11
-4.57212e-12
-9.82129e-13
-2.27105e-13
-8.11649e-14
-2.55273e-14
-7.73896e-15
-2.18224e-15
-4.79305e-16
1.39561e-16
6.11838e-16
1.95473e-15
3.81054e-15
7.4946e-15
1.62066e-14
3.92404e-14
1.07976e-13
3.11152e-13
7.62557e-13
1.7002e-12
3.57141e-12
6.90931e-12
1.31007e-11
2.64572e-11
4.6288e-11
7.32049e-11
1.01326e-10
1.2178e-10
1.42319e-10
1.49265e-10
1.56655e-10
1.56611e-10
1.46471e-10
1.36755e-10
1.19571e-10
9.76778e-11
7.42332e-11
5.06638e-11
3.22435e-11
1.88187e-11
9.29106e-12
4.18213e-12
1.77053e-12
7.47511e-13
3.43486e-13
1.67356e-13
8.33609e-14
4.15678e-14
2.10168e-14
1.01573e-14
4.80807e-15
2.25507e-15
1.04564e-15
6.64253e-16
5.15307e-16
3.99475e-16
2.99349e-16
2.37284e-16
1.20975e-16
6.60709e-17
4.64025e-17
3.365e-17
2.01917e-17
6.79234e-18
-2.41508e-18
-5.28874e-18
-3.20392e-18
3.57374e-19
2.44128e-18
2.41164e-18
1.29705e-18
3.6717e-19
9.92214e-21
-1.54991e-20
1.10749e-20
1.11465e-20
3.02924e-21
9.72358e-22
3.49646e-21
1.00595e-20
3.19192e-20
5.7772e-20
-4.41314e-20
-2.52799e-19
-3.80083e-19
-3.65076e-19
-2.62098e-19
-1.4844e-19
-6.66005e-20
-2.24036e-20
-4.42675e-21
4.73896e-22
8.25946e-22
3.69769e-22
9.30248e-23
9.54431e-24
-2.32739e-24
-1.25749e-24
-3.23975e-25
-6.78229e-26
-1.71966e-26
-8.35139e-27
-8.18035e-27
-8.13958e-27
-6.31035e-27
-3.77745e-27
-1.72965e-27
-5.66503e-28
-1.0105e-28
1.09903e-29
1.2229e-29
2.60759e-30
-4.55168e-32
-1.28584e-31
-2.53797e-32
-5.01134e-34
-1.27687e-17
3.52104e-17
9.50795e-17
-1.68013e-14
-3.87332e-12
2.84629e-10
3.78989e-10
4.13252e-09
-1.60963e-08
-1.238e-07
-2.09319e-07
-3.25414e-07
-6.81529e-07
-1.07165e-06
-1.03918e-06
-6.25839e-07
7.15279e-08
1.50827e-06
3.61556e-06
7.17754e-06
1.43677e-05
3.06519e-05
6.90938e-05
0.000160144
0.000370946
0.001264
0.00440698
0.0111199
0.0228853
0.0402286
0.0649089
0.0997602
0.139601
0.185065
0.232385
0.271853
0.304606
0.311895
0.307727
0.299023
0.286286
0.275332
0.270048
0.269242
0.272672
0.279723
0.289441
0.302321
0.317032
0.333376
0.350772
0.369095
0.390111
0.411019
0.427866
0.43252
0.429953
0.420304
0.404062
0.375447
0.328557
0.269309
0.207459
0.148404
0.0952264
0.0556555
0.0323997
0.0187902
0.0105954
0.00573433
0.00299714
0.00153226
0.000772147
0.000381563
0.000184163
8.6778e-05
3.97608e-05
1.77227e-05
7.59485e-06
3.09053e-06
1.18008e-06
4.24708e-07
1.41385e-07
4.24766e-08
1.09761e-08
2.14699e-09
1.33228e-10
-1.52619e-10
-1.07869e-10
-3.86244e-11
-1.44184e-11
-4.73014e-12
-1.42658e-12
-4.10447e-13
-1.04041e-13
4.73095e-16
6.75889e-14
1.73659e-13
3.95473e-13
8.44915e-13
1.46592e-12
2.79835e-12
6.51751e-12
1.33909e-11
2.46148e-11
4.23053e-11
7.19177e-11
1.61684e-10
2.78092e-10
4.38695e-10
6.29061e-10
5.88651e-10
3.8248e-10
1.66124e-10
-3.44229e-11
-4.06357e-11
1.29099e-10
3.1409e-10
5.43353e-10
5.90967e-10
5.24813e-10
4.17321e-10
3.19928e-10
2.44722e-10
1.74433e-10
1.19342e-10
7.79447e-11
4.8329e-11
2.84663e-11
1.62111e-11
8.93172e-12
4.74502e-12
2.48964e-12
1.26746e-12
6.3943e-13
3.23432e-13
1.66651e-13
1.00107e-13
6.57954e-14
3.86533e-14
1.8399e-14
5.52738e-15
7.16487e-16
-3.3095e-16
-4.80393e-16
-3.77791e-16
-2.16458e-16
-6.06279e-17
6.08578e-17
8.0261e-17
4.24616e-17
-5.47834e-18
-3.44539e-17
-3.71159e-17
-2.3471e-17
-9.32876e-18
-2.15385e-18
-4.66149e-19
-4.29341e-19
-3.2064e-19
-1.07649e-19
-8.30655e-21
1.86432e-20
1.41696e-20
-1.40565e-19
-9.40886e-19
-2.46768e-18
-3.47808e-18
-3.36857e-18
-2.59362e-18
-1.73608e-18
-1.07076e-18
-6.18864e-19
-3.27662e-19
-1.52155e-19
-5.87267e-20
-1.73746e-20
-3.16997e-21
1.15479e-22
3.27241e-22
1.27612e-22
3.04229e-23
5.09833e-24
6.56219e-25
2.92567e-28
-1.72817e-25
-2.54485e-25
-2.59862e-25
-2.14749e-25
-1.50309e-25
-8.96674e-26
-4.511e-26
-1.85848e-26
-5.89149e-27
-1.2192e-27
-4.66331e-29
6.71178e-29
2.8906e-29
7.29888e-30
1.55794e-30
3.60386e-18
-6.06866e-17
3.32855e-16
-1.90759e-15
-3.09923e-12
3.48972e-11
8.68052e-11
1.06362e-10
-6.02175e-09
-8.9745e-09
-2.80189e-08
-8.60879e-08
-1.92592e-07
-3.02625e-07
-3.4612e-07
-3.08307e-07
-1.67316e-07
-6.21709e-08
-8.53153e-09
6.59711e-08
2.06798e-07
5.16968e-07
1.18247e-06
2.57984e-06
5.59257e-06
1.1958e-05
2.74872e-05
6.42898e-05
0.000151752
0.000347504
0.00107447
0.00451636
0.0124088
0.0274778
0.0489429
0.0652308
0.0749452
0.0820533
0.0852725
0.0840687
0.0775622
0.0704481
0.0659196
0.0645284
0.0664072
0.0713463
0.0788901
0.0901291
0.104611
0.122543
0.144656
0.170736
0.20236
0.238817
0.281979
0.3317
0.38077
0.412991
0.433524
0.454008
0.468166
0.463574
0.445647
0.415238
0.36226
0.28819
0.210624
0.140783
0.083728
0.0465711
0.0268937
0.0157771
0.00918902
0.00525747
0.00299042
0.00171066
0.000976226
0.000545285
0.00029363
0.00015115
7.43353e-05
3.4809e-05
1.52614e-05
6.17304e-06
2.27556e-06
7.54958e-07
2.19819e-07
5.14237e-08
6.3009e-09
-2.33896e-09
-2.42152e-09
-1.13783e-09
-3.77196e-10
-1.31702e-10
-4.89928e-11
-1.69322e-11
-7.21137e-12
-5.8591e-12
-8.33109e-12
-2.31746e-11
-7.61117e-11
-1.81478e-10
-3.04436e-10
-4.94097e-10
-8.18195e-10
-1.27963e-09
-2.31443e-09
-4.2514e-09
-8.06841e-09
-1.25044e-08
-1.73089e-08
-2.55765e-08
-4.09471e-08
-5.29549e-08
-5.77447e-08
-5.24339e-08
-4.12899e-08
-2.87051e-08
-1.60967e-08
-8.71301e-09
-4.42631e-09
-1.86035e-09
-4.16543e-10
2.74545e-10
4.61236e-10
4.3245e-10
3.39124e-10
2.41973e-10
1.62079e-10
1.02354e-10
6.26932e-11
3.60724e-11
2.0766e-11
1.18137e-11
6.69452e-12
3.89751e-12
2.27444e-12
1.29052e-12
6.15481e-13
1.90649e-13
1.98513e-14
-2.45996e-14
-2.96139e-14
-2.40939e-14
-1.67603e-14
-1.05862e-14
-6.16523e-15
-3.385e-15
-1.72722e-15
-7.82439e-16
-2.50344e-16
6.0357e-17
2.29397e-16
3.04836e-16
2.3417e-16
1.15448e-16
4.01554e-17
1.34832e-17
7.60427e-18
4.86948e-18
2.00405e-18
4.47401e-19
-1.10927e-20
-3.18016e-19
-2.2665e-18
-5.26432e-18
-5.47699e-18
-1.51955e-18
3.27114e-18
5.77416e-18
5.38537e-18
3.48499e-18
1.59357e-18
4.06167e-19
-9.2684e-20
-1.87204e-19
-1.32344e-19
-6.36247e-20
-2.20411e-20
-4.84526e-21
-5.35441e-23
5.19328e-22
2.97115e-22
1.165e-22
4.06639e-23
1.65552e-23
8.92008e-24
5.35196e-24
3.0484e-24
1.53596e-24
6.45505e-25
1.99415e-25
2.22598e-26
-2.20581e-26
-1.84105e-26
-7.51859e-27
-1.63578e-27
8.55655e-29
2.65372e-28
1.17344e-28
3.45818e-18
-2.43184e-17
8.31768e-17
-1.29638e-16
-3.01017e-13
-4.6398e-13
1.07995e-11
-1.9281e-11
-3.58005e-10
-3.12988e-10
9.87051e-11
5.73414e-10
-5.26621e-11
-1.68716e-09
-4.10447e-09
-7.40262e-09
-7.27608e-09
-7.62236e-09
-8.43882e-09
-9.62932e-09
-7.17412e-09
5.1859e-09
2.62863e-08
7.04941e-08
1.72158e-07
3.98836e-07
9.93961e-07
2.4129e-06
5.63699e-06
1.26383e-05
2.93614e-05
7.02601e-05
0.000167057
0.000403223
0.00104917
0.00236367
0.00419483
0.00601375
0.00734629
0.00798559
0.00786513
0.00756978
0.00745621
0.00764067
0.00822443
0.00924003
0.0107057
0.012823
0.0156591
0.0194529
0.0245563
0.0312315
0.0402793
0.0521759
0.0685192
0.0919474
0.127648
0.179767
0.237247
0.299091
0.357607
0.412937
0.445889
0.471207
0.482423
0.472213
0.44478
0.400182
0.329124
0.249529
0.175972
0.115119
0.0698598
0.0426891
0.0273577
0.0178953
0.0116488
0.00748071
0.00474888
0.00299267
0.00186131
0.00111762
0.000631216
0.000331847
0.000162883
7.47387e-05
3.1799e-05
1.23889e-05
4.36574e-06
1.36763e-06
3.63856e-07
6.87939e-08
-1.60638e-09
-1.06095e-08
-6.98829e-09
-3.33979e-09
-2.33317e-09
-2.43123e-09
-3.85171e-09
-7.62424e-09
-1.1419e-08
-1.73686e-08
-2.23447e-08
-2.90661e-08
-4.30562e-08
-6.45089e-08
-1.20468e-07
-2.35558e-07
-4.02388e-07
-5.72412e-07
-7.34971e-07
-9.09043e-07
-9.68072e-07
-9.46749e-07
-8.75685e-07
-7.67827e-07
-6.56571e-07
-5.48217e-07
-4.28582e-07
-3.05817e-07
-1.92614e-07
-1.09401e-07
-5.58664e-08
-2.6215e-08
-1.23363e-08
-5.76744e-09
-2.63496e-09
-1.14586e-09
-4.5276e-10
-1.43599e-10
-1.56718e-11
2.94513e-11
3.90106e-11
3.47514e-11
2.68782e-11
1.89996e-11
1.20556e-11
6.16684e-12
1.4894e-12
-9.05659e-13
-1.56193e-12
-1.06108e-12
-5.96119e-13
-3.19691e-13
-1.56986e-13
-8.59126e-14
-5.42447e-14
-3.57351e-14
-2.38931e-14
-1.59538e-14
-1.05451e-14
-6.86381e-15
-4.3986e-15
-2.81639e-15
-1.71689e-15
-8.17995e-16
-2.96781e-16
-1.15201e-16
-6.54257e-17
-4.10448e-17
-1.95025e-17
-5.79391e-18
-5.52412e-19
-1.53137e-18
-1.78947e-18
8.40229e-18
3.73076e-17
6.93879e-17
8.50737e-17
7.95339e-17
6.06599e-17
3.94617e-17
2.25003e-17
1.13379e-17
4.97409e-18
1.8029e-18
4.57719e-19
1.02456e-20
-7.4871e-20
-5.48832e-20
-2.55975e-20
-8.99845e-21
-2.30262e-21
-2.70613e-22
1.45505e-22
1.55163e-22
1.1317e-22
7.97304e-23
5.48023e-23
3.53431e-23
2.07955e-23
1.09589e-23
5.06092e-24
1.97127e-24
5.92785e-25
9.70598e-26
-2.53059e-26
-3.1263e-26
-1.73769e-26
-6.35934e-27
9.68535e-19
-8.45803e-18
3.94765e-17
-2.1942e-16
1.42933e-14
-6.58848e-14
1.45598e-13
-2.585e-12
-4.0351e-12
4.2793e-12
1.5481e-11
5.87853e-11
1.02136e-10
1.17857e-10
1.31989e-10
1.69252e-10
2.51788e-10
2.15503e-10
1.09046e-10
-3.45109e-11
-4.37988e-10
-6.97438e-10
-1.36871e-10
1.64577e-09
5.86269e-09
1.6341e-08
4.55744e-08
1.21268e-07
3.05947e-07
7.3779e-07
1.76947e-06
4.32411e-06
1.02171e-05
2.37537e-05
5.59392e-05
0.000125359
0.000233949
0.000361517
0.00048603
0.000591312
0.000659106
0.00072105
0.000804798
0.000930731
0.00112465
0.00140968
0.00181174
0.0023914
0.00320074
0.00433016
0.00590747
0.00806028
0.0110367
0.0150444
0.0205364
0.0280329
0.0386489
0.0550584
0.0784212
0.113796
0.161944
0.224264
0.290251
0.354732
0.411325
0.456763
0.475631
0.495192
0.489783
0.467968
0.430283
0.369837
0.299308
0.230049
0.170047
0.122247
0.0857717
0.0596271
0.0424162
0.0306279
0.021923
0.0152403
0.0102007
0.00659038
0.00412297
0.00247317
0.00139361
0.000727355
0.000351231
0.000158438
6.7287e-05
2.68778e-05
1.00309e-05
3.46092e-06
1.07282e-06
2.73109e-07
3.42382e-08
-2.83414e-08
-6.06683e-08
-1.17328e-07
-2.2638e-07
-4.53169e-07
-7.22356e-07
-9.79727e-07
-1.29658e-06
-1.76711e-06
-2.29991e-06
-2.81235e-06
-3.26744e-06
-3.52716e-06
-3.61804e-06
-3.36094e-06
-2.99678e-06
-2.55321e-06
-2.16022e-06
-1.86355e-06
-1.64907e-06
-1.49765e-06
-1.38627e-06
-1.26198e-06
-1.1162e-06
-8.85301e-07
-6.41629e-07
-4.395e-07
-2.84891e-07
-1.82019e-07
-1.13793e-07
-6.9556e-08
-4.17256e-08
-2.46786e-08
-1.4418e-08
-8.36531e-09
-4.85128e-09
-2.80299e-09
-1.6239e-09
-9.47566e-10
-5.48215e-10
-3.0174e-10
-1.43497e-10
-5.71626e-11
-1.58103e-11
-4.41511e-13
1.59425e-12
1.75318e-12
1.58614e-12
1.31981e-12
1.01135e-12
7.19974e-13
4.7415e-13
2.87375e-13
1.60806e-13
8.14968e-14
3.73222e-14
1.504e-14
5.31146e-15
1.55723e-15
3.71987e-16
1.46748e-16
1.59314e-16
1.2662e-16
6.67534e-17
1.83624e-17
-5.43855e-18
6.25454e-18
4.69249e-17
1.09138e-16
1.92669e-16
2.50623e-16
2.48826e-16
1.94759e-16
1.28812e-16
7.80385e-17
4.65573e-17
2.82491e-17
1.70609e-17
9.77477e-18
5.07606e-18
2.29508e-18
8.55109e-19
2.26795e-19
9.85456e-21
-3.76815e-20
-3.27155e-20
-1.95247e-20
-9.90102e-21
-4.59859e-21
-2.00861e-21
-8.18584e-22
-2.95325e-22
-7.99074e-23
-2.34519e-24
1.75745e-23
1.67938e-23
1.10264e-23
5.88699e-24
2.62943e-24
9.66233e-25
2.71014e-25
3.0819e-26
-3.4078e-26
3.9965e-19
-5.78269e-18
6.01002e-17
-3.97807e-16
3.13702e-15
-1.04593e-15
-1.77154e-13
-1.18794e-13
-2.09069e-13
2.59115e-13
2.3543e-12
5.55665e-12
9.23674e-12
1.19525e-11
1.45561e-11
1.72535e-11
2.04063e-11
1.84703e-11
1.38166e-11
8.90103e-12
-3.4031e-12
-2.59576e-11
-8.56319e-11
-9.24004e-11
7.92358e-11
6.37735e-10
2.31862e-09
7.03657e-09
1.96119e-08
5.19609e-08
1.3538e-07
3.55646e-07
9.01744e-07
2.2533e-06
5.2993e-06
1.11728e-05
2.13797e-05
3.57324e-05
5.29676e-05
7.19785e-05
9.06292e-05
0.000112896
0.000144781
0.000193649
0.000267929
0.000380688
0.000551239
0.000810765
0.00119495
0.00175557
0.00256504
0.00369303
0.00525257
0.00737622
0.0102582
0.0141247
0.01931
0.0263622
0.0354404
0.0476546
0.0655386
0.0919283
0.130425
0.182468
0.243534
0.311583
0.373334
0.426787
0.470532
0.48862
0.511409
0.512882
0.500249
0.474297
0.433332
0.37936
0.322863
0.268139
0.219126
0.177286
0.141943
0.111918
0.086154
0.0640256
0.0460361
0.0317313
0.0208186
0.013074
0.0079133
0.00463607
0.002599
0.00137575
0.000687284
0.000328381
0.000151665
6.84502e-05
3.01125e-05
1.27141e-05
4.70614e-06
8.48199e-07
-1.0232e-06
-2.14106e-06
-3.00318e-06
-4.06463e-06
-5.43792e-06
-6.72152e-06
-7.87815e-06
-8.39609e-06
-8.55101e-06
-8.4268e-06
-7.3814e-06
-5.58638e-06
-3.6193e-06
-1.9267e-06
-8.01987e-07
-3.37723e-07
1.08742e-07
-5.11215e-09
-5.35614e-07
-1.13293e-06
-1.58612e-06
-1.82885e-06
-1.82255e-06
-1.59628e-06
-1.26754e-06
-9.3582e-07
-6.52146e-07
-4.33588e-07
-2.77311e-07
-1.71687e-07
-1.03241e-07
-6.04699e-08
-3.45876e-08
-1.92139e-08
-1.03111e-08
-5.27281e-09
-2.47761e-09
-9.84368e-10
-2.32545e-10
1.05994e-10
2.24283e-10
2.21305e-10
1.8848e-10
1.43847e-10
1.00063e-10
6.41306e-11
3.76549e-11
2.04573e-11
1.03491e-11
4.87945e-12
2.15495e-12
8.72899e-13
3.16965e-13
9.18783e-14
9.83662e-15
-1.28644e-14
-1.23033e-14
-7.3192e-15
-3.84357e-15
-1.65821e-15
-6.453e-16
-1.77175e-16
2.96102e-17
8.18247e-17
9.54968e-17
1.27552e-16
1.09561e-16
2.2187e-17
-9.8577e-17
-2.16783e-16
-2.41836e-16
-1.8847e-16
-1.10281e-16
-4.58199e-17
-7.52901e-18
8.59444e-18
1.16019e-17
9.14833e-18
5.67069e-18
2.95638e-18
1.31363e-18
4.82807e-19
1.26094e-19
7.90479e-22
-2.8975e-20
-2.70019e-20
-1.84124e-20
-1.0974e-20
-6.02994e-21
-3.1139e-21
-1.51603e-21
-6.90085e-22
-2.87451e-22
-1.04628e-22
-2.93903e-23
-2.92391e-24
3.77441e-24
3.84074e-24
2.49309e-24
1.15015e-24
-3.18588e-21
-3.0155e-19
2.01005e-18
1.75741e-19
-6.25949e-17
3.96513e-17
-6.12733e-15
-3.60128e-15
-8.65183e-16
5.16007e-14
5.07253e-14
7.4388e-14
1.47156e-13
2.55288e-13
3.68357e-13
4.65485e-13
6.77114e-13
7.72159e-13
5.596e-13
-3.90229e-13
-2.3995e-12
-3.62364e-12
-5.45628e-12
-1.36286e-11
-1.80145e-11
1.63412e-11
1.49659e-10
5.56104e-10
1.69092e-09
4.81803e-09
1.3382e-08
3.71978e-08
1.00621e-07
2.7124e-07
6.56896e-07
1.38835e-06
2.8185e-06
5.19631e-06
8.66216e-06
1.34513e-05
1.96533e-05
2.91059e-05
4.51763e-05
7.26604e-05
0.000113811
0.000177638
0.000287515
0.00046382
0.000735187
0.00114175
0.00173796
0.00259264
0.00380006
0.00547076
0.00775321
0.0107953
0.0147228
0.0197421
0.0260993
0.0340604
0.0440274
0.0559543
0.0721864
0.0958804
0.127515
0.17094
0.224549
0.282031
0.344205
0.398633
0.446643
0.48582
0.508161
0.521934
0.539569
0.539126
0.528744
0.508559
0.477627
0.437491
0.394512
0.351217
0.308673
0.266544
0.225371
0.185605
0.147743
0.112966
0.0821726
0.0544862
0.0332762
0.019729
0.0115854
0.00677932
0.00392332
0.0022214
0.00122019
0.000652523
0.000341125
0.000174155
8.43622e-05
3.47664e-05
7.38415e-06
-7.28234e-06
-1.38903e-05
-1.46786e-05
-1.10024e-05
-3.81843e-06
5.63033e-06
1.57714e-05
4.49306e-05
8.08446e-05
0.000106343
0.000114583
0.000107363
8.93216e-05
6.52953e-05
4.2351e-05
2.40887e-05
1.13588e-05
3.45758e-06
-7.87827e-07
-2.57764e-06
-2.83493e-06
-2.57178e-06
-2.0556e-06
-1.513e-06
-1.049e-06
-6.93915e-07
-4.41385e-07
-2.71031e-07
-1.60929e-07
-9.23575e-08
-5.08666e-08
-2.6548e-08
-1.27687e-08
-5.25922e-09
-1.39947e-09
3.97111e-10
1.07986e-09
1.20114e-09
1.06753e-09
8.47069e-10
6.22696e-10
4.30694e-10
2.82478e-10
1.7491e-10
1.0209e-10
5.58405e-11
2.82756e-11
1.30967e-11
5.35435e-12
1.78608e-12
3.26214e-13
-6.64276e-14
-1.20806e-13
-9.52399e-14
-5.97174e-14
-3.35455e-14
-1.71386e-14
-8.85116e-15
-4.77509e-15
-2.74228e-15
-1.6782e-15
-1.09897e-15
-1.04515e-15
-1.79192e-15
-2.61184e-15
-2.95177e-15
-2.65472e-15
-1.99351e-15
-1.29039e-15
-7.27514e-16
-3.52332e-16
-1.37687e-16
-3.29483e-17
8.17037e-18
1.81215e-17
1.58535e-17
1.06491e-17
6.12628e-18
3.11818e-18
1.40696e-18
5.46855e-19
1.64188e-19
1.78554e-20
-2.52471e-20
-2.95253e-20
-2.2538e-20
-1.45321e-20
-8.44131e-21
-4.51274e-21
-2.22907e-21
-1.00944e-21
-4.09763e-22
-1.41047e-22
-3.42576e-23
8.30661e-25
8.40797e-24
7.02025e-24
-5.81286e-22
5.96356e-20
-5.47729e-19
3.9407e-18
-1.29646e-17
-1.9641e-19
1.66129e-18
-3.43708e-17
2.38892e-16
2.02818e-16
3.6912e-16
1.05675e-15
2.05849e-15
2.54168e-15
1.11048e-15
-7.94177e-15
-2.32451e-14
-4.95196e-14
-1.03591e-13
-1.14728e-13
-3.28227e-14
1.33699e-13
3.27423e-13
2.16679e-12
4.66483e-12
1.01432e-11
2.8025e-11
9.46075e-11
2.78884e-10
7.91364e-10
2.19709e-09
6.11083e-09
1.67978e-08
4.62387e-08
1.16343e-07
2.64751e-07
5.88044e-07
1.22501e-06
2.36578e-06
4.27188e-06
7.24069e-06
1.25561e-05
2.38557e-05
4.45086e-05
8.05959e-05
0.000140975
0.000237394
0.000387695
0.000616204
0.000957754
0.00146025
0.00218512
0.00321604
0.00465247
0.00662546
0.00928172
0.0127659
0.0172455
0.0228959
0.0298808
0.0383287
0.0481273
0.0594936
0.0734099
0.0901643
0.111915
0.141073
0.177729
0.221912
0.271695
0.322776
0.375711
0.423344
0.464651
0.499649
0.527393
0.543196
0.557627
0.574224
0.575528
0.569167
0.555808
0.534875
0.505292
0.467937
0.425608
0.379529
0.331303
0.282072
0.232455
0.184279
0.139976
0.101485
0.0697991
0.0435414
0.0253837
0.0150854
0.00943957
0.00605667
0.00388615
0.00243726
0.00152612
0.00100529
0.000766717
0.00072333
0.000797106
0.000935985
0.00108734
0.00120901
0.00127483
0.00124523
0.00111845
0.000929468
0.000718209
0.000518696
0.000350083
0.000220364
0.000128518
6.81398e-05
3.1429e-05
1.09885e-05
9.23006e-07
-3.15571e-06
-4.09272e-06
-3.84597e-06
-3.12092e-06
-2.31761e-06
-1.61473e-06
-1.06931e-06
-6.77886e-07
-4.12637e-07
-2.41069e-07
-1.34518e-07
-7.07755e-08
-3.41234e-08
-1.40509e-08
-3.74229e-09
1.03263e-09
2.81368e-09
3.11872e-09
2.78418e-09
2.23375e-09
1.67587e-09
1.19647e-09
8.18854e-10
5.39703e-10
3.42437e-10
2.09159e-10
1.22665e-10
6.86058e-11
3.63447e-11
1.79362e-11
8.06349e-12
3.10376e-12
8.8608e-13
4.34798e-14
-1.85629e-13
-1.80918e-13
-1.28613e-13
-7.77922e-14
-4.63541e-14
-2.8643e-14
-1.88762e-14
-1.42167e-14
-1.35621e-14
-1.47842e-14
-1.5583e-14
-1.4302e-14
-1.13745e-14
-8.01444e-15
-5.08278e-15
-2.92247e-15
-1.5178e-15
-6.96746e-16
-2.64432e-16
-6.29261e-17
1.54396e-17
3.5572e-17
3.25596e-17
2.32471e-17
1.4437e-17
8.07629e-18
4.11173e-18
1.89427e-18
7.67402e-19
2.49564e-19
4.02801e-20
-2.75844e-20
-3.8343e-20
-3.06397e-20
-2.00623e-20
-1.16409e-20
-6.14562e-21
-2.97187e-21
-1.30753e-21
-5.10497e-22
-1.64869e-22
-3.30911e-23
7.7934e-24
1.51005e-23
1.55552e-21
8.28239e-21
-1.44966e-19
7.42128e-19
-1.27735e-18
-7.46651e-18
2.40865e-18
1.02396e-17
-2.88301e-18
-3.16314e-17
-9.83667e-17
-1.34829e-16
-2.54324e-17
-1.45536e-16
-7.97945e-16
-1.65333e-15
-3.2836e-15
-4.86518e-15
-4.43272e-15
3.2743e-15
4.07776e-14
1.57866e-13
4.84033e-13
1.39963e-12
3.84599e-12
9.75234e-12
2.42089e-11
6.06176e-11
1.57452e-10
4.08272e-10
1.06098e-09
2.72554e-09
6.99578e-09
1.77902e-08
4.38495e-08
1.03951e-07
2.44073e-07
5.6706e-07
1.27336e-06
2.77373e-06
5.78979e-06
1.15259e-05
2.18116e-05
3.92573e-05
6.79147e-05
0.000113993
0.000186661
0.000301274
0.00048053
0.000758088
0.0011794
0.00180376
0.00271128
0.00399971
0.00579716
0.00825156
0.0115072
0.0157339
0.0211162
0.0278401
0.0360547
0.0458647
0.0572271
0.0701071
0.0844732
0.10059
0.119291
0.141652
0.168487
0.200561
0.237241
0.278255
0.321854
0.366116
0.408872
0.449701
0.485148
0.516943
0.543851
0.563648
0.577562
0.589723
0.598087
0.596846
0.589727
0.575879
0.55433
0.52353
0.482225
0.434914
0.383728
0.330554
0.277163
0.226094
0.178589
0.136974
0.102023
0.0744919
0.053457
0.0382812
0.0276784
0.0208307
0.0165614
0.0138227
0.0119039
0.0103759
0.00904474
0.00778483
0.00654275
0.00532523
0.00416657
0.00312134
0.00223203
0.00151956
0.000982961
0.000601849
0.00034668
0.000185696
9.00658e-05
3.71954e-05
1.06158e-05
-9.19909e-07
-4.7387e-06
-5.25581e-06
-4.54553e-06
-3.54659e-06
-2.55243e-06
-1.72541e-06
-1.10636e-06
-6.75647e-07
-3.92707e-07
-2.15882e-07
-1.10388e-07
-5.0619e-08
-1.88193e-08
-3.29727e-09
3.338e-09
5.33708e-09
5.04783e-09
4.3368e-09
3.42809e-09
2.54734e-09
1.81099e-09
1.24482e-09
8.31338e-10
5.41384e-10
3.4474e-10
2.14738e-10
1.30581e-10
7.7165e-11
4.39306e-11
2.38012e-11
1.2036e-11
5.47739e-12
2.06495e-12
4.59827e-13
-1.72113e-13
-3.30147e-13
-3.03507e-13
-2.25989e-13
-1.60219e-13
-1.14033e-13
-8.62529e-14
-7.15716e-14
-6.30393e-14
-5.40572e-14
-4.29003e-14
-3.07434e-14
-1.99426e-14
-1.18221e-14
-6.43138e-15
-3.19748e-15
-1.42061e-15
-5.27002e-16
-1.22603e-16
3.3201e-17
7.44849e-17
7.0065e-17
5.22227e-17
3.42713e-17
2.04942e-17
1.13004e-17
5.74776e-18
2.66728e-18
1.09451e-18
3.62753e-19
6.24743e-20
-3.64818e-20
-5.28589e-20
-4.22341e-20
-2.73652e-20
-1.56182e-20
-8.07456e-21
-3.80864e-21
-1.62603e-21
-6.09414e-22
-1.82434e-22
-2.66099e-23
1.78647e-23
2.17732e-23
2.11785e-20
-9.6258e-20
1.1816e-19
6.32845e-19
-9.09379e-18
6.4947e-18
1.24397e-17
-8.10526e-16
-2.94339e-15
-2.00225e-15
-2.52261e-16
-3.28464e-15
1.39983e-15
1.26088e-14
2.41667e-14
2.62628e-14
1.7436e-14
-2.42502e-15
-5.65714e-14
-1.20159e-13
-1.37932e-13
-8.8094e-14
4.7161e-14
8.21241e-13
3.22008e-12
7.88702e-12
1.7492e-11
4.77027e-11
1.28573e-10
3.38723e-10
8.82892e-10
2.27197e-09
5.86105e-09
1.46623e-08
3.69771e-08
8.95589e-08
2.19193e-07
5.22097e-07
1.13939e-06
2.39128e-06
4.84284e-06
9.52289e-06
1.78689e-05
3.18077e-05
5.50692e-05
9.44708e-05
0.000161429
0.00027543
0.000464983
0.000768515
0.00123874
0.00194459
0.00296919
0.00441472
0.00639839
0.00905927
0.0125441
0.0170029
0.0226667
0.0296882
0.0382829
0.048554
0.0605656
0.074275
0.0895525
0.106268
0.124321
0.143892
0.16528
0.188938
0.215314
0.24455
0.276657
0.311256
0.34749
0.384434
0.420999
0.456191
0.488926
0.518399
0.54423
0.566303
0.582948
0.594638
0.601514
0.601789
0.597931
0.58865
0.571507
0.545715
0.512157
0.471161
0.423475
0.373496
0.322717
0.273414
0.227012
0.18529
0.148845
0.118452
0.0936495
0.0740422
0.0586616
0.046631
0.037132
0.0294576
0.0231349
0.0178463
0.0134219
0.00978213
0.00687343
0.00463823
0.00299628
0.0018469
0.00108126
0.000597248
0.000307721
0.000144199
5.76963e-05
1.64154e-05
-7.8111e-07
-6.0682e-06
-6.30189e-06
-5.20013e-06
-4.09754e-06
-2.9096e-06
-1.92944e-06
-1.20704e-06
-7.13392e-07
-3.96701e-07
-2.05006e-07
-9.51786e-08
-3.61608e-08
-8.08197e-09
2.40405e-09
4.99444e-09
5.38132e-09
4.82117e-09
4.05346e-09
3.10445e-09
2.21849e-09
1.52178e-09
1.01075e-09
6.56189e-10
4.19404e-10
2.64921e-10
1.66212e-10
1.03665e-10
6.41887e-11
3.94272e-11
2.36561e-11
1.36676e-11
7.33487e-12
3.45199e-12
1.18303e-12
-1.18032e-14
-5.37005e-13
-6.778e-13
-6.34437e-13
-5.18901e-13
-4.0576e-13
-3.12614e-13
-2.41019e-13
-1.83925e-13
-1.35274e-13
-9.31262e-14
-5.88145e-14
-3.38707e-14
-1.78157e-14
-8.51039e-15
-3.61702e-15
-1.27998e-15
-2.74179e-16
9.01537e-17
1.77277e-16
1.62057e-16
1.20098e-16
7.98002e-17
4.9124e-17
2.83308e-17
1.53272e-17
7.72987e-18
3.57527e-18
1.46245e-18
4.80146e-19
7.84127e-20
-5.21641e-20
-7.19621e-20
-5.62044e-20
-3.55685e-20
-1.97304e-20
-9.84266e-21
-4.43194e-21
-1.77312e-21
-5.97225e-22
-1.38133e-22
9.9035e-24
3.97407e-23
3.40035e-23
1.89714e-23
3.33311e-20
-1.48192e-18
1.24227e-17
-5.3833e-17
8.19157e-17
4.3696e-15
-2.71801e-14
-1.03565e-13
-1.22733e-13
-3.42275e-14
8.5694e-14
2.64125e-13
7.46595e-13
1.07486e-12
1.37244e-12
1.51958e-12
1.46937e-12
1.2824e-12
7.16129e-13
-1.61588e-14
-1.32488e-12
-2.575e-12
-1.19296e-12
5.09814e-12
1.82556e-11
3.49365e-11
4.74831e-11
8.48386e-11
2.69314e-10
7.54864e-10
1.84264e-09
4.18708e-09
9.10087e-09
1.90511e-08
3.9126e-08
8.11108e-08
1.6885e-07
3.73327e-07
9.07245e-07
2.23393e-06
5.20222e-06
1.12891e-05
2.30591e-05
4.43567e-05
8.18728e-05
0.000151926
0.000278415
0.000499046
0.000862017
0.00143682
0.00234771
0.00372318
0.00569097
0.00840172
0.0120031
0.0166595
0.0225107
0.0296075
0.038163
0.0479709
0.0592674
0.0720014
0.0862822
0.102088
0.119288
0.137778
0.15739
0.178083
0.199824
0.222562
0.246628
0.272296
0.298563
0.325195
0.353899
0.383969
0.414722
0.445435
0.475323
0.503679
0.52979
0.552913
0.572328
0.587434
0.59745
0.601752
0.60101
0.597971
0.58848
0.572062
0.548743
0.518863
0.483053
0.442606
0.398852
0.353515
0.308059
0.264057
0.222599
0.184792
0.151103
0.12183
0.0968147
0.0757507
0.0582243
0.0438085
0.0321366
0.022883
0.0157486
0.0104272
0.00661789
0.00401041
0.00231302
0.001261
0.000639523
0.000297584
0.000122837
3.97594e-05
3.64683e-06
-5.81224e-06
-6.91618e-06
-5.97662e-06
-4.70579e-06
-3.4062e-06
-2.23682e-06
-1.37539e-06
-7.92581e-07
-4.22484e-07
-2.02393e-07
-8.84522e-08
-3.82666e-08
-1.50536e-08
-3.90038e-09
1.36472e-09
3.42621e-09
3.7659e-09
3.22672e-09
2.48469e-09
1.75531e-09
1.16366e-09
7.29026e-10
4.31845e-10
2.45581e-10
1.44977e-10
8.93748e-11
5.64451e-11
3.57825e-11
2.23557e-11
1.36255e-11
8.17109e-12
4.71856e-12
2.54408e-12
1.10894e-12
1.59983e-13
-4.48342e-13
-7.61602e-13
-9.19075e-13
-9.21357e-13
-8.4408e-13
-7.08004e-13
-5.61707e-13
-4.27367e-13
-3.09397e-13
-2.09893e-13
-1.30706e-13
-7.36518e-14
-3.67099e-14
-1.6023e-14
-5.97746e-15
-1.64093e-15
-4.67717e-17
3.75196e-16
4.01278e-16
3.00347e-16
1.93558e-16
1.14602e-16
6.40428e-17
3.41312e-17
1.73758e-17
8.40485e-18
3.78584e-18
1.51634e-18
4.77746e-19
5.64933e-20
-7.65254e-20
-9.08164e-20
-6.77255e-20
-4.12454e-20
-2.18337e-20
-1.02025e-20
-4.16035e-21
-1.40315e-21
-3.15353e-22
3.1264e-23
9.64978e-23
7.81587e-23
4.808e-23
2.58077e-23
1.28399e-23
4.6874e-24
6.74209e-20
-2.65101e-18
1.88262e-17
-7.23613e-17
4.32304e-15
6.61651e-15
-8.29501e-16
-3.34805e-12
-3.08036e-12
3.31656e-13
2.80689e-12
7.9787e-12
1.50822e-11
1.76177e-11
1.92026e-11
2.0374e-11
1.96799e-11
1.19237e-11
-4.85049e-12
-1.16383e-11
-9.98893e-12
-2.26115e-11
-7.30891e-11
-1.70532e-10
-3.05598e-10
-5.31841e-10
-4.77816e-10
6.84452e-11
1.6459e-09
5.0403e-09
1.18239e-08
2.47128e-08
4.83826e-08
8.97085e-08
1.64879e-07
3.146e-07
6.3177e-07
1.35831e-06
2.95453e-06
6.51328e-06
1.45452e-05
3.18609e-05
6.72023e-05
0.000131786
0.000245458
0.000475623
0.000905009
0.00166101
0.00289524
0.00483918
0.00826251
0.0135832
0.0207334
0.0296654
0.0401942
0.0522425
0.0662804
0.0823128
0.101
0.120834
0.140948
0.160698
0.180454
0.200329
0.220415
0.240858
0.261594
0.282699
0.304254
0.326109
0.348439
0.370847
0.393749
0.416938
0.440061
0.463063
0.485439
0.506865
0.527172
0.545938
0.562472
0.576233
0.586616
0.592442
0.593304
0.591776
0.587016
0.578069
0.564193
0.544867
0.520206
0.491568
0.46125
0.42797
0.389198
0.347308
0.305024
0.263343
0.223366
0.185736
0.151265
0.120336
0.0933257
0.0703331
0.0513417
0.0361757
0.0245186
0.0159266
0.00983772
0.00574664
0.00316909
0.00164028
0.000790801
0.000342039
0.000116948
3.65866e-05
9.95329e-06
8.80847e-07
-2.13e-06
-3.31242e-06
-2.98413e-06
-2.29007e-06
-1.50791e-06
-8.71897e-07
-4.78209e-07
-2.68743e-07
-1.52649e-07
-8.46958e-08
-4.30833e-08
-1.84407e-08
-6.4654e-09
-1.45168e-09
4.89097e-10
1.12408e-09
1.20628e-09
9.94958e-10
7.01334e-10
4.72321e-10
3.12372e-10
2.03323e-10
1.29181e-10
7.95248e-11
4.66571e-11
2.63128e-11
1.44649e-11
7.87581e-12
4.21858e-12
2.13562e-12
9.2098e-13
2.11742e-13
-2.20803e-13
-4.49073e-13
-5.91816e-13
-6.70648e-13
-7.17248e-13
-7.51854e-13
-7.36717e-13
-7.05847e-13
-6.32521e-13
-5.30518e-13
-4.09686e-13
-2.89967e-13
-1.85737e-13
-1.05944e-13
-5.25274e-14
-2.18616e-14
-6.76648e-15
-1.46082e-15
-2.7096e-17
3.11008e-16
3.85999e-16
2.81365e-16
1.64101e-16
8.33276e-17
3.80194e-17
1.5749e-17
5.84765e-18
1.83605e-18
3.94823e-19
-5.86897e-20
-1.64834e-19
-1.56162e-19
-1.15475e-19
-7.34061e-20
-4.08198e-20
-1.98019e-20
-8.22286e-21
-2.69455e-21
-4.75096e-22
1.98939e-22
2.79001e-22
1.96542e-22
1.08217e-22
5.08749e-23
2.10661e-23
7.8796e-24
2.81621e-24
9.87139e-25
3.26204e-25
2.39121e-26
2.21834e-18
-1.09518e-17
3.57291e-17
-7.74566e-17
5.18749e-14
2.439e-14
1.67936e-12
2.19425e-12
-1.10139e-10
-7.63919e-11
-1.35443e-11
1.41373e-10
5.73275e-11
-4.11176e-10
-8.00587e-10
-9.07399e-10
-1.47954e-09
-1.8459e-09
-1.791e-09
-8.25536e-10
-3.0261e-10
-2.76422e-10
-6.7023e-10
-1.32587e-09
-1.62532e-09
-3.15606e-10
4.93052e-09
1.81075e-08
4.60565e-08
9.96419e-08
1.95318e-07
3.56744e-07
6.17051e-07
1.01114e-06
1.63406e-06
2.70925e-06
4.73315e-06
8.99189e-06
1.80278e-05
3.86552e-05
8.5144e-05
0.000175703
0.000350748
0.000690519
0.00139326
0.00484868
0.0124759
0.0236896
0.0379992
0.0546769
0.0744496
0.0969014
0.121346
0.148154
0.17587
0.203339
0.230772
0.257234
0.283301
0.307927
0.332658
0.356504
0.37896
0.399672
0.418576
0.434904
0.448834
0.46142
0.472777
0.48357
0.494023
0.50418
0.513641
0.52329
0.533513
0.542311
0.549571
0.553976
0.557078
0.558956
0.559426
0.558291
0.55477
0.54808
0.537569
0.523067
0.504318
0.480951
0.454906
0.42678
0.397102
0.366
0.334081
0.301236
0.268198
0.234892
0.202324
0.170729
0.14102
0.113398
0.0885365
0.066689
0.0483061
0.0334657
0.0220756
0.013793
0.00811888
0.00446615
0.00219364
0.00102614
0.000488101
0.000235517
0.000113259
5.39573e-05
2.48769e-05
9.75268e-06
2.53738e-06
-3.52781e-08
-7.46395e-07
-7.44244e-07
-5.64397e-07
-3.71991e-07
-2.33494e-07
-1.39177e-07
-7.71481e-08
-4.03929e-08
-2.06951e-08
-1.05503e-08
-5.2714e-09
-2.41871e-09
-8.86744e-10
-1.50558e-10
1.4202e-10
1.89957e-10
1.58153e-10
1.13569e-10
7.70224e-11
5.05792e-11
3.256e-11
2.07682e-11
1.31319e-11
8.2351e-12
5.04706e-12
2.98077e-12
1.66172e-12
8.6388e-13
4.04991e-13
1.51686e-13
1.05663e-14
-7.68059e-14
-1.31825e-13
-1.87917e-13
-2.18552e-13
-2.39153e-13
-2.42078e-13
-2.49004e-13
-2.46491e-13
-2.40762e-13
-2.14654e-13
-1.76914e-13
-1.24562e-13
-7.30513e-14
-3.55847e-14
-1.5592e-14
-6.17574e-15
-2.22283e-15
-6.24097e-16
-5.86261e-17
1.52027e-16
1.3385e-16
7.14005e-17
2.67397e-17
6.1959e-18
-3.64264e-19
-1.40537e-18
-1.00451e-18
-5.26517e-19
-2.50704e-19
-1.4004e-19
-9.05664e-20
-5.75677e-20
-3.24656e-20
-1.54794e-20
-5.88835e-21
-1.5127e-21
-1.36203e-23
2.73841e-22
2.09065e-22
1.06851e-22
4.19383e-23
1.2083e-23
1.62298e-24
-8.16002e-25
-8.32991e-25
-4.93132e-25
-2.9272e-25
-2.15327e-25
-1.67395e-25
-1.20604e-25
-6.16457e-26
7.44985e-18
-3.94514e-17
1.00109e-16
-1.51165e-16
-5.96876e-13
1.30387e-12
1.24869e-11
3.94687e-10
-2.48506e-09
-4.26677e-09
-9.07797e-09
-2.55467e-08
-6.32159e-08
-1.13116e-07
-1.41032e-07
-1.40029e-07
-1.12455e-07
-6.27498e-08
-1.30616e-08
1.42887e-08
2.34617e-08
3.55398e-08
5.61385e-08
9.67291e-08
1.80956e-07
3.52364e-07
6.84802e-07
1.29517e-06
2.35657e-06
4.1083e-06
6.85648e-06
1.09572e-05
1.67843e-05
2.45122e-05
3.51606e-05
5.10858e-05
7.80373e-05
0.000130222
0.000235516
0.000440764
0.00079352
0.00209817
0.0101964
0.0267658
0.0498057
0.0809125
0.118858
0.154617
0.187388
0.219747
0.252986
0.285396
0.318613
0.355022
0.382657
0.400138
0.416722
0.434456
0.452551
0.467514
0.475444
0.477179
0.477724
0.477397
0.476129
0.474272
0.472398
0.470808
0.469687
0.468919
0.467992
0.466738
0.464736
0.461726
0.457319
0.451112
0.443192
0.432779
0.420136
0.404879
0.387024
0.366663
0.344571
0.321324
0.297272
0.272944
0.24913
0.226041
0.204161
0.18325
0.163507
0.144559
0.126684
0.109329
0.0930814
0.077722
0.0635862
0.0505162
0.0388923
0.0285836
0.0198428
0.0131037
0.00830136
0.00505957
0.00298069
0.00170294
0.000947164
0.000514024
0.000273722
0.000141159
6.97488e-05
3.25493e-05
1.42083e-05
5.78432e-06
2.20448e-06
7.75013e-07
2.26424e-07
2.62071e-08
-4.94885e-08
-5.63549e-08
-4.12723e-08
-2.72263e-08
-1.69157e-08
-1.00514e-08
-5.70259e-09
-3.0654e-09
-1.56011e-09
-7.57733e-10
-3.5191e-10
-1.53309e-10
-5.81219e-11
-1.50195e-11
1.31515e-12
6.07447e-12
5.36331e-12
4.00341e-12
2.75882e-12
1.82387e-12
1.17565e-12
7.48518e-13
4.72265e-13
2.97568e-13
1.86471e-13
1.15385e-13
6.8253e-14
3.68031e-14
1.64051e-14
3.26389e-15
-5.10273e-15
-1.13602e-14
-1.56977e-14
-1.67698e-14
-1.57951e-14
-1.51596e-14
-1.36599e-14
-1.29452e-14
-1.2574e-14
-1.26313e-14
-1.04309e-14
-7.54169e-15
-3.89209e-15
-1.66812e-15
-5.96174e-16
-1.29073e-16
9.07175e-17
2.06407e-16
1.77084e-16
8.8704e-17
2.7088e-17
1.96622e-18
-2.8779e-18
-1.69393e-18
-3.6866e-19
1.17961e-19
1.53717e-19
8.5399e-20
3.36104e-20
8.34403e-21
6.93339e-24
-8.79695e-22
-4.80958e-23
5.09494e-22
5.65083e-22
3.72801e-22
1.6737e-22
4.55478e-23
2.26731e-24
-4.51245e-24
-2.80951e-24
-1.08925e-24
-3.12607e-25
-6.08814e-26
-7.61509e-27
-9.85774e-27
-1.85692e-26
-2.19454e-26
-1.91068e-26
-1.36015e-26
-8.55542e-27
-3.55229e-27
1.27352e-17
-1.0546e-16
4.27504e-16
-2.16899e-15
-3.90778e-12
1.78215e-11
5.0951e-11
2.03465e-09
-4.26879e-09
-4.50115e-08
-1.15407e-07
-1.60326e-07
-3.00935e-07
-5.2204e-07
-6.46826e-07
-5.64285e-07
-3.16718e-07
1.94337e-08
5.09203e-07
1.11802e-06
1.96207e-06
3.38221e-06
6.05555e-06
1.11628e-05
2.05844e-05
3.71195e-05
6.46654e-05
0.000108261
0.000173899
0.000268074
0.000397003
0.000565492
0.000775809
0.00102169
0.00132038
0.00170951
0.00230763
0.0032833
0.00721456
0.017189
0.036597
0.0674866
0.118563
0.173143
0.220604
0.262033
0.29509
0.313823
0.331235
0.354197
0.379429
0.400079
0.405454
0.40581
0.402809
0.396592
0.386259
0.370672
0.348542
0.323086
0.300185
0.281701
0.266097
0.253196
0.242211
0.233201
0.225257
0.218052
0.210504
0.202702
0.194051
0.185152
0.175483
0.165187
0.154423
0.143121
0.13152
0.119569
0.107392
0.0947936
0.0826016
0.0710285
0.0603049
0.0506343
0.0420948
0.0347428
0.0286039
0.0234463
0.0192653
0.0157853
0.0129434
0.0105453
0.00857911
0.00692251
0.00551669
0.00429184
0.00325391
0.0023848
0.00169069
0.00115226
0.000756719
0.000476507
0.000288255
0.000167083
9.28737e-05
4.94399e-05
2.51993e-05
1.22506e-05
5.64176e-06
2.4057e-06
8.97103e-07
2.41616e-07
-8.86205e-10
-5.51374e-08
-4.4392e-08
-2.43733e-08
-1.07152e-08
-4.35194e-09
-1.66725e-09
-9.7537e-10
-5.78878e-10
-3.32423e-10
-1.85232e-10
-1.01644e-10
-5.55621e-11
-3.0206e-11
-1.61109e-11
-8.68919e-12
-5.23689e-12
-3.24151e-12
-1.74102e-12
-7.45714e-13
-2.83795e-13
-3.68494e-14
-1.18228e-14
-5.70936e-15
-3.46425e-15
-2.19409e-15
-1.33113e-15
-7.67668e-16
-4.29872e-16
-2.43881e-16
-1.38492e-16
-5.87201e-17
1.6183e-17
2.24187e-17
-5.0343e-17
-1.74028e-16
-3.08797e-16
-5.13447e-16
-6.29148e-16
-6.86185e-16
-5.99868e-16
-4.94188e-16
-3.01913e-16
-1.08895e-16
9.52701e-17
2.88404e-16
4.16689e-16
4.12531e-16
3.39476e-16
2.57523e-16
1.715e-16
8.54789e-17
2.30093e-17
-7.67521e-18
-1.30456e-17
-7.50086e-18
-2.02706e-18
2.42442e-19
4.98753e-19
2.41802e-19
6.32554e-20
5.02486e-21
-3.50704e-21
-1.78e-21
-5.33055e-23
9.18879e-22
1.06102e-21
7.98005e-22
4.82718e-22
2.4428e-22
1.00829e-22
3.16022e-23
6.2413e-24
1.06013e-25
-3.76646e-25
-1.33592e-25
-2.78892e-26
-4.80149e-27
-1.04054e-27
-7.2958e-29
4.09642e-28
6.01395e-28
6.84473e-28
7.71843e-28
8.30343e-28
7.82945e-28
6.4619e-28
3.72112e-28
-1.17285e-18
-2.80167e-17
2.44454e-16
-2.40642e-14
-5.51752e-12
8.38643e-12
2.11424e-10
1.26009e-08
2.02703e-07
4.5687e-07
5.84558e-07
1.35273e-06
3.01903e-06
5.4853e-06
8.83157e-06
1.43095e-05
2.97545e-05
0.000203214
0.000719743
0.00130484
0.00181336
0.00226508
0.00285109
0.00378352
0.00525963
0.00741744
0.0102999
0.0138464
0.0178971
0.0222899
0.026896
0.0315872
0.0363005
0.0410203
0.0469513
0.0565089
0.0729583
0.10028
0.138197
0.179285
0.224376
0.267848
0.303657
0.321946
0.322102
0.318389
0.311396
0.30117
0.285253
0.259327
0.222799
0.184883
0.148047
0.115273
0.0895704
0.0727636
0.0614016
0.0533254
0.0460355
0.0400683
0.0342659
0.0292622
0.0247374
0.0210899
0.0180829
0.0157831
0.0138654
0.0123044
0.0108186
0.00947537
0.00809181
0.00680225
0.00551875
0.0043091
0.00320773
0.00222175
0.0014161
0.000795593
0.000358661
0.00014868
5.04956e-05
-1.27681e-06
-3.09539e-05
-4.81863e-05
-5.74158e-05
-6.12162e-05
-6.12605e-05
-5.89516e-05
-5.51907e-05
-5.05382e-05
-4.54675e-05
-4.01968e-05
-3.49433e-05
-2.97931e-05
-2.49057e-05
-2.0374e-05
-1.63078e-05
-1.27518e-05
-9.73406e-06
-7.23508e-06
-5.21914e-06
-3.63426e-06
-2.427e-06
-1.54079e-06
-9.20531e-07
-5.12124e-07
-2.63045e-07
-1.23958e-07
-5.36748e-08
-2.20256e-08
-9.11557e-09
-4.0701e-09
-2.25921e-09
-1.10824e-09
-6.38522e-10
-3.2417e-10
-1.5055e-10
-6.06128e-11
-1.9277e-11
-4.57167e-12
6.82528e-13
2.3255e-12
2.41965e-12
1.91609e-12
1.2904e-12
7.60649e-13
3.85728e-13
1.39633e-13
-5.72508e-14
-1.29202e-13
-1.03777e-13
-5.24228e-14
-1.86952e-14
-5.19421e-15
-1.52599e-15
-5.86014e-16
-2.63885e-16
-1.32898e-16
-5.67033e-17
-2.67989e-17
-1.39144e-17
-7.99681e-18
-5.05708e-18
-5.67735e-18
-7.05884e-18
-2.65806e-18
-7.35347e-19
-2.08528e-18
-2.2803e-18
1.45131e-17
1.69421e-17
3.1764e-17
3.77992e-17
4.79607e-17
6.6e-17
9.91087e-17
1.43531e-16
1.91712e-16
1.83728e-16
1.46466e-16
8.26438e-17
3.23567e-17
6.39134e-18
-1.49367e-18
-1.28967e-18
2.91975e-19
7.69941e-19
4.42362e-19
9.86928e-20
-2.3136e-20
-2.56418e-20
-9.38532e-21
-1.74048e-21
-2.30062e-23
8.26864e-23
1.67007e-23
-6.81962e-24
-4.35513e-24
6.09354e-24
6.909e-24
2.35046e-24
-7.86701e-25
-1.34483e-24
-7.91976e-25
-2.71043e-25
-4.94635e-26
-8.23977e-28
1.61177e-27
3.66396e-28
4.30248e-29
6.88757e-30
1.3728e-29
3.06713e-29
4.71908e-29
5.78794e-29
6.34635e-29
6.4369e-29
5.71997e-29
4.29462e-29
1.86192e-29
-1.03942e-17
2.73374e-17
3.79081e-17
-3.39618e-13
-1.33449e-11
-1.10027e-09
6.76337e-10
2.47686e-07
6.23781e-06
7.44891e-05
0.000808621
0.00360935
0.00911313
0.0163643
0.0217697
0.0246647
0.0262574
0.0278943
0.0322257
0.0405032
0.0524717
0.0680746
0.0893348
0.120041
0.162986
0.217227
0.276721
0.326875
0.354709
0.354689
0.348386
0.330397
0.302726
0.269564
0.237998
0.213987
0.20109
0.19929
0.198727
0.192479
0.179515
0.152383
0.114333
0.0771098
0.0510316
0.037296
0.029049
0.0231563
0.0182849
0.0141573
0.0105134
0.00726086
0.00449677
0.00265913
0.00157376
0.00094315
0.00056914
0.000344156
0.000208096
0.000126142
7.61399e-05
4.56624e-05
2.65429e-05
1.46461e-05
6.87397e-06
1.90336e-06
-1.5748e-06
-3.84506e-06
-5.62757e-06
-7.02311e-06
-8.59968e-06
-1.03567e-05
-1.25886e-05
-1.52937e-05
-1.81409e-05
-2.07394e-05
-2.30587e-05
-2.45896e-05
-2.54872e-05
-2.41793e-05
-2.16419e-05
-1.87007e-05
-1.59673e-05
-1.35187e-05
-1.14226e-05
-9.69339e-06
-8.20975e-06
-6.72101e-06
-5.45764e-06
-4.35835e-06
-3.40266e-06
-2.56174e-06
-1.85384e-06
-1.2763e-06
-8.34061e-07
-5.14646e-07
-3.00469e-07
-1.65611e-07
-8.64109e-08
-4.26254e-08
-1.99591e-08
-8.88925e-09
-3.79596e-09
-1.5639e-09
-6.27311e-10
-2.46925e-10
-9.59641e-11
-3.68544e-11
-1.40695e-11
-5.46819e-12
-2.27257e-12
-1.14717e-12
-9.44086e-13
-1.09183e-12
-7.10868e-13
-2.87098e-13
-9.82454e-15
1.25276e-13
1.68415e-13
1.72468e-13
1.61118e-13
1.33496e-13
1.01576e-13
7.15039e-14
4.45758e-14
2.42208e-14
1.13822e-14
4.94744e-15
1.14325e-15
-8.52541e-16
-8.9396e-16
-5.10536e-16
-2.26573e-16
-9.13822e-17
-3.71008e-17
-1.58815e-17
-1.12578e-17
-8.71492e-18
-6.36333e-18
-4.39178e-18
-2.84605e-18
-1.78196e-18
-1.30532e-18
-1.57636e-18
-2.08199e-18
-1.97077e-18
-1.27411e-18
-6.65294e-19
-2.99064e-19
1.89067e-19
5.41523e-19
1.37958e-18
1.8134e-18
2.67507e-18
3.92545e-18
7.11776e-18
1.22174e-17
1.90229e-17
1.42728e-17
7.65649e-18
2.43373e-18
4.92412e-19
9.6884e-20
5.46158e-20
4.7517e-21
-3.63437e-20
-3.41377e-20
-1.42134e-20
-2.19837e-21
6.64733e-22
4.6266e-22
1.17295e-22
1.17183e-23
-1.88085e-24
-1.14006e-24
-8.10221e-25
-1.46186e-24
-2.40583e-24
-2.54417e-24
-1.87543e-24
-1.05757e-24
-4.69143e-25
-1.5954e-25
-3.83968e-26
-5.18489e-27
1.06603e-28
1.81337e-28
3.07915e-29
2.26463e-30
-9.01477e-33
-2.6877e-31
-4.7665e-31
-6.16948e-31
-7.14134e-31
-8.77503e-31
-1.17302e-30
-1.52862e-30
-1.73582e-30
-1.68252e-30
-9.91949e-31
-2.06349e-17
1.28237e-16
-4.81895e-16
-4.46719e-12
-2.46382e-10
-8.58737e-09
2.61143e-08
4.16206e-06
7.94528e-05
0.000898453
0.012085
0.0702713
0.198026
0.309579
0.323458
0.300174
0.23006
0.117299
0.0350224
0.00593538
0.0051826
0.00545361
0.00632422
0.00804977
0.0105948
0.0136676
0.0168369
0.0196162
0.0216223
0.0228
0.0232774
0.0231694
0.0227835
0.0226447
0.0226103
0.0229038
0.0206055
0.0139424
0.00777252
0.00412203
0.00221287
0.00116935
0.000518925
0.000203821
8.30347e-05
4.10023e-05
2.52443e-05
1.77007e-05
1.29732e-05
9.4889e-06
6.72226e-06
4.46781e-06
2.6743e-06
1.48618e-06
7.94468e-07
4.11299e-07
1.94758e-07
5.78918e-08
-3.56637e-08
-1.53876e-07
-2.45974e-07
-3.92255e-07
-5.0524e-07
-6.82526e-07
-7.92466e-07
-9.33567e-07
-9.90228e-07
-1.07195e-06
-1.06387e-06
-1.06747e-06
-9.99653e-07
-9.55725e-07
-8.7524e-07
-7.97743e-07
-7.25682e-07
-6.41768e-07
-5.86435e-07
-5.10749e-07
-4.48669e-07
-3.74077e-07
-3.0894e-07
-2.47423e-07
-1.86517e-07
-1.30359e-07
-8.61838e-08
-5.13299e-08
-2.44615e-08
-8.34468e-09
-4.24909e-09
-2.62845e-09
-1.70151e-09
-1.08218e-09
-6.6151e-10
-3.86771e-10
-2.16449e-10
-1.16589e-10
-6.07781e-11
-3.06423e-11
-1.49002e-11
-6.95844e-12
-3.11641e-12
-1.34001e-12
-5.55773e-13
-2.23575e-13
-8.77976e-14
-3.39571e-14
-1.3019e-14
-4.98342e-15
-1.9524e-15
-9.18811e-16
-6.12156e-16
1.1365e-15
5.07949e-15
2.67062e-15
3.1212e-15
3.93497e-15
4.28919e-15
4.35268e-15
4.11135e-15
3.56104e-15
2.65349e-15
1.43258e-15
6.90055e-16
3.30953e-16
1.79742e-16
1.46746e-16
1.04899e-16
6.34867e-17
2.92839e-17
7.0014e-18
-1.38105e-18
-4.02014e-19
9.92365e-19
6.98699e-19
2.44532e-19
7.73766e-20
2.98828e-20
2.73767e-21
-1.16269e-20
-1.76126e-20
-1.62951e-20
-1.35635e-20
-8.20611e-21
1.13377e-21
-7.67154e-21
-1.82707e-20
-1.63503e-20
-2.6177e-20
-3.7333e-20
-8.85775e-20
-1.42095e-19
-2.49833e-19
-3.16722e-19
-4.37743e-19
-5.52615e-19
-8.15901e-19
-1.14918e-18
-1.50426e-18
-8.89348e-19
-3.92066e-19
-6.79364e-20
4.65745e-22
2.09298e-21
-7.34316e-23
1.20663e-22
4.22024e-22
2.58744e-22
6.63169e-23
1.2083e-24
-4.37047e-24
-1.39936e-24
-1.91103e-25
1.3763e-27
6.34167e-27
4.8517e-27
9.65004e-27
8.72885e-27
-5.85997e-28
-6.87423e-27
-4.86326e-27
-8.55557e-28
8.45838e-28
7.32333e-28
2.87103e-28
6.16639e-29
5.16603e-30
-5.74957e-31
-1.43472e-31
-1.14361e-33
2.30469e-33
3.46787e-34
-6.71055e-34
-2.76538e-33
-6.87362e-33
-1.26114e-32
-2.02213e-32
-3.05861e-32
-3.84199e-32
-3.57957e-32
-1.27734e-32
)
;

boundaryField
{
    inlet
    {
        type            uniformFixedValue;
        uniformValue    table;
        uniformValueCoeffs
        {
            values          
4
(
(0 1)
(0.15 1)
(0.151 0)
(1 0)
)
;
        }
        value           uniform 0;
    }
    outlet
    {
        type            inletOutlet;
        inletValue      uniform 0;
        value           nonuniform List<scalar> 
20
(
-6.04631e-38
-8.87997e-35
-5.01134e-34
1.55794e-30
1.17344e-28
-6.35934e-27
-3.4078e-26
1.15015e-24
7.02025e-24
1.51005e-23
2.17732e-23
1.89714e-23
4.6874e-24
2.39121e-26
-6.16457e-26
-3.55229e-27
3.72112e-28
1.86192e-29
-9.91949e-31
-1.27734e-32
)
;
    }
    walls
    {
        type            zeroGradient;
    }
    frontAndBack
    {
        type            empty;
    }
}


// ************************************************************************* //
