/*--------------------------------*- C++ -*----------------------------------*\
| =========                 |                                                 |
| \\      /  F ield         | OpenFOAM: The Open Source CFD Toolbox           |
|  \\    /   O peration     | Version:  2506                                  |
|   \\  /    A nd           | Website:  www.openfoam.com                      |
|    \\/     M anipulation  |                                                 |
\*---------------------------------------------------------------------------*/
FoamFile
{
    version     2.0;
    format      ascii;
    arch        "LSB;label=32;scalar=64";
    class       volScalarField;
    location    "1.5";
    object      s;
}
// * * * * * * * * * * * * * * * * * * * * * * * * * * * * * * * * * * * * * //

dimensions      [0 0 0 0 0 0 0];

internalField   nonuniform List<scalar> 
4000
(
-4.01375e-18
3.99174e-17
-3.30661e-14
-1.93994e-11
-9.41427e-10
-2.98844e-08
4.04097e-07
1.78836e-05
0.000284369
0.00418274
0.0316937
0.131554
0.262455
0.307313
0.292272
0.234249
0.1233
0.0356225
0.00473637
0.0032083
0.00256834
0.00184779
0.00126021
0.000851013
0.000584768
0.00041237
0.000296017
0.000208743
0.000140088
8.01786e-05
3.87282e-05
1.89129e-05
1.11092e-05
8.69453e-06
8.0054e-06
6.90437e-06
5.14497e-06
3.5152e-06
2.85387e-06
3.57749e-06
1.03329e-05
0.000122331
0.000486711
0.000733393
0.000736816
0.000603993
0.000436712
0.000235702
0.000105256
4.32953e-05
2.24635e-05
1.24148e-05
3.80534e-06
-1.24335e-06
-4.07479e-06
-4.86491e-06
-4.54612e-06
-3.70791e-06
-2.69796e-06
-1.77261e-06
-1.03442e-06
-5.35584e-07
-2.43521e-07
-9.63481e-08
-3.37028e-08
-1.11155e-08
-4.4521e-09
-2.62138e-09
-1.83603e-09
-1.19821e-09
-6.77578e-10
-3.33488e-10
-1.43567e-10
-5.4517e-11
-1.83786e-11
-5.52192e-12
-1.49009e-12
-3.63977e-13
-8.15801e-14
-1.73297e-14
-3.79688e-15
-9.23657e-16
-2.47452e-16
-6.57867e-17
-1.56448e-17
8.45658e-18
5.36216e-18
1.52205e-18
7.54461e-19
8.96903e-19
7.20598e-19
2.0709e-19
-1.32126e-20
3.80331e-21
3.24608e-21
-1.26538e-20
-8.02162e-20
-2.19492e-19
-3.12537e-19
-4.44332e-19
-6.51278e-19
-8.02952e-19
-2.41239e-18
-7.54353e-18
-1.90478e-17
-4.90075e-17
-9.79931e-17
-1.94e-16
-1.12025e-16
1.50238e-15
5.50572e-15
2.22081e-14
3.64908e-14
4.46067e-14
5.60066e-14
5.54977e-14
4.9601e-14
4.49182e-14
3.32464e-14
2.64349e-14
1.99791e-14
1.19228e-14
3.94434e-15
1.3245e-16
-6.04847e-16
-3.9893e-16
-1.78657e-16
-6.48236e-17
-2.36849e-17
-1.15912e-17
-6.96245e-18
-4.17881e-18
-4.73553e-18
-3.82172e-18
-3.09089e-18
-3.77353e-18
-2.34962e-18
-3.79284e-18
-3.08122e-18
-2.38434e-18
-1.59952e-18
-2.97884e-18
-1.76869e-18
-8.19219e-19
-1.67447e-19
-1.40528e-20
7.32375e-21
3.91159e-21
-1.17626e-21
-3.83199e-21
-3.28933e-21
-1.22519e-21
5.39572e-22
1.12936e-21
7.51888e-22
2.95065e-22
4.56821e-23
-8.4254e-24
-2.05858e-24
2.44481e-24
7.66635e-25
3.62392e-25
1.00514e-25
4.32766e-25
-4.7218e-23
-1.40889e-22
1.13314e-21
3.87109e-21
5.4728e-21
5.43268e-21
4.16805e-21
2.58009e-21
1.31841e-21
5.58423e-22
1.92873e-22
5.20697e-23
9.99987e-24
1.01565e-24
-6.06359e-26
-3.0516e-26
8.09774e-28
1.75388e-27
3.33769e-28
2.59953e-29
2.56418e-31
3.79028e-32
1.75615e-31
1.39921e-30
2.83794e-30
3.14805e-30
2.47076e-30
1.4638e-30
6.65591e-31
2.30606e-31
5.92151e-32
1.0967e-32
1.58409e-33
2.48576e-34
3.5185e-35
3.63023e-36
-1.66035e-17
3.01316e-16
-4.16178e-15
-1.56755e-12
-5.02326e-11
-1.03369e-08
1.1094e-08
1.02879e-06
1.82696e-05
0.000281928
0.00199667
0.0069136
0.0152158
0.0238625
0.0301584
0.033887
0.0359652
0.0393269
0.0464884
0.0591025
0.0789724
0.111512
0.163191
0.23079
0.295125
0.324622
0.31733
0.289046
0.218345
0.126405
0.0527548
0.0216949
0.0163626
0.0163028
0.0180149
0.019241
0.019235
0.0205584
0.0250699
0.0338332
0.0509673
0.0704831
0.0851046
0.0935197
0.0961626
0.0945452
0.0908271
0.0842635
0.076442
0.0674621
0.0572142
0.0474329
0.0371444
0.0281504
0.0196016
0.0129377
0.00838399
0.00533936
0.00335078
0.00203377
0.00119883
0.000677223
0.000365198
0.000187435
9.0703e-05
4.10982e-05
1.69978e-05
6.10392e-06
1.63037e-06
7.55308e-08
-2.85532e-07
-2.5265e-07
-1.47952e-07
-6.90673e-08
-2.70612e-08
-9.0735e-09
-2.63499e-09
-6.67494e-10
-1.48613e-10
-2.9894e-11
-5.93527e-12
-1.32376e-12
-3.55793e-13
-9.82373e-14
-2.58104e-14
-5.88402e-15
-1.18037e-15
-2.3109e-16
-5.50651e-17
-1.36021e-17
2.07306e-18
3.34254e-17
1.27623e-17
1.52578e-18
-2.92403e-18
-1.6081e-17
-2.91422e-17
-2.59962e-18
6.46909e-18
1.54524e-17
3.59058e-17
1.17176e-16
4.49602e-16
1.65532e-15
5.3894e-15
2.01495e-14
7.02393e-14
1.47017e-13
3.81463e-13
1.13267e-12
2.20596e-12
6.47724e-12
1.08069e-11
1.32351e-11
1.50085e-11
1.47828e-11
1.37094e-11
1.19705e-11
9.45966e-12
7.13206e-12
4.84541e-12
3.21649e-12
1.53045e-12
5.90121e-13
2.68028e-13
1.50479e-13
8.88338e-14
4.96042e-14
2.41428e-14
1.02786e-14
3.59347e-15
8.04364e-16
-1.60786e-16
-3.0715e-16
-2.48173e-16
-1.47943e-16
-4.74054e-17
1.48452e-17
4.60445e-17
5.03703e-17
4.17936e-17
3.20644e-17
2.11989e-17
1.11269e-17
4.34464e-18
8.95558e-19
-5.57859e-19
-7.65606e-19
-4.05832e-19
2.15127e-21
1.91196e-19
1.45743e-19
2.82589e-21
-9.54053e-20
-9.98514e-20
-5.81611e-20
-1.99846e-20
-3.74766e-21
-6.66126e-22
-6.10009e-22
-2.64497e-22
-8.25407e-23
-5.85593e-23
-4.19998e-23
6.04031e-22
1.12378e-20
4.44622e-20
6.49406e-20
5.46627e-20
3.05766e-20
1.13521e-20
3.15731e-21
1.95336e-21
2.33349e-21
2.05675e-21
1.26643e-21
5.65816e-22
1.82302e-22
3.85163e-23
2.82182e-24
-1.44178e-24
-7.06619e-25
-1.94096e-25
-4.50313e-26
-1.06001e-26
-2.64676e-27
-6.23272e-28
-2.39002e-29
1.96829e-28
2.57381e-28
2.26348e-28
1.5646e-28
8.78746e-29
4.00705e-29
1.45229e-29
3.99146e-30
7.47196e-31
6.00903e-32
-1.15327e-32
-6.6092e-33
-3.82857e-17
1.41121e-16
-4.25928e-16
-1.2384e-13
-4.36094e-12
-8.74426e-10
1.66373e-10
5.76838e-08
6.65422e-07
1.29463e-06
1.86502e-06
3.18101e-06
5.3507e-06
9.71714e-06
1.90411e-05
5.76268e-05
0.000630517
0.00204279
0.00406927
0.00675018
0.0104686
0.0161353
0.0251944
0.0390242
0.0573193
0.0780999
0.103427
0.131772
0.161907
0.187842
0.218137
0.254631
0.282798
0.280361
0.271367
0.259505
0.24493
0.228965
0.223276
0.231138
0.247441
0.258976
0.265433
0.271054
0.275885
0.279931
0.283278
0.286028
0.288179
0.289699
0.289991
0.288708
0.284121
0.275702
0.26051
0.239804
0.214037
0.183617
0.151982
0.117813
0.0844689
0.0568605
0.0375192
0.0243133
0.0152866
0.00933013
0.00540299
0.00296247
0.00153522
0.00075462
0.000351566
0.000154583
6.43685e-05
2.53973e-05
9.49804e-06
3.36416e-06
1.12471e-06
3.52322e-07
1.0181e-07
2.63934e-08
5.80923e-09
9.33207e-10
2.59156e-11
-5.53458e-11
-2.68541e-11
-8.37503e-12
-2.09297e-12
-4.89827e-13
-8.52869e-14
-3.30205e-14
-1.03701e-14
-2.95195e-15
-6.87653e-16
8.33742e-17
5.99013e-16
1.87728e-15
3.69154e-15
7.28224e-15
1.58598e-14
3.86523e-14
1.06747e-13
3.21914e-13
8.25478e-13
1.87753e-12
3.88169e-12
7.36823e-12
1.52144e-11
3.15418e-11
5.60522e-11
9.06728e-11
1.26257e-10
1.56356e-10
1.83261e-10
2.03476e-10
2.21091e-10
2.2415e-10
2.12611e-10
1.95841e-10
1.69904e-10
1.41587e-10
1.14739e-10
9.11298e-11
6.90989e-11
4.97133e-11
3.29847e-11
2.12641e-11
1.29564e-11
7.35525e-12
3.77221e-12
1.83259e-12
8.50983e-13
3.85264e-13
1.86082e-13
9.73473e-14
5.68559e-14
3.73788e-14
2.48183e-14
1.76099e-14
1.22203e-14
8.30458e-15
5.40895e-15
3.40781e-15
1.97672e-15
1.05571e-15
5.04016e-16
2.42102e-16
1.21732e-16
4.9479e-17
1.66169e-17
4.21615e-19
-5.59262e-18
-4.91506e-18
-1.26056e-18
1.8337e-18
2.753e-18
2.05032e-18
9.75574e-19
3.19613e-19
9.16466e-20
4.06625e-20
1.64044e-20
4.28574e-21
2.50872e-21
6.41047e-21
2.74551e-20
6.86543e-20
-1.00347e-19
-5.55202e-19
-9.80125e-19
-1.13828e-18
-1.01506e-18
-7.36023e-19
-4.46877e-19
-2.30161e-19
-1.00095e-19
-3.57765e-20
-9.81464e-21
-1.66349e-21
6.36981e-23
1.555e-22
5.61795e-23
1.15154e-23
1.47117e-24
1.65122e-25
6.94178e-26
3.8403e-26
1.30279e-26
-2.78776e-27
-1.04739e-26
-1.14824e-26
-8.81411e-27
-5.31338e-27
-2.58005e-27
-9.98578e-28
-2.96123e-28
-6.18097e-29
-7.31419e-30
2.25246e-32
2.32995e-31
1.37357e-31
-7.59443e-18
4.41986e-18
3.95773e-16
-1.25305e-14
-1.91728e-12
1.2827e-10
2.94407e-11
3.64162e-09
6.64022e-09
-1.04353e-07
-2.62975e-07
-2.65997e-07
-3.39211e-07
-6.17121e-07
-7.99368e-07
-6.38716e-07
-4.97073e-07
4.51135e-07
2.05628e-06
4.77022e-06
9.96927e-06
2.10987e-05
4.67265e-05
0.000107293
0.000249612
0.000793791
0.00311343
0.00841068
0.0183639
0.0334487
0.0552124
0.0883141
0.127099
0.170653
0.214988
0.254064
0.289518
0.301645
0.299016
0.289261
0.272738
0.256354
0.245634
0.239819
0.238816
0.242467
0.249993
0.261517
0.275293
0.29048
0.30774
0.325839
0.345321
0.365609
0.389616
0.412011
0.422694
0.420254
0.411418
0.393421
0.366414
0.31946
0.259534
0.198014
0.139003
0.0875401
0.050304
0.0292148
0.0169439
0.00959549
0.00517169
0.00265528
0.00132708
0.000650688
0.000312574
0.000146728
6.70983e-05
2.98529e-05
1.28564e-05
5.30516e-06
2.07239e-06
7.61843e-07
2.61069e-07
8.20908e-08
2.30446e-08
5.45996e-09
9.21131e-10
-4.92186e-12
-9.55798e-11
-4.66732e-11
-1.72568e-11
-5.79498e-12
-1.77206e-12
-5.07423e-13
-1.30706e-13
-7.39737e-15
6.37402e-14
1.68022e-13
3.83057e-13
8.19337e-13
1.39767e-12
2.04258e-12
3.76097e-12
5.98752e-12
6.05144e-12
6.04336e-12
2.19137e-11
1.03116e-10
2.13307e-10
3.79515e-10
5.88739e-10
4.13743e-10
-1.82627e-10
-9.7036e-10
-1.7087e-09
-2.05487e-09
-1.98301e-09
-1.64317e-09
-1.12473e-09
-6.27907e-10
-1.87421e-10
1.13609e-10
2.70225e-10
2.91796e-10
2.51584e-10
1.99132e-10
1.4822e-10
1.0735e-10
7.14597e-11
4.6816e-11
3.02144e-11
1.93596e-11
1.23438e-11
7.68399e-12
4.80579e-12
3.02273e-12
1.84888e-12
1.15927e-12
7.34259e-13
4.72424e-13
2.98267e-13
1.73593e-13
8.68383e-14
3.89715e-14
1.55102e-14
5.62991e-15
1.82557e-15
5.20425e-16
1.43129e-16
8.26973e-17
7.83766e-17
5.25035e-17
1.09157e-17
-2.2911e-17
-3.68061e-17
-3.17671e-17
-1.85222e-17
-7.92554e-18
-2.86165e-18
-1.15832e-18
-4.6346e-19
-1.31865e-19
-6.05534e-21
2.54938e-20
-5.04668e-20
-8.55719e-19
-3.11101e-18
-5.30903e-18
-5.92912e-18
-5.03258e-18
-3.57976e-18
-2.24324e-18
-1.32938e-18
-7.86725e-19
-4.59769e-19
-2.50154e-19
-1.1908e-19
-4.69552e-20
-1.42553e-20
-2.71607e-21
1.04792e-22
3.51472e-22
1.86376e-22
7.32454e-23
2.57979e-23
8.72378e-24
2.81132e-24
7.62073e-25
5.88579e-26
-1.51462e-25
-1.753e-25
-1.34964e-25
-8.36892e-26
-4.31764e-26
-1.83666e-26
-6.17751e-27
-1.45724e-27
-1.28356e-28
6.67321e-29
5.13768e-29
1.0242e-17
-7.47164e-17
2.31248e-16
-1.18289e-15
-2.07331e-12
1.97514e-11
4.61873e-11
8.33752e-10
-5.34686e-09
-9.59151e-09
-1.63249e-08
-3.72819e-08
-9.15541e-08
-1.89022e-07
-2.99378e-07
-3.6781e-07
-3.16197e-07
-1.74756e-07
-4.64243e-08
7.67819e-08
2.56284e-07
6.60631e-07
1.34804e-06
2.64105e-06
5.07948e-06
9.30146e-06
1.82331e-05
4.02282e-05
9.18993e-05
0.000221894
0.000700752
0.0036568
0.0107243
0.0250114
0.0461621
0.0641506
0.0721535
0.0749396
0.0746385
0.0711816
0.0634499
0.0554988
0.0499265
0.0470135
0.0467232
0.04871
0.0525628
0.0588604
0.0673992
0.0788638
0.09447
0.11393
0.138472
0.167826
0.203806
0.246894
0.296376
0.350549
0.391826
0.415506
0.43896
0.449398
0.44353
0.425003
0.39329
0.338579
0.265241
0.191348
0.124968
0.0718049
0.0393451
0.0223625
0.0129405
0.00739557
0.00412865
0.00228948
0.00127392
0.000706242
0.0003842
0.000202108
0.000101975
4.91465e-05
2.24042e-05
9.53274e-06
3.73721e-06
1.33392e-06
4.27065e-07
1.18356e-07
2.54843e-08
2.23107e-09
-1.69159e-09
-1.26282e-09
-5.41621e-10
-1.97676e-10
-5.69281e-11
-2.15963e-11
-8.79882e-12
-6.09235e-12
-7.96128e-12
-2.12555e-11
-9.73333e-11
-2.93005e-10
-5.65938e-10
-1.00343e-09
-1.73336e-09
-2.85641e-09
-4.57669e-09
-7.45223e-09
-1.27241e-08
-1.95801e-08
-2.79199e-08
-5.09262e-08
-9.78593e-08
-1.39852e-07
-1.65717e-07
-1.66976e-07
-1.50672e-07
-1.25173e-07
-9.468e-08
-6.58203e-08
-4.06818e-08
-2.27165e-08
-1.12399e-08
-5.48472e-09
-2.4932e-09
-9.60313e-10
-2.2293e-10
7.81481e-11
1.66781e-10
1.6657e-10
1.35751e-10
1.00437e-10
7.02284e-11
4.67402e-11
3.05495e-11
1.95904e-11
1.23239e-11
7.79092e-12
4.84229e-12
2.89183e-12
1.5895e-12
7.9561e-13
3.7042e-13
1.65127e-13
6.88727e-14
2.56171e-14
7.20617e-15
4.82312e-16
-1.29196e-15
-1.30824e-15
-8.68178e-16
-4.30126e-16
-1.18524e-16
8.05187e-17
1.88887e-16
2.54596e-16
1.90077e-16
9.64076e-17
3.9602e-17
1.61853e-17
6.75639e-18
2.38869e-18
5.23518e-19
-9.6342e-21
-1.4123e-18
-4.5034e-18
-5.20538e-18
1.36695e-18
1.15452e-17
2.0033e-17
2.26506e-17
1.99525e-17
1.42545e-17
8.40562e-18
4.09643e-18
1.60181e-18
4.49675e-19
4.46066e-20
-4.18658e-20
-3.32652e-20
-1.42813e-20
-4.03555e-21
-5.7359e-22
1.53768e-22
1.62142e-22
8.37629e-23
3.7413e-23
1.87013e-23
1.11085e-23
6.92532e-24
4.08245e-24
2.16392e-24
9.97313e-25
3.81774e-25
1.09952e-25
1.62413e-26
-4.332e-27
-3.97201e-27
-1.53247e-27
-3.65071e-28
4.4439e-18
-2.23576e-17
4.38835e-17
-6.37768e-17
-2.09573e-13
-6.58891e-13
4.79799e-12
5.75416e-11
-3.59396e-10
-2.07602e-10
1.46448e-10
7.95071e-10
1.27702e-09
8.25524e-10
-2.30324e-09
-7.60147e-09
-7.59565e-09
-7.06545e-09
-6.00379e-09
-4.28245e-09
6.72154e-10
1.17368e-08
3.57522e-08
8.3676e-08
1.81843e-07
4.06894e-07
9.75666e-07
2.35623e-06
5.26391e-06
1.15277e-05
2.35375e-05
5.0909e-05
0.00011194
0.000262091
0.000659701
0.00153288
0.00282879
0.00417063
0.0051823
0.00565838
0.0055286
0.00522538
0.00501313
0.00498207
0.00520297
0.00569439
0.00646576
0.0076405
0.00925974
0.0114826
0.014533
0.0186029
0.0242307
0.0317663
0.0422364
0.056759
0.0781836
0.111817
0.161437
0.221106
0.283779
0.344772
0.398759
0.431761
0.458294
0.462977
0.449182
0.420317
0.369752
0.296933
0.219747
0.149927
0.0935535
0.0539144
0.0324394
0.0204891
0.0131924
0.00847543
0.00538204
0.00338753
0.00211594
0.00129819
0.000765858
0.000426624
0.000222799
0.000108878
4.96254e-05
2.09613e-05
8.1297e-06
2.86817e-06
9.05785e-07
2.45476e-07
4.92972e-08
1.29661e-09
-5.57558e-09
-3.97582e-09
-2.68109e-09
-2.41359e-09
-3.3495e-09
-7.8278e-09
-1.7239e-08
-2.91324e-08
-4.0526e-08
-5.52701e-08
-7.66362e-08
-1.17096e-07
-2.02701e-07
-3.65363e-07
-5.98121e-07
-8.55304e-07
-1.1323e-06
-1.42579e-06
-1.59171e-06
-1.60432e-06
-1.4962e-06
-1.31594e-06
-1.12166e-06
-9.43329e-07
-7.83161e-07
-6.39515e-07
-5.06233e-07
-3.77649e-07
-2.55518e-07
-1.55133e-07
-8.90291e-08
-4.85879e-08
-2.55021e-08
-1.33271e-08
-6.97232e-09
-3.63965e-09
-1.8816e-09
-9.58711e-10
-4.79368e-10
-2.30892e-10
-1.05005e-10
-4.3673e-11
-1.47702e-11
-2.75923e-12
3.70933e-13
-6.0665e-13
-2.68298e-12
-3.61007e-12
-3.24492e-12
-2.25468e-12
-1.30991e-12
-7.38717e-13
-4.01297e-13
-2.12106e-13
-1.11001e-13
-5.68217e-14
-3.15557e-14
-1.76928e-14
-1.09987e-14
-6.96221e-15
-4.35913e-15
-2.76117e-15
-1.4344e-15
-5.9326e-16
-2.17344e-16
-8.57769e-17
-4.0704e-17
-1.82242e-17
-5.62754e-18
-1.45117e-18
1.18927e-18
1.22639e-17
4.69323e-17
9.98582e-17
1.40245e-16
1.56009e-16
1.47723e-16
1.19424e-16
8.34198e-17
5.14678e-17
2.8587e-17
1.43592e-17
6.44765e-18
2.50589e-18
7.80701e-19
1.47777e-19
-2.48071e-20
-4.2927e-20
-2.73969e-20
-1.32948e-20
-5.54272e-21
-2.08209e-21
-7.2459e-22
-2.2619e-22
-4.53249e-23
1.62038e-23
3.03862e-23
2.66272e-23
1.8109e-23
1.03827e-23
5.09818e-24
2.1095e-24
6.91958e-25
1.43625e-25
-1.16148e-26
-3.71659e-26
1.58636e-18
-1.03484e-17
4.64096e-17
-2.52164e-16
6.3961e-15
-7.21838e-14
3.64102e-13
-4.00108e-12
-2.77905e-12
7.24865e-12
3.21819e-11
7.69163e-11
1.20901e-10
1.66055e-10
1.82678e-10
2.16627e-10
3.36702e-10
4.32313e-10
4.21028e-10
3.52258e-10
-3.5664e-11
-2.44256e-10
2.75126e-10
2.09418e-09
6.26128e-09
1.68118e-08
4.63115e-08
1.24991e-07
3.12125e-07
7.48918e-07
1.72536e-06
4.0032e-06
8.97834e-06
1.93098e-05
3.7747e-05
7.72993e-05
0.000146412
0.000230351
0.000309797
0.000371718
0.000405123
0.00043151
0.000468061
0.000526623
0.000621758
0.000766141
0.000973946
0.00127931
0.00171257
0.00232856
0.00320536
0.00442869
0.00616025
0.00855149
0.011906
0.0166049
0.0231144
0.0326964
0.0475873
0.0710088
0.105423
0.155602
0.218968
0.285431
0.350011
0.40653
0.442773
0.469961
0.478107
0.467046
0.440926
0.395713
0.330722
0.258971
0.192073
0.136608
0.0937052
0.0626182
0.0432538
0.0308571
0.0222743
0.0159225
0.0110873
0.00747008
0.0048665
0.00305544
0.00182865
0.00103048
0.000541987
0.000266441
0.00012317
5.37192e-05
2.20986e-05
8.56555e-06
3.10348e-06
1.03434e-06
3.00709e-07
5.85192e-08
-2.99027e-08
-1.12876e-07
-2.16499e-07
-4.4418e-07
-8.2231e-07
-1.25843e-06
-1.7511e-06
-2.3645e-06
-3.06647e-06
-3.78264e-06
-4.42786e-06
-4.90598e-06
-5.18626e-06
-4.93369e-06
-4.43192e-06
-3.72401e-06
-3.0837e-06
-2.53965e-06
-2.07638e-06
-1.71901e-06
-1.47532e-06
-1.31153e-06
-1.19697e-06
-1.08912e-06
-9.78154e-07
-8.2936e-07
-6.49987e-07
-4.72383e-07
-3.28223e-07
-2.18778e-07
-1.43827e-07
-9.34051e-08
-5.97991e-08
-3.78905e-08
-2.38821e-08
-1.48966e-08
-9.24691e-09
-5.72692e-09
-3.51049e-09
-2.1348e-09
-1.26819e-09
-7.12887e-10
-3.69326e-10
-1.75284e-10
-7.29344e-11
-2.55614e-11
-6.58638e-12
-5.47252e-13
6.59788e-13
8.03941e-13
6.73433e-13
4.94739e-13
3.3168e-13
2.01374e-13
1.13118e-13
5.81467e-14
2.74412e-14
1.17221e-14
4.4524e-15
1.48383e-15
4.7274e-16
1.60594e-16
9.74916e-17
5.99292e-17
1.82554e-17
-1.37324e-18
4.1697e-17
1.06809e-16
1.7018e-16
2.56387e-16
2.75754e-16
2.42309e-16
1.91378e-16
1.29237e-16
7.776e-17
4.24788e-17
2.48254e-17
1.62459e-17
1.09475e-17
6.90202e-18
3.85732e-18
1.85046e-18
7.29279e-19
2.08593e-19
1.42478e-20
-3.53637e-20
-3.46368e-20
-2.30005e-20
-1.30472e-20
-6.79845e-21
-3.34474e-21
-1.5586e-21
-6.77947e-22
-2.66218e-22
-8.76227e-23
-1.87181e-23
2.73491e-24
6.27005e-24
4.62454e-24
2.49029e-24
1.10128e-24
3.0752e-25
1.73305e-18
-1.57197e-17
1.00584e-16
-4.32398e-16
1.08011e-15
4.28717e-15
-9.09427e-14
-2.70716e-13
-2.46332e-13
7.0073e-13
3.48511e-12
4.49813e-12
7.29546e-12
1.35827e-11
1.82901e-11
2.3081e-11
2.95314e-11
3.44895e-11
3.63079e-11
3.34343e-11
2.37456e-11
1.36146e-11
-2.34732e-11
-2.48937e-11
1.24617e-10
6.18449e-10
2.17586e-09
6.73708e-09
1.89294e-08
5.04117e-08
1.30661e-07
3.38777e-07
8.49342e-07
2.0651e-06
4.15834e-06
7.41349e-06
1.29795e-05
2.10993e-05
3.0658e-05
4.06682e-05
4.97366e-05
6.0009e-05
7.44042e-05
9.68824e-05
0.000132309
0.000186251
0.000268784
0.000397048
0.000591419
0.000882162
0.00131257
0.00193204
0.0028083
0.00403338
0.00574377
0.00811674
0.0113538
0.0158348
0.0220129
0.0301537
0.0413369
0.0589383
0.0857471
0.125968
0.179676
0.243638
0.309568
0.37152
0.424608
0.459055
0.481012
0.497926
0.491805
0.472617
0.440499
0.390936
0.334575
0.277118
0.224389
0.17942
0.14239
0.112164
0.0871983
0.0661365
0.0492697
0.0357307
0.0249305
0.0166866
0.0107205
0.00664619
0.00397063
0.00226287
0.0012243
0.000633069
0.000314761
0.000152363
7.20151e-05
3.33182e-05
1.45385e-05
5.1469e-06
4.03167e-07
-2.26841e-06
-3.89645e-06
-5.26777e-06
-6.8525e-06
-8.51865e-06
-1.03179e-05
-1.15074e-05
-1.22254e-05
-1.24985e-05
-1.12841e-05
-8.54673e-06
-5.02685e-06
-1.4691e-06
1.41712e-06
4.10299e-06
7.12658e-06
8.14851e-06
7.1596e-06
5.09036e-06
2.83453e-06
9.49867e-07
-3.32919e-07
-1.03634e-06
-1.34275e-06
-1.33772e-06
-1.15808e-06
-9.09467e-07
-6.68579e-07
-4.68265e-07
-3.15644e-07
-2.0636e-07
-1.31711e-07
-8.20399e-08
-4.99992e-08
-2.98044e-08
-1.72363e-08
-9.60253e-09
-5.06851e-09
-2.45237e-09
-1.01225e-09
-2.74404e-10
5.63443e-11
1.70459e-10
1.70985e-10
1.38509e-10
9.8034e-11
6.23662e-11
3.6238e-11
1.94026e-11
9.71444e-12
4.51702e-12
1.95534e-12
7.62181e-13
2.46322e-13
4.7053e-14
-1.20936e-14
-1.89328e-14
-1.37355e-14
-8.35667e-15
-4.63976e-15
-2.27474e-15
-1.0566e-15
-5.18115e-16
-3.39289e-16
-2.12211e-16
-1.42319e-16
-1.91643e-16
-2.93499e-16
-5.22378e-16
-7.32769e-16
-7.77781e-16
-6.67573e-16
-4.66723e-16
-2.77808e-16
-1.411e-16
-5.91537e-17
-1.79617e-17
-1.19596e-18
3.50859e-18
3.49877e-18
2.30669e-18
1.23446e-18
5.60085e-19
2.10406e-19
5.61289e-20
-2.64451e-23
-1.43251e-20
-1.39429e-20
-9.98826e-21
-6.22989e-21
-3.55183e-21
-1.88076e-21
-9.25955e-22
-4.19761e-22
-1.71139e-22
-5.94507e-23
-1.48628e-23
-7.64834e-27
3.91832e-24
7.49032e-20
-6.74651e-19
2.7681e-18
4.08764e-18
-1.03401e-16
1.07548e-15
-6.67507e-15
-6.289e-15
8.22976e-16
3.86887e-14
8.2626e-14
9.34037e-14
1.1237e-13
1.6993e-13
2.56239e-13
3.51393e-13
5.44726e-13
7.59005e-13
1.11375e-12
1.36008e-12
7.16266e-13
-2.44125e-13
-2.00101e-12
-7.16724e-12
-1.02922e-11
9.91898e-12
1.04855e-10
4.19834e-10
1.33636e-09
3.92185e-09
1.11466e-08
3.15669e-08
8.67088e-08
2.34949e-07
5.05563e-07
8.90817e-07
1.58696e-06
2.77952e-06
4.49926e-06
6.80133e-06
9.64938e-06
1.36314e-05
2.02722e-05
3.20633e-05
5.17509e-05
8.08411e-05
0.000128888
0.000211993
0.000344647
0.00054992
0.000860194
0.00131803
0.00198394
0.00293147
0.00426123
0.00610035
0.00856864
0.0118015
0.0160026
0.0214048
0.0282943
0.036873
0.0477837
0.0637831
0.0871925
0.119544
0.165923
0.220316
0.281347
0.341658
0.396258
0.443311
0.479729
0.495141
0.514846
0.523187
0.51692
0.501346
0.476032
0.439438
0.39789
0.355851
0.31504
0.275082
0.236535
0.199584
0.16424
0.131039
0.100607
0.0726555
0.0479697
0.0302231
0.018659
0.0114201
0.00691525
0.00414611
0.00242705
0.00138575
0.000770541
0.000420845
0.000225583
0.000116179
5.40819e-05
1.85803e-05
-4.47683e-07
-8.03456e-06
-6.87246e-06
1.28274e-06
1.46673e-05
3.07312e-05
8.99293e-05
0.000165723
0.000227954
0.000260809
0.00026323
0.00023858
0.000193264
0.000142587
9.65989e-05
6.01519e-05
3.40675e-05
1.6941e-05
6.65987e-06
1.10497e-06
-1.39578e-06
-2.21889e-06
-2.2397e-06
-1.9064e-06
-1.47472e-06
-1.07058e-06
-7.41133e-07
-4.9386e-07
-3.18706e-07
-1.99342e-07
-1.20892e-07
-7.08748e-08
-3.97941e-08
-2.10833e-08
-1.02138e-08
-4.17792e-09
-1.04973e-09
3.97233e-10
9.25982e-10
9.89734e-10
8.49928e-10
6.50677e-10
4.57282e-10
2.99337e-10
1.83129e-10
1.04239e-10
5.50981e-11
2.65729e-11
1.14412e-11
3.99337e-12
1.01089e-12
5.45552e-14
-1.73858e-13
-1.75774e-13
-1.21811e-13
-7.29545e-14
-4.15414e-14
-2.34812e-14
-1.33989e-14
-8.21253e-15
-5.41331e-15
-3.91272e-15
-4.32857e-15
-5.6819e-15
-6.83799e-15
-7.06742e-15
-6.24104e-15
-4.83003e-15
-3.34703e-15
-2.10321e-15
-1.20403e-15
-6.25445e-16
-2.89827e-16
-1.14406e-16
-3.30931e-17
-1.21344e-18
7.80245e-18
7.94778e-18
5.66221e-18
3.39915e-18
1.80936e-18
8.65357e-19
3.67951e-19
1.32064e-19
3.22098e-20
-3.57683e-21
-1.22894e-20
-1.12933e-20
-7.92607e-21
-4.82998e-21
-2.65642e-21
-1.33388e-21
-6.09545e-22
-2.48708e-22
-8.63104e-23
-1.01472e-23
-1.78917e-20
1.85917e-19
-1.13629e-18
4.98723e-18
-1.01501e-17
-9.03141e-18
2.89598e-18
-3.76895e-17
4.34044e-16
5.48179e-16
1.01745e-15
1.58118e-15
2.17492e-15
2.28237e-15
1.49589e-15
-2.59443e-15
-1.05561e-14
-2.4308e-14
-5.08855e-14
-8.05779e-14
-8.92197e-14
1.84794e-14
3.1901e-14
8.26292e-13
2.32036e-12
3.8701e-12
1.16721e-11
4.63371e-11
1.51107e-10
4.57873e-10
1.34138e-09
3.92383e-09
1.12708e-08
3.2231e-08
7.48712e-08
1.45391e-07
2.88826e-07
5.7384e-07
1.08359e-06
1.96106e-06
3.34845e-06
5.44991e-06
9.50165e-06
1.79361e-05
3.33343e-05
6.03262e-05
0.000105082
0.000176988
0.000289317
0.000461756
0.000722592
0.00110971
0.00167675
0.00249036
0.00364009
0.00523696
0.00740288
0.0102679
0.0139743
0.0186842
0.0245549
0.0316033
0.0398107
0.0498024
0.0622081
0.0774111
0.0990579
0.128636
0.166852
0.213287
0.264297
0.317611
0.371828
0.418553
0.45998
0.494375
0.516798
0.531096
0.548457
0.560908
0.559345
0.551269
0.536702
0.514902
0.485082
0.449585
0.409873
0.367131
0.322194
0.275825
0.228769
0.18309
0.140768
0.103993
0.0727021
0.0465554
0.0283383
0.0178987
0.0117744
0.00799308
0.00542752
0.00369235
0.00256751
0.0019344
0.00168057
0.00167604
0.00182661
0.00203747
0.00223452
0.00237259
0.00236753
0.00220131
0.00191436
0.00156299
0.0012045
0.00087732
0.000604826
0.000394797
0.000243266
0.000140563
7.50816e-05
3.59076e-05
1.41373e-05
3.13469e-06
-1.68136e-06
-3.29369e-06
-3.40051e-06
-2.90101e-06
-2.23831e-06
-1.61643e-06
-1.11026e-06
-7.31392e-07
-4.64e-07
-2.83506e-07
-1.66302e-07
-9.29328e-08
-4.86422e-08
-2.30199e-08
-8.96419e-09
-1.81671e-09
1.40671e-09
2.51785e-09
2.6031e-09
2.25333e-09
1.77172e-09
1.306e-09
9.13522e-10
6.10721e-10
3.91191e-10
2.39546e-10
1.40032e-10
7.74225e-11
4.01935e-11
1.90947e-11
8.04121e-12
2.77601e-12
5.72038e-13
-1.71879e-13
-3.11182e-13
-2.51398e-13
-1.72163e-13
-1.08909e-13
-7.01182e-14
-4.68008e-14
-3.6015e-14
-3.3439e-14
-3.43385e-14
-3.35796e-14
-2.95845e-14
-2.35066e-14
-1.70329e-14
-1.13735e-14
-7.05287e-15
-4.07692e-15
-2.19343e-15
-1.08796e-15
-4.85402e-16
-1.82703e-16
-4.56878e-17
6.99596e-18
2.10007e-17
1.98045e-17
1.43569e-17
9.04765e-18
5.15792e-18
2.69636e-18
1.29033e-18
5.54524e-19
2.02076e-19
5.05548e-20
-4.54689e-21
-1.81902e-20
-1.67923e-20
-1.1716e-20
-7.07247e-21
-3.85234e-21
-1.92072e-21
-8.76346e-22
-3.62202e-22
-9.2302e-23
-3.07555e-21
3.38394e-20
-1.68594e-19
2.46098e-19
1.22244e-18
-7.55524e-18
-2.46923e-17
1.23713e-18
1.18287e-17
3.4243e-17
-8.83438e-18
-7.41795e-17
-6.8268e-17
-5.32474e-17
-3.72405e-16
-9.27637e-16
-1.72752e-15
-3.64418e-15
-5.90619e-15
-5.95733e-15
3.55731e-15
4.12837e-14
1.68446e-13
5.12912e-13
1.4763e-12
3.91253e-12
9.50103e-12
2.34002e-11
6.05964e-11
1.59722e-10
4.26808e-10
1.1399e-09
3.03837e-09
8.1002e-09
1.98075e-08
4.42086e-08
9.83263e-08
2.21241e-07
4.90382e-07
1.06161e-06
2.21578e-06
4.49661e-06
8.76013e-06
1.628e-05
2.90797e-05
5.02641e-05
8.43689e-05
0.000138977
0.000225754
0.000363224
0.000578045
0.00090643
0.0013994
0.00212186
0.00315988
0.00462269
0.00663324
0.00931772
0.0128204
0.0173056
0.0229261
0.0298233
0.0380477
0.0475949
0.0584494
0.0705854
0.0845549
0.101557
0.12273
0.149466
0.181908
0.219889
0.262523
0.307937
0.353296
0.398185
0.439191
0.475008
0.507686
0.533943
0.553149
0.567267
0.580692
0.590875
0.590226
0.584093
0.571838
0.552793
0.525556
0.488017
0.443595
0.394936
0.34359
0.292063
0.241658
0.194803
0.152717
0.117285
0.0883979
0.0662216
0.0496
0.0378236
0.0297389
0.0243187
0.020629
0.0178829
0.0156373
0.0136053
0.0116476
0.00973373
0.00788032
0.00615369
0.00462083
0.00332899
0.00229923
0.00151989
0.000959755
0.000577306
0.000328877
0.00017542
8.56392e-05
3.63866e-05
1.1495e-05
2.98714e-07
-3.85855e-06
-4.7148e-06
-4.1985e-06
-3.40546e-06
-2.48813e-06
-1.71715e-06
-1.12948e-06
-7.10743e-07
-4.27596e-07
-2.44977e-07
-1.32084e-07
-6.55751e-08
-2.84724e-08
-9.16052e-09
2.49428e-11
3.57773e-09
4.46367e-09
3.98395e-09
3.37338e-09
2.63005e-09
1.94773e-09
1.38919e-09
9.6182e-10
6.49246e-10
4.28005e-10
2.75388e-10
1.7235e-10
1.04328e-10
6.064e-11
3.34408e-11
1.72348e-11
8.07703e-12
3.26853e-12
9.82011e-13
5.36647e-14
-2.34535e-13
-2.73445e-13
-2.35709e-13
-1.87113e-13
-1.51268e-13
-1.31147e-13
-1.1644e-13
-1.00139e-13
-7.96927e-14
-5.81132e-14
-3.90917e-14
-2.44496e-14
-1.42997e-14
-7.84393e-15
-4.02444e-15
-1.90696e-15
-8.06948e-16
-2.76674e-16
-4.59802e-17
3.77786e-17
5.58787e-17
4.88104e-17
3.52596e-17
2.27428e-17
1.34663e-17
7.39323e-18
3.76252e-18
1.75531e-18
7.28367e-19
2.47967e-19
4.8705e-20
-1.87325e-20
-3.15916e-20
-2.61298e-20
-1.73102e-20
-1.01007e-20
-5.36505e-21
-2.62392e-21
-1.18009e-21
-4.8232e-22
-1.26971e-22
1.76205e-20
-6.42751e-20
-3.5344e-19
3.79667e-18
-4.89989e-17
1.61683e-16
-1.64314e-15
-7.38419e-16
-1.61456e-15
2.52778e-15
3.08344e-15
1.42251e-15
1.07482e-15
3.69651e-15
1.19393e-14
1.8709e-14
1.94299e-14
1.19471e-14
-1.2729e-14
-5.27229e-14
-8.72222e-14
-9.63982e-14
-6.29716e-14
1.38855e-13
1.02732e-12
3.3814e-12
7.70479e-12
1.70777e-11
4.61455e-11
1.21773e-10
3.19574e-10
8.18011e-10
2.13694e-09
5.33739e-09
1.34155e-08
3.26651e-08
7.92994e-08
1.96034e-07
4.39789e-07
9.2574e-07
1.87453e-06
3.7803e-06
7.50119e-06
1.41345e-05
2.5672e-05
4.53698e-05
7.87257e-05
0.000135088
0.00023011
0.000386636
0.000637096
0.00102595
0.00160928
0.00245797
0.00365326
0.00529419
0.00749453
0.0103485
0.0140153
0.0186225
0.0243703
0.0314085
0.0398862
0.0498721
0.0613459
0.0742342
0.0883795
0.103856
0.120926
0.140126
0.162125
0.187397
0.216226
0.248694
0.284077
0.321558
0.360064
0.398243
0.434953
0.469248
0.500282
0.527826
0.551899
0.57072
0.584309
0.594107
0.597824
0.595864
0.589646
0.57656
0.555709
0.527269
0.491295
0.44771
0.399198
0.349651
0.300604
0.254152
0.211321
0.173632
0.141241
0.114397
0.0924677
0.0747518
0.060442
0.0487206
0.0389882
0.0307855
0.0238332
0.0179908
0.0131751
0.00932604
0.00636345
0.00417623
0.00263058
0.00158559
0.000910661
0.000495163
0.000251545
0.000115974
4.56149e-05
1.23796e-05
-1.47228e-06
-5.76984e-06
-6.15517e-06
-4.95905e-06
-3.89423e-06
-2.77064e-06
-1.85401e-06
-1.17702e-06
-7.10038e-07
-4.05638e-07
-2.1728e-07
-1.07029e-07
-4.61094e-08
-1.52956e-08
-1.64657e-09
3.15378e-09
4.33805e-09
4.39634e-09
3.68728e-09
3.00449e-09
2.22907e-09
1.5856e-09
1.09938e-09
7.50925e-10
5.10033e-10
3.4556e-10
2.33468e-10
1.57422e-10
1.05025e-10
6.91201e-11
4.42734e-11
2.7344e-11
1.60116e-11
8.70687e-12
4.23668e-12
1.69272e-12
3.89776e-13
-1.84676e-13
-3.85694e-13
-4.1824e-13
-3.86071e-13
-3.34232e-13
-2.75253e-13
-2.15566e-13
-1.5517e-13
-1.02733e-13
-6.26763e-14
-3.54159e-14
-1.85468e-14
-8.96256e-15
-3.9194e-15
-1.48272e-15
-3.95228e-16
2.89149e-17
1.53467e-16
1.58175e-16
1.24815e-16
8.67048e-17
5.53981e-17
3.31175e-17
1.86278e-17
9.83893e-18
4.83522e-18
2.16694e-18
8.47314e-19
2.5449e-19
2.32412e-20
-4.52348e-20
-5.04907e-20
-3.73797e-20
-2.3199e-20
-1.28487e-20
-6.49789e-21
-3.01901e-21
-1.27992e-21
-4.82764e-22
-1.50135e-22
-1.52376e-23
3.12657e-19
-2.55465e-18
8.86931e-18
-1.23715e-17
-3.6807e-16
1.19531e-15
2.96232e-14
-2.15921e-13
-1.67383e-13
3.29049e-14
4.07184e-13
4.00834e-13
5.3363e-13
8.62991e-13
1.42972e-12
1.72252e-12
1.79064e-12
1.69272e-12
1.41408e-12
8.83657e-13
-4.59944e-14
-1.13822e-12
-1.48815e-12
4.71207e-13
6.87138e-12
1.8171e-11
3.01714e-11
3.926e-11
9.62188e-11
3.04767e-10
7.70092e-10
1.79359e-09
3.98029e-09
8.37487e-09
1.72324e-08
3.55955e-08
7.4195e-08
1.60772e-07
3.64772e-07
8.81243e-07
2.22928e-06
5.56523e-06
1.26765e-05
2.55725e-05
4.78823e-05
8.65222e-05
0.000153701
0.000270791
0.000470433
0.000794859
0.00131804
0.00214036
0.00335553
0.00507563
0.00741119
0.010482
0.0144077
0.0191983
0.0250209
0.0318007
0.0397135
0.0486989
0.0588988
0.0704056
0.0832555
0.0974788
0.112959
0.129663
0.147599
0.166828
0.187659
0.210516
0.233791
0.257836
0.284727
0.313795
0.344583
0.376544
0.408925
0.440981
0.471948
0.501085
0.527575
0.550721
0.569916
0.584595
0.593903
0.597799
0.596687
0.592427
0.580838
0.562503
0.537337
0.505662
0.468362
0.426958
0.382936
0.338011
0.293501
0.250899
0.211141
0.175061
0.142977
0.114969
0.0908931
0.0704726
0.0534227
0.0394539
0.0282892
0.0196159
0.0131133
0.00842529
0.0051918
0.00306129
0.00171561
0.000904323
0.000444798
0.000200213
7.73528e-05
1.93806e-05
-1.82368e-06
-6.2195e-06
-6.63412e-06
-5.5832e-06
-4.32696e-06
-3.12533e-06
-2.05299e-06
-1.26754e-06
-7.36774e-07
-3.99909e-07
-2.00873e-07
-9.37242e-08
-4.27631e-08
-1.79166e-08
-5.83835e-09
-1.60896e-10
2.20113e-09
2.87163e-09
2.5911e-09
2.12106e-09
1.56088e-09
1.0752e-09
7.01815e-10
4.38686e-10
2.71159e-10
1.75029e-10
1.18045e-10
8.2082e-11
5.79821e-11
4.16064e-11
2.9632e-11
2.11875e-11
1.48509e-11
1.01412e-11
6.55095e-12
3.90271e-12
2.01026e-12
7.46128e-13
-5.36009e-14
-4.47922e-13
-6.00637e-13
-5.93471e-13
-5.27077e-13
-4.23289e-13
-3.09305e-13
-2.05313e-13
-1.23198e-13
-6.66751e-14
-3.24288e-14
-1.41028e-14
-5.20751e-15
-1.38775e-15
4.36246e-17
3.45438e-16
3.98271e-16
3.12858e-16
2.10516e-16
1.2972e-16
7.5179e-17
4.15107e-17
2.19333e-17
1.10422e-17
5.22203e-18
2.25447e-18
8.34156e-19
2.16003e-19
-1.24433e-20
-6.94321e-20
-6.37338e-20
-4.319e-20
-2.49369e-20
-1.27974e-20
-5.90652e-21
-2.43392e-21
-8.64911e-22
-2.35875e-22
-2.16084e-23
3.13513e-23
3.26518e-23
1.90114e-23
4.91133e-19
-6.13715e-18
3.50281e-17
-5.61721e-16
3.58859e-15
-9.10112e-15
2.14642e-13
-4.79199e-12
-3.31593e-12
-4.5122e-13
6.37232e-12
1.66614e-11
2.24313e-11
2.56897e-11
2.54646e-11
2.40482e-11
2.37557e-11
2.14642e-11
1.20982e-11
7.55792e-13
-4.98343e-12
-1.18367e-11
-3.23007e-11
-7.93348e-11
-1.51807e-10
-2.76097e-10
-4.0679e-10
-2.60403e-10
3.74847e-10
1.93814e-09
5.1185e-09
1.12311e-08
2.24514e-08
4.18878e-08
7.68336e-08
1.45532e-07
2.89335e-07
6.25275e-07
1.41165e-06
3.39946e-06
8.61164e-06
2.14988e-05
4.71396e-05
9.02094e-05
0.000163987
0.000293025
0.000515368
0.000933587
0.00167236
0.00287146
0.00494048
0.0085669
0.0137444
0.0204168
0.028397
0.0374795
0.0476282
0.058974
0.0719608
0.0860272
0.10151
0.117548
0.133506
0.149419
0.165527
0.182169
0.19945
0.217517
0.23649
0.256211
0.276865
0.298091
0.320341
0.343496
0.367252
0.391623
0.41637
0.44125
0.465897
0.489969
0.512907
0.534088
0.552812
0.568379
0.580452
0.587834
0.589211
0.587798
0.582784
0.573093
0.558069
0.537438
0.512005
0.484079
0.453174
0.417583
0.376081
0.332839
0.2896
0.247295
0.207105
0.1697
0.13582
0.10588
0.0801717
0.0587873
0.0416184
0.0283646
0.0185323
0.011517
0.00680187
0.0038086
0.00201511
0.000999985
0.000444384
0.000164988
6.01124e-05
2.05611e-05
5.31841e-06
-5.38571e-07
-2.72598e-06
-3.18726e-06
-2.60748e-06
-1.92132e-06
-1.24434e-06
-7.33481e-07
-4.27322e-07
-2.49051e-07
-1.43023e-07
-7.88614e-08
-4.04162e-08
-1.87039e-08
-7.69063e-09
-2.60903e-09
-4.08656e-10
4.53983e-10
7.2124e-10
7.03885e-10
5.47552e-10
3.93094e-10
2.71966e-10
1.83849e-10
1.21335e-10
7.8111e-11
4.86639e-11
2.94571e-11
1.75803e-11
1.0431e-11
6.13114e-12
3.56274e-12
2.07163e-12
1.25172e-12
7.64813e-13
4.62485e-13
2.23382e-13
8.0534e-15
-1.97597e-13
-3.78497e-13
-5.10858e-13
-5.99721e-13
-5.79867e-13
-5.13299e-13
-4.0771e-13
-2.82234e-13
-1.7158e-13
-9.17854e-14
-4.26188e-14
-1.63939e-14
-4.90238e-15
-1.15359e-15
4.1582e-17
3.41806e-16
3.98373e-16
2.94599e-16
1.7898e-16
9.67154e-17
4.80204e-17
2.22042e-17
9.62349e-18
3.95769e-18
1.50845e-18
4.83295e-19
8.14812e-20
-5.05759e-20
-7.24849e-20
-5.6853e-20
-3.507e-20
-1.8375e-20
-8.25928e-21
-3.07405e-21
-8.16176e-22
-2.01436e-23
1.63197e-22
1.44832e-22
8.91808e-23
4.57801e-23
2.07567e-23
8.59741e-24
3.40535e-24
9.22084e-25
2.01061e-18
-7.76001e-18
2.6261e-17
-7.58008e-17
2.92311e-14
3.8014e-15
5.58488e-13
3.22851e-11
-1.15853e-10
-7.79064e-11
2.78415e-11
2.05929e-10
3.32192e-10
2.44983e-10
-1.17614e-10
-5.15699e-10
-1.25826e-09
-1.74001e-09
-1.99805e-09
-1.8039e-09
-1.0764e-09
-5.66425e-10
-5.54122e-10
-8.46255e-10
-1.17629e-09
-8.95827e-10
1.25251e-09
7.45451e-09
2.1415e-08
4.90614e-08
9.93023e-08
1.84754e-07
3.22668e-07
5.30488e-07
8.56874e-07
1.41824e-06
2.47751e-06
4.75512e-06
9.90884e-06
2.27845e-05
5.50868e-05
0.000126501
0.000219937
0.000367181
0.000710523
0.00254828
0.00801046
0.0171184
0.029484
0.044213
0.0612947
0.0809775
0.101987
0.124508
0.148573
0.172717
0.196201
0.218878
0.241501
0.262678
0.283619
0.303784
0.323541
0.342401
0.360259
0.376928
0.39287
0.408278
0.423377
0.437271
0.450222
0.462347
0.473782
0.484933
0.496224
0.50695
0.518001
0.529526
0.539706
0.547978
0.552565
0.555306
0.556485
0.555975
0.553257
0.547285
0.537364
0.523124
0.504341
0.480648
0.453443
0.423739
0.392382
0.359298
0.325355
0.290271
0.255107
0.220053
0.18621
0.153856
0.123886
0.0966032
0.0727378
0.052619
0.0364291
0.0240285
0.0150295
0.00887529
0.00484223
0.00238909
0.00117305
0.00058573
0.000294904
0.000147952
7.39523e-05
3.52276e-05
1.45526e-05
4.69601e-06
8.59253e-07
-2.9453e-07
-5.71745e-07
-5.49999e-07
-4.23157e-07
-2.89021e-07
-1.85221e-07
-1.11694e-07
-6.38322e-08
-3.52347e-08
-1.9073e-08
-1.01359e-08
-5.19712e-09
-2.4826e-09
-1.03598e-09
-3.39982e-10
-3.9779e-11
5.86357e-11
9.23847e-11
7.80699e-11
5.81731e-11
4.08389e-11
2.76752e-11
1.8437e-11
1.21108e-11
7.8747e-12
5.02485e-12
3.10665e-12
1.83811e-12
1.01615e-12
4.95063e-13
1.66446e-13
-3.10432e-14
-1.59522e-13
-2.3489e-13
-2.78297e-13
-3.05412e-13
-3.21922e-13
-3.32614e-13
-3.63005e-13
-3.636e-13
-3.45532e-13
-2.91659e-13
-2.1384e-13
-1.35632e-13
-7.2579e-14
-3.21414e-14
-1.32362e-14
-5.02416e-15
-1.69428e-15
-3.4416e-16
9.85368e-17
2.24657e-16
1.69047e-16
9.22637e-17
4.14563e-17
1.59487e-17
5.30493e-18
1.51279e-18
3.5799e-19
3.65469e-20
-6.831e-20
-9.60111e-20
-8.49371e-20
-5.91565e-20
-3.42583e-20
-1.66332e-20
-6.60041e-21
-1.94902e-21
-2.65753e-22
1.48778e-22
1.59724e-22
9.36589e-23
4.20945e-23
1.52537e-23
4.27898e-24
7.0882e-25
-1.4917e-25
-2.52615e-25
-2.19312e-25
-1.82014e-25
-1.16063e-25
7.34928e-18
-3.11083e-17
5.19796e-17
-8.51332e-17
-4.64773e-13
3.57378e-13
4.43595e-12
3.94662e-10
-7.73045e-10
-4.2584e-09
-7.24959e-09
-1.32653e-08
-3.04131e-08
-6.41142e-08
-1.10742e-07
-1.40068e-07
-1.43151e-07
-1.16299e-07
-6.92017e-08
-1.68825e-08
7.75503e-09
2.1545e-08
3.72764e-08
6.30111e-08
1.1273e-07
2.12079e-07
4.05128e-07
7.62446e-07
1.38934e-06
2.43187e-06
4.07678e-06
6.54002e-06
1.00436e-05
1.46819e-05
2.10526e-05
3.05487e-05
4.66054e-05
7.8041e-05
0.000142119
0.000263435
0.000471108
0.0010382
0.00624371
0.0187318
0.0377488
0.0627858
0.0970637
0.132976
0.166245
0.197013
0.227932
0.259029
0.288921
0.319863
0.35323
0.378426
0.395784
0.4113
0.427042
0.441572
0.454593
0.464141
0.469748
0.471555
0.472396
0.472695
0.472489
0.471909
0.470984
0.4702
0.469804
0.469861
0.470228
0.470651
0.470682
0.469768
0.467552
0.463323
0.456922
0.447928
0.435853
0.420634
0.402313
0.380915
0.357239
0.332025
0.305989
0.279412
0.253341
0.228061
0.204088
0.181145
0.159661
0.138987
0.11955
0.10109
0.0840884
0.0682832
0.054043
0.0412722
0.0299841
0.0206306
0.0136411
0.00869749
0.00537028
0.00321828
0.0018774
0.00106733
0.000594991
0.000323195
0.000169386
8.51219e-05
4.10761e-05
1.90482e-05
8.50818e-06
3.6869e-06
1.54731e-06
6.09531e-07
2.06116e-07
3.23406e-08
-3.07225e-08
-4.0097e-08
-2.95342e-08
-1.99956e-08
-1.27737e-08
-7.78395e-09
-4.54118e-09
-2.54173e-09
-1.36917e-09
-7.11872e-10
-3.56433e-10
-1.70074e-10
-7.58005e-11
-3.12322e-11
-9.58596e-12
-1.42736e-12
2.32852e-12
2.30411e-12
1.83392e-12
1.33879e-12
9.28524e-13
6.2725e-13
4.16017e-13
2.73623e-13
1.77453e-13
1.11341e-13
6.50528e-14
3.16438e-14
7.40198e-15
-1.21037e-14
-2.70103e-14
-4.00081e-14
-4.90398e-14
-6.05997e-14
-6.97033e-14
-7.72829e-14
-8.1388e-14
-8.3128e-14
-7.07443e-14
-5.58812e-14
-3.62863e-14
-2.00373e-14
-1.01969e-14
-4.81861e-15
-2.08292e-15
-7.81743e-16
-1.99504e-16
3.54924e-17
1.08005e-16
6.87031e-17
2.76699e-17
7.70982e-18
1.47249e-18
3.37262e-19
2.81375e-19
2.42414e-19
1.50717e-19
7.18975e-20
2.14569e-20
-6.15703e-22
-5.54178e-21
-4.18745e-21
-1.98133e-21
-5.69518e-22
4.72286e-24
1.12167e-22
6.64774e-23
1.78075e-23
-4.67806e-25
-3.19468e-24
-2.02299e-24
-8.69804e-25
-2.95248e-25
-8.54086e-26
-2.9157e-26
-2.06306e-26
-2.06109e-26
-1.87335e-26
-1.4878e-26
-7.92532e-27
1.76494e-17
-1.01298e-16
2.65923e-16
-1.38026e-15
-2.13854e-12
4.6042e-12
1.79805e-11
7.44005e-10
4.64777e-09
-2.15372e-08
-1.12564e-07
-1.48408e-07
-1.76448e-07
-2.91293e-07
-4.61674e-07
-5.07697e-07
-4.22845e-07
-2.04233e-07
1.4235e-07
6.42179e-07
1.32577e-06
2.36493e-06
4.16954e-06
7.50741e-06
1.36427e-05
2.44926e-05
4.2764e-05
7.20024e-05
0.000116476
0.000180846
0.000269573
0.000386044
0.00053162
0.000701441
0.000906307
0.00117071
0.00157527
0.00223836
0.00489279
0.0121052
0.0268357
0.0504947
0.0909529
0.141799
0.189382
0.230725
0.269838
0.294729
0.311639
0.329526
0.35159
0.375351
0.392702
0.39794
0.3992
0.397497
0.392723
0.384536
0.371826
0.355265
0.334952
0.315937
0.30029
0.288161
0.278331
0.270509
0.263844
0.258206
0.252646
0.247184
0.240803
0.233828
0.225701
0.216376
0.206065
0.194572
0.182135
0.168695
0.154685
0.140056
0.12525
0.110246
0.0951776
0.0808886
0.0678032
0.0561112
0.0460034
0.0373069
0.0301434
0.0241962
0.0193981
0.0154468
0.0122993
0.00971359
0.00768366
0.00601775
0.00464721
0.00350145
0.00257086
0.0018249
0.0012546
0.000830483
0.000530168
0.000325495
0.000192443
0.000109505
6.00587e-05
3.17247e-05
1.61518e-05
7.88927e-06
3.67062e-06
1.59314e-06
6.21804e-07
2.03198e-07
4.5225e-08
-2.63823e-09
-1.09517e-08
-8.60519e-09
-5.19051e-09
-2.77593e-09
-1.46146e-09
-7.52542e-10
-4.30972e-10
-2.47789e-10
-1.41678e-10
-8.04002e-11
-4.51872e-11
-2.52076e-11
-1.42121e-11
-8.1784e-12
-4.6963e-12
-2.5957e-12
-1.36192e-12
-6.55759e-13
-2.99317e-13
-1.32305e-13
-5.49124e-14
-2.22715e-14
-1.00439e-14
-4.70005e-15
-2.26532e-15
-1.11665e-15
-5.62478e-16
-2.80895e-16
-1.211e-16
-8.3049e-17
-2.22465e-16
-5.81058e-16
-1.04307e-15
-1.71782e-15
-2.50941e-15
-3.63306e-15
-4.52864e-15
-5.03847e-15
-5.0248e-15
-5.38034e-15
-5.65302e-15
-5.49637e-15
-3.91132e-15
-2.3859e-15
-1.08887e-15
-3.59723e-16
-3.71819e-17
7.16184e-17
1.09314e-16
7.35987e-17
2.65084e-17
3.39997e-19
-5.6224e-18
-3.3431e-18
-7.64738e-19
2.22559e-19
2.77757e-19
1.30037e-19
3.66297e-20
5.22094e-21
-4.35791e-22
1.03608e-22
1.2023e-21
1.45584e-21
1.18461e-21
7.93241e-22
4.57484e-22
2.25402e-22
9.18932e-23
2.9237e-23
6.29792e-24
3.61288e-25
-3.78334e-25
-2.21423e-25
-8.71387e-26
-3.03882e-26
-9.99635e-27
-2.92717e-27
-4.93283e-28
3.60438e-28
6.80806e-28
7.89116e-28
7.7344e-28
5.32517e-28
4.82755e-18
-4.19176e-17
2.05679e-16
-1.47488e-14
-3.06855e-12
-3.94853e-14
-7.46265e-11
5.05333e-09
1.09161e-07
4.14704e-07
6.42868e-07
1.08643e-06
2.14454e-06
3.88113e-06
6.77115e-06
1.13071e-05
2.15777e-05
0.000113164
0.00045192
0.000935921
0.00142139
0.00188219
0.00239426
0.00310564
0.00419205
0.0058057
0.00803375
0.0108736
0.0142292
0.0179467
0.0218926
0.0259151
0.0298908
0.0336526
0.0377746
0.0432791
0.0525346
0.071151
0.101493
0.139179
0.180588
0.224024
0.261788
0.291815
0.305575
0.307021
0.304473
0.298679
0.288592
0.272888
0.246574
0.211692
0.175298
0.140731
0.110527
0.0869415
0.0712766
0.0621246
0.0553984
0.0503074
0.0451757
0.0407019
0.0363961
0.0327617
0.0295719
0.0270517
0.024895
0.023168
0.0214949
0.0199677
0.0182578
0.0165519
0.0146732
0.0127278
0.0107638
0.00878812
0.00692103
0.0051864
0.00366697
0.00239496
0.00140913
0.000713798
0.00032483
0.000135085
3.88703e-05
-1.12272e-05
-3.69066e-05
-4.91221e-05
-5.33083e-05
-5.27625e-05
-4.96621e-05
-4.5178e-05
-4.01432e-05
-3.49373e-05
-2.98493e-05
-2.49876e-05
-2.0492e-05
-1.64329e-05
-1.28839e-05
-9.85552e-06
-7.34506e-06
-5.31379e-06
-3.71776e-06
-2.50074e-06
-1.60741e-06
-9.79947e-07
-5.63211e-07
-3.03523e-07
-1.53042e-07
-7.25491e-08
-3.27845e-08
-1.44738e-08
-6.56191e-09
-3.08241e-09
-1.47936e-09
-7.83574e-10
-3.08297e-10
-1.55915e-10
-7.22968e-11
-3.03912e-11
-1.09733e-11
-2.62654e-12
5.93304e-13
1.51344e-12
1.47831e-12
1.12532e-12
7.36044e-13
4.14957e-13
1.62165e-13
1.324e-16
-6.50322e-14
-6.53164e-14
-4.35652e-14
-2.34098e-14
-1.09572e-14
-4.77016e-15
-2.0163e-15
-8.51596e-16
-3.66449e-16
-1.51106e-16
-6.45414e-17
-2.00908e-17
-7.50046e-18
-4.78459e-18
-5.78076e-18
-6.06841e-18
-6.24574e-18
-1.5134e-17
-2.90481e-17
-5.24727e-17
-9.21182e-17
-1.18733e-16
-1.53498e-16
-1.9832e-16
-2.17346e-16
-2.42007e-16
-2.52242e-16
-2.12228e-16
-6.12634e-17
5.19677e-17
9.84678e-17
8.67587e-17
5.00494e-17
1.86064e-17
2.52901e-18
-1.42146e-18
-5.99446e-19
3.63784e-19
4.5444e-19
2.02746e-19
2.99746e-20
-1.67649e-20
-1.27936e-20
-4.31486e-21
-7.66058e-22
-1.52001e-24
3.78882e-23
1.86445e-24
-1.74838e-24
1.78468e-23
2.48157e-23
1.75995e-23
8.00114e-24
2.1954e-24
1.00626e-25
-2.21085e-25
-1.111e-25
-2.66553e-26
-3.01018e-27
-9.40081e-29
-4.39326e-29
-4.34211e-29
-4.58857e-30
2.73102e-29
4.72611e-29
5.83103e-29
6.32406e-29
6.11089e-29
5.22811e-29
2.78994e-29
-6.26053e-18
3.17493e-18
7.04837e-17
-1.67105e-13
-6.79275e-12
-6.54446e-10
-1.41302e-10
1.02209e-07
2.82727e-06
3.19389e-05
0.000427912
0.0022707
0.006503
0.0128744
0.018898
0.0230414
0.0254071
0.0268905
0.0294072
0.0351902
0.0447229
0.0578242
0.075275
0.0997533
0.134519
0.180817
0.236134
0.290447
0.3338
0.348013
0.345533
0.336594
0.315434
0.286242
0.254958
0.227341
0.20847
0.200062
0.197332
0.193183
0.184225
0.168443
0.135743
0.0980208
0.0647557
0.0442265
0.0332513
0.0262651
0.0209139
0.0165126
0.0126917
0.00930141
0.00632837
0.00404624
0.00249922
0.00152525
0.000929274
0.000567219
0.000346858
0.000213901
0.000132795
8.39392e-05
5.38483e-05
3.57103e-05
2.41938e-05
1.72791e-05
1.26191e-05
9.99252e-06
7.97312e-06
6.8514e-06
5.33078e-06
3.7572e-06
1.22728e-06
-2.22125e-06
-6.39837e-06
-1.10523e-05
-1.56936e-05
-1.99787e-05
-2.3523e-05
-2.60908e-05
-2.73198e-05
-2.76524e-05
-2.59208e-05
-2.26462e-05
-1.88622e-05
-1.53092e-05
-1.23082e-05
-9.81866e-06
-7.76134e-06
-6.13511e-06
-4.67772e-06
-3.43941e-06
-2.53576e-06
-1.79281e-06
-1.22681e-06
-8.01724e-07
-4.99314e-07
-2.95166e-07
-1.65978e-07
-8.86009e-08
-4.50484e-08
-2.18093e-08
-1.01033e-08
-4.49152e-09
-1.92936e-09
-8.05316e-10
-3.29107e-10
-1.32297e-10
-5.25977e-11
-2.08041e-11
-8.3101e-12
-3.48613e-12
-1.77123e-12
-1.30207e-12
-9.34647e-13
-5.34422e-13
-2.04576e-13
6.05998e-15
1.11555e-13
1.52121e-13
1.59145e-13
1.46132e-13
1.2146e-13
8.7945e-14
6.16607e-14
3.89214e-14
2.20592e-14
1.14593e-14
5.16409e-15
1.74441e-15
-3.74088e-16
-5.19223e-16
-3.68955e-16
-2.09585e-16
-1.0566e-16
-4.94308e-17
-1.97111e-17
-9.45894e-18
-6.70905e-18
-5.2574e-18
-3.7769e-18
-2.49944e-18
-1.63605e-18
-1.41802e-18
-1.73463e-18
-2.033e-18
-2.01771e-18
-2.1687e-18
-1.95613e-18
-1.42919e-18
-4.95993e-19
1.11035e-18
3.07541e-18
5.56717e-18
9.2402e-18
1.55924e-17
2.66999e-17
4.47377e-17
4.36811e-17
3.30055e-17
1.64621e-17
6.08676e-18
1.47017e-18
1.16892e-19
-6.37898e-20
-4.92145e-20
-4.97542e-20
-4.04489e-20
-2.00841e-20
-5.50344e-21
-2.31294e-22
4.66918e-22
2.06861e-22
4.23823e-23
1.87644e-24
-1.87746e-24
-1.50992e-24
-2.10546e-24
-3.43719e-24
-3.8531e-24
-3.10026e-24
-1.95567e-24
-1.00683e-24
-4.22906e-25
-1.40932e-25
-3.51901e-26
-5.77564e-27
-3.20381e-28
1.28995e-28
5.13964e-29
1.26585e-29
2.80565e-30
2.75546e-31
-4.6016e-31
-7.56495e-31
-1.03324e-30
-1.37914e-30
-1.66748e-30
-1.79278e-30
-1.26221e-30
-1.92469e-17
8.43317e-17
-1.93906e-16
-1.97793e-12
-1.19028e-10
-5.81917e-09
1.05282e-08
2.20726e-06
4.42636e-05
0.000516541
0.00698712
0.0441621
0.151343
0.280966
0.318498
0.306329
0.258831
0.157555
0.0610126
0.0107826
0.00525964
0.00541737
0.00614368
0.00766601
0.0100452
0.0131026
0.0164769
0.0196995
0.022334
0.0241475
0.0252337
0.0257161
0.0258013
0.0259793
0.0260045
0.0264175
0.0243227
0.0175788
0.0107814
0.0061033
0.00334362
0.0017869
0.000871873
0.00038164
0.000159132
7.07661e-05
3.72956e-05
2.35365e-05
1.65446e-05
1.20534e-05
8.68822e-06
5.98454e-06
3.80471e-06
2.24828e-06
1.26608e-06
6.90664e-07
3.59573e-07
1.57156e-07
1.52569e-08
-1.72315e-07
-3.46234e-07
-6.34985e-07
-8.80213e-07
-1.24744e-06
-1.5006e-06
-1.83152e-06
-2.00345e-06
-2.24413e-06
-2.31193e-06
-2.42562e-06
-2.37422e-06
-2.35306e-06
-2.2218e-06
-2.06597e-06
-1.88592e-06
-1.6547e-06
-1.44671e-06
-1.21471e-06
-1.03388e-06
-8.50568e-07
-7.21511e-07
-5.98646e-07
-4.81409e-07
-3.69541e-07
-2.75326e-07
-1.96214e-07
-1.34731e-07
-8.55815e-08
-5.05627e-08
-2.33248e-08
-6.85033e-09
-2.46117e-09
-1.13925e-09
-6.13283e-10
-3.44821e-10
-1.93714e-10
-1.05677e-10
-5.58594e-11
-2.8472e-11
-1.39679e-11
-6.58934e-12
-2.98811e-12
-1.30535e-12
-5.51184e-13
-2.25992e-13
-9.05467e-14
-3.56652e-14
-1.39049e-14
-5.42223e-15
-2.2331e-15
-1.08716e-15
5.21335e-16
3.83725e-15
3.0402e-15
3.06254e-15
3.68622e-15
4.13346e-15
4.30037e-15
4.17216e-15
3.73215e-15
2.95092e-15
1.84835e-15
9.96854e-16
5.03798e-16
2.6309e-16
1.75535e-16
1.23728e-16
7.99197e-17
4.21416e-17
1.62166e-17
3.06034e-18
1.66777e-19
9.87919e-19
1.04985e-18
5.46823e-19
1.7876e-19
5.58948e-20
2.15588e-20
4.66006e-21
-8.11075e-21
-1.1943e-20
-1.24857e-20
-9.05341e-21
-3.51397e-22
-3.38346e-21
-1.50334e-20
-1.78352e-20
-2.56023e-20
-3.4408e-20
-8.97877e-20
-1.49821e-19
-2.6326e-19
-3.38274e-19
-4.1452e-19
-4.49169e-19
-4.89505e-19
-4.36897e-19
-3.20198e-19
-7.35646e-19
-6.05739e-19
-2.44853e-19
-4.25128e-20
2.84153e-21
2.61037e-21
1.77037e-22
2.25268e-22
4.17872e-22
2.47244e-22
6.96495e-23
5.16001e-24
-3.56992e-24
-1.55047e-24
-2.91714e-25
-1.63963e-26
7.71983e-27
9.52786e-27
9.29236e-27
1.61353e-27
-1.24407e-26
-2.29707e-26
-2.0628e-26
-1.13334e-26
-3.99876e-27
-7.8385e-28
8.55359e-30
5.21779e-29
1.24697e-29
1.17991e-31
-4.80284e-31
-8.97887e-32
-1.80296e-33
9.44447e-34
-1.77823e-33
-5.51354e-33
-1.07981e-32
-1.78124e-32
-2.75234e-32
-3.61717e-32
-3.65704e-32
-1.51697e-32
)
;

boundaryField
{
    inlet
    {
        type            uniformFixedValue;
        uniformValue    table;
        uniformValueCoeffs
        {
            values          
4
(
(0 1)
(0.15 1)
(0.151 0)
(1 0)
)
;
        }
        value           uniform 0;
    }
    outlet
    {
        type            inletOutlet;
        inletValue      uniform 0;
        value           nonuniform List<scalar> 
20
(
3.63023e-36
-6.6092e-33
1.37357e-31
5.13768e-29
-3.65071e-28
-3.71659e-26
3.0752e-25
3.91832e-24
-1.01472e-23
-9.2302e-23
-1.26971e-22
-1.52376e-23
1.90114e-23
9.22084e-25
-1.16063e-25
-7.92532e-27
5.32517e-28
2.78994e-29
-1.26221e-30
-1.51697e-32
)
;
    }
    walls
    {
        type            zeroGradient;
    }
    frontAndBack
    {
        type            empty;
    }
}


// ************************************************************************* //
