/*--------------------------------*- C++ -*----------------------------------*\
| =========                 |                                                 |
| \\      /  F ield         | OpenFOAM: The Open Source CFD Toolbox           |
|  \\    /   O peration     | Version:  2506                                  |
|   \\  /    A nd           | Website:  www.openfoam.com                      |
|    \\/     M anipulation  |                                                 |
\*---------------------------------------------------------------------------*/
FoamFile
{
    version     2.0;
    format      ascii;
    arch        "LSB;label=32;scalar=64";
    class       volScalarField;
    location    "3.5825";
    object      s;
}
// * * * * * * * * * * * * * * * * * * * * * * * * * * * * * * * * * * * * * //

dimensions      [0 0 0 0 0 0 0];

internalField   nonuniform List<scalar> 
4000
(
1.06037e-20
-4.07755e-20
8.94858e-20
1.85868e-19
-3.63683e-18
2.36933e-17
-8.15138e-17
2.68827e-17
8.74856e-16
-1.13989e-14
-4.31549e-13
-7.56157e-12
-4.67642e-11
-2.29137e-10
-2.09613e-09
-3.40471e-09
4.80306e-08
1.19971e-06
1.53537e-05
0.000209398
0.00166464
0.00952296
0.0376401
0.0880647
0.145694
0.168159
0.170577
0.163652
0.143729
0.0979953
0.0428631
0.00726145
0.00176623
0.00199618
0.00261044
0.00385613
0.00625414
0.0106199
0.015997
0.0217106
0.0268358
0.031335
0.0358918
0.0393271
0.0426796
0.0460253
0.048793
0.0510925
0.0527703
0.0540256
0.055002
0.0556472
0.0561905
0.0564346
0.0565592
0.0563941
0.0559979
0.0554183
0.0546782
0.0538083
0.0527748
0.0514464
0.0495201
0.0469457
0.0423034
0.0343285
0.0234562
0.013781
0.00875215
0.00550041
0.00327093
0.0018461
0.000996961
0.000519827
0.000262296
0.000127547
5.96582e-05
2.71672e-05
1.23242e-05
5.68055e-06
2.67053e-06
1.26538e-06
5.93955e-07
2.72466e-07
1.21283e-07
5.22721e-08
2.17773e-08
8.74121e-09
3.37436e-09
1.24629e-09
4.34282e-10
1.41353e-10
4.11689e-11
8.9071e-12
-9.56256e-13
-6.68912e-12
-1.40852e-11
-3.28246e-11
-3.18152e-11
-2.74942e-11
-2.48165e-11
-4.67523e-11
-1.30347e-10
-4.46534e-10
-1.9869e-09
-1.43014e-08
-5.90635e-08
-1.51109e-07
-2.69885e-07
-4.1023e-07
-6.10588e-07
-9.05722e-07
-1.36303e-06
-1.99313e-06
-2.71569e-06
-3.68245e-06
-4.1127e-06
-4.40606e-06
-4.56567e-06
-4.5845e-06
-4.46652e-06
-4.22512e-06
-3.88089e-06
-3.44891e-06
-2.96112e-06
-2.44726e-06
-1.93571e-06
-1.45302e-06
-1.00301e-06
-5.6206e-07
-1.57422e-07
2.26371e-07
6.46618e-07
1.04981e-06
1.45277e-06
1.94929e-06
2.37056e-06
2.84017e-06
3.25823e-06
3.60864e-06
3.83538e-06
3.84865e-06
3.58514e-06
3.07743e-06
2.31986e-06
1.49619e-06
6.99136e-07
1.77043e-08
-4.99417e-07
-8.26451e-07
-9.60304e-07
-9.28828e-07
-7.74078e-07
-5.64415e-07
-3.57594e-07
-2.0051e-07
-1.03536e-07
-6.36963e-08
-7.51846e-08
-1.3297e-07
-2.4558e-07
-3.34911e-07
-4.44518e-07
-6.63271e-07
-1.21844e-06
-2.07709e-06
-3.19208e-06
-4.1361e-06
-5.07574e-06
-5.99384e-06
-6.75454e-06
-7.04792e-06
-7.00763e-06
-6.64433e-06
-5.97358e-06
-5.07486e-06
-4.09697e-06
-3.10549e-06
-2.27863e-06
-1.68263e-06
-1.18579e-06
-8.03789e-07
-5.26416e-07
-3.36639e-07
-2.14441e-07
-1.35867e-07
-8.38183e-08
-4.99774e-08
-2.91406e-08
-1.7116e-08
-1.0534e-08
-6.81898e-09
-4.5376e-09
-3.01074e-09
-1.97912e-09
-1.42681e-09
-9.97098e-10
-6.44733e-10
-3.64381e-10
-1.41261e-10
1.55853e-21
7.63485e-21
-7.46064e-20
3.42031e-19
-8.5274e-19
-8.63151e-19
1.99155e-17
-9.57307e-17
2.00704e-16
-6.61259e-17
-1.0293e-14
-3.11922e-13
-2.29781e-12
-1.60306e-11
-7.18567e-11
-1.76139e-09
-3.78658e-09
4.16745e-08
5.18551e-07
8.41286e-06
6.34589e-05
0.000293559
0.000945513
0.00229922
0.00462388
0.00769578
0.0111768
0.0147185
0.0178199
0.0201084
0.0208852
0.0199912
0.0186124
0.0168876
0.0153828
0.0146615
0.0146624
0.0149623
0.0150582
0.0150519
0.014558
0.0137123
0.0129419
0.0123604
0.0120449
0.0119928
0.0121344
0.0125718
0.0131886
0.014
0.015081
0.016312
0.0178881
0.0196464
0.0218545
0.0244511
0.0274665
0.0309429
0.0345564
0.0386067
0.0428432
0.0463229
0.0485619
0.0503018
0.0517853
0.0531698
0.0542611
0.0539915
0.053166
0.0521317
0.0511277
0.0500425
0.0487294
0.046273
0.0401164
0.0289929
0.0161345
0.00687941
0.00351941
0.00205508
0.00119863
0.000673678
0.000358517
0.000181111
8.82763e-05
4.17031e-05
1.90642e-05
8.4185e-06
3.58267e-06
1.46922e-06
5.81649e-07
2.2263e-07
8.24879e-08
2.95355e-08
1.00146e-08
2.79683e-09
-3.25246e-10
-3.63115e-09
-9.53608e-09
-2.06223e-08
-3.70586e-08
-7.07104e-08
-1.37094e-07
-2.50982e-07
-5.11826e-07
-1.06769e-06
-2.25315e-06
-3.8986e-06
-6.2361e-06
-7.78644e-06
-8.62363e-06
-8.84577e-06
-8.33062e-06
-7.04483e-06
-4.9256e-06
4.46639e-05
0.000342505
0.000891193
0.0016397
0.00254971
0.00358585
0.00466048
0.00571642
0.00674126
0.00767554
0.00850669
0.0092287
0.00982814
0.0103296
0.0107904
0.0111258
0.011411
0.0117669
0.0120242
0.0122973
0.0127365
0.0129649
0.0133348
0.0135767
0.0137385
0.0137302
0.0134317
0.012732
0.011659
0.0099413
0.00818746
0.00643711
0.00492209
0.00365307
0.00263237
0.00185662
0.00126301
0.000835697
0.000526194
0.000315089
0.000175825
9.07499e-05
4.20955e-05
1.66886e-05
4.61223e-06
-5.86779e-07
-2.81884e-06
-4.33464e-06
-6.28179e-06
-8.48522e-06
-1.01868e-05
-1.18763e-05
-1.60982e-05
-1.86028e-05
-1.71604e-05
1.12601e-05
4.92366e-05
5.55551e-05
3.00997e-05
7.77143e-06
-3.90755e-06
-1.2263e-05
-1.77171e-05
-2.03641e-05
-2.07798e-05
-1.97053e-05
-1.77472e-05
-1.52927e-05
-1.25856e-05
-9.9119e-06
-7.47964e-06
-5.40253e-06
-3.73309e-06
-2.4698e-06
-1.56835e-06
-9.59897e-07
-5.72081e-07
-3.41999e-07
-2.19497e-07
-1.66147e-07
-1.57003e-07
-1.59825e-07
-1.39807e-07
-1.05567e-07
-6.7956e-08
-2.12112e-21
1.21274e-20
-3.28795e-20
1.51228e-20
3.65293e-19
-2.07528e-18
5.32525e-18
-1.44053e-19
-5.37867e-17
1.68876e-16
-3.15151e-16
-5.91188e-15
-4.55736e-14
-5.80771e-13
-2.81571e-12
-6.6488e-11
-9.23932e-10
5.91116e-10
7.96755e-09
2.23604e-08
5.00536e-08
1.15212e-07
2.72219e-07
5.6627e-07
9.79406e-07
1.77853e-06
3.13931e-06
6.07884e-06
1.95788e-05
0.000142668
0.00083903
0.00201211
0.00334208
0.00500276
0.00660725
0.00742219
0.00748211
0.00695586
0.00601818
0.00488712
0.00359876
0.00252708
0.00186806
0.00146344
0.00120424
0.00102827
0.000903199
0.000822952
0.000767548
0.000735601
0.000725234
0.000729974
0.000757834
0.000802024
0.000877748
0.00102501
0.00135437
0.00200797
0.00296507
0.00462063
0.00693511
0.0101657
0.0144887
0.0196011
0.0252586
0.0311433
0.0371155
0.0427871
0.0479972
0.0508777
0.0521897
0.0530514
0.0539131
0.0559929
0.0579348
0.0576085
0.0558819
0.0527056
0.0471981
0.0375873
0.0257945
0.0143249
0.00714869
0.00420493
0.00263996
0.00164206
0.000988704
0.000566371
0.000306381
0.000159035
8.02654e-05
3.94851e-05
1.8933e-05
8.84491e-06
4.00289e-06
1.74861e-06
7.1392e-07
2.291e-07
-3.42635e-08
-2.48007e-07
-5.38167e-07
-1.00392e-06
-1.69703e-06
-2.53396e-06
-3.24939e-06
-3.36055e-06
-1.8801e-06
4.31256e-06
2.52618e-05
0.000294695
0.00123816
0.00298029
0.00559654
0.00894732
0.0130789
0.017767
0.0231282
0.0288966
0.0347348
0.0404007
0.045781
0.050568
0.0547144
0.0583214
0.0614262
0.0641123
0.0664568
0.0685108
0.0703361
0.0720239
0.0735224
0.0749079
0.0763239
0.0776282
0.0788915
0.0802746
0.0814388
0.0826703
0.0837568
0.0847146
0.0854616
0.0858716
0.0857661
0.0851404
0.083281
0.0805879
0.0758338
0.0696231
0.0618621
0.0526577
0.0429314
0.0326133
0.022687
0.0143843
0.00900763
0.00556265
0.00337061
0.00194091
0.00103278
0.000508023
0.00027405
0.000164696
0.000117489
0.000114464
0.000234518
0.000874896
0.0030475
0.00710565
0.0124204
0.0181223
0.0232081
0.026516
0.0273914
0.0257923
0.0221942
0.0175846
0.0130044
0.0091031
0.00620888
0.00440346
0.00358849
0.00355902
0.00408036
0.00490052
0.00568302
0.00616955
0.0063119
0.00615775
0.00574866
0.00513574
0.00440142
0.00364508
0.00292445
0.00222884
0.00157387
0.00100759
0.000598488
0.000339984
0.000184847
9.4934e-05
-6.79363e-22
1.38739e-21
5.46191e-21
-4.75082e-20
1.69602e-19
-2.68456e-19
-4.52238e-19
3.48976e-18
-7.30958e-18
-4.60155e-18
3.59491e-17
-1.33544e-16
-1.19648e-15
-6.46967e-15
-7.65423e-13
-9.22585e-13
-3.18331e-12
-2.0712e-11
1.57273e-11
1.77943e-10
-1.64265e-09
-4.79682e-09
-5.07218e-09
6.68599e-09
4.05881e-08
9.25907e-08
1.57174e-07
2.56344e-07
4.05271e-07
1.36322e-07
-9.62082e-07
-1.41858e-06
-1.28058e-06
0.000112995
0.000421554
0.000625076
0.000617437
0.000510109
0.00038592
0.000277144
0.000189886
0.000130581
9.26489e-05
6.80516e-05
5.20647e-05
4.13427e-05
3.39259e-05
2.90785e-05
2.56977e-05
2.35834e-05
2.25124e-05
2.22079e-05
2.2871e-05
2.42767e-05
2.69089e-05
3.08457e-05
3.62845e-05
4.3589e-05
5.28875e-05
6.59067e-05
9.1817e-05
0.000183376
0.000639679
0.00171226
0.00360516
0.00633051
0.010284
0.0155737
0.0221098
0.0290751
0.0355412
0.0410462
0.0454672
0.0491867
0.0526281
0.0555901
0.057097
0.0592696
0.0624744
0.0628122
0.0613963
0.0584389
0.0542843
0.0479396
0.038858
0.0279972
0.0168186
0.00891712
0.00535746
0.00343906
0.00222042
0.00141017
0.000869563
0.000515578
0.000293446
0.000164106
9.09259e-05
5.0276e-05
2.7639e-05
1.5422e-05
9.69943e-06
1.03062e-05
2.32587e-05
7.24577e-05
0.000424528
0.00164558
0.00409089
0.00778551
0.0127252
0.0191291
0.0270641
0.03618
0.0458308
0.0546209
0.0624604
0.0692983
0.0752698
0.0805185
0.0847602
0.0879905
0.0903586
0.0920363
0.0935343
0.0949696
0.0963683
0.0977486
0.0991239
0.100449
0.101693
0.10286
0.103955
0.10509
0.106166
0.10721
0.10825
0.109182
0.110123
0.11098
0.111851
0.112757
0.113732
0.114851
0.116128
0.117461
0.119142
0.121069
0.121777
0.121258
0.119508
0.116082
0.11105
0.103886
0.0931463
0.0770577
0.059435
0.0419019
0.0263571
0.0140947
0.00722488
0.00386635
0.00235336
0.00161933
0.00147287
0.00189921
0.00374434
0.00916292
0.0207255
0.0375219
0.0564276
0.0742033
0.0877217
0.0957727
0.0990242
0.0984721
0.0949292
0.0887435
0.0801407
0.069387
0.0570911
0.0444076
0.0331415
0.0253825
0.022433
0.024501
0.031276
0.0424658
0.0572085
0.0695022
0.0789961
0.0892769
0.0982407
0.102856
0.102051
0.0955501
0.0837187
0.0676985
0.0498692
0.0353022
0.0251113
0.016557
9.68683e-23
-1.0388e-21
4.4138e-21
-9.74442e-21
-1.62356e-21
8.5968e-20
-2.05892e-19
-4.2379e-19
4.19161e-18
-1.39111e-17
2.25508e-17
-3.07037e-17
2.67049e-17
-2.61768e-16
-1.49391e-14
-1.15232e-13
5.69453e-13
4.65394e-13
-1.97968e-12
-3.45793e-11
-8.66943e-11
-9.62228e-11
1.87337e-12
5.29969e-10
2.7181e-09
5.9685e-09
9.06654e-09
1.21837e-08
-1.89369e-09
-1.33156e-07
-2.85125e-07
-3.45863e-07
-3.49775e-07
-7.30124e-07
-5.29715e-07
-1.03277e-07
1.82554e-07
2.66576e-07
2.28666e-07
1.49811e-07
7.54965e-08
2.67001e-08
-4.70008e-10
-1.44379e-08
-2.11904e-08
-2.4452e-08
-2.55729e-08
-2.53029e-08
-2.40185e-08
-2.19747e-08
-1.93561e-08
-1.62909e-08
-1.28199e-08
-8.93699e-09
-4.53142e-09
6.64999e-10
2.02785e-08
1.35331e-07
4.87122e-07
1.62586e-06
3.87983e-06
7.82481e-06
9.5018e-06
7.64199e-06
1.37851e-05
8.97858e-05
0.000497741
0.00159746
0.00363977
0.00683635
0.0115325
0.0173248
0.0234209
0.0292843
0.0347898
0.0399424
0.0443226
0.048452
0.0526107
0.0568637
0.0602515
0.0618882
0.0641509
0.067652
0.0685073
0.067452
0.064952
0.0615129
0.0571219
0.0504646
0.0415372
0.0308215
0.019587
0.01131
0.00759151
0.00589637
0.00499611
0.00449338
0.00416665
0.00405914
0.00450311
0.00594552
0.00864023
0.0129179
0.019328
0.028829
0.0401088
0.0508689
0.0605708
0.0691766
0.0764781
0.0827401
0.0868177
0.0889898
0.090863
0.0926144
0.0934759
0.094191
0.0940385
0.0934253
0.092445
0.0912451
0.089908
0.088384
0.0867415
0.0850333
0.0833048
0.0815983
0.0799801
0.078462
0.0771136
0.075935
0.0747418
0.0736729
0.0726454
0.0715358
0.0706664
0.0698016
0.0691655
0.068822
0.0688721
0.0695506
0.071044
0.0734792
0.0773989
0.0825332
0.0893309
0.0974561
0.106094
0.112112
0.115541
0.118119
0.1188
0.116159
0.109461
0.0989168
0.0830603
0.0618355
0.0413233
0.024289
0.0135476
0.00843052
0.00696832
0.00793452
0.0131426
0.0253526
0.0449465
0.0680913
0.090809
0.109713
0.118764
0.121322
0.122072
0.121999
0.121367
0.120112
0.118136
0.115416
0.111897
0.107353
0.101167
0.0910039
0.0777038
0.0659665
0.0592299
0.0597916
0.0669001
0.0779468
0.0972329
0.12198
0.149391
0.177898
0.204583
0.218756
0.224877
0.227281
0.226387
0.218881
0.207671
0.161498
6.95471e-23
-2.77068e-22
4.00568e-22
1.1146e-21
-6.89748e-21
2.80696e-21
1.2276e-19
-7.54561e-19
2.78239e-18
-8.39159e-18
2.59746e-17
-9.92743e-17
3.41616e-16
-7.37791e-16
1.90105e-16
-2.02108e-15
6.51586e-14
1.9533e-13
3.91058e-13
-1.3718e-12
4.42847e-13
2.76987e-12
1.73089e-11
5.26149e-11
7.39266e-11
1.07701e-10
2.06102e-10
6.43182e-10
-2.93775e-09
-5.08611e-09
-3.15844e-09
2.94184e-09
9.57926e-09
-6.37027e-08
-1.28213e-07
-1.82666e-07
-1.7727e-07
-1.63366e-07
-1.43583e-07
-1.21406e-07
-9.99516e-08
-7.40735e-08
-5.25467e-08
-3.7159e-08
-2.69657e-08
-2.03232e-08
-1.58399e-08
-1.27674e-08
-1.05635e-08
-9.0472e-09
-8.1229e-09
-7.70282e-09
-7.86563e-09
-8.45507e-09
-8.91389e-09
-9.61394e-09
-1.0703e-08
-7.50617e-09
1.24204e-08
1.04496e-07
3.33055e-07
4.48641e-07
-5.41814e-07
-1.31369e-06
9.55721e-07
9.57915e-06
1.45462e-05
1.16014e-05
3.85632e-05
0.000240704
0.00101084
0.0026163
0.00515312
0.00887441
0.0134905
0.0184027
0.0232701
0.0278961
0.0321671
0.0365169
0.0411226
0.045224
0.0492626
0.0536134
0.0578349
0.0622587
0.0652839
0.0682313
0.071051
0.0742136
0.0763211
0.0760317
0.0747184
0.0727629
0.0705844
0.0683897
0.0656663
0.0622828
0.0582228
0.0552728
0.0541702
0.0557845
0.0599117
0.0659613
0.0729281
0.0804402
0.0854706
0.0879847
0.0903109
0.0916511
0.0918197
0.0906427
0.0883549
0.0852899
0.0816417
0.0773172
0.072294
0.067065
0.0620345
0.0572711
0.0528002
0.0487026
0.0449862
0.041607
0.0385559
0.0357904
0.0332752
0.0309888
0.0288998
0.0269697
0.0252217
0.0236461
0.0221299
0.0207873
0.0195835
0.0184715
0.0175623
0.0167479
0.0161013
0.0156325
0.015365
0.0153776
0.0157294
0.0164959
0.0179119
0.0201021
0.0239769
0.0301055
0.0395953
0.0522844
0.0661599
0.0806832
0.0940719
0.105876
0.111533
0.112724
0.110646
0.103269
0.0908865
0.0718352
0.0546992
0.041108
0.0323888
0.029952
0.03575
0.0496138
0.0691671
0.0890988
0.105484
0.117188
0.121172
0.120228
0.117618
0.113571
0.109018
0.105368
0.10414
0.105746
0.108977
0.112482
0.11594
0.118963
0.120567
0.120366
0.119109
0.117273
0.115263
0.115686
0.120591
0.13065
0.144986
0.163038
0.183229
0.204119
0.224338
0.242797
0.258818
0.270747
0.274083
0.271791
5.03155e-24
5.80573e-24
-8.74194e-23
1.95652e-22
1.02135e-21
-1.09509e-20
5.47431e-20
-2.08222e-19
7.35929e-19
-2.63534e-18
9.16414e-18
-2.91622e-17
7.3355e-17
-1.13407e-16
-9.68974e-17
1.11563e-15
1.14259e-15
1.64438e-15
-3.55748e-15
5.44069e-15
3.34775e-14
5.22344e-13
1.68142e-12
2.68941e-12
3.54546e-12
5.31171e-12
1.79542e-11
-8.31757e-11
-1.50066e-10
3.70811e-11
1.68604e-10
4.99177e-10
2.24801e-09
2.61689e-09
-4.55767e-09
-2.55929e-08
-3.76052e-08
-3.88157e-08
-3.08511e-08
-1.98354e-08
-1.12564e-08
-6.27718e-09
-3.53959e-09
-2.02534e-09
-1.17564e-09
-6.80815e-10
-3.77736e-10
-1.81462e-10
-4.09492e-11
7.03737e-11
1.61855e-10
2.37411e-10
3.02297e-10
3.59744e-10
4.12805e-10
4.60102e-10
4.39041e-10
4.09916e-10
6.50349e-10
7.71971e-09
2.97779e-08
5.55742e-08
8.41591e-08
2.46013e-07
8.60944e-07
9.09509e-07
-7.26594e-07
-1.30946e-06
4.31e-06
1.33041e-05
6.7935e-06
5.24438e-06
0.000100233
0.000580312
0.00164071
0.00331702
0.0056231
0.00856806
0.0116726
0.0147065
0.0176884
0.0205699
0.0233513
0.026103
0.0289558
0.0326728
0.0368692
0.0413002
0.0461357
0.0518004
0.057714
0.0641342
0.06994
0.0733901
0.0763317
0.0790961
0.0813906
0.084149
0.0874816
0.091275
0.0954859
0.0980426
0.0977426
0.0964917
0.0941397
0.090797
0.086437
0.0813986
0.0758055
0.0685489
0.060339
0.0523182
0.0449191
0.0384188
0.032722
0.027892
0.0238409
0.0204549
0.0176686
0.0153893
0.0135399
0.0120468
0.0108201
0.00978232
0.0088919
0.00811307
0.00742313
0.00680795
0.00625319
0.00574673
0.00529068
0.00487611
0.00448336
0.00413252
0.00380757
0.0035055
0.00324497
0.00301006
0.00281329
0.00265683
0.00254322
0.0024854
0.00249083
0.00257409
0.00277991
0.00310854
0.00362229
0.00457031
0.00653764
0.010347
0.0164112
0.0264084
0.0397756
0.0573754
0.0758041
0.091819
0.103794
0.108076
0.107915
0.103525
0.0967567
0.0889972
0.0814573
0.0777695
0.0804185
0.0882453
0.0980042
0.107024
0.113143
0.112851
0.108948
0.100892
0.0901621
0.078493
0.0675313
0.0585643
0.052496
0.0499241
0.0512052
0.0565044
0.0657952
0.0786192
0.0943952
0.109929
0.120176
0.130614
0.141245
0.150273
0.15784
0.164857
0.172331
0.180786
0.190181
0.200147
0.210172
0.21986
0.229136
0.238551
0.249279
0.262268
-2.01146e-24
8.37665e-24
-1.22172e-23
-5.12759e-23
3.90055e-22
-1.16255e-21
1.0489e-21
3.88004e-21
-1.16942e-20
-1.22558e-20
8.75562e-20
2.03081e-19
-2.58874e-18
5.35952e-18
7.0324e-18
2.69774e-17
8.29723e-17
-2.46681e-17
-3.75517e-16
3.53085e-15
6.50827e-15
8.13497e-15
1.65233e-14
5.33347e-14
1.47446e-13
4.23361e-13
9.64406e-13
-6.84221e-13
-7.38465e-13
5.06659e-12
3.48385e-11
1.37867e-10
3.42368e-10
5.79409e-10
6.60662e-10
2.70185e-10
-1.37941e-10
-4.03693e-10
-4.77515e-10
-4.24979e-10
-3.17711e-10
-2.14819e-10
-1.338e-10
-7.47216e-11
-3.18284e-11
1.01401e-12
2.56173e-11
4.28371e-11
5.31656e-11
5.65806e-11
5.58182e-11
5.42374e-11
5.49392e-11
5.78604e-11
6.36695e-11
7.34143e-11
8.46911e-11
1.28309e-10
1.96589e-10
7.74287e-10
2.07017e-09
6.26662e-09
1.97266e-08
7.88406e-08
2.24496e-07
3.42045e-07
4.68138e-07
8.92992e-07
1.47196e-06
-9.29356e-07
-5.39156e-06
-6.76454e-06
-4.44269e-06
-8.65086e-06
-1.54799e-05
-2.50728e-05
2.30057e-05
0.000317381
0.000852566
0.00156075
0.00237493
0.00323988
0.00409775
0.00491318
0.00570881
0.00664939
0.00789807
0.00948291
0.0115213
0.0141692
0.0174559
0.0217649
0.0273639
0.0334707
0.0399063
0.0460613
0.0515872
0.0558138
0.0585758
0.0593543
0.0585648
0.0564004
0.0532326
0.0491027
0.0438261
0.0378801
0.0316803
0.0257452
0.0203229
0.0156885
0.0121846
0.00959669
0.00766817
0.00622811
0.00512105
0.00427631
0.00362264
0.00310983
0.0027092
0.00239275
0.00213893
0.00193608
0.00177151
0.00163459
0.00151923
0.00141913
0.00132968
0.0012475
0.00116932
0.00109273
0.00101831
0.000944873
0.000870041
0.000798774
0.000728934
0.000661527
0.000600571
0.00054428
0.000495059
0.000453714
0.000420428
0.000397201
0.000384505
0.000384233
0.000401615
0.000437162
0.000498648
0.00059308
0.000732357
0.000941592
0.0013777
0.0030389
0.0067824
0.0141211
0.026613
0.0436064
0.0639235
0.0827984
0.0966267
0.103695
0.105525
0.106355
0.106768
0.10743
0.10853
0.109903
0.110176
0.108491
0.104366
0.0958569
0.083519
0.0695284
0.0555985
0.0430719
0.0326811
0.0247121
0.0192426
0.0160944
0.0151334
0.0163307
0.01977
0.0259529
0.0353053
0.0478769
0.0632932
0.080639
0.0988161
0.117312
0.135862
0.150919
0.160871
0.168169
0.173964
0.178838
0.182889
0.185546
0.186687
0.187282
0.186475
0.189715
-2.00598e-25
3.76114e-25
1.70051e-25
-2.47251e-25
-2.83619e-23
2.69455e-22
-1.47742e-21
6.10334e-21
-2.15589e-20
6.88172e-20
-2.01686e-19
5.24505e-19
-1.06501e-18
8.98725e-19
2.45733e-18
-4.0593e-18
-4.98644e-18
-1.14823e-17
-1.68624e-17
7.93542e-17
1.26617e-16
1.74811e-16
4.50458e-16
1.45791e-15
3.50776e-15
8.62729e-15
4.69577e-15
8.2689e-14
4.2574e-13
1.63644e-12
3.60507e-12
8.72224e-12
1.59137e-11
5.69737e-11
9.67671e-11
9.37424e-11
4.74211e-11
5.24973e-12
-9.49762e-12
-1.3215e-11
-1.17695e-11
-8.64709e-12
-5.52346e-12
-2.80676e-12
-6.599e-13
9.73275e-13
2.69022e-12
3.46177e-12
3.94782e-12
4.28377e-12
4.54119e-12
4.77432e-12
5.05403e-12
5.40862e-12
5.92827e-12
6.67313e-12
7.63118e-12
1.1655e-11
2.62601e-11
7.7276e-11
2.9688e-10
2.01731e-09
7.51145e-09
2.3555e-08
5.21032e-08
9.61894e-08
1.62427e-07
3.51217e-07
5.66346e-07
6.0548e-07
6.3166e-07
6.18821e-07
-2.32497e-06
-7.76439e-06
-1.47078e-05
-1.95007e-05
-2.35545e-05
-2.49664e-05
-2.58455e-05
-2.62256e-05
-2.47137e-05
-2.01188e-05
-1.2109e-05
-2.22595e-06
7.27027e-06
1.48548e-05
2.08326e-05
2.61492e-05
3.29842e-05
0.000123118
0.000385032
0.000918086
0.00184504
0.00318057
0.00497758
0.00707273
0.0094758
0.0119184
0.0144256
0.0165536
0.0177553
0.0175047
0.0158337
0.0129871
0.0095463
0.00666955
0.00464924
0.00329111
0.00236767
0.00172937
0.00128392
0.000970701
0.00074903
0.000592074
0.000478096
0.000395808
0.000335492
0.000290659
0.000257616
0.000233117
0.000214775
0.000201356
0.000191493
0.000184072
0.000178451
0.000173891
0.00016981
0.000165719
0.000161097
0.000155543
0.000149079
0.000141525
0.00013254
0.00012305
0.000112774
0.000102131
9.189e-05
8.19858e-05
7.29073e-05
6.49218e-05
5.80835e-05
5.27416e-05
4.8898e-05
4.68067e-05
4.70159e-05
4.95104e-05
5.50692e-05
6.49867e-05
8.30477e-05
0.000117774
0.000166133
0.000200631
0.000259283
0.000715346
0.00303619
0.00863023
0.0195219
0.0362527
0.0552402
0.0736025
0.0859966
0.0944334
0.0991923
0.101138
0.100917
0.0987561
0.0931981
0.083827
0.0718337
0.0585089
0.0450093
0.0325965
0.0224517
0.014882
0.00956163
0.00612656
0.00437273
0.00360817
0.00346306
0.00383688
0.00479218
0.00650686
0.00923992
0.0133383
0.0193237
0.0279116
0.0388764
0.0514149
0.0646952
0.0776862
0.0894461
0.0993834
0.107176
0.112681
0.115974
0.117425
0.117444
0.117042
0.11583
0.117201
1.71954e-26
-5.51875e-26
-1.96094e-26
1.07862e-24
-6.07201e-24
2.06616e-23
-4.93247e-23
1.20103e-22
-4.73108e-22
1.95932e-21
-5.64284e-21
8.41477e-21
1.56531e-21
-1.85107e-20
-2.01305e-20
5.68066e-20
-7.10514e-19
5.49995e-19
2.91164e-18
-7.32086e-18
-1.34476e-17
-3.01539e-17
-3.03686e-17
-4.63437e-18
9.9466e-17
3.51897e-16
8.29742e-16
1.02789e-14
1.68175e-14
5.81775e-14
1.58509e-13
5.41068e-13
1.23717e-12
2.16683e-12
1.65143e-12
3.71004e-12
4.665e-12
2.3349e-12
5.95433e-15
-9.99937e-13
-9.09332e-13
-6.48845e-13
-2.12881e-13
4.83292e-13
1.28918e-12
1.77747e-12
1.92603e-12
1.95673e-12
1.90611e-12
1.84356e-12
1.81342e-12
1.82718e-12
1.87947e-12
1.94233e-12
2.05859e-12
2.19274e-12
2.37352e-12
2.6412e-12
3.3745e-12
8.00657e-12
3.95458e-11
2.49194e-10
8.93574e-10
2.43505e-09
6.23787e-09
1.87456e-08
4.47872e-08
9.93944e-08
1.83556e-07
2.81971e-07
4.16626e-07
6.53037e-07
6.05214e-07
2.08266e-07
-8.82328e-07
-2.39337e-06
-6.71059e-06
-1.21216e-05
-1.71841e-05
-2.20474e-05
-2.56951e-05
-2.85948e-05
-3.24124e-05
-3.48491e-05
-3.57606e-05
-3.51602e-05
-3.29724e-05
-2.92248e-05
-2.40768e-05
-1.6836e-05
-1.00646e-05
-4.82606e-06
-8.27871e-07
2.49113e-06
6.75605e-06
1.72141e-05
4.50696e-05
0.000101604
0.000183758
0.000270746
0.000342924
0.00038048
0.000379681
0.00034538
0.000289182
0.000225441
0.000163915
0.000111794
7.14546e-05
4.24052e-05
2.27688e-05
1.01443e-05
2.45932e-06
-1.87897e-06
-3.98364e-06
-4.53105e-06
-4.09688e-06
-3.08316e-06
-1.73797e-06
-2.44127e-07
1.28199e-06
2.78609e-06
4.20612e-06
5.51109e-06
6.7129e-06
7.79393e-06
8.72717e-06
9.4792e-06
1.00081e-05
1.02798e-05
1.02962e-05
1.00478e-05
9.50367e-06
8.75607e-06
7.78175e-06
6.64648e-06
5.43389e-06
4.16091e-06
2.89255e-06
1.67747e-06
5.32235e-07
-4.9074e-07
-1.3941e-06
-2.16343e-06
-2.74634e-06
-3.12184e-06
-3.20596e-06
-2.80349e-06
-1.42886e-06
2.32776e-06
1.13563e-05
2.8329e-05
7.12491e-05
0.000148544
0.000137664
0.000215407
0.00158091
0.0062001
0.0146464
0.0282589
0.0408315
0.0514571
0.0590923
0.0632102
0.0628667
0.0580521
0.0489417
0.0382019
0.027956
0.0191803
0.0120708
0.00706149
0.00424134
0.00268281
0.00178678
0.00130367
0.00115151
0.00112297
0.00116539
0.00128943
0.00154404
0.00198431
0.00266705
0.00370274
0.00532343
0.00773969
0.0110678
0.0152026
0.0199069
0.0249405
0.0300505
0.0349532
0.0393714
0.0430604
0.0460603
0.0486977
0.0514234
0.0551209
0.05907
0.0674206
-7.71175e-28
1.41035e-26
-7.43983e-26
2.40772e-25
-4.96784e-25
2.22656e-25
3.00811e-24
-1.64622e-23
6.21622e-23
-2.04296e-22
5.85985e-22
-1.41268e-21
2.46401e-21
-7.13644e-22
-9.1887e-21
1.26942e-20
3.50438e-21
3.43578e-20
1.20547e-19
-1.80736e-20
-6.33199e-19
-2.00683e-18
-3.13916e-18
-6.75812e-18
-1.84418e-17
-2.80171e-17
2.802e-17
2.18874e-16
6.4212e-16
2.76108e-15
9.6045e-15
3.64532e-14
9.22915e-14
1.71052e-13
-1.02462e-13
-3.19129e-13
-3.00577e-13
-2.68373e-13
-2.36947e-13
-1.79625e-13
-2.34973e-13
-1.97751e-13
1.60909e-12
4.57798e-12
7.61505e-12
8.83229e-12
9.16296e-12
9.14289e-12
8.58848e-12
7.71865e-12
6.85621e-12
6.14772e-12
5.54192e-12
5.0545e-12
4.74695e-12
4.6507e-12
4.76574e-12
5.04129e-12
5.44214e-12
6.25422e-12
1.02777e-11
2.94429e-11
9.00224e-11
2.98392e-10
8.65418e-10
2.3612e-09
5.57374e-09
1.19178e-08
2.8457e-08
6.52795e-08
1.33017e-07
2.1109e-07
2.84244e-07
3.45569e-07
3.53214e-07
2.19742e-07
-3.52149e-07
-1.76766e-06
-4.12057e-06
-7.77822e-06
-1.18524e-05
-1.58793e-05
-1.94064e-05
-2.19318e-05
-2.34148e-05
-2.39476e-05
-2.35856e-05
-2.22879e-05
-1.98534e-05
-1.7265e-05
-1.38085e-05
-1.00825e-05
-6.56933e-06
-3.60607e-06
-1.18617e-06
1.01624e-06
2.3287e-06
2.24905e-06
1.34006e-06
-3.54695e-07
-2.75931e-06
-5.70011e-06
-8.94048e-06
-1.22149e-05
-1.52648e-05
-1.78773e-05
-1.99019e-05
-2.12826e-05
-2.20386e-05
-2.22506e-05
-2.20405e-05
-2.14791e-05
-2.06423e-05
-1.95717e-05
-1.77872e-05
-1.57498e-05
-1.37082e-05
-1.17922e-05
-1.00651e-05
-8.54303e-06
-7.20113e-06
-6.00132e-06
-4.94748e-06
-4.09318e-06
-3.43892e-06
-2.89413e-06
-2.44371e-06
-2.08936e-06
-1.83579e-06
-1.6893e-06
-1.66288e-06
-1.73842e-06
-1.89957e-06
-2.14991e-06
-2.47281e-06
-2.85661e-06
-3.28355e-06
-3.7538e-06
-4.24802e-06
-4.74821e-06
-5.24519e-06
-5.72935e-06
-6.19643e-06
-6.75962e-06
-7.36483e-06
-7.97961e-06
-8.55711e-06
-9.1132e-06
-9.66616e-06
-9.61824e-06
-8.73287e-06
-5.61137e-06
4.57574e-06
1.14861e-05
2.23043e-05
6.72346e-05
0.000110117
4.94747e-05
0.000597982
0.00335008
0.00715198
0.0112851
0.0146813
0.0164373
0.0155924
0.0126225
0.00884289
0.00579467
0.00372281
0.00236341
0.00150502
0.00107534
0.000901161
0.000619844
0.000616134
0.00100281
0.00156971
0.00203526
0.00224537
0.00219733
0.00202156
0.00188091
0.00187639
0.00201383
0.00230661
0.00275414
0.0037934
0.00547608
0.00759026
0.00966021
0.0117041
0.0138363
0.0161025
0.018528
0.0211304
0.0241351
0.0288045
0.0357118
0.0420678
0.0584847
2.22328e-26
-4.40479e-26
-6.74309e-26
9.13352e-25
-3.68031e-24
7.86153e-24
-4.20103e-24
-2.18401e-23
4.55654e-23
2.29507e-23
-1.68417e-22
1.08115e-22
2.83265e-22
-6.83631e-22
-6.56814e-22
3.54273e-21
1.52753e-20
2.74166e-20
2.86398e-20
2.82137e-20
7.76251e-20
1.97144e-19
4.33553e-19
7.31528e-19
8.7386e-20
-2.76419e-18
-2.16973e-18
6.6521e-18
3.17504e-18
7.12132e-17
5.01616e-16
2.67275e-15
6.67795e-15
1.1627e-14
-2.54173e-14
-6.40589e-14
-7.60458e-14
-8.48963e-14
-2.89652e-14
-1.8662e-14
-8.03824e-13
-3.27422e-12
1.6124e-11
5.15477e-11
7.15252e-11
8.5613e-11
1.03108e-10
1.1614e-10
1.1988e-10
1.17886e-10
1.11716e-10
1.01265e-10
8.7298e-11
7.32869e-11
6.17933e-11
5.38166e-11
4.94384e-11
4.78373e-11
4.80728e-11
4.848e-11
4.87956e-11
4.97236e-11
5.66905e-11
8.62978e-11
1.76297e-10
3.64058e-10
8.39985e-10
1.58861e-09
2.70056e-09
5.50665e-09
1.37968e-08
2.69981e-08
5.28371e-08
9.01111e-08
1.2126e-07
1.26589e-07
1.17519e-07
8.76332e-08
-7.32512e-08
-6.16997e-07
-1.55582e-06
-2.812e-06
-4.2227e-06
-5.60894e-06
-6.8061e-06
-7.62574e-06
-8.02776e-06
-7.9988e-06
-7.63929e-06
-6.96425e-06
-6.05362e-06
-4.97134e-06
-3.82303e-06
-2.71164e-06
-1.72655e-06
-9.19537e-07
-2.81768e-07
1.07315e-07
2.10106e-07
8.54773e-08
-3.69714e-07
-1.02168e-06
-1.84611e-06
-2.85587e-06
-3.97751e-06
-5.09167e-06
-5.99528e-06
-6.59718e-06
-6.86377e-06
-6.77963e-06
-6.38311e-06
-5.74105e-06
-4.95356e-06
-4.18277e-06
-3.52207e-06
-2.98959e-06
-2.56244e-06
-2.21771e-06
-1.93543e-06
-1.68045e-06
-1.42949e-06
-1.17535e-06
-9.18918e-07
-6.69648e-07
-4.40534e-07
-2.43264e-07
-9.04392e-08
3.38547e-09
-8.81551e-10
-1.0196e-07
-2.18495e-07
-4.0774e-07
-7.15971e-07
-1.12337e-06
-1.54602e-06
-1.95754e-06
-2.38736e-06
-2.99812e-06
-3.46806e-06
-3.76979e-06
-3.90243e-06
-3.90359e-06
-3.82535e-06
-3.74422e-06
-3.6814e-06
-3.66933e-06
-3.8501e-06
-4.31009e-06
-5.04826e-06
-6.0197e-06
-6.87169e-06
-7.01048e-06
-5.87847e-06
-4.07905e-06
1.698e-06
1.44071e-05
-1.68816e-06
5.99599e-07
1.58349e-05
-2.99131e-05
-6.57353e-05
-6.78512e-05
-3.94601e-05
-1.55894e-05
-2.98681e-08
9.81026e-06
2.1144e-05
3.74918e-05
3.43756e-05
5.40603e-05
0.000355415
0.00169817
0.00482756
0.00965378
0.0160442
0.0234816
0.0301312
0.03459
0.0362462
0.0350892
0.0315915
0.0265465
0.0209232
0.0157332
0.0119485
0.00963624
0.00847022
0.0082327
0.00871825
0.00976522
0.0114648
0.0140748
0.0178255
0.0227868
0.0287099
0.0360561
0.0452194
0.0575532
0.0696615
0.0938742
1.63956e-25
-1.91531e-24
9.29105e-24
-2.98458e-23
6.68632e-23
-9.04273e-23
4.34549e-23
2.4753e-23
1.1863e-22
-2.31536e-22
-8.32957e-22
1.92949e-21
1.03898e-21
-5.08503e-21
-1.27393e-21
-2.89429e-20
-9.07392e-20
-1.54038e-19
-1.92337e-19
-2.05391e-19
-1.78946e-19
-9.02296e-20
6.87329e-20
3.30894e-19
7.38382e-19
1.04908e-18
1.21324e-18
1.87984e-18
3.23168e-18
-4.11394e-18
-8.13392e-18
1.46361e-16
1.26127e-16
-4.121e-16
-1.26149e-15
-4.45979e-15
-4.7205e-15
-3.40203e-14
5.63236e-14
-3.41921e-13
-4.32806e-12
-2.08862e-11
1.10453e-11
2.09411e-10
5.70725e-10
1.06128e-09
1.45847e-09
1.64619e-09
1.74873e-09
1.76548e-09
1.6255e-09
1.35039e-09
1.03368e-09
7.74592e-10
6.03627e-10
5.07327e-10
4.73141e-10
4.88337e-10
5.4011e-10
6.02417e-10
6.62186e-10
6.98306e-10
7.05024e-10
6.85779e-10
6.55682e-10
6.36898e-10
6.62528e-10
7.76941e-10
9.9776e-10
1.36545e-09
1.90686e-09
2.20301e-09
2.12298e-09
4.22794e-09
1.05278e-08
2.05888e-08
2.73511e-08
2.90238e-08
2.26363e-08
7.74314e-09
-5.26163e-09
-2.01635e-08
-3.83545e-08
-6.41543e-08
-1.38714e-07
-2.30701e-07
-3.16526e-07
-3.8084e-07
-4.25882e-07
-4.45332e-07
-4.46395e-07
-4.29584e-07
-3.98587e-07
-3.52029e-07
-3.00936e-07
-2.39082e-07
-1.59324e-07
-8.28749e-08
-2.79864e-08
-4.63862e-09
-1.81527e-08
-5.64234e-08
-1.16542e-07
-1.96461e-07
-2.8766e-07
-3.79556e-07
-4.60143e-07
-5.20969e-07
-5.58251e-07
-5.78872e-07
-6.08828e-07
-6.64883e-07
-7.56227e-07
-8.68796e-07
-1.00333e-06
-1.12784e-06
-1.20604e-06
-1.23566e-06
-1.22007e-06
-1.14658e-06
-9.80939e-07
-7.37395e-07
-4.44729e-07
-1.41325e-07
1.42825e-07
3.90203e-07
5.71959e-07
5.95112e-07
3.64402e-07
-1.89437e-07
-9.2807e-07
-1.8163e-06
-2.84984e-06
-3.98996e-06
-4.98352e-06
-5.67134e-06
-6.09108e-06
-6.14046e-06
-5.486e-06
-4.94115e-06
-4.13181e-06
-2.8527e-06
-1.08047e-06
1.04496e-06
3.27409e-06
5.35413e-06
7.03151e-06
8.13447e-06
8.57683e-06
8.16475e-06
7.15315e-06
5.56537e-06
4.07853e-06
3.03873e-06
3.77871e-06
5.06727e-06
3.81935e-06
2.7786e-06
-2.016e-05
-4.53534e-05
-6.78294e-05
-7.68216e-05
-6.87094e-05
-5.2047e-05
-2.1738e-05
1.21758e-05
4.96168e-05
0.000278706
0.0013329
0.0046119
0.0109081
0.0213045
0.03566
0.0512854
0.0664276
0.0795753
0.0893286
0.0950586
0.0967276
0.0946586
0.0894083
0.0817104
0.0724743
0.0626963
0.0533695
0.045317
0.0390726
0.0349368
0.0331069
0.033747
0.0370114
0.0430353
0.051845
0.0631332
0.0761176
0.0900483
0.104006
0.118847
0.129344
0.144008
-9.37578e-25
-2.95865e-25
1.78486e-23
-1.01872e-22
3.38189e-22
-6.58865e-22
3.36016e-22
1.74582e-21
-3.83468e-21
-1.37201e-21
1.37919e-20
-1.03936e-20
-1.74476e-20
3.66507e-20
-1.49339e-19
-7.27041e-19
-2.0028e-18
-2.47431e-18
9.22281e-19
3.85869e-18
6.42394e-18
8.51739e-18
9.88324e-18
1.0422e-17
1.04598e-17
1.06401e-17
1.15017e-17
1.31856e-17
1.57164e-17
1.83897e-17
2.1662e-17
1.73386e-17
1.801e-17
3.17638e-17
-4.23151e-17
-2.3222e-16
-2.93937e-16
-5.78068e-15
-3.39872e-13
-6.82021e-12
-5.10052e-11
-1.82745e-10
-3.26288e-10
-5.81524e-11
1.40957e-09
3.79705e-09
6.24335e-09
8.38227e-09
1.03047e-08
1.12328e-08
1.09206e-08
9.66325e-09
8.10536e-09
6.67476e-09
5.61466e-09
4.8673e-09
4.39241e-09
4.29014e-09
4.51399e-09
4.90886e-09
5.4108e-09
5.88151e-09
6.26009e-09
6.49021e-09
6.55608e-09
6.47809e-09
6.2895e-09
6.04158e-09
5.78252e-09
5.52204e-09
5.27257e-09
4.99165e-09
4.64404e-09
4.4351e-09
4.48751e-09
4.3461e-09
3.81848e-09
3.09163e-09
4.02691e-09
3.12598e-09
9.50368e-10
-1.34356e-09
-3.11848e-09
-4.06761e-09
-3.22954e-09
-9.89804e-10
1.54904e-09
3.95963e-09
6.00497e-09
7.67433e-09
8.94076e-09
9.76297e-09
1.01384e-08
9.99272e-09
9.23357e-09
8.00203e-09
7.382e-09
8.73193e-09
1.19779e-08
1.8969e-08
3.0067e-08
4.7779e-08
7.14313e-08
9.24309e-08
1.03772e-07
1.13037e-07
1.19155e-07
1.25518e-07
1.35069e-07
8.89113e-08
-1.33856e-07
-3.62458e-07
-5.94894e-07
-8.49755e-07
-1.11664e-06
-1.41308e-06
-1.61337e-06
-1.7068e-06
-1.63788e-06
-1.39377e-06
-1.0005e-06
-5.01813e-07
7.53246e-08
7.45655e-07
1.49237e-06
2.20415e-06
2.84413e-06
3.30312e-06
3.0723e-06
2.22712e-06
6.74229e-07
-1.64875e-06
-4.90477e-06
-8.5981e-06
-1.24938e-05
-1.50665e-05
-5.52855e-06
0.000130727
0.000468583
0.000956088
0.00155846
0.00216118
0.00272143
0.0031095
0.00328593
0.00321399
0.00303585
0.00278688
0.00251039
0.00220599
0.00191652
0.00162379
0.0013598
0.00110999
0.000892091
0.000698297
0.000538514
0.000414286
0.0003397
0.000293293
0.000283409
0.000308651
0.000383666
0.000527399
0.000787931
0.00148072
0.00419629
0.0100885
0.0197469
0.0347168
0.0537911
0.0742059
0.0925311
0.108268
0.121555
0.131734
0.137902
0.141378
0.14289
0.142434
0.139605
0.134481
0.127569
0.119696
0.111859
0.105073
0.100204
0.0978837
0.0985064
0.102242
0.109125
0.11873
0.127984
0.133097
0.13634
0.138664
0.140825
0.142723
0.143603
0.146162
-6.63842e-24
5.33207e-23
-2.22425e-22
6.10782e-22
-1.05861e-21
6.69732e-22
5.972e-22
3.71005e-21
-2.41944e-20
3.20715e-20
6.40605e-20
-2.07209e-19
-1.21864e-20
8.02099e-19
-1.50532e-18
3.02455e-18
9.07416e-18
5.90874e-18
2.93694e-18
-1.16297e-18
-5.82645e-18
-1.73956e-17
-3.98335e-17
-7.41425e-17
-1.16626e-16
-1.59586e-16
-1.94168e-16
-2.13646e-16
-2.15462e-16
-2.01307e-16
-1.76439e-16
-1.4794e-16
-1.12821e-16
-6.75403e-17
-2.56281e-17
-2.335e-17
-7.92052e-14
3.22559e-12
-3.52491e-11
-2.44828e-10
-7.71305e-10
-2.93379e-09
-6.54734e-09
-3.78388e-09
8.65243e-10
5.48902e-09
1.10528e-08
1.79189e-08
2.30995e-08
2.47694e-08
2.51631e-08
2.50993e-08
2.53402e-08
2.62421e-08
2.77067e-08
2.83658e-08
2.75455e-08
2.69314e-08
2.72954e-08
2.84933e-08
3.05828e-08
3.3165e-08
3.62291e-08
4.00148e-08
4.53662e-08
5.19848e-08
5.84374e-08
6.37579e-08
6.68924e-08
6.68667e-08
6.55794e-08
6.34228e-08
6.06443e-08
5.70902e-08
5.30433e-08
4.88205e-08
4.44975e-08
4.02298e-08
3.64204e-08
3.35764e-08
3.10746e-08
2.81366e-08
2.57517e-08
2.37843e-08
2.18257e-08
1.95588e-08
1.7249e-08
1.52358e-08
1.36246e-08
1.22659e-08
1.09399e-08
9.53229e-09
7.98196e-09
6.20937e-09
4.07827e-09
1.51254e-09
-1.46526e-09
-4.6855e-09
-7.62364e-09
-1.01513e-08
-1.62195e-08
-3.33542e-08
-7.26027e-08
-1.46662e-07
-2.74713e-07
-4.53608e-07
-6.93433e-07
-8.94362e-07
-8.9643e-07
-7.20447e-07
-1.00603e-06
-1.43674e-06
-1.90398e-06
-1.82361e-06
-9.27862e-07
8.01751e-07
3.18573e-06
5.68231e-06
7.72251e-06
9.00594e-06
9.50594e-06
9.45933e-06
9.67834e-06
1.20378e-05
2.06503e-05
4.32507e-05
9.39786e-05
0.000205451
0.000500124
0.00107828
0.00200914
0.00335327
0.00521778
0.0075633
0.0104739
0.0138275
0.0175912
0.0216979
0.0260498
0.030152
0.0339986
0.0372324
0.0399341
0.0418082
0.0428994
0.0430214
0.0421699
0.0402654
0.0376338
0.0341365
0.0303396
0.0260894
0.0218715
0.0178276
0.0143474
0.0113084
0.00876145
0.00674668
0.0055845
0.00486047
0.00471857
0.00504453
0.00610319
0.00859198
0.0138474
0.0222223
0.0365822
0.0561271
0.0763107
0.095211
0.112298
0.124167
0.129801
0.135128
0.140264
0.144773
0.148792
0.152342
0.155769
0.158475
0.159495
0.159599
0.159281
0.158636
0.157811
0.156967
0.156184
0.155421
0.154495
0.153121
0.150071
0.143815
0.137225
0.129769
0.121474
0.11102
0.0972159
0.0850148
0.0751894
0.0746494
5.67069e-24
9.36036e-23
-7.30372e-22
3.13381e-21
-8.9359e-21
1.47863e-20
-1.78906e-22
-6.39315e-20
1.1748e-19
7.70535e-20
-5.37666e-19
2.98564e-19
-1.33062e-19
6.94475e-18
1.48527e-17
4.39843e-17
1.91107e-17
-3.54756e-17
-1.7753e-15
-4.02358e-15
-7.56101e-15
-1.53028e-14
-2.92321e-14
-4.85921e-14
-6.9746e-14
-8.78839e-14
-9.91788e-14
-1.02211e-13
-9.82677e-14
-9.09947e-14
-8.59821e-14
-8.3713e-14
-8.62622e-14
-9.40461e-14
-1.07931e-13
-1.29096e-13
-1.60251e-13
5.18648e-11
7.62493e-11
-3.10945e-09
-1.06252e-08
-2.42554e-08
-5.26623e-08
-6.14291e-08
-4.11939e-08
-1.66083e-08
8.95146e-09
2.58812e-08
2.75642e-08
2.59207e-08
3.08504e-08
3.48985e-08
4.03051e-08
5.03181e-08
5.6958e-08
6.31257e-08
8.77827e-08
1.13751e-07
1.35537e-07
1.52465e-07
1.63705e-07
1.67021e-07
1.63035e-07
1.52809e-07
1.38506e-07
1.2195e-07
1.04772e-07
8.78438e-08
7.17624e-08
5.796e-08
4.69959e-08
3.88099e-08
3.30944e-08
2.95693e-08
2.79024e-08
2.77751e-08
2.8945e-08
3.11637e-08
3.42239e-08
3.80677e-08
4.22743e-08
4.62126e-08
4.98723e-08
5.33132e-08
5.66135e-08
5.98624e-08
6.31491e-08
6.66534e-08
7.03017e-08
7.42489e-08
7.83034e-08
8.25123e-08
8.64402e-08
9.02505e-08
9.33355e-08
9.61285e-08
9.83644e-08
1.01543e-07
1.08054e-07
1.21163e-07
1.40171e-07
1.61572e-07
1.77743e-07
1.53828e-07
4.04816e-08
-2.75321e-07
-8.56907e-07
-1.86359e-06
-2.84938e-06
8.67006e-06
0.00011327
0.000431016
0.000924783
0.00154528
0.00223191
0.00293084
0.00359128
0.00419896
0.00476621
0.00533697
0.00598624
0.00676937
0.00776892
0.00906336
0.010739
0.0128836
0.015562
0.0188349
0.0229465
0.0278879
0.0336889
0.0403024
0.0476487
0.0551367
0.0625353
0.0694374
0.0758324
0.0815508
0.086716
0.0911258
0.0950316
0.0983124
0.101096
0.103219
0.104848
0.105906
0.106382
0.106057
0.105147
0.103161
0.100502
0.0965647
0.0917103
0.0853391
0.0780914
0.06976
0.0608484
0.0516987
0.0456503
0.0414761
0.040487
0.0422613
0.0481295
0.0583572
0.0729839
0.0891082
0.106135
0.120411
0.127212
0.130777
0.130661
0.128283
0.124562
0.120486
0.116952
0.116362
0.120533
0.129321
0.139633
0.148021
0.153603
0.156574
0.157582
0.157034
0.155118
0.151823
0.14694
0.14004
0.130329
0.115856
0.0953113
0.0731928
0.0525189
0.0356745
0.0244989
0.019327
0.0172388
0.0172825
0.01804
0.0248263
8.75536e-23
-4.20064e-22
1.02403e-21
-9.45834e-23
-1.03143e-20
4.34996e-20
-6.05578e-20
-2.07624e-19
1.22891e-18
-2.19229e-18
-1.3721e-18
8.27658e-18
-6.23086e-18
-1.19519e-17
8.73244e-17
-8.84277e-16
-3.64189e-15
-2.28138e-16
-3.15848e-14
-9.85021e-14
-2.22975e-13
-5.34094e-13
-1.23137e-12
-2.44321e-12
-4.04415e-12
-5.60526e-12
-6.55912e-12
-6.45942e-12
-5.1331e-12
-2.69678e-12
5.03229e-13
3.96783e-12
7.2035e-12
9.88497e-12
1.20529e-11
1.39552e-11
1.62799e-11
1.78287e-11
-9.91688e-09
-6.33241e-08
-1.61026e-07
-2.05365e-07
-1.35682e-07
-1.51538e-07
-3.20043e-07
-4.05965e-07
-3.88451e-07
-3.64638e-07
-2.47326e-07
-5.00153e-09
4.72112e-08
4.48466e-08
3.06494e-08
2.51911e-08
2.39941e-08
3.02675e-07
7.16784e-07
1.19755e-06
1.6958e-06
2.18098e-06
2.67208e-06
3.16506e-06
3.69219e-06
4.24942e-06
4.85384e-06
5.48581e-06
6.15186e-06
6.82465e-06
7.52155e-06
8.21722e-06
8.95176e-06
9.70539e-06
1.05316e-05
1.14431e-05
1.24721e-05
1.36761e-05
1.50815e-05
1.67653e-05
1.87677e-05
2.11988e-05
2.41225e-05
2.7664e-05
3.19417e-05
3.70847e-05
4.32526e-05
5.05887e-05
5.91782e-05
6.92534e-05
8.06788e-05
9.36847e-05
0.000107931
0.000123632
0.000140088
0.000157781
0.000175826
0.000195271
0.000215821
0.000240367
0.000272422
0.000327191
0.000431335
0.00063673
0.000990473
0.00157817
0.00246104
0.00373993
0.00545249
0.00769029
0.0104005
0.0136145
0.0172608
0.0213139
0.0251892
0.0287901
0.0321126
0.0351705
0.0377852
0.0400252
0.042012
0.0438653
0.0459565
0.0485638
0.0518902
0.0559004
0.0605559
0.0658287
0.0716388
0.0778735
0.0843425
0.090794
0.0974687
0.103953
0.109202
0.113079
0.115937
0.118478
0.12082
0.123004
0.125061
0.126809
0.128301
0.130141
0.13159
0.132643
0.133646
0.134925
0.136068
0.136971
0.137613
0.137921
0.137952
0.137606
0.136941
0.135777
0.134436
0.131601
0.127384
0.122267
0.119444
0.118402
0.119839
0.123448
0.127795
0.132471
0.135162
0.13503
0.132149
0.126053
0.117252
0.105468
0.0879871
0.0695634
0.0542673
0.0442064
0.0400056
0.041066
0.0460634
0.0533992
0.0614413
0.0686225
0.0736259
0.0755929
0.0739521
0.0686896
0.0603535
0.0498943
0.038452
0.0277253
0.0197106
0.0138188
0.00948353
0.00638196
0.00428104
0.00293197
0.00209926
0.00163172
0.00142689
0.00141112
0.00152694
0.00174648
5.05417e-23
-1.05382e-21
6.27146e-21
-2.29779e-20
5.26677e-20
-1.17714e-20
-4.66142e-19
1.90067e-18
-2.63401e-18
-5.15829e-18
2.07246e-17
-3.36288e-17
-9.29187e-17
-1.36263e-15
-1.09397e-14
-2.81924e-14
-2.91787e-14
1.24692e-13
1.00428e-12
4.62634e-12
2.04866e-11
8.5846e-11
3.16417e-10
9.78857e-10
2.53412e-09
5.58548e-09
1.07166e-08
1.82704e-08
2.81842e-08
4.00218e-08
5.31201e-08
6.67047e-08
7.99295e-08
9.16686e-08
1.02183e-07
1.1198e-07
1.25256e-07
1.48526e-07
9.62779e-08
3.15076e-07
1.03699e-06
2.20415e-06
2.96423e-06
2.43202e-06
1.47684e-06
6.28858e-07
8.22766e-08
4.648e-07
3.01649e-06
1.84435e-05
9.4518e-05
0.000241978
0.000464341
0.000769422
0.00118308
0.00159194
0.00192663
0.00212966
0.00231481
0.00250155
0.00272
0.00295062
0.00319522
0.00341907
0.00361593
0.00375556
0.00384519
0.00387196
0.00386071
0.00381123
0.00375269
0.00368595
0.00363165
0.00359395
0.00357842
0.00359409
0.00364027
0.00372672
0.0038521
0.00402815
0.0042559
0.00454485
0.00490147
0.00533132
0.00584132
0.00643583
0.00710907
0.00787188
0.00869491
0.00959101
0.0105115
0.0114734
0.0124088
0.0133564
0.0142498
0.0151605
0.0160472
0.0170393
0.0181267
0.0196504
0.021632
0.0243096
0.0275831
0.0315976
0.0362023
0.0413946
0.0468998
0.0525903
0.0580827
0.0632001
0.0676365
0.0713126
0.0742055
0.0767068
0.0790403
0.0812523
0.083312
0.0856538
0.0880702
0.0901532
0.092515
0.0956702
0.0998754
0.104714
0.108001
0.110461
0.112475
0.114129
0.115435
0.116398
0.116957
0.117158
0.116839
0.116209
0.115032
0.113546
0.111425
0.108892
0.105649
0.101965
0.0971497
0.0911426
0.0840738
0.0767591
0.069275
0.0623073
0.0561821
0.0521066
0.0499942
0.0507649
0.0533924
0.0581911
0.0638398
0.0704409
0.077158
0.0843353
0.0914763
0.0981583
0.102058
0.104388
0.105737
0.105482
0.103211
0.0980879
0.0885753
0.0762619
0.0620557
0.0468103
0.031762
0.019766
0.0131311
0.00961945
0.00777417
0.00690611
0.00659825
0.0065365
0.00649082
0.00633799
0.00604451
0.00563924
0.00519588
0.00466498
0.00398398
0.00316811
0.00230688
0.00152244
0.00091972
0.000538084
0.000305935
0.000167985
8.7616e-05
4.1776e-05
1.6414e-05
3.04271e-06
-3.42089e-06
-5.98014e-06
-6.41975e-06
-5.80255e-06
-4.75291e-06
-3.65402e-06
-5.33968e-22
1.43324e-21
6.48237e-22
-2.63454e-20
1.59798e-19
-5.33865e-19
3.58153e-19
7.33053e-18
-4.59599e-17
1.25203e-16
-1.21012e-16
-4.15447e-15
-2.79754e-14
-8.89741e-14
-3.08395e-13
6.11029e-13
1.85372e-11
2.06973e-10
1.83135e-09
1.49027e-08
8.96132e-08
4.30704e-07
1.65131e-06
5.05041e-06
1.27131e-05
2.6951e-05
4.92202e-05
7.90128e-05
0.000113201
0.00014819
0.000181595
0.000211852
0.000237877
0.000258311
0.000273687
0.000283673
0.000297061
0.000322714
0.000770672
0.00112498
0.00133425
0.00144511
0.00162501
0.00206214
0.00284623
0.00398651
0.00556343
0.00751864
0.00963499
0.0116691
0.0136357
0.0153644
0.0168634
0.0182848
0.0205158
0.0225756
0.0240209
0.0255146
0.0267911
0.0276325
0.0283667
0.0290769
0.0301133
0.0315016
0.03354
0.0357245
0.0388769
0.0416307
0.0454404
0.0495049
0.0530191
0.0570007
0.0619387
0.0662378
0.0692352
0.0713586
0.0728726
0.0740815
0.075041
0.0759134
0.0766823
0.0773936
0.0780349
0.0785775
0.0790051
0.0792877
0.07937
0.0792982
0.0789721
0.0784853
0.0777506
0.0769082
0.0759378
0.0750806
0.0743968
0.0740969
0.0740416
0.0746138
0.0757581
0.0775546
0.0802034
0.0822352
0.0838074
0.0851077
0.0864025
0.0875622
0.0887454
0.0897652
0.0907279
0.0913631
0.0916963
0.0914765
0.0907323
0.089314
0.0872184
0.0843423
0.0807368
0.0763938
0.0703814
0.0614352
0.0510725
0.0416528
0.0340165
0.028378
0.0245795
0.022325
0.0209168
0.0198366
0.0188575
0.0178965
0.0168928
0.015855
0.0147241
0.0135693
0.0123265
0.01107
0.00977017
0.0084959
0.00724619
0.00609038
0.00502008
0.00407274
0.00322512
0.00249614
0.00187444
0.00137397
0.00104411
0.000911368
0.000866311
0.00106666
0.00146365
0.00230423
0.00346509
0.00523996
0.00747659
0.0105802
0.0146616
0.0199461
0.0227349
0.0242159
0.0230493
0.0199058
0.0157057
0.0114679
0.00782486
0.00515641
0.00331505
0.00208193
0.00127278
0.000754633
0.000435438
0.000247044
0.000138916
7.76176e-05
4.29223e-05
2.32438e-05
1.20894e-05
5.80753e-06
2.31321e-06
3.9899e-07
-6.42873e-07
-1.23093e-06
-1.60888e-06
-1.90342e-06
-2.15561e-06
-2.35863e-06
-2.49133e-06
-2.44835e-06
-2.28884e-06
-2.08402e-06
-1.87252e-06
-1.65735e-06
-1.44894e-06
-1.23481e-06
-1.02417e-06
-8.22201e-07
-6.91534e-07
-5.83364e-07
-5.04299e-07
-4.30056e-07
-1.08077e-21
6.45133e-21
-2.94523e-20
1.08192e-19
-2.04566e-19
-1.09267e-18
1.40857e-17
-7.47909e-17
1.75954e-16
1.34766e-16
-1.02494e-14
-1.03281e-13
-1.02557e-12
-1.73496e-12
2.92636e-12
6.58067e-11
7.29024e-10
6.75807e-09
5.87759e-08
5.28625e-07
4.28183e-06
3.82696e-05
0.000315879
0.00184599
0.00892561
0.0283267
0.0626231
0.109316
0.145948
0.155781
0.157564
0.15484
0.148134
0.137574
0.123854
0.10709
0.0878018
0.0657687
0.0444026
0.0272235
0.0152544
0.00858305
0.00683531
0.00909504
0.0141697
0.021401
0.0311331
0.0421661
0.0476195
0.0493773
0.0494428
0.0479351
0.0443074
0.0367297
0.0262706
0.0178272
0.0134687
0.0125831
0.0120667
0.0118343
0.0119102
0.0124469
0.0134442
0.0150028
0.0170332
0.0195005
0.0221869
0.0249193
0.0274259
0.0295596
0.0312344
0.0325087
0.0333303
0.0337867
0.0339643
0.033898
0.0336884
0.0333249
0.0329142
0.0324305
0.0319436
0.0314412
0.0309314
0.030419
0.0298908
0.0293325
0.0287599
0.0280962
0.0274217
0.0265966
0.0257442
0.0247009
0.023614
0.0223099
0.0209397
0.0193375
0.0176604
0.0157591
0.0138214
0.0117329
0.00972979
0.00786494
0.00618069
0.00471273
0.00348961
0.00251545
0.00177578
0.00125231
0.000944112
0.000862645
0.000990005
0.00127626
0.00163914
0.00197412
0.0021666
0.00215191
0.00194794
0.00160772
0.00119687
0.000795481
0.000473464
0.000257128
0.000132101
6.82265e-05
3.86641e-05
2.59135e-05
2.05289e-05
1.80533e-05
1.65917e-05
1.54102e-05
1.42546e-05
1.30604e-05
1.18221e-05
1.05574e-05
9.28558e-06
8.03055e-06
6.81749e-06
5.67969e-06
4.64422e-06
3.72558e-06
2.92167e-06
2.22472e-06
1.62459e-06
1.12403e-06
7.31076e-07
4.43835e-07
2.48929e-07
1.30947e-07
6.40328e-08
5.35253e-08
7.44633e-08
1.66842e-07
3.12094e-07
6.14943e-07
1.09815e-06
2.10235e-06
4.10349e-06
8.25528e-06
8.46505e-06
7.21708e-06
4.08362e-06
3.85903e-07
-2.95177e-06
-5.19414e-06
-6.07672e-06
-5.72315e-06
-4.5345e-06
-3.08879e-06
-1.84376e-06
-9.82809e-07
-4.80283e-07
-2.29281e-07
-1.25501e-07
-9.56113e-08
-9.58937e-08
-1.03613e-07
-1.09707e-07
-1.1231e-07
-1.11325e-07
-1.06905e-07
-9.92125e-08
-8.99802e-08
-8.02582e-08
-7.02217e-08
-5.96628e-08
-4.85677e-08
-3.79299e-08
-2.84467e-08
-2.04707e-08
-1.39652e-08
-8.87566e-09
-5.1254e-09
-2.58708e-09
-1.12906e-09
-6.27284e-10
-5.10618e-10
-7.69442e-10
-1.98858e-09
-4.1332e-09
-5.71372e-09
)
;

boundaryField
{
    inlet
    {
        type            uniformFixedValue;
        uniformValue    table;
        uniformValueCoeffs
        {
            values          
4
(
(0 1)
(0.15 1)
(0.151 0)
(1 0)
)
;
        }
        value           uniform 0;
    }
    outlet
    {
        type            inletOutlet;
        inletValue      uniform 0;
        value           nonuniform List<scalar> 
20
(
-1.41261e-10
-6.7956e-08
9.4934e-05
0.016557
0.161498
0.271791
0.262268
0.189715
0.117201
0.0674206
0.0584847
0.0938742
0.144008
0.146162
0.0746494
0.0248263
0.00174648
-3.65402e-06
-4.30056e-07
-5.71372e-09
)
;
    }
    walls
    {
        type            zeroGradient;
    }
    frontAndBack
    {
        type            empty;
    }
}


// ************************************************************************* //
