/*--------------------------------*- C++ -*----------------------------------*\
| =========                 |                                                 |
| \\      /  F ield         | OpenFOAM: The Open Source CFD Toolbox           |
|  \\    /   O peration     | Version:  2506                                  |
|   \\  /    A nd           | Website:  www.openfoam.com                      |
|    \\/     M anipulation  |                                                 |
\*---------------------------------------------------------------------------*/
FoamFile
{
    version     2.0;
    format      ascii;
    arch        "LSB;label=32;scalar=64";
    class       volScalarField;
    location    "4.83";
    object      s;
}
// * * * * * * * * * * * * * * * * * * * * * * * * * * * * * * * * * * * * * //

dimensions      [0 0 0 0 0 0 0];

internalField   nonuniform List<scalar> 
4000
(
7.18235e-23
-4.31579e-22
2.227e-21
-1.0641e-20
4.51145e-20
-1.57357e-19
3.88701e-19
-3.0692e-19
-2.50715e-18
1.29339e-17
-2.39907e-17
-3.45536e-17
3.45627e-16
-6.14888e-16
-1.49315e-14
-1.62021e-13
-1.25269e-12
-2.16062e-11
-5.48334e-10
-9.57297e-10
4.15384e-09
9.02209e-08
1.22722e-06
1.20661e-05
9.45943e-05
0.00063258
0.00375286
0.0189377
0.0581935
0.114335
0.143623
0.146132
0.141255
0.122712
0.0661642
0.0133184
0.00490702
0.00577741
0.00709076
0.00856024
0.0101839
0.011766
0.0127286
0.0135019
0.014415
0.0150461
0.0155156
0.0160091
0.016535
0.0171354
0.0178718
0.0186826
0.0197083
0.0208925
0.0223241
0.0239941
0.0259372
0.0282438
0.0309296
0.034136
0.0378059
0.0417681
0.0456291
0.0489482
0.0514366
0.0529866
0.0536468
0.0534715
0.0520558
0.044401
0.0262244
0.00957352
0.00434718
0.00276512
0.00158409
0.00083886
0.000430221
0.000218266
0.000106832
4.7195e-05
1.91163e-05
8.48405e-06
4.12654e-06
2.01043e-06
9.61644e-07
4.39092e-07
1.91966e-07
8.14662e-08
3.37162e-08
1.35215e-08
5.21754e-09
1.93854e-09
6.88278e-10
2.26098e-10
5.20107e-11
-3.78299e-11
-1.55063e-10
-3.52904e-10
-6.52465e-10
-1.07176e-09
-1.11764e-09
-3.42418e-09
-1.70589e-08
-5.41781e-08
-1.23444e-07
-2.42536e-07
-4.1656e-07
-6.21903e-07
-8.60868e-07
-1.09207e-06
-1.20377e-06
-1.09552e-06
-5.74188e-07
4.36043e-07
2.05817e-06
4.21869e-06
5.23626e-05
0.000219815
0.000489651
0.000854492
0.00130055
0.00176858
0.00222677
0.00267757
0.00308153
0.00343437
0.0037316
0.00396151
0.00414077
0.00429778
0.00436895
0.0044192
0.00450371
0.00450775
0.00452162
0.00463438
0.00459242
0.00467319
0.00466121
0.00463332
0.00452178
0.00427509
0.00382823
0.00334733
0.00287439
0.00241977
0.0019848
0.0015789
0.00120838
0.000880812
0.000606823
0.000391839
0.000237211
0.000135294
7.33379e-05
3.80767e-05
1.90647e-05
9.22686e-06
4.23656e-06
1.72251e-06
5.08151e-07
-1.94301e-07
-8.12536e-07
-1.43803e-06
-2.14885e-06
-2.99834e-06
-3.89592e-06
-3.98501e-06
-3.65173e-06
-3.13299e-06
-2.48699e-06
-1.71614e-06
-8.18103e-07
1.93923e-07
3.26956e-06
1.04155e-05
2.12438e-05
3.35803e-05
4.1695e-05
3.83252e-05
2.80719e-05
1.71604e-05
9.60985e-06
6.5856e-06
5.84011e-06
5.36172e-06
4.86968e-06
4.3463e-06
3.80629e-06
3.26487e-06
2.73934e-06
2.24724e-06
1.80299e-06
1.41579e-06
1.08927e-06
8.22076e-07
6.08846e-07
4.41423e-07
3.10694e-07
2.08108e-07
5.41876e-23
-2.41656e-22
8.36067e-22
-2.63583e-21
7.06786e-21
-1.44676e-20
1.57695e-20
2.42056e-20
-1.59832e-19
3.49234e-19
-4.31782e-19
2.02564e-18
-1.71985e-17
8.45991e-17
-2.33898e-16
-3.28813e-15
-2.03802e-14
-3.25928e-13
-6.31821e-12
-4.04804e-11
1.23785e-11
1.33314e-09
2.11031e-08
2.31571e-07
2.00313e-06
1.47812e-05
9.40871e-05
0.000469437
0.0016048
0.00411053
0.00815665
0.0131487
0.0189504
0.0260349
0.0299087
0.0296014
0.0282936
0.0258339
0.0230017
0.0201003
0.016954
0.0141786
0.0118013
0.0102637
0.00905939
0.00813181
0.00737466
0.00678967
0.00630573
0.00591176
0.00561263
0.00536329
0.00520541
0.0050693
0.00506254
0.00516893
0.00542978
0.00595765
0.00661905
0.00775733
0.00918613
0.0111085
0.013624
0.0165127
0.0199063
0.0233817
0.0270671
0.0305401
0.033845
0.0362443
0.0363817
0.035509
0.034857
0.0346921
0.034772
0.0349209
0.0346737
0.0334118
0.0299983
0.0209708
0.00915763
0.00312186
0.00166066
0.0009679
0.000529223
0.00026521
0.000122552
5.38931e-05
2.325e-05
9.84022e-06
4.05963e-06
1.62791e-06
6.3836e-07
2.45717e-07
9.23764e-08
3.23589e-08
7.01178e-09
-8.8993e-09
-3.39703e-08
-8.08633e-08
-1.41541e-07
-2.29362e-07
-3.98064e-07
-7.37205e-07
-1.22997e-06
-1.92044e-06
-2.51364e-06
-2.58711e-06
-1.69379e-06
6.09693e-07
0.000352171
0.00120714
0.00266854
0.00466382
0.00714839
0.00986465
0.0127399
0.0159612
0.0192802
0.0225495
0.0255685
0.0282039
0.0304659
0.0324288
0.0341126
0.0355494
0.036769
0.0377908
0.0386496
0.0394001
0.0400126
0.0405295
0.0410267
0.041439
0.0418054
0.0422247
0.0425346
0.0428875
0.0431886
0.0434645
0.043689
0.0438317
0.043831
0.0437003
0.0430419
0.0422025
0.0406248
0.0386404
0.0361442
0.0330392
0.029661
0.0257004
0.0216527
0.0173208
0.0129951
0.0087644
0.00568052
0.00358965
0.00220951
0.00129313
0.000802568
0.000473274
0.000256755
0.000134544
7.25164e-05
9.62701e-05
0.000762397
0.00187832
0.00303316
0.00408374
0.00496699
0.00567727
0.0062552
0.00676685
0.00728353
0.00786826
0.00856869
0.00940818
0.0103216
0.011103
0.0115989
0.0117321
0.0114875
0.0108986
0.0100765
0.00915577
0.00821939
0.00734285
0.00657425
0.00587234
0.00519548
0.00452817
0.00387615
0.00325591
0.00268548
0.00217824
0.00173986
0.00136751
0.00105057
0.000767412
1.14941e-23
-3.59276e-23
2.60615e-23
1.42696e-22
-8.67524e-22
2.36507e-21
-2.17903e-21
-1.08977e-20
5.40753e-20
-8.53407e-20
-1.92725e-19
1.49531e-18
-4.10358e-18
3.31802e-18
9.00259e-18
-6.10654e-18
-1.4787e-17
-9.64403e-17
-2.63751e-13
6.61458e-13
1.97676e-13
5.07224e-13
5.84297e-12
6.25328e-11
5.44404e-10
3.91714e-09
2.1927e-08
8.57126e-08
2.6475e-07
5.37705e-07
1.26921e-06
2.60165e-06
4.94124e-06
4.73049e-05
0.00119273
0.00212555
0.00248012
0.00260405
0.00250616
0.00222664
0.00180205
0.00141848
0.00113947
0.00093699
0.000793663
0.000688811
0.000608168
0.000550645
0.000505714
0.000472288
0.000449612
0.000433658
0.000428668
0.000429781
0.00044102
0.000458565
0.000484272
0.000521489
0.000567215
0.000632758
0.00071224
0.000805472
0.0010246
0.00142886
0.00214113
0.0031646
0.00465213
0.00655821
0.00895757
0.0119111
0.0153738
0.0187536
0.021757
0.0245021
0.0271046
0.0298596
0.0325829
0.0344238
0.0363055
0.0388803
0.0387194
0.0372569
0.0350469
0.0314951
0.0243683
0.014355
0.00575607
0.00272527
0.00165704
0.00102597
0.000607288
0.00033761
0.000175614
8.72146e-05
4.24951e-05
2.05611e-05
9.81942e-06
4.59237e-06
1.99165e-06
6.22414e-07
-1.33125e-07
-3.3124e-07
4.26888e-07
3.27765e-06
1.11788e-05
3.06325e-05
0.000721842
0.00231425
0.00505616
0.00877184
0.01356
0.0188004
0.0248917
0.0310487
0.0364141
0.0409893
0.0447741
0.0479861
0.0503212
0.0518146
0.0526666
0.0533365
0.0539664
0.054558
0.0550409
0.0553585
0.055553
0.0556729
0.0557135
0.0557257
0.0557283
0.0557169
0.0556806
0.0556667
0.0556385
0.0555784
0.0555728
0.0555351
0.0555448
0.0555923
0.0557106
0.0559488
0.0563467
0.0568661
0.0573827
0.0578822
0.0582893
0.0585688
0.0586209
0.0583572
0.0577549
0.0565861
0.0549863
0.0527357
0.0499234
0.0456731
0.0397111
0.0322489
0.0246911
0.0172184
0.0123822
0.00878667
0.00716525
0.00741806
0.00951209
0.0129719
0.0184059
0.0243456
0.029429
0.0334189
0.0363587
0.0383228
0.0394807
0.0399762
0.0399433
0.039531
0.0389061
0.0382557
0.0377901
0.0377338
0.038291
0.0395991
0.0417252
0.0447396
0.0484786
0.0516983
0.0539351
0.0554326
0.056204
0.0561098
0.0550254
0.0531603
0.0508681
0.0484647
0.046189
0.0441974
0.0426201
0.0413941
0.040759
0.0396503
-4.13492e-24
2.05374e-23
-7.67396e-23
2.11025e-22
-4.22754e-22
4.1191e-22
6.98675e-22
-3.98846e-21
7.80465e-21
-3.81219e-21
-1.20439e-20
-2.39373e-20
3.72436e-19
-1.46831e-18
2.46396e-18
3.70298e-18
6.68161e-17
-2.52836e-16
1.68081e-14
5.77184e-14
7.11162e-14
1.08324e-14
-5.22906e-13
-4.95406e-12
-3.67731e-11
-2.65933e-10
-1.3256e-09
-9.59273e-10
5.69298e-09
2.83278e-08
6.67894e-08
1.78308e-07
3.64736e-07
5.94364e-07
1.11553e-07
5.46772e-08
8.16788e-08
1.84622e-07
3.11836e-07
4.05687e-07
4.27837e-07
4.17155e-07
4.0017e-07
3.82775e-07
3.70997e-07
3.64455e-07
3.62218e-07
3.69061e-07
3.81112e-07
4.01256e-07
4.32219e-07
4.73526e-07
5.34884e-07
6.15632e-07
7.3207e-07
8.78918e-07
1.06509e-06
1.30773e-06
1.63389e-06
2.12338e-06
2.8555e-06
4.03956e-06
5.8274e-06
8.31225e-06
1.16891e-05
1.597e-05
2.14067e-05
2.74963e-05
9.80729e-05
0.000460501
0.0012274
0.00245694
0.00409445
0.00615494
0.00869417
0.0115941
0.0150791
0.0187364
0.0225022
0.0266131
0.0306712
0.0349752
0.037426
0.0399947
0.0424042
0.0419121
0.0398729
0.0372537
0.0339862
0.0287445
0.0217969
0.0135404
0.0065022
0.00362004
0.00238735
0.00170419
0.00133197
0.00112155
0.000867856
0.000621954
0.000429941
0.000562899
0.0014064
0.00326495
0.00639308
0.0106037
0.0161348
0.022992
0.0305823
0.0373313
0.043162
0.0478039
0.0516966
0.0537986
0.0547022
0.0556109
0.0559275
0.0555583
0.0546548
0.053322
0.0516826
0.0499465
0.0480792
0.0460822
0.0440066
0.0419522
0.0400493
0.0383141
0.0367369
0.0352959
0.0340369
0.0329276
0.0318843
0.0309922
0.030183
0.0293693
0.0287158
0.028066
0.0275203
0.0270728
0.026753
0.0266347
0.0267808
0.0272267
0.028302
0.0297751
0.0320624
0.0348558
0.0380955
0.0416917
0.0452416
0.0487521
0.0515956
0.05311
0.0539696
0.0547439
0.0554725
0.0544388
0.0521235
0.0480893
0.0449278
0.0424023
0.0411213
0.0412773
0.0433949
0.046979
0.0513898
0.055182
0.0575707
0.0588905
0.0595457
0.0598738
0.0600702
0.06015
0.060128
0.0600102
0.0598013
0.0595146
0.0591763
0.0588269
0.0585237
0.0583429
0.0583541
0.0585807
0.0590026
0.05985
0.0618454
0.0648914
0.0687497
0.0730214
0.0765475
0.0777888
0.0782404
0.0782983
0.0780223
0.0774305
0.076548
0.0753837
0.0740282
0.0723669
-1.86539e-24
7.41954e-24
-1.65621e-23
2.46564e-23
-9.18844e-24
-5.42251e-23
1.04507e-22
6.1472e-23
-3.19609e-22
-1.85957e-21
1.56955e-20
-6.57804e-20
2.36868e-19
-9.90521e-19
5.04816e-18
-2.58804e-17
1.20746e-16
-5.05137e-16
1.93894e-15
2.45876e-15
3.02993e-15
7.32495e-15
6.77767e-15
1.51327e-14
3.52789e-13
-3.18213e-12
1.16069e-12
3.32809e-11
8.20205e-10
4.44659e-09
7.83808e-09
1.21535e-08
2.35312e-08
-4.8769e-10
-3.20027e-08
-8.51634e-08
-1.62249e-07
-1.98962e-07
-1.87491e-07
-1.60981e-07
-1.28141e-07
-9.87822e-08
-7.67103e-08
-6.15425e-08
-5.14916e-08
-4.48062e-08
-4.02756e-08
-3.73277e-08
-3.53367e-08
-3.40755e-08
-3.33986e-08
-3.31295e-08
-3.3403e-08
-3.40498e-08
-3.52963e-08
-3.64725e-08
-3.65005e-08
-3.50215e-08
-3.31986e-08
-3.1592e-08
-3.331e-08
-3.91821e-08
-5.56527e-08
-7.93206e-08
-9.71044e-08
-8.21178e-08
6.21401e-09
1.99942e-07
4.13011e-07
5.09975e-07
5.11691e-07
5.0728e-07
6.19023e-07
2.02658e-05
0.000287218
0.000840049
0.0017739
0.00316948
0.00507106
0.00760754
0.0107477
0.0148995
0.019271
0.0238591
0.0286142
0.0331845
0.0378099
0.0404417
0.0423687
0.0445293
0.0455509
0.0449926
0.0436528
0.0419772
0.0397773
0.036853
0.0329709
0.0292369
0.025369
0.0218167
0.0194957
0.0198394
0.0230326
0.0284919
0.0352799
0.0420027
0.0479359
0.0530561
0.055885
0.0568608
0.0576205
0.0574
0.0561907
0.0540193
0.0510832
0.0477984
0.0436867
0.0391879
0.0348048
0.0306036
0.0266738
0.0231505
0.0200808
0.0174442
0.0152188
0.0133543
0.0117979
0.0105036
0.00944725
0.00858631
0.00789499
0.00732545
0.00683084
0.00642359
0.00606679
0.00573697
0.00547042
0.00522167
0.0050158
0.00484843
0.00472509
0.00466338
0.00467477
0.00477099
0.00510665
0.0056499
0.00666744
0.00816514
0.0103027
0.0134279
0.0172488
0.0220678
0.0277451
0.0339984
0.0397181
0.0449413
0.0494778
0.0526861
0.0540879
0.0547959
0.0558654
0.0570833
0.0583201
0.0595303
0.0607015
0.0617001
0.0620376
0.0617748
0.0611497
0.0602752
0.0592685
0.05822
0.057174
0.0561542
0.0552239
0.0544353
0.0538328
0.0534554
0.0533343
0.0534848
0.0539007
0.0545548
0.055413
0.0564505
0.0576509
0.0589953
0.0604051
0.0617336
0.0631341
0.0649047
0.0675574
0.070985
0.0741093
0.0761736
0.077334
0.0778639
0.0779646
0.0776769
0.0771506
0.0745148
-2.2155e-26
-6.89904e-26
1.37592e-24
-4.858e-24
8.88956e-24
1.71207e-24
-5.09304e-23
1.21372e-22
-3.49749e-23
-6.10708e-22
2.36904e-21
-7.17966e-21
2.94395e-20
-1.50635e-19
7.08467e-19
-2.69126e-18
7.62095e-18
-1.45865e-17
-1.635e-17
-1.18809e-17
7.56271e-17
-1.79226e-16
7.40226e-16
4.04992e-15
6.97583e-14
7.00355e-13
-1.98699e-12
2.52751e-11
6.64452e-11
1.62327e-10
2.68357e-10
5.95262e-10
2.61986e-09
-3.98128e-09
-8.71138e-09
-1.37861e-08
-1.43028e-08
-1.19946e-08
-9.0189e-09
-6.31603e-09
-4.1831e-09
-2.76429e-09
-1.88076e-09
-1.33518e-09
-9.99325e-10
-7.85236e-10
-6.42204e-10
-5.4779e-10
-4.80096e-10
-4.31975e-10
-3.98466e-10
-3.74759e-10
-3.62885e-10
-3.59377e-10
-3.66581e-10
-6.85935e-10
-1.72113e-09
-3.50123e-09
-5.88945e-09
-9.31458e-09
-1.428e-08
-2.24144e-08
-3.52468e-08
-5.38442e-08
-7.31835e-08
-8.98609e-08
-9.6656e-08
-8.18402e-08
-4.70679e-08
-2.71154e-08
1.55392e-08
5.24853e-08
2.13346e-07
2.85699e-07
5.17907e-07
7.58476e-07
9.53032e-07
8.50965e-07
2.21084e-06
0.000150252
0.000585486
0.00143418
0.00279131
0.00471825
0.00724244
0.0105014
0.0147843
0.0193324
0.0237897
0.0283578
0.0327364
0.0377263
0.0419397
0.0442993
0.0459885
0.0472119
0.0489908
0.0512605
0.0531207
0.0543635
0.0557152
0.0571894
0.0586583
0.0599045
0.060622
0.0606794
0.0600258
0.0584547
0.0558788
0.0524017
0.0483797
0.0431747
0.0375169
0.0317526
0.0261915
0.0211942
0.0168927
0.0132971
0.0103817
0.00803206
0.00625923
0.00497303
0.0040301
0.00332216
0.00278308
0.00236618
0.00203993
0.00178233
0.001576
0.00140797
0.00127207
0.00115969
0.00106305
0.000983304
0.000913774
0.000851408
0.000800291
0.000753924
0.000715393
0.000684071
0.000660318
0.000646729
0.0006444
0.000655666
0.000679082
0.000712934
0.000767407
0.000842798
0.000938571
0.00131456
0.00211646
0.00365643
0.00609006
0.00993719
0.0150736
0.0212387
0.0280228
0.0354656
0.041918
0.0471384
0.0506873
0.0528969
0.054292
0.0549318
0.0546104
0.0533257
0.0506658
0.0472867
0.0438063
0.0404596
0.037364
0.0345769
0.0321202
0.0299921
0.028184
0.0266482
0.0253687
0.0243379
0.0235519
0.0230131
0.0227342
0.0227395
0.0230664
0.0237644
0.0248924
0.0265135
0.0286845
0.0314399
0.034774
0.0386235
0.0428489
0.0472781
0.0517096
0.055927
0.0597294
0.0629211
0.0653977
0.0668217
0.0677282
0.0658411
6.11782e-26
-2.4184e-25
5.54013e-25
-7.24871e-25
-2.89471e-25
3.65851e-24
-7.05998e-24
5.00053e-24
-4.60397e-24
7.18161e-23
-3.9556e-22
1.47537e-21
-5.43412e-21
2.42364e-20
-1.19216e-19
5.36511e-19
-2.00668e-18
5.66538e-18
-7.51745e-18
-4.05141e-17
-3.05191e-17
-1.22292e-16
6.91497e-17
5.73682e-16
1.13204e-14
5.61521e-14
9.21935e-14
2.66297e-12
3.98246e-12
8.47942e-12
1.21544e-11
8.96469e-11
3.4599e-11
-9.8079e-10
-1.23142e-09
-1.08998e-09
-8.70359e-10
-6.01666e-10
-3.6908e-10
-2.05129e-10
-1.04086e-10
-4.98098e-11
-2.26546e-11
-9.77894e-12
-3.98535e-12
-1.40234e-12
-2.4474e-14
1.1975e-12
2.61418e-12
4.35746e-12
6.51966e-12
9.13392e-12
1.22609e-11
1.59169e-11
2.02269e-11
2.53492e-11
3.07609e-11
3.93246e-11
5.38041e-11
9.43536e-11
-4.57502e-11
-9.21929e-10
-3.1316e-09
-7.46997e-09
-1.41068e-08
-2.36344e-08
-4.02347e-08
-5.48144e-08
-6.49895e-08
-6.2361e-08
-5.17152e-08
-1.83693e-08
3.55543e-08
9.23649e-08
1.54688e-07
2.28156e-07
2.37142e-07
3.09578e-07
5.20631e-07
7.60086e-07
1.05138e-06
1.17198e-06
9.91465e-07
1.26084e-06
4.56572e-05
0.000353261
0.00102944
0.00213279
0.00367598
0.00565284
0.00797421
0.0110407
0.0147925
0.0187151
0.0228458
0.0270169
0.0312955
0.0350673
0.0381889
0.0403701
0.0418413
0.0426409
0.0428938
0.0425586
0.0414273
0.0394747
0.0365913
0.0329609
0.0286145
0.0238291
0.0190637
0.0147244
0.0110159
0.00799207
0.00578776
0.00425219
0.00316606
0.00238216
0.00181213
0.00139356
0.00108193
0.000849286
0.000674779
0.000543012
0.000443318
0.000367273
0.00030879
0.000263449
0.000227828
0.000199412
0.000176781
0.000158378
0.000142829
0.000130138
0.000119204
0.000109599
0.000101695
9.46558e-05
8.87829e-05
8.39984e-05
8.02778e-05
7.79544e-05
7.7084e-05
7.80918e-05
8.05729e-05
8.42964e-05
9.03637e-05
9.88635e-05
0.000110569
0.000127748
0.000151124
0.000184799
0.000217251
0.000509443
0.0015407
0.00367367
0.00708888
0.0124718
0.0186512
0.0253606
0.0302474
0.0335609
0.0353729
0.0357927
0.0345061
0.0318457
0.0278793
0.0236463
0.0198702
0.0167014
0.0141148
0.0120299
0.0103583
0.00901991
0.0079478
0.00708918
0.00642307
0.00591369
0.00553011
0.00525073
0.00506255
0.0049599
0.00494382
0.00502217
0.00521005
0.00553039
0.00601428
0.00670129
0.00763801
0.0088811
0.0105089
0.0126107
0.0153303
0.0186555
0.0223427
0.0261836
0.0299779
0.0334466
0.0363943
0.0392188
3.2815e-27
-9.5258e-27
-2.05267e-27
4.89335e-26
-9.22421e-26
-1.66892e-25
8.86868e-25
-6.36597e-25
-5.62281e-24
2.82379e-23
-9.69236e-23
3.59947e-22
-1.5492e-21
6.6812e-21
-2.5478e-20
7.94833e-20
-1.84601e-19
2.25097e-19
4.11902e-19
-1.55243e-18
-1.74875e-18
-7.32753e-18
-1.61164e-17
1.96358e-17
3.50223e-16
6.25623e-16
1.0304e-14
6.98521e-14
1.47933e-13
3.5987e-13
9.48241e-13
1.46676e-11
-5.97872e-11
-7.10403e-11
-5.33004e-11
-2.80849e-11
-7.53105e-12
5.77251e-12
1.19555e-11
1.35232e-11
1.27661e-11
1.10482e-11
9.04508e-12
7.04339e-12
4.81509e-12
2.88337e-12
1.67757e-12
9.94802e-13
6.38221e-13
5.54688e-13
6.25358e-13
7.58924e-13
9.35443e-13
1.14527e-12
1.42023e-12
1.7256e-12
2.7096e-12
5.04256e-12
8.8344e-12
1.76064e-11
4.16108e-11
7.43257e-11
1.11562e-10
1.5136e-10
2.79217e-10
2.16622e-10
-2.2192e-09
-7.13428e-09
-1.55278e-08
-2.59704e-08
-3.41992e-08
-3.34479e-08
-2.7139e-08
-7.49309e-09
2.39887e-08
6.11435e-08
1.00074e-07
1.57796e-07
2.26442e-07
2.87961e-07
3.0552e-07
2.89004e-07
3.23265e-07
4.92202e-07
6.17838e-07
1.06086e-06
1.4512e-06
2.015e-06
3.9382e-06
1.2869e-05
6.248e-05
0.000292139
0.000768049
0.00148113
0.00244369
0.00355611
0.00484418
0.0063363
0.00815273
0.0102362
0.0124962
0.0142785
0.0152939
0.0154449
0.0147312
0.0133613
0.0114902
0.00937962
0.00721164
0.0052917
0.0038055
0.00272073
0.00194256
0.00138999
0.000991772
0.000707985
0.000506654
0.000364253
0.000264052
0.000193221
0.000142811
0.000106876
8.10345e-05
6.22437e-05
4.8515e-05
3.84064e-05
3.09186e-05
2.53407e-05
2.11413e-05
1.79399e-05
1.55072e-05
1.36166e-05
1.20778e-05
1.08684e-05
9.84607e-06
8.96427e-06
8.24204e-06
7.59749e-06
7.05148e-06
6.59723e-06
6.22663e-06
5.97339e-06
5.83657e-06
5.85553e-06
5.99129e-06
6.21565e-06
6.62605e-06
7.23618e-06
8.14417e-06
9.53668e-06
1.15442e-05
1.47399e-05
1.9552e-05
2.70106e-05
3.58023e-05
4.34321e-05
7.93716e-05
0.000951697
0.00273449
0.00575835
0.00854031
0.0107154
0.0118535
0.0119193
0.0107864
0.00893548
0.00674233
0.0049035
0.00364127
0.00279988
0.00222503
0.00181904
0.00152422
0.00130556
0.00114084
0.00101553
0.000919735
0.000846716
0.00079188
0.000752157
0.000725655
0.000711472
0.000709681
0.00072146
0.000749356
0.000797631
0.000872706
0.000983608
0.00114247
0.0013644
0.00166589
0.00206792
0.00259414
0.00326111
0.00407166
0.00501563
0.00606977
0.00721549
0.00829454
0.0100309
-6.36701e-28
2.32171e-27
-4.43683e-27
1.00137e-27
2.35671e-26
-7.63226e-26
1.0092e-25
-3.91249e-26
4.90869e-26
-7.28799e-25
2.57362e-24
-5.10185e-24
1.21307e-23
-8.92548e-23
6.63345e-22
-3.35688e-21
1.11357e-20
-1.69114e-20
-5.95613e-20
4.68536e-19
-2.68221e-19
2.6453e-18
-1.29452e-18
7.84523e-19
1.34016e-17
2.56471e-17
5.17456e-16
2.2252e-15
6.42376e-15
1.77217e-14
3.92173e-13
-1.12783e-13
-6.70869e-12
-6.44945e-12
-4.65115e-12
-2.44009e-12
1.61577e-13
3.1986e-12
4.68331e-12
4.58473e-12
3.51199e-12
2.29324e-12
1.40357e-12
8.9434e-13
5.95367e-13
3.7622e-13
2.07252e-13
1.09729e-13
5.89059e-14
6.0243e-14
8.17534e-14
1.21237e-13
1.61597e-13
1.47237e-13
1.02947e-13
4.26886e-14
-2.01739e-14
-5.59182e-14
7.21421e-14
2.29479e-13
4.1526e-12
1.35005e-11
2.54625e-11
4.75869e-11
7.55664e-11
1.1451e-10
1.42569e-10
2.56977e-10
3.66489e-10
-1.23416e-09
-4.42196e-09
-9.29344e-09
-1.45043e-08
-1.70604e-08
-1.44922e-08
-9.20632e-09
2.13026e-09
2.16164e-08
4.61e-08
8.56181e-08
1.27733e-07
1.67736e-07
2.13207e-07
2.71036e-07
3.40188e-07
4.40607e-07
6.02758e-07
8.50607e-07
1.12157e-06
2.08068e-06
3.55341e-06
4.88599e-06
6.38468e-06
8.86943e-06
1.48446e-05
3.0318e-05
6.69677e-05
0.000137694
0.000255978
0.000420957
0.000626853
0.000843778
0.00104368
0.00119338
0.00126328
0.00124873
0.00115061
0.000995994
0.000814798
0.000633708
0.00047144
0.000337301
0.000233779
0.000158455
0.00010538
6.91739e-05
4.47415e-05
2.83425e-05
1.74105e-05
1.01262e-05
5.28039e-06
2.08013e-06
-3.22295e-08
-1.401e-06
-2.22093e-06
-2.64944e-06
-2.80495e-06
-2.78162e-06
-2.64818e-06
-2.45324e-06
-2.23828e-06
-2.01466e-06
-1.79525e-06
-1.58725e-06
-1.3981e-06
-1.23135e-06
-1.08831e-06
-9.708e-07
-8.78895e-07
-8.12867e-07
-7.73885e-07
-7.62938e-07
-7.79162e-07
-8.19617e-07
-8.82118e-07
-9.64052e-07
-1.06108e-06
-1.16944e-06
-1.28272e-06
-1.38872e-06
-1.47498e-06
-1.50794e-06
-1.42483e-06
-1.00027e-06
8.79944e-08
2.52821e-06
5.59045e-06
7.84433e-06
8.56957e-06
5.89303e-06
0.000147134
0.000337433
0.0004146
0.000438721
0.000410314
0.000353078
0.000284225
0.000227516
0.000185092
0.000153018
0.000128576
0.000109824
9.53577e-05
8.41391e-05
7.54124e-05
6.8632e-05
6.33982e-05
5.94206e-05
5.64995e-05
5.45093e-05
5.33905e-05
5.31478e-05
5.38627e-05
5.5724e-05
5.90701e-05
6.44499e-05
7.27067e-05
8.5075e-05
0.000103311
0.000129609
0.000166644
0.000217682
0.000286222
0.000375464
0.000487663
0.000623337
0.000780465
0.000954344
0.00113064
0.00134872
-2.3114e-29
6.70973e-29
-1.49127e-29
-1.69046e-28
9.37422e-29
1.61479e-27
-1.64003e-27
-1.83984e-26
1.03306e-25
-3.70498e-25
1.32145e-24
-5.23172e-24
2.12243e-23
-8.04798e-23
2.64197e-22
-6.78099e-22
1.0239e-21
1.1693e-21
-1.34718e-20
3.85776e-20
-4.80525e-20
1.83218e-19
4.78579e-19
-7.08598e-19
2.33408e-18
-1.59319e-18
-1.88354e-17
9.52889e-17
1.43492e-16
1.35265e-15
8.44098e-14
-2.4943e-13
-2.80897e-13
-2.05506e-13
1.05081e-14
2.67659e-13
5.38519e-13
8.04656e-13
8.7924e-13
7.86629e-13
6.13489e-13
4.74206e-13
4.56248e-13
5.01506e-13
5.31243e-13
5.641e-13
6.34831e-13
7.22648e-13
7.93569e-13
8.3146e-13
8.33309e-13
7.74511e-13
6.11192e-13
3.34509e-13
-3.02283e-14
-4.57522e-13
-9.05926e-13
-1.34931e-12
-1.74807e-12
-2.04224e-12
-2.19945e-12
-1.63488e-12
-6.55344e-13
2.45129e-12
5.18989e-12
1.62625e-11
4.27458e-11
8.24577e-11
1.32281e-10
1.85189e-10
3.22485e-10
2.34665e-10
-8.93416e-10
-3.22383e-09
-5.42364e-09
-7.27083e-09
-7.37773e-09
-5.89804e-09
-3.92344e-09
1.03033e-09
1.13296e-08
2.75541e-08
4.98156e-08
7.91294e-08
1.19786e-07
1.71646e-07
2.44128e-07
3.51663e-07
4.59527e-07
5.66512e-07
7.26996e-07
9.25609e-07
1.16801e-06
1.46461e-06
1.88342e-06
2.39441e-06
2.92909e-06
3.36831e-06
3.64374e-06
3.66508e-06
3.44701e-06
2.98831e-06
2.34194e-06
1.52936e-06
5.46328e-07
-5.32447e-07
-1.62262e-06
-2.67233e-06
-3.64845e-06
-4.51694e-06
-5.25647e-06
-5.85254e-06
-6.30415e-06
-6.62131e-06
-6.81359e-06
-6.90698e-06
-6.92015e-06
-6.86433e-06
-6.74655e-06
-6.57205e-06
-6.35064e-06
-6.10971e-06
-5.8942e-06
-5.49637e-06
-5.01082e-06
-4.49214e-06
-3.96933e-06
-3.48214e-06
-3.03669e-06
-2.6373e-06
-2.28337e-06
-1.97315e-06
-1.70178e-06
-1.46942e-06
-1.27026e-06
-1.10172e-06
-9.62363e-07
-8.50174e-07
-7.6498e-07
-7.0629e-07
-6.70848e-07
-6.54618e-07
-6.51805e-07
-6.61775e-07
-6.85736e-07
-7.26564e-07
-7.94138e-07
-8.91032e-07
-1.01864e-06
-1.182e-06
-1.36915e-06
-1.53598e-06
-1.66614e-06
-1.73492e-06
-1.68044e-06
-1.39265e-06
-6.87606e-07
3.72668e-07
6.92751e-07
1.68746e-06
2.50084e-06
3.54326e-06
4.12055e-06
4.21442e-06
3.87047e-06
3.3268e-06
2.72125e-06
2.22224e-06
1.84466e-06
1.56343e-06
1.36275e-06
1.22599e-06
1.1364e-06
1.07679e-06
1.03247e-06
9.94524e-07
9.56486e-07
9.13857e-07
8.6548e-07
8.13268e-07
7.61977e-07
7.19626e-07
6.98845e-07
7.19366e-07
8.11807e-07
1.02299e-06
1.42377e-06
2.11673e-06
3.24619e-06
4.99286e-06
7.59078e-06
1.13132e-05
1.64453e-05
2.32396e-05
3.18569e-05
4.23044e-05
5.43823e-05
6.76605e-05
8.1354e-05
9.6428e-05
2.40438e-30
-8.63505e-30
1.12308e-29
3.15682e-29
-1.86237e-28
3.80579e-28
-2.56126e-28
1.09555e-28
-1.64815e-27
4.77944e-27
4.40852e-28
-4.54465e-26
2.20674e-25
-7.73633e-25
2.133e-24
-5.62786e-24
2.54988e-23
-1.65916e-22
9.17157e-22
-3.38057e-21
6.70833e-21
-2.70283e-20
3.37191e-20
9.81198e-20
-7.25254e-19
3.67831e-18
-1.53418e-17
4.49189e-17
-2.29348e-16
3.27197e-16
-5.20877e-15
-7.75583e-15
-7.76424e-15
-1.17828e-14
3.82253e-14
1.11921e-13
1.33514e-13
1.18437e-13
9.65377e-14
7.63662e-14
1.15218e-13
3.56681e-13
1.09469e-12
1.78145e-12
2.32289e-12
2.68516e-12
2.86378e-12
2.83661e-12
2.71517e-12
2.60441e-12
2.39476e-12
1.72552e-12
9.75635e-13
3.6135e-13
-1.79897e-13
-7.70227e-13
-1.48985e-12
-2.35037e-12
-3.3228e-12
-4.32431e-12
-5.332e-12
-6.27556e-12
-7.01883e-12
-7.46409e-12
-7.3461e-12
-6.88979e-12
-2.81519e-12
4.28023e-12
1.57434e-11
5.72656e-11
1.12528e-10
1.6106e-10
2.24394e-10
2.54896e-10
3.29639e-11
-5.99488e-10
-1.52273e-09
-2.37319e-09
-2.89645e-09
-2.73971e-09
-1.89646e-09
-1.04749e-09
1.2428e-11
2.8144e-09
8.14283e-09
1.63099e-08
2.76186e-08
4.34574e-08
6.22304e-08
6.97042e-08
7.39971e-08
7.92844e-08
8.70774e-08
9.79671e-08
1.14109e-07
1.36423e-07
1.67649e-07
2.0718e-07
2.53979e-07
3.00854e-07
3.4316e-07
3.69996e-07
3.73932e-07
3.46698e-07
2.76019e-07
1.19159e-07
-1.58106e-07
-4.23967e-07
-6.809e-07
-9.41884e-07
-1.18366e-06
-1.3807e-06
-1.51975e-06
-1.60245e-06
-1.63041e-06
-1.61508e-06
-1.56368e-06
-1.48221e-06
-1.3796e-06
-1.26184e-06
-1.13385e-06
-1.0031e-06
-8.753e-07
-7.56107e-07
-6.48021e-07
-5.51719e-07
-4.67282e-07
-3.94026e-07
-3.30758e-07
-2.76459e-07
-2.30281e-07
-1.90931e-07
-1.56709e-07
-1.27503e-07
-1.02344e-07
-8.12998e-08
-6.42399e-08
-5.07108e-08
-4.01295e-08
-3.19443e-08
-2.57989e-08
-2.17137e-08
-1.95359e-08
-1.93483e-08
-2.46642e-08
-3.96877e-08
-6.8818e-08
-1.14081e-07
-1.79989e-07
-2.78733e-07
-4.15773e-07
-6.11526e-07
-8.43531e-07
-1.10644e-06
-1.34772e-06
-1.53458e-06
-1.53518e-06
-1.36388e-06
-1.06351e-06
-3.56245e-07
5.94142e-08
3.99758e-07
5.90454e-07
6.18429e-07
4.80957e-07
2.79517e-07
7.27484e-08
-8.58314e-08
-1.83579e-07
-2.17461e-07
-2.03421e-07
-1.68141e-07
-1.32237e-07
-1.01534e-07
-7.51473e-08
-5.62021e-08
-5.60409e-08
-8.04469e-08
-1.25802e-07
-1.85979e-07
-2.55009e-07
-3.28457e-07
-4.03325e-07
-4.77164e-07
-5.46375e-07
-6.02801e-07
-6.27265e-07
-6.11791e-07
-5.5852e-07
-4.69854e-07
-3.49449e-07
-2.04793e-07
-4.82663e-08
1.03925e-07
2.35023e-07
3.31503e-07
3.79117e-07
3.61089e-07
2.61923e-07
4.81263e-08
1.29216e-29
-1.17114e-28
5.78753e-28
-1.66134e-27
2.39307e-27
6.76325e-28
-8.77026e-27
8.91499e-27
9.56065e-27
-1.85814e-26
-3.49539e-26
6.47245e-26
8.28457e-26
-1.45428e-25
-3.15571e-25
4.87159e-25
2.64927e-24
-2.62025e-23
1.35636e-22
-4.65862e-22
1.13009e-21
-1.78183e-21
-6.70249e-21
3.66545e-20
-1.40101e-19
4.94017e-19
-1.24897e-18
5.18828e-18
-2.04094e-17
8.19351e-17
-4.0685e-16
-3.47682e-16
-1.71126e-16
2.14005e-15
9.31795e-15
1.41317e-14
1.40498e-14
1.25693e-14
1.16833e-14
3.79706e-14
4.35431e-13
2.52169e-12
7.99324e-12
1.29401e-11
1.74914e-11
2.08074e-11
2.29767e-11
2.36758e-11
2.36779e-11
2.34952e-11
2.35457e-11
3.02498e-11
6.88337e-11
1.11504e-10
1.38292e-10
1.44916e-10
1.31699e-10
1.11678e-10
8.97725e-11
6.72936e-11
4.64825e-11
2.81422e-11
1.36961e-11
3.17932e-12
-3.86992e-12
-8.78069e-12
-1.22809e-11
-1.35291e-11
-1.36601e-11
-7.02541e-12
2.83274e-12
2.61586e-11
6.50681e-11
1.02314e-10
1.35402e-10
1.6855e-10
1.64098e-10
3.74623e-11
-1.89761e-10
-4.8516e-10
-7.28554e-10
-8.11385e-10
-6.95643e-10
-3.72387e-10
7.05698e-11
5.00085e-10
1.01781e-09
1.63923e-09
2.38476e-09
3.19207e-09
4.03262e-09
4.92484e-09
5.89235e-09
6.93785e-09
8.16821e-09
9.62648e-09
1.14908e-08
1.38246e-08
1.67252e-08
2.0007e-08
2.35962e-08
2.68842e-08
2.92677e-08
2.97666e-08
2.7362e-08
2.05767e-08
2.79523e-09
-1.59971e-08
-3.34503e-08
-5.09475e-08
-6.78571e-08
-8.33139e-08
-9.67099e-08
-1.0766e-07
-1.1537e-07
-1.19908e-07
-1.21119e-07
-1.19092e-07
-1.1437e-07
-1.07443e-07
-9.89956e-08
-8.99997e-08
-8.0922e-08
-7.19738e-08
-6.37633e-08
-5.63748e-08
-4.94308e-08
-4.25984e-08
-3.57611e-08
-2.91823e-08
-2.29052e-08
-1.68826e-08
-1.04902e-08
-5.02157e-09
-1.14471e-09
9.95845e-10
1.98864e-09
2.70789e-09
3.61194e-09
4.58673e-09
5.72282e-09
5.7832e-09
4.67096e-09
1.941e-09
-2.70813e-09
-9.38062e-09
-1.79402e-08
-2.80726e-08
-3.92756e-08
-4.84917e-08
-6.77737e-08
-1.07187e-07
-1.76291e-07
-2.90546e-07
-4.40344e-07
-6.50676e-07
-9.16991e-07
-1.13015e-06
-1.26467e-06
-1.2211e-06
-1.15706e-06
-1.12211e-06
-1.11326e-06
-1.09113e-06
-1.05158e-06
-9.93616e-07
-9.21606e-07
-8.51121e-07
-7.23003e-07
-5.76569e-07
-4.5899e-07
-3.93717e-07
-3.91876e-07
-4.16125e-07
-4.27907e-07
-5.63931e-07
-7.10587e-07
-8.50789e-07
-9.68862e-07
-1.05733e-06
-1.1131e-06
-1.13892e-06
-1.14099e-06
-1.12687e-06
-1.10296e-06
-1.07105e-06
-1.04263e-06
-1.02699e-06
-9.94169e-07
-9.40521e-07
-8.72927e-07
-7.71698e-07
-6.07976e-07
-3.25632e-07
1.80502e-07
1.09719e-06
2.74907e-06
5.80022e-06
1.09539e-05
2.27288e-05
-3.36231e-28
1.36359e-27
-2.62633e-27
-1.59749e-27
2.35921e-26
-6.25563e-26
5.03335e-26
7.74898e-26
-1.25508e-25
-3.30256e-25
8.46563e-25
5.84455e-25
-3.50554e-24
1.30695e-24
6.13594e-24
-1.38874e-24
-1.03166e-23
-6.59614e-24
1.11673e-23
2.97204e-23
1.35112e-23
6.98701e-23
4.56358e-22
-4.90753e-21
3.26035e-20
-1.49603e-19
5.7687e-19
-1.62815e-18
4.44671e-18
-4.01382e-18
-9.3643e-18
-1.80304e-17
9.1024e-17
3.71753e-16
4.97645e-16
6.53284e-16
6.99779e-16
9.70466e-16
2.57261e-14
5.48276e-13
4.44814e-12
2.19872e-11
6.61078e-11
1.03537e-10
1.3871e-10
1.67114e-10
1.81033e-10
2.5467e-10
4.7997e-10
7.8897e-10
1.24277e-09
1.66139e-09
1.9337e-09
1.99758e-09
1.88883e-09
1.67346e-09
1.39738e-09
1.11854e-09
8.54439e-10
6.01703e-10
3.85058e-10
2.57123e-10
1.72727e-10
1.06444e-10
5.39849e-11
1.37964e-11
-1.56658e-11
-3.52651e-11
-4.65684e-11
-5.20672e-11
-5.35243e-11
-4.85108e-11
-3.64758e-11
-1.8874e-11
1.11445e-11
3.91387e-11
6.0321e-11
6.9713e-11
6.95363e-11
6.51961e-11
4.12763e-11
-4.50929e-12
-6.21723e-11
-9.3589e-11
-6.13239e-11
9.66016e-12
1.21337e-10
2.47063e-10
3.83385e-10
5.27133e-10
6.78826e-10
8.39389e-10
1.00882e-09
1.18122e-09
1.3668e-09
1.56532e-09
1.79442e-09
2.0594e-09
2.38046e-09
2.75511e-09
3.20624e-09
3.72575e-09
4.31975e-09
4.94945e-09
5.62336e-09
7.2976e-09
1.07161e-08
1.43715e-08
1.59492e-08
1.66656e-08
1.68882e-08
1.68035e-08
1.67367e-08
1.68557e-08
1.73407e-08
1.8327e-08
1.98045e-08
2.14375e-08
2.28507e-08
2.39294e-08
2.45976e-08
2.42904e-08
2.34328e-08
2.03427e-08
1.44651e-08
8.52909e-09
4.89401e-09
3.54732e-09
3.53835e-09
5.07475e-09
9.38279e-09
1.45098e-08
1.88614e-08
1.90481e-08
1.59653e-08
1.27542e-08
8.96074e-09
3.58944e-09
-4.73831e-09
-1.94175e-08
-4.58638e-08
-8.44598e-08
-1.30646e-07
-1.75155e-07
-2.10814e-07
-2.42304e-07
-2.67864e-07
-2.8232e-07
-2.8672e-07
-2.79659e-07
-2.65457e-07
-2.46413e-07
-2.31723e-07
-2.3645e-07
-2.45669e-07
-2.77989e-07
-3.54633e-07
-4.74642e-07
-6.15345e-07
-7.60054e-07
-8.60841e-07
-9.17023e-07
-9.46198e-07
-9.5272e-07
-8.74206e-07
-6.8204e-07
-2.75324e-07
1.37329e-08
2.49211e-07
2.67494e-07
7.49425e-08
-2.66518e-07
-7.12175e-07
-1.15683e-06
-1.56008e-06
-2.0678e-06
-2.21282e-06
-2.27291e-06
-2.26513e-06
-2.19453e-06
-2.07556e-06
-1.92437e-06
-1.75574e-06
-1.58049e-06
-1.40212e-06
-1.21537e-06
-1.00169e-06
-7.22665e-07
-3.04027e-07
3.91705e-07
1.61066e-06
3.78487e-06
7.66295e-06
1.45247e-05
2.65041e-05
4.70979e-05
8.1574e-05
0.000139936
0.000222902
0.000425909
-8.28822e-29
5.44529e-27
-3.66768e-26
1.20514e-25
-2.16117e-25
7.26613e-26
6.18201e-25
-1.24327e-24
2.15611e-25
1.87721e-24
1.57767e-24
-9.0944e-24
-1.05311e-23
6.4543e-23
-3.40913e-23
-1.09601e-22
6.97166e-24
1.69345e-22
7.73454e-23
-3.23671e-22
-6.88313e-22
-9.12061e-22
-1.04319e-21
-2.00451e-21
3.93695e-21
-2.29849e-20
7.19239e-20
-1.756e-19
3.3881e-19
-6.87319e-19
3.9842e-18
6.4832e-19
2.90438e-17
2.97252e-17
2.72894e-17
6.77036e-17
-3.51916e-16
3.24985e-15
3.98782e-13
1.01146e-11
5.11224e-11
2.41941e-10
6.61684e-10
9.29838e-10
1.15338e-09
1.79287e-09
3.26671e-09
4.93722e-09
6.3599e-09
7.32183e-09
7.53329e-09
6.8087e-09
5.60936e-09
4.58261e-09
3.69884e-09
2.86657e-09
2.01899e-09
1.13392e-09
2.24164e-10
-6.4537e-10
-1.43343e-09
-2.08276e-09
-2.58469e-09
-2.93e-09
-3.1296e-09
-3.20596e-09
-3.18119e-09
-3.08274e-09
-2.93598e-09
-2.75544e-09
-2.56428e-09
-2.36352e-09
-2.17039e-09
-1.98351e-09
-1.80174e-09
-1.62992e-09
-1.46585e-09
-1.31043e-09
-1.17348e-09
-1.05558e-09
-9.58854e-10
-8.79571e-10
-8.14431e-10
-7.57422e-10
-7.06189e-10
-6.61415e-10
-6.13214e-10
-5.64633e-10
-5.173e-10
-4.7322e-10
-4.31339e-10
-3.89962e-10
-3.46096e-10
-3.04528e-10
-2.62237e-10
-2.25247e-10
-1.89601e-10
-1.60932e-10
-1.38239e-10
-1.38638e-10
-1.5092e-10
-1.96408e-10
-2.89987e-10
-4.3325e-10
-6.27569e-10
-9.57048e-10
-1.39497e-09
-1.63146e-09
-8.28461e-10
2.22557e-09
4.95689e-09
6.20975e-09
1.04398e-08
1.45859e-08
1.89154e-08
2.3666e-08
2.86491e-08
3.34777e-08
3.66705e-08
3.5159e-08
1.96507e-08
-1.54772e-08
-6.2431e-08
-1.03254e-07
-1.21843e-07
-1.18476e-07
-1.02529e-07
-7.96465e-08
-5.23065e-08
-2.01479e-08
1.33748e-08
3.20064e-08
2.66761e-08
-6.35852e-09
-6.03947e-08
-1.44279e-07
-2.55752e-07
-3.92004e-07
-5.36804e-07
-6.78365e-07
-8.22725e-07
-9.50922e-07
-1.02261e-06
-1.03612e-06
-1.00652e-06
-9.53609e-07
-8.87623e-07
-8.18752e-07
-7.52995e-07
-6.91873e-07
-6.36448e-07
-5.8444e-07
-5.32884e-07
-4.83357e-07
-4.42352e-07
-4.08773e-07
-3.87662e-07
-3.96879e-07
-4.2359e-07
-4.75433e-07
-5.24148e-07
-5.48932e-07
-5.15993e-07
-3.26171e-07
5.7752e-09
3.1967e-07
1.57322e-06
2.25473e-06
2.75945e-06
2.38775e-06
1.38341e-06
1.18279e-08
-1.49183e-06
-2.97101e-06
-3.86257e-06
5.55431e-06
5.8945e-05
0.000141624
0.000235328
0.00032449
0.000397072
0.000445023
0.000464641
0.000457859
0.000439156
0.000412966
0.000383457
0.000355225
0.000333149
0.000322568
0.000329768
0.000362426
0.000430651
0.000548461
0.000735451
0.00101953
0.00143484
0.00205502
0.00280177
0.00461322
1.24404e-26
-4.67614e-26
7.07529e-26
1.88145e-25
-1.31794e-24
3.55835e-24
-3.86995e-24
-3.86696e-24
1.67143e-23
-1.8221e-24
-6.46806e-23
5.45448e-23
2.51024e-22
-4.40318e-22
-5.39161e-22
1.1925e-21
2.04844e-21
-1.55563e-21
-1.13463e-20
-2.39585e-20
-3.3345e-20
-3.97655e-20
-4.70368e-20
-5.57323e-20
-6.64729e-20
-7.55668e-20
-9.94295e-20
-7.43573e-20
-2.01476e-19
-7.96295e-20
2.42885e-19
-6.74448e-20
1.56867e-18
4.28861e-18
2.90279e-18
3.40918e-18
-6.74716e-17
4.77268e-14
1.23025e-12
3.2567e-11
1.71987e-10
1.08799e-09
4.10973e-09
6.9627e-09
1.02397e-08
1.43056e-08
1.75633e-08
1.77142e-08
1.66865e-08
1.51958e-08
1.01393e-08
-1.96359e-09
-1.70551e-08
-3.41931e-08
-5.25599e-08
-7.12879e-08
-8.94941e-08
-1.07566e-07
-1.25582e-07
-1.3994e-07
-1.5046e-07
-1.55503e-07
-1.55711e-07
-1.51524e-07
-1.44148e-07
-1.34696e-07
-1.24162e-07
-1.13216e-07
-1.02532e-07
-9.22354e-08
-8.28248e-08
-7.40828e-08
-6.6292e-08
-5.93275e-08
-5.31221e-08
-4.76799e-08
-4.286e-08
-3.86304e-08
-3.48916e-08
-3.16246e-08
-2.87374e-08
-2.62018e-08
-2.39748e-08
-2.20239e-08
-2.03314e-08
-1.88644e-08
-1.75855e-08
-1.65062e-08
-1.55706e-08
-1.4794e-08
-1.41406e-08
-1.3627e-08
-1.32045e-08
-1.2924e-08
-1.27234e-08
-1.26696e-08
-1.2657e-08
-1.37963e-08
-1.57579e-08
-1.90948e-08
-2.20484e-08
-2.55383e-08
-2.97711e-08
-3.4544e-08
-3.94795e-08
-4.31708e-08
-4.37829e-08
-4.24598e-08
-4.07792e-08
-3.79415e-08
-3.48903e-08
-2.75507e-08
-4.01866e-08
-8.8545e-08
-1.64729e-07
-2.67494e-07
-3.87309e-07
-5.03801e-07
-6.05836e-07
-7.03376e-07
-7.87275e-07
-8.04036e-07
-7.05452e-07
-5.25762e-07
-3.316e-07
-2.44988e-07
-1.80444e-07
-9.02642e-08
2.15744e-08
1.39106e-07
2.41292e-07
3.07872e-07
3.25443e-07
2.79298e-07
1.58148e-07
-3.2204e-08
-2.82289e-07
-5.49277e-07
-8.0374e-07
-9.59589e-07
-9.74487e-07
-7.68607e-07
-3.60833e-07
2.41128e-07
9.69937e-07
1.69843e-06
2.34892e-06
2.84083e-06
3.15906e-06
3.25568e-06
3.20455e-06
2.98995e-06
2.71507e-06
2.37621e-06
2.04051e-06
1.69911e-06
1.38281e-06
1.13164e-06
1.0508e-06
1.05887e-06
1.27927e-06
1.79917e-06
2.68707e-06
3.7524e-06
4.50369e-06
4.44065e-06
3.90788e-06
0.000172032
0.000681189
0.00148806
0.00254054
0.00378436
0.00516871
0.00664372
0.00815697
0.00966155
0.0111342
0.0124725
0.0136241
0.014564
0.0152783
0.01576
0.0160117
0.0160593
0.0159119
0.0155962
0.0151503
0.0146248
0.0140767
0.0135688
0.0131742
0.0129716
0.0130491
0.0135155
0.0144851
0.0161134
0.0184753
0.022033
0.025401
0.0346356
-1.70917e-26
-7.61538e-26
7.94368e-25
-2.66121e-24
4.74173e-24
-3.66299e-25
-2.09686e-23
4.74282e-23
-1.51372e-23
-9.15783e-23
-6.78417e-23
7.91239e-22
1.53958e-22
-7.01282e-21
1.09621e-20
9.71182e-21
-1.31308e-20
-2.36917e-20
1.4275e-20
9.82833e-20
1.77872e-19
2.30162e-19
2.71236e-19
3.01943e-19
3.32692e-19
3.77109e-19
3.95548e-19
4.3439e-19
3.19277e-19
-1.14466e-18
-1.10501e-18
-2.99895e-17
-4.38257e-17
-4.17669e-17
-3.74159e-17
-3.29422e-17
4.38887e-16
2.90472e-11
2.02834e-11
2.3281e-11
1.28025e-09
3.75999e-09
1.47693e-08
3.17043e-08
4.13215e-08
3.69395e-08
2.34441e-08
-2.11328e-09
-2.89738e-08
-5.889e-08
-8.97917e-08
-1.14635e-07
-1.63031e-07
-2.16587e-07
-2.69805e-07
-3.23732e-07
-3.8057e-07
-4.37898e-07
-4.94947e-07
-5.48647e-07
-5.98633e-07
-6.42008e-07
-6.78204e-07
-7.05778e-07
-7.24712e-07
-7.35193e-07
-7.38292e-07
-7.35231e-07
-7.27508e-07
-7.15485e-07
-7.00899e-07
-6.83419e-07
-6.64747e-07
-6.44922e-07
-6.24393e-07
-6.03882e-07
-5.8328e-07
-5.63057e-07
-5.43157e-07
-5.23974e-07
-5.05333e-07
-4.8747e-07
-4.70439e-07
-4.54351e-07
-4.39481e-07
-4.26035e-07
-4.14201e-07
-4.03996e-07
-3.89676e-07
-3.70869e-07
-3.50095e-07
-3.31404e-07
-3.14492e-07
-2.99601e-07
-2.85941e-07
-2.74108e-07
-2.635e-07
-2.53537e-07
-2.43748e-07
-2.34706e-07
-2.29037e-07
-2.21344e-07
-2.11936e-07
-2.00325e-07
-1.89661e-07
-1.80305e-07
-1.7793e-07
-1.80435e-07
-1.76001e-07
-1.31591e-07
-4.98661e-08
2.0977e-07
2.65974e-07
1.89433e-07
-6.12062e-10
-2.87931e-07
-6.37998e-07
-9.95591e-07
-1.26118e-06
-1.32163e-06
-1.1099e-06
-5.97919e-07
1.91878e-07
1.22034e-06
2.43371e-06
3.72215e-06
4.97775e-06
8.6412e-06
2.20807e-05
5.13456e-05
0.000107932
0.000204122
0.000362661
0.000588256
0.000911709
0.00132629
0.00185234
0.00246784
0.00318884
0.00395115
0.00477331
0.00554193
0.00627234
0.00683437
0.00722071
0.007404
0.00739457
0.0071502
0.00674599
0.00614808
0.00548615
0.0047389
0.00402168
0.0033201
0.00269585
0.00213343
0.00165357
0.00127503
0.00106693
0.000940313
0.000920327
0.00096357
0.00112854
0.00169811
0.00307853
0.00531334
0.00838228
0.0120794
0.0161141
0.0201077
0.0239086
0.0274763
0.0308233
0.0339069
0.0366919
0.039161
0.0413085
0.0431349
0.044644
0.0458444
0.0467362
0.0473327
0.0476718
0.0477697
0.0476683
0.047429
0.0471293
0.0468666
0.0467508
0.0469067
0.0474746
0.0485958
0.0503979
0.0529674
0.0563077
0.0602969
0.0646537
0.0691574
0.073017
0.078539
-2.96849e-25
8.98869e-25
-5.73299e-25
-6.80309e-24
3.65933e-23
-1.05529e-22
1.61585e-22
2.75573e-23
-7.52658e-22
1.32335e-21
9.89245e-22
-6.14842e-21
-8.15048e-22
2.77868e-20
1.33814e-20
-1.86246e-19
-5.35326e-20
1.05691e-18
3.31473e-18
5.56821e-18
5.81284e-18
6.39332e-18
7.17569e-18
8.87715e-18
8.01871e-18
4.41328e-18
9.03026e-18
1.65966e-17
4.50353e-17
1.55449e-16
5.65085e-16
1.90836e-15
5.45879e-15
1.32634e-14
2.84158e-14
5.56684e-14
8.53005e-14
4.01882e-10
-3.33356e-09
-1.54373e-08
-2.94085e-08
-1.83763e-08
4.99226e-08
1.1234e-07
2.02666e-07
1.26662e-07
3.24748e-08
-4.91642e-08
-1.69076e-07
-3.12652e-07
-6.3849e-08
2.58391e-07
6.06547e-07
9.84676e-07
1.41581e-06
1.96255e-06
2.80296e-06
3.88276e-06
5.12313e-06
6.31674e-06
7.3744e-06
8.13496e-06
8.59557e-06
8.7216e-06
8.58555e-06
8.22102e-06
7.71667e-06
7.10673e-06
6.46254e-06
5.79727e-06
5.15931e-06
4.54388e-06
3.97625e-06
3.45359e-06
2.97712e-06
2.54959e-06
2.16444e-06
1.82222e-06
1.51676e-06
1.24785e-06
1.01018e-06
8.01958e-07
6.20145e-07
4.62002e-07
3.25345e-07
2.07783e-07
1.06963e-07
2.19778e-08
-4.92882e-08
-1.06513e-07
-1.51503e-07
-1.85409e-07
-2.10374e-07
-2.27387e-07
-2.37965e-07
-2.42749e-07
-2.42559e-07
-2.37803e-07
-2.28847e-07
-2.16349e-07
-2.1448e-07
-2.35768e-07
-2.02494e-07
-1.41593e-07
-5.64667e-08
4.76302e-08
1.53058e-07
2.45836e-07
3.46511e-07
5.82061e-07
2.39589e-06
1.51237e-05
8.76989e-05
0.000300812
0.000671839
0.00120661
0.00189316
0.00271405
0.00363465
0.00461078
0.00560982
0.00657759
0.00749216
0.00833251
0.0090968
0.0098073
0.0104965
0.0112143
0.0120185
0.0129467
0.0140605
0.0153467
0.0168977
0.0185953
0.0205297
0.0225491
0.0247176
0.0268965
0.0291297
0.0312321
0.0332906
0.0350391
0.0365863
0.0377517
0.0386495
0.0391282
0.0392589
0.0388891
0.0382002
0.0369442
0.0354104
0.0333279
0.031024
0.0283022
0.0254337
0.022306
0.0190678
0.0158294
0.0138817
0.0127529
0.012549
0.0139409
0.016901
0.0213124
0.0271184
0.0331997
0.0389951
0.0442133
0.0487192
0.0526122
0.0559895
0.0589883
0.0616695
0.0639314
0.0658178
0.0673949
0.0687153
0.0698203
0.0707549
0.0715663
0.072278
0.0728659
0.0733855
0.0738675
0.0743134
0.0747196
0.0750802
0.0754202
0.076066
0.0770976
0.0778234
0.0784699
0.0792415
0.0802108
0.0814322
0.0829373
0.0847139
0.0866869
0.0886299
0.0904374
4.80942e-26
1.17663e-24
-7.05193e-24
1.52879e-23
8.85949e-24
-2.24921e-22
9.16907e-22
-1.77668e-21
-3.55488e-22
1.03473e-20
-1.17192e-20
-6.31569e-20
1.54339e-19
4.26215e-19
-1.96481e-18
3.42015e-19
2.62676e-18
2.77553e-18
4.34962e-19
-5.39491e-18
-7.71249e-18
-6.91304e-18
5.61701e-18
1.01144e-16
6.89596e-16
3.94966e-15
2.05882e-14
9.82767e-14
4.33694e-13
1.8067e-12
7.1728e-12
2.56878e-11
7.63131e-11
1.8543e-10
3.88274e-10
7.26195e-10
1.28674e-09
1.81907e-09
3.79194e-08
1.16385e-07
2.23019e-07
3.76069e-07
6.54268e-07
1.6403e-06
1.00335e-05
0.000249645
0.000656275
0.00116122
0.00182988
0.00271109
0.00356656
0.00426344
0.00482026
0.00522041
0.00545328
0.00551921
0.0054725
0.00530477
0.00505581
0.00471132
0.00432285
0.00389327
0.00346108
0.00303452
0.00263776
0.00227336
0.00195064
0.00164637
0.00137096
0.00113291
0.000935964
0.000773196
0.000641084
0.000533327
0.000445018
0.000372665
0.000312733
0.000263278
0.000222088
0.000188047
0.000159762
0.000136415
0.000117223
0.000101554
8.89321e-05
7.89399e-05
7.11924e-05
6.553e-05
6.15802e-05
5.93418e-05
5.85004e-05
5.91595e-05
6.10134e-05
6.43008e-05
6.87175e-05
7.77719e-05
9.29808e-05
0.000128548
0.000182363
0.000284569
0.000446403
0.000754656
0.00112838
0.00159771
0.00213949
0.00282679
0.00363982
0.00469556
0.00595234
0.00750549
0.00927848
0.0113511
0.013759
0.0166114
0.0196661
0.0228027
0.0258783
0.0287841
0.03141
0.0336687
0.0355536
0.0370614
0.0382832
0.0393219
0.0403029
0.0413558
0.0425743
0.0440243
0.0457303
0.0476548
0.0497592
0.0519131
0.054096
0.0561329
0.0580438
0.0597045
0.061179
0.062357
0.0632961
0.06402
0.0646208
0.0651858
0.0658333
0.0665373
0.0672367
0.0677474
0.068301
0.0689254
0.0691031
0.0689721
0.0686855
0.0681098
0.0674558
0.0663717
0.0648228
0.0627039
0.060079
0.0570764
0.0556124
0.0552289
0.0563757
0.0576945
0.0591533
0.0606072
0.0618816
0.0629419
0.0635893
0.0647402
0.0659471
0.0670403
0.0681166
0.069184
0.0702248
0.0712022
0.0720694
0.0727784
0.0733172
0.073709
0.073913
0.0737752
0.0732615
0.0723573
0.0710543
0.0692555
0.0668231
0.0635426
0.0590084
0.0529124
0.0468122
0.0421103
0.0392637
0.0381361
0.0382073
0.0387806
0.0392013
0.0390216
0.0381194
0.0364943
0.0348591
0.0316991
3.51316e-24
-9.98471e-24
1.34056e-23
3.00603e-23
-3.17199e-22
1.36082e-21
-3.56331e-21
3.96247e-21
1.13623e-20
-6.10813e-20
9.03723e-20
1.26775e-19
-5.1792e-19
-1.08715e-19
-1.60851e-18
2.78931e-17
-8.21133e-17
-4.32181e-16
-8.7432e-16
-7.4127e-16
1.04231e-15
1.39809e-14
1.07601e-13
7.333e-13
4.59603e-12
2.70801e-11
1.47936e-10
7.37072e-10
3.3904e-09
1.48255e-08
6.28849e-08
2.43809e-07
7.51125e-07
1.81469e-06
3.70657e-06
6.65087e-06
1.09458e-05
1.70142e-05
0.000952681
0.00281719
0.00576326
0.00981491
0.0153848
0.0211059
0.0260956
0.030286
0.0335679
0.0357345
0.0370586
0.036291
0.0347974
0.0332877
0.0314272
0.0290262
0.0271981
0.0250344
0.0224656
0.0197579
0.0171445
0.0146924
0.0125839
0.0109948
0.00989893
0.00903414
0.00833126
0.00776589
0.00733176
0.00698375
0.00672415
0.00654712
0.00647371
0.00648259
0.00655758
0.0066628
0.00676508
0.00685319
0.006913
0.00695759
0.00698478
0.00701412
0.00704685
0.00709203
0.00715323
0.00723071
0.00732619
0.00744363
0.00757646
0.00774282
0.0079261
0.0081585
0.00842124
0.00876169
0.00915858
0.00966966
0.0102802
0.0110841
0.0120644
0.0133018
0.0147734
0.0166369
0.0194747
0.023645
0.0266457
0.0291835
0.0317537
0.0345417
0.0374028
0.0407295
0.044071
0.047022
0.0495089
0.0515817
0.0537813
0.0557379
0.0570141
0.0580585
0.0590407
0.0599928
0.0609467
0.06194
0.0629695
0.0640778
0.0652399
0.0664578
0.0676992
0.0689202
0.0700849
0.0711422
0.0720541
0.072805
0.0733445
0.0737083
0.0737946
0.0737123
0.0733002
0.0726978
0.0717555
0.0706086
0.0691178
0.0674364
0.0654318
0.0632922
0.0608041
0.0577938
0.053616
0.047626
0.0405641
0.0344508
0.0297651
0.0271624
0.0261276
0.0267937
0.0283773
0.0309109
0.0338092
0.0370462
0.0403699
0.0435844
0.0454605
0.046801
0.0473794
0.0472499
0.0464353
0.0450061
0.0427039
0.0402432
0.0380097
0.0360464
0.0343166
0.0327208
0.031166
0.0295593
0.0277789
0.0255451
0.0224069
0.018154
0.0138042
0.0107192
0.00874635
0.00762549
0.00700134
0.00658716
0.00618054
0.00567388
0.00504254
0.00432343
0.00359078
0.00292742
0.0023664
0.00191907
0.00157491
0.00130634
0.00108291
0.00088196
0.000693058
0.000516549
0.000359133
0.000233165
0.000157722
0.000110886
7.4142e-24
-3.38682e-23
1.19077e-22
-2.74333e-22
-2.41382e-22
7.04735e-21
-4.28967e-20
1.47033e-19
-1.90614e-19
-7.92698e-19
4.08621e-18
-1.08821e-18
-3.84069e-17
5.19363e-17
3.51422e-16
-5.79989e-16
-9.30599e-15
-6.95703e-14
-9.73136e-14
4.97039e-14
1.47143e-12
1.26579e-11
1.00945e-10
7.65085e-10
5.73098e-09
4.17641e-08
2.71552e-07
1.53053e-06
7.75522e-06
3.73309e-05
0.000180631
0.000895156
0.00327874
0.00817551
0.016695
0.0298226
0.0463275
0.0651013
0.0781965
0.086599
0.0934523
0.0989728
0.102922
0.105125
0.105504
0.103834
0.0996574
0.0916994
0.0724342
0.0425003
0.0184628
0.0144687
0.0159927
0.0220952
0.0326947
0.0414959
0.0436207
0.0437434
0.0431365
0.0415935
0.0391201
0.0355845
0.0305038
0.0234058
0.017288
0.0136252
0.0123019
0.012407
0.0128042
0.0131904
0.0136431
0.0141693
0.0149118
0.015998
0.0172241
0.0186981
0.0206446
0.0228011
0.0247248
0.0263723
0.0277751
0.028982
0.0300183
0.0309001
0.031646
0.0322727
0.0327789
0.0332037
0.0335142
0.0337692
0.0339151
0.0340119
0.0339981
0.0339229
0.0337243
0.0334033
0.0329433
0.032327
0.0315299
0.030533
0.0292957
0.0276663
0.0257479
0.0238063
0.0217615
0.0197098
0.0175665
0.0153311
0.0131141
0.0109987
0.0090654
0.00737786
0.00598596
0.00491625
0.00417061
0.00372933
0.00355388
0.00359676
0.00380896
0.0041345
0.00450928
0.00487271
0.0051729
0.00537325
0.00545184
0.00540175
0.00523008
0.00494595
0.00456338
0.00410184
0.00358574
0.003044
0.00250586
0.00199948
0.00154634
0.0011612
0.000849964
0.000610748
0.000435623
0.000312977
0.000230165
0.000175476
0.000139355
0.000114851
9.74502e-05
0.000193966
0.000209024
0.000255034
0.000231124
0.000271623
0.000335184
0.000563969
0.000900197
0.00151068
0.00233992
0.00361552
0.00543106
0.00775192
0.00838793
0.0082301
0.00790766
0.00740367
0.00666273
0.00565958
0.00443407
0.00315746
0.00203726
0.00120169
0.000657939
0.00034212
0.000174896
9.21475e-05
5.24692e-05
3.29954e-05
2.25823e-05
1.63728e-05
1.24001e-05
9.73634e-06
7.87042e-06
6.50567e-06
5.43534e-06
4.53245e-06
3.73351e-06
3.01754e-06
2.38614e-06
1.84734e-06
1.40534e-06
1.05962e-06
7.97456e-07
6.0061e-07
4.52225e-07
3.37954e-07
2.47391e-07
1.74167e-07
1.14994e-07
6.82905e-08
3.30561e-08
8.33578e-09
-8.76492e-09
-2.32243e-08
)
;

boundaryField
{
    inlet
    {
        type            uniformFixedValue;
        uniformValue    table;
        uniformValueCoeffs
        {
            values          
4
(
(0 1)
(0.15 1)
(0.151 0)
(1 0)
)
;
        }
        value           uniform 0;
    }
    outlet
    {
        type            inletOutlet;
        inletValue      uniform 0;
        value           nonuniform List<scalar> 
20
(
2.08108e-07
0.000767412
0.0396503
0.0723669
0.0745148
0.0658411
0.0392188
0.0100309
0.00134872
9.6428e-05
4.81263e-08
2.27288e-05
0.000425909
0.00461322
0.0346356
0.078539
0.0904374
0.0316991
0.000110886
-2.32243e-08
)
;
    }
    walls
    {
        type            zeroGradient;
    }
    frontAndBack
    {
        type            empty;
    }
}


// ************************************************************************* //
