/*--------------------------------*- C++ -*----------------------------------*\
| =========                 |                                                 |
| \\      /  F ield         | OpenFOAM: The Open Source CFD Toolbox           |
|  \\    /   O peration     | Version:  2506                                  |
|   \\  /    A nd           | Website:  www.openfoam.com                      |
|    \\/     M anipulation  |                                                 |
\*---------------------------------------------------------------------------*/
FoamFile
{
    version     2.0;
    format      ascii;
    arch        "LSB;label=32;scalar=64";
    class       volScalarField;
    location    "1.7";
    object      p;
}
// * * * * * * * * * * * * * * * * * * * * * * * * * * * * * * * * * * * * * //

dimensions      [0 2 -2 0 0 0 0];

internalField   nonuniform List<scalar> 
4000
(
-0.00310943
-0.00317021
-0.00319518
-0.00319838
-0.00319427
-0.00318593
-0.0031745
-0.00316124
-0.003147
-0.00313217
-0.00311698
-0.00310154
-0.00308593
-0.00307021
-0.00305441
-0.00303855
-0.00302265
-0.00300672
-0.00299076
-0.00297477
-0.00295875
-0.00294269
-0.00292659
-0.00291045
-0.00289428
-0.00287807
-0.00286185
-0.00284561
-0.00282939
-0.00281321
-0.00279713
-0.00278119
-0.0027655
-0.00275036
-0.00273566
-0.0027215
-0.00270811
-0.00269539
-0.00268326
-0.00267193
-0.00266159
-0.0026537
-0.0026483
-0.00264432
-0.00264154
-0.00263957
-0.00263816
-0.00263738
-0.00263632
-0.00263511
-0.00263338
-0.00263046
-0.00262658
-0.00262052
-0.00261276
-0.00260211
-0.00258881
-0.00257272
-0.00255306
-0.00253123
-0.00250572
-0.00247806
-0.00244819
-0.00241641
-0.00238352
-0.00234938
-0.00231489
-0.00227988
-0.00224499
-0.00221022
-0.00217589
-0.00214219
-0.00210913
-0.00207693
-0.00204562
-0.0020153
-0.00198609
-0.00195801
-0.00193114
-0.00190551
-0.00188112
-0.00185797
-0.00183603
-0.00181527
-0.00179563
-0.00177705
-0.00175945
-0.00174278
-0.00172698
-0.00171197
-0.00169772
-0.00168416
-0.00167125
-0.00165895
-0.00164721
-0.001636
-0.00162525
-0.00161493
-0.00160499
-0.0015954
-0.00158606
-0.00157694
-0.00156794
-0.001559
-0.00155011
-0.00154118
-0.00153218
-0.00152305
-0.00151376
-0.00150427
-0.00149458
-0.00148469
-0.00147459
-0.00146434
-0.00145393
-0.00144346
-0.00143296
-0.00142249
-0.00141215
-0.00140199
-0.00139208
-0.00138253
-0.00137338
-0.00136465
-0.00135643
-0.00134872
-0.00134153
-0.00133485
-0.00132864
-0.00132285
-0.00131751
-0.0013124
-0.00130746
-0.00130277
-0.00129794
-0.00129286
-0.00128781
-0.00128188
-0.00127551
-0.00126809
-0.00125951
-0.00124941
-0.00123741
-0.00122311
-0.00120667
-0.00118699
-0.00116524
-0.00114003
-0.00111246
-0.00108266
-0.00105067
-0.00101759
-0.000983098
-0.000948349
-0.000913251
-0.000878579
-0.000844353
-0.000811072
-0.000778908
-0.000748493
-0.000720852
-0.000695259
-0.000670924
-0.000647689
-0.000625491
-0.000604186
-0.000583526
-0.000563821
-0.00054517
-0.000527431
-0.000510437
-0.000493957
-0.000477751
-0.000461612
-0.000445378
-0.000428927
-0.000412182
-0.000395118
-0.000377751
-0.000360121
-0.000342287
-0.000324318
-0.000306285
-0.000288253
-0.00027028
-0.000252406
-0.000234658
-0.000217051
-0.00019956
-0.000182177
-0.000164873
-0.000147636
-0.000130436
-0.000113242
-9.60271e-05
-7.87668e-05
-6.14428e-05
-4.40439e-05
-2.65666e-05
-8.95557e-06
-0.00318374
-0.00319522
-0.00320078
-0.00319825
-0.00319173
-0.00318301
-0.00317208
-0.00315951
-0.00314586
-0.00313149
-0.00311664
-0.00310146
-0.00308605
-0.00307048
-0.00305481
-0.00303905
-0.00302323
-0.00300737
-0.00299147
-0.00297554
-0.00295956
-0.00294354
-0.00292748
-0.00291138
-0.00289523
-0.00287904
-0.00286282
-0.00284657
-0.00283033
-0.00281411
-0.00279795
-0.0027819
-0.00276602
-0.00275067
-0.00273545
-0.00272041
-0.00270626
-0.00269306
-0.00268077
-0.0026697
-0.00266009
-0.00265312
-0.00264837
-0.00264476
-0.00264217
-0.00264026
-0.0026388
-0.00263777
-0.00263637
-0.0026347
-0.00263242
-0.00262894
-0.00262448
-0.00261786
-0.00260966
-0.0025989
-0.00258575
-0.00257016
-0.00255133
-0.00253069
-0.00250671
-0.00248078
-0.00245279
-0.00242292
-0.00239194
-0.00235961
-0.00232683
-0.00229339
-0.00225989
-0.00222635
-0.00219297
-0.00216
-0.00212747
-0.00209563
-0.00206453
-0.00203425
-0.00200494
-0.00197665
-0.00194944
-0.00192337
-0.00189848
-0.00187473
-0.00185214
-0.00183068
-0.00181033
-0.00179104
-0.00177273
-0.00175535
-0.00173883
-0.00172312
-0.00170811
-0.00169381
-0.00168013
-0.00166705
-0.00165452
-0.00164248
-0.00163092
-0.00161976
-0.00160897
-0.00159848
-0.00158827
-0.00157828
-0.00156845
-0.00155874
-0.00154905
-0.00153936
-0.0015296
-0.00151976
-0.0015098
-0.0014997
-0.00148946
-0.00147909
-0.00146859
-0.00145802
-0.00144738
-0.00143677
-0.00142622
-0.0014158
-0.00140559
-0.00139565
-0.00138603
-0.00137683
-0.00136806
-0.00135976
-0.00135198
-0.0013447
-0.00133792
-0.00133161
-0.00132573
-0.00132021
-0.00131504
-0.00131004
-0.00130513
-0.00130038
-0.00129539
-0.00129012
-0.00128473
-0.00127842
-0.00127158
-0.00126362
-0.0012544
-0.00124368
-0.00123125
-0.00121663
-0.00120003
-0.0011805
-0.00115916
-0.0011347
-0.00110817
-0.00107966
-0.00104904
-0.00101752
-0.000984511
-0.000951316
-0.000917583
-0.000884228
-0.000851113
-0.000818845
-0.000787502
-0.000757639
-0.00072861
-0.000701724
-0.000675825
-0.000651061
-0.000627387
-0.000604901
-0.000583341
-0.000563244
-0.000544395
-0.000526493
-0.000509388
-0.000492839
-0.00047659
-0.000460426
-0.000444183
-0.000427745
-0.000411043
-0.000394038
-0.000376727
-0.000359143
-0.000341342
-0.000323393
-0.000305371
-0.000287346
-0.000269376
-0.000251506
-0.000233763
-0.000216155
-0.000198695
-0.000181362
-0.000164132
-0.000146969
-0.000129845
-0.000112729
-9.55947e-05
-7.8416e-05
-6.11738e-05
-4.38555e-05
-2.64549e-05
-8.92248e-06
-0.00321669
-0.00320621
-0.003202
-0.00319726
-0.00318975
-0.00318048
-0.00316952
-0.00315741
-0.00314427
-0.00313033
-0.00311587
-0.00310102
-0.00308587
-0.00307051
-0.003055
-0.00303938
-0.00302367
-0.0030079
-0.00299208
-0.00297621
-0.00296029
-0.00294432
-0.0029283
-0.00291224
-0.00289612
-0.00287995
-0.00286373
-0.00284748
-0.00283121
-0.00281495
-0.00279871
-0.00278254
-0.00276648
-0.00275089
-0.00273526
-0.00271962
-0.00270515
-0.00269184
-0.00267966
-0.002669
-0.00266007
-0.00265376
-0.00264927
-0.00264564
-0.00264285
-0.00264061
-0.00263868
-0.00263698
-0.00263483
-0.0026323
-0.00262909
-0.00262471
-0.00261923
-0.00261184
-0.00260303
-0.00259195
-0.00257882
-0.00256364
-0.00254569
-0.00252624
-0.00250387
-0.00247976
-0.00245374
-0.00242583
-0.00239681
-0.00236623
-0.00233509
-0.00230304
-0.00227076
-0.00223824
-0.00220569
-0.00217345
-0.00214144
-0.00210997
-0.00207909
-0.00204887
-0.00201948
-0.00199097
-0.00196342
-0.0019369
-0.00191148
-0.00188718
-0.00186402
-0.00184197
-0.00182102
-0.00180112
-0.00178222
-0.00176425
-0.00174716
-0.00173088
-0.00171536
-0.00170054
-0.00168634
-0.00167272
-0.00165964
-0.00164704
-0.00163491
-0.00162317
-0.0016118
-0.00160072
-0.00158992
-0.00157931
-0.00156886
-0.00155852
-0.00154822
-0.00153795
-0.00152763
-0.00151726
-0.00150681
-0.00149626
-0.00148562
-0.0014749
-0.00146412
-0.00145334
-0.00144255
-0.00143188
-0.00142133
-0.00141098
-0.00140091
-0.00139116
-0.00138179
-0.00137286
-0.00136438
-0.00135637
-0.00134887
-0.00134183
-0.00133526
-0.0013291
-0.0013233
-0.00131779
-0.00131255
-0.00130739
-0.00130225
-0.00129714
-0.00129172
-0.00128595
-0.00127994
-0.00127298
-0.00126537
-0.00125665
-0.00124669
-0.00123532
-0.00122228
-0.00120727
-0.00119053
-0.00117125
-0.00115044
-0.00112695
-0.00110165
-0.00107466
-0.00104564
-0.00101584
-0.000984398
-0.000952758
-0.000920296
-0.000888141
-0.00085593
-0.000824436
-0.000793525
-0.000764089
-0.000734138
-0.000706504
-0.000679707
-0.000653851
-0.000629033
-0.000605637
-0.000583399
-0.000563023
-0.000543996
-0.000525929
-0.00050872
-0.000492127
-0.000475868
-0.000459714
-0.000443493
-0.00042708
-0.000410393
-0.000393393
-0.000376079
-0.000358484
-0.000340665
-0.000322696
-0.000304654
-0.000286612
-0.000268631
-0.000250758
-0.000233023
-0.000215439
-0.000198003
-0.000180699
-0.000163504
-0.000146389
-0.000129321
-0.00011227
-9.5205e-05
-7.80991e-05
-6.09315e-05
-4.36884e-05
-2.63615e-05
-8.92356e-06
-0.00323168
-0.00321519
-0.00320423
-0.00319714
-0.00318896
-0.00317874
-0.00316733
-0.00315542
-0.00314249
-0.0031288
-0.00311471
-0.00310022
-0.00308538
-0.00307029
-0.00305502
-0.0030396
-0.00302405
-0.00300842
-0.00299271
-0.00297694
-0.0029611
-0.00294521
-0.00292927
-0.00291326
-0.00289719
-0.00288106
-0.00286488
-0.00284866
-0.00283239
-0.00281611
-0.00279984
-0.0027836
-0.00276743
-0.00275166
-0.00273579
-0.00271993
-0.00270531
-0.00269205
-0.00268009
-0.00266978
-0.00266127
-0.00265516
-0.00265052
-0.00264653
-0.0026432
-0.00264029
-0.00263752
-0.00263482
-0.00263159
-0.00262787
-0.00262337
-0.00261766
-0.00261086
-0.00260244
-0.00259273
-0.00258105
-0.00256768
-0.00255267
-0.00253545
-0.002517
-0.00249619
-0.00247392
-0.00244997
-0.00242426
-0.00239743
-0.00236897
-0.00233981
-0.00230953
-0.00227882
-0.00224764
-0.00221622
-0.00218492
-0.00215364
-0.00212272
-0.00209225
-0.00206227
-0.00203297
-0.00200444
-0.00197674
-0.00194997
-0.00192422
-0.00189949
-0.00187585
-0.00185328
-0.00183178
-0.00181134
-0.00179189
-0.00177338
-0.00175576
-0.00173895
-0.00172287
-0.00170749
-0.00169275
-0.00167856
-0.00166493
-0.00165174
-0.00163902
-0.00162667
-0.0016147
-0.001603
-0.00159158
-0.00158036
-0.0015693
-0.00155836
-0.00154748
-0.00153665
-0.0015258
-0.00151494
-0.00150403
-0.00149308
-0.00148209
-0.00147109
-0.00146009
-0.00144917
-0.00143831
-0.00142764
-0.00141716
-0.00140693
-0.00139705
-0.00138751
-0.00137838
-0.00136969
-0.00136144
-0.00135364
-0.0013463
-0.00133937
-0.00133282
-0.00132662
-0.00132067
-0.00131493
-0.00130934
-0.00130374
-0.00129806
-0.00129226
-0.00128609
-0.00127952
-0.00127259
-0.00126466
-0.00125601
-0.00124629
-0.00123539
-0.00122319
-0.00120953
-0.00119412
-0.00117726
-0.00115834
-0.00113814
-0.00111579
-0.00109191
-0.00106661
-0.00103946
-0.00101159
-0.000981986
-0.000952101
-0.000921141
-0.000890323
-0.000859145
-0.000828489
-0.000797982
-0.000768966
-0.000738396
-0.000710226
-0.000682806
-0.000656142
-0.000630489
-0.000606498
-0.000583866
-0.000563333
-0.000544169
-0.000525947
-0.000508619
-0.000491951
-0.000475638
-0.000459441
-0.000443183
-0.000426735
-0.000410012
-0.000392973
-0.000375618
-0.000357982
-0.000340124
-0.000322117
-0.000304043
-0.000285976
-0.000267979
-0.000250099
-0.000232367
-0.000214794
-0.000197376
-0.000180099
-0.000162939
-0.000145866
-0.000128848
-0.000111852
-9.48465e-05
-7.78049e-05
-6.07049e-05
-4.35329e-05
-2.62734e-05
-8.94718e-06
-0.00324115
-0.00322277
-0.00320827
-0.00319857
-0.00318871
-0.0031775
-0.00316574
-0.0031537
-0.00314081
-0.00312729
-0.00311354
-0.00309933
-0.00308473
-0.00306992
-0.00305493
-0.00303974
-0.0030244
-0.00300894
-0.00299339
-0.00297776
-0.00296204
-0.00294626
-0.00293041
-0.0029145
-0.00289852
-0.00288247
-0.00286636
-0.0028502
-0.00283399
-0.00281775
-0.0028015
-0.00278528
-0.0027691
-0.00275324
-0.0027373
-0.00272142
-0.00270682
-0.00269367
-0.0026819
-0.00267182
-0.00266347
-0.00265724
-0.00265219
-0.00264764
-0.00264356
-0.00263974
-0.00263589
-0.00263197
-0.00262747
-0.00262232
-0.00261626
-0.00260899
-0.00260071
-0.00259103
-0.00258004
-0.00256768
-0.00255382
-0.00253865
-0.00252184
-0.002504
-0.00248446
-0.00246376
-0.00244172
-0.00241818
-0.00239358
-0.00236746
-0.00234054
-0.0023124
-0.00228363
-0.00225419
-0.00222426
-0.00219424
-0.00216399
-0.00213389
-0.00210404
-0.0020745
-0.00204547
-0.00201706
-0.00198934
-0.00196243
-0.00193642
-0.00191136
-0.0018873
-0.00186427
-0.00184227
-0.00182131
-0.00180135
-0.00178231
-0.00176418
-0.00174688
-0.0017303
-0.00171442
-0.00169916
-0.00168445
-0.00167028
-0.00165654
-0.00164325
-0.0016303
-0.00161773
-0.00160542
-0.00159339
-0.00158155
-0.0015699
-0.00155837
-0.00154692
-0.00153555
-0.0015242
-0.00151288
-0.00150157
-0.00149027
-0.001479
-0.00146779
-0.00145665
-0.00144566
-0.00143481
-0.00142421
-0.00141385
-0.0014038
-0.00139411
-0.00138479
-0.00137586
-0.00136736
-0.00135926
-0.00135156
-0.00134424
-0.00133725
-0.00133054
-0.00132408
-0.00131777
-0.00131154
-0.00130535
-0.00129906
-0.00129256
-0.00128582
-0.0012787
-0.00127105
-0.00126287
-0.0012538
-0.00124395
-0.0012331
-0.00122114
-0.00120801
-0.00119354
-0.00117785
-0.00116084
-0.00114223
-0.00112258
-0.00110133
-0.00107884
-0.00105523
-0.00103006
-0.0010042
-0.000976706
-0.000948801
-0.000919684
-0.000890467
-0.000860606
-0.00083099
-0.000801034
-0.000772471
-0.000741577
-0.00071311
-0.000685381
-0.000658264
-0.000632124
-0.00060783
-0.000585032
-0.000564428
-0.000545154
-0.000526766
-0.000509271
-0.000492452
-0.000476001
-0.00045967
-0.000443288
-0.000426726
-0.0004099
-0.000392768
-0.000375332
-0.000357627
-0.000339713
-0.000321661
-0.000303555
-0.000285468
-0.000267461
-0.000249578
-0.000231848
-0.000214282
-0.000196877
-0.000179616
-0.000162475
-0.000145426
-0.000128437
-0.000111475
-9.45116e-05
-7.75195e-05
-6.04761e-05
-4.33685e-05
-2.61708e-05
-8.9697e-06
-0.00324753
-0.00322812
-0.00321195
-0.00320038
-0.00318921
-0.00317721
-0.00316486
-0.00315234
-0.00313942
-0.00312613
-0.00311256
-0.00309854
-0.00308415
-0.00306961
-0.00305488
-0.0030399
-0.00302476
-0.00300951
-0.00299414
-0.00297866
-0.00296309
-0.00294744
-0.00293172
-0.00291592
-0.00290006
-0.00288413
-0.00286813
-0.00285207
-0.00283597
-0.00281983
-0.00280367
-0.00278753
-0.00277143
-0.00275559
-0.0027397
-0.00272396
-0.00270945
-0.00269641
-0.00268478
-0.00267478
-0.00266639
-0.00265983
-0.00265423
-0.00264898
-0.00264403
-0.00263916
-0.00263413
-0.00262883
-0.0026229
-0.0026162
-0.00260852
-0.00259975
-0.00258996
-0.00257894
-0.00256678
-0.00255346
-0.00253893
-0.0025234
-0.0025067
-0.00248911
-0.00247038
-0.00245086
-0.00243031
-0.0024086
-0.00238595
-0.00236203
-0.00233726
-0.00231135
-0.00228469
-0.00225724
-0.0022291
-0.00220065
-0.00217177
-0.00214281
-0.00211389
-0.00208507
-0.00205657
-0.00202851
-0.00200098
-0.0019741
-0.001948
-0.00192274
-0.00189838
-0.00187499
-0.00185257
-0.00183115
-0.00181071
-0.00179119
-0.00177258
-0.0017548
-0.00173775
-0.0017214
-0.00170567
-0.00169046
-0.00167578
-0.0016615
-0.00164766
-0.00163414
-0.00162098
-0.00160806
-0.00159544
-0.001583
-0.00157077
-0.00155868
-0.00154669
-0.00153484
-0.00152303
-0.00151132
-0.00149967
-0.00148811
-0.00147664
-0.00146531
-0.00145412
-0.00144314
-0.00143236
-0.00142188
-0.00141168
-0.0014018
-0.0013923
-0.00138314
-0.00137436
-0.00136595
-0.00135788
-0.00135013
-0.00134266
-0.00133544
-0.00132839
-0.00132146
-0.00131457
-0.00130767
-0.00130067
-0.00129349
-0.00128596
-0.00127819
-0.00126992
-0.00126104
-0.0012515
-0.00124123
-0.00123017
-0.00121818
-0.00120518
-0.00119116
-0.00117606
-0.00115993
-0.00114276
-0.00112437
-0.00110516
-0.00108487
-0.00106361
-0.00104149
-0.00101818
-0.000994209
-0.000968831
-0.000942941
-0.000915846
-0.000888403
-0.000860108
-0.000831743
-0.000802573
-0.000774582
-0.000743835
-0.000715326
-0.000687591
-0.000660395
-0.00063412
-0.000609785
-0.000587001
-0.000566393
-0.000547024
-0.000528452
-0.000510735
-0.000493684
-0.000476997
-0.000460436
-0.000443834
-0.000427073
-0.000410069
-0.000392786
-0.000375226
-0.000357428
-0.000339443
-0.000321343
-0.000303213
-0.000285116
-0.000267107
-0.000249227
-0.000231503
-0.000213943
-0.000196541
-0.00017928
-0.000162139
-0.000145089
-0.000128103
-0.000111152
-9.42078e-05
-7.72461e-05
-6.02448e-05
-4.31924e-05
-2.6052e-05
-8.97699e-06
-0.00325176
-0.00323198
-0.00321478
-0.00320202
-0.00318995
-0.00317732
-0.0031645
-0.00315167
-0.00313866
-0.00312537
-0.0031118
-0.00309793
-0.0030838
-0.00306947
-0.00305495
-0.00304014
-0.00302517
-0.00301014
-0.00299496
-0.00297964
-0.00296422
-0.00294873
-0.00293315
-0.0029175
-0.00290178
-0.00288599
-0.00287014
-0.00285423
-0.00283827
-0.00282228
-0.00280627
-0.00279027
-0.00277432
-0.00275858
-0.00274284
-0.00272731
-0.00271293
-0.00269998
-0.0026884
-0.00267835
-0.00266978
-0.00266277
-0.0026565
-0.00265047
-0.00264457
-0.00263858
-0.0026323
-0.00262559
-0.00261817
-0.00260992
-0.00260071
-0.00259047
-0.00257922
-0.0025669
-0.00255358
-0.00253928
-0.00252411
-0.00250813
-0.00249141
-0.0024738
-0.0024555
-0.0024368
-0.00241732
-0.00239703
-0.00237593
-0.00235382
-0.00233093
-0.00230706
-0.00228243
-0.00225699
-0.00223077
-0.00220407
-0.0021768
-0.00214925
-0.00212154
-0.00209373
-0.00206605
-0.00203862
-0.00201153
-0.00198492
-0.00195894
-0.00193367
-0.00190918
-0.00188555
-0.00186282
-0.00184103
-0.00182019
-0.00180023
-0.00178117
-0.00176294
-0.00174544
-0.00172863
-0.00171245
-0.00169676
-0.0016816
-0.00166681
-0.00165244
-0.00163836
-0.00162464
-0.00161113
-0.00159793
-0.00158492
-0.00157213
-0.00155951
-0.00154704
-0.00153475
-0.00152256
-0.00151053
-0.00149864
-0.00148689
-0.00147532
-0.00146394
-0.00145277
-0.00144186
-0.00143119
-0.00142085
-0.0014108
-0.00140106
-0.00139168
-0.00138261
-0.00137385
-0.0013654
-0.00135721
-0.00134924
-0.00134146
-0.00133381
-0.00132623
-0.00131866
-0.00131103
-0.00130328
-0.00129533
-0.0012871
-0.00127851
-0.00126959
-0.00126006
-0.00124993
-0.00123918
-0.00122773
-0.00121551
-0.00120244
-0.00118851
-0.00117371
-0.00115805
-0.00114155
-0.00112427
-0.00110603
-0.00108718
-0.0010677
-0.00104747
-0.00102664
-0.00100498
-0.000982662
-0.0009592
-0.000935209
-0.000910129
-0.000884501
-0.000857908
-0.00083095
-0.000802806
-0.000775558
-0.000745482
-0.000717187
-0.000689699
-0.000662737
-0.000636638
-0.000612464
-0.00058983
-0.000569246
-0.000549775
-0.000530995
-0.000512996
-0.000495628
-0.000478608
-0.000461713
-0.000444796
-0.000427747
-0.000410493
-0.000393003
-0.000375279
-0.000357371
-0.000339304
-0.00032115
-0.000303008
-0.000284918
-0.000266921
-0.000249053
-0.000231339
-0.000213784
-0.000196376
-0.000179099
-0.000161935
-0.000144861
-0.000127852
-0.000110885
-9.39355e-05
-7.69834e-05
-6.00081e-05
-4.30008e-05
-2.59151e-05
-8.96138e-06
-0.00325456
-0.00323465
-0.00321687
-0.00320337
-0.00319072
-0.00317764
-0.00316448
-0.00315142
-0.0031383
-0.00312499
-0.00311145
-0.00309769
-0.00308371
-0.00306951
-0.00305512
-0.00304052
-0.00302576
-0.00301087
-0.00299585
-0.00298069
-0.00296544
-0.00295011
-0.00293469
-0.0029192
-0.00290364
-0.00288801
-0.00287233
-0.0028566
-0.00284082
-0.00282501
-0.0028092
-0.0027934
-0.00277764
-0.00276207
-0.00274653
-0.00273125
-0.00271702
-0.00270411
-0.00269252
-0.00268233
-0.00267346
-0.0026659
-0.00265891
-0.00265204
-0.00264513
-0.00263798
-0.00263042
-0.00262232
-0.00261344
-0.0026037
-0.00259302
-0.00258137
-0.00256878
-0.00255527
-0.0025409
-0.00252576
-0.00250993
-0.00249349
-0.0024765
-0.00245896
-0.00244108
-0.0024227
-0.00240391
-0.00238475
-0.00236487
-0.00234418
-0.00232276
-0.00230059
-0.00227778
-0.00225421
-0.00222986
-0.00220494
-0.00217938
-0.00215339
-0.00212708
-0.00210051
-0.0020739
-0.00204735
-0.00202099
-0.0019949
-0.00196927
-0.0019442
-0.00191978
-0.00189609
-0.0018732
-0.00185115
-0.00182999
-0.00180966
-0.0017902
-0.00177155
-0.00175362
-0.00173638
-0.00171975
-0.0017036
-0.00168797
-0.00167268
-0.00165781
-0.0016432
-0.00162893
-0.00161487
-0.00160112
-0.00158756
-0.00157426
-0.00156117
-0.00154827
-0.00153561
-0.00152312
-0.00151086
-0.0014988
-0.00148695
-0.00147534
-0.00146397
-0.00145286
-0.00144204
-0.00143147
-0.00142123
-0.00141127
-0.00140159
-0.00139222
-0.0013831
-0.00137423
-0.00136557
-0.00135708
-0.00134872
-0.00134044
-0.00133219
-0.00132392
-0.00131556
-0.00130705
-0.00129833
-0.00128935
-0.00128001
-0.00127035
-0.00126021
-0.00124949
-0.0012382
-0.00122632
-0.00121377
-0.00120051
-0.00118653
-0.00117181
-0.00115637
-0.00114025
-0.00112347
-0.00110609
-0.00108808
-0.00106966
-0.00105074
-0.0010313
-0.00101161
-0.000991403
-0.000970485
-0.000948657
-0.000926399
-0.000903227
-0.000879378
-0.000854527
-0.000829079
-0.000802226
-0.00077584
-0.000746838
-0.000719086
-0.000692029
-0.000665515
-0.000639823
-0.000615947
-0.000593534
-0.000572962
-0.000553353
-0.000534325
-0.000515981
-0.000498207
-0.000480755
-0.00046343
-0.000446103
-0.000428685
-0.000411112
-0.000393359
-0.000375434
-0.00035739
-0.000339248
-0.000321061
-0.000302923
-0.000284857
-0.000266885
-0.00024904
-0.000231345
-0.000213795
-0.000196373
-0.000179064
-0.000161855
-0.000144732
-0.000127674
-0.000110664
-9.36857e-05
-7.6723e-05
-5.97586e-05
-4.27873e-05
-2.57556e-05
-8.91907e-06
-0.00325629
-0.00323639
-0.0032183
-0.00320435
-0.00319137
-0.00317803
-0.00316465
-0.00315144
-0.00313825
-0.00312493
-0.00311143
-0.00309775
-0.00308387
-0.00306979
-0.00305552
-0.00304108
-0.00302647
-0.00301172
-0.00299684
-0.00298184
-0.00296675
-0.00295157
-0.00293631
-0.00292099
-0.0029056
-0.00289015
-0.00287466
-0.00285912
-0.00284355
-0.00282796
-0.00281237
-0.0027968
-0.00278127
-0.00276591
-0.00275062
-0.00273559
-0.00272151
-0.00270862
-0.00269695
-0.00268656
-0.00267731
-0.00266914
-0.00266138
-0.00265363
-0.00264569
-0.00263736
-0.00262852
-0.00261904
-0.00260875
-0.00259759
-0.00258554
-0.00257259
-0.00255879
-0.00254422
-0.00252892
-0.00251303
-0.00249662
-0.00247978
-0.00246259
-0.00244504
-0.00242733
-0.00240928
-0.00239099
-0.00237247
-0.00235356
-0.00233401
-0.00231382
-0.00229311
-0.00227177
-0.00224981
-0.00222715
-0.00220388
-0.00217999
-0.0021556
-0.00213079
-0.00210563
-0.00208026
-0.00205476
-0.00202938
-0.00200404
-0.00197899
-0.00195436
-0.00193022
-0.00190667
-0.00188377
-0.00186162
-0.00184026
-0.00181966
-0.00179987
-0.00178085
-0.00176252
-0.00174486
-0.00172781
-0.00171122
-0.00169514
-0.00167938
-0.00166402
-0.0016489
-0.00163413
-0.00161956
-0.00160531
-0.00159126
-0.00157751
-0.00156401
-0.00155076
-0.0015378
-0.00152508
-0.00151265
-0.00150048
-0.00148858
-0.00147697
-0.00146563
-0.00145456
-0.00144379
-0.00143326
-0.00142303
-0.00141304
-0.00140329
-0.00139377
-0.00138444
-0.00137526
-0.00136621
-0.00135724
-0.00134831
-0.00133938
-0.00133038
-0.00132128
-0.00131201
-0.00130254
-0.0012928
-0.00128275
-0.00127234
-0.00126154
-0.00125026
-0.00123846
-0.00122612
-0.00121322
-0.00119972
-0.0011856
-0.00117085
-0.00115551
-0.00113958
-0.00112311
-0.00110615
-0.00108876
-0.00107098
-0.00105289
-0.00103452
-0.00101581
-0.00099698
-0.000977954
-0.000958313
-0.000938023
-0.00091732
-0.000895815
-0.000873629
-0.000850485
-0.000826576
-0.000801238
-0.000775699
-0.000748103
-0.000721204
-0.000694773
-0.000668864
-0.000643732
-0.000620229
-0.000598055
-0.000577445
-0.000557639
-0.00053831
-0.000519553
-0.000501289
-0.000483317
-0.000465475
-0.000447659
-0.0004298
-0.00041185
-0.00039379
-0.000375644
-0.000357438
-0.000339232
-0.000321057
-0.000302945
-0.000284911
-0.000266959
-0.000249139
-0.000231477
-0.00021394
-0.000196496
-0.000179138
-0.000161866
-0.000144672
-0.000127542
-0.000110469
-9.34411e-05
-7.64515e-05
-5.94868e-05
-4.25453e-05
-2.55707e-05
-8.84836e-06
-0.00325712
-0.00323731
-0.00321912
-0.00320496
-0.00319183
-0.00317838
-0.00316493
-0.00315167
-0.00313846
-0.00312516
-0.00311171
-0.00309809
-0.0030843
-0.00307031
-0.00305615
-0.00304182
-0.00302733
-0.0030127
-0.00299796
-0.0029831
-0.00296815
-0.00295312
-0.00293801
-0.00292285
-0.00290763
-0.00289237
-0.00287708
-0.00286175
-0.00284639
-0.00283103
-0.00281569
-0.00280038
-0.00278511
-0.00276998
-0.00275495
-0.0027402
-0.00272626
-0.00271337
-0.00270158
-0.00269092
-0.00268125
-0.00267243
-0.00266387
-0.00265521
-0.00264622
-0.00263672
-0.00262661
-0.00261578
-0.00260414
-0.00259165
-0.00257832
-0.00256419
-0.00254931
-0.00253381
-0.00251772
-0.0025012
-0.00248431
-0.00246713
-0.00244977
-0.00243219
-0.00241458
-0.00239681
-0.00237893
-0.00236089
-0.00234258
-0.00232388
-0.00230479
-0.00228525
-0.00226513
-0.00224452
-0.00222333
-0.00220156
-0.00217921
-0.00215635
-0.00213303
-0.00210932
-0.00208526
-0.002061
-0.00203667
-0.00201234
-0.0019881
-0.0019641
-0.00194044
-0.00191723
-0.00189453
-0.00187245
-0.00185104
-0.00183029
-0.00181028
-0.00179096
-0.0017723
-0.00175426
-0.00173682
-0.00171982
-0.00170331
-0.00168711
-0.00167131
-0.00165574
-0.00164052
-0.00162549
-0.00161081
-0.00159635
-0.00158222
-0.00156839
-0.00155485
-0.00154166
-0.00152876
-0.0015162
-0.00150396
-0.00149201
-0.00148036
-0.001469
-0.00145791
-0.00144709
-0.00143647
-0.0014261
-0.00141591
-0.00140591
-0.00139607
-0.00138635
-0.00137667
-0.00136705
-0.00135743
-0.00134777
-0.00133804
-0.00132818
-0.00131816
-0.00130793
-0.00129745
-0.00128668
-0.00127559
-0.00126413
-0.00125227
-0.00123997
-0.00122719
-0.00121393
-0.00120014
-0.00118585
-0.00117103
-0.00115569
-0.00113987
-0.00112358
-0.00110689
-0.00108985
-0.00107251
-0.00105495
-0.00103719
-0.00101934
-0.00100134
-0.000983246
-0.00096506
-0.000946481
-0.000927643
-0.000908337
-0.000888311
-0.000867685
-0.000846176
-0.000823792
-0.000800051
-0.000775554
-0.000749496
-0.000723595
-0.00069797
-0.000672796
-0.000648315
-0.00062521
-0.000603249
-0.000582537
-0.000562465
-0.00054277
-0.000523535
-0.000504705
-0.000486135
-0.000467705
-0.000449348
-0.000431009
-0.000412633
-0.000394228
-0.000375849
-0.000357501
-0.000339205
-0.000321014
-0.00030299
-0.000285063
-0.000267125
-0.000249295
-0.000231666
-0.000214151
-0.000196675
-0.000179253
-0.000161907
-0.00014463
-0.000127416
-0.000110266
-9.31772e-05
-7.6153e-05
-5.91837e-05
-4.22723e-05
-2.53665e-05
-8.75248e-06
-0.0032572
-0.00323745
-0.00321931
-0.00320517
-0.00319208
-0.00317867
-0.00316526
-0.00315205
-0.0031389
-0.00312565
-0.00311226
-0.00309871
-0.00308499
-0.00307108
-0.003057
-0.00304276
-0.00302837
-0.00301384
-0.0029992
-0.00298447
-0.00296964
-0.00295474
-0.00293979
-0.00292478
-0.00290973
-0.00289466
-0.00287955
-0.00286444
-0.0028493
-0.00283418
-0.0028191
-0.00280405
-0.00278906
-0.00277418
-0.00275942
-0.00274494
-0.00273115
-0.00271825
-0.00270632
-0.00269536
-0.00268523
-0.00267573
-0.00266637
-0.00265678
-0.00264672
-0.00263605
-0.00262469
-0.00261256
-0.00259963
-0.00258589
-0.00257139
-0.0025562
-0.00254039
-0.00252408
-0.00250734
-0.0024903
-0.00247303
-0.00245559
-0.00243811
-0.0024205
-0.00240298
-0.0023854
-0.00236781
-0.00235016
-0.00233237
-0.00231438
-0.00229608
-0.00227744
-0.00225838
-0.00223893
-0.00221898
-0.0021985
-0.00217754
-0.00215608
-0.00213416
-0.00211183
-0.00208913
-0.00206616
-0.00204294
-0.00201973
-0.00199649
-0.00197331
-0.00195033
-0.00192765
-0.00190534
-0.0018835
-0.00186221
-0.00184147
-0.00182136
-0.00180187
-0.00178296
-0.00176463
-0.00174686
-0.0017295
-0.00171262
-0.00169605
-0.00167986
-0.0016639
-0.0016483
-0.0016329
-0.00161786
-0.00160307
-0.00158864
-0.00157454
-0.00156079
-0.00154741
-0.00153437
-0.00152167
-0.00150931
-0.00149724
-0.00148548
-0.001474
-0.00146276
-0.00145174
-0.00144088
-0.00143018
-0.00141959
-0.00140913
-0.00139878
-0.00138847
-0.0013781
-0.00136774
-0.00135736
-0.00134686
-0.00133623
-0.00132544
-0.00131446
-0.00130325
-0.00129178
-0.00128002
-0.00126793
-0.0012555
-0.00124271
-0.00122949
-0.00121587
-0.00120182
-0.00118732
-0.00117239
-0.00115702
-0.00114123
-0.00112507
-0.00110854
-0.00109173
-0.00107467
-0.00105744
-0.00104011
-0.00102268
-0.00100527
-0.000987866
-0.000970428
-0.000953044
-0.00093546
-0.000917736
-0.000899573
-0.000881013
-0.000861868
-0.000841888
-0.000821012
-0.000798891
-0.000775702
-0.000751153
-0.000726334
-0.000701618
-0.000677245
-0.000653449
-0.000630729
-0.000608931
-0.000588046
-0.000567631
-0.000547505
-0.000527727
-0.000508267
-0.000489031
-0.000469942
-0.000451011
-0.000432216
-0.000413418
-0.000394628
-0.000375989
-0.000357536
-0.000339204
-0.000320991
-0.000302952
-0.000285036
-0.000267187
-0.000249441
-0.000231858
-0.000214357
-0.000196834
-0.000179332
-0.000161901
-0.000144537
-0.000127238
-0.000110011
-9.28613e-05
-7.5808e-05
-5.88385e-05
-4.19642e-05
-2.5158e-05
-8.65454e-06
-0.00325651
-0.0032368
-0.00321885
-0.00320499
-0.00319211
-0.00317889
-0.00316564
-0.00315258
-0.00313955
-0.0031264
-0.00311309
-0.00309961
-0.00308595
-0.0030721
-0.00305808
-0.00304391
-0.00302958
-0.00301513
-0.00300058
-0.00298594
-0.00297123
-0.00295645
-0.00294162
-0.00292676
-0.00291187
-0.00289697
-0.00288206
-0.00286715
-0.00285224
-0.00283736
-0.00282253
-0.00280774
-0.00279302
-0.00277841
-0.00276393
-0.00274972
-0.00273608
-0.00272318
-0.0027111
-0.00269983
-0.00268922
-0.00267905
-0.00266887
-0.00265834
-0.00264721
-0.00263537
-0.00262278
-0.0026094
-0.00259525
-0.00258035
-0.00256479
-0.00254867
-0.00253205
-0.00251509
-0.00249782
-0.00248037
-0.00246282
-0.0024452
-0.00242764
-0.00241003
-0.00239261
-0.00237519
-0.00235784
-0.00234051
-0.00232313
-0.00230567
-0.002288
-0.00227012
-0.00225193
-0.00223341
-0.0022145
-0.00219516
-0.0021754
-0.0021552
-0.00213456
-0.00211353
-0.00209212
-0.00207041
-0.0020484
-0.00202628
-0.00200409
-0.00198187
-0.00195973
-0.00193774
-0.00191597
-0.00189455
-0.00187356
-0.001853
-0.00183294
-0.0018134
-0.00179438
-0.00177587
-0.00175785
-0.00174024
-0.00172307
-0.0017062
-0.0016897
-0.00167345
-0.00165754
-0.00164187
-0.00162655
-0.00161152
-0.00159686
-0.00158255
-0.0015686
-0.00155504
-0.00154183
-0.00152898
-0.00151642
-0.00150412
-0.00149207
-0.00148026
-0.00146866
-0.00145721
-0.00144586
-0.00143465
-0.00142353
-0.00141246
-0.00140143
-0.00139037
-0.00137922
-0.00136801
-0.00135674
-0.00134534
-0.00133379
-0.00132206
-0.00131013
-0.00129798
-0.00128557
-0.00127289
-0.00125991
-0.00124662
-0.001233
-0.00121902
-0.00120469
-0.00118999
-0.00117492
-0.00115949
-0.00114372
-0.0011276
-0.00111121
-0.00109454
-0.0010777
-0.0010607
-0.00104361
-0.00102651
-0.00100941
-0.000992412
-0.00097552
-0.00095867
-0.000941992
-0.00092522
-0.000908462
-0.000891427
-0.000874146
-0.000856312
-0.000837765
-0.000818468
-0.000797955
-0.000776067
-0.000753044
-0.000729389
-0.000705647
-0.000682102
-0.000658979
-0.000636605
-0.000614897
-0.000593765
-0.000572936
-0.000552311
-0.000531932
-0.000511795
-0.00049189
-0.000472154
-0.000452579
-0.000433202
-0.000413976
-0.000394909
-0.000376059
-0.000357497
-0.000339107
-0.000320846
-0.000302817
-0.00028495
-0.000267181
-0.000249501
-0.000231908
-0.000214358
-0.00019681
-0.000179279
-0.000161792
-0.000144355
-0.000126982
-0.000109691
-9.24825e-05
-7.54122e-05
-5.8449e-05
-4.16105e-05
-2.48553e-05
-8.48945e-06
-0.00325494
-0.00323533
-0.00321777
-0.00320441
-0.00319192
-0.00317905
-0.00316611
-0.0031533
-0.00314045
-0.00312743
-0.00311422
-0.0031008
-0.00308718
-0.00307337
-0.0030594
-0.00304526
-0.00303097
-0.00301656
-0.00300208
-0.00298752
-0.00297289
-0.00295821
-0.0029435
-0.00292877
-0.00291402
-0.00289928
-0.00288455
-0.00286983
-0.00285514
-0.00284049
-0.0028259
-0.00281137
-0.00279693
-0.00278259
-0.00276839
-0.00275446
-0.00274098
-0.00272809
-0.00271588
-0.0027043
-0.00269322
-0.00268237
-0.00267139
-0.0026599
-0.00264768
-0.00263467
-0.00262089
-0.00260631
-0.00259102
-0.00257506
-0.00255856
-0.00254164
-0.00252436
-0.00250687
-0.0024892
-0.00247147
-0.00245374
-0.00243601
-0.00241843
-0.00240086
-0.00238353
-0.00236625
-0.00234912
-0.00233205
-0.00231501
-0.00229797
-0.00228081
-0.00226353
-0.00224603
-0.00222828
-0.00221026
-0.00219186
-0.00217314
-0.00215403
-0.00213453
-0.00211468
-0.00209447
-0.00207396
-0.00205316
-0.00203213
-0.00201096
-0.00198974
-0.00196853
-0.00194735
-0.00192624
-0.00190534
-0.00188482
-0.00186459
-0.00184471
-0.00182528
-0.00180629
-0.00178771
-0.00176959
-0.00175184
-0.00173448
-0.00171742
-0.0017007
-0.00168425
-0.00166813
-0.00165227
-0.00163674
-0.00162151
-0.00160665
-0.00159214
-0.00157798
-0.00156414
-0.00155062
-0.00153745
-0.00152464
-0.00151208
-0.00149966
-0.00148733
-0.00147512
-0.00146304
-0.00145105
-0.0014392
-0.00142739
-0.0014155
-0.00140355
-0.00139159
-0.00137962
-0.00136758
-0.00135542
-0.00134312
-0.00133066
-0.00131803
-0.00130521
-0.00129217
-0.00127892
-0.00126542
-0.00125167
-0.00123764
-0.00122334
-0.00120871
-0.00119382
-0.00117861
-0.0011631
-0.0011473
-0.00113124
-0.0011149
-0.00109839
-0.00108167
-0.00106486
-0.00104796
-0.00103106
-0.0010142
-0.000997424
-0.000980798
-0.000964368
-0.000948033
-0.000931973
-0.000915896
-0.000899996
-0.000883928
-0.000867773
-0.000851186
-0.000834081
-0.000816177
-0.000797168
-0.000776749
-0.000755237
-0.00073275
-0.000709992
-0.000687256
-0.00066478
-0.000642667
-0.000620934
-0.000599476
-0.000578164
-0.000556978
-0.000535947
-0.000515099
-0.000494516
-0.000474116
-0.000453893
-0.000433989
-0.000414375
-0.000395037
-0.000375999
-0.000357274
-0.000338811
-0.000320569
-0.000302555
-0.000284711
-0.000266982
-0.00024933
-0.000231732
-0.000214161
-0.000196592
-0.000179029
-0.000161492
-0.000144001
-0.000126581
-0.000109236
-9.20243e-05
-7.49501e-05
-5.80131e-05
-4.12318e-05
-2.45629e-05
-8.33477e-06
-0.00325229
-0.00323291
-0.003216
-0.00320342
-0.00319158
-0.00317924
-0.00316675
-0.00315427
-0.00314166
-0.00312879
-0.00311568
-0.00310232
-0.0030887
-0.00307488
-0.00306092
-0.00304682
-0.00303252
-0.00301809
-0.00300365
-0.00298917
-0.0029746
-0.00295999
-0.00294537
-0.00293075
-0.00291614
-0.00290154
-0.00288697
-0.00287243
-0.00285793
-0.0028435
-0.00282913
-0.00281486
-0.00280068
-0.00278661
-0.00277271
-0.00275906
-0.00274577
-0.00273295
-0.00272064
-0.00270877
-0.00269723
-0.00268572
-0.00267393
-0.00266147
-0.00264814
-0.00263396
-0.00261902
-0.00260328
-0.00258694
-0.00257004
-0.00255275
-0.00253518
-0.00251739
-0.00249952
-0.00248158
-0.00246368
-0.00244586
-0.00242809
-0.00241056
-0.00239304
-0.00237583
-0.0023587
-0.00234175
-0.00232491
-0.00230815
-0.00229143
-0.00227469
-0.00225788
-0.00224095
-0.00222383
-0.00220652
-0.00218891
-0.00217106
-0.00215288
-0.00213437
-0.00211556
-0.00209642
-0.00207698
-0.00205727
-0.00203732
-0.00201715
-0.00199691
-0.00197672
-0.00195642
-0.00193598
-0.00191568
-0.00189568
-0.0018759
-0.00185638
-0.00183719
-0.00181834
-0.00179982
-0.00178169
-0.00176395
-0.00174652
-0.00172937
-0.00171252
-0.00169595
-0.00167968
-0.0016637
-0.00164803
-0.00163262
-0.00161753
-0.0016028
-0.00158838
-0.00157424
-0.00156035
-0.00154675
-0.00153339
-0.00152021
-0.00150721
-0.00149434
-0.00148144
-0.00146854
-0.00145578
-0.00144312
-0.00143046
-0.00141775
-0.00140498
-0.00139217
-0.00137931
-0.00136636
-0.00135331
-0.00134014
-0.00132682
-0.00131337
-0.00129975
-0.00128595
-0.00127196
-0.00125777
-0.00124336
-0.00122873
-0.00121387
-0.00119875
-0.00118341
-0.00116781
-0.00115198
-0.00113593
-0.00111969
-0.00110324
-0.00108669
-0.00106998
-0.00105327
-0.00103651
-0.00101983
-0.00100322
-0.000986763
-0.000970483
-0.00095447
-0.000938581
-0.00092306
-0.000907576
-0.000892411
-0.00087717
-0.000862016
-0.000846556
-0.000830745
-0.000814199
-0.000796875
-0.000777791
-0.000757631
-0.000736368
-0.000714591
-0.000692602
-0.000670689
-0.000648718
-0.00062683
-0.000604951
-0.000583084
-0.000561278
-0.000539561
-0.000518002
-0.000496685
-0.000475635
-0.000454887
-0.000434521
-0.000414541
-0.000394943
-0.000375726
-0.000356876
-0.00033835
-0.0003201
-0.000302083
-0.000284247
-0.000266533
-0.000248891
-0.000231291
-0.000213705
-0.000196117
-0.000178532
-0.000160969
-0.000143452
-0.000126008
-0.000108665
-9.14794e-05
-7.44226e-05
-5.75351e-05
-4.08311e-05
-2.42664e-05
-8.17657e-06
-0.00324822
-0.0032293
-0.00321344
-0.00320207
-0.00319119
-0.00317958
-0.00316767
-0.00315565
-0.00314327
-0.00313051
-0.0031175
-0.00310423
-0.00309055
-0.0030766
-0.0030626
-0.00304848
-0.00303417
-0.00301976
-0.0030053
-0.00299081
-0.00297628
-0.00296174
-0.0029472
-0.00293267
-0.00291816
-0.00290368
-0.00288925
-0.00287486
-0.00286054
-0.00284629
-0.00283214
-0.00281809
-0.00280417
-0.00279036
-0.00277676
-0.00276342
-0.00275036
-0.00273767
-0.00272533
-0.0027132
-0.00270123
-0.00268906
-0.00267649
-0.00266302
-0.00264853
-0.00263319
-0.00261713
-0.00260033
-0.00258306
-0.00256537
-0.00254745
-0.00252938
-0.00251125
-0.00249314
-0.00247507
-0.0024571
-0.00243928
-0.00242156
-0.00240411
-0.0023867
-0.00236962
-0.00235263
-0.00233586
-0.00231921
-0.00230269
-0.00228624
-0.00226983
-0.00225339
-0.0022369
-0.00222029
-0.00220355
-0.00218659
-0.00216945
-0.00215204
-0.00213437
-0.00211644
-0.00209821
-0.00207973
-0.00206099
-0.00204203
-0.00202286
-0.00200355
-0.00198414
-0.00196459
-0.001945
-0.00192546
-0.00190603
-0.00188674
-0.00186765
-0.0018488
-0.00183021
-0.00181193
-0.00179393
-0.0017762
-0.00175873
-0.00174155
-0.00172464
-0.001708
-0.00169161
-0.00167552
-0.00165969
-0.00164415
-0.00162889
-0.00161387
-0.00159902
-0.00158437
-0.00156995
-0.0015558
-0.00154183
-0.00152799
-0.00151422
-0.00150053
-0.00148685
-0.0014732
-0.00145961
-0.00144606
-0.00143251
-0.00141893
-0.00140531
-0.00139165
-0.00137796
-0.00136418
-0.00135033
-0.00133639
-0.00132234
-0.00130817
-0.00129387
-0.00127943
-0.00126484
-0.00125009
-0.00123516
-0.00122004
-0.00120477
-0.00118926
-0.00117361
-0.00115774
-0.00114171
-0.0011255
-0.00110918
-0.0010927
-0.00107619
-0.00105957
-0.00104302
-0.00102644
-0.00101
-0.00099366
-0.000977515
-0.000961552
-0.000945919
-0.000930413
-0.000915354
-0.000900361
-0.000885809
-0.000871257
-0.000856965
-0.000842498
-0.000827871
-0.000812646
-0.000796967
-0.000779166
-0.000760336
-0.000740222
-0.000719337
-0.000697965
-0.000676442
-0.000654455
-0.000632299
-0.000609911
-0.000587413
-0.000564927
-0.000542501
-0.000520241
-0.000498262
-0.000476637
-0.000455423
-0.000434668
-0.000414385
-0.000394575
-0.000375212
-0.000356262
-0.000337679
-0.000319404
-0.000301372
-0.000283528
-0.000265813
-0.000248169
-0.000230562
-0.000212968
-0.000195373
-0.000177784
-0.00016022
-0.000142708
-0.000125276
-0.00010798
-9.08229e-05
-7.38238e-05
-5.70126e-05
-4.04012e-05
-2.39514e-05
-8.01141e-06
-0.00324202
-0.00322414
-0.00320995
-0.00320043
-0.00319094
-0.00318027
-0.00316907
-0.00315764
-0.00314554
-0.00313274
-0.00311964
-0.00310629
-0.00309256
-0.00307855
-0.00306443
-0.00305019
-0.00303582
-0.00302138
-0.00300689
-0.00299239
-0.00297788
-0.00296338
-0.00294889
-0.00293444
-0.00292001
-0.00290563
-0.00289131
-0.00287705
-0.00286287
-0.00284878
-0.0028348
-0.00282096
-0.00280726
-0.0027937
-0.00278041
-0.00276738
-0.00275462
-0.00274216
-0.00272985
-0.00271752
-0.00270514
-0.00269234
-0.00267897
-0.00266444
-0.00264876
-0.00263227
-0.00261518
-0.00259745
-0.00257942
-0.00256112
-0.00254277
-0.0025244
-0.00250608
-0.00248788
-0.0024698
-0.00245187
-0.00243413
-0.00241652
-0.00239921
-0.00238194
-0.00236502
-0.00234819
-0.0023316
-0.00231512
-0.00229881
-0.00228258
-0.00226643
-0.00225028
-0.00223415
-0.00221792
-0.00220165
-0.00218519
-0.00216861
-0.00215182
-0.00213482
-0.00211761
-0.00210015
-0.00208247
-0.00206454
-0.00204641
-0.00202807
-0.00200957
-0.00199093
-0.00197218
-0.00195335
-0.0019345
-0.00191568
-0.00189695
-0.0018783
-0.00185982
-0.00184149
-0.00182339
-0.00180549
-0.00178785
-0.00177043
-0.00175328
-0.00173634
-0.00171967
-0.00170319
-0.00168697
-0.00167093
-0.00165514
-0.00163952
-0.0016241
-0.00160883
-0.00159372
-0.00157875
-0.00156393
-0.00154919
-0.00153455
-0.00151995
-0.00150542
-0.00149091
-0.00147644
-0.00146201
-0.00144761
-0.00143322
-0.00141883
-0.00140444
-0.00139002
-0.00137558
-0.0013611
-0.00134657
-0.00133198
-0.00131731
-0.00130257
-0.00128772
-0.00127277
-0.00125772
-0.00124253
-0.00122722
-0.00121175
-0.00119618
-0.00118041
-0.00116457
-0.00114854
-0.00113242
-0.00111616
-0.00109987
-0.00108344
-0.00106706
-0.00105058
-0.00103424
-0.00101788
-0.00100171
-0.000985639
-0.000969807
-0.000954137
-0.000938846
-0.000923664
-0.000908992
-0.00089439
-0.000880327
-0.000866319
-0.000852731
-0.000839103
-0.000825523
-0.000811521
-0.000797472
-0.000780906
-0.000763258
-0.000744142
-0.000723989
-0.000703045
-0.000681734
-0.000659523
-0.000636899
-0.000613892
-0.000590711
-0.000567533
-0.000544434
-0.000521555
-0.000499035
-0.000476953
-0.000455375
-0.000434339
-0.000413836
-0.00039388
-0.000374414
-0.000355392
-0.000336759
-0.000318456
-0.000300409
-0.000282551
-0.000264823
-0.000247167
-0.000229555
-0.00021196
-0.000194373
-0.000176799
-0.000159261
-0.000141785
-0.000124404
-0.000107157
-9.00661e-05
-7.31535e-05
-5.64374e-05
-3.99319e-05
-2.36028e-05
-7.8345e-06
-0.00323272
-0.00321663
-0.00320587
-0.003199
-0.00319128
-0.00318185
-0.00317124
-0.00316008
-0.00314807
-0.00313527
-0.00312203
-0.00310849
-0.00309461
-0.00308048
-0.0030662
-0.00305183
-0.00303737
-0.00302286
-0.00300834
-0.00299383
-0.00297932
-0.00296484
-0.00295039
-0.00293598
-0.00292162
-0.00290732
-0.00289307
-0.0028789
-0.00286483
-0.00285086
-0.00283701
-0.00282332
-0.00280981
-0.00279646
-0.00278345
-0.00277072
-0.00275833
-0.00274621
-0.00273404
-0.00272154
-0.00270876
-0.00269532
-0.00268116
-0.0026655
-0.00264863
-0.0026311
-0.00261312
-0.00259466
-0.0025761
-0.00255743
-0.00253886
-0.00252037
-0.00250203
-0.00248387
-0.00246589
-0.00244808
-0.00243051
-0.00241308
-0.00239594
-0.00237886
-0.00236212
-0.00234546
-0.00232906
-0.00231276
-0.00229665
-0.0022806
-0.00226468
-0.00224877
-0.00223291
-0.00221699
-0.00220106
-0.00218499
-0.00216885
-0.00215253
-0.00213605
-0.00211939
-0.00210252
-0.00208546
-0.00206818
-0.00205072
-0.00203305
-0.00201522
-0.00199723
-0.00197912
-0.00196091
-0.00194264
-0.00192433
-0.00190606
-0.0018878
-0.00186966
-0.00185161
-0.00183375
-0.00181601
-0.0017985
-0.00178113
-0.00176401
-0.001747
-0.00173024
-0.00171359
-0.00169718
-0.00168086
-0.00166474
-0.00164871
-0.00163283
-0.00161702
-0.00160133
-0.00158569
-0.00157015
-0.00155464
-0.00153922
-0.00152382
-0.00150849
-0.00149318
-0.00147794
-0.00146274
-0.00144759
-0.00143248
-0.0014174
-0.00140233
-0.00138728
-0.00137224
-0.00135718
-0.00134211
-0.00132701
-0.00131188
-0.00129669
-0.00128145
-0.00126614
-0.00125075
-0.00123528
-0.00121972
-0.00120404
-0.00118831
-0.00117241
-0.0011565
-0.00114043
-0.00112434
-0.00110813
-0.00109194
-0.00107565
-0.00105946
-0.00104319
-0.00102709
-0.00101098
-0.000995103
-0.000979307
-0.000963786
-0.000948385
-0.000933399
-0.000918492
-0.000904131
-0.000889828
-0.000876126
-0.000862512
-0.000849447
-0.000836468
-0.000823748
-0.000810819
-0.000798334
-0.00078289
-0.000766176
-0.000747829
-0.000728155
-0.000707358
-0.00068597
-0.000663281
-0.000640002
-0.000616324
-0.000592484
-0.000568681
-0.000545031
-0.000521696
-0.000498817
-0.000476442
-0.000454644
-0.00043345
-0.000412851
-0.000392814
-0.000373293
-0.000354233
-0.000335571
-0.000317241
-0.000299179
-0.00028131
-0.00026357
-0.000245912
-0.000228301
-0.000210716
-0.000193149
-0.00017561
-0.000158118
-0.000140701
-0.000123391
-0.000106221
-8.92194e-05
-7.24069e-05
-5.57999e-05
-3.94099e-05
-2.32047e-05
-7.63936e-06
-0.00321799
-0.00320744
-0.00320326
-0.003199
-0.00319223
-0.00318395
-0.00317397
-0.00316281
-0.00315071
-0.0031378
-0.00312434
-0.00311052
-0.00309642
-0.00308212
-0.0030677
-0.0030532
-0.00303866
-0.00302411
-0.00300956
-0.00299504
-0.00298053
-0.00296607
-0.00295164
-0.00293726
-0.00292294
-0.00290867
-0.00289447
-0.00288036
-0.00286634
-0.00285243
-0.00283866
-0.00282506
-0.00281166
-0.00279845
-0.00278563
-0.00277313
-0.00276115
-0.00274949
-0.00273751
-0.00272488
-0.0027117
-0.00269759
-0.00268261
-0.00266585
-0.00264793
-0.00262956
-0.00261096
-0.00259206
-0.00257323
-0.00255443
-0.00253583
-0.00251738
-0.00249917
-0.00248114
-0.00246335
-0.00244574
-0.0024284
-0.00241118
-0.00239426
-0.00237741
-0.00236089
-0.00234443
-0.00232824
-0.00231213
-0.00229621
-0.00228036
-0.00226465
-0.00224894
-0.00223332
-0.00221763
-0.00220197
-0.00218619
-0.00217036
-0.00215439
-0.00213828
-0.00212202
-0.00210556
-0.00208894
-0.00207211
-0.00205512
-0.00203792
-0.00202056
-0.00200304
-0.00198538
-0.00196761
-0.00194975
-0.00193182
-0.00191389
-0.00189593
-0.00187805
-0.00186019
-0.00184248
-0.00182483
-0.00180738
-0.00179
-0.00177285
-0.00175576
-0.00173878
-0.00172188
-0.00170518
-0.00168851
-0.00167199
-0.00165549
-0.0016391
-0.00162272
-0.00160642
-0.00159012
-0.00157391
-0.00155769
-0.00154157
-0.00152546
-0.00150944
-0.00149345
-0.00147755
-0.00146171
-0.00144596
-0.00143026
-0.00141464
-0.00139907
-0.00138354
-0.00136805
-0.00135258
-0.00133714
-0.0013217
-0.00130625
-0.00129079
-0.00127531
-0.00125979
-0.00124423
-0.00122861
-0.00121294
-0.00119718
-0.00118142
-0.00116552
-0.00114964
-0.00113364
-0.00111767
-0.0011016
-0.00108559
-0.00106949
-0.00105354
-0.0010375
-0.00102168
-0.00100582
-0.000990232
-0.000974714
-0.000959492
-0.000944343
-0.00092963
-0.000914962
-0.000900845
-0.000886773
-0.000873312
-0.000859955
-0.000847213
-0.000834658
-0.000822542
-0.000810471
-0.000799351
-0.000784851
-0.000768725
-0.000750804
-0.000731239
-0.000710234
-0.000688412
-0.000665067
-0.00064107
-0.000616787
-0.00059243
-0.000568184
-0.000544187
-0.000520603
-0.000497548
-0.000475093
-0.000453243
-0.000432016
-0.000411414
-0.000391372
-0.000371848
-0.000352786
-0.00033412
-0.000315781
-0.000297708
-0.000279838
-0.0002621
-0.000244451
-0.000226853
-0.000209288
-0.000191754
-0.000174261
-0.00015683
-0.000139486
-0.000122261
-0.000105183
-8.82821e-05
-7.15786e-05
-5.50894e-05
-3.88211e-05
-2.27485e-05
-7.42077e-06
-0.00318524
-0.00319584
-0.00320145
-0.00319985
-0.00319444
-0.00318684
-0.00317709
-0.00316568
-0.00315318
-0.00313994
-0.00312619
-0.00311211
-0.00309782
-0.00308338
-0.00306886
-0.00305429
-0.00303969
-0.00302511
-0.00301054
-0.002996
-0.00298151
-0.00296707
-0.00295266
-0.0029383
-0.00292399
-0.00290974
-0.00289555
-0.00288144
-0.00286743
-0.00285352
-0.00283975
-0.00282615
-0.00281275
-0.00279957
-0.00278677
-0.00277431
-0.0027626
-0.00275138
-0.00273965
-0.00272692
-0.00271332
-0.00269859
-0.00268283
-0.00266517
-0.0026465
-0.00262759
-0.00260864
-0.0025896
-0.00257074
-0.002552
-0.00253353
-0.00251526
-0.00249725
-0.00247945
-0.00246191
-0.00244458
-0.00242749
-0.00241055
-0.00239388
-0.00237732
-0.00236103
-0.00234484
-0.00232888
-0.002313
-0.00229732
-0.00228168
-0.0022662
-0.0022507
-0.0022353
-0.00221984
-0.00220441
-0.00218887
-0.00217328
-0.00215756
-0.00214171
-0.00212571
-0.00210951
-0.00209316
-0.00207659
-0.00205985
-0.00204291
-0.00202579
-0.00200849
-0.00199105
-0.00197347
-0.00195579
-0.00193801
-0.0019202
-0.00190233
-0.0018845
-0.00186665
-0.0018489
-0.00183119
-0.00181363
-0.0017961
-0.00177875
-0.00176142
-0.00174431
-0.00172714
-0.00171009
-0.00169302
-0.00167607
-0.0016591
-0.00164222
-0.00162533
-0.00160849
-0.00159165
-0.00157489
-0.00155813
-0.00154147
-0.00152484
-0.0015083
-0.0014918
-0.00147543
-0.00145912
-0.00144293
-0.00142683
-0.00141083
-0.00139491
-0.00137906
-0.00136329
-0.00134756
-0.00133189
-0.00131625
-0.00130064
-0.00128504
-0.00126944
-0.00125384
-0.00123823
-0.00122258
-0.00120691
-0.00119119
-0.00117547
-0.00115967
-0.00114391
-0.00112806
-0.00111225
-0.00109638
-0.00108059
-0.00106474
-0.00104903
-0.00103327
-0.00101773
-0.00100217
-0.000986892
-0.000971565
-0.000956617
-0.000941717
-0.000927257
-0.000912826
-0.000898917
-0.000885046
-0.000871749
-0.000858553
-0.000845961
-0.000833601
-0.000821769
-0.000810266
-0.000800157
-0.000786407
-0.000770511
-0.000752619
-0.000732769
-0.000711241
-0.000688688
-0.000664644
-0.000640023
-0.000615294
-0.000590634
-0.000566195
-0.000542074
-0.000518455
-0.00049541
-0.000472973
-0.000451182
-0.000430031
-0.000409498
-0.000389533
-0.000370084
-0.000351079
-0.00033246
-0.000314157
-0.0002961
-0.000278225
-0.000260482
-0.000242832
-0.000225244
-0.000207701
-0.000190196
-0.000172748
-0.000155377
-0.000138107
-0.000120968
-0.000103986
-8.71883e-05
-7.05973e-05
-5.42304e-05
-3.80895e-05
-2.21815e-05
-7.1424e-06
-0.00310875
-0.00316833
-0.00319426
-0.00319917
-0.00319682
-0.00319009
-0.00318014
-0.00316824
-0.00315525
-0.00314164
-0.00312762
-0.00311336
-0.00309895
-0.00308444
-0.00306988
-0.0030553
-0.00304071
-0.00302616
-0.00301162
-0.00299711
-0.00298262
-0.00296817
-0.00295376
-0.00293939
-0.00292507
-0.00291081
-0.00289661
-0.00288249
-0.00286844
-0.0028545
-0.00284068
-0.00282702
-0.00281355
-0.0028003
-0.00278742
-0.00277484
-0.00276309
-0.00275192
-0.00274027
-0.00272739
-0.0027134
-0.00269816
-0.00268175
-0.00266347
-0.00264434
-0.00262512
-0.00260602
-0.00258697
-0.00256822
-0.00254965
-0.00253143
-0.00251342
-0.00249573
-0.00247826
-0.00246106
-0.00244405
-0.00242728
-0.00241067
-0.00239433
-0.00237808
-0.00236211
-0.00234622
-0.00233058
-0.00231498
-0.0022996
-0.00228423
-0.00226904
-0.00225382
-0.00223871
-0.00222353
-0.00220839
-0.00219314
-0.00217785
-0.00216243
-0.00214686
-0.00213116
-0.00211525
-0.00209917
-0.00208285
-0.00206634
-0.0020496
-0.00203264
-0.00201548
-0.00199812
-0.00198059
-0.00196291
-0.00194509
-0.0019272
-0.00190919
-0.00189121
-0.00187315
-0.00185518
-0.00183715
-0.00181923
-0.00180131
-0.00178347
-0.00176565
-0.00174792
-0.00173022
-0.00171262
-0.001695
-0.00167745
-0.00165988
-0.00164235
-0.00162479
-0.0016073
-0.0015898
-0.00157239
-0.001555
-0.00153773
-0.00152051
-0.00150348
-0.00148655
-0.00146979
-0.00145317
-0.00143669
-0.00142034
-0.00140412
-0.00138803
-0.00137203
-0.00135615
-0.00134034
-0.00132462
-0.00130896
-0.00129336
-0.00127779
-0.00126225
-0.00124672
-0.00123121
-0.00121569
-0.00120021
-0.00118468
-0.0011692
-0.00115361
-0.00113812
-0.0011225
-0.001107
-0.00109138
-0.00107591
-0.00106035
-0.00104496
-0.00102954
-0.00101433
-0.000999091
-0.000984137
-0.000969197
-0.000954584
-0.000939978
-0.000925785
-0.000911595
-0.000897897
-0.000884219
-0.000871072
-0.000858002
-0.000845491
-0.000833201
-0.000821439
-0.000810146
-0.000800561
-0.000787195
-0.000771281
-0.000753139
-0.000732752
-0.00071051
-0.000687052
-0.000662251
-0.000637031
-0.000611853
-0.000586863
-0.00056222
-0.000538117
-0.000514587
-0.000491671
-0.000469422
-0.000447817
-0.000426837
-0.000406454
-0.000386619
-0.000367275
-0.000348372
-0.000329841
-0.000311612
-0.000293618
-0.000275798
-0.000258102
-0.000240492
-0.000222943
-0.000205445
-0.000188017
-0.000170656
-0.000153379
-0.00013621
-0.000119176
-0.000102305
-8.56235e-05
-6.9158e-05
-5.29322e-05
-3.6953e-05
-2.12854e-05
-6.67899e-06
)
;

boundaryField
{
    inlet
    {
        type            zeroGradient;
    }
    outlet
    {
        type            fixedValue;
        value           uniform 0;
    }
    walls
    {
        type            zeroGradient;
    }
    frontAndBack
    {
        type            empty;
    }
}


// ************************************************************************* //
