/*--------------------------------*- C++ -*----------------------------------*\
| =========                 |                                                 |
| \\      /  F ield         | OpenFOAM: The Open Source CFD Toolbox           |
|  \\    /   O peration     | Version:  2506                                  |
|   \\  /    A nd           | Website:  www.openfoam.com                      |
|    \\/     M anipulation  |                                                 |
\*---------------------------------------------------------------------------*/
FoamFile
{
    version     2.0;
    format      ascii;
    arch        "LSB;label=32;scalar=64";
    class       volScalarField;
    location    "4.7";
    object      p;
}
// * * * * * * * * * * * * * * * * * * * * * * * * * * * * * * * * * * * * * //

dimensions      [0 2 -2 0 0 0 0];

internalField   nonuniform List<scalar> 
4000
(
0.000555023
0.0004971
0.000465745
0.000452192
0.000443982
0.00043826
0.000434262
0.000431256
0.000428766
0.000426567
0.000424556
0.000422676
0.000420892
0.000419187
0.000417549
0.000415973
0.000414457
0.000413002
0.000411607
0.000410277
0.000409015
0.000407825
0.000406711
0.00040568
0.000404737
0.000403889
0.000403143
0.000402507
0.000401987
0.000401594
0.000401337
0.000401232
0.000401296
0.000401417
0.000402058
0.000403116
0.000403857
0.000404115
0.000403859
0.000402828
0.000400727
0.000396371
0.000389739
0.000381538
0.000371792
0.000360695
0.000348379
0.000334755
0.000320464
0.000305402
0.000289839
0.000274287
0.000258562
0.000243617
0.000229
0.000215726
0.00020366
0.000192992
0.000184411
0.000176867
0.000171777
0.000167996
0.000165772
0.000164993
0.000165094
0.000166365
0.000168085
0.000170531
0.000173208
0.000176192
0.000179309
0.000182431
0.000185616
0.000188715
0.000191738
0.000194675
0.000197485
0.00020017
0.000202739
0.000205181
0.000207503
0.000209715
0.00021182
0.000213824
0.000215734
0.00021755
0.000219274
0.000220908
0.000222446
0.000223888
0.000225235
0.000226487
0.00022765
0.000228725
0.000229719
0.000230637
0.000231483
0.000232266
0.000232994
0.000233675
0.000234315
0.000234922
0.0002355
0.000236055
0.000236591
0.000237106
0.000237609
0.000238089
0.000238549
0.000238978
0.000239366
0.000239694
0.000239948
0.000240086
0.000240101
0.000239919
0.000239519
0.000238845
0.000237822
0.000236407
0.000234533
0.000232115
0.000229108
0.000225459
0.000221092
0.00021598
0.000210093
0.000203408
0.000195932
0.000187672
0.000178601
0.000168845
0.000158413
0.000147248
0.000135592
0.000123488
0.000110733
9.79784e-05
8.48291e-05
7.17465e-05
5.87632e-05
4.61154e-05
3.40296e-05
2.28704e-05
1.24961e-05
3.93643e-06
-3.73438e-06
-9.1667e-06
-1.31829e-05
-1.56365e-05
-1.6345e-05
-1.61328e-05
-1.44014e-05
-1.21457e-05
-8.97237e-06
-5.59284e-06
-1.78893e-06
1.99115e-06
5.7998e-06
9.45351e-06
1.35174e-05
1.66254e-05
1.94476e-05
2.20244e-05
2.44181e-05
2.65282e-05
2.84162e-05
2.96405e-05
3.03286e-05
3.06567e-05
3.06413e-05
3.03203e-05
2.97419e-05
2.89515e-05
2.79897e-05
2.68927e-05
2.56926e-05
2.44166e-05
2.30882e-05
2.17265e-05
2.03477e-05
1.8965e-05
1.75894e-05
1.62302e-05
1.48954e-05
1.35918e-05
1.23258e-05
1.11027e-05
9.92752e-06
8.80414e-06
7.73543e-06
6.72277e-06
5.76583e-06
4.86222e-06
4.00716e-06
3.19834e-06
2.42509e-06
1.67824e-06
9.47411e-07
2.70733e-07
0.000503357
0.000480228
0.000462321
0.000452534
0.000445667
0.000440103
0.000435813
0.000432486
0.000429741
0.000427349
0.000425193
0.000423207
0.000421345
0.000419581
0.0004179
0.000416292
0.000414752
0.000413279
0.000411872
0.000410533
0.000409266
0.000408073
0.000406959
0.00040593
0.000404991
0.000404149
0.00040341
0.000402784
0.000402277
0.000401898
0.000401658
0.00040157
0.000401651
0.00040176
0.000402274
0.000403102
0.000403502
0.000403325
0.000402492
0.000400682
0.000397596
0.000392286
0.000384972
0.000376286
0.000366212
0.000354926
0.000342566
0.000329102
0.000315119
0.000300533
0.000285602
0.00027079
0.00025595
0.00024193
0.000228384
0.000216041
0.000204773
0.00019473
0.000186521
0.000179272
0.000174157
0.000170267
0.000167778
0.000166655
0.000166386
0.000167251
0.000168605
0.000170694
0.000173073
0.00017579
0.000178698
0.000181646
0.000184694
0.000187695
0.000190643
0.000193531
0.000196312
0.000198982
0.000201547
0.000203993
0.000206324
0.000208547
0.000210667
0.000212688
0.000214619
0.000216459
0.000218213
0.000219884
0.000221468
0.000222969
0.000224385
0.000225709
0.000226947
0.0002281
0.000229167
0.000230166
0.000231087
0.000231945
0.000232737
0.000233479
0.000234168
0.00023482
0.000235434
0.000236016
0.000236573
0.000237098
0.000237603
0.000238073
0.00023851
0.000238899
0.000239229
0.000239477
0.000239624
0.000239624
0.000239467
0.000239075
0.000238423
0.000237452
0.000236088
0.000234288
0.000231986
0.000229104
0.000225603
0.000221439
0.000216545
0.00021091
0.000204514
0.000197348
0.000189434
0.000180792
0.000171412
0.000161431
0.000150869
0.000139675
0.000128105
0.000116169
0.000103755
9.13943e-05
7.88016e-05
6.63688e-05
5.41639e-05
4.23855e-05
3.12505e-05
2.10438e-05
1.17371e-05
3.96726e-06
-2.93284e-06
-7.90668e-06
-1.15988e-05
-1.39147e-05
-1.46453e-05
-1.45375e-05
-1.30272e-05
-1.10142e-05
-8.11605e-06
-4.99599e-06
-1.43802e-06
2.1293e-06
5.76985e-06
9.18141e-06
1.31743e-05
1.62743e-05
1.91225e-05
2.1727e-05
2.41289e-05
2.61942e-05
2.80075e-05
2.91492e-05
2.98042e-05
3.01324e-05
3.01277e-05
2.98229e-05
2.92679e-05
2.85075e-05
2.75807e-05
2.65222e-05
2.53627e-05
2.41284e-05
2.28416e-05
2.15207e-05
2.01807e-05
1.88343e-05
1.74919e-05
1.61621e-05
1.48526e-05
1.357e-05
1.23208e-05
1.11104e-05
9.9439e-06
8.82565e-06
7.75914e-06
6.74653e-06
5.7884e-06
4.88349e-06
4.02916e-06
3.21764e-06
2.44467e-06
1.70013e-06
9.71519e-07
2.89867e-07
0.000479026
0.000471457
0.000460887
0.000452924
0.000446657
0.000441541
0.000437243
0.000433727
0.000430776
0.0004282
0.000425895
0.000423789
0.000421832
0.000419995
0.000418257
0.000416603
0.000415028
0.000413526
0.000412097
0.000410741
0.000409459
0.000408255
0.000407132
0.000406095
0.000405151
0.000404304
0.000403563
0.000402933
0.000402425
0.000402045
0.000401801
0.000401704
0.000401768
0.00040182
0.000402183
0.00040276
0.000402782
0.000402112
0.000400667
0.000398097
0.000394158
0.00038813
0.000380394
0.000371479
0.000361333
0.000350113
0.000337973
0.000324933
0.0003115
0.000297633
0.00028354
0.000269643
0.000255862
0.000242805
0.000230229
0.000218695
0.00020814
0.000198637
0.000190708
0.000183617
0.000178336
0.000174161
0.000171241
0.000169604
0.000168798
0.000169119
0.000169964
0.000171591
0.000173571
0.000175944
0.000178578
0.000181297
0.000184173
0.00018704
0.000189887
0.000192709
0.000195444
0.000198086
0.000200638
0.000203081
0.000205415
0.000207647
0.000209778
0.000211814
0.000213763
0.000215625
0.000217407
0.000219116
0.000220741
0.000222287
0.000223759
0.000225143
0.000226444
0.000227667
0.000228797
0.000229854
0.000230827
0.000231738
0.000232574
0.000233362
0.000234085
0.000234769
0.000235405
0.000236003
0.000236571
0.000237093
0.000237589
0.000238034
0.000238433
0.000238767
0.000239021
0.000239169
0.00023919
0.000239032
0.000238685
0.000238065
0.000237148
0.000235875
0.000234171
0.000231998
0.000229295
0.000225994
0.000222063
0.000217468
0.000212157
0.000206132
0.000199382
0.000191913
0.000183752
0.000174932
0.000165463
0.000155463
0.000144963
0.000133949
0.000122638
0.000111049
9.91326e-05
8.73203e-05
7.54106e-05
6.37274e-05
5.23591e-05
4.146e-05
3.12205e-05
2.1844e-05
1.32951e-05
6.10274e-06
-2.72995e-07
-5.00275e-06
-8.58399e-06
-1.09773e-05
-1.19225e-05
-1.21145e-05
-1.09651e-05
-9.33303e-06
-6.7904e-06
-4.01254e-06
-7.42482e-07
2.56498e-06
6.03386e-06
9.16003e-06
1.31608e-05
1.61548e-05
1.8933e-05
2.15069e-05
2.38852e-05
2.58694e-05
2.76029e-05
2.86446e-05
2.92531e-05
2.95801e-05
2.9583e-05
2.92888e-05
2.87521e-05
2.8018e-05
2.71236e-05
2.61019e-05
2.49825e-05
2.37904e-05
2.25465e-05
2.12681e-05
1.99694e-05
1.8662e-05
1.73554e-05
1.60579e-05
1.47765e-05
1.35177e-05
1.22872e-05
1.10909e-05
9.93463e-06
8.82303e-06
7.76026e-06
6.74932e-06
5.79169e-06
4.88679e-06
4.03229e-06
3.22302e-06
2.45263e-06
1.7109e-06
9.81898e-07
2.97144e-07
0.000468033
0.000465248
0.000458795
0.000452301
0.000446995
0.000442445
0.000438307
0.000434826
0.000431778
0.000429063
0.000426629
0.000424399
0.000422335
0.00042041
0.000418599
0.000416883
0.000415256
0.000413712
0.000412245
0.000410856
0.000409545
0.000408313
0.000407164
0.000406103
0.000405133
0.00040426
0.000403492
0.000402833
0.000402292
0.000401874
0.000401584
0.000401424
0.000401404
0.000401337
0.000401527
0.000401857
0.000401521
0.000400384
0.000398382
0.000395188
0.000390631
0.000384154
0.000376206
0.000367236
0.000357195
0.000346232
0.00033451
0.000322084
0.000309407
0.000296427
0.000283292
0.000270445
0.000257806
0.000245789
0.000234249
0.00022356
0.000213715
0.000204728
0.00019701
0.000189995
0.000184449
0.000179864
0.000176377
0.000174066
0.000172566
0.000172173
0.000172353
0.000173366
0.000174811
0.000176721
0.000178977
0.000181379
0.000184011
0.000186686
0.000189384
0.000192099
0.000194759
0.000197348
0.000199869
0.000202295
0.000204621
0.000206853
0.000208988
0.00021103
0.000212992
0.000214869
0.00021667
0.000218408
0.000220068
0.000221657
0.000223181
0.000224622
0.000225984
0.000227273
0.000228466
0.00022959
0.000230622
0.000231591
0.000232472
0.000233303
0.000234056
0.000234766
0.000235417
0.000236021
0.000236588
0.000237095
0.000237567
0.000237971
0.000238316
0.000238576
0.000238733
0.000238761
0.000238635
0.000238296
0.00023774
0.000236872
0.000235675
0.000234089
0.000232042
0.000229502
0.000226415
0.000222724
0.000218407
0.000213441
0.000207791
0.000201467
0.000194473
0.000186823
0.000178555
0.000169708
0.000160307
0.000150454
0.000140201
0.000129552
0.000118686
0.000107641
9.64041e-05
8.53105e-05
7.4232e-05
6.34176e-05
5.29623e-05
4.29739e-05
3.36069e-05
2.49968e-05
1.71188e-05
1.03715e-05
4.34106e-06
-3.51837e-07
-4.05106e-06
-6.74471e-06
-8.13665e-06
-8.83749e-06
-8.24821e-06
-7.16203e-06
-5.11622e-06
-2.78739e-06
1.17394e-07
3.11035e-06
6.4007e-06
9.25363e-06
1.3279e-05
1.61472e-05
1.88168e-05
2.13314e-05
2.36741e-05
2.55677e-05
2.72214e-05
2.81513e-05
2.8693e-05
2.90038e-05
2.90012e-05
2.8704e-05
2.81734e-05
2.74558e-05
2.65859e-05
2.55951e-05
2.45115e-05
2.33589e-05
2.21568e-05
2.09212e-05
1.9665e-05
1.83989e-05
1.71316e-05
1.58706e-05
1.46221e-05
1.33921e-05
1.21865e-05
1.10111e-05
9.87181e-06
8.77363e-06
7.72126e-06
6.71834e-06
5.76694e-06
4.8674e-06
4.01748e-06
3.21263e-06
2.44574e-06
1.7062e-06
9.7676e-07
2.92426e-07
0.000461302
0.000459975
0.000456001
0.000451306
0.000446977
0.000442906
0.000439153
0.000435816
0.00043272
0.00042994
0.000427424
0.000425069
0.000422887
0.000420864
0.000418962
0.000417166
0.000415468
0.000413861
0.000412338
0.000410897
0.000409537
0.000408258
0.000407062
0.000405953
0.000404933
0.000404008
0.000403183
0.000402462
0.000401851
0.000401352
0.000400967
0.000400689
0.000400524
0.00040029
0.000400262
0.000400307
0.000399607
0.000398023
0.000395518
0.000391811
0.000386794
0.000380039
0.000372022
0.000363128
0.000353333
0.000342783
0.00033164
0.00031999
0.000308144
0.000296135
0.000284167
0.000272478
0.000261035
0.00025013
0.000239684
0.000229911
0.000220831
0.000212423
0.000204977
0.000198102
0.000192346
0.000187381
0.00018332
0.000180281
0.000178007
0.000176768
0.000176137
0.000176363
0.000177104
0.000178383
0.000180105
0.000182053
0.000184318
0.000186698
0.000189163
0.000191704
0.000194232
0.000196727
0.000199183
0.00020157
0.000203871
0.000206092
0.000208225
0.000210271
0.000212241
0.000214131
0.00021595
0.000217715
0.000219408
0.000221037
0.000222614
0.000224114
0.000225538
0.0002269
0.000228159
0.000229357
0.000230446
0.000231475
0.0002324
0.000233273
0.00023405
0.000234779
0.000235435
0.00023603
0.000236579
0.000237049
0.000237474
0.000237812
0.00023807
0.000238224
0.00023825
0.00023812
0.000237806
0.000237249
0.000236443
0.000235292
0.000233783
0.00023186
0.000229456
0.000226545
0.000223086
0.000219029
0.000214368
0.00020909
0.000203177
0.000196649
0.000189522
0.00018182
0.000173585
0.000164864
0.000155689
0.000146152
0.000136325
0.00012621
0.000115942
0.000105602
9.5185e-05
8.49379e-05
7.4791e-05
6.49226e-05
5.54214e-05
4.63552e-05
3.78399e-05
2.99544e-05
2.27014e-05
1.6334e-05
1.05681e-05
5.82845e-06
1.91048e-06
-1.1834e-06
-3.1573e-06
-4.50167e-06
-4.64655e-06
-4.26756e-06
-2.90055e-06
-1.17497e-06
1.22054e-06
3.78948e-06
6.83642e-06
9.39839e-06
1.34041e-05
1.61373e-05
1.86646e-05
2.10881e-05
2.33726e-05
2.5152e-05
2.66976e-05
2.74915e-05
2.79447e-05
2.82251e-05
2.82084e-05
2.79028e-05
2.73758e-05
2.66754e-05
2.58336e-05
2.48792e-05
2.38385e-05
2.27339e-05
2.15832e-05
2.04008e-05
1.91985e-05
1.79858e-05
1.67706e-05
1.55593e-05
1.43574e-05
1.31702e-05
1.20033e-05
1.08623e-05
9.75277e-06
8.68025e-06
7.64938e-06
6.66426e-06
5.72733e-06
4.83913e-06
3.99784e-06
3.19909e-06
2.43576e-06
1.69723e-06
9.67412e-07
2.7916e-07
0.00045681
0.000456053
0.000453489
0.000450083
0.000446589
0.00044313
0.000439772
0.000436564
0.000433501
0.000430745
0.000428201
0.000425729
0.000423443
0.00042133
0.000419329
0.000417439
0.00041566
0.000413977
0.000412381
0.00041087
0.000409443
0.000408097
0.000406832
0.000405651
0.000404556
0.000403549
0.000402635
0.000401816
0.000401095
0.000400472
0.000399944
0.0003995
0.000399138
0.000398695
0.000398403
0.000398116
0.000397047
0.00039505
0.000392105
0.000387986
0.000382642
0.000375752
0.000367788
0.000359086
0.000349654
0.000339634
0.000329181
0.000318384
0.000307446
0.000296489
0.000285757
0.000275247
0.000265003
0.000255228
0.000245873
0.000237051
0.00022877
0.000221001
0.000213925
0.000207294
0.00020147
0.000196259
0.00019173
0.000188044
0.000185048
0.00018295
0.000181459
0.000180797
0.000180708
0.000181209
0.000182236
0.000183579
0.000185323
0.000187273
0.000189385
0.000191646
0.000193955
0.000196283
0.000198618
0.00020092
0.000203163
0.000205349
0.000207464
0.000209503
0.000211477
0.000213377
0.00021521
0.000217001
0.000218723
0.000220391
0.000222018
0.000223574
0.00022506
0.000226493
0.000227819
0.000229089
0.000230235
0.000231327
0.000232296
0.000233208
0.000234001
0.000234737
0.00023538
0.000235948
0.000236453
0.000236859
0.000237203
0.000237436
0.000237569
0.000237573
0.000237422
0.000237087
0.00023654
0.000235719
0.000234624
0.000233158
0.000231311
0.000229038
0.000226274
0.000223007
0.000219205
0.000214831
0.00020989
0.000204384
0.000198306
0.000191688
0.000184554
0.000176937
0.000168882
0.000160437
0.00015164
0.000142571
0.000133315
0.000123838
0.000114312
0.000104779
9.52547e-05
8.59145e-05
7.67301e-05
6.78196e-05
5.92563e-05
5.10788e-05
4.33694e-05
3.61827e-05
2.94609e-05
2.34338e-05
1.78963e-05
1.30944e-05
8.94017e-06
5.44031e-06
2.85177e-06
8.21618e-07
-1.45959e-07
-5.715e-07
-2.95127e-08
9.50271e-07
2.67897e-06
4.69006e-06
7.37944e-06
9.6018e-06
1.34709e-05
1.60443e-05
1.83938e-05
2.06833e-05
2.28709e-05
2.45032e-05
2.58993e-05
2.65362e-05
2.68859e-05
2.71234e-05
2.70877e-05
2.67745e-05
2.62564e-05
2.55823e-05
2.47803e-05
2.38754e-05
2.28923e-05
2.18517e-05
2.0769e-05
1.96569e-05
1.85257e-05
1.73845e-05
1.62401e-05
1.50976e-05
1.39613e-05
1.28357e-05
1.17259e-05
1.06372e-05
9.57475e-06
8.54397e-06
7.54861e-06
6.59339e-06
5.68065e-06
4.81098e-06
3.98284e-06
3.19219e-06
2.4324e-06
1.69334e-06
9.62442e-07
2.58704e-07
0.000453795
0.000453306
0.000451525
0.000448948
0.000446081
0.000443096
0.000440065
0.000437066
0.000434158
0.000431407
0.00042879
0.000426276
0.000423949
0.000421767
0.00041966
0.000417674
0.000415811
0.000414046
0.000412369
0.000410775
0.000409268
0.000407838
0.000406485
0.000405212
0.000404017
0.000402903
0.00040187
0.000400919
0.000400052
0.000399264
0.000398551
0.000397897
0.000397295
0.000396607
0.000396015
0.00039536
0.000393927
0.000391564
0.000388253
0.000383826
0.000378274
0.000371372
0.000363569
0.000355154
0.000346172
0.000336763
0.000327061
0.000317149
0.000307228
0.000297379
0.000287765
0.000278405
0.000269332
0.000260658
0.000252354
0.000244461
0.000236974
0.000229869
0.000223235
0.000216931
0.000211199
0.000205907
0.00020105
0.000196877
0.000193312
0.000190457
0.000188163
0.000186622
0.000185669
0.000185318
0.000185541
0.000186155
0.000187238
0.000188617
0.00019024
0.000192091
0.000194064
0.000196124
0.000198248
0.000200392
0.000202517
0.000204621
0.000206682
0.000208688
0.000210647
0.000212545
0.000214384
0.000216194
0.00021794
0.00021964
0.000221309
0.000222916
0.000224456
0.000225957
0.000227345
0.000228687
0.000229897
0.000231036
0.000232039
0.000232981
0.000233779
0.000234507
0.000235118
0.000235632
0.000236065
0.00023637
0.000236594
0.000236681
0.000236642
0.000236449
0.000236073
0.000235489
0.000234666
0.000233546
0.000232133
0.000230331
0.000228141
0.000225523
0.000222424
0.000218841
0.000214752
0.000210134
0.000205004
0.000199373
0.000193248
0.000186666
0.000179659
0.000172263
0.000164525
0.00015649
0.000148197
0.000139715
0.00013111
0.000122369
0.000113664
0.000104984
9.63644e-05
8.79328e-05
7.96848e-05
7.16912e-05
6.40056e-05
5.66468e-05
4.96639e-05
4.30762e-05
3.68534e-05
3.11453e-05
2.58194e-05
2.09618e-05
1.65913e-05
1.2731e-05
9.56164e-06
6.87158e-06
5.07849e-06
3.82802e-06
3.46651e-06
3.60587e-06
4.54121e-06
5.87199e-06
8.06436e-06
9.88175e-06
1.344e-05
1.5806e-05
1.79384e-05
2.0041e-05
2.20766e-05
2.35252e-05
2.47296e-05
2.52009e-05
2.54426e-05
2.5627e-05
2.55698e-05
2.52551e-05
2.47571e-05
2.41243e-05
2.33793e-05
2.25425e-05
2.16367e-05
2.06805e-05
1.96869e-05
1.86657e-05
1.76268e-05
1.65785e-05
1.55268e-05
1.44752e-05
1.34263e-05
1.23836e-05
1.13516e-05
1.03349e-05
9.33825e-06
8.3657e-06
7.42207e-06
6.51001e-06
5.63199e-06
4.78868e-06
3.97873e-06
3.19859e-06
2.44264e-06
1.70142e-06
9.68121e-07
2.33304e-07
0.000451791
0.000451432
0.000450084
0.000448026
0.000445595
0.000442952
0.000440181
0.000437365
0.000434573
0.000431857
0.000429237
0.000426722
0.000424335
0.000422068
0.0004199
0.000417846
0.000415901
0.000414053
0.000412292
0.000410615
0.000409015
0.000407491
0.00040604
0.000404659
0.000403347
0.000402103
0.000400928
0.000399819
0.000398775
0.000397791
0.000396859
0.00039596
0.000395085
0.000394122
0.000393201
0.000392158
0.000390376
0.000387696
0.000384095
0.000379454
0.000373798
0.000366988
0.000359429
0.000351374
0.000342906
0.000334157
0.000325242
0.000316242
0.000307323
0.000298551
0.000290018
0.000281757
0.000273785
0.000266141
0.000258813
0.000251791
0.000245067
0.000238614
0.000232456
0.000226519
0.000221018
0.000215801
0.000210742
0.000206255
0.000202312
0.000198868
0.0001959
0.000193582
0.000191817
0.000190626
0.000190018
0.000189844
0.000190169
0.000190865
0.000191881
0.000193193
0.000194701
0.000196374
0.000198176
0.000200058
0.000201978
0.000203926
0.000205871
0.000207794
0.000209697
0.000211561
0.000213383
0.000215193
0.000216946
0.000218666
0.000220363
0.000222007
0.000223588
0.000225142
0.000226579
0.000227977
0.00022923
0.000230416
0.000231444
0.000232401
0.000233188
0.000233888
0.000234443
0.000234877
0.000235203
0.000235375
0.000235438
0.000235338
0.000235084
0.000234654
0.000234015
0.000233147
0.00023202
0.000230584
0.000228842
0.000226711
0.000224197
0.00022127
0.000217889
0.000214057
0.000209766
0.000205001
0.000199793
0.000194159
0.000188115
0.000181699
0.000174947
0.000167897
0.000160593
0.000153075
0.000145381
0.000137569
0.000129663
0.000121728
0.000113839
0.000106004
9.82625e-05
9.06985e-05
8.33207e-05
7.61671e-05
6.92714e-05
6.26413e-05
5.62968e-05
5.02398e-05
4.44409e-05
3.90271e-05
3.39116e-05
2.90085e-05
2.4459e-05
2.0305e-05
1.66172e-05
1.33295e-05
1.0773e-05
8.74184e-06
7.46056e-06
6.71739e-06
6.78278e-06
7.3431e-06
8.8991e-06
1.02358e-05
1.329e-05
1.53766e-05
1.72438e-05
1.90983e-05
2.09131e-05
2.21418e-05
2.31189e-05
2.34316e-05
2.35726e-05
2.36988e-05
2.36221e-05
2.33183e-05
2.28577e-05
2.22862e-05
2.16199e-05
2.08733e-05
2.00677e-05
1.92198e-05
1.83382e-05
1.74307e-05
1.65068e-05
1.55751e-05
1.464e-05
1.37022e-05
1.27625e-05
1.18236e-05
1.08894e-05
9.96408e-06
9.0512e-06
8.15409e-06
7.27566e-06
6.41883e-06
5.58544e-06
4.77591e-06
3.98905e-06
3.222e-06
2.4705e-06
1.72568e-06
9.88349e-07
2.07036e-07
0.000450542
0.000450246
0.000449133
0.000447376
0.00044522
0.0004428
0.000440204
0.000437516
0.000434805
0.000432127
0.000429516
0.000426991
0.000424566
0.000422247
0.000420031
0.000417917
0.000415902
0.000413979
0.000412141
0.000410381
0.00040869
0.00040707
0.000405514
0.000404017
0.000402577
0.000401191
0.000399857
0.000398572
0.00039733
0.000396129
0.000394955
0.000393786
0.000392612
0.000391354
0.000390088
0.00038865
0.000386536
0.000383585
0.000379762
0.000374988
0.000369311
0.000362669
0.000355417
0.000347778
0.000339866
0.000331806
0.000323693
0.000315602
0.000307656
0.000299906
0.000292403
0.000285166
0.0002782
0.000271496
0.000265051
0.000258826
0.000252807
0.00024697
0.000241297
0.000235792
0.000230514
0.000225448
0.000220408
0.000215722
0.000211514
0.000207663
0.000204211
0.000201288
0.00019883
0.000196882
0.000195495
0.000194545
0.000194083
0.000194041
0.000194371
0.000195047
0.000195977
0.000197146
0.000198512
0.000200014
0.000201618
0.000203312
0.000205053
0.000206814
0.000208591
0.000210363
0.00021212
0.000213887
0.000215615
0.000217324
0.000219021
0.000220677
0.000222273
0.000223854
0.000225316
0.000226745
0.000228022
0.000229231
0.000230261
0.000231213
0.000231967
0.000232616
0.00023309
0.000233418
0.000233609
0.000233617
0.000233488
0.000233171
0.000232674
0.000231981
0.00023106
0.000229898
0.000228466
0.000226723
0.000224676
0.000222255
0.00021947
0.000216303
0.000212721
0.000208735
0.000204346
0.000199552
0.000194391
0.000188884
0.000183049
0.000176924
0.000170544
0.000163944
0.000157163
0.000150235
0.000143195
0.000136085
0.000128924
0.000121774
0.000114676
0.000107648
0.000100725
9.39566e-05
8.73574e-05
8.0947e-05
7.47402e-05
6.8741e-05
6.29459e-05
5.73531e-05
5.19481e-05
4.67648e-05
4.17636e-05
3.68699e-05
3.2244e-05
2.78562e-05
2.37113e-05
1.98951e-05
1.6687e-05
1.39593e-05
1.1783e-05
1.01553e-05
9.32124e-06
9.05535e-06
9.86128e-06
1.0626e-05
1.30079e-05
1.47259e-05
1.62679e-05
1.78087e-05
1.93292e-05
2.03074e-05
2.10372e-05
2.12128e-05
2.12701e-05
2.13383e-05
2.12509e-05
2.09802e-05
2.05838e-05
2.00995e-05
1.95345e-05
1.89005e-05
1.82215e-05
1.75073e-05
1.67586e-05
1.59835e-05
1.51944e-05
1.44031e-05
1.36105e-05
1.28094e-05
1.19985e-05
1.11809e-05
1.03611e-05
9.54281e-06
8.72816e-06
7.91876e-06
7.11714e-06
6.32508e-06
5.54401e-06
4.77406e-06
4.01425e-06
3.26273e-06
2.51664e-06
1.76721e-06
1.02364e-06
1.85326e-07
0.000449919
0.000449651
0.000448643
0.000447028
0.000445005
0.000442696
0.000440189
0.000437565
0.000434896
0.000432237
0.000429627
0.00042709
0.00042464
0.000422286
0.00042003
0.000417867
0.000415796
0.000413811
0.000411905
0.000410069
0.000408296
0.000406582
0.000404921
0.000403308
0.000401737
0.000400204
0.000398704
0.000397231
0.00039578
0.000394353
0.00039293
0.000391473
0.000389985
0.000388419
0.000386799
0.000384972
0.000382543
0.000379357
0.000375365
0.000370521
0.000364889
0.00035847
0.000351565
0.00034438
0.000337053
0.000329697
0.000322382
0.00031518
0.000308165
0.000301376
0.000294833
0.00028853
0.000282468
0.000276606
0.000270945
0.000265428
0.000260042
0.000254768
0.000249553
0.000244455
0.000239408
0.000234514
0.000229658
0.000225001
0.000220616
0.000216454
0.000212682
0.000209334
0.000206318
0.000203737
0.000201686
0.000200031
0.000198814
0.000198035
0.00019766
0.00019764
0.000197928
0.000198502
0.000199343
0.000200355
0.000201518
0.000202846
0.000204283
0.000205782
0.000207335
0.000208927
0.00021054
0.000212194
0.000213836
0.000215482
0.000217128
0.000218749
0.000220318
0.000221881
0.000223329
0.00022475
0.000226015
0.000227211
0.000228216
0.000229131
0.000229827
0.000230399
0.000230771
0.000230972
0.000231008
0.000230836
0.000230501
0.000229959
0.000229216
0.000228266
0.000227076
0.000225641
0.000223935
0.000221929
0.000219631
0.00021699
0.000214021
0.000210715
0.000207045
0.000203019
0.00019865
0.000193954
0.000188973
0.000183719
0.00017821
0.000172482
0.000166566
0.000160493
0.000154292
0.000147993
0.000141622
0.000135211
0.000128784
0.000122379
0.000116021
0.000109735
0.000103547
9.74833e-05
9.1561e-05
8.579e-05
8.01685e-05
7.47032e-05
6.93698e-05
6.41694e-05
5.90814e-05
5.40967e-05
4.92114e-05
4.43705e-05
3.96572e-05
3.50972e-05
3.06422e-05
2.63757e-05
2.2562e-05
1.91764e-05
1.61918e-05
1.3742e-05
1.2031e-05
1.09092e-05
1.08791e-05
1.10066e-05
1.25659e-05
1.38186e-05
1.49752e-05
1.61432e-05
1.73045e-05
1.80176e-05
1.85067e-05
1.85809e-05
1.85821e-05
1.86025e-05
1.85106e-05
1.8288e-05
1.79948e-05
1.76413e-05
1.7201e-05
1.66976e-05
1.61799e-05
1.56342e-05
1.50358e-05
1.43996e-05
1.37466e-05
1.31059e-05
1.24767e-05
1.18346e-05
1.11708e-05
1.04879e-05
9.79434e-06
9.09474e-06
8.38861e-06
7.67535e-06
6.95638e-06
6.23402e-06
5.50925e-06
4.78177e-06
4.05073e-06
3.31644e-06
2.57768e-06
1.82378e-06
1.06891e-06
1.72309e-07
0.000449868
0.000449601
0.000448599
0.000446992
0.000444975
0.000442671
0.000440165
0.00043754
0.000434866
0.0004322
0.000429578
0.000427025
0.000424555
0.000422176
0.00041989
0.000417692
0.000415579
0.000413545
0.000411581
0.000409681
0.000407834
0.000406034
0.000404276
0.00040255
0.000400852
0.000399174
0.000397509
0.000395849
0.000394179
0.000392529
0.000390868
0.000389119
0.000387306
0.000385423
0.00038345
0.000381243
0.000378515
0.000375119
0.000370996
0.000366128
0.000360584
0.000354422
0.000347889
0.000341182
0.000334457
0.000327807
0.000321278
0.000314933
0.000308797
0.000302902
0.000297233
0.00029177
0.000286505
0.000281381
0.000276402
0.000271503
0.000266669
0.000261894
0.0002571
0.000252383
0.000247614
0.000242933
0.000238255
0.000233656
0.000229238
0.000225003
0.000221037
0.000217342
0.000213873
0.000210821
0.000208255
0.000206001
0.0002041
0.000202638
0.0002016
0.000200887
0.000200499
0.000200415
0.00020063
0.000201128
0.000201743
0.000202591
0.000203624
0.000204764
0.000205986
0.000207287
0.000208652
0.000210091
0.000211559
0.000213064
0.000214585
0.000216099
0.000217574
0.000219052
0.00022043
0.000221783
0.000222988
0.000224122
0.000225063
0.000225902
0.000226515
0.000226986
0.00022724
0.000227305
0.00022718
0.000226835
0.000226303
0.000225554
0.000224594
0.000223426
0.00022202
0.000220375
0.000218463
0.00021627
0.000213805
0.000211038
0.00020799
0.000204662
0.000201037
0.000197102
0.000192879
0.000188413
0.000183739
0.000178849
0.000173753
0.000168499
0.000163109
0.000157603
0.000152003
0.000146334
0.000140618
0.000134876
0.000129126
0.000123403
0.000117712
0.000112084
0.000106537
0.000101081
9.57328e-05
9.04999e-05
8.53647e-05
8.03417e-05
7.5388e-05
7.05117e-05
6.56807e-05
6.08744e-05
5.61019e-05
5.1307e-05
4.65213e-05
4.18034e-05
3.71215e-05
3.25914e-05
2.82762e-05
2.42539e-05
2.05141e-05
1.73209e-05
1.47724e-05
1.27805e-05
1.18112e-05
1.13964e-05
1.19877e-05
1.26502e-05
1.33551e-05
1.41068e-05
1.48612e-05
1.53006e-05
1.5583e-05
1.56173e-05
1.56214e-05
1.56476e-05
1.55505e-05
1.53277e-05
1.51534e-05
1.50015e-05
1.47203e-05
1.43569e-05
1.40077e-05
1.36412e-05
1.32201e-05
1.27659e-05
1.22989e-05
1.18284e-05
1.13513e-05
1.08603e-05
1.03417e-05
9.78961e-06
9.21904e-06
8.63765e-06
8.04192e-06
7.42806e-06
6.7951e-06
6.14582e-06
5.47946e-06
4.79528e-06
4.09238e-06
3.37433e-06
2.64242e-06
1.88548e-06
1.10989e-06
1.60832e-07
0.000450387
0.000450098
0.000449005
0.000447274
0.000445137
0.000442729
0.000440137
0.000437443
0.000434719
0.000432016
0.000429368
0.000426796
0.000424309
0.000421915
0.000419612
0.000417391
0.000415249
0.000413182
0.000411176
0.000409223
0.000407314
0.000405441
0.000403595
0.000401768
0.000399951
0.000398138
0.000396318
0.000394483
0.000392624
0.000390736
0.000388795
0.000386773
0.00038467
0.000382475
0.000380147
0.000377572
0.000374554
0.00037096
0.000366727
0.00036186
0.000356431
0.000350542
0.000344399
0.000338182
0.000332064
0.000326115
0.00032035
0.000314821
0.000309506
0.000304425
0.000299538
0.000294814
0.000290239
0.000285747
0.000281347
0.000276974
0.000272612
0.000268269
0.000263849
0.000259477
0.000254988
0.000250539
0.000246055
0.000241592
0.000237225
0.000232959
0.000228858
0.000224944
0.000221264
0.000217902
0.000214864
0.000212109
0.000209613
0.000207579
0.000205964
0.00020462
0.000203564
0.000202805
0.000202381
0.000202303
0.000202369
0.000202639
0.000203146
0.000203834
0.000204631
0.00020554
0.000206541
0.000207643
0.000208828
0.000210098
0.000211403
0.000212717
0.000214008
0.00021531
0.00021654
0.000217749
0.000218832
0.000219841
0.000220675
0.000221397
0.000221901
0.000222251
0.000222382
0.000222318
0.000222051
0.000221562
0.000220869
0.000219956
0.000218831
0.000217503
0.000215957
0.000214197
0.000212193
0.000209943
0.000207459
0.000204734
0.000201759
0.000198519
0.000195019
0.000191273
0.000187307
0.000183176
0.000178889
0.000174431
0.000169814
0.000165073
0.000160226
0.000155289
0.000150278
0.000145209
0.000140099
0.000134967
0.000129821
0.000124698
0.000119587
0.000114525
0.000109519
0.000104575
9.97026e-05
9.49133e-05
9.01742e-05
8.55116e-05
8.08645e-05
7.62536e-05
7.16323e-05
6.69833e-05
6.2313e-05
5.75693e-05
5.27599e-05
4.79609e-05
4.3091e-05
3.83062e-05
3.35361e-05
2.90181e-05
2.47121e-05
2.08332e-05
1.73961e-05
1.45379e-05
1.26019e-05
1.15933e-05
1.12303e-05
1.12264e-05
1.14355e-05
1.17693e-05
1.20873e-05
1.22055e-05
1.23061e-05
1.23826e-05
1.24122e-05
1.24363e-05
1.24454e-05
1.24061e-05
1.23749e-05
1.23436e-05
1.22017e-05
1.2005e-05
1.18673e-05
1.17026e-05
1.14599e-05
1.11833e-05
1.08926e-05
1.05865e-05
1.02609e-05
9.91165e-06
9.53257e-06
9.12077e-06
8.68213e-06
8.21898e-06
7.72759e-06
7.20554e-06
6.6502e-06
6.06788e-06
5.4557e-06
4.81285e-06
4.14076e-06
3.44171e-06
2.71781e-06
1.96236e-06
1.20161e-06
1.98195e-07
0.000451534
0.000451188
0.000449884
0.000447873
0.000445477
0.000442853
0.000440084
0.000437255
0.000434438
0.000431675
0.000428992
0.0004264
0.0004239
0.000421508
0.000419206
0.000416972
0.000414818
0.000412735
0.000410704
0.000408715
0.000406758
0.000404824
0.000402905
0.00040099
0.00039907
0.000397134
0.000395173
0.000393176
0.000391131
0.000389024
0.000386839
0.000384561
0.000382172
0.000379667
0.000376989
0.000374055
0.00037075
0.000366954
0.000362615
0.000357759
0.00035245
0.000346827
0.000341074
0.000335379
0.000329866
0.000324603
0.000319571
0.000314809
0.000310243
0.000305891
0.000301686
0.000297595
0.000293599
0.000289635
0.000285713
0.000281777
0.000277812
0.00027383
0.000269735
0.000265668
0.000261441
0.000257226
0.00025294
0.00024864
0.00024437
0.000240141
0.000236015
0.000232013
0.000228182
0.000224561
0.000221164
0.000218042
0.000215183
0.000212672
0.000210476
0.000208574
0.000206903
0.000205484
0.000204488
0.000203814
0.000203361
0.000203063
0.00020297
0.00020307
0.000203355
0.000203797
0.000204341
0.000204985
0.000205791
0.000206742
0.000207745
0.000208768
0.000209778
0.000210797
0.000211784
0.00021276
0.000213647
0.000214465
0.000215141
0.000215702
0.000216076
0.000216294
0.00021631
0.000216138
0.00021577
0.000215201
0.000214447
0.000213493
0.000212325
0.000210943
0.000209306
0.000207448
0.000205415
0.000203226
0.000200875
0.000198311
0.00019548
0.000192406
0.000189167
0.000185788
0.00018224
0.000178517
0.000174629
0.000170605
0.000166472
0.000162242
0.000157924
0.000153524
0.000149054
0.000144526
0.000139953
0.000135352
0.000130722
0.00012611
0.000121485
0.000116895
0.000112334
0.000107812
0.000103324
9.88936e-05
9.44708e-05
9.00974e-05
8.56943e-05
8.12991e-05
7.68481e-05
7.23371e-05
6.77585e-05
6.30751e-05
5.82658e-05
5.34245e-05
4.84163e-05
4.34454e-05
3.836e-05
3.34376e-05
2.85627e-05
2.39807e-05
1.97954e-05
1.62164e-05
1.33166e-05
1.14266e-05
1.01274e-05
9.49242e-06
9.22393e-06
9.09854e-06
9.01736e-06
8.97661e-06
8.96934e-06
9.04411e-06
9.12417e-06
9.24124e-06
9.41386e-06
9.55182e-06
9.67706e-06
9.79071e-06
9.85424e-06
9.88106e-06
9.90671e-06
9.89916e-06
9.83742e-06
9.73964e-06
9.61584e-06
9.46446e-06
9.28271e-06
9.06825e-06
8.81784e-06
8.52951e-06
8.20621e-06
7.84567e-06
7.44445e-06
6.99978e-06
6.51532e-06
5.9902e-06
5.42377e-06
4.81738e-06
4.17301e-06
3.49293e-06
2.78067e-06
2.03278e-06
1.27967e-06
2.41168e-07
0.000453436
0.000452975
0.000451275
0.000448776
0.000445957
0.000442993
0.000439958
0.000436936
0.000433988
0.000431149
0.000428446
0.000425846
0.000423329
0.000420967
0.000418701
0.000416466
0.000414314
0.000412233
0.000410196
0.000408187
0.000406199
0.000404222
0.000402246
0.00040026
0.000398253
0.000396214
0.000394132
0.000391992
0.000389781
0.000387484
0.000385082
0.000382559
0.000379895
0.000377096
0.000374081
0.000370799
0.000367195
0.000363177
0.000358715
0.000353862
0.000348669
0.000343316
0.000337918
0.000332735
0.000327856
0.000323265
0.000318923
0.000314864
0.000310967
0.000307245
0.000303613
0.000300044
0.000296519
0.00029298
0.000289441
0.000285856
0.00028221
0.000278531
0.000274712
0.000270908
0.00026692
0.000262927
0.000258836
0.000254709
0.000250564
0.000246421
0.000242329
0.000238307
0.000234391
0.000230627
0.000227017
0.00022364
0.000220458
0.000217534
0.000214868
0.000212452
0.000210304
0.000208439
0.00020688
0.00020556
0.000204503
0.000203674
0.000203027
0.000202508
0.000202191
0.00020209
0.000202176
0.000202423
0.000202811
0.000203277
0.000203822
0.000204434
0.000205088
0.000205764
0.000206447
0.00020712
0.000207751
0.000208324
0.000208797
0.000209167
0.000209398
0.000209483
0.000209402
0.000209153
0.00020873
0.00020813
0.000207361
0.00020641
0.000205272
0.000203933
0.000202372
0.000200612
0.000198709
0.000196696
0.000194552
0.000192209
0.000189623
0.00018683
0.000183908
0.000180867
0.000177692
0.000174386
0.00017095
0.0001674
0.000163749
0.000159999
0.000156159
0.000152235
0.000148233
0.000144167
0.000140046
0.000135888
0.000131683
0.000127488
0.000123257
0.000119048
0.000114843
0.000110657
0.000106473
0.000102327
9.81517e-05
9.40072e-05
8.97953e-05
8.5575e-05
8.12616e-05
7.68724e-05
7.23772e-05
6.77625e-05
6.29717e-05
5.81221e-05
5.30302e-05
4.79356e-05
4.26162e-05
3.73651e-05
3.20235e-05
2.68784e-05
2.19842e-05
1.75749e-05
1.3628e-05
1.09606e-05
8.91972e-06
7.61009e-06
6.752e-06
6.19461e-06
5.78321e-06
5.6378e-06
5.60869e-06
5.76165e-06
6.00064e-06
6.27528e-06
6.5989e-06
6.9279e-06
7.24659e-06
7.54552e-06
7.80706e-06
8.0282e-06
8.2174e-06
8.36703e-06
8.46874e-06
8.52704e-06
8.5468e-06
8.52814e-06
8.46967e-06
8.36958e-06
8.22581e-06
8.03563e-06
7.80903e-06
7.52848e-06
7.19599e-06
6.81435e-06
6.38675e-06
5.90654e-06
5.37676e-06
4.80041e-06
4.18007e-06
3.51896e-06
2.82185e-06
2.08763e-06
1.34578e-06
2.94742e-07
0.000456347
0.00045565
0.000453231
0.00044994
0.000446503
0.000443067
0.000439671
0.000436429
0.000433341
0.000430397
0.00042772
0.000425183
0.000422679
0.000420328
0.000418094
0.000415917
0.000413799
0.000411734
0.000409702
0.000407689
0.000405687
0.000403683
0.000401668
0.000399629
0.000397557
0.000395437
0.000393257
0.000391001
0.000388653
0.000386196
0.000383607
0.000380868
0.000377953
0.000374878
0.000371539
0.000367916
0.000363992
0.00035971
0.000355089
0.000350214
0.000345117
0.000340009
0.000334962
0.000330292
0.000326041
0.000322097
0.000318391
0.000314956
0.000311629
0.000308429
0.000305256
0.000302099
0.000298937
0.000295728
0.000292484
0.000289175
0.000285783
0.000282347
0.000278757
0.000275174
0.000271399
0.000267608
0.0002637
0.000259746
0.000255739
0.000251711
0.000247687
0.000243697
0.000239757
0.000235926
0.000232187
0.000228631
0.00022521
0.000221995
0.000218993
0.000216201
0.000213651
0.000211328
0.000209249
0.000207397
0.00020578
0.000204374
0.000203176
0.000202177
0.000201387
0.000200797
0.000200374
0.000200086
0.000199938
0.000199904
0.000199991
0.000200165
0.000200413
0.000200688
0.00020101
0.000201331
0.000201661
0.000201952
0.000202183
0.000202338
0.000202421
0.000202385
0.00020224
0.000201961
0.000201548
0.00020099
0.000200289
0.000199409
0.000198358
0.000197134
0.000195757
0.000194212
0.000192534
0.000190723
0.000188773
0.000186666
0.000184393
0.000181967
0.00017942
0.000176756
0.000173964
0.000171057
0.000168029
0.00016489
0.000161645
0.000158297
0.000154852
0.000151315
0.000147693
0.000143998
0.000140236
0.000136429
0.000132559
0.000128692
0.000124767
0.000120857
0.000116924
0.000113
0.000109048
0.000105123
0.000101136
9.71701e-05
9.31061e-05
8.90277e-05
8.48258e-05
8.05459e-05
7.61276e-05
7.15899e-05
6.68353e-05
6.20097e-05
5.68832e-05
5.17213e-05
4.6242e-05
4.07508e-05
3.50361e-05
2.94001e-05
2.38387e-05
1.86582e-05
1.37174e-05
1.02679e-05
7.42145e-06
5.43567e-06
4.05945e-06
3.15704e-06
2.50757e-06
2.35324e-06
2.42165e-06
2.74594e-06
3.18851e-06
3.66287e-06
4.18196e-06
4.718e-06
5.2362e-06
5.71936e-06
6.15696e-06
6.54436e-06
6.88329e-06
7.1715e-06
7.40597e-06
7.58847e-06
7.722e-06
7.80745e-06
7.84429e-06
7.83169e-06
7.76873e-06
7.65438e-06
7.48848e-06
7.26515e-06
6.98397e-06
6.64893e-06
6.25774e-06
5.8096e-06
5.30769e-06
4.75505e-06
4.1555e-06
3.5136e-06
2.83529e-06
2.12202e-06
1.40041e-06
3.54879e-07
0.000460727
0.000459539
0.000455817
0.000451261
0.000446988
0.000442957
0.000439057
0.000435638
0.000432542
0.000429571
0.000426874
0.000424369
0.000421971
0.000419692
0.000417513
0.000415396
0.000413325
0.00041129
0.000409279
0.000407277
0.000405274
0.000403259
0.000401222
0.000399151
0.000397034
0.000394858
0.000392608
0.000390268
0.000387817
0.000385236
0.0003825
0.000379584
0.000376457
0.000373133
0.00036949
0.000365536
0.000361262
0.000356654
0.000351817
0.000346876
0.000341842
0.000336951
0.000332236
0.000328087
0.00032445
0.000321108
0.000317963
0.000315053
0.000312183
0.000309385
0.000306556
0.000303706
0.000300809
0.000297845
0.00029482
0.000291721
0.000288524
0.000285279
0.000281877
0.000278476
0.000274881
0.00027127
0.000267526
0.000263737
0.000259866
0.000255965
0.000252028
0.000248104
0.000244183
0.000240338
0.000236535
0.000232869
0.000229293
0.000225877
0.000222629
0.000219545
0.000216666
0.000213975
0.000211498
0.000209222
0.000207164
0.000205305
0.000203647
0.000202185
0.000200905
0.000199806
0.00019888
0.000198094
0.000197472
0.000196969
0.000196601
0.000196322
0.000196155
0.000196033
0.000196001
0.000195981
0.000196014
0.000196013
0.000196056
0.000196024
0.000195975
0.000195836
0.000195643
0.000195344
0.000194954
0.000194448
0.00019383
0.00019307
0.00019219
0.000191153
0.000189999
0.000188691
0.000187264
0.0001857
0.000184005
0.000182175
0.000180209
0.000178107
0.000175886
0.000173547
0.000171081
0.000168504
0.000165803
0.000162988
0.000160061
0.000157022
0.00015388
0.000150637
0.0001473
0.000143883
0.00014039
0.000136845
0.000133223
0.000129601
0.000125903
0.000122216
0.000118483
0.000114755
0.000110975
0.000107215
0.000103368
9.95399e-05
9.55892e-05
9.16265e-05
8.75153e-05
8.33364e-05
7.89903e-05
7.45377e-05
6.98355e-05
6.50617e-05
5.99437e-05
5.47678e-05
4.92029e-05
4.35602e-05
3.75681e-05
3.15247e-05
2.53742e-05
1.94594e-05
1.35092e-05
9.2572e-06
5.67444e-06
3.08032e-06
1.27308e-06
1.25701e-07
-6.41075e-07
-6.8346e-07
-3.99803e-07
1.63341e-07
8.44347e-07
1.54878e-06
2.28229e-06
3.01934e-06
3.71759e-06
4.36123e-06
4.94483e-06
5.46556e-06
5.92479e-06
6.32035e-06
6.65323e-06
6.92602e-06
7.14105e-06
7.29953e-06
7.40194e-06
7.44841e-06
7.43865e-06
7.3734e-06
7.24171e-06
7.05394e-06
6.80627e-06
6.49734e-06
6.12773e-06
5.69949e-06
5.21562e-06
4.68007e-06
4.09789e-06
3.47497e-06
2.81836e-06
2.13278e-06
1.44132e-06
4.1354e-07
0.000467309
0.000464896
0.000458831
0.000452459
0.000447156
0.000442568
0.00043829
0.00043468
0.000431537
0.000428651
0.000426025
0.000423604
0.000421316
0.00041913
0.000417023
0.00041497
0.000412952
0.000410958
0.000408975
0.000406993
0.000405
0.000402988
0.000400945
0.000398861
0.000396722
0.000394515
0.000392225
0.000389834
0.00038732
0.000384659
0.000381824
0.000378782
0.000375495
0.000371966
0.000368059
0.000363798
0.000359139
0.000354131
0.000349004
0.000343943
0.000338936
0.000334229
0.000329823
0.000326187
0.000323124
0.000320306
0.00031762
0.000315111
0.000312576
0.000310063
0.000307471
0.000304834
0.000302119
0.00029933
0.000296459
0.000293515
0.000290466
0.000287366
0.000284113
0.000280856
0.000277414
0.000273953
0.000270352
0.00026671
0.000262965
0.000259188
0.000255344
0.000251503
0.000247627
0.000243803
0.000239982
0.000236264
0.000232598
0.000229054
0.000225638
0.000222349
0.000219233
0.000216269
0.000213495
0.00021089
0.000208483
0.000206256
0.000204214
0.000202357
0.000200673
0.000199163
0.000197828
0.000196632
0.00019561
0.000194702
0.000193947
0.000193284
0.00019276
0.000192291
0.000191944
0.000191623
0.000191397
0.000191172
0.000191016
0.000190824
0.000190669
0.000190456
0.00019024
0.000189949
0.000189612
0.000189183
0.000188681
0.000188057
0.000187348
0.000186493
0.000185544
0.000184447
0.000183244
0.000181904
0.000180442
0.000178849
0.00017713
0.00017528
0.000173309
0.000171216
0.000168992
0.000166653
0.000164183
0.000161594
0.000158885
0.000156057
0.00015312
0.000150076
0.000146933
0.000143706
0.000140394
0.00013703
0.000133579
0.000130128
0.000126585
0.000123056
0.00011946
0.000115872
0.000112211
0.000108572
0.000104828
0.000101105
9.7241e-05
9.33747e-05
8.9339e-05
8.52546e-05
8.09774e-05
7.66164e-05
7.19796e-05
6.72797e-05
6.22067e-05
5.70645e-05
5.14838e-05
4.57758e-05
3.96119e-05
3.32674e-05
2.66247e-05
2.0017e-05
1.30537e-05
8.01559e-06
3.79853e-06
6.82128e-07
-1.45294e-06
-2.72334e-06
-3.46482e-06
-3.28319e-06
-2.69947e-06
-1.86389e-06
-9.36287e-07
-4.26469e-09
9.26958e-07
1.83598e-06
2.67843e-06
3.44673e-06
4.13969e-06
4.75693e-06
5.30312e-06
5.77327e-06
6.17242e-06
6.5045e-06
6.77154e-06
6.97531e-06
7.11709e-06
7.19727e-06
7.2158e-06
7.1725e-06
7.06371e-06
6.89238e-06
6.65738e-06
6.35886e-06
5.99865e-06
5.57946e-06
5.10501e-06
4.58026e-06
4.01145e-06
3.4057e-06
2.77146e-06
2.11792e-06
1.46463e-06
4.61999e-07
0.000478029
0.000471374
0.000461288
0.000453394
0.00044701
0.000441752
0.000437311
0.00043363
0.000430522
0.000427773
0.000425281
0.000422976
0.000420796
0.000418703
0.00041667
0.000414679
0.000412712
0.000410758
0.000408807
0.000406849
0.000404875
0.000402877
0.000400843
0.000398762
0.000396623
0.000394412
0.000392113
0.000389706
0.00038717
0.000384479
0.0003816
0.000378498
0.000375123
0.00037146
0.000367365
0.000362855
0.000357795
0.000352309
0.000346815
0.000341571
0.000336541
0.000331961
0.00032781
0.000324635
0.000322061
0.000319658
0.00031731
0.000315075
0.000312758
0.000310429
0.000307988
0.00030549
0.000302892
0.000300223
0.000297459
0.000294627
0.000291687
0.000288695
0.000285559
0.000282414
0.000279095
0.000275757
0.000272274
0.000268758
0.00026512
0.000261457
0.0002577
0.000253943
0.000250122
0.00024634
0.00024253
0.000238796
0.000235089
0.000231473
0.000227954
0.000224536
0.000221262
0.000218113
0.000215134
0.000212297
0.000209641
0.000207148
0.000204828
0.000202682
0.000200704
0.000198892
0.000197253
0.000195752
0.000194429
0.000193219
0.000192178
0.00019123
0.000190441
0.000189718
0.000189139
0.000188603
0.000188186
0.000187805
0.000187515
0.000187218
0.000186994
0.000186738
0.000186516
0.000186241
0.000185956
0.000185593
0.000185188
0.000184671
0.000184092
0.000183375
0.000182578
0.000181635
0.000180594
0.000179412
0.000178113
0.00017668
0.000175123
0.000173433
0.000171615
0.000169672
0.000167591
0.000165389
0.000163051
0.000160588
0.000158001
0.00015529
0.000152467
0.000149535
0.000146501
0.000143383
0.000140176
0.000136919
0.00013357
0.000130222
0.000126774
0.000123346
0.000119835
0.000116344
0.000112762
0.00010921
0.00010554
0.000101899
9.81051e-05
9.43239e-05
9.03535e-05
8.63581e-05
8.21474e-05
7.78811e-05
7.33195e-05
6.871e-05
6.37118e-05
5.86429e-05
5.31097e-05
4.74201e-05
4.12005e-05
3.46895e-05
2.76898e-05
2.04545e-05
1.24828e-05
6.68317e-06
1.93792e-06
-1.59784e-06
-3.95182e-06
-5.23766e-06
-5.83553e-06
-5.365e-06
-4.4468e-06
-3.34074e-06
-2.18788e-06
-1.05736e-06
3.79159e-08
1.07088e-06
2.02333e-06
2.88442e-06
3.65495e-06
4.33913e-06
4.93949e-06
5.45864e-06
5.9005e-06
6.26838e-06
6.56552e-06
6.79424e-06
6.95595e-06
7.05142e-06
7.08099e-06
7.04471e-06
6.94168e-06
6.77247e-06
6.53765e-06
6.23867e-06
5.878e-06
5.45904e-06
4.9864e-06
4.46603e-06
3.90522e-06
3.31222e-06
2.69662e-06
2.07434e-06
1.46113e-06
4.90553e-07
0.000502444
0.000480612
0.000463228
0.000453347
0.00044626
0.000440461
0.000435959
0.00043244
0.000429523
0.000426964
0.000424635
0.000422462
0.000420391
0.000418387
0.000416427
0.000414495
0.000412578
0.000410667
0.000408751
0.000406823
0.000404874
0.000402902
0.000400893
0.000398836
0.000396719
0.00039453
0.000392252
0.000389868
0.000387354
0.000384685
0.000381828
0.000378742
0.000375376
0.000371692
0.000367547
0.000362933
0.000357529
0.0003515
0.000345541
0.000340001
0.000334825
0.000330212
0.000326166
0.000323331
0.000321133
0.000319043
0.000316936
0.000314879
0.0003127
0.000310485
0.000308136
0.000305729
0.000303207
0.000300621
0.000297931
0.000295182
0.000292319
0.000289418
0.000286378
0.000283322
0.000280105
0.000276871
0.000273485
0.000270078
0.000266531
0.000262971
0.000259291
0.000255617
0.000251852
0.000248119
0.000244336
0.000240611
0.000236892
0.000233243
0.000229669
0.000226174
0.000222805
0.000219538
0.000216427
0.00021344
0.000210621
0.000207953
0.000205448
0.000203112
0.000200938
0.000198927
0.000197088
0.000195389
0.000193873
0.000192471
0.000191252
0.000190128
0.000189178
0.000188304
0.000187591
0.000186944
0.000186434
0.00018596
0.000185598
0.000185256
0.000184999
0.000184732
0.000184516
0.000184257
0.000184007
0.000183686
0.000183339
0.000182884
0.000182378
0.000181735
0.000181019
0.000180154
0.000179195
0.000178088
0.000176867
0.000175505
0.000174017
0.000172391
0.000170633
0.000168744
0.000166712
0.000164556
0.000162257
0.000159833
0.00015728
0.000154602
0.000151812
0.000148912
0.000145912
0.000142831
0.000139661
0.000136448
0.000133141
0.000129845
0.000126442
0.000123076
0.000119612
0.000116187
0.000112659
0.000109176
0.000105564
0.000101998
9.82678e-05
9.45738e-05
9.0667e-05
8.67596e-05
8.26153e-05
7.8449e-05
7.39715e-05
6.9469e-05
6.45703e-05
5.96116e-05
5.41818e-05
4.85931e-05
4.24415e-05
3.59376e-05
2.87924e-05
2.1056e-05
1.20583e-05
5.47875e-06
2.51116e-07
-3.66056e-06
-6.18526e-06
-7.45988e-06
-7.87287e-06
-7.09091e-06
-5.82081e-06
-4.45348e-06
-3.08849e-06
-1.77565e-06
-5.38308e-07
5.96327e-07
1.63037e-06
2.55978e-06
3.38754e-06
4.11878e-06
4.75442e-06
5.30705e-06
5.77582e-06
6.16542e-06
6.47958e-06
6.72075e-06
6.89064e-06
6.99037e-06
7.02063e-06
6.98175e-06
6.87378e-06
6.69746e-06
6.45426e-06
6.14642e-06
5.77707e-06
5.35043e-06
4.87196e-06
4.34851e-06
3.78833e-06
3.20061e-06
2.59387e-06
1.99349e-06
1.41e-06
4.84697e-07
0.000556062
0.000499314
0.000467854
0.000453692
0.000444939
0.000438799
0.000434501
0.000431279
0.00042862
0.000426271
0.000424108
0.000422063
0.000420092
0.000418168
0.000416273
0.000414396
0.000412525
0.000410655
0.000408777
0.000406887
0.000404978
0.000403035
0.000401055
0.00039903
0.000396947
0.000394796
0.000392559
0.00039022
0.000387757
0.000385146
0.000382353
0.000379341
0.000376058
0.000372447
0.000368382
0.000363837
0.000358262
0.000351803
0.000345298
0.000339353
0.000333887
0.000329069
0.000324935
0.00032227
0.000320311
0.000318439
0.000316496
0.000314557
0.00031246
0.000310317
0.000308023
0.000305678
0.000303205
0.000300682
0.000298046
0.000295363
0.000292564
0.000289743
0.00028678
0.000283803
0.000280668
0.000277524
0.00027422
0.000270911
0.000267442
0.000263978
0.000260368
0.000256777
0.000253071
0.000249398
0.000245656
0.00024196
0.000238257
0.000234606
0.000231015
0.000227488
0.000224073
0.000220741
0.000217557
0.000214481
0.000211565
0.000208789
0.000206171
0.000203714
0.000201418
0.000199283
0.000197319
0.000195498
0.000193864
0.000192346
0.000191024
0.000189802
0.000188766
0.000187821
0.00018704
0.000186336
0.000185775
0.000185271
0.000184889
0.000184539
0.00018428
0.000184018
0.000183809
0.000183564
0.000183337
0.00018303
0.000182705
0.000182263
0.000181775
0.000181143
0.000180439
0.000179578
0.000178625
0.000177515
0.000176293
0.000174922
0.000173425
0.000171784
0.000170005
0.000168091
0.00016603
0.000163843
0.00016151
0.000159054
0.000156469
0.000153762
0.000150947
0.000148027
0.000145014
0.000141927
0.000138756
0.000135553
0.000132261
0.00012899
0.000125614
0.000122292
0.000118863
0.000115493
0.000112011
0.000108591
0.000105033
0.000101535
9.78621e-05
9.42353e-05
9.03991e-05
8.66163e-05
8.25483e-05
7.85095e-05
7.4116e-05
6.97365e-05
6.49374e-05
6.01098e-05
5.4799e-05
4.93602e-05
4.33461e-05
3.69781e-05
2.98808e-05
2.18974e-05
1.19851e-05
4.70926e-06
-9.47122e-07
-5.20238e-06
-7.88312e-06
-9.17106e-06
-9.44046e-06
-8.37857e-06
-6.80065e-06
-5.20237e-06
-3.65567e-06
-2.19968e-06
-8.58765e-07
3.5455e-07
1.44205e-06
2.41429e-06
3.27867e-06
4.03968e-06
4.70179e-06
5.26922e-06
5.75117e-06
6.15119e-06
6.47242e-06
6.71744e-06
6.88816e-06
6.98583e-06
7.01128e-06
6.96507e-06
6.84772e-06
6.66042e-06
6.40511e-06
6.0845e-06
5.70225e-06
5.26313e-06
4.7731e-06
4.23937e-06
3.67001e-06
3.07415e-06
2.47059e-06
1.88472e-06
1.32589e-06
4.51282e-07
)
;

boundaryField
{
    inlet
    {
        type            zeroGradient;
    }
    outlet
    {
        type            fixedValue;
        value           uniform 0;
    }
    walls
    {
        type            zeroGradient;
    }
    frontAndBack
    {
        type            empty;
    }
}


// ************************************************************************* //
