/*--------------------------------*- C++ -*----------------------------------*\
| =========                 |                                                 |
| \\      /  F ield         | OpenFOAM: The Open Source CFD Toolbox           |
|  \\    /   O peration     | Version:  2506                                  |
|   \\  /    A nd           | Website:  www.openfoam.com                      |
|    \\/     M anipulation  |                                                 |
\*---------------------------------------------------------------------------*/
FoamFile
{
    version     2.0;
    format      ascii;
    arch        "LSB;label=32;scalar=64";
    class       volScalarField;
    location    "0.45";
    object      s;
}
// * * * * * * * * * * * * * * * * * * * * * * * * * * * * * * * * * * * * * //

dimensions      [0 0 0 0 0 0 0];

internalField   nonuniform List<scalar> 
4000
(
1.04034e-05
0.000512149
0.0132917
0.16021
0.603308
0.760513
0.549157
0.173115
0.0239634
0.0079654
0.00238123
0.000556198
7.97247e-05
-1.01161e-05
-1.3169e-05
-6.4266e-06
-2.62275e-06
-1.09751e-06
-5.1011e-07
-2.58479e-07
-1.33824e-07
-6.67031e-08
-2.85445e-08
-1.19394e-08
-5.35973e-09
-2.47031e-09
-1.09779e-09
-4.59596e-10
-1.79871e-10
-6.56771e-11
-2.22638e-11
-6.85622e-12
-6.39901e-13
1.12117e-11
2.0385e-11
2.51862e-12
-5.47366e-13
-1.81166e-12
-2.77419e-12
-3.86049e-12
-5.66389e-12
-6.18007e-12
-4.78182e-12
-3.13829e-12
-1.77372e-12
-9.25147e-13
-4.65734e-13
-2.01676e-13
-8.66725e-14
-3.48169e-14
-1.48225e-14
-6.49442e-15
-2.05051e-15
-7.37572e-16
-1.42508e-16
-1.67172e-17
2.92813e-17
4.01706e-17
3.27685e-17
1.85875e-17
8.85476e-18
4.4959e-18
2.90027e-18
1.31606e-18
3.36063e-19
8.12876e-20
6.16887e-20
4.01545e-20
1.56127e-20
2.60421e-21
-7.66538e-22
-6.77415e-22
-2.41271e-22
-5.43374e-23
-7.59208e-24
-4.41484e-25
5.51024e-26
3.08518e-26
6.67622e-26
1.40033e-25
2.56511e-25
4.06205e-25
5.30847e-25
5.9183e-25
5.61772e-25
5.2276e-25
3.95212e-25
2.49916e-25
1.66826e-25
9.61417e-26
4.00876e-26
1.53125e-26
3.45326e-27
-1.31485e-27
-2.1891e-27
-1.80642e-27
-1.17053e-27
-6.40387e-28
-2.95801e-28
-1.28209e-28
-4.33196e-29
-1.07438e-29
-7.57754e-31
1.0734e-30
8.99815e-31
4.33317e-31
1.74996e-31
5.59439e-32
1.49606e-32
3.12517e-33
4.10201e-34
-2.62275e-35
-3.99135e-35
-1.48777e-35
-4.54818e-36
-1.06467e-36
-2.12779e-37
-4.12904e-38
-7.94056e-39
-1.87109e-39
-7.06057e-40
-3.03037e-40
-1.34971e-40
-8.01217e-41
-5.04693e-41
-3.59309e-41
-2.81007e-41
-2.2272e-41
-1.93122e-41
-1.86834e-41
-1.47698e-41
-1.28773e-41
-1.29626e-41
-1.00758e-41
-8.43033e-42
-7.98772e-42
-5.17993e-42
-4.05509e-42
-2.52557e-42
-1.47709e-42
-7.40008e-43
-2.94889e-43
-8.32877e-44
-1.5555e-44
-4.09865e-46
1.24974e-46
4.07077e-47
4.31157e-47
4.05096e-47
2.02193e-47
3.77084e-48
-1.96551e-48
-1.57275e-48
-5.81282e-49
-1.36355e-49
-1.80368e-50
3.41728e-51
3.67737e-51
-6.10541e-52
-2.65268e-51
2.07838e-51
3.21149e-51
-2.44307e-50
-1.26258e-49
-3.01094e-50
-1.53782e-48
-7.67551e-48
-1.66512e-47
-1.82507e-47
-1.34123e-47
-7.46e-48
-3.32573e-48
-1.22352e-48
-3.73607e-49
-9.15139e-50
-1.57968e-50
-1.07194e-51
2.67308e-52
6.53328e-53
1.39278e-54
-1.21001e-54
-1.60207e-55
1.6481e-57
2.19983e-57
1.53871e-58
-1.64926e-59
-4.34431e-60
-4.62396e-61
-2.63784e-62
2.07474e-63
1.16649e-63
2.98563e-64
1.20572e-64
9.13468e-65
-2.74862e-65
-1.45219e-64
-7.51719e-65
6.1849e-66
9.48871e-66
3.83455e-66
6.24778e-06
0.000164274
0.00270265
0.0282911
0.145551
0.361403
0.601193
0.722291
0.696639
0.618761
0.465983
0.294728
0.144723
0.0590404
0.0254919
0.0112731
0.00474769
0.00177087
0.000493375
1.491e-05
-0.000111242
-0.000104329
-5.6314e-05
-2.65873e-05
-1.09282e-05
-6.11009e-06
-3.03566e-06
-1.35342e-06
-5.50362e-07
-2.05995e-07
-7.13545e-08
-2.25824e-08
-6.29583e-09
-1.22941e-09
7.95459e-10
1.57679e-09
8.27094e-10
3.0293e-10
8.70047e-11
5.78336e-11
3.95456e-11
1.65186e-11
2.56667e-12
-6.65334e-12
-1.12596e-11
-1.11776e-11
-8.79183e-12
-5.82656e-12
-3.67719e-12
-2.04834e-12
-1.03411e-12
-5.00416e-13
-2.24966e-13
-1.02371e-13
-4.74369e-14
-2.30783e-14
-1.14336e-14
-5.70262e-15
-2.81705e-15
-1.3687e-15
-6.52408e-16
-3.24231e-16
-2.05199e-16
-1.28119e-16
-5.78719e-17
-1.39118e-17
-6.22708e-18
-4.28647e-18
-1.86758e-18
-2.21636e-19
2.39702e-19
1.70814e-19
6.01187e-20
1.2756e-20
1.17892e-21
-2.08878e-22
-1.09227e-22
-3.92418e-23
-3.58388e-23
-4.76276e-23
-6.16743e-23
-6.82886e-23
-5.78178e-23
-3.58263e-23
-1.38034e-23
1.82219e-26
7.44004e-24
1.07461e-23
1.13103e-23
9.33605e-24
6.48262e-24
4.08092e-24
2.27573e-24
1.13637e-24
5.10465e-25
1.99139e-25
6.22748e-26
1.16618e-26
-2.74532e-27
-4.46458e-27
-2.90521e-27
-1.45087e-27
-5.84685e-28
-1.93053e-28
-5.17504e-29
-8.83899e-30
4.24458e-31
1.14562e-30
6.03169e-31
2.22648e-31
6.63199e-32
1.63479e-32
3.37596e-33
5.38635e-34
5.89338e-35
2.99441e-36
4.31785e-37
7.67763e-37
5.38967e-37
2.67806e-37
1.21515e-37
5.44065e-38
2.54618e-38
1.33601e-38
7.60408e-39
4.64453e-39
3.01458e-39
2.03496e-39
1.44343e-39
1.09289e-39
8.08188e-40
6.12222e-40
5.03268e-40
3.95294e-40
3.15692e-40
2.70549e-40
2.0468e-40
1.58869e-40
1.12771e-40
7.42464e-41
4.37222e-41
2.17445e-41
8.54151e-42
2.3968e-42
2.43099e-43
-7.32771e-44
-4.67556e-44
-1.9048e-44
-7.03026e-45
-1.27066e-45
7.73627e-46
8.21126e-46
3.52369e-46
7.24903e-47
-4.00008e-48
-8.62137e-48
-3.55933e-48
-9.11515e-49
-4.50506e-50
1.22204e-49
-3.2152e-49
-2.42523e-48
-8.57601e-48
-2.49393e-47
-9.00635e-47
-2.1508e-46
-3.54109e-46
-3.5244e-46
-2.14952e-46
-7.72865e-47
-2.15104e-48
1.87988e-47
1.51301e-47
7.28254e-48
2.37784e-48
4.71108e-49
1.35483e-50
-2.28608e-50
-6.40691e-51
-5.09139e-52
1.14219e-52
3.37174e-53
2.16883e-54
-4.83493e-55
-1.14774e-55
-6.80902e-57
9.96525e-58
2.33188e-58
1.01731e-59
-7.06558e-60
-3.61551e-60
-1.38164e-60
-5.53466e-61
-2.73707e-61
-1.53025e-61
-8.35291e-62
-4.305e-62
-2.14345e-62
-1.02109e-62
-2.4056e-63
4.77297e-06
6.94071e-05
0.000638077
0.00349621
0.0186371
0.0772954
0.22938
0.444331
0.642631
0.815087
0.843548
0.810655
0.735679
0.611585
0.466749
0.328724
0.212205
0.123604
0.0588171
0.0245527
0.00967607
0.00359521
0.00109825
9.34128e-05
-0.00027229
-0.00033995
-0.000269803
-0.000126307
-4.04453e-05
-1.76057e-05
-7.98771e-06
-3.34532e-06
-1.24742e-06
-3.80224e-07
-8.11012e-08
8.73919e-09
4.04853e-08
5.63459e-08
5.98365e-08
5.49323e-08
4.83493e-08
3.98822e-08
2.93077e-08
1.92728e-08
1.15075e-08
6.413e-09
3.3993e-09
1.70767e-09
8.39677e-10
4.28165e-10
2.2442e-10
1.19585e-10
6.38283e-11
3.37535e-11
1.74275e-11
8.69414e-12
4.17218e-12
1.91287e-12
8.39151e-13
3.47534e-13
1.3636e-13
5.02043e-14
1.72543e-14
5.51744e-15
1.57659e-15
4.40051e-16
1.70312e-16
8.44158e-17
4.28394e-17
2.91387e-18
-1.24356e-17
-9.51699e-18
-3.86912e-18
-9.26567e-19
-6.05262e-20
4.84707e-20
2.26457e-20
5.17273e-21
-1.82984e-22
-2.16085e-21
-3.42868e-21
-4.05434e-21
-3.9163e-21
-3.2921e-21
-2.49627e-21
-1.76895e-21
-1.18316e-21
-7.34841e-22
-3.90952e-22
-1.69602e-22
-5.25346e-23
-2.22963e-24
1.27136e-23
1.29748e-23
8.79333e-24
5.00009e-24
2.39356e-24
1.01975e-24
3.64754e-25
1.09285e-25
2.17487e-26
-8.13056e-28
-3.59432e-27
-2.27266e-27
-1.03372e-27
-3.73379e-28
-1.13849e-28
-2.79487e-29
-4.80986e-30
-1.00375e-31
3.56264e-31
1.90718e-31
6.90544e-32
1.97641e-32
4.90091e-33
1.05632e-33
2.04874e-34
4.12088e-35
1.12887e-35
4.74539e-36
2.49449e-36
1.33474e-36
7.12035e-37
4.02359e-37
2.40587e-37
1.5349e-37
1.03871e-37
7.32412e-38
5.39221e-38
4.1534e-38
3.15477e-38
2.43038e-38
1.95242e-38
1.50141e-38
1.15211e-38
8.95994e-39
6.37529e-39
4.47699e-39
2.9114e-39
1.75586e-39
9.57365e-40
4.48013e-40
1.67449e-40
4.29822e-41
4.54327e-42
-3.79951e-43
1.23027e-43
1.90149e-43
-2.44895e-44
-1.23854e-43
-9.60075e-44
-4.08698e-44
-8.11115e-45
1.87769e-45
2.08622e-45
8.11253e-46
1.66492e-46
2.68959e-48
-8.95893e-48
-1.53557e-48
-3.85628e-48
-2.61768e-47
-8.29295e-47
-2.60068e-46
-7.47776e-46
-9.49656e-46
-2.80342e-46
1.0824e-45
1.96503e-45
1.98117e-45
1.46416e-45
8.64167e-46
4.23298e-46
1.74739e-46
6.02523e-47
1.64227e-47
2.8702e-48
-7.22255e-50
-2.36316e-49
-7.54991e-50
-1.0815e-50
2.64026e-52
4.35052e-52
8.46633e-53
6.39543e-54
-2.25633e-55
-4.99796e-56
6.47455e-57
1.72796e-57
9.66166e-58
9.19801e-58
5.47514e-58
2.52349e-58
1.0885e-58
4.97654e-59
2.4568e-59
1.21653e-59
5.49886e-60
2.07892e-60
2.17092e-61
4.61458e-06
4.86996e-05
0.000261709
0.00107089
0.00414448
0.0159319
0.0624949
0.181891
0.364614
0.571181
0.743062
0.867234
0.899827
0.882553
0.836879
0.755609
0.630752
0.489194
0.35549
0.241315
0.151679
0.0870041
0.0448515
0.0177762
0.00532814
0.00124336
-2.1909e-05
-0.000408759
-0.000475229
-0.00040285
-0.000244912
-9.96714e-05
-3.01249e-05
-9.89179e-06
-3.33803e-06
-1.07416e-06
-1.77923e-07
1.58275e-07
2.59648e-07
2.77726e-07
2.70469e-07
2.44266e-07
2.02964e-07
1.55205e-07
1.10864e-07
7.48482e-08
4.81502e-08
2.94728e-08
1.71422e-08
9.37561e-09
5.03296e-09
2.68557e-09
1.40913e-09
7.29694e-10
3.70878e-10
1.8472e-10
8.89293e-11
4.06404e-11
1.7712e-11
7.32797e-12
2.90185e-12
1.09252e-12
3.86392e-13
1.25581e-13
3.64948e-14
9.11693e-15
1.66107e-15
-1.64085e-17
-2.23962e-16
3.47676e-17
2.13187e-16
1.7772e-16
8.6039e-17
2.4334e-17
2.12476e-19
-3.46522e-18
-1.86839e-18
-5.8105e-19
-1.11206e-19
1.07789e-20
3.85017e-20
3.39534e-20
1.99649e-20
6.37082e-21
-3.22307e-21
-8.55653e-21
-1.05296e-20
-9.70047e-21
-7.38405e-21
-4.91658e-21
-2.96156e-21
-1.60514e-21
-7.81534e-22
-3.43575e-22
-1.29438e-22
-3.97764e-23
-7.23437e-24
1.65526e-24
2.54799e-24
1.67039e-24
8.07076e-25
3.22366e-25
1.06033e-25
2.69918e-26
3.96763e-27
-7.37159e-28
-8.98091e-28
-4.4666e-28
-1.64739e-28
-4.91371e-29
-1.18736e-29
-2.13854e-30
-1.74184e-31
6.25352e-32
3.90842e-32
1.2751e-32
2.89983e-33
3.75844e-34
-5.71648e-35
-6.54944e-35
-3.31315e-35
-1.43968e-35
-6.27475e-36
-2.92189e-36
-1.45454e-36
-7.5165e-37
-3.91147e-37
-1.99359e-37
-9.51358e-38
-3.85211e-38
-1.07732e-38
2.5008e-39
7.92791e-39
6.96222e-39
4.30644e-39
1.12616e-39
-1.91467e-39
-3.76165e-39
-4.5216e-39
-4.28119e-39
-3.45125e-39
-2.39293e-39
-1.4273e-39
-7.251e-40
-2.99011e-40
-9.29324e-41
-1.03519e-41
1.18811e-41
1.12966e-41
5.88012e-42
1.92901e-42
1.82982e-43
-2.29721e-43
-1.76128e-43
-6.84289e-44
-1.28654e-44
2.25129e-45
2.70811e-45
1.02223e-45
2.02126e-46
3.54099e-47
1.49435e-46
6.40092e-46
1.45859e-45
4.8608e-45
1.28475e-44
2.38117e-44
2.91466e-44
2.55797e-44
1.73962e-44
9.45215e-45
4.10144e-45
1.37008e-45
3.10114e-46
2.06066e-47
-1.67196e-47
-6.90122e-48
-4.2752e-49
7.00801e-49
3.93231e-49
1.10567e-49
1.2432e-50
-4.97578e-51
-3.57112e-51
-1.27546e-51
-3.15131e-52
-5.40121e-53
-4.99747e-54
2.58858e-55
9.07185e-56
-6.47901e-56
-5.74927e-56
-2.95944e-56
-1.30675e-56
-5.33548e-57
-1.91372e-57
-4.7758e-58
4.07938e-59
1.61585e-58
1.14848e-58
4.68813e-06
4.98056e-05
0.00027464
0.0011153
0.00384313
0.0122447
0.0375886
0.102718
0.220829
0.382381
0.561484
0.725788
0.848041
0.901019
0.897984
0.877817
0.823562
0.726696
0.605256
0.47739
0.355288
0.248166
0.161628
0.0970406
0.0528525
0.0254497
0.0102498
0.00188649
-0.000262732
-0.000561048
-0.000566672
-0.00048038
-0.000310876
-0.000156286
-5.98781e-05
-1.54676e-05
-4.85947e-06
-1.75588e-06
-3.45416e-07
2.04197e-07
3.64655e-07
3.80647e-07
3.5451e-07
3.14327e-07
2.60175e-07
2.03318e-07
1.47921e-07
1.01063e-07
6.57909e-08
4.11762e-08
2.48901e-08
1.46018e-08
8.28468e-09
4.5499e-09
2.40383e-09
1.19823e-09
5.59016e-10
2.58013e-10
1.19257e-10
5.37314e-11
2.34908e-11
9.55165e-12
3.5082e-12
1.17824e-12
3.69493e-13
1.06525e-13
2.30574e-14
-5.10891e-16
-4.52021e-15
-3.45194e-15
-1.94533e-15
-9.7039e-16
-4.70164e-16
-1.24647e-16
8.07655e-17
1.04006e-16
6.14375e-17
2.45864e-17
6.78953e-18
1.3399e-18
8.25789e-19
1.14409e-18
1.12434e-18
8.80349e-19
6.15234e-19
3.9532e-19
2.27621e-19
1.11303e-19
4.19383e-20
7.98361e-21
-4.75669e-21
-7.1661e-21
-5.70168e-21
-3.58976e-21
-1.8999e-21
-8.81486e-22
-3.50577e-22
-1.1735e-22
-2.92189e-23
-2.7334e-24
2.42986e-24
2.05024e-24
1.02953e-24
4.00612e-25
1.27304e-25
3.17106e-26
5.0628e-27
-3.28821e-28
-6.8465e-28
-3.49876e-28
-1.29519e-28
-3.94116e-29
-1.02128e-29
-2.22838e-30
-3.98875e-31
-5.49737e-32
-6.65394e-33
-2.7328e-33
-2.22233e-33
-1.48695e-33
-8.66473e-34
-4.70835e-34
-2.51101e-34
-1.37035e-34
-7.75094e-35
-4.57288e-35
-2.80758e-35
-1.7816e-35
-1.16604e-35
-7.86269e-36
-5.37776e-36
-3.74336e-36
-2.67792e-36
-1.91436e-36
-1.37945e-36
-1.00195e-36
-7.08192e-37
-4.94062e-37
-3.32471e-37
-2.13663e-37
-1.29618e-37
-7.24022e-38
-3.64501e-38
-1.61558e-38
-6.61325e-39
-2.66093e-39
-1.01771e-39
-3.30909e-40
-6.54602e-41
1.61403e-41
2.6577e-41
1.7573e-41
8.061e-42
2.52629e-42
3.00805e-43
-2.40999e-43
-2.04255e-43
-8.81862e-44
-2.31053e-44
-2.47163e-45
2.94353e-46
9.31789e-46
6.99922e-45
2.96283e-44
7.53397e-44
1.2451e-43
1.55227e-43
1.38783e-43
8.94999e-44
3.96992e-44
7.51845e-45
-6.09262e-45
-8.25729e-45
-6.00661e-45
-3.29392e-45
-1.4506e-45
-5.05794e-46
-1.23555e-46
-8.39313e-48
1.04535e-47
6.97363e-48
2.75538e-48
7.94707e-49
1.66955e-49
2.0435e-50
-1.51575e-51
-1.62078e-51
-4.50885e-52
-4.24901e-53
2.09386e-53
1.13414e-53
1.2969e-54
-1.92901e-54
-1.93141e-54
-1.20998e-54
-6.18053e-55
-2.76598e-55
-1.11182e-55
-4.11296e-56
-7.76786e-57
4.70648e-06
5.33435e-05
0.000322397
0.00140637
0.0051747
0.0173415
0.048143
0.108732
0.20682
0.339784
0.493575
0.647051
0.778147
0.86749
0.900001
0.893724
0.867257
0.803199
0.710705
0.60001
0.482135
0.367476
0.264558
0.178988
0.113009
0.0658994
0.0348886
0.0161229
0.00596867
0.000883448
-0.000610546
-0.000636822
-0.00055643
-0.000409776
-0.000246398
-0.000129044
-6.09714e-05
-2.67854e-05
-1.0791e-05
-3.67276e-06
-1.34361e-06
-4.44393e-07
3.59102e-08
2.55093e-07
3.03528e-07
2.86e-07
2.46511e-07
1.86099e-07
1.31365e-07
8.84429e-08
5.74638e-08
3.63336e-08
2.23914e-08
1.34816e-08
7.90059e-09
4.49536e-09
2.46791e-09
1.29435e-09
6.45963e-10
3.01655e-10
1.25455e-10
4.86602e-11
1.9275e-11
7.7491e-12
3.04306e-12
1.06174e-12
2.97819e-13
5.55116e-14
-9.25416e-15
-2.41226e-14
-2.26126e-14
-1.54507e-14
-7.44021e-15
-3.75149e-15
-2.03367e-15
-1.09604e-15
-5.63567e-16
-2.57448e-16
-5.64657e-17
1.07895e-17
1.46843e-17
7.28208e-18
4.02051e-18
3.71761e-18
3.67055e-18
3.19755e-18
2.34619e-18
1.49384e-18
8.44392e-19
4.27731e-19
1.93069e-19
7.46844e-20
2.23131e-20
2.96183e-21
-2.19304e-21
-2.438e-21
-1.53921e-21
-7.68757e-22
-3.19176e-22
-1.12052e-22
-3.14433e-23
-5.75701e-24
3.82734e-25
9.87286e-25
5.84637e-25
2.48073e-25
8.60283e-26
2.47201e-26
5.60298e-27
7.67073e-28
-1.02841e-28
-1.28032e-28
-6.10635e-29
-2.18559e-29
-6.58953e-30
-1.71131e-30
-3.82987e-31
-7.348e-32
-1.27288e-32
-3.25483e-33
-2.04016e-33
-1.54029e-33
-1.06309e-33
-6.92691e-34
-4.4112e-34
-2.82743e-34
-1.84392e-34
-1.22407e-34
-8.28043e-35
-5.70616e-35
-3.95475e-35
-2.75951e-35
-1.94848e-35
-1.35814e-35
-9.42125e-36
-6.48205e-36
-4.32352e-36
-2.81884e-36
-1.76832e-36
-1.05884e-36
-5.99067e-37
-3.1295e-37
-1.47105e-37
-5.98906e-38
-2.31208e-38
-9.90504e-39
-5.14427e-39
-2.92281e-39
-1.60681e-39
-7.9155e-40
-3.27492e-40
-9.80738e-41
-7.69472e-42
1.57625e-41
1.41482e-41
7.61385e-42
2.8622e-42
6.30809e-43
-4.46387e-44
-1.18687e-43
-4.96644e-44
-1.27929e-44
4.09204e-44
1.84893e-43
3.46179e-43
4.18489e-43
3.53449e-43
1.60073e-43
-4.00658e-44
-1.53281e-43
-1.70437e-43
-1.32348e-43
-8.21074e-44
-4.27962e-44
-1.91829e-44
-7.44404e-45
-2.45872e-45
-6.35504e-46
-8.31088e-47
3.24158e-47
3.29642e-47
1.74746e-47
7.22427e-48
2.55074e-48
7.99943e-49
2.2757e-49
5.90478e-50
1.35971e-50
2.3852e-51
-2.33319e-53
-3.6056e-52
-2.86052e-52
-1.7445e-52
-9.42874e-53
-4.67064e-53
-2.13849e-53
-9.0424e-54
-3.49918e-54
-1.23723e-54
-1.9619e-55
4.6715e-06
5.50611e-05
0.000349528
0.00159153
0.00605724
0.0208564
0.0583402
0.12743
0.23071
0.361919
0.507053
0.648709
0.771422
0.858229
0.893766
0.893031
0.872376
0.820197
0.741779
0.644055
0.53555
0.425214
0.321256
0.230038
0.155362
0.0983257
0.0577556
0.0309887
0.014716
0.00570084
0.00117929
-0.000508716
-0.00062886
-0.00054661
-0.000411836
-0.000262113
-0.000149564
-7.87039e-05
-3.92882e-05
-1.90113e-05
-9.00672e-06
-4.02503e-06
-1.51751e-06
-3.01815e-07
1.88619e-07
2.85962e-07
2.76599e-07
2.39711e-07
1.8437e-07
1.32597e-07
9.12137e-08
6.09028e-08
3.9706e-08
2.53681e-08
1.58594e-08
9.69285e-09
5.77744e-09
3.34228e-09
1.87518e-09
1.01095e-09
5.20665e-10
2.52858e-10
1.14669e-10
4.76053e-11
1.65138e-11
5.67427e-12
2.04415e-12
7.41786e-13
2.2426e-13
2.61939e-14
-3.66266e-14
-5.06343e-14
-4.62406e-14
-3.6816e-14
-2.29854e-14
-1.18444e-14
-6.02957e-15
-3.45807e-15
-2.04043e-15
-1.1904e-15
-6.91268e-16
-3.83301e-16
-1.68598e-16
-6.80368e-17
-2.7594e-17
-1.01586e-17
-2.13212e-18
1.10244e-18
1.86847e-18
1.61103e-18
1.09908e-18
6.4591e-19
3.35333e-19
1.54796e-19
6.22749e-20
2.0941e-20
5.07217e-21
2.02057e-22
-7.0105e-22
-5.44431e-22
-2.76802e-22
-1.11198e-22
-3.59903e-23
-8.76369e-24
-1.03323e-24
4.15979e-25
3.7584e-25
1.7964e-25
6.60842e-26
2.00355e-26
4.98385e-27
9.30715e-28
7.39163e-29
-3.52963e-29
-2.27065e-29
-7.99316e-30
-1.8958e-30
-1.54529e-31
1.5664e-31
1.32756e-31
7.47313e-32
3.70013e-32
1.75046e-32
8.21181e-33
3.8893e-33
1.8656e-33
9.03517e-34
4.38738e-34
2.1135e-34
9.97709e-35
4.61634e-35
2.10976e-35
9.86401e-36
5.5112e-36
3.89057e-36
3.38613e-36
3.16454e-36
2.89384e-36
2.52628e-36
2.07378e-36
1.60394e-36
1.16399e-36
7.92586e-37
5.05287e-37
2.94701e-37
1.566e-37
7.33693e-38
2.92552e-38
8.84391e-39
9.27468e-40
-1.22154e-39
-1.25937e-39
-7.86712e-40
-3.74707e-40
-1.36531e-40
-3.04521e-41
3.92259e-42
9.0445e-42
6.06961e-42
2.93264e-42
1.15545e-42
3.07822e-43
1.77656e-43
3.1249e-43
2.94335e-43
-2.15925e-44
-6.61588e-43
-1.31547e-42
-1.59923e-42
-1.45348e-42
-1.06186e-42
-6.43487e-43
-3.26478e-43
-1.36929e-43
-4.49325e-44
-9.21566e-45
9.24212e-46
2.14484e-45
1.34591e-45
6.0283e-46
2.1648e-46
6.2916e-47
1.38789e-47
1.61952e-48
-4.03283e-49
-3.69431e-49
-1.77868e-49
-7.96276e-50
-3.97827e-50
-2.21165e-50
-1.25092e-50
-6.76744e-51
-3.42516e-51
-1.61438e-51
-7.07658e-52
-2.86986e-52
-1.06037e-52
-3.43008e-53
-8.79828e-54
7.63492e-55
4.60606e-06
5.54782e-05
0.000362826
0.00170118
0.00661816
0.0231229
0.0653029
0.142084
0.253849
0.391046
0.537346
0.675543
0.79132
0.869815
0.894664
0.890831
0.870808
0.821073
0.747086
0.654978
0.55216
0.446415
0.345067
0.254115
0.177556
0.117109
0.0723989
0.0414986
0.0216408
0.00985946
0.00348721
0.000425886
-0.000511533
-0.000576591
-0.000489545
-0.000351158
-0.000221721
-0.00012863
-7.0525e-05
-3.71545e-05
-1.89941e-05
-9.30247e-06
-4.21503e-06
-1.6469e-06
-4.32228e-07
8.06904e-08
2.47135e-07
2.52569e-07
2.15778e-07
1.65317e-07
1.19581e-07
8.34538e-08
5.67598e-08
3.78008e-08
2.46549e-08
1.5754e-08
9.85721e-09
6.02773e-09
3.60615e-09
2.10123e-09
1.19309e-09
6.56966e-10
3.4929e-10
1.78346e-10
8.58933e-11
3.86777e-11
1.60186e-11
5.50663e-12
1.68866e-12
5.14648e-13
1.31391e-13
-3.84691e-15
-5.18595e-14
-6.5338e-14
-6.2175e-14
-5.35683e-14
-3.92586e-14
-2.52446e-14
-1.51112e-14
-8.73327e-15
-4.92628e-15
-2.84972e-15
-1.65482e-15
-9.61585e-16
-5.33209e-16
-2.63271e-16
-1.22732e-16
-5.28824e-17
-1.97459e-17
-5.30989e-18
2.95078e-20
1.37103e-18
1.25494e-18
8.08102e-19
4.26258e-19
1.91536e-19
7.2517e-20
2.193e-20
4.18623e-21
-4.43009e-22
-9.2636e-22
-5.60751e-22
-2.42323e-22
-8.28057e-23
-2.20245e-23
-3.75599e-24
2.25785e-25
5.40884e-25
2.92554e-25
1.14394e-25
3.68969e-26
1.01648e-26
2.39188e-27
4.68069e-28
7.32835e-29
1.13723e-29
4.99407e-30
3.97497e-30
2.73939e-30
1.62076e-30
8.77714e-31
4.5491e-31
2.3226e-31
1.1909e-31
6.20036e-32
3.29674e-32
1.79485e-32
1.00099e-32
5.71892e-33
3.34876e-33
2.00775e-33
1.23112e-33
7.72864e-34
4.93481e-34
3.19923e-34
2.10021e-34
1.38212e-34
9.09502e-35
5.94734e-35
3.83837e-35
2.43603e-35
1.50902e-35
9.08543e-36
5.28844e-36
2.9624e-36
1.59754e-36
8.1774e-37
3.9371e-37
1.75763e-37
7.06398e-38
2.4353e-38
6.0111e-39
2.1754e-41
-1.24978e-39
-1.05578e-39
-6.21671e-40
-2.97717e-40
-1.1854e-40
-3.90483e-41
-9.65782e-42
-2.4196e-42
-1.98218e-42
-3.10378e-42
-4.1538e-42
-5.14218e-42
-6.4799e-42
-8.06035e-42
-8.57654e-42
-7.51081e-42
-5.48778e-42
-3.37937e-42
-1.74329e-42
-7.23935e-43
-2.07015e-43
-2.39742e-45
4.86649e-44
4.29137e-44
2.57314e-44
1.24243e-44
5.02871e-45
1.68325e-45
4.24651e-46
4.44621e-47
-3.26661e-47
-2.9938e-47
-1.66241e-47
-7.63418e-48
-3.17092e-48
-1.25142e-48
-4.86484e-49
-1.90942e-49
-7.63004e-50
-3.07489e-50
-1.22222e-50
-4.65223e-51
-1.63041e-51
-4.89377e-52
-9.92043e-53
1.09214e-53
3.34435e-53
4.52414e-06
5.51233e-05
0.000366944
0.00175395
0.0069342
0.0245188
0.0697921
0.151761
0.269563
0.411665
0.560089
0.697345
0.808985
0.879958
0.895658
0.89035
0.8685
0.817937
0.744819
0.654936
0.555121
0.452466
0.353644
0.264195
0.187952
0.126759
0.0805639
0.0478345
0.0261555
0.0128127
0.00521073
0.00129951
-0.000212645
-0.00051011
-0.000492131
-0.000387149
-0.00026345
-0.000165318
-9.75842e-05
-5.48127e-05
-2.95748e-05
-1.52894e-05
-7.46302e-06
-3.34256e-06
-1.2791e-06
-3.1906e-07
7.61009e-08
2.01025e-07
2.11391e-07
1.80524e-07
1.39421e-07
1.01854e-07
7.1763e-08
4.92325e-08
3.30035e-08
2.16682e-08
1.3952e-08
8.81174e-09
5.46953e-09
3.33163e-09
1.99471e-09
1.17177e-09
6.74536e-10
3.7986e-10
2.08386e-10
1.11029e-10
5.70746e-11
2.79261e-11
1.28169e-11
5.43974e-12
2.02732e-12
5.26646e-13
7.78252e-14
-3.9538e-14
-6.81572e-14
-7.27695e-14
-6.81095e-14
-5.95915e-14
-4.63504e-14
-3.23853e-14
-2.11914e-14
-1.32298e-14
-7.95443e-15
-4.6236e-15
-2.59737e-15
-1.40501e-15
-7.25966e-16
-3.53407e-16
-1.58253e-16
-6.26869e-17
-2.00763e-17
-3.53123e-18
1.44133e-18
2.03664e-18
1.42369e-18
7.65416e-19
3.40289e-19
1.25867e-19
3.65565e-20
6.46996e-21
-9.14108e-22
-1.51286e-21
-8.62716e-22
-3.56582e-22
-1.17439e-22
-3.03148e-23
-5.12682e-24
2.09637e-25
6.49839e-25
3.53513e-25
1.39314e-25
4.60752e-26
1.34618e-26
3.58728e-27
9.1547e-28
2.47924e-28
8.26601e-29
3.57889e-29
1.80256e-29
9.45802e-30
4.95871e-30
2.5823e-30
1.34411e-30
7.05309e-31
3.75342e-31
2.03337e-31
1.12352e-31
6.3335e-32
3.64161e-32
2.13434e-32
1.27203e-32
7.69024e-33
4.71434e-33
2.91379e-33
1.81359e-33
1.13417e-33
7.08577e-34
4.41565e-34
2.73614e-34
1.67947e-34
1.01937e-34
6.0939e-35
3.58089e-35
2.0625e-35
1.15946e-35
6.35236e-36
3.36708e-36
1.72147e-36
8.45962e-37
3.96223e-37
1.7582e-37
7.22719e-38
2.67342e-38
8.12622e-39
1.41693e-39
-5.2411e-40
-7.75524e-40
-5.72324e-40
-3.42205e-40
-1.84897e-40
-1.01621e-40
-6.14249e-41
-4.31852e-41
-3.4851e-41
-3.26618e-41
-3.31532e-41
-3.24738e-41
-2.76501e-41
-1.99654e-41
-1.22404e-41
-6.2933e-42
-2.56239e-42
-6.3778e-43
1.38536e-43
3.25503e-43
2.79343e-43
1.80438e-43
9.8085e-44
4.6441e-44
1.92331e-44
6.8112e-45
1.90888e-45
2.904e-46
-1.04533e-46
-1.29966e-46
-8.27135e-47
-4.23854e-47
-1.93092e-47
-8.157e-48
-3.27273e-48
-1.26588e-48
-4.75658e-49
-1.73484e-49
-6.06642e-50
-1.97129e-50
-5.51251e-51
-9.92992e-52
1.99047e-52
3.62217e-52
2.62742e-52
4.43335e-06
5.42836e-05
0.000364348
0.00175788
0.00700972
0.0249434
0.0714511
0.155658
0.276183
0.42057
0.57003
0.707081
0.817323
0.884227
0.896283
0.890331
0.867251
0.816253
0.74361
0.654946
0.556796
0.455896
0.358564
0.270078
0.19415
0.132657
0.0856978
0.0519489
0.0291963
0.0148888
0.00652063
0.00200001
1.22722e-05
-0.000416052
-0.000458165
-0.000388087
-0.000285968
-0.000191968
-0.000120033
-7.07887e-05
-3.98573e-05
-2.15122e-05
-1.10817e-05
-5.38225e-06
-2.39148e-06
-8.99771e-07
-2.08081e-07
7.65931e-08
1.65801e-07
1.71151e-07
1.4552e-07
1.12555e-07
8.22641e-08
5.78972e-08
3.96032e-08
2.64676e-08
1.7341e-08
1.11597e-08
7.07287e-09
4.41712e-09
2.72388e-09
1.65849e-09
9.97251e-10
5.91928e-10
3.4624e-10
1.99408e-10
1.12704e-10
6.2369e-11
3.36143e-11
1.75512e-11
8.80482e-12
4.14443e-12
1.79013e-12
6.73533e-13
1.64976e-13
-3.60038e-14
-7.376e-14
-7.30072e-14
-6.54708e-14
-5.57129e-14
-4.21688e-14
-2.96161e-14
-1.95781e-14
-1.22854e-14
-7.34926e-15
-4.19349e-15
-2.27626e-15
-1.16815e-15
-5.59371e-16
-2.44772e-16
-9.40753e-17
-2.87823e-17
-4.44459e-18
2.37079e-18
2.9186e-18
1.92153e-18
9.77123e-19
4.10405e-19
1.41453e-19
3.70659e-20
4.76409e-21
-1.98558e-21
-1.93346e-21
-9.83719e-22
-3.81189e-22
-1.19808e-22
-2.99072e-23
-4.97964e-24
1.53389e-25
5.81176e-25
3.18108e-25
1.2699e-25
4.32712e-26
1.33848e-26
3.95134e-27
1.18658e-27
3.93427e-28
1.53182e-28
6.91471e-29
3.40778e-29
1.74653e-29
9.09062e-30
4.77421e-30
2.53249e-30
1.35972e-30
7.40341e-31
4.09171e-31
2.29526e-31
1.30612e-31
7.53283e-32
4.39396e-32
2.58717e-32
1.53677e-32
9.17475e-33
5.49982e-33
3.30532e-33
1.98494e-33
1.18959e-33
7.10162e-34
4.21171e-34
2.47793e-34
1.44218e-34
8.29047e-35
4.69932e-35
2.61862e-35
1.43141e-35
7.64161e-36
3.97944e-36
2.02189e-36
9.99951e-37
4.81604e-37
2.24279e-37
1.00575e-37
4.27406e-38
1.68625e-38
5.84188e-39
1.51967e-39
4.08723e-41
-3.27119e-40
-3.31912e-40
-2.59562e-40
-1.92958e-40
-1.46422e-40
-1.21976e-40
-1.11323e-40
-9.91992e-41
-7.90885e-41
-5.38405e-41
-3.08563e-41
-1.44392e-41
-4.84137e-42
-2.81983e-43
1.30611e-42
1.47536e-42
1.14006e-42
7.36096e-43
4.20076e-43
2.16346e-43
1.00967e-43
4.23402e-44
1.55663e-44
4.68987e-45
8.82125e-46
-1.62351e-46
-2.96321e-46
-2.11138e-46
-1.1777e-46
-5.77982e-47
-2.60716e-47
-1.10427e-47
-4.4406e-48
-1.70205e-48
-6.19516e-49
-2.10874e-49
-6.45039e-50
-1.5757e-50
-1.43117e-51
1.69675e-51
1.70965e-51
1.0447e-51
4.33505e-06
5.30363e-05
0.000355981
0.0017178
0.00685131
0.0243915
0.0701384
0.153359
0.272945
0.416737
0.566054
0.703558
0.814839
0.88372
0.896696
0.891066
0.869012
0.819306
0.747891
0.660313
0.563012
0.462643
0.365476
0.27678
0.200302
0.138002
0.0900867
0.0553494
0.0316743
0.01658
0.00761715
0.00264527
0.000256438
-0.000363742
-0.000425421
-0.00038522
-0.000303838
-0.000214477
-0.000139891
-8.56878e-05
-4.9974e-05
-2.79281e-05
-1.49565e-05
-7.63581e-06
-3.66073e-06
-1.5921e-06
-5.71158e-07
-1.02968e-07
8.5483e-08
1.40411e-07
1.3725e-07
1.13439e-07
8.60671e-08
6.19486e-08
4.2998e-08
2.90492e-08
1.92143e-08
1.24895e-08
8.0036e-09
5.06696e-09
3.17606e-09
1.97294e-09
1.21548e-09
7.42705e-10
4.49775e-10
2.6979e-10
1.59998e-10
9.37025e-11
5.40493e-11
3.06203e-11
1.69742e-11
9.14722e-12
4.75328e-12
2.34876e-12
1.07154e-12
4.20715e-13
1.1425e-13
-1.44753e-14
-5.91457e-14
-6.39137e-14
-5.49704e-14
-4.28576e-14
-3.06213e-14
-2.04623e-14
-1.29443e-14
-7.77864e-15
-4.43559e-15
-2.38908e-15
-1.20421e-15
-5.60066e-16
-2.34414e-16
-8.38087e-17
-2.20102e-17
-9.84097e-19
3.75149e-18
3.28791e-18
1.92035e-18
8.99814e-19
3.49894e-19
1.10427e-19
2.48373e-20
1.17297e-21
-2.59986e-21
-1.84275e-21
-8.51231e-22
-3.13337e-22
-9.58352e-23
-2.3854e-23
-4.21167e-24
-8.86969e-26
3.51793e-25
2.08882e-25
8.67761e-26
3.07886e-26
1.00685e-26
3.21439e-27
1.06865e-27
3.94655e-28
1.66614e-28
7.85902e-29
3.96454e-29
2.0674e-29
1.09575e-29
5.86866e-30
3.17226e-30
1.73121e-30
9.54346e-31
5.31478e-31
2.98976e-31
1.69816e-31
9.72927e-32
5.61683e-32
3.26707e-32
1.91061e-32
1.12273e-32
6.6229e-33
3.91251e-33
2.31145e-33
1.36316e-33
8.00045e-34
4.66394e-34
2.69043e-34
1.53197e-34
8.58256e-35
4.7215e-35
2.55179e-35
1.3515e-35
7.00048e-36
3.54389e-36
1.74869e-36
8.41685e-37
3.93662e-37
1.78818e-37
7.82743e-38
3.27084e-38
1.27101e-38
4.33865e-39
1.06614e-39
-7.19458e-41
-3.82245e-40
-4.14322e-40
-3.80173e-40
-3.49955e-40
-3.13248e-40
-2.56563e-40
-1.81397e-40
-1.06301e-40
-4.89529e-41
-1.45706e-41
1.60504e-42
6.84222e-42
6.92102e-42
5.2656e-42
3.47257e-42
2.08443e-42
1.16318e-42
6.08518e-43
2.98356e-43
1.36176e-43
5.70578e-44
2.13445e-44
6.66413e-45
1.35012e-45
-2.02071e-46
-4.46405e-46
-3.40828e-46
-2.02063e-46
-1.05158e-46
-5.01923e-47
-2.24243e-47
-9.46987e-48
-3.79079e-48
-1.43228e-48
-5.03255e-49
-1.58416e-49
-4.00832e-50
-4.31307e-51
3.83992e-51
4.09256e-51
2.5222e-51
4.23063e-06
5.14401e-05
0.000342561
0.00163869
0.00648256
0.0229515
0.0660407
0.145126
0.260123
0.400294
0.548138
0.686233
0.800521
0.876619
0.896977
0.892497
0.874006
0.827392
0.758146
0.671732
0.57465
0.47371
0.375412
0.28527
0.207248
0.143463
0.0942232
0.0583688
0.0337941
0.0180032
0.00854222
0.00323634
0.000549883
-0.000320145
-0.000414042
-0.000384014
-0.000320879
-0.000235206
-0.000158486
-9.9745e-05
-5.94751e-05
-3.38805e-05
-1.84852e-05
-9.6383e-06
-4.75654e-06
-2.17372e-06
-8.70303e-07
-2.49441e-07
1.94678e-08
1.10437e-07
1.23354e-07
1.07064e-07
8.30413e-08
6.03425e-08
4.20218e-08
2.84043e-08
1.87857e-08
1.22225e-08
7.85124e-09
4.9956e-09
3.15439e-09
1.97949e-09
1.23546e-09
7.67013e-10
4.73519e-10
2.90467e-10
1.76788e-10
1.06608e-10
6.35573e-11
3.73763e-11
2.16124e-11
1.22365e-11
6.74645e-12
3.58926e-12
1.81671e-12
8.51043e-13
3.4616e-13
9.86333e-14
-1.03979e-14
-4.87289e-14
-5.38642e-14
-4.68168e-14
-3.58099e-14
-2.51651e-14
-1.65568e-14
-1.02851e-14
-6.03754e-15
-3.34087e-15
-1.73246e-15
-8.33584e-16
-3.6544e-16
-1.40815e-16
-4.36656e-17
-7.44824e-18
2.87611e-18
3.93002e-18
2.64768e-18
1.37069e-18
5.88824e-19
2.11244e-19
6.01125e-20
1.0744e-20
-1.17334e-21
-2.23914e-21
-1.31606e-21
-5.69755e-22
-2.04621e-22
-6.28314e-23
-1.63384e-23
-3.36212e-24
-3.88837e-25
8.54326e-26
8.18917e-26
3.81116e-26
1.42606e-26
4.81672e-27
1.58088e-27
5.45056e-28
2.12792e-28
9.65756e-29
4.91086e-29
2.65052e-29
1.4649e-29
8.16182e-30
4.56363e-30
2.5607e-30
1.44382e-30
8.19153e-31
4.6815e-31
2.69689e-31
1.56605e-31
9.16268e-32
5.40197e-32
3.20258e-32
1.90779e-32
1.14012e-32
6.81776e-33
4.07169e-33
2.42405e-33
1.43443e-33
8.42507e-34
4.89684e-34
2.81229e-34
1.59182e-34
8.86596e-35
4.86202e-35
2.61959e-35
1.38363e-35
7.1528e-36
3.60286e-36
1.76574e-36
8.35722e-37
3.80301e-37
1.63901e-37
6.5497e-38
2.29071e-38
5.84951e-39
-1.5712e-40
-1.7487e-39
-1.81717e-39
-1.49642e-39
-1.14895e-39
-8.2888e-40
-5.38044e-40
-2.89348e-40
-1.10323e-40
-7.24892e-42
3.43601e-41
4.05215e-41
3.25066e-41
2.19345e-41
1.33295e-41
7.54343e-42
4.05552e-42
2.09765e-42
1.05101e-42
5.09891e-43
2.38318e-43
1.06147e-43
4.41836e-44
1.65766e-44
5.15396e-45
9.44261e-46
-3.05084e-46
-4.87928e-46
-3.72696e-46
-2.28212e-46
-1.23867e-46
-6.18936e-47
-2.89855e-47
-1.28322e-47
-5.38357e-48
-2.13263e-48
-7.8793e-49
-2.6356e-49
-7.37324e-50
-1.22625e-50
3.73841e-51
5.63899e-51
3.81656e-51
4.11918e-06
4.94571e-05
0.000323749
0.00152042
0.00591623
0.0207131
0.0595087
0.131716
0.238834
0.372607
0.517515
0.656425
0.775281
0.86097
0.896361
0.894572
0.87912
0.837007
0.770519
0.685052
0.587436
0.484932
0.384537
0.292213
0.212245
0.146912
0.0965477
0.059927
0.0348482
0.0187214
0.00903645
0.00358987
0.000777806
-0.000271209
-0.000406151
-0.00038084
-0.000323887
-0.000243899
-0.000167873
-0.000107398
-6.4745e-05
-3.70718e-05
-2.01953e-05
-1.04439e-05
-5.08199e-06
-2.27641e-06
-8.78856e-07
-2.22116e-07
4.69262e-08
1.04953e-07
1.06228e-07
9.24943e-08
7.19707e-08
5.20848e-08
3.59042e-08
2.3951e-08
1.5627e-08
1.00493e-08
6.39566e-09
4.04717e-09
2.54941e-09
1.60148e-09
1.00345e-09
6.27022e-10
3.90535e-10
2.42137e-10
1.49216e-10
9.12141e-11
5.51706e-11
3.29368e-11
1.93333e-11
1.11117e-11
6.21365e-12
3.34941e-12
1.71541e-12
8.11971e-13
3.33515e-13
9.58777e-14
-1.01314e-14
-4.8544e-14
-5.36713e-14
-4.65489e-14
-3.56783e-14
-2.49089e-14
-1.62195e-14
-9.97358e-15
-5.80872e-15
-3.20064e-15
-1.66145e-15
-8.05625e-16
-3.59268e-16
-1.42997e-16
-4.7448e-17
-1.02925e-17
1.34817e-18
3.3364e-18
2.53042e-18
1.4224e-18
6.64049e-19
2.63578e-19
8.72911e-20
2.20532e-20
2.54265e-21
-1.40669e-21
-1.31166e-21
-6.94304e-22
-2.92336e-22
-1.05884e-22
-3.39209e-23
-9.68966e-24
-2.45235e-24
-5.36319e-25
-9.4861e-26
-1.08703e-26
2.7299e-28
3.9542e-28
-3.04813e-29
-1.15832e-28
-7.42019e-29
-2.90618e-29
-4.9138e-30
4.05376e-30
5.78563e-30
4.94918e-30
3.59254e-30
2.41285e-30
1.554e-30
9.77172e-31
6.05904e-31
3.72555e-31
2.27828e-31
1.38747e-31
8.4247e-32
5.09524e-32
3.06962e-32
1.84092e-32
1.09786e-32
6.5068e-33
3.83126e-33
2.23954e-33
1.29972e-33
7.48733e-34
4.28269e-34
2.43311e-34
1.37232e-34
7.67349e-35
4.2463e-35
2.32405e-35
1.258e-35
6.72044e-36
3.54094e-36
1.83107e-36
9.27643e-37
4.56886e-37
2.17602e-37
9.87431e-38
4.1833e-38
1.58832e-38
5.12938e-39
1.01473e-39
-2.44673e-40
-3.61105e-40
-1.16847e-40
1.2061e-40
2.43465e-40
2.51005e-40
1.97303e-40
1.30563e-40
7.65334e-41
4.10238e-41
2.05448e-41
9.77183e-42
4.47549e-42
1.99821e-42
8.79497e-43
3.84527e-43
1.68342e-43
7.35977e-44
3.14878e-44
1.26348e-44
4.35687e-45
9.6415e-46
-2.19518e-46
-4.80209e-46
-4.17004e-46
-2.83885e-46
-1.69716e-46
-9.28909e-47
-4.74954e-47
-2.29343e-47
-1.05163e-47
-4.58488e-48
-1.89409e-48
-7.3392e-49
-2.60591e-49
-8.00818e-50
-1.75071e-50
8.34768e-52
4.32003e-51
3.40748e-51
3.99574e-06
4.69183e-05
0.000298342
0.00136183
0.00517978
0.0178817
0.0512173
0.114456
0.211259
0.336877
0.478688
0.620012
0.745614
0.841461
0.89144
0.897364
0.883506
0.843701
0.7774
0.690719
0.590789
0.485558
0.382702
0.288659
0.207895
0.142601
0.0928519
0.0571195
0.0329438
0.0175743
0.00843307
0.00333951
0.000731743
-0.000257155
-0.000398386
-0.000378404
-0.00032254
-0.00024129
-0.000165157
-0.000104993
-6.25264e-05
-3.50053e-05
-1.83746e-05
-8.99594e-06
-4.04899e-06
-1.59523e-06
-4.5569e-07
1.26429e-08
1.02229e-07
1.00156e-07
8.7418e-08
7.09915e-08
5.33364e-08
3.74619e-08
2.49829e-08
1.6072e-08
1.01153e-08
6.30152e-09
3.90531e-09
2.42271e-09
1.50355e-09
9.35074e-10
5.82176e-10
3.62569e-10
2.25578e-10
1.39885e-10
8.62608e-11
5.27317e-11
3.18368e-11
1.8919e-11
1.10003e-11
6.22182e-12
3.38615e-12
1.74483e-12
8.26861e-13
3.36428e-13
9.08424e-14
-2.07744e-14
-5.80255e-14
-5.74922e-14
-5.00158e-14
-3.83938e-14
-2.6914e-14
-1.75724e-14
-1.08295e-14
-6.34531e-15
-3.54634e-15
-1.88804e-15
-9.53664e-16
-4.52997e-16
-1.9921e-16
-7.86499e-17
-2.59824e-17
-5.53401e-18
9.25302e-19
2.05577e-18
1.59878e-18
9.40115e-19
4.66705e-19
2.00973e-19
7.47387e-20
2.30445e-20
5.07009e-21
1.14536e-22
-6.79963e-22
-4.98846e-22
-2.54129e-22
-1.08537e-22
-4.12574e-23
-1.43692e-23
-4.67725e-24
-1.44973e-24
-4.38024e-25
-1.33127e-25
-4.22399e-26
-1.44165e-26
-5.31175e-27
-2.06687e-27
-8.21077e-28
-3.2211e-28
-1.20755e-28
-4.1135e-29
-1.11467e-29
-8.78789e-31
1.94489e-30
2.20851e-30
1.75812e-30
1.23124e-30
8.08052e-31
5.10206e-31
3.13985e-31
1.89685e-31
1.12974e-31
6.6503e-32
3.87447e-32
2.23731e-32
1.28117e-32
7.28245e-33
4.11171e-33
2.30912e-33
1.29083e-33
7.19932e-34
4.01018e-34
2.23689e-34
1.25052e-34
7.00609e-35
3.93478e-35
2.21711e-35
1.25274e-35
7.09249e-36
4.01118e-36
2.25947e-36
1.26349e-36
6.98656e-37
3.8101e-37
2.03939e-37
1.06768e-37
5.45062e-38
2.77182e-38
1.41722e-38
7.64123e-39
4.38044e-39
2.61282e-39
1.55307e-39
8.83372e-40
4.66704e-40
2.25171e-40
9.87739e-41
3.93695e-41
1.41621e-41
4.48257e-42
1.13694e-42
1.23161e-43
-1.18002e-43
-1.3352e-43
-9.5949e-44
-5.79982e-44
-3.16498e-44
-1.61357e-44
-7.88764e-45
-3.79957e-45
-1.85455e-45
-9.35982e-46
-4.9033e-46
-2.63224e-46
-1.4191e-46
-7.54641e-47
-3.91083e-47
-1.96178e-47
-9.49136e-48
-4.41847e-48
-1.97353e-48
-8.41559e-49
-3.39382e-49
-1.27022e-49
-4.23102e-50
-1.11072e-50
-1.01085e-51
1.47344e-51
1.49298e-51
3.85155e-06
4.35226e-05
0.00026405
0.00115677
0.00426796
0.0143838
0.0409128
0.0940622
0.182111
0.304725
0.450918
0.601996
0.737818
0.839897
0.89493
0.900212
0.886061
0.841462
0.76737
0.672613
0.565928
0.456311
0.351947
0.259192
0.181912
0.121394
0.0767792
0.0457946
0.0255326
0.013087
0.00595599
0.00212744
0.00023551
-0.000365776
-0.000410774
-0.000371841
-0.000307983
-0.000223296
-0.000147403
-8.95158e-05
-5.02313e-05
-2.60325e-05
-1.23219e-05
-5.21411e-06
-1.85533e-06
-4.1384e-07
7.9635e-08
1.11992e-07
9.53958e-08
8.09014e-08
6.25089e-08
4.48245e-08
3.01454e-08
1.92257e-08
1.17814e-08
7.04051e-09
4.15903e-09
2.45697e-09
1.45425e-09
8.68478e-10
5.21407e-10
3.15424e-10
1.91755e-10
1.16986e-10
7.14199e-11
4.34561e-11
2.62336e-11
1.56175e-11
9.08129e-12
5.09363e-12
2.69962e-12
1.32874e-12
5.98453e-13
2.25909e-13
4.49184e-14
-3.20755e-14
-5.71518e-14
-6.03342e-14
-5.4484e-14
-4.38645e-14
-3.05686e-14
-1.96617e-14
-1.1935e-14
-6.91381e-15
-3.85314e-15
-2.0703e-15
-1.07117e-15
-5.31149e-16
-2.50956e-16
-1.11637e-16
-4.57288e-17
-1.63926e-17
-4.42288e-18
-1.8015e-19
9.12103e-19
8.99151e-19
6.17812e-19
3.56092e-19
1.81249e-19
8.24248e-20
3.34136e-20
1.17976e-20
3.40222e-21
6.20967e-22
-8.95814e-23
-1.67773e-22
-1.11549e-22
-5.72378e-23
-2.56627e-23
-1.05444e-23
-4.08128e-24
-1.51672e-24
-5.50128e-25
-1.97467e-25
-7.09529e-26
-2.57323e-26
-9.44678e-27
-3.5011e-27
-1.29812e-27
-4.7359e-28
-1.65325e-28
-5.22382e-29
-1.26595e-29
-1.92735e-31
2.772e-30
2.75399e-30
2.04001e-30
1.34536e-30
8.33738e-31
4.97036e-31
2.88473e-31
1.6416e-31
9.19249e-32
5.08444e-32
2.77986e-32
1.5061e-32
8.09247e-33
4.3207e-33
2.29433e-33
1.21539e-33
6.42874e-34
3.41051e-34
1.81708e-34
9.77366e-35
5.32544e-35
2.96316e-35
1.68816e-35
9.83956e-36
5.83152e-36
3.51283e-36
2.13222e-36
1.30405e-36
7.96909e-37
4.86077e-37
2.94263e-37
1.76546e-37
1.04607e-37
6.09462e-38
3.48088e-38
1.96059e-38
1.0893e-38
5.82417e-39
2.93248e-39
1.35754e-39
5.58919e-40
1.96662e-40
5.37281e-41
7.5114e-42
-3.06842e-42
-3.44889e-42
-2.12574e-42
-1.12747e-42
-5.90278e-43
-3.22877e-43
-1.83345e-43
-1.05349e-43
-5.9041e-44
-3.15385e-44
-1.5887e-44
-7.52389e-45
-3.3534e-45
-1.41262e-45
-5.66916e-46
-2.1968e-46
-8.3972e-47
-3.26307e-47
-1.33159e-47
-5.81864e-48
-2.70658e-48
-1.30624e-48
-6.35177e-49
-3.04159e-49
-1.41207e-49
-6.28066e-50
-2.64234e-50
-1.03022e-50
-3.56384e-51
-9.62607e-52
-7.95467e-53
1.83401e-52
3.67284e-06
3.89884e-05
0.000218007
0.000890452
0.00310651
0.00985176
0.0295777
0.0809393
0.180159
0.325292
0.49568
0.6627
0.799738
0.887828
0.904269
0.896061
0.867387
0.801417
0.704236
0.591892
0.475603
0.364812
0.266646
0.185369
0.122315
0.0763876
0.0449453
0.0247064
0.0124839
0.00558502
0.00188689
7.3658e-05
-0.000367739
-0.000406517
-0.000379949
-0.000331191
-0.000249189
-0.000167708
-0.000101792
-5.60003e-05
-2.76581e-05
-1.20653e-05
-4.47495e-06
-1.21154e-06
-3.78088e-08
9.03071e-08
8.79479e-08
7.5581e-08
5.96008e-08
4.09857e-08
2.58005e-08
1.52089e-08
8.57255e-09
4.59849e-09
2.44658e-09
1.32829e-09
7.30907e-10
4.0575e-10
2.25552e-10
1.26422e-10
7.08539e-11
3.97436e-11
2.21439e-11
1.21967e-11
6.57537e-12
3.41741e-12
1.66278e-12
7.08392e-13
2.08258e-13
-3.39383e-14
-1.3249e-13
-1.55892e-13
-1.44662e-13
-1.2108e-13
-9.46701e-14
-6.64924e-14
-4.59691e-14
-3.09927e-14
-1.9868e-14
-1.17344e-14
-6.33184e-15
-3.45381e-15
-1.92226e-15
-1.0692e-15
-6.06744e-16
-2.78789e-16
-1.09735e-16
-3.86283e-17
-1.27571e-17
-3.83253e-18
-7.68073e-19
2.32851e-19
4.6245e-19
4.18872e-19
3.04991e-19
1.96841e-19
1.16792e-19
6.42057e-20
3.28828e-20
1.55621e-20
6.7517e-21
2.62495e-21
8.76478e-22
2.22067e-22
1.80223e-23
-2.55092e-23
-2.34234e-23
-1.40958e-23
-7.14338e-24
-3.2743e-24
-1.40721e-24
-5.79e-25
-2.31646e-25
-9.09866e-26
-3.52651e-26
-1.34999e-26
-5.08978e-27
-1.87908e-27
-6.72918e-28
-2.29466e-28
-7.14702e-29
-1.80454e-29
-1.6778e-30
2.25177e-30
2.43994e-30
1.78211e-30
1.13201e-30
6.68957e-31
3.78007e-31
2.07082e-31
1.10808e-31
5.82152e-32
3.00785e-32
1.53504e-32
7.73342e-33
3.85944e-33
1.90938e-33
9.39533e-34
4.60362e-34
2.25934e-34
1.11222e-34
5.54255e-35
2.8042e-35
1.45602e-35
7.79502e-36
4.36008e-36
2.55057e-36
1.55794e-36
9.81565e-37
6.41321e-37
4.26315e-37
2.89844e-37
1.97427e-37
1.35189e-37
9.18002e-38
6.20066e-38
4.13918e-38
2.6989e-38
1.63255e-38
9.18947e-39
4.63932e-39
2.06816e-39
7.89023e-40
2.35081e-40
3.58769e-41
-1.41225e-41
-1.58195e-41
-8.65372e-42
-3.53937e-42
-1.21863e-42
-4.06195e-43
-1.63404e-43
-8.69068e-44
-5.37254e-44
-3.55127e-44
-2.33958e-44
-1.43561e-44
-8.00167e-45
-4.05049e-45
-1.86908e-45
-7.84591e-46
-2.96208e-46
-9.77951e-47
-2.62542e-47
-4.28571e-48
7.87104e-49
1.14789e-48
6.66725e-49
2.84598e-49
9.32822e-50
1.89928e-50
-2.84919e-51
-6.06874e-51
-4.48201e-51
-2.56338e-51
-1.28228e-51
-5.83824e-52
-2.44151e-52
-9.42782e-53
-1.71622e-53
3.45529e-06
3.57369e-05
0.000196373
0.000791718
0.00296666
0.011103
0.041506
0.133803
0.291986
0.490533
0.676027
0.817253
0.898992
0.900502
0.877914
0.828244
0.746507
0.628856
0.499715
0.378657
0.273339
0.187091
0.120884
0.0734336
0.0416933
0.0220224
0.00977404
0.0033992
0.0010115
0.00014351
-0.000201226
-0.000329785
-0.00035183
-0.000322861
-0.00025768
-0.000180548
-0.000115396
-6.66497e-05
-3.43618e-05
-1.56463e-05
-5.60051e-06
-1.72965e-06
-5.11695e-07
-1.29152e-07
-1.25631e-08
3.41488e-08
3.58109e-08
2.39667e-08
1.21935e-08
5.7708e-09
2.93228e-09
1.54979e-09
8.19096e-10
4.25463e-10
2.16427e-10
1.08214e-10
5.31743e-11
2.56312e-11
1.20175e-11
5.41143e-12
2.28085e-12
8.37998e-13
1.98399e-13
-6.81251e-14
-1.65455e-13
-1.88681e-13
-1.7987e-13
-1.59098e-13
-1.35192e-13
-1.11428e-13
-8.63321e-14
-6.42093e-14
-4.48582e-14
-2.92154e-14
-1.76594e-14
-1.02144e-14
-5.78626e-15
-3.21435e-15
-1.76124e-15
-9.63413e-16
-5.30001e-16
-2.80212e-16
-8.38108e-17
-3.74603e-18
1.22457e-17
9.02558e-18
4.47547e-18
1.9899e-18
9.17807e-19
4.5942e-19
2.41672e-19
1.29911e-19
7.13543e-20
4.00055e-20
2.28033e-20
1.28281e-20
6.90517e-21
3.51414e-21
1.69235e-21
7.80614e-22
3.42807e-22
1.40096e-22
5.02214e-23
1.36514e-23
9.3968e-25
-2.15451e-24
-2.07177e-24
-1.334e-24
-7.20959e-25
-3.48803e-25
-1.56331e-25
-6.60797e-26
-2.67706e-26
-1.05087e-26
-4.02545e-27
-1.50766e-27
-5.48878e-28
-1.91338e-28
-6.20846e-29
-1.75693e-29
-3.44482e-30
3.53547e-31
9.67078e-31
7.75891e-31
4.91759e-31
2.80285e-31
1.50102e-31
7.70017e-32
3.82053e-32
1.84381e-32
8.67622e-33
3.99313e-33
1.79068e-33
7.88625e-34
3.38768e-34
1.43154e-34
5.94822e-35
2.45774e-35
1.01235e-35
4.27734e-36
1.85139e-36
8.50298e-37
4.05368e-37
2.00539e-37
9.18699e-38
1.94021e-38
-1.37457e-38
-2.20934e-38
-1.81359e-38
-1.13506e-38
-4.92282e-39
-1.04323e-40
2.83371e-39
4.40073e-39
4.83297e-39
4.67246e-39
4.15426e-39
3.38816e-39
2.17263e-39
1.12628e-39
4.36388e-40
1.05645e-40
-7.88494e-42
-2.69998e-41
-1.79546e-41
-7.50718e-42
-2.00389e-42
-1.96623e-43
1.02992e-43
6.15988e-44
1.68605e-44
1.36273e-45
-1.99074e-45
-2.08345e-45
-1.40455e-45
-8.49746e-46
-5.01897e-46
-2.72045e-46
-1.25434e-46
-4.51694e-47
-9.36686e-48
2.61789e-48
4.5216e-48
3.36689e-48
1.92978e-48
9.46867e-49
4.13623e-49
1.6385e-49
5.93979e-50
1.9768e-50
6.02326e-51
1.65942e-51
3.98158e-52
7.22323e-53
7.42127e-55
-1.00377e-53
-9.11231e-54
-6.90478e-54
-5.14857e-54
-2.84531e-54
3.35339e-06
4.53926e-05
0.000406418
0.00234082
0.0115632
0.0524867
0.164093
0.367626
0.57116
0.753608
0.857005
0.844484
0.800672
0.718655
0.597266
0.463029
0.336445
0.228565
0.144718
0.0821741
0.0408055
0.0192306
0.00910305
0.00425775
0.00181799
0.00058002
1.0427e-05
-0.00021023
-0.000266873
-0.000252614
-0.000203654
-0.000140424
-9.07141e-05
-5.8645e-05
-3.96048e-05
-2.56841e-05
-1.51179e-05
-7.8004e-06
-3.63829e-06
-1.57817e-06
-6.39258e-07
-2.32413e-07
-6.79531e-08
-1.12252e-08
2.36796e-09
3.85889e-09
2.46961e-09
1.32176e-09
6.78371e-10
3.34311e-10
1.58201e-10
7.2775e-11
3.2791e-11
1.44996e-11
6.26964e-12
2.62646e-12
1.04264e-12
3.73272e-13
1.02964e-13
-4.75001e-16
-3.59747e-14
-4.71247e-14
-4.81983e-14
-4.57528e-14
-4.12022e-14
-3.38867e-14
-2.62093e-14
-1.9558e-14
-1.36274e-14
-8.68416e-15
-4.74257e-15
-2.34513e-15
-1.02165e-15
-3.93541e-16
-1.66172e-16
-6.3232e-17
-1.20496e-17
7.10638e-18
2.39545e-17
2.20348e-17
1.41212e-17
7.40291e-18
3.23449e-18
1.16438e-18
3.6151e-19
1.11214e-19
3.95831e-20
1.55888e-20
6.15429e-21
2.3682e-21
9.89906e-22
4.3923e-22
1.95345e-22
5.7433e-23
-8.66521e-24
-4.36129e-23
-1.05188e-22
-1.2196e-22
-1.08086e-22
-7.03835e-23
-3.78342e-23
-1.67118e-23
-6.29249e-24
-1.93267e-24
-4.28138e-25
-1.89259e-26
4.74341e-26
3.45412e-26
1.76117e-26
7.47406e-27
2.96629e-27
1.09858e-27
4.00415e-28
1.40965e-28
4.93793e-29
1.81038e-29
7.15277e-30
3.0497e-30
1.3797e-30
6.45687e-31
3.03278e-31
1.39409e-31
6.16628e-32
2.58809e-32
1.01321e-32
3.576e-33
1.04361e-33
1.62183e-34
-8.94815e-35
-1.22818e-34
-9.57131e-35
-6.19541e-35
-3.67882e-35
-2.05475e-35
-1.11546e-35
-5.90961e-36
-3.09063e-36
-1.62091e-36
-8.57596e-37
-4.59999e-37
-2.50815e-37
-1.41267e-37
-8.18771e-38
-5.03194e-38
-3.2987e-38
-2.63719e-38
-2.16862e-38
-1.79865e-38
-1.39032e-38
-1.08465e-38
-8.01581e-39
-5.96306e-39
-4.23293e-39
-2.98013e-39
-2.01499e-39
-1.33741e-39
-8.54113e-40
-5.00792e-40
-2.37019e-40
-9.139e-41
-2.86559e-41
-9.59007e-42
-3.42966e-42
-6.52025e-43
3.9097e-43
4.11851e-43
1.81588e-43
4.38215e-44
4.05189e-45
-8.9969e-46
-3.66565e-46
4.64491e-47
3.1008e-46
4.04931e-46
3.94154e-46
3.05431e-46
1.99257e-46
1.13753e-46
5.81522e-47
2.69833e-47
1.144e-47
4.43907e-48
1.57263e-48
5.05038e-49
1.45148e-49
3.6638e-50
7.98568e-51
1.57859e-51
4.08328e-52
2.09125e-52
1.36114e-52
8.17971e-53
4.43833e-53
2.25261e-53
1.10712e-53
5.38641e-54
2.59452e-54
1.18958e-54
4.75424e-55
4.09385e-56
4.03114e-06
9.81126e-05
0.00159815
0.0168009
0.104002
0.291938
0.528544
0.718079
0.724709
0.672746
0.562884
0.406265
0.250263
0.120071
0.0531878
0.0249668
0.0118918
0.00549369
0.00236219
0.000867852
0.000206507
-4.29351e-05
-0.000105455
-9.63871e-05
-6.93184e-05
-4.66591e-05
-3.55186e-05
-2.63445e-05
-1.97404e-05
-1.32537e-05
-7.21834e-06
-3.05205e-06
-1.02502e-06
-3.71486e-07
-1.43099e-07
-5.34453e-08
-1.6e-08
-1.7559e-09
3.04723e-09
4.16937e-09
3.74878e-09
2.72468e-09
1.51148e-09
6.83392e-10
2.31132e-10
8.62131e-11
4.23683e-11
1.91253e-11
8.1391e-12
3.34614e-12
1.34532e-12
5.32535e-13
2.07508e-13
7.90495e-14
2.89797e-14
9.83498e-15
2.64747e-15
-3.60828e-16
-1.74466e-15
-2.31672e-15
-2.27068e-15
-1.92195e-15
-1.37056e-15
-8.97996e-16
-3.84491e-16
-9.86198e-17
-2.31993e-17
6.43736e-19
7.9915e-18
9.1734e-18
1.43123e-17
1.77824e-17
2.14031e-17
1.80341e-17
1.16244e-17
5.75359e-18
3.2978e-18
4.98243e-18
2.58402e-18
7.38217e-19
8.75544e-20
-5.27365e-20
-3.78804e-20
-1.7912e-20
-8.02491e-21
-3.60842e-21
-1.63684e-21
-7.51011e-22
-3.52835e-22
-1.75203e-22
-9.36731e-23
-5.34764e-23
-3.25748e-23
-2.06256e-23
-1.35346e-23
-8.84066e-24
-7.13402e-24
-5.9163e-24
-5.20946e-24
-3.68431e-24
-2.20196e-24
-1.04731e-24
-4.10018e-25
-1.1381e-25
-6.92699e-27
1.87132e-26
1.75197e-26
1.08392e-26
5.71192e-27
2.64571e-27
1.14914e-27
4.63923e-28
1.80533e-28
6.71791e-29
2.42051e-29
8.46793e-30
2.87018e-30
9.29328e-31
2.80191e-31
7.40576e-32
1.39798e-32
-8.70426e-34
-3.04325e-33
-2.35297e-33
-1.4235e-33
-7.73415e-34
-3.9467e-34
-1.94552e-34
-9.40213e-35
-4.47328e-35
-2.09257e-35
-9.67348e-36
-4.40786e-36
-2.00478e-36
-9.03839e-37
-4.07164e-37
-1.8231e-37
-8.22854e-38
-3.71796e-38
-1.71854e-38
-8.05646e-39
-3.98413e-39
-2.04818e-39
-1.16416e-39
-7.07427e-40
-5.21137e-40
-4.10451e-40
-3.67809e-40
-3.10568e-40
-2.93764e-40
-2.5707e-40
-2.42927e-40
-2.10752e-40
-1.89006e-40
-1.59194e-40
-1.37078e-40
-1.17571e-40
-9.2022e-41
-4.16686e-41
-1.13962e-41
-8.2661e-43
6.80179e-43
3.84988e-43
1.19771e-43
1.56944e-44
-6.9173e-45
-4.74577e-45
-1.26774e-45
-1.44963e-46
1.27025e-47
1.68391e-47
2.01473e-47
2.48296e-47
2.68142e-47
2.50124e-47
1.89169e-47
1.19455e-47
6.44605e-48
2.98507e-48
1.1738e-48
3.77833e-49
8.79185e-50
5.42171e-51
-8.62383e-51
-6.40779e-51
-3.04381e-51
-1.15517e-51
-3.70514e-52
-1.01394e-52
-2.28896e-53
-3.60918e-54
8.2712e-56
4.26942e-55
2.8313e-55
1.59807e-55
9.34725e-56
6.02744e-56
4.21847e-56
3.00433e-56
1.2438e-56
6.39199e-06
0.000294439
0.00766996
0.0993926
0.491145
0.787962
0.680233
0.303671
0.0494002
0.0145331
0.00503699
0.00148187
0.000351458
5.22011e-05
-7.20338e-06
-1.09617e-05
-7.15574e-06
-4.46984e-06
-3.10903e-06
-2.40404e-06
-1.92681e-06
-1.59678e-06
-1.3164e-06
-1.0474e-06
-7.11178e-07
-3.69355e-07
-1.17224e-07
-1.78139e-08
-3.65105e-09
-6.12403e-10
6.83673e-10
1.40368e-09
1.95726e-09
2.02894e-09
1.84466e-09
1.6198e-09
1.02154e-09
4.33781e-10
1.42708e-10
5.80635e-11
3.45014e-11
2.40273e-11
1.42543e-11
3.96938e-12
7.73713e-13
1.40779e-13
3.19605e-14
1.00695e-14
3.82483e-15
1.50251e-15
5.71066e-16
2.01193e-16
6.40999e-17
1.75943e-17
4.2987e-18
1.35815e-18
-9.74733e-18
-1.78367e-17
-9.77038e-18
-3.32216e-18
1.85741e-18
3.62338e-18
4.22938e-18
4.76877e-18
5.62721e-18
5.77021e-18
4.32735e-18
2.665e-18
2.58027e-18
4.45462e-18
4.52745e-18
3.92565e-18
1.79895e-18
8.07883e-19
3.63897e-19
1.29772e-19
3.01519e-20
-5.19409e-21
-1.92228e-20
-1.45626e-20
-7.06696e-21
-2.52223e-21
-6.12322e-22
-8.33994e-23
1.18768e-23
1.33929e-23
6.81306e-24
3.38621e-24
1.69769e-24
9.10907e-25
4.91115e-25
2.75786e-25
1.45664e-25
7.59155e-26
3.3623e-26
1.26952e-26
9.94472e-27
1.60942e-26
2.89917e-26
2.65869e-26
2.097e-26
1.22298e-26
6.21156e-27
2.73033e-27
1.19061e-27
5.38618e-28
2.62105e-28
1.29695e-28
6.25654e-29
2.81178e-29
1.19547e-29
4.71907e-30
1.76966e-30
6.23145e-31
2.0422e-31
6.01609e-32
1.44302e-32
1.63939e-33
-1.04984e-33
-1.10012e-33
-6.96632e-34
-3.70571e-34
-1.79094e-34
-8.08343e-35
-3.44191e-35
-1.38833e-35
-5.32551e-36
-1.90319e-36
-6.00533e-37
-1.46702e-37
-8.21304e-39
2.17655e-38
2.15192e-38
1.44652e-38
8.64234e-39
4.72083e-39
2.50213e-39
1.30408e-39
6.73326e-40
3.4215e-40
1.75697e-40
9.41118e-41
5.12774e-41
3.01021e-41
1.86439e-41
1.44346e-41
1.25902e-41
1.70412e-41
1.47064e-41
1.53794e-41
1.18522e-41
1.048e-41
7.58032e-42
5.89419e-42
4.0132e-42
2.74442e-42
1.63592e-42
6.44179e-43
1.97878e-43
7.01562e-44
1.39164e-44
-7.29763e-46
-2.36918e-45
-1.16746e-45
-2.62647e-46
1.59277e-47
2.60041e-47
6.69265e-48
6.85482e-49
-5.92538e-51
4.57896e-51
-4.87502e-50
-2.55447e-49
-4.73876e-49
-5.79304e-49
-5.02503e-49
-3.4397e-49
-1.98379e-49
-1.00207e-49
-4.52166e-50
-1.84037e-50
-6.78507e-51
-2.26692e-51
-6.84757e-52
-1.86489e-52
-4.57064e-53
-1.01821e-53
-2.23545e-54
-5.6209e-55
-1.77751e-55
-6.57682e-56
-2.53435e-56
-9.82397e-57
-4.09464e-57
-2.29184e-57
-1.73929e-57
-1.35594e-57
-9.83243e-58
-5.17226e-58
2.85598e-59
)
;

boundaryField
{
    inlet
    {
        type            uniformFixedValue;
        uniformValue    table;
        uniformValueCoeffs
        {
            values          
4
(
(0 1)
(0.15 1)
(0.151 0)
(1 0)
)
;
        }
        value           uniform 0;
    }
    outlet
    {
        type            inletOutlet;
        inletValue      uniform 0;
        value           nonuniform List<scalar> 
20
(
3.83455e-66
-2.4056e-63
2.17092e-61
1.14848e-58
-7.76786e-57
-1.9619e-55
7.63492e-55
3.34435e-53
2.62742e-52
1.0447e-51
2.5222e-51
3.81656e-51
3.40748e-51
1.49298e-51
1.83401e-52
-1.71622e-53
-2.84531e-54
4.09385e-56
1.2438e-56
2.85598e-59
)
;
    }
    walls
    {
        type            zeroGradient;
    }
    frontAndBack
    {
        type            empty;
    }
}


// ************************************************************************* //
