/*--------------------------------*- C++ -*----------------------------------*\
| =========                 |                                                 |
| \\      /  F ield         | OpenFOAM: The Open Source CFD Toolbox           |
|  \\    /   O peration     | Version:  2506                                  |
|   \\  /    A nd           | Website:  www.openfoam.com                      |
|    \\/     M anipulation  |                                                 |
\*---------------------------------------------------------------------------*/
FoamFile
{
    version     2.0;
    format      ascii;
    arch        "LSB;label=32;scalar=64";
    class       surfaceScalarField;
    location    "3.3";
    object      phi;
}
// * * * * * * * * * * * * * * * * * * * * * * * * * * * * * * * * * * * * * //

dimensions      [0 3 -1 0 0 0 0];

oriented        oriented;

internalField   nonuniform List<scalar> 
7780
(
1.32955e-09
3.70569e-10
9.09455e-10
4.20085e-10
6.06882e-10
3.02645e-10
3.97765e-10
2.09169e-10
2.51983e-10
1.45782e-10
1.47958e-10
1.04022e-10
7.13238e-11
7.66314e-11
1.30241e-11
5.82969e-11
-3.2406e-11
4.54278e-11
-6.84262e-11
3.60185e-11
-9.73575e-11
2.89297e-11
-1.208e-10
2.34408e-11
-1.39954e-10
1.91527e-11
-1.55765e-10
1.58097e-11
-1.68989e-10
1.32229e-11
-1.80223e-10
1.12324e-11
-1.89951e-10
9.7263e-12
-1.98571e-10
8.6179e-12
-2.06402e-10
7.83037e-12
-2.13706e-10
7.30208e-12
-2.20673e-10
6.96523e-12
-2.27438e-10
6.76388e-12
-2.34093e-10
6.65364e-12
-2.40691e-10
6.59581e-12
-2.47245e-10
6.55144e-12
-2.53727e-10
6.48011e-12
-2.6007e-10
6.34003e-12
-2.66158e-10
6.08375e-12
-2.71803e-10
5.6405e-12
-2.76698e-10
4.88816e-12
-2.80301e-10
3.5947e-12
-2.81456e-10
1.14358e-12
-2.7879e-10
-2.67889e-12
-2.68798e-10
-1.00087e-11
-2.53041e-10
-1.57705e-11
-2.36036e-10
-1.70036e-11
-2.15813e-10
-2.02052e-11
-1.91178e-10
-2.46054e-11
-1.6271e-10
-2.8437e-11
-1.31385e-10
-3.13116e-11
-9.46398e-11
-3.67722e-11
-5.34045e-11
-4.13082e-11
-1.32563e-11
-4.02577e-11
2.39901e-11
-3.73801e-11
5.65125e-11
-3.26698e-11
8.43397e-11
-2.79814e-11
1.08572e-10
-2.4387e-11
1.26757e-10
-1.83295e-11
1.41299e-10
-1.46718e-11
1.51064e-10
-9.87294e-12
1.5551e-10
-4.52414e-12
1.56429e-10
-9.69405e-13
1.50328e-10
6.07447e-12
1.40549e-10
9.77318e-12
1.23892e-10
1.66628e-11
1.02364e-10
2.15383e-11
7.53573e-11
2.70163e-11
4.25301e-11
3.28352e-11
7.55552e-12
3.49861e-11
-3.2567e-11
4.01457e-11
-7.20701e-11
3.95428e-11
-1.11579e-10
3.95665e-11
-1.49311e-10
3.77982e-11
-1.84158e-10
3.49111e-11
-2.16216e-10
3.21102e-11
-2.44932e-10
2.87465e-11
-2.70667e-10
2.57333e-11
-2.93955e-10
2.32501e-11
-3.1473e-10
2.06998e-11
-3.33949e-10
1.91058e-11
-3.52043e-10
1.79452e-11
-3.68221e-10
1.60053e-11
-3.83775e-10
1.5361e-11
-3.97986e-10
1.40011e-11
-4.10664e-10
1.24635e-11
-4.2238e-10
1.15043e-11
-4.32674e-10
1.00862e-11
-4.41205e-10
8.33228e-12
-4.48537e-10
7.14925e-12
-4.54611e-10
5.90834e-12
-4.59373e-10
4.61726e-12
-4.63219e-10
3.72393e-12
-4.66324e-10
3.00619e-12
-4.68927e-10
2.52508e-12
-4.71577e-10
2.59174e-12
-4.74074e-10
2.45312e-12
-4.76374e-10
2.26609e-12
-4.79502e-10
3.10133e-12
-4.82576e-10
3.05241e-12
-4.85237e-10
2.64131e-12
-4.88886e-10
3.63212e-12
-4.9207e-10
3.16967e-12
-4.94622e-10
2.53799e-12
-4.98021e-10
3.38707e-12
-4.99446e-10
1.41482e-12
-5.02124e-10
2.66781e-12
-5.02352e-10
2.1863e-13
-5.03503e-10
1.14327e-12
-5.01749e-10
-1.76306e-12
-5.01351e-10
-4.05961e-13
-4.98004e-10
-3.35576e-12
-4.95113e-10
-2.8995e-12
-4.91099e-10
-4.02165e-12
-4.84974e-10
-6.13246e-12
-4.78782e-10
-6.19751e-12
-4.69638e-10
-9.14743e-12
-4.60822e-10
-8.81626e-12
-4.49463e-10
-1.13569e-11
-4.3701e-10
-1.24483e-11
-4.22789e-10
-1.42133e-11
-4.07082e-10
-1.56971e-11
-3.89475e-10
-1.75965e-11
-3.70553e-10
-1.89121e-11
-3.49276e-10
-2.12698e-11
-3.27404e-10
-2.18673e-11
-3.03729e-10
-2.36746e-11
-2.79077e-10
-2.46561e-11
-2.53676e-10
-2.54121e-11
-2.27554e-10
-2.61428e-11
-2.0122e-10
-2.63672e-11
-1.74933e-10
-2.63344e-11
-1.49016e-10
-2.5984e-11
-1.23866e-10
-2.52415e-11
-9.96005e-11
-2.43833e-11
-7.65611e-11
-2.31835e-11
-5.48826e-11
-2.18469e-11
-3.46764e-11
-2.03962e-11
-1.61986e-11
-1.86853e-11
6.4713e-13
-1.70676e-11
1.62155e-11
-1.58031e-11
2.98489e-11
-1.38801e-11
4.19941e-11
-1.24037e-11
5.32554e-11
-1.15313e-11
6.24304e-11
-9.45319e-12
7.02637e-11
-8.11534e-12
7.77145e-11
-7.73411e-12
8.20854e-11
-4.648e-12
8.59499e-11
-4.12654e-12
8.71326e-11
-1.41707e-12
8.62333e-11
7.07518e-13
8.22104e-11
3.88861e-12
7.44282e-11
7.71331e-12
6.19973e-11
1.24299e-11
4.52939e-11
1.67622e-11
2.25477e-11
2.28448e-11
-3.76514e-12
2.64295e-11
-3.67282e-11
3.307e-11
-7.25517e-11
3.59062e-11
-1.11096e-10
3.85953e-11
-1.51008e-10
3.99367e-11
-1.90228e-10
3.9228e-11
-2.28256e-10
3.8024e-11
-2.63791e-10
3.55274e-11
-2.95711e-10
3.19028e-11
-3.2488e-10
2.91408e-11
-3.49625e-10
2.46995e-11
-3.71868e-10
2.2182e-11
-3.88805e-10
1.6855e-11
-3.98541e-10
9.64076e-12
-3.94911e-10
-3.72123e-12
-4.18075e-10
2.31046e-11
-4.36234e-10
1.81169e-11
-4.46547e-10
1.02854e-11
-4.48304e-10
1.7395e-12
-4.47437e-10
-8.78754e-13
-4.41738e-10
-5.70933e-12
-4.34895e-10
-6.85449e-12
-4.14386e-10
-2.05214e-11
-3.84042e-10
-3.03554e-11
-3.51577e-10
-3.24756e-11
-3.21416e-10
-3.01712e-11
-2.96041e-10
-2.53845e-11
-2.76379e-10
-1.9669e-11
-2.62402e-10
-1.39838e-11
-2.53583e-10
-8.82438e-12
-2.49277e-10
-4.30984e-12
-2.48385e-10
-8.95268e-13
-2.49705e-10
1.3181e-12
-2.52363e-10
2.65644e-12
-2.55482e-10
3.11732e-12
-2.5846e-10
2.97733e-12
-2.60963e-10
2.50335e-12
-2.62548e-10
1.58461e-12
-2.63125e-10
5.76856e-13
-2.62771e-10
-3.53332e-13
-2.61705e-10
-1.06662e-12
-2.60157e-10
-1.54738e-12
-2.58524e-10
-1.63334e-12
-2.57237e-10
-1.28665e-12
-2.56564e-10
-6.72469e-13
-2.56771e-10
2.06897e-13
-2.5801e-10
1.23876e-12
-2.60287e-10
2.27649e-12
-2.6368e-10
3.39272e-12
-2.68148e-10
4.46788e-12
-2.73596e-10
5.44889e-12
-2.7993e-10
6.33379e-12
-2.87112e-10
7.18308e-12
-2.95492e-10
8.3804e-12
1.07965e-11
1.80496e-09
2.65616e-10
1.72738e-09
4.9767e-10
1.54052e-09
4.89495e-10
1.32455e-09
4.25137e-10
1.11902e-09
3.51286e-10
9.40242e-10
2.82784e-10
7.90242e-10
2.26624e-10
6.66199e-10
1.82336e-10
5.64144e-10
1.4748e-10
4.80058e-10
1.20103e-10
4.10559e-10
9.84273e-11
3.52919e-10
8.10793e-11
3.04849e-10
6.72212e-11
2.64416e-10
5.6242e-11
2.30014e-10
4.7623e-11
2.00305e-10
4.09401e-11
1.74159e-10
3.58706e-11
1.50634e-10
3.21413e-11
1.28951e-10
2.95116e-11
1.08474e-10
2.77771e-11
8.86879e-11
2.675e-11
6.91863e-11
2.62638e-11
4.96604e-11
2.61776e-11
2.98833e-11
2.63709e-11
9.69809e-12
2.67345e-11
-1.09905e-11
2.71662e-11
-3.22184e-11
2.75649e-11
-5.39567e-11
2.78183e-11
-7.60994e-11
2.77785e-11
-9.84424e-11
2.7225e-11
-1.20667e-10
2.58112e-11
-1.4252e-10
2.29871e-11
-1.63168e-10
1.79577e-11
-1.82865e-10
9.67699e-12
-1.88948e-10
-9.69974e-12
-1.69977e-10
-3.59852e-11
-1.30374e-10
-5.98109e-11
-7.56135e-11
-7.93589e-11
-8.57267e-12
-9.54587e-11
6.98217e-11
-1.09678e-10
1.61958e-10
-1.2888e-10
2.56888e-10
-1.36214e-10
3.45511e-10
-1.28867e-10
4.25965e-10
-1.17828e-10
4.96309e-10
-1.03012e-10
5.57422e-10
-8.9094e-11
6.10419e-10
-7.73853e-11
6.52906e-10
-6.08195e-11
6.87566e-10
-4.93378e-11
7.13325e-10
-3.5643e-11
7.29509e-10
-2.07167e-11
7.37095e-10
-8.56281e-12
7.32546e-10
1.06158e-11
7.18506e-10
2.38114e-11
6.90628e-10
4.45442e-11
6.51625e-10
6.05511e-11
6.00108e-10
7.85468e-11
5.35664e-10
9.7291e-11
4.63393e-10
1.07264e-10
3.78359e-10
1.25182e-10
2.89831e-10
1.28074e-10
1.97003e-10
1.32406e-10
1.03456e-10
1.31368e-10
1.26688e-11
1.25736e-10
-7.52523e-11
1.20083e-10
-1.5685e-10
1.10398e-10
-2.33559e-10
1.0249e-10
-3.03716e-10
9.34451e-11
-3.68566e-10
8.55754e-11
-4.27596e-10
7.81432e-11
-4.81248e-10
7.15887e-11
-5.3007e-10
6.4807e-11
-5.74285e-10
5.95397e-11
-6.14064e-10
5.37348e-11
-6.494e-10
4.77536e-11
-6.80535e-10
4.25891e-11
-7.07501e-10
3.7e-11
-7.30309e-10
3.1093e-11
-7.49234e-10
2.60327e-11
-7.6454e-10
2.11777e-11
-7.76464e-10
1.65126e-11
-7.85496e-10
1.27329e-11
-7.92135e-10
9.62923e-12
-7.9696e-10
7.33872e-12
-8.00545e-10
6.16748e-12
-8.03296e-10
5.19588e-12
-8.05411e-10
4.37258e-12
-8.07565e-10
5.24401e-12
-8.09558e-10
5.03323e-12
-8.11342e-10
4.41264e-12
-8.1304e-10
5.31859e-12
-8.14417e-10
4.53466e-12
-8.15038e-10
3.14802e-12
-8.15228e-10
3.56721e-12
-8.14047e-10
2.24449e-13
-8.12237e-10
8.49791e-13
-8.08145e-10
-3.88021e-12
-8.02954e-10
-4.05468e-12
-7.95454e-10
-9.26959e-12
-7.86583e-10
-9.28362e-12
-7.75289e-10
-1.46577e-11
-7.61864e-10
-1.63318e-11
-7.45589e-10
-2.03053e-11
-7.26977e-10
-2.47532e-11
-7.05788e-10
-2.73952e-11
-6.81421e-10
-3.35236e-11
-6.53598e-10
-3.66491e-11
-6.22372e-10
-4.25931e-11
-5.87439e-10
-4.73909e-11
-5.48927e-10
-5.27346e-11
-5.06764e-10
-5.787e-11
-4.61239e-10
-6.31296e-11
-4.124e-10
-6.77576e-11
-3.61013e-10
-7.26634e-11
-3.06885e-10
-7.60005e-11
-2.51083e-10
-7.94809e-11
-1.93936e-10
-8.1802e-11
-1.36003e-10
-8.33379e-11
-7.82919e-11
-8.38411e-11
-2.12494e-11
-8.33931e-11
3.46846e-11
-8.22467e-11
8.86994e-11
-7.99733e-11
1.40403e-10
-7.69199e-11
1.89626e-10
-7.35831e-11
2.3586e-10
-6.94002e-11
2.78977e-10
-6.49527e-11
3.18868e-10
-6.0281e-11
3.55486e-10
-5.53001e-11
3.89046e-10
-5.0625e-11
4.1978e-10
-4.65337e-11
4.47092e-10
-4.11863e-11
4.71867e-10
-3.71724e-11
4.94749e-10
-3.4409e-11
5.1418e-10
-2.88841e-11
5.3165e-10
-2.55892e-11
5.47528e-10
-2.36276e-11
5.58883e-10
-1.60329e-11
5.68315e-10
-1.3607e-11
5.73042e-10
-6.21176e-12
5.73542e-10
1.19746e-13
5.67788e-10
9.5418e-12
5.5408e-10
2.1318e-11
5.315e-10
3.49174e-11
4.99195e-10
4.89993e-11
4.53771e-10
6.82348e-11
3.99037e-10
8.11638e-11
3.29194e-10
1.02939e-10
2.50758e-10
1.14381e-10
1.63151e-10
1.2624e-10
6.84178e-11
1.34698e-10
-2.81904e-11
1.35852e-10
-1.27172e-10
1.37014e-10
-2.22521e-10
1.30879e-10
-3.15263e-10
1.24642e-10
-4.01545e-10
1.15418e-10
-4.81404e-10
1.04549e-10
-5.5276e-10
9.35228e-11
-6.14977e-10
7.90449e-11
-6.67713e-10
6.23485e-11
-7.08175e-10
3.67292e-11
-7.43675e-10
5.86046e-11
-7.66632e-10
4.10773e-11
-7.72006e-10
1.56656e-11
-7.57067e-10
-1.3194e-11
-7.22137e-10
-3.58046e-11
-6.67183e-10
-6.06627e-11
-5.94784e-10
-7.92578e-11
-5.10217e-10
-1.05095e-10
-4.23455e-10
-1.17125e-10
-3.41962e-10
-1.13977e-10
-2.7032e-10
-1.01823e-10
-2.10755e-10
-8.49589e-11
-1.63979e-10
-6.64536e-11
-1.29435e-10
-4.85345e-11
-1.05598e-10
-3.26669e-11
-9.02985e-11
-1.96131e-11
-8.13491e-11
-9.8474e-12
-7.67729e-11
-3.25999e-12
-7.43364e-11
2.18949e-13
-7.26234e-11
1.40394e-12
-7.03167e-11
6.7059e-13
-6.66954e-11
-1.11746e-12
-6.1334e-11
-3.77616e-12
-5.42589e-11
-6.49753e-12
-4.5836e-11
-8.77554e-12
-3.66698e-11
-1.02325e-11
-2.75584e-11
-1.0659e-11
-1.92545e-11
-9.93753e-12
-1.24343e-11
-8.10731e-12
-7.74278e-12
-5.36467e-12
-5.55399e-12
-1.98271e-12
-6.14075e-12
1.8246e-12
-9.53212e-12
5.66696e-12
-1.55056e-11
9.36543e-12
-2.37487e-11
1.27104e-11
-3.38648e-11
1.55647e-11
-4.54318e-11
1.79012e-11
-5.80684e-11
1.9821e-11
-7.14193e-11
2.17323e-11
2.46334e-11
1.80379e-09
1.61797e-10
1.91487e-09
3.86663e-10
1.93185e-09
4.72481e-10
1.87517e-09
4.8173e-10
1.77665e-09
4.49746e-10
1.65831e-09
4.01089e-10
1.53657e-09
3.48353e-10
1.42126e-09
2.97654e-10
1.31657e-09
2.52165e-10
1.22356e-09
2.13111e-10
1.14206e-09
1.79924e-10
1.07125e-09
1.51886e-10
1.00985e-09
1.28617e-10
9.56472e-10
1.09621e-10
9.09787e-10
9.43063e-11
8.68572e-10
8.21542e-11
8.3168e-10
7.27613e-11
7.98085e-10
6.57354e-11
7.66895e-10
6.07e-11
7.37332e-10
5.7339e-11
7.0872e-10
5.53601e-11
6.80488e-10
5.44949e-11
6.52154e-10
5.45103e-11
6.23321e-10
5.52029e-11
5.93662e-10
5.63922e-11
5.62909e-10
5.79175e-11
5.30843e-10
5.96283e-11
4.97289e-10
6.13695e-11
4.62107e-10
6.2957e-11
4.25183e-10
6.41441e-11
3.86402e-10
6.45858e-11
3.4557e-10
6.38113e-11
3.02433e-10
6.10853e-11
2.53522e-10
5.8579e-11
2.19106e-10
2.47047e-11
2.21606e-10
-3.84977e-11
2.55151e-10
-9.33658e-11
3.11301e-10
-1.35506e-10
3.86701e-10
-1.70838e-10
4.79591e-10
-2.02524e-10
5.90578e-10
-2.39805e-10
7.04377e-10
-2.49946e-10
8.1205e-10
-2.36479e-10
9.1116e-10
-2.16886e-10
9.99415e-10
-1.91221e-10
1.07769e-09
-1.67325e-10
1.14697e-09
-1.46628e-10
1.20512e-09
-1.18933e-10
1.25444e-09
-9.86358e-11
1.29392e-09
-7.51289e-11
1.32307e-09
-4.98668e-11
1.34214e-09
-2.76502e-11
1.34814e-09
4.58523e-12
1.34298e-09
2.89502e-11
1.32265e-09
6.48505e-11
1.2886e-09
9.4581e-11
1.23915e-09
1.27993e-10
1.1731e-09
1.63334e-10
1.09432e-09
1.86044e-10
9.97312e-10
2.22177e-10
8.90651e-10
2.34715e-10
7.73241e-10
2.49787e-10
6.49254e-10
2.55327e-10
5.22882e-10
2.52094e-10
3.94634e-10
2.48335e-10
2.70548e-10
2.34501e-10
1.4973e-10
2.2334e-10
3.66933e-11
2.06522e-10
-6.96387e-11
1.91945e-10
-1.67914e-10
1.76448e-10
-2.57895e-10
1.61592e-10
-3.40842e-10
1.47766e-10
-4.15508e-10
1.34209e-10
-4.82893e-10
1.21123e-10
-5.43159e-10
1.08018e-10
-5.96084e-10
9.55059e-11
-6.4215e-10
8.30591e-11
-6.81684e-10
7.06229e-11
-7.14693e-10
5.90421e-11
-7.41631e-10
4.81202e-11
-7.62971e-10
3.78602e-11
-7.79176e-10
2.89478e-11
-7.90894e-10
2.13603e-11
-7.98799e-10
1.52579e-11
-8.03642e-10
1.10223e-11
-8.06207e-10
7.76967e-12
-8.07233e-10
5.40359e-12
-8.0698e-10
4.99087e-12
-8.0597e-10
4.02141e-12
-8.04337e-10
2.77532e-12
-8.01854e-10
2.83094e-12
-7.98439e-10
1.11391e-12
-7.94212e-10
-1.08312e-12
-7.8839e-10
-2.25911e-12
-7.81369e-10
-6.80057e-12
-7.72009e-10
-8.51292e-12
-7.6155e-10
-1.43431e-11
-7.48487e-10
-1.71208e-11
-7.33895e-10
-2.3866e-11
-7.16329e-10
-2.68551e-11
-6.9677e-10
-3.42226e-11
-6.74076e-10
-3.90327e-11
-6.48335e-10
-4.60539e-11
-6.19469e-10
-5.36288e-11
-5.86471e-10
-6.04023e-11
-5.49983e-10
-7.00216e-11
-5.08567e-10
-7.80763e-11
-4.62938e-10
-8.8234e-11
-4.12455e-10
-9.78871e-11
-3.57329e-10
-1.07873e-10
-2.97597e-10
-1.17616e-10
-2.33779e-10
-1.26962e-10
-1.65997e-10
-1.35552e-10
-9.56241e-11
-1.43046e-10
-2.21221e-11
-1.49511e-10
5.25796e-11
-1.54189e-10
1.28096e-10
-1.57319e-10
2.03829e-10
-1.59064e-10
2.78454e-10
-1.5845e-10
3.51531e-10
-1.56444e-10
4.2258e-10
-1.53258e-10
4.90616e-10
-1.47964e-10
5.55315e-10
-1.41565e-10
6.16603e-10
-1.34812e-10
6.73987e-10
-1.26723e-10
7.27454e-10
-1.18358e-10
7.77e-10
-1.09766e-10
8.22682e-10
-1.0092e-10
8.6487e-10
-9.27473e-11
9.03863e-10
-8.54556e-11
9.39229e-10
-7.64746e-11
9.71835e-10
-6.96935e-11
1.00236e-09
-6.48479e-11
1.02935e-09
-5.57857e-11
1.05445e-09
-5.06023e-11
1.07757e-09
-4.66717e-11
1.09633e-09
-3.47362e-11
1.11276e-09
-3.00074e-11
1.12436e-09
-1.78204e-11
1.13035e-09
-5.91521e-12
1.13009e-09
9.71716e-12
1.12112e-09
3.01649e-11
1.10215e-09
5.37463e-11
1.07152e-09
7.94863e-11
1.02608e-09
1.13547e-10
9.67862e-10
1.39302e-10
8.90893e-10
1.79869e-10
8.00322e-10
2.0495e-10
6.9513e-10
2.3145e-10
5.76502e-10
2.53347e-10
4.5017e-10
2.622e-10
3.14145e-10
2.73045e-10
1.77808e-10
2.67214e-10
3.96248e-11
2.62816e-10
-9.29017e-11
2.47933e-10
-2.21085e-10
2.32721e-10
-3.391e-10
2.11529e-10
-4.46596e-10
1.86536e-10
-5.398e-10
1.55558e-10
-6.18414e-10
1.15361e-10
-6.57551e-10
9.77677e-11
-6.71794e-10
5.53455e-11
-6.58999e-10
2.89237e-12
-6.17986e-10
-5.41879e-11
-5.46055e-10
-1.07719e-10
-4.47202e-10
-1.59502e-10
-3.23344e-10
-2.03108e-10
-1.95119e-10
-2.3332e-10
-7.46048e-11
-2.37643e-10
3.43552e-11
-2.22943e-10
1.29039e-10
-1.96514e-10
2.08061e-10
-1.6399e-10
2.71445e-10
-1.29847e-10
3.20324e-10
-9.74227e-11
3.56617e-10
-6.8967e-11
3.82776e-10
-4.57771e-11
4.01339e-10
-2.84153e-11
4.149e-10
-1.68242e-11
4.25637e-10
-1.05201e-11
4.35632e-10
-8.5923e-12
4.4627e-10
-9.96771e-12
4.58618e-10
-1.34641e-11
4.72884e-10
-1.80413e-11
4.88963e-10
-2.2575e-11
5.06332e-10
-2.61428e-11
5.24158e-10
-2.80569e-11
5.41435e-10
-2.79345e-11
5.57144e-10
-2.56471e-11
5.7035e-10
-2.13128e-11
5.80267e-10
-1.52819e-11
5.86342e-10
-8.0584e-12
5.8836e-10
-1.94231e-13
5.86366e-10
7.65971e-12
5.80662e-10
1.50686e-11
5.71769e-10
2.16028e-11
5.60336e-10
2.69967e-11
5.47085e-10
3.11524e-11
5.32757e-10
3.41501e-11
5.18199e-10
3.6292e-11
3.91522e-11
1.76539e-09
9.64814e-11
1.88742e-09
2.64632e-10
1.98798e-09
3.71935e-10
2.04916e-09
4.20487e-10
2.0679e-09
4.30918e-10
2.05018e-09
4.18769e-10
2.0095e-09
3.89014e-10
1.95553e-09
3.51632e-10
1.89517e-09
3.12527e-10
1.83297e-09
2.75306e-10
1.77234e-09
2.40555e-10
1.71508e-09
2.09146e-10
1.66179e-09
1.81903e-10
1.61262e-09
1.58787e-10
1.56748e-09
1.39448e-10
1.52603e-09
1.23606e-10
1.48773e-09
1.11059e-10
1.452e-09
1.0146e-10
1.41829e-09
9.44145e-11
1.386e-09
8.96251e-11
1.35458e-09
8.67798e-11
1.32349e-09
8.5581e-11
1.29224e-09
8.57636e-11
1.26035e-09
8.70869e-11
1.22741e-09
8.93312e-11
1.19303e-09
9.23025e-11
1.15683e-09
9.58265e-11
1.11846e-09
9.97356e-11
1.07757e-09
1.0385e-10
1.03376e-09
1.07952e-10
9.86573e-10
1.11765e-10
9.35432e-10
1.14948e-10
8.79439e-10
1.17074e-10
8.14427e-10
1.23585e-10
7.60561e-10
7.8563e-11
7.42727e-10
-2.06768e-11
7.57743e-10
-1.08395e-10
7.99237e-10
-1.77005e-10
8.64038e-10
-2.35628e-10
9.4932e-10
-2.87769e-10
1.05388e-09
-3.44304e-10
1.16269e-09
-3.58668e-10
1.26865e-09
-3.42368e-10
1.36835e-09
-3.16511e-10
1.45905e-09
-2.81861e-10
1.54124e-09
-2.49455e-10
1.61559e-09
-2.20921e-10
1.68033e-09
-1.83627e-10
1.7369e-09
-1.55182e-10
1.78491e-09
-1.23127e-10
1.82362e-09
-8.85885e-11
1.85293e-09
-5.69809e-11
1.87099e-09
-1.35082e-11
1.8787e-09
2.11969e-11
1.87326e-09
7.02451e-11
1.85507e-09
1.12728e-10
1.82254e-09
1.60491e-10
1.77395e-09
2.11906e-10
1.71147e-09
2.4851e-10
1.62979e-09
3.03828e-10
1.53491e-09
3.29564e-10
1.42489e-09
3.59762e-10
1.30302e-09
3.7714e-10
1.17269e-09
3.82363e-10
1.03489e-09
3.86094e-10
8.95715e-10
3.73649e-10
7.54956e-10
3.64099e-10
6.18302e-10
3.43196e-10
4.85892e-10
3.24386e-10
3.60381e-10
3.01998e-10
2.43186e-10
2.78827e-10
1.3321e-10
2.5778e-10
3.2862e-11
2.34591e-10
-5.90548e-11
2.13069e-10
-1.42673e-10
1.91656e-10
-2.17201e-10
1.70048e-10
-2.83251e-10
1.49123e-10
-3.41236e-10
1.2862e-10
-3.90968e-10
1.08788e-10
-4.32896e-10
9.00632e-11
-4.67674e-10
7.26538e-11
-4.95695e-10
5.69868e-11
-5.17708e-10
4.33932e-11
-5.34526e-10
3.20951e-11
-5.46831e-10
2.3344e-11
-5.55801e-10
1.6751e-11
-5.62388e-10
1.19971e-11
-5.66696e-10
9.30178e-12
-5.69858e-10
7.18327e-12
-5.72367e-10
5.28197e-12
-5.73501e-10
3.96278e-12
-5.74007e-10
1.61714e-12
-5.73332e-10
-1.7597e-12
-5.70573e-10
-5.02069e-12
-5.66581e-10
-1.07946e-11
-5.5945e-10
-1.56466e-11
-5.50511e-10
-2.32845e-11
-5.37829e-10
-2.98059e-11
-5.22654e-10
-3.90453e-11
-5.02797e-10
-4.67168e-11
-4.79733e-10
-5.72928e-11
-4.51667e-10
-6.71046e-11
-4.19002e-10
-7.87269e-11
-3.81443e-10
-9.11952e-11
-3.37788e-10
-1.04067e-10
-2.89191e-10
-1.18629e-10
-2.34086e-10
-1.33193e-10
-1.7368e-10
-1.48652e-10
-1.07555e-10
-1.64026e-10
-3.62758e-11
-1.79166e-10
3.96834e-11
-1.9359e-10
1.19527e-10
-2.0682e-10
2.02782e-10
-2.1882e-10
2.87783e-10
-2.2806e-10
3.74898e-10
-2.36636e-10
4.61936e-10
-2.41233e-10
5.4848e-10
-2.43866e-10
6.33896e-10
-2.44479e-10
7.16877e-10
-2.41419e-10
7.97063e-10
-2.36609e-10
8.74104e-10
-2.30266e-10
9.47156e-10
-2.20971e-10
1.0161e-09
-2.10451e-10
1.08097e-09
-1.99621e-10
1.14148e-09
-1.8717e-10
1.19779e-09
-1.74598e-10
1.25002e-09
-1.61922e-10
1.29835e-09
-1.49179e-10
1.34322e-09
-1.3754e-10
1.38496e-09
-1.27117e-10
1.42343e-09
-1.14852e-10
1.45928e-09
-1.05442e-10
1.49319e-09
-9.86534e-11
1.52402e-09
-8.65142e-11
1.55328e-09
-7.97541e-11
1.58049e-09
-7.3766e-11
1.60419e-09
-5.83513e-11
1.62546e-09
-5.11943e-11
1.64259e-09
-3.49076e-11
1.65471e-09
-1.80414e-11
1.66108e-09
3.29514e-12
1.6596e-09
3.15456e-11
1.64928e-09
6.39186e-11
1.62812e-09
1.00482e-10
1.59369e-09
1.47811e-10
1.54646e-09
1.86387e-10
1.48133e-09
2.44904e-10
1.40106e-09
2.85158e-10
1.30417e-09
3.28326e-10
1.1902e-09
3.6732e-10
1.06392e-09
3.88486e-10
9.22147e-10
4.14814e-10
7.73896e-10
4.15456e-10
6.16819e-10
4.19876e-10
4.60037e-10
4.04697e-10
3.02185e-10
3.90559e-10
1.51323e-10
3.62386e-10
8.71228e-12
3.29152e-10
-1.17005e-10
2.81292e-10
-2.23682e-10
2.22064e-10
-2.67592e-10
1.41713e-10
-2.74704e-10
6.24935e-11
-2.48258e-10
-2.3524e-11
-1.89493e-10
-1.12927e-10
-9.46952e-11
-2.02493e-10
2.81281e-11
-2.82302e-10
1.75543e-10
-3.50504e-10
3.19786e-10
-3.77551e-10
4.49905e-10
-3.67759e-10
5.65141e-10
-3.3818e-10
6.64845e-10
-2.9622e-10
7.48909e-10
-2.4806e-10
8.17917e-10
-1.98863e-10
8.73113e-10
-1.52627e-10
9.16277e-10
-1.1214e-10
9.49584e-10
-7.90917e-11
9.75405e-10
-5.42425e-11
9.96129e-10
-3.75532e-11
1.01395e-09
-2.83419e-11
1.03078e-09
-2.54236e-11
1.04809e-09
-2.7282e-11
1.06688e-09
-3.22525e-11
1.08752e-09
-3.86796e-11
1.10992e-09
-4.49803e-11
1.13358e-09
-4.97991e-11
1.15762e-09
-5.20931e-11
1.18099e-09
-5.12979e-11
1.20256e-09
-4.72196e-11
1.22126e-09
-4.00073e-11
1.23615e-09
-3.01733e-11
1.24657e-09
-1.84716e-11
1.25215e-09
-5.7813e-12
1.25286e-09
6.95646e-12
1.24899e-09
1.89324e-11
1.24112e-09
2.94685e-11
1.23002e-09
3.81022e-11
1.21656e-09
4.46055e-11
1.20172e-09
4.89947e-11
1.18657e-09
5.14447e-11
5.38748e-11
1.73753e-09
5.90229e-11
1.8263e-09
1.75904e-10
1.93146e-09
2.66792e-10
2.02666e-09
3.25231e-10
2.10181e-09
3.55698e-10
2.15592e-09
3.64633e-10
2.18843e-09
3.5648e-10
2.20121e-09
3.38829e-10
2.1981e-09
3.15662e-10
2.18436e-09
2.89047e-10
2.16379e-09
2.61115e-10
2.13888e-09
2.34063e-10
2.1111e-09
2.09683e-10
2.0819e-09
1.8798e-10
2.05238e-09
1.68965e-10
2.02314e-09
1.5285e-10
1.99433e-09
1.39865e-10
1.96606e-09
1.29738e-10
1.93832e-09
1.22154e-10
1.91095e-09
1.16996e-10
1.88371e-09
1.14011e-10
1.85634e-09
1.12959e-10
1.82847e-09
1.13632e-10
1.79973e-09
1.15823e-10
1.76974e-09
1.19326e-10
1.73808e-09
1.23959e-10
1.70434e-09
1.29562e-10
1.66809e-09
1.35988e-10
1.62885e-09
1.43092e-10
1.58608e-09
1.50719e-10
1.53915e-09
1.58692e-10
1.48729e-09
1.6681e-10
1.42941e-09
1.74949e-10
1.36173e-09
1.91264e-10
1.30031e-09
1.39976e-10
1.26688e-09
1.2743e-11
1.26201e-09
-1.03547e-10
1.28327e-09
-1.98273e-10
1.32868e-09
-2.81045e-10
1.39504e-09
-3.54111e-10
1.48008e-09
-4.29293e-10
1.57131e-09
-4.49827e-10
1.6638e-09
-4.34775e-10
1.75301e-09
-4.05653e-10
1.83588e-09
-3.64667e-10
1.91243e-09
-3.25944e-10
1.98299e-09
-2.91432e-10
2.04622e-09
-2.46811e-10
2.10261e-09
-2.11536e-10
2.1528e-09
-1.73307e-10
2.19538e-09
-1.31185e-10
2.23026e-09
-9.18824e-11
2.25695e-09
-4.02381e-11
2.27556e-09
2.54109e-12
2.28458e-09
6.11756e-11
2.28383e-09
1.13431e-10
2.27221e-09
1.72064e-10
2.24803e-09
2.36059e-10
2.21206e-09
2.84454e-10
2.16005e-09
3.55818e-10
2.095e-09
3.94591e-10
2.01439e-09
4.40323e-10
1.91986e-09
4.71604e-10
1.81302e-09
4.89131e-10
1.69446e-09
5.04577e-10
1.56875e-09
4.993e-10
1.43613e-09
4.96674e-10
1.30181e-09
4.77493e-10
1.1668e-09
4.5939e-10
1.03431e-09
4.34507e-10
9.06795e-10
4.06376e-10
7.83894e-10
3.8072e-10
6.68857e-10
3.49673e-10
5.6111e-10
3.20861e-10
4.60867e-10
2.91941e-10
3.69255e-10
2.61695e-10
2.85772e-10
2.32636e-10
2.10157e-10
2.04262e-10
1.4271e-10
1.76261e-10
8.31937e-11
1.49604e-10
3.10071e-11
1.24864e-10
-1.40129e-11
1.0203e-10
-5.24618e-11
8.18649e-11
-8.50016e-11
6.46558e-11
-1.12098e-10
5.04575e-11
-1.34951e-10
3.96155e-11
-1.54576e-10
3.16298e-11
-1.71001e-10
2.57292e-11
-1.85721e-10
2.19036e-11
-1.99338e-10
1.8898e-11
-2.11233e-10
1.58562e-11
-2.22127e-10
1.25087e-11
-2.31909e-10
8.01996e-12
-2.39015e-10
2.08323e-12
-2.44454e-10
-5.35844e-12
-2.45641e-10
-1.44637e-11
-2.43873e-10
-2.50563e-11
-2.36596e-10
-3.70863e-11
-2.25213e-10
-5.04334e-11
-2.06825e-10
-6.51093e-11
-1.83179e-10
-8.09453e-11
-1.52089e-10
-9.82002e-11
-1.14239e-10
-1.16584e-10
-6.93198e-11
-1.36122e-10
-1.63378e-11
-1.57057e-10
4.3144e-11
-1.7812e-10
1.10384e-10
-2.00443e-10
1.83703e-10
-2.21982e-10
2.63008e-10
-2.43343e-10
3.47344e-10
-2.63515e-10
4.3569e-10
-2.8195e-10
5.26991e-10
-2.98135e-10
6.20351e-10
-3.12194e-10
7.1401e-10
-3.21732e-10
8.08042e-10
-3.3068e-10
9.00328e-10
-3.33529e-10
9.90444e-10
-3.33989e-10
1.07783e-09
-3.31865e-10
1.1614e-09
-3.24989e-10
1.24097e-09
-3.16165e-10
1.31641e-09
-3.05674e-10
1.38714e-09
-2.91671e-10
1.45332e-09
-2.76585e-10
1.51513e-09
-2.61373e-10
1.57254e-09
-2.44522e-10
1.62586e-09
-2.27855e-10
1.67533e-09
-2.1133e-10
1.72126e-09
-1.95049e-10
1.7641e-09
-1.80323e-10
1.80419e-09
-1.67137e-10
1.84162e-09
-1.5221e-10
1.87675e-09
-1.40499e-10
1.91024e-09
-1.32059e-10
1.94138e-09
-1.17565e-10
1.97129e-09
-1.09573e-10
1.99918e-09
-1.0155e-10
2.02461e-09
-8.36923e-11
2.04772e-09
-7.42225e-11
2.0678e-09
-5.49229e-11
2.08386e-09
-3.40779e-11
2.09568e-09
-8.53431e-12
2.1013e-09
2.58591e-11
2.10044e-09
6.46709e-11
2.09108e-09
1.09696e-10
2.07186e-09
1.66872e-10
2.04207e-09
2.16016e-10
1.99825e-09
2.88588e-10
1.94086e-09
3.42448e-10
1.86842e-09
4.00717e-10
1.77895e-09
4.5677e-10
1.67548e-09
4.91941e-10
1.55386e-09
5.3643e-10
1.42101e-09
5.48292e-10
1.27368e-09
5.67183e-10
1.11998e-09
5.58364e-10
9.58172e-10
5.52342e-10
7.96511e-10
5.2403e-10
6.38152e-10
4.87508e-10
4.98104e-10
4.21356e-10
3.74426e-10
3.45772e-10
3.25462e-10
1.90721e-10
3.18706e-10
6.92933e-11
3.49131e-10
-5.39117e-11
4.13058e-10
-1.76823e-10
5.13538e-10
-3.02942e-10
6.3928e-10
-4.08014e-10
7.84761e-10
-4.95954e-10
9.21758e-10
-5.14522e-10
1.04169e-09
-4.87674e-10
1.14593e-09
-4.42405e-10
1.23547e-09
-3.85757e-10
1.31133e-09
-3.23929e-10
1.37464e-09
-2.62177e-10
1.42669e-09
-2.04678e-10
1.46897e-09
-1.5443e-10
1.50319e-09
-1.13322e-10
1.53119e-09
-8.22461e-11
1.55483e-09
-6.12003e-11
1.5759e-09
-4.94184e-11
1.59599e-09
-4.55171e-11
1.61638e-09
-4.76763e-11
1.63796e-09
-5.38365e-11
1.66117e-09
-6.18854e-11
1.68599e-09
-6.98067e-11
1.71204e-09
-7.58409e-11
1.7385e-09
-7.85441e-11
1.76443e-09
-7.72235e-11
1.78877e-09
-7.15582e-11
1.81041e-09
-6.16457e-11
1.82837e-09
-4.81271e-11
1.84186e-09
-3.19641e-11
1.85039e-09
-1.43133e-11
1.85377e-09
3.58072e-12
1.85215e-09
2.05472e-11
1.84601e-09
3.56046e-11
1.83607e-09
4.80428e-11
1.82322e-09
5.7453e-11
1.80847e-09
6.37477e-11
1.79292e-09
6.69913e-11
6.91094e-11
1.72185e-09
3.72225e-11
1.78181e-09
1.15994e-10
1.86438e-09
1.84238e-10
1.95512e-09
2.34462e-10
2.04328e-09
2.67482e-10
2.12237e-09
2.85505e-10
2.18818e-09
2.90653e-10
2.24076e-09
2.86265e-10
2.28121e-09
2.75213e-10
2.31069e-09
2.59566e-10
2.32959e-09
2.42217e-10
2.33914e-09
2.24515e-10
2.34209e-09
2.06724e-10
2.33997e-09
1.90104e-10
2.33404e-09
1.74893e-10
2.32512e-09
1.61774e-10
2.31369e-09
1.51291e-10
2.30046e-09
1.42963e-10
2.28588e-09
1.36735e-10
2.27014e-09
1.32737e-10
2.25334e-09
1.30818e-10
2.23549e-09
1.308e-10
2.21651e-09
1.3262e-10
2.19618e-09
1.3615e-10
2.17426e-09
1.41245e-10
2.15044e-09
1.47781e-10
2.12435e-09
1.55649e-10
2.09558e-09
1.64755e-10
2.06366e-09
1.75013e-10
2.02803e-09
1.86348e-10
1.98804e-09
1.98683e-10
1.9429e-09
2.11953e-10
1.89159e-09
2.26254e-10
1.83116e-09
2.51701e-10
1.77225e-09
1.98885e-10
1.73088e-09
5.41007e-11
1.71096e-09
-8.36493e-11
1.71381e-09
-2.01139e-10
1.73896e-09
-3.06219e-10
1.78352e-09
-3.98664e-10
1.84496e-09
-4.90709e-10
1.9142e-09
-5.19023e-10
1.98821e-09
-5.0871e-10
2.0615e-09
-4.78877e-10
2.13078e-09
-4.33892e-10
2.19572e-09
-3.90834e-10
2.25642e-09
-3.52092e-10
2.31194e-09
-3.02303e-10
2.36246e-09
-2.62037e-10
2.40842e-09
-2.1924e-10
2.44882e-09
-1.71588e-10
2.48388e-09
-1.26982e-10
2.51371e-09
-7.00951e-11
2.53806e-09
-2.18578e-11
2.5567e-09
4.24847e-11
2.56918e-09
1.00911e-10
2.57508e-09
1.6612e-10
2.57314e-09
2.37973e-10
2.56326e-09
2.94321e-10
2.54279e-09
3.76282e-10
2.51229e-09
4.25082e-10
2.46925e-09
4.83332e-10
2.41382e-09
5.26989e-10
2.34581e-09
5.57072e-10
2.26518e-09
5.85126e-10
2.17401e-09
5.90391e-10
2.07253e-09
5.98071e-10
1.96417e-09
5.85788e-10
1.8502e-09
5.73319e-10
1.73329e-09
5.51392e-10
1.61626e-09
5.23395e-10
1.49936e-09
4.97629e-10
1.38615e-09
4.62911e-10
1.2767e-09
4.30344e-10
1.17175e-09
3.96928e-10
1.07279e-09
3.60691e-10
9.79671e-10
3.25794e-10
8.92516e-10
2.91456e-10
8.11725e-10
2.57093e-10
7.37365e-10
2.24002e-10
6.6904e-10
1.93228e-10
6.06898e-10
1.6421e-10
5.50669e-10
1.3813e-10
5.0002e-10
1.15338e-10
4.54831e-10
9.56731e-11
4.14217e-10
8.02487e-11
3.77376e-10
6.84849e-11
3.44514e-10
5.85991e-11
3.1409e-10
5.23322e-11
2.85563e-10
4.74276e-11
2.59345e-10
4.20754e-11
2.34726e-10
3.71268e-11
2.11629e-10
3.11164e-11
1.91995e-10
2.17151e-11
1.74698e-10
1.19359e-11
1.62795e-10
-2.56326e-12
1.55253e-10
-1.75186e-11
1.55187e-10
-3.70232e-11
1.61172e-10
-5.64232e-11
1.76642e-10
-8.05829e-11
1.99581e-10
-1.03889e-10
2.32437e-10
-1.31061e-10
2.74125e-10
-1.58277e-10
3.24777e-10
-1.86779e-10
3.84976e-10
-2.17263e-10
4.52719e-10
-2.4587e-10
5.28709e-10
-2.7644e-10
6.1082e-10
-3.04103e-10
6.98333e-10
-3.30867e-10
7.89977e-10
-3.5517e-10
8.84195e-10
-3.7618e-10
9.7978e-10
-3.93733e-10
1.0755e-09
-4.07923e-10
1.16964e-09
-4.15895e-10
1.26211e-09
-4.23162e-10
1.35104e-09
-4.22465e-10
1.43609e-09
-4.19053e-10
1.51692e-09
-4.127e-10
1.5928e-09
-4.00871e-10
1.66378e-09
-3.87137e-10
1.73001e-09
-3.71885e-10
1.79125e-09
-3.52891e-10
1.84793e-09
-3.33228e-10
1.90038e-09
-3.13776e-10
1.94882e-09
-2.92912e-10
1.99368e-09
-2.72659e-10
2.03529e-09
-2.52885e-10
2.07404e-09
-2.33759e-10
2.11038e-09
-2.16619e-10
2.14459e-09
-2.01301e-10
2.17692e-09
-1.84491e-10
2.20743e-09
-1.70962e-10
2.23677e-09
-1.61346e-10
2.26471e-09
-1.45441e-10
2.29174e-09
-1.36548e-10
2.31681e-09
-1.26563e-10
2.34054e-09
-1.0736e-10
2.36234e-09
-9.59614e-11
2.38231e-09
-7.48389e-11
2.39941e-09
-5.11388e-11
2.41392e-09
-2.3031e-11
2.42437e-09
1.53864e-11
2.43095e-09
5.80217e-11
2.43199e-09
1.08549e-10
2.42724e-09
1.71495e-10
2.41523e-09
2.27877e-10
2.39445e-09
3.09237e-10
2.36359e-09
3.73207e-10
2.32166e-09
4.42581e-10
2.26582e-09
5.12577e-10
2.19744e-09
5.60294e-10
2.11198e-09
6.21886e-10
2.01349e-09
6.46758e-10
1.89811e-09
6.82537e-10
1.77137e-09
6.85066e-10
1.63076e-09
6.92914e-10
1.48288e-09
6.7187e-10
1.33206e-09
6.38307e-10
1.19729e-09
5.56127e-10
1.0765e-09
4.66585e-10
1.02558e-09
2.41677e-10
1.01649e-09
7.8433e-11
1.04404e-09
-8.14118e-11
1.10322e-09
-2.35967e-10
1.19577e-09
-3.95451e-10
1.30829e-09
-5.205e-10
1.43412e-09
-6.21742e-10
1.54834e-09
-6.28706e-10
1.64512e-09
-5.84419e-10
1.72712e-09
-5.2439e-10
1.79639e-09
-4.55011e-10
1.8547e-09
-3.82241e-10
1.90361e-09
-3.11087e-10
1.94449e-09
-2.4556e-10
1.97864e-09
-1.88585e-10
2.00734e-09
-1.42033e-10
2.03188e-09
-1.06796e-10
2.05354e-09
-8.28659e-11
2.07353e-09
-6.94227e-11
2.09298e-09
-6.49682e-11
2.11279e-09
-6.7493e-11
2.13362e-09
-7.46773e-11
2.15583e-09
-8.40959e-11
2.17943e-09
-9.34051e-11
2.20413e-09
-1.00538e-10
2.22916e-09
-1.03563e-10
2.25382e-09
-1.0187e-10
2.27724e-09
-9.49702e-11
2.29837e-09
-8.27728e-11
2.3163e-09
-6.60654e-11
2.33028e-09
-4.59398e-11
2.33973e-09
-2.3763e-11
2.34436e-09
-1.04725e-12
2.34417e-09
2.07324e-11
2.33948e-09
4.02959e-11
2.33085e-09
5.66765e-11
2.31904e-09
6.92607e-11
2.30496e-09
7.78245e-11
2.28961e-09
8.23436e-11
8.44784e-11
1.71378e-09
2.34859e-11
1.75456e-09
7.52631e-11
1.81591e-09
1.22899e-10
1.89028e-09
1.60069e-10
1.97021e-09
1.87511e-10
2.05018e-09
2.05504e-10
2.12594e-09
2.14891e-10
2.19493e-09
2.17275e-10
2.25577e-09
2.14369e-10
2.3077e-09
2.07641e-10
2.35128e-09
1.98635e-10
2.38734e-09
1.88454e-10
2.41632e-09
1.7775e-10
2.43913e-09
1.67287e-10
2.45589e-09
1.58125e-10
2.46737e-09
1.50304e-10
2.47509e-09
1.43573e-10
2.47969e-09
1.3836e-10
2.48145e-09
1.34974e-10
2.48069e-09
1.335e-10
2.47772e-09
1.33787e-10
2.47282e-09
1.35694e-10
2.46603e-09
1.39408e-10
2.45735e-09
1.44836e-10
2.44667e-09
1.51922e-10
2.43383e-09
1.60625e-10
2.41856e-09
1.70912e-10
2.40056e-09
1.82762e-10
2.3794e-09
1.96166e-10
2.35462e-09
2.11126e-10
2.32565e-09
2.27659e-10
2.29179e-09
2.45811e-10
2.25221e-09
2.65837e-10
2.20487e-09
2.9904e-10
2.15527e-09
2.48492e-10
2.11323e-09
9.61333e-11
2.08482e-09
-5.52647e-11
2.07434e-09
-1.90679e-10
2.08261e-09
-3.14511e-10
2.10729e-09
-4.23367e-10
2.14618e-09
-5.29593e-10
2.19368e-09
-5.66488e-10
2.24833e-09
-5.63315e-10
2.30399e-09
-5.34489e-10
2.35729e-09
-4.87142e-10
2.40767e-09
-4.41171e-10
2.45509e-09
-3.99492e-10
2.499e-09
-3.462e-10
2.54017e-09
-3.03195e-10
2.57691e-09
-2.55967e-10
2.61061e-09
-2.05286e-10
2.64106e-09
-1.57443e-10
2.66879e-09
-9.78622e-11
2.69343e-09
-4.65437e-11
2.71577e-09
2.01068e-11
2.7353e-09
8.13417e-11
2.75229e-09
1.49106e-10
2.76604e-09
2.24203e-10
2.77603e-09
2.84327e-10
2.78129e-09
3.71031e-10
2.78071e-09
4.25677e-10
2.7723e-09
4.91737e-10
2.75542e-09
5.43845e-10
2.7287e-09
5.83755e-10
2.69167e-09
6.22101e-10
2.64396e-09
6.38021e-10
2.58568e-09
6.56264e-10
2.51795e-09
6.53435e-10
2.44174e-09
6.49446e-10
2.35843e-09
6.34634e-10
2.27039e-09
6.11382e-10
2.17803e-09
5.89959e-10
2.08445e-09
5.56472e-10
1.99013e-09
5.24668e-10
1.89605e-09
4.91016e-10
1.80387e-09
4.52894e-10
1.71382e-09
4.15876e-10
1.62646e-09
3.7885e-10
1.54229e-09
3.41304e-10
1.46169e-09
3.0465e-10
1.38451e-09
2.70464e-10
1.31122e-09
2.37549e-10
1.24193e-09
2.07468e-10
1.1767e-09
1.80607e-10
1.11583e-09
1.56587e-10
1.0589e-09
1.37201e-10
1.00556e-09
1.21849e-10
9.56438e-10
1.07739e-10
9.10277e-10
9.85048e-11
8.66901e-10
9.08119e-11
8.26595e-10
8.23874e-11
7.88845e-10
7.48806e-11
7.53336e-10
6.66268e-11
7.22092e-10
5.29599e-11
6.93903e-10
4.01239e-11
6.72475e-10
1.88643e-11
6.56076e-10
-1.12144e-12
6.48958e-10
-2.99065e-11
6.49465e-10
-5.69326e-11
6.61474e-10
-9.25945e-11
6.82745e-10
-1.25162e-10
7.15881e-10
-1.64199e-10
7.59329e-10
-2.01727e-10
8.13043e-10
-2.40497e-10
8.76995e-10
-2.81219e-10
9.48784e-10
-3.17663e-10
1.02842e-09
-3.56086e-10
1.11343e-09
-3.89111e-10
1.20242e-09
-4.1987e-10
1.29394e-09
-4.46694e-10
1.38597e-09
-4.68216e-10
1.4773e-09
-4.85076e-10
1.56649e-09
-4.97122e-10
1.65208e-09
-5.01501e-10
1.7339e-09
-5.04991e-10
1.81051e-09
-4.99088e-10
1.88179e-09
-4.9035e-10
1.94772e-09
-4.78636e-10
2.008e-09
-4.61156e-10
2.06296e-09
-4.42095e-10
2.11305e-09
-4.21969e-10
2.15837e-09
-3.98192e-10
2.19958e-09
-3.74414e-10
2.23716e-09
-3.5132e-10
2.27153e-09
-3.2723e-10
2.30316e-09
-3.04249e-10
2.33247e-09
-2.82147e-10
2.3599e-09
-2.61143e-10
2.38581e-09
-2.42503e-10
2.41042e-09
-2.25879e-10
2.43403e-09
-2.08075e-10
2.45658e-09
-1.9349e-10
2.47871e-09
-1.8345e-10
2.49999e-09
-1.66679e-10
2.52071e-09
-1.57244e-10
2.54012e-09
-1.45951e-10
2.5592e-09
-1.26402e-10
2.57686e-09
-1.13595e-10
2.59384e-09
-9.17797e-11
2.60911e-09
-6.63883e-11
2.62338e-09
-3.7287e-11
2.63566e-09
3.10923e-12
2.64656e-09
4.70831e-11
2.65484e-09
1.00212e-10
2.66118e-09
1.6506e-10
2.66373e-09
2.25224e-10
2.66274e-09
3.10117e-10
2.65582e-09
3.80038e-10
2.64279e-09
4.55555e-10
2.62066e-09
5.34674e-10
2.58959e-09
5.91347e-10
2.54529e-09
6.66175e-10
2.48923e-09
7.02808e-10
2.41748e-09
7.54257e-10
2.33256e-09
7.69955e-10
2.23124e-09
7.94178e-10
2.11739e-09
7.85665e-10
1.99556e-09
7.60099e-10
1.88657e-09
6.65095e-10
1.78674e-09
5.66415e-10
1.74274e-09
2.85716e-10
1.73401e-09
8.72089e-11
1.7566e-09
-1.03956e-10
1.80583e-09
-2.85152e-10
1.88237e-09
-4.7196e-10
1.97216e-09
-6.10247e-10
2.06837e-09
-7.17906e-10
2.15189e-09
-7.12183e-10
2.21955e-09
-6.52039e-10
2.27457e-09
-5.79382e-10
2.3194e-09
-4.99814e-10
2.35612e-09
-4.18951e-10
2.38647e-09
-3.41436e-10
2.41187e-09
-2.70963e-10
2.43349e-09
-2.10213e-10
2.45233e-09
-1.60881e-10
2.46926e-09
-1.23738e-10
2.48507e-09
-9.86826e-11
2.50045e-09
-8.48158e-11
2.51602e-09
-8.05457e-11
2.53226e-09
-8.37414e-11
2.54951e-09
-9.19283e-11
2.5679e-09
-1.02494e-10
2.58738e-09
-1.12884e-10
2.60769e-09
-1.20846e-10
2.62816e-09
-1.24035e-10
2.64827e-09
-1.21965e-10
2.66734e-09
-1.14029e-10
2.68456e-09
-9.99899e-11
2.69923e-09
-8.07337e-11
2.71069e-09
-5.74058e-11
2.71845e-09
-3.15144e-11
2.72219e-09
-4.78419e-12
2.72184e-09
2.10788e-11
2.71758e-09
4.45526e-11
2.7098e-09
6.44574e-11
2.69906e-09
7.99929e-11
2.6861e-09
9.07916e-11
2.67167e-09
9.67658e-11
9.9184e-11
1.70969e-09
1.38469e-11
1.73939e-09
4.55943e-11
1.78619e-09
7.61044e-11
1.84584e-09
1.0039e-10
1.91396e-09
1.19348e-10
1.98637e-09
1.33077e-10
2.05951e-09
1.41743e-10
2.13069e-09
1.46101e-10
2.19798e-09
1.47084e-10
2.26008e-09
1.45536e-10
2.31641e-09
1.42312e-10
2.36674e-09
1.38119e-10
2.41101e-09
1.33475e-10
2.44942e-09
1.28882e-10
2.48264e-09
1.24902e-10
2.51118e-09
1.21765e-10
2.5353e-09
1.19459e-10
2.55529e-09
1.18366e-10
2.5717e-09
1.18559e-10
2.58516e-09
1.20038e-10
2.59585e-09
1.23095e-10
2.60401e-09
1.2754e-10
2.6098e-09
1.33618e-10
2.61332e-09
1.41313e-10
2.61458e-09
1.50654e-10
2.61353e-09
1.61677e-10
2.61002e-09
1.74426e-10
2.60382e-09
1.88956e-10
2.59465e-09
2.05336e-10
2.58213e-09
2.23646e-10
2.56583e-09
2.43962e-10
2.54521e-09
2.66427e-10
2.51963e-09
2.91419e-10
2.48793e-09
3.30747e-10
2.45129e-09
2.85133e-10
2.41383e-09
1.33585e-10
2.3827e-09
-2.4147e-11
2.36421e-09
-1.72204e-10
2.36007e-09
-3.10403e-10
2.36858e-09
-4.31897e-10
2.388e-09
-5.49026e-10
2.41596e-09
-5.94435e-10
2.45238e-09
-5.99709e-10
2.49074e-09
-5.72813e-10
2.52772e-09
-5.2408e-10
2.56265e-09
-4.76072e-10
2.59547e-09
-4.32302e-10
2.626e-09
-3.76723e-10
2.65505e-09
-3.32237e-10
2.68054e-09
-2.81471e-10
2.70482e-09
-2.29579e-10
2.72725e-09
-1.79873e-10
2.7491e-09
-1.19736e-10
2.76983e-09
-6.73138e-11
2.79102e-09
-1.10764e-12
2.8121e-09
6.02316e-11
2.83392e-09
1.27269e-10
2.85648e-09
2.0166e-10
2.8792e-09
2.61596e-10
2.90174e-09
3.48507e-10
2.92199e-09
4.05468e-10
2.93968e-09
4.74066e-10
2.95378e-09
5.29736e-10
2.96216e-09
5.75376e-10
2.96423e-09
6.20017e-10
2.95791e-09
6.44286e-10
2.9434e-09
6.70698e-10
2.9198e-09
6.76954e-10
2.88762e-09
6.81532e-10
2.84673e-09
6.75442e-10
2.79852e-09
6.59503e-10
2.74325e-09
6.45166e-10
2.68298e-09
6.16689e-10
2.61814e-09
5.89474e-10
2.54955e-09
5.59581e-10
2.47864e-09
5.23804e-10
2.40585e-09
4.88674e-10
2.33207e-09
4.52661e-10
2.25777e-09
4.15638e-10
2.18349e-09
3.78984e-10
2.10924e-09
3.44755e-10
2.03578e-09
3.11068e-10
1.96352e-09
2.79781e-10
1.89288e-09
2.51298e-10
1.82447e-09
2.25039e-10
1.75838e-09
2.03329e-10
1.69469e-09
1.85566e-10
1.63451e-09
1.67944e-10
1.57709e-09
1.55943e-10
1.52287e-09
1.45046e-10
1.47218e-09
1.33086e-10
1.42497e-09
1.22098e-10
1.38077e-09
1.10838e-10
1.34161e-09
9.21164e-11
1.30616e-09
7.55819e-11
1.27792e-09
4.71077e-11
1.25584e-09
2.09532e-11
1.24326e-09
-1.73281e-11
1.23918e-09
-5.28462e-11
1.24756e-09
-1.0098e-10
1.26604e-09
-1.43641e-10
1.29728e-09
-1.95438e-10
1.33932e-09
-2.43769e-10
1.392e-09
-2.93171e-10
1.4546e-09
-3.43824e-10
1.52453e-09
-3.87594e-10
1.60103e-09
-4.32582e-10
1.68145e-09
-4.69532e-10
1.76381e-09
-5.02238e-10
1.84662e-09
-5.29508e-10
1.92755e-09
-5.49155e-10
2.00559e-09
-5.63121e-10
2.07921e-09
-5.70747e-10
2.1474e-09
-5.69698e-10
2.20999e-09
-5.67593e-10
2.26617e-09
-5.55279e-10
2.31609e-09
-5.40291e-10
2.36012e-09
-5.22673e-10
2.39841e-09
-4.9946e-10
2.43156e-09
-4.75244e-10
2.46027e-09
-4.50675e-10
2.48492e-09
-4.22836e-10
2.50642e-09
-3.95895e-10
2.5253e-09
-3.70173e-10
2.54208e-09
-3.43972e-10
2.55728e-09
-3.19404e-10
2.57132e-09
-2.96142e-10
2.58464e-09
-2.74424e-10
2.59751e-09
-2.55341e-10
2.61e-09
-2.38354e-10
2.62247e-09
-2.20524e-10
2.63478e-09
-2.05789e-10
2.64739e-09
-1.96054e-10
2.65951e-09
-1.78784e-10
2.67181e-09
-1.69529e-10
2.68361e-09
-1.57744e-10
2.6959e-09
-1.38685e-10
2.70738e-09
-1.25063e-10
2.71922e-09
-1.03612e-10
2.73051e-09
-7.76682e-11
2.7422e-09
-4.89729e-11
2.7537e-09
-8.3896e-12
2.76603e-09
3.47472e-11
2.7782e-09
8.80065e-11
2.79155e-09
1.51661e-10
2.80411e-09
2.12605e-10
2.81764e-09
2.96506e-10
2.82925e-09
3.68362e-10
2.83958e-09
4.45192e-10
2.84589e-09
5.28339e-10
2.84749e-09
5.89744e-10
2.84098e-09
6.72689e-10
2.826e-09
7.17784e-10
2.79925e-09
7.8099e-10
2.76053e-09
8.08651e-10
2.70641e-09
8.48244e-10
2.63793e-09
8.54093e-10
2.55909e-09
8.38888e-10
2.4903e-09
7.33847e-10
2.42585e-09
6.30859e-10
2.39807e-09
3.13518e-10
2.3954e-09
8.99142e-11
2.41513e-09
-1.23646e-10
2.45382e-09
-3.23805e-10
2.51171e-09
-5.29828e-10
2.57548e-09
-6.73977e-10
2.63894e-09
-7.81335e-10
2.69017e-09
-7.63366e-10
2.72842e-09
-6.90243e-10
2.75685e-09
-6.07779e-10
2.77783e-09
-5.20771e-10
2.79338e-09
-4.34487e-10
2.80519e-09
-3.5324e-10
2.8146e-09
-2.80379e-10
2.82266e-09
-2.18276e-10
2.83015e-09
-1.68377e-10
2.83765e-09
-1.31251e-10
2.84559e-09
-1.06636e-10
2.85427e-09
-9.35055e-11
2.86387e-09
-9.01571e-11
2.87448e-09
-9.43598e-11
2.8861e-09
-1.03553e-10
2.89863e-09
-1.15032e-10
2.91188e-09
-1.26127e-10
2.92548e-09
-1.34446e-10
2.93911e-09
-1.3767e-10
2.95221e-09
-1.35075e-10
2.96429e-09
-1.26101e-10
2.97495e-09
-1.10644e-10
2.98373e-09
-8.95045e-11
2.99018e-09
-6.38502e-11
2.99394e-09
-3.52696e-11
2.99481e-09
-5.64857e-12
2.99273e-09
2.31553e-11
2.98781e-09
4.94772e-11
2.98026e-09
7.20005e-11
2.97046e-09
8.9791e-11
2.95889e-09
1.02362e-10
2.94606e-09
1.09594e-10
1.12325e-10
1.7074e-09
6.49196e-12
1.73108e-09
2.1951e-11
1.76974e-09
3.74374e-11
1.8201e-09
5.00022e-11
1.87924e-09
6.01728e-11
1.9442e-09
6.80994e-11
2.01213e-09
7.37999e-11
2.08066e-09
7.75745e-11
2.14791e-09
7.98411e-11
2.21245e-09
8.09929e-11
2.27335e-09
8.14198e-11
2.33e-09
8.14634e-11
2.38208e-09
8.13958e-11
2.42948e-09
8.14779e-11
2.47239e-09
8.19913e-11
2.51104e-09
8.31119e-11
2.5456e-09
8.49028e-11
2.57642e-09
8.75413e-11
2.60382e-09
9.1164e-11
2.62801e-09
9.58485e-11
2.64935e-09
1.01749e-10
2.668e-09
1.08885e-10
2.68421e-09
1.17416e-10
2.69808e-09
1.27434e-10
2.70971e-09
1.39026e-10
2.7191e-09
1.52291e-10
2.72618e-09
1.67336e-10
2.73086e-09
1.84285e-10
2.73291e-09
2.03278e-10
2.73209e-09
2.24467e-10
2.72812e-09
2.47934e-10
2.72064e-09
2.73912e-10
2.70914e-09
3.02917e-10
2.69322e-09
3.46678e-10
2.6707e-09
3.07646e-10
2.64083e-09
1.6345e-10
2.61096e-09
5.71361e-12
2.5886e-09
-1.49856e-10
2.57599e-09
-2.97812e-10
2.57192e-09
-4.27854e-10
2.5752e-09
-5.5232e-10
2.58623e-09
-6.05467e-10
2.60612e-09
-6.19591e-10
2.62827e-09
-5.94937e-10
2.64953e-09
-5.45313e-10
2.66923e-09
-4.95753e-10
2.68735e-09
-4.50414e-10
2.70408e-09
-3.93445e-10
2.71955e-09
-3.47717e-10
2.73317e-09
-2.95113e-10
2.74646e-09
-2.42882e-10
2.75912e-09
-1.92547e-10
2.77288e-09
-1.33513e-10
2.78716e-09
-8.16146e-11
2.80395e-09
-1.79157e-11
2.82279e-09
4.13746e-11
2.8448e-09
1.05255e-10
2.87021e-09
1.76244e-10
2.8981e-09
2.33731e-10
2.93015e-09
3.16494e-10
2.96405e-09
3.71589e-10
2.99956e-09
4.38588e-10
3.03564e-09
4.9368e-10
3.06946e-09
5.41581e-10
3.1009e-09
5.88595e-10
3.12765e-09
6.17499e-10
3.14979e-09
6.48503e-10
3.16499e-09
6.61694e-10
3.17363e-09
6.72823e-10
3.17445e-09
6.74545e-10
3.16771e-09
6.66155e-10
3.15341e-09
6.59388e-10
3.1324e-09
6.37631e-10
3.10477e-09
6.17048e-10
3.07088e-09
5.93422e-10
3.03159e-09
5.63078e-10
2.98732e-09
5.32943e-10
2.93902e-09
5.00975e-10
2.88715e-09
4.67542e-10
2.83188e-09
4.34282e-10
2.77343e-09
4.03244e-10
2.71259e-09
3.71957e-10
2.64999e-09
3.42435e-10
2.58626e-09
3.15072e-10
2.52218e-09
2.89161e-10
2.45816e-09
2.67394e-10
2.39459e-09
2.49167e-10
2.33286e-09
2.29691e-10
2.27277e-09
2.16054e-10
2.2154e-09
2.02431e-10
2.16122e-09
1.87278e-10
2.11086e-09
1.72468e-10
2.06386e-09
1.57849e-10
2.02229e-09
1.33697e-10
1.98476e-09
1.1311e-10
1.95453e-09
7.7347e-11
1.93028e-09
4.52078e-11
1.91528e-09
-2.33104e-12
1.90853e-09
-4.60915e-11
1.91371e-09
-1.06155e-10
1.92848e-09
-1.58411e-10
1.9554e-09
-2.22351e-10
1.99225e-09
-2.80619e-10
2.03885e-09
-3.39768e-10
2.09386e-09
-3.98825e-10
2.15478e-09
-4.48515e-10
2.22011e-09
-4.97912e-10
2.28738e-09
-5.368e-10
2.35416e-09
-5.69016e-10
2.41915e-09
-5.94502e-10
2.47994e-09
-6.09946e-10
2.53586e-09
-6.19049e-10
2.58548e-09
-6.20369e-10
2.62839e-09
-6.12613e-10
2.66452e-09
-6.03728e-10
2.69382e-09
-5.84587e-10
2.71676e-09
-5.63244e-10
2.73403e-09
-5.39958e-10
2.74619e-09
-5.11633e-10
2.75399e-09
-4.83046e-10
2.75832e-09
-4.55012e-10
2.75987e-09
-4.24378e-10
2.75972e-09
-3.95736e-10
2.75827e-09
-3.68699e-10
2.75606e-09
-3.41731e-10
2.75364e-09
-3.1695e-10
2.75141e-09
-2.93871e-10
2.7497e-09
-2.72678e-10
2.74862e-09
-2.54221e-10
2.7481e-09
-2.37809e-10
2.74855e-09
-2.20956e-10
2.74965e-09
-2.06883e-10
2.75157e-09
-1.97979e-10
2.75382e-09
-1.81035e-10
2.75694e-09
-1.72646e-10
2.76007e-09
-1.60867e-10
2.76456e-09
-1.43186e-10
2.76891e-09
-1.29414e-10
2.77456e-09
-1.0926e-10
2.78068e-09
-8.37963e-11
2.78838e-09
-5.66701e-11
2.79737e-09
-1.7368e-11
2.80877e-09
2.33397e-11
2.82198e-09
7.47874e-11
2.83888e-09
1.34743e-10
2.85751e-09
1.93943e-10
2.88063e-09
2.73334e-10
2.90548e-09
3.43496e-10
2.93314e-09
4.17502e-10
2.96044e-09
5.0102e-10
2.98658e-09
5.63622e-10
3.01024e-09
6.49038e-10
3.02956e-09
6.9847e-10
3.04213e-09
7.68419e-10
3.04578e-09
8.04995e-10
3.03754e-09
8.56447e-10
3.01624e-09
8.7535e-10
2.98498e-09
8.70112e-10
2.96207e-09
7.56726e-10
2.94006e-09
6.52859e-10
2.935e-09
3.18587e-10
2.94387e-09
8.10665e-11
2.9646e-09
-1.44357e-10
2.99524e-09
-3.54428e-10
3.03602e-09
-5.70594e-10
3.07531e-09
-7.13248e-10
3.10811e-09
-8.14104e-10
3.1299e-09
-7.85121e-10
3.14207e-09
-7.02372e-10
3.14731e-09
-6.12983e-10
3.14764e-09
-5.21076e-10
3.14485e-09
-4.3168e-10
3.14048e-09
-3.48867e-10
3.13572e-09
-2.75629e-10
3.13144e-09
-2.13996e-10
3.1282e-09
-1.65144e-10
3.12635e-09
-1.29414e-10
3.12605e-09
-1.06349e-10
3.1273e-09
-9.47624e-11
3.12994e-09
-9.2811e-11
3.13374e-09
-9.81674e-11
3.13843e-09
-1.08247e-10
3.1437e-09
-1.20314e-10
3.14923e-09
-1.3165e-10
3.15461e-09
-1.39831e-10
3.15973e-09
-1.42785e-10
3.16414e-09
-1.395e-10
3.16764e-09
-1.296e-10
3.17013e-09
-1.13134e-10
3.17141e-09
-9.07685e-11
3.17127e-09
-6.37092e-11
3.16962e-09
-3.36072e-11
3.16642e-09
-2.44839e-12
3.16171e-09
2.78683e-11
3.15551e-09
5.56768e-11
3.14791e-09
7.9597e-11
3.13907e-09
9.86246e-11
3.12923e-09
1.122e-10
3.11862e-09
1.20209e-10
1.23021e-10
1.70625e-09
2.96608e-13
1.72716e-09
1.06342e-12
1.76218e-09
2.41787e-12
1.80812e-09
4.02694e-12
1.86258e-09
5.67412e-12
1.92326e-09
7.39995e-12
1.98774e-09
9.31496e-12
2.05385e-09
1.14669e-11
2.11983e-09
1.38689e-11
2.18429e-09
1.65346e-11
2.24622e-09
1.94851e-11
2.30495e-09
2.27378e-11
2.36003e-09
2.63163e-11
2.41123e-09
3.02675e-11
2.45856e-09
3.4661e-11
2.50213e-09
3.95414e-11
2.54209e-09
4.4947e-11
2.57864e-09
5.09883e-11
2.61202e-09
5.77784e-11
2.64246e-09
6.54077e-11
2.67023e-09
7.39848e-11
2.6955e-09
8.36061e-11
2.7185e-09
9.44175e-11
2.73938e-09
1.06552e-10
2.75827e-09
1.20137e-10
2.77524e-09
1.35321e-10
2.79031e-09
1.52264e-10
2.80345e-09
1.71145e-10
2.81456e-09
1.92164e-10
2.82347e-09
2.15561e-10
2.83005e-09
2.41347e-10
2.83409e-09
2.69874e-10
2.8352e-09
3.01812e-10
2.83361e-09
3.4827e-10
2.82465e-09
3.16614e-10
2.80348e-09
1.84615e-10
2.7771e-09
3.20883e-11
2.75352e-09
-1.26283e-10
2.73521e-09
-2.79519e-10
2.72138e-09
-4.14041e-10
2.71126e-09
-5.42227e-10
2.70761e-09
-6.01825e-10
2.71251e-09
-6.24488e-10
2.71954e-09
-6.01955e-10
2.72587e-09
-5.51621e-10
2.73086e-09
-5.00733e-10
2.73454e-09
-4.54089e-10
2.73739e-09
-3.96289e-10
2.7393e-09
-3.49645e-10
2.7405e-09
-2.96326e-10
2.74221e-09
-2.44608e-10
2.74436e-09
-1.94711e-10
2.74897e-09
-1.3814e-10
2.75548e-09
-8.81376e-11
2.76615e-09
-2.85956e-11
2.78057e-09
2.69411e-11
2.80004e-09
8.57955e-11
2.82509e-09
1.51199e-10
2.85477e-09
2.04077e-10
2.89133e-09
2.79963e-10
2.9321e-09
3.30842e-10
2.97714e-09
3.93583e-10
3.02508e-09
4.45779e-10
3.07415e-09
4.92563e-10
3.12489e-09
5.37864e-10
3.17443e-09
5.67947e-10
3.22343e-09
5.99491e-10
3.26892e-09
6.16159e-10
3.31105e-09
6.30645e-10
3.3477e-09
6.37847e-10
3.378e-09
6.35793e-10
3.40125e-09
6.36071e-10
3.41743e-09
6.2138e-10
3.42697e-09
6.07455e-10
3.42973e-09
5.90624e-10
3.4258e-09
5.66985e-10
3.41539e-09
5.43352e-10
3.39917e-09
5.17212e-10
3.37784e-09
4.88901e-10
3.3506e-09
4.61539e-10
3.31795e-09
4.35909e-10
3.28048e-09
4.09468e-10
3.23887e-09
3.8409e-10
3.19387e-09
3.60105e-10
3.14621e-09
3.36854e-10
3.09637e-09
3.17261e-10
3.04486e-09
3.00695e-10
2.99309e-09
2.81483e-10
2.9412e-09
2.67964e-10
2.89072e-09
2.52917e-10
2.8422e-09
2.3581e-10
2.79697e-09
2.17707e-10
2.75468e-09
2.00149e-10
2.71736e-09
1.71023e-10
2.68383e-09
1.46642e-10
2.65681e-09
1.04375e-10
2.63495e-09
6.70733e-11
2.62137e-09
1.12538e-11
2.6143e-09
-3.90171e-11
2.61718e-09
-1.09035e-10
2.62779e-09
-1.69015e-10
2.64826e-09
-2.42813e-10
2.67629e-09
-3.08647e-10
2.71176e-09
-3.7523e-10
2.75279e-09
-4.39846e-10
2.79737e-09
-4.93093e-10
2.8434e-09
-5.43939e-10
2.88899e-09
-5.82385e-10
2.93156e-09
-6.11581e-10
2.97026e-09
-6.33198e-10
3.0028e-09
-6.42488e-10
3.02903e-09
-6.45282e-10
3.04779e-09
-6.39129e-10
3.05944e-09
-6.24261e-10
3.06409e-09
-6.08384e-10
3.06253e-09
-5.83032e-10
3.05543e-09
-5.5615e-10
3.04364e-09
-5.28181e-10
3.02799e-09
-4.96e-10
3.00939e-09
-4.64458e-10
2.98899e-09
-4.34623e-10
2.96769e-09
-4.03075e-10
2.94634e-09
-3.74385e-10
2.92507e-09
-3.4741e-10
2.90465e-09
-3.21293e-10
2.88562e-09
-2.97897e-10
2.86814e-09
-2.76351e-10
2.85229e-09
-2.56791e-10
2.838e-09
-2.39888e-10
2.82513e-09
-2.24903e-10
2.8141e-09
-2.0991e-10
2.8044e-09
-1.97171e-10
2.79601e-09
-1.89582e-10
2.78883e-09
-1.73859e-10
2.78301e-09
-1.66837e-10
2.77775e-09
-1.55615e-10
2.77459e-09
-1.40023e-10
2.7719e-09
-1.26729e-10
2.77125e-09
-1.08618e-10
2.77196e-09
-8.45083e-11
2.77514e-09
-5.98518e-11
2.78077e-09
-2.29971e-11
2.79006e-09
1.40607e-11
2.80265e-09
6.21937e-11
2.82067e-09
1.16722e-10
2.84228e-09
1.7232e-10
2.87081e-09
2.44787e-10
2.90305e-09
3.1124e-10
2.94045e-09
3.80095e-10
2.98179e-09
4.59686e-10
3.02615e-09
5.19273e-10
3.07299e-09
6.02206e-10
3.11897e-09
6.52521e-10
3.16218e-09
7.25226e-10
3.20038e-09
7.66792e-10
3.23112e-09
8.25678e-10
3.25176e-09
8.54693e-10
3.26475e-09
8.57113e-10
3.28549e-09
7.35974e-10
3.30545e-09
6.32888e-10
3.32519e-09
2.98849e-10
3.34863e-09
5.76183e-11
3.37344e-09
-1.69141e-10
3.3999e-09
-3.80884e-10
3.42698e-09
-5.97679e-10
3.44586e-09
-7.32117e-10
3.45277e-09
-8.2101e-10
3.45009e-09
-7.82419e-10
3.44092e-09
-6.93168e-10
3.4271e-09
-5.99142e-10
3.41033e-09
-5.04288e-10
3.39242e-09
-4.13755e-10
3.3748e-09
-3.31239e-10
3.35838e-09
-2.59215e-10
3.34375e-09
-1.99372e-10
3.33126e-09
-1.52664e-10
3.32104e-09
-1.19201e-10
3.31302e-09
-9.83337e-11
3.30695e-09
-8.87055e-11
3.30242e-09
-8.82926e-11
3.29891e-09
-9.46617e-11
3.29583e-09
-1.05175e-10
3.29268e-09
-1.17163e-10
3.2891e-09
-1.28075e-10
3.28494e-09
-1.35673e-10
3.28043e-09
-1.38269e-10
3.27573e-09
-1.34803e-10
3.27067e-09
-1.24546e-10
3.26495e-09
-1.07413e-10
3.25843e-09
-8.42468e-11
3.25126e-09
-5.65388e-11
3.2439e-09
-2.62477e-11
3.23661e-09
4.84371e-12
3.22934e-09
3.51405e-11
3.22203e-09
6.29907e-11
3.21464e-09
8.69784e-11
3.20718e-09
1.0609e-10
3.19962e-09
1.19758e-10
3.1919e-09
1.27926e-10
1.3037e-10
1.70612e-09
-5.77263e-12
1.7268e-09
-1.95808e-11
1.76143e-09
-3.22247e-11
1.80693e-09
-4.14996e-11
1.86091e-09
-4.83465e-11
1.92113e-09
-5.28359e-11
1.98519e-09
-5.47579e-11
2.05097e-09
-5.43101e-11
2.11672e-09
-5.18747e-11
2.18107e-09
-4.7812e-11
2.24301e-09
-4.24613e-11
2.30189e-09
-3.61349e-11
2.35727e-09
-2.90648e-11
2.40894e-09
-2.14066e-11
2.45688e-09
-1.32834e-11
2.50124e-09
-4.81127e-12
2.54219e-09
3.99271e-12
2.57995e-09
1.32232e-11
2.61477e-09
2.29586e-11
2.64691e-09
3.32699e-11
2.67665e-09
4.42432e-11
2.70424e-09
5.60142e-11
2.7299e-09
6.8753e-11
2.75385e-09
8.25992e-11
2.77627e-09
9.77145e-11
2.7973e-09
1.1429e-10
2.81704e-09
1.32528e-10
2.83554e-09
1.52642e-10
2.85285e-09
1.74854e-10
2.86904e-09
1.99369e-10
2.88368e-09
2.26708e-10
2.89644e-09
2.57117e-10
2.90768e-09
2.90574e-10
2.91827e-09
3.3769e-10
2.92132e-09
3.13559e-10
2.9087e-09
1.9724e-10
2.88667e-09
5.41168e-11
2.86324e-09
-1.02863e-10
2.84091e-09
-2.57197e-10
2.81918e-09
-3.92327e-10
2.79764e-09
-5.20701e-10
2.78091e-09
-5.85108e-10
2.77182e-09
-6.15401e-10
2.76438e-09
-5.94517e-10
2.75619e-09
-5.43421e-10
2.74673e-09
-4.91262e-10
2.73605e-09
-4.43403e-10
2.72495e-09
-3.85195e-10
2.71332e-09
-3.38023e-10
2.70184e-09
-2.8486e-10
2.69177e-09
-2.34551e-10
2.68319e-09
-1.86143e-10
2.67832e-09
-1.33283e-10
2.67664e-09
-8.64568e-11
2.68054e-09
-3.25001e-11
2.68964e-09
1.7844e-11
2.70526e-09
7.0181e-11
2.72814e-09
1.28334e-10
2.75718e-09
1.7506e-10
2.79504e-09
2.42126e-10
2.83881e-09
2.87106e-10
2.88921e-09
3.43215e-10
2.94533e-09
3.89707e-10
3.00511e-09
4.32814e-10
3.06864e-09
4.74347e-10
3.13252e-09
5.04073e-10
3.19756e-09
5.34456e-10
3.26072e-09
5.52997e-10
3.32283e-09
5.68513e-10
3.38326e-09
5.77388e-10
3.44144e-09
5.77573e-10
3.49541e-09
5.82059e-10
3.5435e-09
5.73249e-10
3.58588e-09
5.65035e-10
3.62232e-09
5.54159e-10
3.65256e-09
5.36751e-10
3.67602e-09
5.19901e-10
3.69263e-09
5.00615e-10
3.70255e-09
4.79001e-10
3.70665e-09
4.57454e-10
3.70473e-09
4.37832e-10
3.69666e-09
4.17575e-10
3.68307e-09
3.97696e-10
3.6648e-09
3.78402e-10
3.6424e-09
3.59272e-10
3.61625e-09
3.43428e-10
3.58683e-09
3.30128e-10
3.55526e-09
3.13051e-10
3.5218e-09
3.01432e-10
3.48808e-09
2.86639e-10
3.45457e-09
2.69323e-10
3.42312e-09
2.49158e-10
3.39343e-09
2.29838e-10
3.36732e-09
1.97142e-10
3.34397e-09
1.69997e-10
3.32539e-09
1.22958e-10
3.3105e-09
8.19712e-11
3.3013e-09
2.04593e-11
3.29645e-09
-3.41618e-11
3.29813e-09
-1.10712e-10
3.30446e-09
-1.75338e-10
3.31685e-09
-2.55194e-10
3.33309e-09
-3.24885e-10
3.35314e-09
-3.95273e-10
3.37476e-09
-4.61454e-10
3.39676e-09
-5.15089e-10
3.41672e-09
-5.6389e-10
3.43369e-09
-5.99345e-10
3.44522e-09
-6.2311e-10
3.45104e-09
-6.39012e-10
3.4493e-09
-6.40745e-10
3.44057e-09
-6.36554e-10
3.42429e-09
-6.2286e-10
3.40186e-09
-6.01832e-10
3.37344e-09
-5.79968e-10
3.34019e-09
-5.49776e-10
3.30261e-09
-5.18575e-10
3.26181e-09
-4.87394e-10
3.21915e-09
-4.5335e-10
3.17585e-09
-4.21167e-10
3.13304e-09
-3.91825e-10
3.09146e-09
-3.61509e-10
3.0515e-09
-3.34432e-10
3.01356e-09
-3.09456e-10
2.97829e-09
-2.86013e-10
2.94563e-09
-2.65225e-10
2.91546e-09
-2.46151e-10
2.88768e-09
-2.28977e-10
2.86216e-09
-2.14325e-10
2.83881e-09
-2.01516e-10
2.818e-09
-1.89072e-10
2.79908e-09
-1.78228e-10
2.78193e-09
-1.72426e-10
2.76665e-09
-1.58576e-10
2.75311e-09
-1.53295e-10
2.7406e-09
-1.43111e-10
2.73068e-09
-1.30108e-10
2.72175e-09
-1.17805e-10
2.71539e-09
-1.02263e-10
2.71107e-09
-8.01831e-11
2.70985e-09
-5.86261e-11
2.71196e-09
-2.51012e-11
2.71857e-09
7.46469e-12
2.72961e-09
5.11629e-11
2.74725e-09
9.90871e-11
2.76986e-09
1.49711e-10
2.80107e-09
2.13575e-10
2.83798e-09
2.74335e-10
2.88231e-09
3.35762e-10
2.93307e-09
4.08935e-10
2.98887e-09
4.63472e-10
3.04952e-09
5.41575e-10
3.11181e-09
5.90259e-10
3.17576e-09
6.61289e-10
3.23941e-09
7.03167e-10
3.30081e-09
7.64271e-10
3.356e-09
7.99504e-10
3.40736e-09
8.05763e-10
3.46594e-09
6.77392e-10
3.52276e-09
5.76068e-10
3.56526e-09
2.56361e-10
3.60218e-09
2.06994e-11
3.63295e-09
-1.99902e-10
3.65759e-09
-4.0554e-10
3.67414e-09
-6.14247e-10
3.67668e-09
-7.34669e-10
3.6623e-09
-8.06629e-10
3.63863e-09
-7.58738e-10
3.6105e-09
-6.65025e-10
3.58056e-09
-5.69188e-10
3.55063e-09
-4.74359e-10
3.52138e-09
-3.84491e-10
3.49331e-09
-3.03154e-10
3.46726e-09
-2.33167e-10
3.44394e-09
-1.76056e-10
3.42357e-09
-1.32304e-10
3.40608e-09
-1.01722e-10
3.39121e-09
-8.34673e-11
3.37848e-09
-7.59771e-11
3.36719e-09
-7.70106e-11
3.35662e-09
-8.40995e-11
3.34612e-09
-9.46857e-11
3.33514e-09
-1.06179e-10
3.32324e-09
-1.16183e-10
3.31031e-09
-1.22739e-10
3.29642e-09
-1.24388e-10
3.28175e-09
-1.20133e-10
3.26668e-09
-1.09481e-10
3.2519e-09
-9.26269e-11
3.23802e-09
-7.03689e-11
3.22545e-09
-4.3972e-11
3.21415e-09
-1.49481e-11
3.20399e-09
1.50068e-11
3.19507e-09
4.4058e-11
3.18745e-09
7.06121e-11
3.18105e-09
9.33789e-11
3.1757e-09
1.11433e-10
3.17121e-09
1.24255e-10
3.16751e-09
1.31618e-10
1.33184e-10
1.70709e-09
-1.28052e-11
1.72991e-09
-4.23739e-11
1.76735e-09
-6.96691e-11
1.81629e-09
-9.04698e-11
1.87395e-09
-1.06047e-10
1.93751e-09
-1.16418e-10
2.00426e-09
-1.21506e-10
2.07189e-09
-1.21937e-10
2.13859e-09
-1.18573e-10
2.20298e-09
-1.12204e-10
2.26413e-09
-1.03606e-10
2.32147e-09
-9.34827e-11
2.37474e-09
-8.23318e-11
2.42384e-09
-7.05017e-11
2.46886e-09
-5.83105e-11
2.51014e-09
-4.60863e-11
2.54799e-09
-3.3863e-11
2.5827e-09
-2.14873e-11
2.61461e-09
-8.95662e-12
2.64412e-09
3.76605e-12
2.6716e-09
1.67617e-11
2.69737e-09
3.024e-11
2.72172e-09
4.44004e-11
2.74495e-09
5.93691e-11
2.7673e-09
7.53624e-11
2.78897e-09
9.26169e-11
2.81013e-09
1.11373e-10
2.83088e-09
1.31884e-10
2.85132e-09
1.54417e-10
2.87144e-09
1.79255e-10
2.89135e-09
2.06792e-10
2.91114e-09
2.3733e-10
2.93068e-09
2.71037e-10
2.95105e-09
3.17321e-10
2.96408e-09
3.00535e-10
2.95911e-09
2.02203e-10
2.94149e-09
7.17375e-11
2.91878e-09
-8.01505e-11
2.89326e-09
-2.3169e-10
2.86466e-09
-3.63735e-10
2.83275e-09
-4.88796e-10
2.80386e-09
-5.56227e-10
2.78101e-09
-5.9257e-10
2.75893e-09
-5.72439e-10
2.73589e-09
-5.20377e-10
2.71151e-09
-4.6688e-10
2.68597e-09
-4.17859e-10
2.66053e-09
-3.59753e-10
2.6351e-09
-3.126e-10
2.61081e-09
-2.60582e-10
2.589e-09
-2.1275e-10
2.56991e-09
-1.67058e-10
2.55584e-09
-1.19214e-10
2.54627e-09
-7.68827e-11
2.5436e-09
-2.98233e-11
2.54744e-09
1.40208e-11
2.55898e-09
5.86495e-11
2.57907e-09
1.08266e-10
2.60642e-09
1.47734e-10
2.64394e-09
2.04622e-10
2.68849e-09
2.42585e-10
2.74108e-09
2.90664e-10
2.80076e-09
3.30061e-10
2.86587e-09
3.67724e-10
2.93677e-09
4.03465e-10
3.01026e-09
4.30602e-10
3.08731e-09
4.57421e-10
3.16492e-09
4.75402e-10
3.2429e-09
4.9053e-10
3.31882e-09
5.01458e-10
3.39287e-09
5.03508e-10
3.46516e-09
5.09752e-10
3.53361e-09
5.04791e-10
3.59873e-09
4.99903e-10
3.6608e-09
4.92089e-10
3.71813e-09
4.7945e-10
3.76985e-09
4.68211e-10
3.8161e-09
4.54387e-10
3.85533e-09
4.39778e-10
3.8891e-09
4.23691e-10
3.91706e-09
4.09891e-10
3.93999e-09
3.9465e-10
3.95734e-09
3.8036e-10
3.96865e-09
3.67101e-10
3.97486e-09
3.53079e-10
3.97676e-09
3.41544e-10
3.97476e-09
3.32122e-10
3.96963e-09
3.18172e-10
3.96145e-09
3.09596e-10
3.95156e-09
2.96514e-10
3.94017e-09
2.80694e-10
3.92927e-09
2.60058e-10
3.91848e-09
2.40621e-10
3.90914e-09
2.06493e-10
3.90088e-09
1.78255e-10
3.89483e-09
1.29011e-10
3.89025e-09
8.65596e-11
3.88797e-09
2.27391e-11
3.88699e-09
-3.31838e-11
3.88813e-09
-1.1184e-10
3.88996e-09
-1.77171e-10
3.89296e-09
-2.58185e-10
3.89518e-09
-3.27102e-10
3.89663e-09
-3.96716e-10
3.89498e-09
-4.59789e-10
3.89025e-09
-5.10352e-10
3.88013e-09
-5.53768e-10
3.86459e-09
-5.83794e-10
3.84095e-09
-5.99475e-10
3.80963e-09
-6.0769e-10
3.77039e-09
-6.01492e-10
3.7248e-09
-5.90966e-10
3.67264e-09
-5.70717e-10
3.61567e-09
-5.44866e-10
3.55424e-09
-5.18551e-10
3.4907e-09
-4.86241e-10
3.42614e-09
-4.54019e-10
3.36147e-09
-4.22728e-10
3.29798e-09
-3.89867e-10
3.23658e-09
-3.59771e-10
3.17773e-09
-3.32988e-10
3.12168e-09
-3.05469e-10
3.0686e-09
-2.81358e-10
3.01863e-09
-2.59486e-10
2.97187e-09
-2.39243e-10
2.92832e-09
-2.21657e-10
2.88788e-09
-2.05689e-10
2.8507e-09
-1.91772e-10
2.81679e-09
-1.80386e-10
2.78578e-09
-1.70464e-10
2.75772e-09
-1.60981e-10
2.7319e-09
-1.52381e-10
2.70812e-09
-1.4862e-10
2.68662e-09
-1.37066e-10
2.66704e-09
-1.33712e-10
2.64883e-09
-1.24894e-10
2.63344e-09
-1.14724e-10
2.6194e-09
-1.03762e-10
2.60821e-09
-9.10626e-11
2.59952e-09
-7.14864e-11
2.5943e-09
-5.33954e-11
2.59305e-09
-2.38353e-11
2.59681e-09
3.71427e-12
2.60584e-09
4.21545e-11
2.62222e-09
8.27194e-11
2.64461e-09
1.27333e-10
2.6767e-09
1.81497e-10
2.71591e-09
2.35131e-10
2.76395e-09
2.8772e-10
2.82032e-09
3.5257e-10
2.88354e-09
4.00264e-10
2.95458e-09
4.70553e-10
3.0302e-09
5.14661e-10
3.11033e-09
5.81181e-10
3.19118e-09
6.22329e-10
3.27273e-09
6.8275e-10
3.35062e-09
7.2164e-10
3.42728e-09
7.29117e-10
3.5123e-09
5.92368e-10
3.59822e-09
4.90189e-10
3.66076e-09
1.93813e-10
3.70987e-09
-2.84156e-11
3.74652e-09
-2.36548e-10
3.7695e-09
-4.28547e-10
3.77713e-09
-6.21903e-10
3.76544e-09
-7.23e-10
3.73279e-09
-7.7399e-10
3.69184e-09
-7.17794e-10
3.64857e-09
-6.21749e-10
3.60439e-09
-5.25012e-10
3.56092e-09
-4.30883e-10
3.51964e-09
-3.43212e-10
3.48155e-09
-2.65058e-10
3.44702e-09
-1.98634e-10
3.41631e-09
-1.45341e-10
3.38956e-09
-1.05564e-10
3.36651e-09
-7.86687e-11
3.34637e-09
-6.33296e-11
3.32816e-09
-5.7767e-11
3.31095e-09
-5.98034e-11
3.2939e-09
-6.70528e-11
3.27627e-09
-7.70645e-11
3.25758e-09
-8.74915e-11
3.23769e-09
-9.62893e-11
3.21669e-09
-1.01743e-10
3.19486e-09
-1.02565e-10
3.17267e-09
-9.79481e-11
3.15076e-09
-8.75706e-11
3.12982e-09
-7.16878e-11
3.11054e-09
-5.1091e-11
3.0935e-09
-2.69364e-11
3.07912e-09
-5.70616e-13
3.06761e-09
2.65103e-11
3.05896e-09
5.27157e-11
3.05297e-09
7.65942e-11
3.04937e-09
9.69791e-11
3.04774e-09
1.13063e-10
3.04757e-09
1.24427e-10
3.04831e-09
1.30879e-10
1.3181e-10
1.7091e-09
-2.18572e-11
1.73717e-09
-7.03995e-11
1.78169e-09
-1.14188e-10
1.83876e-09
-1.47574e-10
1.90435e-09
-1.71673e-10
1.97451e-09
-1.86604e-10
2.04591e-09
-1.92913e-10
2.11602e-09
-1.92042e-10
2.18299e-09
-1.85536e-10
2.24554e-09
-1.74755e-10
2.30303e-09
-1.61097e-10
2.35531e-09
-1.45761e-10
2.40242e-09
-1.29449e-10
2.44456e-09
-1.12642e-10
2.48209e-09
-9.58405e-11
2.51573e-09
-7.97221e-11
2.54601e-09
-6.41448e-11
2.57325e-09
-4.87325e-11
2.59805e-09
-3.37487e-11
2.62095e-09
-1.91357e-11
2.64235e-09
-4.64761e-12
2.66271e-09
9.88646e-12
2.68247e-09
2.46362e-11
2.70194e-09
3.98967e-11
2.72139e-09
5.59173e-11
2.74105e-09
7.29539e-11
2.76114e-09
9.12813e-11
2.78184e-09
1.11184e-10
2.8033e-09
1.32957e-10
2.82565e-09
1.56905e-10
2.84906e-09
1.83382e-10
2.87366e-09
2.12729e-10
2.89943e-09
2.4527e-10
2.92757e-09
2.89187e-10
2.94879e-09
2.79314e-10
2.95086e-09
2.00133e-10
2.9378e-09
8.48016e-11
2.9161e-09
-5.84478e-11
2.88781e-09
-2.03409e-10
2.85304e-09
-3.28969e-10
2.81163e-09
-4.47397e-10
2.77014e-09
-5.14746e-10
2.73204e-09
-5.54483e-10
2.69381e-09
-5.34218e-10
2.65447e-09
-4.81036e-10
2.61389e-09
-4.26305e-10
2.57248e-09
-3.76448e-10
2.53205e-09
-3.1932e-10
2.49264e-09
-2.73196e-10
2.45584e-09
-2.23778e-10
2.42296e-09
-1.79866e-10
2.39435e-09
-1.38445e-10
2.3722e-09
-9.70573e-11
2.35594e-09
-6.06065e-11
2.34778e-09
-2.16469e-11
2.34722e-09
1.45958e-11
2.3553e-09
5.05932e-11
2.37282e-09
9.07653e-11
2.39832e-09
1.22258e-10
2.43483e-09
1.68128e-10
2.47903e-09
1.98406e-10
2.53214e-09
2.37578e-10
2.59307e-09
2.69161e-10
2.6604e-09
3.00412e-10
2.73456e-09
3.29337e-10
2.81257e-09
3.52609e-10
2.89525e-09
3.74769e-10
2.97974e-09
3.90926e-10
3.06644e-09
4.03839e-10
3.15337e-09
4.14536e-10
3.23969e-09
4.17193e-10
3.32592e-09
4.23524e-10
3.41029e-09
4.20444e-10
3.4917e-09
4.1852e-10
3.56966e-09
4.14163e-10
3.64421e-09
4.04935e-10
3.71498e-09
3.97474e-10
3.78142e-09
3.87972e-10
3.84327e-09
3.77945e-10
3.90179e-09
3.65182e-10
3.95617e-09
3.55535e-10
4.0052e-09
3.45627e-10
4.04888e-09
3.36702e-10
4.08787e-09
3.28117e-10
4.12212e-09
3.18838e-10
4.15209e-09
3.11568e-10
4.17781e-09
3.06378e-10
4.19991e-09
2.96053e-10
4.21973e-09
2.89738e-10
4.2379e-09
2.78314e-10
4.25265e-09
2.65921e-10
4.26519e-09
2.47505e-10
4.27566e-09
2.30149e-10
4.28529e-09
1.96862e-10
4.29418e-09
1.69364e-10
4.30231e-09
1.20882e-10
4.30933e-09
7.95359e-11
4.31481e-09
1.7254e-11
4.31816e-09
-3.65332e-11
4.31864e-09
-1.12319e-10
4.31535e-09
-1.73885e-10
4.30769e-09
-2.50525e-10
4.2943e-09
-3.13705e-10
4.27516e-09
-3.77573e-10
4.248e-09
-4.32623e-10
4.21358e-09
-4.75934e-10
4.16969e-09
-5.09879e-10
4.11797e-09
-5.32065e-10
4.05837e-09
-5.39879e-10
3.99303e-09
-5.42361e-10
3.92102e-09
-5.29478e-10
3.84328e-09
-5.13228e-10
3.76103e-09
-4.88468e-10
3.67711e-09
-4.60955e-10
3.5916e-09
-4.33059e-10
3.50639e-09
-4.01047e-10
3.42216e-09
-3.69802e-10
3.34036e-09
-3.40936e-10
3.26246e-09
-3.11965e-10
3.18805e-09
-2.85362e-10
3.11696e-09
-2.61902e-10
3.04974e-09
-2.38259e-10
2.9869e-09
-2.1852e-10
2.92845e-09
-2.01039e-10
2.8744e-09
-1.85179e-10
2.82452e-09
-1.7176e-10
2.77864e-09
-1.59794e-10
2.73659e-09
-1.49693e-10
2.69787e-09
-1.41636e-10
2.66211e-09
-1.34668e-10
2.62946e-09
-1.28292e-10
2.59922e-09
-1.22109e-10
2.57103e-09
-1.20403e-10
2.54531e-09
-1.11319e-10
2.52143e-09
-1.09823e-10
2.49906e-09
-1.02507e-10
2.47949e-09
-9.51416e-11
2.46144e-09
-8.57026e-11
2.44627e-09
-7.5882e-11
2.43391e-09
-5.91098e-11
2.42516e-09
-4.46272e-11
2.42083e-09
-1.94827e-11
2.42178e-09
2.78021e-12
2.42862e-09
3.53461e-11
2.44323e-09
6.81288e-11
2.46464e-09
1.0594e-10
2.49638e-09
1.49772e-10
2.53628e-09
1.95235e-10
2.58587e-09
2.38138e-10
2.64518e-09
2.93266e-10
2.71252e-09
3.32925e-10
2.78956e-09
3.93528e-10
2.87285e-09
4.31389e-10
2.96363e-09
4.90421e-10
3.05783e-09
5.28151e-10
3.1563e-09
5.84307e-10
3.25498e-09
6.22995e-10
3.35379e-09
6.30334e-10
3.4561e-09
4.90071e-10
3.55764e-09
3.88682e-10
3.62972e-09
1.21736e-10
3.68489e-09
-8.35824e-11
3.72331e-09
-2.74992e-10
3.74274e-09
-4.48008e-10
3.73904e-09
-6.18225e-10
3.71085e-09
-6.94827e-10
3.65838e-09
-7.21541e-10
3.59794e-09
-6.57368e-10
3.53693e-09
-5.60758e-10
3.47742e-09
-4.65511e-10
3.42117e-09
-3.74635e-10
3.36939e-09
-2.91426e-10
3.32279e-09
-2.18463e-10
3.28166e-09
-1.57496e-10
3.24574e-09
-1.09422e-10
3.21443e-09
-7.42435e-11
3.18686e-09
-5.10989e-11
3.16213e-09
-3.86009e-11
3.13939e-09
-3.50207e-11
3.11744e-09
-3.78496e-11
3.09537e-09
-4.49873e-11
3.07256e-09
-5.42537e-11
3.04863e-09
-6.35636e-11
3.02348e-09
-7.11484e-11
2.99734e-09
-7.5606e-11
2.97068e-09
-7.59089e-11
2.94419e-09
-7.14616e-11
2.91869e-09
-6.20716e-11
2.89501e-09
-4.80108e-11
2.87391e-09
-2.99992e-11
2.85603e-09
-9.05787e-12
2.84182e-09
1.36321e-11
2.83155e-09
3.67809e-11
2.82519e-09
5.90704e-11
2.82249e-09
7.92974e-11
2.82297e-09
9.65034e-11
2.82599e-09
1.10044e-10
2.83082e-09
1.19598e-10
2.83675e-09
1.2495e-10
1.25947e-10
1.71277e-09
-3.45756e-11
1.75072e-09
-1.08295e-10
1.80837e-09
-1.71837e-10
1.87889e-09
-2.18133e-10
1.95548e-09
-2.48292e-10
2.0329e-09
-2.64056e-10
2.10715e-09
-2.67166e-10
2.17589e-09
-2.60784e-10
2.23775e-09
-2.47392e-10
2.29198e-09
-2.28988e-10
2.33873e-09
-2.07844e-10
2.37886e-09
-1.85882e-10
2.41305e-09
-1.63642e-10
2.44194e-09
-1.41532e-10
2.46651e-09
-1.20415e-10
2.48708e-09
-1.00292e-10
2.50437e-09
-8.14335e-11
2.51974e-09
-6.41047e-11
2.53381e-09
-4.78252e-11
2.54701e-09
-3.23352e-11
2.55981e-09
-1.74418e-11
2.57264e-09
-2.95051e-12
2.58586e-09
1.14216e-11
2.59982e-09
2.5931e-11
2.61482e-09
4.09145e-11
2.63111e-09
5.66666e-11
2.6489e-09
7.34847e-11
2.66842e-09
9.16689e-11
2.68985e-09
1.11522e-10
2.7134e-09
1.33353e-10
2.73929e-09
1.57499e-10
2.76771e-09
1.84305e-10
2.79885e-09
2.14139e-10
2.83427e-09
2.53764e-10
2.86352e-09
2.50062e-10
2.87267e-09
1.90987e-10
2.86433e-09
9.31406e-11
2.84382e-09
-3.79336e-11
2.81275e-09
-1.72336e-10
2.77133e-09
-2.87559e-10
2.7192e-09
-3.95276e-10
2.66392e-09
-4.59475e-10
2.6089e-09
-4.99479e-10
2.55202e-09
-4.77353e-10
2.49406e-09
-4.23087e-10
2.43561e-09
-3.67861e-10
2.37748e-09
-3.18311e-10
2.32216e-09
-2.64e-10
2.26973e-09
-2.20762e-10
2.22207e-09
-1.76104e-10
2.18023e-09
-1.38012e-10
2.14451e-09
-1.02715e-10
2.11671e-09
-6.92347e-11
2.09609e-09
-3.99619e-11
2.08445e-09
-9.98998e-12
2.08122e-09
1.78543e-11
2.08706e-09
4.47723e-11
2.10278e-09
7.50691e-11
2.12672e-09
9.83356e-11
2.16195e-09
1.32916e-10
2.20506e-09
1.55324e-10
2.25743e-09
1.85224e-10
2.31784e-09
2.08776e-10
2.38515e-09
2.33121e-10
2.45963e-09
2.54875e-10
2.53874e-09
2.73529e-10
2.62312e-09
2.904e-10
2.71024e-09
3.03828e-10
2.80034e-09
3.1376e-10
2.89193e-09
3.22966e-10
2.98386e-09
3.25294e-10
3.07646e-09
3.30957e-10
3.16818e-09
3.28768e-10
3.25898e-09
3.27766e-10
3.34809e-09
3.25101e-10
3.43471e-09
3.18364e-10
3.51914e-09
3.13079e-10
3.60123e-09
3.05921e-10
3.67958e-09
2.99622e-10
3.75386e-09
2.90931e-10
3.8248e-09
2.84621e-10
3.89257e-09
2.77883e-10
3.95672e-09
2.72569e-10
4.01663e-09
2.68219e-10
4.0723e-09
2.63159e-10
4.12501e-09
2.58833e-10
4.17562e-09
2.55735e-10
4.2234e-09
2.48228e-10
4.26795e-09
2.45145e-10
4.3098e-09
2.36435e-10
4.3479e-09
2.27788e-10
4.38329e-09
2.12108e-10
4.41542e-09
1.98008e-10
4.44399e-09
1.68287e-10
4.46932e-09
1.44021e-10
4.49035e-09
9.98456e-11
4.50761e-09
6.22596e-11
4.51972e-09
5.13951e-12
4.52615e-09
-4.29681e-11
4.52466e-09
-1.10834e-10
4.51531e-09
-1.64545e-10
4.49638e-09
-2.31603e-10
4.46711e-09
-2.84442e-10
4.42775e-09
-3.3821e-10
4.37681e-09
-3.8169e-10
4.31632e-09
-4.1545e-10
4.24482e-09
-4.38384e-10
4.16452e-09
-4.51769e-10
4.07533e-09
-4.50692e-10
3.97928e-09
-4.46321e-10
3.87827e-09
-4.28485e-10
3.77534e-09
-4.10304e-10
3.67124e-09
-3.84376e-10
3.56742e-09
-3.57153e-10
3.46415e-09
-3.29807e-10
3.3641e-09
-3.01007e-10
3.26797e-09
-2.73689e-10
3.17635e-09
-2.49326e-10
3.08988e-09
-2.25501e-10
3.00859e-09
-2.04076e-10
2.93265e-09
-1.85966e-10
2.86221e-09
-1.67812e-10
2.79699e-09
-1.53304e-10
2.73661e-09
-1.4066e-10
2.68096e-09
-1.29518e-10
2.62967e-09
-1.2045e-10
2.58243e-09
-1.12533e-10
2.53893e-09
-1.06167e-10
2.49867e-09
-1.01334e-10
2.46122e-09
-9.71798e-11
2.42664e-09
-9.36787e-11
2.39434e-09
-8.97667e-11
2.36378e-09
-8.9816e-11
2.33561e-09
-8.31131e-11
2.30896e-09
-8.31462e-11
2.28378e-09
-7.73071e-11
2.26114e-09
-7.24808e-11
2.2401e-09
-6.46384e-11
2.22179e-09
-5.75513e-11
2.20648e-09
-4.37854e-11
2.19477e-09
-3.2893e-11
2.18781e-09
-1.2496e-11
2.18621e-09
4.41161e-12
2.19094e-09
3.0646e-11
2.20357e-09
5.55215e-11
2.22358e-09
8.59464e-11
2.25412e-09
1.19248e-10
2.29356e-09
1.55806e-10
2.34306e-09
1.88645e-10
2.40323e-09
2.33097e-10
2.47213e-09
2.64034e-10
2.5521e-09
3.13566e-10
2.63938e-09
3.44126e-10
2.73612e-09
3.93695e-10
2.83829e-09
4.26015e-10
2.94708e-09
4.75549e-10
3.05872e-09
5.1139e-10
3.17289e-09
5.16199e-10
3.28731e-09
3.75676e-10
3.39916e-09
2.76856e-10
3.47562e-09
4.52839e-11
3.52948e-09
-1.37447e-10
3.55975e-09
-3.05281e-10
3.56511e-09
-4.53398e-10
3.54111e-09
-5.94254e-10
3.48996e-09
-6.43708e-10
3.41358e-09
-6.45191e-10
3.33141e-09
-5.75216e-10
3.25227e-09
-4.81647e-10
3.17809e-09
-3.91343e-10
3.11042e-09
-3.06964e-10
3.05017e-09
-2.31183e-10
2.99766e-09
-1.65947e-10
2.95261e-09
-1.1244e-10
2.91425e-09
-7.10562e-11
2.88145e-09
-4.14299e-11
2.85281e-09
-2.24556e-11
2.82708e-09
-1.28616e-11
2.80333e-09
-1.1264e-11
2.77998e-09
-1.45012e-11
2.75626e-09
-2.12661e-11
2.73165e-09
-2.96478e-11
2.70596e-09
-3.787e-11
2.67927e-09
-4.44651e-11
2.65198e-09
-4.83126e-11
2.62467e-09
-4.86099e-11
2.59816e-09
-4.49538e-11
2.57333e-09
-3.72512e-11
2.55105e-09
-2.5737e-11
2.53209e-09
-1.10428e-11
2.51706e-09
5.97117e-12
2.50638e-09
2.43126e-11
2.50023e-09
4.29262e-11
2.49853e-09
6.07686e-11
2.50092e-09
7.69135e-11
2.50677e-09
9.06488e-11
2.51529e-09
1.01527e-10
2.52556e-09
1.09335e-10
2.5366e-09
1.13907e-10
1.1558e-10
1.71991e-09
-5.44277e-11
1.77532e-09
-1.63647e-10
1.85277e-09
-2.49275e-10
1.93888e-09
-3.04276e-10
2.02393e-09
-3.33395e-10
2.10177e-09
-3.41923e-10
2.16794e-09
-3.33349e-10
2.22263e-09
-3.15478e-10
2.2666e-09
-2.91353e-10
2.30066e-09
-2.63045e-10
2.32609e-09
-2.33279e-10
2.34361e-09
-2.0341e-10
2.35498e-09
-1.75002e-10
2.36238e-09
-1.48932e-10
2.36703e-09
-1.25066e-10
2.36998e-09
-1.03241e-10
2.37197e-09
-8.34235e-11
2.37348e-09
-6.56141e-11
2.37516e-09
-4.95063e-11
2.37755e-09
-3.47299e-11
2.38107e-09
-2.09577e-11
2.38601e-09
-7.89234e-12
2.39266e-09
4.77207e-12
2.40125e-09
1.73384e-11
2.41201e-09
3.0151e-11
2.42515e-09
4.35235e-11
2.44088e-09
5.77523e-11
2.45942e-09
7.31269e-11
2.48101e-09
8.99345e-11
2.50589e-09
1.08468e-10
2.53435e-09
1.2904e-10
2.56667e-09
1.51987e-10
2.60315e-09
1.77664e-10
2.64566e-09
2.11259e-10
2.68309e-09
2.12632e-10
2.70062e-09
1.73456e-10
2.69861e-09
9.51483e-11
2.68019e-09
-1.95149e-11
2.64642e-09
-1.38563e-10
2.59785e-09
-2.39e-10
2.53391e-09
-3.31349e-10
2.46243e-09
-3.8801e-10
2.38666e-09
-4.2372e-10
2.30809e-09
-3.9881e-10
2.22983e-09
-3.4484e-10
2.15339e-09
-2.91417e-10
2.07994e-09
-2.44861e-10
2.01247e-09
-1.96519e-10
1.95071e-09
-1.58986e-10
1.89645e-09
-1.21829e-10
1.85008e-09
-9.1622e-11
1.81162e-09
-6.42305e-11
1.78214e-09
-3.97263e-11
1.76068e-09
-1.84759e-11
1.74847e-09
2.24735e-12
1.74482e-09
2.15314e-11
1.75006e-09
3.9555e-11
1.76493e-09
6.02215e-11
1.78769e-09
7.55983e-11
1.8213e-09
9.93196e-11
1.86243e-09
1.14214e-10
1.91261e-09
1.35057e-10
1.9705e-09
1.50904e-10
2.03534e-09
1.68293e-10
2.10718e-09
1.83059e-10
2.18396e-09
1.96762e-10
2.26613e-09
2.08257e-10
2.35158e-09
2.18395e-10
2.4403e-09
2.25071e-10
2.5312e-09
2.32095e-10
2.62307e-09
2.33456e-10
2.71637e-09
2.37714e-10
2.80936e-09
2.3583e-10
2.90229e-09
2.34893e-10
2.99464e-09
2.32812e-10
3.08542e-09
2.27634e-10
3.17478e-09
2.23773e-10
3.26269e-09
2.18064e-10
3.34868e-09
2.13678e-10
3.43232e-09
2.07331e-10
3.51379e-09
2.03197e-10
3.59309e-09
1.98613e-10
3.67046e-09
1.95221e-10
3.74574e-09
1.92932e-10
3.81839e-09
1.90498e-10
3.88834e-09
1.88859e-10
3.95559e-09
1.88449e-10
4.01976e-09
1.84017e-10
4.08136e-09
1.83517e-10
4.14047e-09
1.77299e-10
4.1961e-09
1.72133e-10
4.24842e-09
1.59774e-10
4.29682e-09
1.49588e-10
4.33995e-09
1.25126e-10
4.37844e-09
1.05505e-10
4.40992e-09
6.83447e-11
4.43506e-09
3.70987e-11
4.45117e-09
-1.0986e-11
4.45875e-09
-5.05584e-11
4.45427e-09
-1.0638e-10
4.43848e-09
-1.48772e-10
4.40877e-09
-2.01907e-10
4.36536e-09
-2.4104e-10
4.30812e-09
-2.80979e-10
4.23622e-09
-3.09802e-10
4.15227e-09
-3.31516e-10
4.05611e-09
-3.42239e-10
3.95131e-09
-3.46979e-10
3.83964e-09
-3.39044e-10
3.72367e-09
-3.30365e-10
3.60568e-09
-3.10514e-10
3.48766e-09
-2.92299e-10
3.37122e-09
-2.6796e-10
3.25864e-09
-2.44595e-10
3.15014e-09
-2.21313e-10
3.04735e-09
-1.98237e-10
2.95036e-09
-1.76709e-10
2.85922e-09
-1.58203e-10
2.77437e-09
-1.40657e-10
2.69555e-09
-1.25258e-10
2.62252e-09
-1.12938e-10
2.55534e-09
-1.00635e-10
2.49347e-09
-9.1429e-11
2.43635e-09
-8.35426e-11
2.38374e-09
-7.68961e-11
2.33515e-09
-7.18388e-11
2.2902e-09
-6.75607e-11
2.24852e-09
-6.44512e-11
2.20959e-09
-6.23708e-11
2.17304e-09
-6.05869e-11
2.13882e-09
-5.94235e-11
2.10649e-09
-5.73926e-11
2.07538e-09
-5.86649e-11
2.04638e-09
-5.40806e-11
2.01842e-09
-5.51528e-11
1.99185e-09
-5.07082e-11
1.96742e-09
-4.8018e-11
1.94465e-09
-4.18413e-11
1.92437e-09
-3.72463e-11
1.90727e-09
-2.6661e-11
1.89364e-09
-1.92268e-11
1.88497e-09
-3.80228e-12
1.88153e-09
7.88541e-12
1.88468e-09
2.7521e-11
1.89551e-09
4.47126e-11
1.91404e-09
6.74364e-11
1.94278e-09
9.05236e-11
1.98077e-09
1.17825e-10
2.02866e-09
1.4076e-10
2.08768e-09
1.74082e-10
2.15558e-09
1.96142e-10
2.23535e-09
2.33803e-10
2.32303e-09
2.56457e-10
2.42151e-09
2.95236e-10
2.52682e-09
3.20727e-10
2.64097e-09
3.61442e-10
2.76019e-09
3.92211e-10
2.88284e-09
3.93584e-10
3.00008e-09
2.5847e-10
3.11169e-09
1.65272e-10
3.18278e-09
-2.58031e-11
3.22542e-09
-1.80095e-10
3.23817e-09
-3.18057e-10
3.21992e-09
-4.35175e-10
3.16619e-09
-5.40547e-10
3.08442e-09
-5.61971e-10
2.98005e-09
-5.40856e-10
2.87453e-09
-4.6973e-10
2.77733e-09
-3.84471e-10
2.69029e-09
-3.04314e-10
2.61446e-09
-2.31135e-10
2.54997e-09
-1.66695e-10
2.49626e-09
-1.12228e-10
2.4522e-09
-6.83706e-11
2.41627e-09
-3.51157e-11
2.38671e-09
-1.18593e-11
2.36155e-09
2.71511e-12
2.33962e-09
9.06844e-12
2.31923e-09
9.13196e-12
2.29908e-09
5.64993e-12
2.27836e-09
-5.36255e-13
2.25667e-09
-7.96752e-12
2.23397e-09
-1.51708e-11
2.21049e-09
-2.09823e-11
2.18673e-09
-2.45554e-11
2.16339e-09
-2.52786e-11
2.14128e-09
-2.28469e-11
2.12133e-09
-1.7306e-11
2.10432e-09
-8.73882e-12
2.091e-09
2.2816e-12
2.08189e-09
1.50736e-11
2.07734e-09
2.88579e-11
2.07744e-09
4.28265e-11
2.082e-09
5.62087e-11
2.09056e-09
6.83547e-11
2.1024e-09
7.88126e-11
2.11657e-09
8.73572e-11
2.13199e-09
9.39193e-11
2.14752e-09
9.83736e-11
1.01425e-10
1.73386e-09
-8.82073e-11
1.816e-09
-2.45733e-10
1.91559e-09
-3.48846e-10
2.00771e-09
-3.96457e-10
2.08231e-09
-4.08059e-10
2.13839e-09
-3.98043e-10
2.17533e-09
-3.70299e-10
2.19444e-09
-3.3459e-10
2.19871e-09
-2.95624e-10
2.19342e-09
-2.57756e-10
2.18194e-09
-2.21795e-10
2.16696e-09
-1.88428e-10
2.15023e-09
-1.58271e-10
2.13295e-09
-1.31651e-10
2.11623e-09
-1.08354e-10
2.10094e-09
-8.79505e-11
2.0876e-09
-7.00817e-11
2.07645e-09
-5.44657e-11
2.06769e-09
-4.07517e-11
2.0615e-09
-2.85386e-11
2.058e-09
-1.74527e-11
2.05726e-09
-7.16119e-12
2.0594e-09
2.63273e-12
2.06451e-09
1.22286e-11
2.07271e-09
2.19444e-11
2.08417e-09
3.20625e-11
2.09908e-09
4.28428e-11
2.11768e-09
5.45312e-11
2.14024e-09
6.73707e-11
2.1671e-09
8.1612e-11
2.19861e-09
9.75253e-11
2.23518e-09
1.15418e-10
2.27724e-09
1.35602e-10
2.32683e-09
1.61677e-10
2.3728e-09
1.66662e-10
2.40047e-09
1.45787e-10
2.40698e-09
8.86389e-11
2.39202e-09
-4.5603e-12
2.35577e-09
-1.0232e-10
2.29942e-09
-1.82664e-10
2.22245e-09
-2.54387e-10
2.13297e-09
-2.98548e-10
2.03462e-09
-3.25391e-10
1.93431e-09
-2.98522e-10
1.83817e-09
-2.48705e-10
1.74843e-09
-2.01682e-10
1.66609e-09
-1.62517e-10
1.59382e-09
-1.24234e-10
1.53042e-09
-9.5559e-11
1.47703e-09
-6.84203e-11
1.43299e-09
-4.75548e-11
1.39785e-09
-2.90681e-11
1.37182e-09
-1.36657e-11
1.35374e-09
-3.66246e-13
1.34421e-09
1.18092e-11
1.34255e-09
2.32182e-11
1.34875e-09
3.33744e-11
1.36351e-09
4.54774e-11
1.38513e-09
5.39892e-11
1.41636e-09
6.81008e-11
1.45414e-09
7.64485e-11
1.50008e-09
8.91252e-11
1.5528e-09
9.81963e-11
1.61201e-09
1.09099e-10
1.67745e-09
1.17634e-10
1.74774e-09
1.26488e-10
1.82295e-09
1.33064e-10
1.90163e-09
1.3974e-10
1.98342e-09
1.43308e-10
2.06769e-09
1.4786e-10
2.15314e-09
1.48049e-10
2.24038e-09
1.50529e-10
2.32765e-09
1.48617e-10
2.41525e-09
1.47352e-10
2.50283e-09
1.45296e-10
2.5895e-09
1.41025e-10
2.67547e-09
1.37866e-10
2.76054e-09
1.33044e-10
2.84465e-09
1.29621e-10
2.92743e-09
1.24606e-10
3.00914e-09
1.21536e-10
3.08965e-09
1.18136e-10
3.16915e-09
1.15744e-10
3.2477e-09
1.14383e-10
3.32501e-09
1.13174e-10
3.40114e-09
1.12709e-10
3.47607e-09
1.13492e-10
3.54884e-09
1.11217e-10
3.62e-09
1.12337e-10
3.68891e-09
1.08361e-10
3.75487e-09
1.06153e-10
3.81735e-09
9.72611e-11
3.87591e-09
9.09988e-11
3.92784e-09
7.31577e-11
3.9738e-09
5.95133e-11
4.01e-09
3.21078e-11
4.03738e-09
9.68802e-12
4.05197e-09
-2.56028e-11
4.05514e-09
-5.37537e-11
4.04257e-09
-9.3837e-11
4.01631e-09
-1.22536e-10
3.97332e-09
-1.58938e-10
3.91534e-09
-1.83086e-10
3.84248e-09
-2.08135e-10
3.75552e-09
-2.22865e-10
3.65756e-09
-2.33573e-10
3.54985e-09
-2.34549e-10
3.43568e-09
-2.32838e-10
3.31764e-09
-2.21026e-10
3.19778e-09
-2.10524e-10
3.07902e-09
-1.91783e-10
2.96271e-09
-1.76009e-10
2.85067e-09
-1.55941e-10
2.74431e-09
-1.38259e-10
2.6437e-09
-1.20715e-10
2.54993e-09
-1.04487e-10
2.4628e-09
-8.95889e-11
2.38194e-09
-7.73554e-11
2.3075e-09
-6.62274e-11
2.239e-09
-5.67597e-11
2.17585e-09
-4.97898e-11
2.11806e-09
-4.28373e-11
2.06488e-09
-3.82508e-11
2.01579e-09
-3.44434e-11
1.97044e-09
-3.15397e-11
1.92832e-09
-2.97053e-11
1.88908e-09
-2.82911e-11
1.85231e-09
-2.76469e-11
1.81755e-09
-2.75753e-11
1.7845e-09
-2.74998e-11
1.75306e-09
-2.79426e-11
1.72301e-09
-2.72961e-11
1.69357e-09
-2.91793e-11
1.66594e-09
-2.64085e-11
1.63883e-09
-2.80151e-11
1.6131e-09
-2.49387e-11
1.58905e-09
-2.39392e-11
1.56679e-09
-1.95523e-11
1.54672e-09
-1.71439e-11
1.52995e-09
-9.86647e-12
1.51637e-09
-5.61963e-12
1.50778e-09
4.82288e-12
1.50398e-09
1.1714e-11
1.5067e-09
2.48201e-11
1.5164e-09
3.5037e-11
1.53365e-09
5.01946e-11
1.56013e-09
6.4063e-11
1.59563e-09
8.23247e-11
1.64018e-09
9.62158e-11
1.6956e-09
1.18657e-10
1.7594e-09
1.32352e-10
1.83508e-09
1.58129e-10
1.91867e-09
1.72875e-10
2.01369e-09
2.00241e-10
2.11636e-09
2.18081e-10
2.2295e-09
2.4834e-10
2.3496e-09
2.72157e-10
2.47295e-09
2.70271e-10
2.58263e-09
1.48821e-10
2.68144e-09
6.6479e-11
2.73473e-09
-7.91004e-11
2.75316e-09
-1.98533e-10
2.73584e-09
-3.00752e-10
2.68276e-09
-3.82118e-10
2.591e-09
-4.48815e-10
2.4748e-09
-4.45799e-10
2.34387e-09
-4.09948e-10
2.21961e-09
-3.45497e-10
2.11074e-09
-2.7562e-10
2.01819e-09
-2.11764e-10
1.94181e-09
-1.54756e-10
1.88052e-09
-1.05405e-10
1.83263e-09
-6.43297e-11
1.79605e-09
-3.17807e-11
1.76846e-09
-7.51733e-12
1.74754e-09
9.07754e-12
1.73122e-09
1.90427e-11
1.71778e-09
2.2508e-11
1.70523e-09
2.169e-11
1.69275e-09
1.81292e-11
1.67951e-09
1.27098e-11
1.66514e-09
6.40169e-12
1.64965e-09
3.1097e-13
1.63339e-09
-4.71973e-12
1.61692e-09
-8.09214e-12
1.60099e-09
-9.3559e-12
1.58641e-09
-8.26693e-12
1.57401e-09
-4.90702e-12
1.56455e-09
7.1399e-13
1.55869e-09
8.14019e-12
1.55689e-09
1.68681e-11
1.55941e-09
2.63428e-11
1.56623e-09
3.60015e-11
1.57711e-09
4.53301e-11
1.59153e-09
5.39387e-11
1.60871e-09
6.16303e-11
1.62765e-09
6.84206e-11
1.64715e-09
7.44238e-11
1.66587e-09
7.96505e-11
8.48711e-11
1.75884e-09
-1.4697e-10
1.87366e-09
-3.6054e-10
1.97183e-09
-4.46996e-10
2.0348e-09
-4.59496e-10
2.05925e-09
-4.32597e-10
2.05004e-09
-3.88874e-10
2.01868e-09
-3.38958e-10
1.97386e-09
-2.89767e-10
1.92284e-09
-2.44603e-10
1.87011e-09
-2.05026e-10
1.81906e-09
-1.70745e-10
1.77176e-09
-1.41135e-10
1.72922e-09
-1.15729e-10
1.69171e-09
-9.41476e-11
1.65927e-09
-7.5911e-11
1.63179e-09
-6.04763e-11
1.60908e-09
-4.73714e-11
1.59085e-09
-3.62305e-11
1.5768e-09
-2.67053e-11
1.56667e-09
-1.84145e-11
1.56025e-09
-1.10309e-11
1.55734e-09
-4.2539e-12
1.55792e-09
2.05184e-12
1.56197e-09
8.17595e-12
1.56954e-09
1.43788e-11
1.58075e-09
2.08532e-11
1.5958e-09
2.77896e-11
1.61497e-09
3.53582e-11
1.63861e-09
4.37327e-11
1.66712e-09
5.30989e-11
1.70098e-09
6.36639e-11
1.74073e-09
7.56778e-11
1.78694e-09
8.93877e-11
1.84168e-09
1.06945e-10
1.89488e-09
1.13462e-10
1.93349e-09
1.07182e-10
1.95042e-09
7.17017e-11
1.94046e-09
5.39429e-12
1.90279e-09
-6.466e-11
1.83982e-09
-1.19711e-10
1.75198e-09
-1.66558e-10
1.64798e-09
-1.94565e-10
1.5326e-09
-2.10026e-10
1.41915e-09
-1.8508e-10
1.31628e-09
-1.45849e-10
1.22589e-09
-1.11284e-10
1.14757e-09
-8.41915e-11
1.08262e-09
-5.92653e-11
1.02848e-09
-4.14009e-11
9.85342e-10
-2.52541e-11
9.51452e-10
-1.36396e-11
9.25954e-10
-3.54344e-12
9.08363e-10
3.95094e-12
8.97473e-10
1.05486e-11
8.93357e-10
1.59477e-11
8.95511e-10
2.10831e-11
9.03644e-10
2.52555e-11
9.18433e-10
3.06993e-11
9.38384e-10
3.40449e-11
9.65852e-10
4.06383e-11
9.98291e-10
4.4014e-11
1.03728e-09
5.01409e-11
1.08149e-09
5.39877e-11
1.13111e-09
5.94867e-11
1.18561e-09
6.31514e-11
1.24433e-09
6.77792e-11
1.30695e-09
7.0459e-11
1.37274e-09
7.39716e-11
1.44102e-09
7.50561e-11
1.51162e-09
7.72878e-11
1.58319e-09
7.65283e-11
1.65643e-09
7.73392e-11
1.7297e-09
7.53938e-11
1.80331e-09
7.38e-11
1.87697e-09
7.16884e-11
1.94992e-09
6.81367e-11
2.02246e-09
6.53778e-11
2.09427e-09
6.12869e-11
2.16558e-09
5.83723e-11
2.23598e-09
5.42467e-11
2.306e-09
5.15586e-11
2.37549e-09
4.86738e-11
2.4447e-09
4.65522e-11
2.5138e-09
4.528e-11
2.58265e-09
4.43194e-11
2.6514e-09
4.3947e-11
2.72015e-09
4.47282e-11
2.78774e-09
4.36099e-11
2.8549e-09
4.51501e-11
2.92032e-09
4.29158e-11
2.98365e-09
4.27937e-11
3.04338e-09
3.75035e-11
3.09958e-09
3.47556e-11
3.14879e-09
2.3915e-11
3.19197e-09
1.6296e-11
3.22448e-09
-4.41031e-13
3.2475e-09
-1.33584e-11
3.25629e-09
-3.44326e-11
3.25284e-09
-5.03311e-11
3.2325e-09
-7.3528e-11
3.19852e-09
-8.85853e-11
3.14783e-09
-1.08268e-10
3.08366e-09
-1.18949e-10
3.00602e-09
-1.30519e-10
2.91728e-09
-1.34141e-10
2.82001e-09
-1.36332e-10
2.71675e-09
-1.31309e-10
2.60994e-09
-1.26051e-10
2.50297e-09
-1.14081e-10
2.39675e-09
-1.04323e-10
2.29445e-09
-8.95091e-11
2.19625e-09
-7.78316e-11
2.10402e-09
-6.37316e-11
2.01812e-09
-5.23797e-11
1.93844e-09
-4.10433e-11
1.86523e-09
-3.12951e-11
1.79824e-09
-2.26112e-11
1.73686e-09
-1.59768e-11
1.68097e-09
-1.03525e-11
1.63005e-09
-5.8356e-12
1.5833e-09
-3.04946e-12
1.54075e-09
-2.85727e-13
1.50158e-09
9.22787e-13
1.46536e-09
1.78096e-12
1.43176e-09
2.07704e-12
1.4003e-09
1.76804e-12
1.37071e-09
1.31561e-12
1.34264e-09
4.55912e-13
1.31572e-09
-6.23707e-13
1.2898e-09
-1.53321e-12
1.26471e-09
-2.8155e-12
1.24053e-09
-3.07157e-12
1.21641e-09
-5.02429e-12
1.19381e-09
-3.76749e-12
1.17132e-09
-5.48914e-12
1.15019e-09
-3.78156e-12
1.13027e-09
-3.9887e-12
1.11221e-09
-1.46461e-12
1.09588e-09
-7.87919e-13
1.08275e-09
3.29179e-12
1.07233e-09
4.8317e-12
1.06641e-09
1.07614e-11
1.06446e-09
1.36911e-11
1.06837e-09
2.09263e-11
1.0779e-09
2.55198e-11
1.09417e-09
3.39364e-11
1.11783e-09
4.04092e-11
1.1495e-09
5.06508e-11
1.18851e-09
5.72016e-11
1.2372e-09
6.99632e-11
1.29292e-09
7.66303e-11
1.35947e-09
9.1586e-11
1.4331e-09
9.9256e-11
1.5177e-09
1.15656e-10
1.60993e-09
1.25885e-10
1.71325e-09
1.45054e-10
1.8247e-09
1.60742e-10
1.9381e-09
1.56902e-10
2.02745e-09
5.94954e-11
2.09855e-09
-4.61681e-12
2.12062e-09
-1.01171e-10
2.10277e-09
-1.80698e-10
2.04616e-09
-2.44156e-10
1.95344e-09
-2.89416e-10
1.82512e-09
-3.20518e-10
1.68212e-09
-3.02816e-10
1.53733e-09
-2.65169e-10
1.40844e-09
-2.1662e-10
1.30134e-09
-1.68529e-10
1.21524e-09
-1.2566e-10
1.14847e-09
-8.7978e-11
1.09874e-09
-5.56677e-11
1.06344e-09
-2.90273e-11
1.0398e-09
-8.13133e-12
1.02497e-09
7.3198e-12
1.01644e-09
1.76194e-11
1.01213e-09
2.3353e-11
1.00969e-09
2.49491e-11
1.00768e-09
2.37113e-11
1.00517e-09
2.06336e-11
1.00152e-09
1.63604e-11
9.96387e-10
1.15352e-11
9.8985e-10
6.84511e-12
9.82297e-10
2.83084e-12
9.74317e-10
-1.14784e-13
9.66612e-10
-1.65419e-12
9.59969e-10
-1.62563e-12
9.55137e-10
-7.76448e-14
9.52849e-10
3.00036e-12
9.53685e-10
7.30306e-12
9.58056e-10
1.24965e-11
9.66147e-10
1.82512e-11
9.77919e-10
2.42301e-11
9.93109e-10
3.01412e-11
1.01124e-09
3.58111e-11
1.0316e-09
4.12683e-11
1.05325e-09
4.6767e-11
1.07499e-09
5.26874e-11
1.09522e-09
5.94202e-11
6.71993e-11
1.79478e-09
-2.41772e-10
1.90415e-09
-4.69824e-10
1.92725e-09
-4.70141e-10
1.88203e-09
-4.14368e-10
1.79601e-09
-3.46647e-10
1.68864e-09
-2.81545e-10
1.57608e-09
-2.26413e-10
1.46842e-09
-1.82106e-10
1.37061e-09
-1.46795e-10
1.28422e-09
-1.18635e-10
1.20943e-09
-9.596e-11
1.14576e-09
-7.74685e-11
1.0923e-09
-6.22699e-11
1.04792e-09
-4.97649e-11
1.01148e-09
-3.94756e-11
9.81986e-10
-3.09781e-11
9.58532e-10
-2.39191e-11
9.4036e-10
-1.80584e-11
9.2684e-10
-1.31861e-11
9.17438e-10
-9.01385e-12
9.11757e-10
-5.35059e-12
9.09324e-10
-1.82207e-12
9.10231e-10
1.14408e-12
9.144e-10
4.00588e-12
9.21805e-10
6.97348e-12
9.32574e-10
1.00838e-11
9.46909e-10
1.34548e-11
9.6512e-10
1.71473e-11
9.87593e-10
2.12608e-11
1.01479e-09
2.59037e-11
1.04726e-09
3.12012e-11
1.08562e-09
3.73147e-11
1.13061e-09
4.44074e-11
1.18404e-09
5.35162e-11
1.23851e-09
5.89927e-11
1.28464e-09
6.10499e-11
1.31115e-09
4.51894e-11
1.30747e-09
9.07405e-12
1.27204e-09
-2.92402e-11
1.20947e-09
-5.71457e-11
1.12218e-09
-7.92785e-11
1.01918e-09
-9.15817e-11
9.06282e-10
-9.71348e-11
8.01309e-10
-8.01128e-11
7.1299e-10
-5.75296e-11
6.4109e-10
-3.93767e-11
5.831e-10
-2.61894e-11
5.38518e-10
-1.46676e-11
5.03916e-10
-6.78151e-12
4.78759e-10
-7.62588e-14
4.60833e-10
4.30747e-12
4.49237e-10
8.07373e-12
4.42841e-10
1.03663e-11
4.41119e-10
1.22882e-11
4.43577e-10
1.35036e-11
4.49969e-10
1.47021e-11
4.59867e-10
1.53634e-11
4.73894e-10
1.66753e-11
4.90921e-10
1.70179e-11
5.12725e-10
1.88323e-11
5.37482e-10
1.92564e-11
5.66548e-10
2.10751e-11
5.98814e-10
2.17253e-11
6.34806e-10
2.35006e-11
6.73801e-10
2.4166e-11
7.15845e-10
2.5748e-11
7.60273e-10
2.60477e-11
8.0705e-10
2.72155e-11
8.5525e-10
2.68838e-11
9.05128e-10
2.7442e-11
9.55351e-10
2.63412e-11
1.00663e-09
2.60965e-11
1.0576e-09
2.44748e-11
1.10847e-09
2.29721e-11
1.15902e-09
2.11862e-11
1.20858e-09
1.86202e-11
1.25752e-09
1.64777e-11
1.30539e-09
1.34613e-11
1.35264e-09
1.11583e-11
1.39882e-09
8.10458e-12
1.44458e-09
5.82239e-12
1.48983e-09
3.44299e-12
1.53489e-09
1.5032e-12
1.58005e-09
1.14408e-13
1.62531e-09
-9.42996e-13
1.67103e-09
-1.77697e-12
1.71746e-09
-1.7194e-12
1.76353e-09
-2.46944e-12
1.81022e-09
-1.5567e-12
1.85577e-09
-2.65911e-12
1.90057e-09
-2.03276e-12
1.94226e-09
-4.20649e-12
1.98144e-09
-4.459e-12
2.0145e-09
-9.17292e-12
2.04258e-09
-1.18151e-11
2.0612e-09
-1.90856e-11
2.07172e-09
-2.3912e-11
2.06989e-09
-3.26302e-11
2.05795e-09
-3.84085e-11
2.03176e-09
-4.73673e-11
1.9952e-09
-5.20448e-11
1.94555e-09
-5.86355e-11
1.88693e-09
-6.03521e-11
1.81891e-09
-6.25159e-11
1.74494e-09
-6.01918e-11
1.66625e-09
-5.76631e-11
1.58612e-09
-5.11948e-11
1.50534e-09
-4.52892e-11
1.42765e-09
-3.64121e-11
1.35247e-09
-2.91603e-11
1.28282e-09
-1.98682e-11
1.21758e-09
-1.26138e-11
1.1586e-09
-4.75698e-12
1.10559e-09
6.19177e-13
1.05817e-09
6.35922e-12
1.0156e-09
1.12749e-11
9.77883e-10
1.50953e-11
9.44341e-10
1.75604e-11
9.14627e-10
1.93576e-11
8.88272e-10
2.05174e-11
8.64482e-10
2.07387e-11
8.43289e-10
2.0906e-11
8.23922e-10
2.02894e-11
8.06097e-10
1.9607e-11
7.89521e-10
1.86575e-11
7.73884e-10
1.74134e-11
7.59016e-10
1.61988e-11
7.44635e-10
1.48563e-11
7.3054e-10
1.34965e-11
7.16707e-10
1.23278e-11
7.02993e-10
1.09289e-11
6.89679e-10
1.02739e-11
6.76003e-10
8.68345e-12
6.63384e-10
8.88166e-12
6.50531e-10
7.39252e-12
6.38823e-10
7.95357e-12
6.27722e-10
7.13799e-12
6.18226e-10
8.05567e-12
6.09832e-10
7.63034e-12
6.03945e-10
9.20234e-12
5.99688e-10
9.11143e-12
5.99085e-10
1.13848e-11
6.00996e-10
1.17987e-11
6.07369e-10
1.45677e-11
6.17345e-10
1.55539e-11
6.32417e-10
1.88682e-11
6.52282e-10
2.05433e-11
6.78234e-10
2.46936e-11
7.09017e-10
2.64097e-11
7.47209e-10
3.17625e-11
7.90234e-10
3.35994e-11
8.41753e-10
4.00656e-11
8.98515e-10
4.25015e-11
9.64352e-10
4.98332e-11
1.03652e-09
5.3743e-11
1.1188e-09
6.28047e-11
1.20908e-09
7.04865e-11
1.29897e-09
6.70341e-11
1.35452e-09
3.95676e-12
1.38475e-09
-3.48478e-11
1.36774e-09
-8.41701e-11
1.31133e-09
-1.24301e-10
1.21998e-09
-1.52807e-10
1.09971e-09
-1.69154e-10
9.54835e-10
-1.75656e-10
8.09082e-10
-1.57072e-10
6.74896e-10
-1.30988e-10
5.62389e-10
-1.04115e-10
4.73364e-10
-7.95031e-11
4.05593e-10
-5.78859e-11
3.56484e-10
-3.88645e-11
3.23301e-10
-2.24797e-11
3.03324e-10
-9.04513e-12
2.93808e-10
1.3903e-12
2.917e-10
9.43214e-12
2.94807e-10
1.4516e-11
3.01015e-10
1.71471e-11
3.08307e-10
1.76583e-11
3.15352e-10
1.66674e-11
3.21305e-10
1.46804e-11
3.25634e-10
1.203e-11
3.28109e-10
9.05828e-12
3.28822e-10
6.13097e-12
3.28126e-10
3.52409e-12
3.2666e-10
1.34929e-12
3.24961e-10
4.36684e-14
3.23762e-10
-4.28716e-13
3.23796e-10
-1.13151e-13
3.25604e-10
1.19187e-12
3.29776e-10
3.13014e-12
3.36708e-10
5.56514e-12
3.4657e-10
8.38943e-12
3.59348e-10
1.14518e-11
3.74883e-10
1.46067e-11
3.92868e-10
1.78269e-11
4.12835e-10
2.13019e-11
4.34163e-10
2.54391e-11
4.55933e-10
3.09181e-11
4.76657e-10
3.86972e-11
4.831e-11
1.80293e-09
-3.44688e-10
1.73813e-09
-4.05013e-10
1.56729e-09
-2.99318e-10
1.36447e-09
-2.11559e-10
1.16725e-09
-1.49451e-10
9.93084e-10
-1.07401e-10
8.45764e-10
-7.91016e-11
7.23561e-10
-5.99037e-11
6.23189e-10
-4.64246e-11
5.4108e-10
-3.65274e-11
4.74096e-10
-2.8976e-11
4.19675e-10
-2.30482e-11
3.75713e-10
-1.83086e-11
3.40436e-10
-1.4488e-11
3.12358e-10
-1.13972e-11
2.9026e-10
-8.88118e-12
2.73156e-10
-6.81572e-12
2.60235e-10
-5.13825e-12
2.50848e-10
-3.79906e-12
2.44532e-10
-2.6987e-12
2.40932e-10
-1.75175e-12
2.39917e-10
-8.07151e-13
2.41045e-10
1.4974e-14
2.44331e-10
7.19545e-13
2.49892e-10
1.41227e-12
2.57822e-10
2.15442e-12
2.68233e-10
3.04401e-12
2.8142e-10
3.96136e-12
2.97702e-10
4.97943e-12
3.1747e-10
6.13769e-12
3.41196e-10
7.47817e-12
3.69454e-10
9.05953e-12
4.02922e-10
1.09435e-11
4.42937e-10
1.35042e-11
4.86032e-10
1.59007e-11
5.28275e-10
1.88079e-11
5.5726e-10
1.62046e-11
5.60078e-10
6.25366e-12
5.3511e-10
-4.27504e-12
4.8919e-10
-1.12291e-11
4.26155e-10
-1.6246e-11
3.53185e-10
-1.86148e-11
2.75137e-10
-1.90879e-11
2.08252e-10
-1.32281e-11
1.57617e-10
-6.89082e-12
1.20551e-10
-2.30434e-12
9.39068e-11
4.63907e-13
7.63888e-11
2.86153e-12
6.51526e-11
4.46755e-12
5.95334e-11
5.55711e-12
5.76812e-11
6.17433e-12
5.92308e-11
6.53848e-12
6.30284e-11
6.58169e-12
6.88212e-11
6.50585e-12
7.61017e-11
6.23045e-12
8.48594e-11
5.94791e-12
9.46581e-11
5.56492e-12
1.0598e-10
5.35085e-12
1.18153e-10
4.84101e-12
1.32261e-10
4.72129e-12
1.47279e-10
4.23618e-12
1.64147e-10
4.2094e-12
1.82135e-10
3.7424e-12
2.01835e-10
3.81024e-12
2.22541e-10
3.47288e-12
2.44758e-10
3.54774e-12
2.67679e-10
3.14722e-12
2.91756e-10
3.16085e-12
3.16026e-10
2.64061e-12
3.40996e-10
2.49997e-12
3.6556e-10
1.80762e-12
3.90287e-10
1.40036e-12
4.14197e-10
5.96333e-13
4.37398e-10
-1.98698e-13
4.59689e-10
-1.07479e-12
4.80558e-10
-2.21895e-12
5.00292e-10
-3.22794e-12
5.18367e-10
-4.58739e-12
5.353e-10
-5.75165e-12
5.50593e-10
-7.1687e-12
5.64801e-10
-8.37118e-12
5.77888e-10
-9.63535e-12
5.90184e-10
-1.0788e-11
6.02081e-10
-1.17816e-11
6.13843e-10
-1.27052e-11
6.25491e-10
-1.34269e-11
6.37528e-10
-1.37592e-11
6.4928e-10
-1.42262e-11
6.6187e-10
-1.41545e-11
6.73724e-10
-1.45234e-11
6.85953e-10
-1.42738e-11
6.9631e-10
-1.4578e-11
7.06243e-10
-1.44054e-11
7.12061e-10
-1.50051e-11
7.15384e-10
-1.5153e-11
7.12329e-10
-1.60445e-11
7.04948e-10
-1.65448e-11
6.89981e-10
-1.76772e-11
6.69765e-10
-1.82066e-11
6.41511e-10
-1.91258e-11
6.08645e-10
-1.91916e-11
5.69515e-10
-1.95174e-11
5.27685e-10
-1.8533e-11
4.82355e-10
-1.71969e-11
4.36891e-10
-1.4739e-11
3.9114e-10
-1.19231e-11
3.48016e-10
-8.0808e-12
3.06536e-10
-3.8175e-12
2.70287e-10
-1.70827e-13
2.37627e-10
3.49443e-12
2.107e-10
7.05285e-12
1.87978e-10
1.01044e-11
1.70778e-10
1.24392e-11
1.56979e-10
1.4416e-11
1.47238e-10
1.61001e-11
1.41116e-10
1.73964e-11
1.38081e-10
1.81312e-11
1.3717e-10
1.84719e-11
1.38014e-10
1.85141e-11
1.40229e-10
1.83022e-11
1.43113e-10
1.78534e-11
1.46748e-10
1.72669e-11
1.50517e-10
1.65152e-11
1.54289e-10
1.58284e-11
1.57841e-10
1.50992e-11
1.61107e-10
1.41443e-11
1.64027e-10
1.32779e-11
1.66456e-10
1.24298e-11
1.68336e-10
1.16219e-11
1.6978e-10
1.08929e-11
1.70576e-10
1.01447e-11
1.71281e-10
9.58232e-12
1.71141e-10
8.83689e-12
1.71504e-10
8.53385e-12
1.71095e-10
7.81764e-12
1.71399e-10
7.66541e-12
1.71465e-10
7.08924e-12
1.72505e-10
7.03325e-12
1.73607e-10
6.54801e-12
1.76218e-10
6.61179e-12
1.79174e-10
6.17665e-12
1.84185e-10
6.39373e-12
1.89965e-10
6.03707e-12
1.98229e-10
6.31803e-12
2.07764e-10
6.02797e-12
2.20193e-10
6.44197e-12
2.34477e-10
6.2569e-12
2.52256e-10
6.90661e-12
2.71964e-10
6.69129e-12
2.96005e-10
7.71102e-12
3.22113e-10
7.48344e-12
3.53325e-10
8.85145e-12
3.87051e-10
8.77916e-12
4.26497e-10
1.03987e-11
4.69552e-10
1.0706e-11
5.1959e-10
1.27881e-11
5.75548e-10
1.45468e-11
6.29098e-10
1.34948e-11
6.44086e-10
-1.10266e-11
6.33068e-10
-2.38307e-11
5.8651e-10
-3.76168e-11
5.10799e-10
-4.8594e-11
4.12752e-10
-5.47647e-11
2.99787e-10
-5.61929e-11
1.77664e-10
-5.35373e-11
6.53365e-11
-4.47476e-11
-2.98701e-11
-3.57833e-11
-1.05961e-10
-2.80261e-11
-1.64141e-10
-2.1324e-11
-2.06668e-10
-1.53582e-11
-2.3577e-10
-9.76184e-12
-2.53336e-10
-4.91167e-12
-2.61214e-10
-1.1654e-12
-2.6169e-10
1.86793e-12
-2.56454e-10
4.1982e-12
-2.47692e-10
5.75591e-12
-2.36966e-10
6.42145e-12
-2.25804e-10
6.49697e-12
-2.15266e-10
6.12824e-12
-2.06048e-10
5.46202e-12
-1.98541e-10
4.52261e-12
-1.929e-10
3.41548e-12
-1.89085e-10
2.31445e-12
-1.86856e-10
1.29417e-12
-1.85926e-10
4.17412e-13
-1.85654e-10
-2.29966e-13
-1.8547e-10
-6.13855e-13
-1.84856e-10
-7.27834e-13
-1.83131e-10
-5.33451e-13
-1.79926e-10
-7.54822e-14
-1.7495e-10
5.8937e-13
-1.67996e-10
1.43484e-12
-1.58999e-10
2.45442e-12
-1.47911e-10
3.51883e-12
-1.34748e-10
4.66384e-12
-1.19595e-10
6.14892e-12
-1.024e-10
8.24442e-12
-8.30029e-11
1.15214e-11
-6.17221e-11
1.74176e-11
2.58564e-11
1.35543e-09
9.50414e-10
6.51166e-10
4.39658e-10
2.90209e-10
1.82808e-10
1.03709e-10
4.3807e-11
-2.61768e-12
-3.91454e-11
-6.81216e-11
-9.11702e-11
-1.09479e-10
-1.23968e-10
-1.35366e-10
-1.44247e-10
-1.51064e-10
-1.56203e-10
-1.60003e-10
-1.62703e-10
-1.64456e-10
-1.65265e-10
-1.65251e-10
-1.64533e-10
-1.63122e-10
-1.6097e-10
-1.57928e-10
-1.53969e-10
-1.48992e-10
-1.42858e-10
-1.35383e-10
-1.26329e-10
-1.15392e-10
-1.01896e-10
-8.60057e-11
-6.72104e-11
-5.10178e-11
-4.47718e-11
-4.90493e-11
-6.02772e-11
-7.65197e-11
-9.51308e-11
-1.14217e-10
-1.27446e-10
-1.34339e-10
-1.36645e-10
-1.36181e-10
-1.33315e-10
-1.28841e-10
-1.23272e-10
-1.17084e-10
-1.10531e-10
-1.03934e-10
-9.74157e-11
-9.11763e-11
-8.52235e-11
-7.9657e-11
-7.43063e-11
-6.94644e-11
-6.47387e-11
-6.04922e-11
-5.62654e-11
-5.24987e-11
-4.86586e-11
-4.51524e-11
-4.15693e-11
-3.83866e-11
-3.51918e-11
-3.25195e-11
-2.9991e-11
-2.81581e-11
-2.67359e-11
-2.61204e-11
-2.63026e-11
-2.73632e-11
-2.95698e-11
-3.2787e-11
-3.73655e-11
-4.31105e-11
-5.02741e-11
-5.8641e-11
-6.8271e-11
-7.90513e-11
-9.08217e-11
-1.03512e-10
-1.16922e-10
-1.30663e-10
-1.4487e-10
-1.59007e-10
-1.73514e-10
-1.87773e-10
-2.02337e-10
-2.16731e-10
-2.31728e-10
-2.46874e-10
-2.62915e-10
-2.79459e-10
-2.97137e-10
-3.15346e-10
-3.34476e-10
-3.53673e-10
-3.73196e-10
-3.91733e-10
-4.08934e-10
-4.23675e-10
-4.35598e-10
-4.43676e-10
-4.47487e-10
-4.47649e-10
-4.44142e-10
-4.37075e-10
-4.26953e-10
-4.14496e-10
-4.0006e-10
-3.8394e-10
-3.66524e-10
-3.48375e-10
-3.29887e-10
-3.11362e-10
-2.93055e-10
-2.75205e-10
-2.57951e-10
-2.41459e-10
-2.25665e-10
-2.10609e-10
-1.96513e-10
-1.83287e-10
-1.7091e-10
-1.59338e-10
-1.48491e-10
-1.38387e-10
-1.28838e-10
-1.20029e-10
-1.11517e-10
-1.03713e-10
-9.60531e-11
-8.89612e-11
-8.19163e-11
-7.53477e-11
-6.87065e-11
-6.24934e-11
-5.60587e-11
-4.99797e-11
-4.36231e-11
-3.75636e-11
-3.10998e-11
-2.48318e-11
-1.79236e-11
-1.12368e-11
-3.53201e-12
3.94784e-12
1.28023e-11
2.1592e-11
3.20085e-11
4.27358e-11
5.55434e-11
7.01027e-11
8.3602e-11
7.25775e-11
4.87477e-11
1.11319e-11
-3.74619e-11
-9.22274e-11
-1.48424e-10
-2.01967e-10
-2.46724e-10
-2.82517e-10
-3.10554e-10
-3.31888e-10
-3.47256e-10
-3.57025e-10
-3.61943e-10
-3.63111e-10
-3.61245e-10
-3.57046e-10
-3.51287e-10
-3.44863e-10
-3.38362e-10
-3.3223e-10
-3.26764e-10
-3.22237e-10
-3.18819e-10
-3.16502e-10
-3.15206e-10
-3.14788e-10
-3.15017e-10
-3.15631e-10
-3.1636e-10
-3.16894e-10
-3.16971e-10
-3.16383e-10
-3.14949e-10
-3.12496e-10
-3.08978e-10
-3.04315e-10
-2.98167e-10
-2.89923e-10
-2.78401e-10
-2.60983e-10
)
;

boundaryField
{
    inlet
    {
        type            calculated;
        value           nonuniform List<scalar> 
20
(
-1.7e-09
-1.7e-09
-1.7e-09
-1.7e-09
-1.7e-09
-1.7e-09
-1.7e-09
-1.7e-09
-1.7e-09
-1.7e-09
-1.7e-09
-1.7e-09
-1.7e-09
-1.7e-09
-1.7e-09
-1.7e-09
-1.7e-09
-1.7e-09
-1.7e-09
-1.7e-09
)
;
    }
    outlet
    {
        type            calculated;
        value           nonuniform List<scalar> 
20
(
-3.06288e-10
-8.52561e-11
5.03681e-10
1.17185e-09
1.77769e-09
2.27424e-09
2.65697e-09
2.93292e-09
3.10792e-09
3.18455e-09
3.1647e-09
3.04969e-09
2.84261e-09
2.54697e-09
2.16168e-09
1.68242e-09
1.11289e-09
4.95547e-10
-3.92676e-11
-2.35126e-10
)
;
    }
    walls
    {
        type            calculated;
        value           uniform 0;
    }
    frontAndBack
    {
        type            empty;
    }
}


// ************************************************************************* //
