/*--------------------------------*- C++ -*----------------------------------*\
| =========                 |                                                 |
| \\      /  F ield         | OpenFOAM: The Open Source CFD Toolbox           |
|  \\    /   O peration     | Version:  2506                                  |
|   \\  /    A nd           | Website:  www.openfoam.com                      |
|    \\/     M anipulation  |                                                 |
\*---------------------------------------------------------------------------*/
FoamFile
{
    version     2.0;
    format      ascii;
    arch        "LSB;label=32;scalar=64";
    class       volScalarField;
    location    "1.12704";
    object      s;
}
// * * * * * * * * * * * * * * * * * * * * * * * * * * * * * * * * * * * * * //

dimensions      [0 0 0 0 0 0 0];

internalField   nonuniform List<scalar> 
4000
(
-2.46941e-17
-7.11565e-18
2.27441e-13
1.16442e-10
3.33957e-08
2.39717e-06
7.87029e-05
0.00109363
0.00841068
0.0498576
0.180762
0.324185
0.340644
0.308582
0.213314
0.0903126
0.016565
0.00513744
0.00383206
0.00262143
0.00165972
0.000998757
0.000581952
0.000331908
0.000185185
9.99886e-05
5.18957e-05
2.63588e-05
1.36859e-05
7.32268e-06
3.9488e-06
2.09275e-06
1.06904e-06
5.18047e-07
2.25155e-07
4.84591e-08
-1.3939e-07
-4.81218e-07
-1.18128e-06
-2.68e-06
-7.23951e-06
-1.2855e-05
-1.72906e-05
-2.0648e-05
-2.19305e-05
-2.21667e-05
-2.20902e-05
-2.0622e-05
-1.90666e-05
-1.69314e-05
-1.41296e-05
-1.14841e-05
-8.2536e-06
-5.70629e-06
-3.75673e-06
-2.24372e-06
-1.13933e-06
-4.84719e-07
-2.69847e-07
-1.39582e-07
-6.55489e-08
-2.84208e-08
-1.15576e-08
-4.51858e-09
-1.76137e-09
-7.07581e-10
-2.99198e-10
-1.30384e-10
-5.6803e-11
-2.38626e-11
-9.43305e-12
-3.46658e-12
-1.1647e-12
-3.57396e-13
-1.00136e-13
-2.60888e-14
-6.51757e-15
-1.51058e-15
-3.04144e-16
-4.71405e-17
-3.84055e-18
4.28959e-19
2.16711e-19
-1.65056e-19
-1.58634e-18
-6.98287e-19
-1.48931e-19
-1.33406e-20
6.49292e-22
2.2511e-20
1.99857e-20
1.85467e-21
-1.02727e-21
-3.83439e-21
-1.67325e-21
-4.18253e-21
-3.21595e-21
-1.06095e-20
-1.3914e-20
-3.3797e-20
-4.91598e-20
-6.66601e-20
-6.53168e-20
-3.63705e-20
3.43011e-20
8.30108e-20
1.53373e-19
2.17578e-19
3.78967e-19
4.76929e-19
4.96142e-19
5.32412e-19
5.36417e-19
4.55782e-19
4.14656e-19
2.67901e-19
1.15978e-19
2.64017e-20
-4.92632e-20
-9.97252e-20
-1.26061e-19
-1.27155e-19
-1.13541e-19
-9.21023e-20
-5.81859e-20
-3.19644e-20
-1.65706e-20
-8.03473e-21
-3.87043e-21
-1.96692e-21
-8.00455e-22
-2.95851e-22
-7.04564e-23
5.55862e-23
1.10837e-22
1.4464e-22
1.11682e-22
9.08463e-23
5.07134e-23
2.15374e-23
3.14544e-24
-4.2251e-24
-4.76859e-24
-2.69684e-24
-9.10843e-25
-1.57128e-25
-5.63941e-26
-3.18695e-26
-9.27393e-27
5.87519e-27
8.26693e-27
6.08299e-27
2.71655e-27
9.13627e-28
1.78511e-28
-1.48358e-29
-2.98346e-29
-1.69033e-29
-6.12933e-30
-1.88623e-30
6.93742e-30
1.09211e-29
9.9903e-30
6.75285e-30
4.7854e-30
2.67688e-30
3.68259e-31
-6.99488e-31
-4.73388e-31
-1.85603e-31
-5.78687e-32
-1.62278e-32
-6.39454e-33
-6.80025e-33
-9.25723e-33
-1.05233e-32
-9.79665e-33
-7.63046e-33
-5.03655e-33
-2.83668e-33
-1.36858e-33
-5.54577e-34
-1.81804e-34
-4.49833e-35
-6.74747e-36
1.61385e-37
3.52275e-37
5.51684e-38
-6.74584e-39
-4.30247e-39
-8.52925e-40
-7.90444e-41
6.62204e-41
2.13351e-41
-3.53262e-41
-4.76623e-41
-4.10566e-41
-2.9719e-41
-1.81534e-41
-4.90082e-42
9.31652e-19
-9.30984e-17
3.91947e-14
1.24023e-11
2.27289e-09
1.08958e-07
3.32823e-06
4.85313e-05
0.000398002
0.00213892
0.00688572
0.0152231
0.0259266
0.0379211
0.0500465
0.064728
0.0802849
0.103494
0.145123
0.211181
0.293581
0.363096
0.373146
0.359529
0.321546
0.243626
0.145166
0.065311
0.0323627
0.019985
0.0126486
0.00775242
0.00451313
0.00243335
0.00123525
0.000609112
0.000292698
0.000136107
6.02288e-05
2.32806e-05
1.09912e-05
7.99141e-06
8.41638e-07
-6.94392e-06
-1.23055e-05
-1.14122e-05
-1.38917e-06
1.249e-05
3.07463e-05
4.852e-05
6.00944e-05
6.57681e-05
5.95484e-05
4.74799e-05
3.01586e-05
1.49195e-05
3.17777e-06
-4.77652e-06
-9.29088e-06
-1.10351e-05
-1.09446e-05
-9.70999e-06
-7.90559e-06
-5.96772e-06
-4.19061e-06
-2.73586e-06
-1.66011e-06
-9.31615e-07
-4.83067e-07
-2.30668e-07
-1.01148e-07
-4.07403e-08
-1.49512e-08
-4.98476e-09
-1.50192e-09
-4.02071e-10
-1.08096e-10
-2.86505e-11
-7.00905e-12
-1.48681e-12
-2.54639e-13
-2.70746e-14
2.95884e-15
2.97708e-15
1.17789e-15
3.57067e-16
8.9553e-17
1.84922e-17
3.48362e-18
1.11697e-18
3.25793e-19
-2.08975e-19
-2.8311e-19
-2.57867e-19
-2.35797e-19
-2.16863e-19
-2.77121e-19
-2.09967e-19
3.19376e-21
1.6128e-18
4.25313e-18
9.70261e-18
1.69675e-17
1.85936e-17
1.90397e-17
1.80518e-17
1.49273e-17
1.24617e-17
1.53776e-17
1.72004e-17
1.64265e-17
1.85322e-17
1.87211e-17
2.02602e-17
2.39439e-17
2.79336e-17
2.40696e-17
2.37456e-17
1.70544e-17
1.14477e-17
7.58059e-18
4.88585e-18
3.06852e-18
1.88791e-18
1.00492e-18
3.77529e-19
3.14959e-20
-1.06062e-19
-1.37478e-19
-1.32366e-19
-1.10606e-19
-8.97988e-20
-7.63971e-20
-6.04802e-20
-4.79296e-20
-3.94907e-20
-2.87373e-20
-2.13281e-20
-1.44308e-20
-8.99094e-21
-4.90671e-21
-2.15791e-21
-6.28445e-22
3.00056e-24
1.32263e-22
9.42508e-23
4.15725e-23
1.15446e-23
-1.49648e-25
-2.75474e-24
-2.16568e-24
-1.14667e-24
-4.48333e-25
-1.17467e-25
-5.57128e-27
1.6257e-26
1.17632e-26
5.43371e-27
1.85536e-27
4.83215e-28
2.36017e-28
2.17033e-29
-1.6558e-28
-2.13381e-28
-2.3854e-28
-2.33145e-28
-2.31847e-28
-1.54137e-28
-7.34776e-29
-2.92075e-29
-1.08472e-29
-4.3095e-30
-2.1485e-30
-1.4192e-30
-1.09915e-30
-8.65395e-31
-6.42536e-31
-4.37271e-31
-2.70527e-31
-1.52094e-31
-7.78283e-32
-3.61061e-32
-1.49611e-32
-5.34419e-33
-1.50455e-33
-2.3372e-34
5.85722e-35
6.22456e-35
2.81876e-35
8.7777e-36
1.87242e-36
1.56295e-37
-8.03272e-38
-3.18922e-38
1.76817e-38
2.46275e-38
1.54935e-38
7.16327e-39
2.77412e-39
6.32965e-40
2.95832e-17
-2.24698e-16
8.09449e-15
1.77088e-12
1.97342e-10
5.87934e-09
7.43827e-08
4.78683e-07
1.72247e-06
3.9671e-06
7.96269e-06
2.08388e-05
7.943e-05
0.000307693
0.00105893
0.00293736
0.00611159
0.0112529
0.0198312
0.0335153
0.0528895
0.0766261
0.106197
0.145698
0.193841
0.250041
0.313
0.376946
0.409573
0.404537
0.383751
0.345379
0.267851
0.155797
0.0651924
0.030821
0.0194703
0.0152698
0.0125909
0.0113617
0.0155243
0.0249128
0.0370528
0.0507968
0.06428
0.0768188
0.0885186
0.0967968
0.102779
0.105365
0.103837
0.099301
0.0903473
0.0791807
0.0652072
0.0507753
0.0377967
0.0269498
0.018637
0.0123271
0.00792469
0.00492101
0.0029492
0.0017052
0.000947216
0.000509883
0.000264461
0.00013277
6.39878e-05
2.94153e-05
1.27439e-05
5.08801e-06
1.80319e-06
5.13796e-07
7.49727e-08
-3.71814e-08
-4.38301e-08
-2.70126e-08
-1.14884e-08
-3.01568e-09
-1.19224e-10
-2.95372e-11
-1.1593e-11
-4.40768e-12
-1.53058e-12
-4.81583e-13
-1.37442e-13
-3.56386e-14
-8.38541e-15
-1.77078e-15
-3.19787e-16
-3.79789e-17
7.724e-18
1.11335e-17
8.38763e-18
5.7384e-18
5.33798e-18
7.17218e-18
1.07768e-17
1.00259e-17
1.33033e-17
2.01827e-17
1.99141e-17
1.97806e-17
1.25214e-17
-4.64488e-19
-1.7326e-17
-5.79707e-17
-1.29333e-16
-1.91596e-16
-1.94107e-16
-1.74214e-16
-1.3909e-16
-1.19625e-16
-9.93624e-17
-7.84265e-17
-3.77636e-17
-1.26578e-17
8.71208e-18
1.98333e-17
2.84182e-17
3.5127e-17
3.97051e-17
4.28944e-17
4.15148e-17
2.77064e-17
1.62351e-17
8.71626e-18
4.32172e-18
1.96178e-18
7.34639e-19
1.35259e-19
-1.26812e-19
-2.22441e-19
-2.42396e-19
-2.31527e-19
-1.98154e-19
-1.58841e-19
-1.1323e-19
-7.24042e-20
-4.06688e-20
-1.93356e-20
-7.03494e-21
-1.12292e-21
9.52409e-22
1.18924e-21
8.93493e-22
5.4805e-22
2.9447e-22
1.39477e-22
5.61189e-23
1.67424e-23
1.4702e-24
-2.67315e-24
-2.57714e-24
-1.55498e-24
-7.18839e-25
-2.629e-25
-7.25474e-26
-1.21106e-26
-1.04123e-28
-5.93809e-27
-6.86451e-27
-5.18126e-27
-3.77698e-27
-2.60381e-27
-1.66862e-27
-8.23331e-28
-3.16043e-28
-9.84947e-29
-2.49549e-29
-5.53943e-30
-2.04019e-30
-1.69958e-30
-1.2219e-30
-3.1243e-31
6.03611e-31
1.16736e-30
1.29045e-30
1.09436e-30
7.67602e-31
4.56893e-31
2.3135e-31
9.77357e-32
3.23312e-32
6.54348e-33
-8.42476e-34
-1.67461e-33
-1.03361e-33
-4.57344e-34
-1.60087e-34
-4.35742e-35
-7.63141e-36
4.00804e-37
1.11176e-36
6.93662e-37
3.70093e-37
1.97652e-37
1.07141e-37
4.40229e-38
7.81734e-17
-3.64572e-16
1.32744e-15
2.70083e-13
1.9581e-11
5.57039e-10
6.65879e-09
4.21814e-08
9.55007e-08
2.57609e-07
5.58069e-07
1.4153e-06
2.72393e-06
4.32233e-06
7.14659e-06
1.53528e-05
3.79397e-05
9.33502e-05
0.000224438
0.000533711
0.00125194
0.00286304
0.00642362
0.0134375
0.0254979
0.0445806
0.0732571
0.117776
0.176416
0.243205
0.318486
0.406027
0.445781
0.433491
0.396406
0.356906
0.304636
0.251588
0.215514
0.205815
0.228378
0.26604
0.304671
0.339895
0.369344
0.393126
0.412414
0.425259
0.433381
0.43591
0.432158
0.422997
0.406697
0.384999
0.356317
0.321711
0.281748
0.237093
0.192124
0.146997
0.106388
0.0709935
0.0430413
0.0255701
0.0151219
0.00892918
0.00518988
0.00293307
0.00158455
0.000821373
0.000411731
0.000199281
9.2702e-05
4.08594e-05
1.68612e-05
6.44032e-06
2.22608e-06
6.67174e-07
1.55613e-07
1.21336e-08
-1.68837e-08
-1.38605e-08
-6.84909e-09
-2.91758e-09
-1.11912e-09
-3.93439e-10
-1.28066e-10
-3.88672e-11
-1.10462e-11
-2.95159e-12
-7.44305e-13
-1.7777e-13
-4.03387e-14
-8.69455e-15
-1.73303e-15
-2.75864e-16
2.59348e-18
-1.74271e-17
-1.18723e-16
-4.10562e-16
-9.67295e-16
-1.90656e-15
-3.15911e-15
-4.47705e-15
-6.0531e-15
-7.52604e-15
-9.13975e-15
-1.07863e-14
-1.22359e-14
-1.38061e-14
-1.5038e-14
-1.54948e-14
-1.53518e-14
-1.36274e-14
-1.11519e-14
-8.17678e-15
-5.28237e-15
-3.33806e-15
-2.09753e-15
-1.32935e-15
-8.1503e-16
-4.74652e-16
-2.58304e-16
-1.38432e-16
-7.17966e-17
-1.27073e-17
1.93872e-17
3.31723e-17
3.30504e-17
2.86045e-17
2.30531e-17
1.79359e-17
1.38314e-17
1.02914e-17
7.54213e-18
5.48067e-18
3.75159e-18
2.52723e-18
1.64874e-18
1.02757e-18
5.96588e-19
3.09385e-19
1.35742e-19
4.44058e-20
5.84499e-21
-5.77674e-21
-6.42475e-21
-4.22427e-21
-2.06217e-21
-6.90866e-22
-5.23212e-23
1.54117e-22
1.58999e-22
1.05879e-22
5.52902e-23
2.32508e-23
7.51488e-24
1.40913e-24
-2.35413e-25
-3.81503e-25
-1.80633e-25
-5.67722e-26
-1.33226e-26
3.75259e-27
1.25288e-26
1.57182e-26
1.64204e-26
1.2469e-26
7.38121e-27
3.75121e-27
1.74911e-27
7.89946e-28
3.67082e-28
1.89154e-28
1.14866e-28
8.1109e-29
6.14896e-29
4.63509e-29
3.32628e-29
2.23078e-29
1.38906e-29
8.00897e-30
4.26013e-30
2.07306e-30
9.06252e-31
3.41864e-31
1.0014e-31
1.40054e-32
-8.43528e-33
-9.73168e-33
-6.3473e-33
-3.31447e-33
-1.49322e-33
-5.92007e-34
-2.05704e-34
-6.27409e-35
-1.69232e-35
-4.09213e-36
-9.36977e-37
1.46015e-37
3.85143e-17
-8.6714e-17
1.12918e-16
3.82949e-14
2.24924e-12
1.01405e-10
7.77919e-10
3.38476e-09
6.70848e-09
3.04206e-08
8.35248e-08
1.24212e-07
1.47346e-07
1.81731e-07
3.02879e-07
6.76879e-07
1.66327e-06
3.99216e-06
9.2593e-06
2.11915e-05
4.86103e-05
0.000111174
0.000249737
0.000548943
0.0011817
0.00251289
0.00537772
0.0120329
0.0254994
0.0482227
0.0856049
0.152968
0.238458
0.326964
0.404385
0.464416
0.505364
0.521467
0.52514
0.529832
0.537436
0.547087
0.557416
0.567588
0.577105
0.58562
0.593033
0.599251
0.604202
0.607944
0.610114
0.610478
0.607834
0.601379
0.589348
0.57044
0.541537
0.500338
0.451395
0.39346
0.331599
0.267642
0.204961
0.148844
0.101893
0.0657197
0.0387986
0.0211958
0.0116007
0.00640003
0.00349308
0.00181307
0.000883663
0.000406098
0.0001767
7.1647e-05
2.60258e-05
7.92276e-06
1.61956e-06
-1.57072e-07
-4.61822e-07
-3.46919e-07
-1.97011e-07
-9.32347e-08
-3.908e-08
-1.49808e-08
-5.35102e-09
-1.79102e-09
-5.64817e-10
-1.69014e-10
-4.82131e-11
-1.31325e-11
-3.41663e-12
-8.50904e-13
-2.03079e-13
-4.67272e-14
-1.15382e-14
-5.76771e-15
-4.51477e-15
9.0486e-16
1.06749e-14
4.31784e-15
-1.30348e-14
-3.05018e-14
-4.25488e-14
-4.90582e-14
-4.30673e-14
-3.75187e-14
-3.32415e-14
-3.78557e-14
-5.6271e-14
-7.4506e-14
-9.2136e-14
-9.32486e-14
-9.23166e-14
-8.93987e-14
-8.30833e-14
-7.15243e-14
-5.79299e-14
-4.38395e-14
-3.05434e-14
-1.96982e-14
-1.18233e-14
-6.72494e-15
-3.77334e-15
-2.10741e-15
-1.16019e-15
-5.90669e-16
-2.1006e-16
-3.55746e-17
3.75066e-17
6.18522e-17
7.13751e-17
6.43147e-17
5.2906e-17
4.16581e-17
3.18114e-17
2.36434e-17
1.6347e-17
1.04408e-17
6.1109e-18
3.21784e-18
1.47871e-18
5.47302e-19
1.20519e-19
-3.52397e-20
-7.00277e-20
-6.05844e-20
-4.08333e-20
-2.35374e-20
-1.19021e-20
-5.17572e-21
-1.83379e-21
-4.07675e-22
6.75857e-23
1.52839e-22
1.16271e-22
6.52288e-23
3.0258e-23
1.19312e-23
4.35811e-24
1.48824e-24
7.09284e-25
4.77245e-25
3.78874e-25
2.91261e-25
2.14664e-25
1.33004e-25
7.00477e-26
3.27752e-26
1.41266e-26
5.79982e-27
2.36831e-27
1.02894e-27
5.142e-28
3.01164e-28
1.92574e-28
1.22829e-28
7.37694e-29
4.05916e-29
2.02502e-29
9.16836e-30
3.83251e-30
1.54984e-30
6.55372e-31
3.04492e-31
1.48285e-31
7.07613e-32
2.98241e-32
9.34613e-33
4.75107e-34
-2.3144e-33
-2.43597e-33
-1.73502e-33
-1.01684e-33
-5.23063e-34
-2.50068e-34
-1.16953e-34
-5.65084e-35
-2.06877e-35
2.47536e-18
2.69682e-17
-3.06743e-16
4.82958e-15
6.59858e-13
2.77184e-11
1.42439e-10
3.70623e-10
5.19116e-10
-5.31381e-10
-1.12756e-09
-2.04755e-09
-2.88072e-09
-5.00437e-09
-2.19335e-08
-2.95789e-08
-5.125e-09
9.73466e-08
3.78619e-07
1.08773e-06
2.84058e-06
7.10589e-06
1.72197e-05
4.06544e-05
9.43969e-05
0.000217355
0.000494847
0.00109824
0.00233881
0.00481816
0.0104014
0.0247257
0.0523241
0.103861
0.185085
0.271322
0.346942
0.41195
0.464702
0.498191
0.515701
0.526681
0.535139
0.542758
0.551011
0.560225
0.570167
0.581275
0.592778
0.603802
0.614281
0.623756
0.633146
0.640925
0.643375
0.641328
0.635563
0.623102
0.602045
0.567565
0.520627
0.463863
0.399722
0.332169
0.264681
0.202212
0.146537
0.100239
0.0645228
0.0388442
0.0212581
0.0108735
0.00560379
0.00286935
0.00139096
0.000614939
0.000246145
8.77559e-05
2.54097e-05
3.70713e-06
-2.1798e-06
-2.88536e-06
-2.09232e-06
-1.20574e-06
-5.46735e-07
-2.38555e-07
-9.56038e-08
-3.57881e-08
-1.29308e-08
-4.52941e-09
-1.53222e-09
-4.99707e-10
-1.56194e-10
-4.61772e-11
-1.25382e-11
-2.93694e-12
-5.50314e-13
4.94791e-13
1.52081e-12
3.11649e-12
3.7468e-12
2.83544e-12
2.18727e-12
2.21762e-12
2.85124e-12
3.72775e-12
4.92655e-12
5.67955e-12
5.98181e-12
5.62035e-12
4.48259e-12
3.11361e-12
1.7109e-12
8.83845e-13
2.58805e-13
-8.10733e-14
-2.09137e-13
-2.28433e-13
-1.99983e-13
-1.56621e-13
-1.13598e-13
-7.72459e-14
-4.92499e-14
-3.04964e-14
-1.87254e-14
-1.1209e-14
-6.39636e-15
-3.41874e-15
-1.68869e-15
-8.71359e-16
-5.38288e-16
-3.2641e-16
-2.12009e-16
-1.10605e-16
-5.31782e-17
-2.055e-17
4.55734e-18
2.65025e-17
2.60098e-17
1.89993e-17
1.20123e-17
6.92311e-18
3.72383e-18
1.87489e-18
8.75876e-19
3.63111e-19
1.0511e-19
-8.71776e-21
-4.70132e-20
-4.96209e-20
-3.83798e-20
-2.50385e-20
-1.42896e-20
-7.17845e-21
-3.13659e-21
-1.12875e-21
-2.80268e-22
5.9311e-24
6.22796e-23
4.9643e-23
2.74312e-23
1.23381e-23
5.10563e-24
2.3986e-24
1.45118e-24
9.62867e-25
6.22548e-25
3.40948e-25
1.60861e-25
6.5762e-26
2.27641e-26
5.91306e-27
2.88034e-28
-1.14648e-27
-1.26252e-27
-1.0725e-27
-8.6357e-28
-6.84443e-28
-5.29272e-28
-3.92467e-28
-2.75553e-28
-1.819e-28
-1.12466e-28
-6.49287e-29
-3.48514e-29
-1.726e-29
-7.77703e-30
-3.10811e-30
-1.02469e-30
-2.04076e-31
5.72097e-32
1.02146e-31
8.1049e-32
5.08133e-32
2.79129e-32
1.39481e-32
6.46676e-33
2.78711e-33
1.1137e-33
2.45714e-34
-1.27458e-17
6.56852e-17
-1.3118e-16
3.07511e-16
3.01883e-13
5.80789e-12
1.85591e-11
1.62738e-11
-4.24042e-11
-2.30266e-10
-4.21282e-10
-6.15026e-10
-7.83515e-10
-1.89111e-09
-4.04138e-09
-6.40177e-09
-8.06824e-09
-1.96859e-09
2.19137e-08
8.86891e-08
2.61713e-07
7.09205e-07
1.84415e-06
4.66942e-06
1.16278e-05
2.86469e-05
6.95757e-05
0.00016491
0.000377342
0.000841225
0.00188323
0.00415363
0.00835719
0.0188538
0.0434877
0.0798148
0.125483
0.173447
0.216645
0.251721
0.275269
0.292654
0.308812
0.326549
0.347623
0.372068
0.399105
0.428794
0.459894
0.491724
0.523401
0.553708
0.58181
0.606496
0.626971
0.642144
0.650258
0.650513
0.645672
0.633527
0.611366
0.57686
0.531883
0.477986
0.4168
0.352134
0.286756
0.224665
0.168608
0.120766
0.081866
0.0520281
0.0309053
0.0167157
0.0080646
0.00386103
0.0018254
0.000799422
0.000306066
9.80464e-05
2.16729e-05
-2.11204e-06
-7.02214e-06
-6.52509e-06
-4.60736e-06
-2.38845e-06
-1.00163e-06
-4.57276e-07
-2.05751e-07
-8.68505e-08
-3.59585e-08
-1.4872e-08
-6.05881e-09
-2.37499e-09
-8.61969e-10
-2.69187e-10
-5.43827e-11
1.89134e-11
4.51093e-11
6.55439e-11
9.13174e-11
1.35837e-10
1.76966e-10
2.04827e-10
2.23891e-10
2.32393e-10
2.34375e-10
2.24158e-10
2.03958e-10
1.75356e-10
1.41099e-10
1.05844e-10
7.14823e-11
4.09583e-11
1.86431e-11
8.0752e-12
3.52649e-12
1.53017e-12
6.42119e-13
2.48377e-13
7.68408e-14
4.46893e-15
-2.33297e-14
-3.02845e-14
-2.65016e-14
-1.81925e-14
-1.17914e-14
-8.25513e-15
-6.64749e-15
-6.66365e-15
-5.43608e-15
-4.11823e-15
-3.01081e-15
-2.14777e-15
-1.49841e-15
-1.02738e-15
-7.05578e-16
-4.91196e-16
-2.86875e-16
-1.54412e-16
-7.5408e-17
-3.10911e-17
-8.47305e-18
1.38674e-18
4.42949e-18
4.36933e-18
3.23058e-18
2.03742e-18
1.13099e-18
5.50203e-19
2.29902e-19
7.38229e-20
1.04555e-20
-9.11125e-21
-1.1061e-20
-7.93546e-21
-4.57402e-21
-2.26914e-21
-1.00684e-21
-4.02805e-22
-1.62534e-22
-6.97365e-23
-3.34724e-23
-1.73588e-23
-9.4015e-24
-5.15106e-24
-2.91443e-24
-1.64016e-24
-8.64619e-25
-4.33055e-25
-2.08959e-25
-9.83786e-26
-4.62359e-26
-2.25689e-26
-1.20814e-26
-7.36434e-27
-5.02508e-27
-3.62427e-27
-2.61911e-27
-1.8384e-27
-1.23672e-27
-7.94187e-28
-4.86805e-28
-2.85024e-28
-1.5936e-28
-8.48688e-29
-4.28347e-29
-2.03263e-29
-8.89456e-30
-3.44068e-30
-1.04544e-30
-1.17067e-31
1.64985e-31
1.96266e-31
1.51517e-31
9.85587e-32
5.79268e-32
3.16141e-32
1.64592e-32
6.1043e-33
-1.07962e-17
5.36253e-17
-1.0438e-16
1.30852e-16
1.15186e-13
8.97507e-13
-2.08104e-14
-7.53104e-12
-1.44431e-11
-1.11299e-11
-2.20461e-12
8.98444e-12
6.5731e-11
1.18581e-10
2.65906e-10
7.10476e-10
9.59016e-10
1.30759e-09
4.3528e-09
1.53427e-08
4.66728e-08
1.31788e-07
3.58816e-07
9.53488e-07
2.49359e-06
6.43206e-06
1.63628e-05
4.08587e-05
9.91315e-05
0.000233458
0.000539472
0.00122048
0.00257124
0.00548847
0.0113681
0.0212846
0.036658
0.0564436
0.0788647
0.102434
0.125101
0.148
0.172466
0.19911
0.228829
0.261665
0.297113
0.334982
0.374373
0.414585
0.45479
0.493928
0.531129
0.565209
0.595176
0.620074
0.639207
0.651283
0.654887
0.651648
0.641557
0.622466
0.594494
0.557835
0.512711
0.460641
0.403078
0.342849
0.282511
0.224901
0.172476
0.126725
0.0889069
0.0590045
0.0365939
0.0210507
0.0108868
0.00494939
0.00222473
0.000976238
0.000383315
0.000123999
2.70896e-05
-3.23517e-06
-1.00627e-05
-9.71816e-06
-7.59178e-06
-4.66785e-06
-2.17094e-06
-1.01886e-06
-5.47472e-07
-3.00577e-07
-1.62078e-07
-8.6637e-08
-4.62852e-08
-2.46923e-08
-1.29016e-08
-6.38759e-09
-2.82249e-09
-8.67757e-10
1.60852e-10
7.17443e-10
9.95539e-10
1.11688e-09
1.14507e-09
1.09635e-09
1.00624e-09
8.87818e-10
7.4888e-10
6.0729e-10
4.79357e-10
3.76994e-10
3.03346e-10
2.5258e-10
1.8093e-10
1.22384e-10
8.82744e-11
6.44429e-11
4.58976e-11
3.14662e-11
2.0671e-11
1.29518e-11
7.72478e-12
4.37253e-12
2.28967e-12
1.02771e-12
3.6061e-13
6.19812e-14
-4.73481e-14
-7.08437e-14
-6.0711e-14
-4.78444e-14
-3.55042e-14
-2.49314e-14
-1.6744e-14
-1.07912e-14
-6.5915e-15
-3.81405e-15
-2.0924e-15
-1.07185e-15
-4.99275e-16
-1.97449e-16
-5.20744e-17
8.26493e-18
2.62335e-17
2.59549e-17
1.96563e-17
1.29435e-17
7.69777e-18
4.17752e-18
2.0794e-18
9.32458e-19
3.66921e-19
1.14561e-19
1.75619e-20
-1.14086e-20
-1.46657e-20
-1.07103e-20
-6.40459e-21
-3.40245e-21
-1.74296e-21
-8.75911e-22
-4.36584e-22
-2.21283e-22
-1.15791e-22
-6.13086e-23
-3.26289e-23
-1.67487e-23
-8.0443e-24
-3.61985e-24
-1.52233e-24
-5.90336e-25
-2.04477e-25
-5.83274e-26
-9.99059e-27
2.1813e-27
3.02313e-27
1.49148e-27
2.13402e-28
-4.07078e-28
-5.66166e-28
-5.05976e-28
-3.80313e-28
-2.60154e-28
-1.67745e-28
-1.03712e-28
-6.18658e-29
-3.55201e-29
-1.95455e-29
-1.02381e-29
-5.03971e-30
-2.27746e-30
-8.97864e-31
-2.63853e-31
-7.51907e-33
7.24706e-32
7.94383e-32
6.24215e-32
4.3095e-32
2.22568e-32
-9.24227e-18
4.8228e-17
-9.88614e-17
2.24081e-16
2.68317e-14
1.71888e-14
-3.2734e-13
-6.78405e-13
-4.77596e-13
-3.21031e-13
5.2625e-13
5.06229e-12
1.8857e-11
4.57824e-11
1.14951e-10
2.69635e-10
7.13851e-10
1.88779e-09
4.84649e-09
1.28481e-08
3.48247e-08
9.44403e-08
2.54036e-07
6.72944e-07
1.75136e-06
4.4978e-06
1.13376e-05
2.79129e-05
6.65517e-05
0.000154452
0.000341791
0.000727059
0.00149215
0.00292549
0.00558688
0.0101065
0.0172165
0.0276161
0.0414135
0.0583484
0.0775684
0.0992049
0.123658
0.151243
0.182172
0.216307
0.253217
0.292623
0.333853
0.376281
0.419156
0.461511
0.50241
0.540659
0.575159
0.604869
0.628644
0.645782
0.655515
0.656992
0.651887
0.639435
0.619769
0.59311
0.559596
0.519756
0.474071
0.423784
0.370275
0.315427
0.261421
0.210032
0.163213
0.12216
0.0876297
0.0599334
0.0386704
0.0232474
0.0128658
0.00628078
0.00274781
0.00120514
0.000515745
0.000195634
5.91769e-05
8.56481e-06
-7.374e-06
-1.11013e-05
-1.08735e-05
-9.37285e-06
-6.56493e-06
-3.81892e-06
-2.05457e-06
-1.2984e-06
-8.73803e-07
-5.9668e-07
-4.01668e-07
-2.62258e-07
-1.66908e-07
-1.04869e-07
-6.51789e-08
-4.0084e-08
-2.42707e-08
-1.44276e-08
-8.4704e-09
-4.93255e-09
-2.88798e-09
-1.6833e-09
-1.61208e-09
-1.71141e-09
-1.46174e-09
-9.22159e-10
-3.27963e-10
1.39216e-10
4.96816e-10
6.75501e-10
6.43566e-10
5.13636e-10
3.65221e-10
2.37978e-10
1.44113e-10
8.1441e-11
4.28692e-11
2.08143e-11
9.07257e-12
3.29501e-12
7.22594e-13
-2.49293e-13
-5.07191e-13
-4.85521e-13
-3.79236e-13
-2.6764e-13
-1.77543e-13
-1.12277e-13
-6.83485e-14
-4.01728e-14
-2.27105e-14
-1.22958e-14
-6.30525e-15
-2.9956e-15
-1.26187e-15
-4.15392e-16
-4.45689e-17
8.74544e-17
1.1112e-16
9.38802e-17
6.69891e-17
4.31511e-17
2.5699e-17
1.42601e-17
7.40858e-18
3.57153e-18
1.58174e-18
6.20362e-19
1.97781e-19
3.36261e-20
-1.69528e-20
-2.41148e-20
-1.8591e-20
-1.16906e-20
-6.76e-21
-3.71092e-21
-1.96517e-21
-1.02447e-21
-5.34716e-22
-2.76935e-22
-1.41472e-22
-6.92823e-23
-3.17944e-23
-1.35482e-23
-5.24239e-24
-1.72979e-24
-3.82254e-25
5.66639e-26
1.49911e-25
1.32095e-25
9.17462e-26
5.68933e-26
3.29237e-26
1.81671e-26
9.67615e-27
5.00712e-27
2.52158e-27
1.23152e-27
5.77293e-28
2.54209e-28
1.00801e-28
3.2139e-29
4.18413e-30
-5.15163e-30
-6.69648e-30
-5.52435e-30
-3.81511e-30
-2.3598e-30
-1.33777e-30
-6.98195e-31
-3.32362e-31
-1.39958e-31
-4.78726e-32
-9.9108e-34
-8.3839e-18
3.49246e-17
-1.18189e-16
3.58738e-16
-1.10615e-16
-6.05449e-15
-7.88754e-15
-5.73075e-15
-1.61506e-15
1.04651e-13
5.59243e-13
2.08644e-12
6.94967e-12
2.23732e-11
6.94252e-11
2.09894e-10
6.29471e-10
1.85797e-09
5.30102e-09
1.47446e-08
4.03267e-08
1.08552e-07
2.87081e-07
7.4601e-07
1.90461e-06
4.7835e-06
1.17994e-05
2.84012e-05
6.63273e-05
0.000149761
0.000324526
0.000672013
0.00133655
0.00253286
0.00458983
0.00796243
0.0132469
0.0211415
0.0319775
0.0458863
0.0626208
0.0822326
0.104931
0.130945
0.160455
0.193412
0.229547
0.26868
0.310329
0.353952
0.398792
0.443797
0.487775
0.529303
0.566943
0.599342
0.625511
0.644557
0.655875
0.659143
0.655995
0.646324
0.629463
0.606587
0.578274
0.54504
0.507305
0.465657
0.420736
0.373435
0.324972
0.276532
0.22966
0.18565
0.14565
0.110592
0.0809294
0.0568073
0.0380205
0.0240126
0.014175
0.00772974
0.0037048
0.0016355
0.000739078
0.000335248
0.000143386
5.22207e-05
1.15591e-05
-5.29951e-06
-1.182e-05
-1.41109e-05
-1.41852e-05
-1.3061e-05
-1.10602e-05
-8.10718e-06
-5.48752e-06
-3.80801e-06
-2.91114e-06
-2.31853e-06
-1.82401e-06
-1.41206e-06
-1.07132e-06
-8.01769e-07
-5.9555e-07
-4.36627e-07
-3.14909e-07
-2.21034e-07
-1.46708e-07
-9.08238e-08
-5.15191e-08
-2.59065e-08
-1.06761e-08
-2.59449e-09
9.87117e-10
2.0798e-09
2.02586e-09
1.57621e-09
1.08381e-09
6.82688e-10
3.99866e-10
2.18609e-10
1.11122e-10
5.17772e-11
2.1299e-11
6.91681e-12
8.71255e-13
-1.20231e-12
-1.58765e-12
-1.36538e-12
-1.00409e-12
-6.76951e-13
-4.30491e-13
-2.61141e-13
-1.52043e-13
-8.50489e-14
-4.55032e-14
-2.3098e-14
-1.09393e-14
-4.66159e-15
-1.62628e-15
-2.93043e-16
2.01743e-16
3.17264e-16
2.85049e-16
2.12449e-16
1.42482e-16
8.88634e-17
5.225e-17
2.91075e-17
1.54064e-17
7.70409e-18
3.61443e-18
1.55709e-18
5.90882e-19
1.73904e-19
1.66677e-20
-2.85849e-20
-3.20789e-20
-2.39074e-20
-1.53883e-20
-9.12469e-21
-5.12067e-21
-2.76624e-21
-1.45927e-21
-7.4931e-22
-3.72778e-22
-1.76391e-22
-7.78744e-23
-3.14404e-23
-1.10341e-23
-2.82666e-24
4.28335e-26
7.73717e-25
7.59706e-25
5.57196e-25
3.59257e-25
2.14438e-25
1.21287e-25
6.583e-26
3.45473e-26
1.76122e-26
8.74355e-27
4.22708e-27
1.98313e-27
8.94445e-28
3.79609e-28
1.44353e-28
4.26016e-29
2.83454e-30
-9.61601e-30
-1.10919e-29
-8.93815e-30
-6.18821e-30
-3.89765e-30
-2.28236e-30
-1.25195e-30
-6.42157e-31
-3.09316e-31
-9.44987e-32
2.38571e-19
-4.17237e-18
1.69175e-17
-3.42653e-17
1.12689e-16
-1.44562e-16
-8.00168e-16
5.09701e-16
8.68427e-15
9.96846e-14
5.10372e-13
1.87193e-12
6.38926e-12
2.07451e-11
6.47197e-11
1.96724e-10
5.88665e-10
1.72404e-09
4.92845e-09
1.37876e-08
3.78781e-08
1.02233e-07
2.70603e-07
7.02459e-07
1.79039e-06
4.48199e-06
1.1002e-05
2.63533e-05
6.12576e-05
0.000137359
0.00029602
0.000611875
0.00120979
0.00229267
0.00415738
0.00719355
0.0118744
0.0187155
0.0280627
0.0401486
0.0549786
0.0727707
0.0938002
0.118284
0.146437
0.178399
0.214226
0.254002
0.297449
0.34397
0.392527
0.441621
0.489449
0.534153
0.573818
0.606955
0.632648
0.650484
0.659573
0.66098
0.657017
0.645954
0.628685
0.60609
0.579019
0.548142
0.51406
0.477282
0.438281
0.39755
0.355675
0.313288
0.271227
0.230331
0.191473
0.155516
0.123124
0.0947912
0.0707764
0.0511001
0.0355492
0.0237334
0.0150805
0.00908183
0.00518345
0.00273884
0.00128892
0.000614171
0.000300755
0.000145809
6.58663e-05
2.37296e-05
1.18317e-06
-1.06173e-05
-1.65492e-05
-1.91147e-05
-1.94207e-05
-1.84286e-05
-1.65193e-05
-1.40305e-05
-1.0924e-05
-8.25997e-06
-6.10974e-06
-4.42439e-06
-3.12669e-06
-2.13976e-06
-1.4094e-06
-8.86295e-07
-5.27153e-07
-2.92979e-07
-1.49046e-07
-6.67186e-08
-2.36515e-08
-3.7624e-09
3.39149e-09
4.85334e-09
4.21799e-09
3.07155e-09
2.01023e-09
1.21338e-09
6.82175e-10
3.57368e-10
1.72942e-10
7.5499e-11
2.78582e-11
6.79739e-12
-1.13691e-12
-3.17586e-12
-3.09094e-12
-2.38079e-12
-1.63492e-12
-1.04351e-12
-6.30235e-13
-3.63026e-13
-1.99867e-13
-1.04963e-13
-5.21461e-14
-2.41011e-14
-9.99519e-15
-3.36854e-15
-5.47782e-16
4.56806e-16
6.71402e-16
5.91348e-16
4.37173e-16
2.94105e-16
1.85442e-16
1.11321e-16
6.41061e-17
3.55387e-17
1.8969e-17
9.71434e-18
4.73594e-18
2.16383e-18
8.98689e-19
3.14695e-19
6.97855e-20
-1.6943e-20
-3.66812e-20
-3.25758e-20
-2.31344e-20
-1.46858e-20
-8.66636e-21
-4.83783e-21
-2.5838e-21
-1.31946e-21
-6.41308e-22
-2.92847e-22
-1.23076e-22
-4.57887e-23
-1.33955e-23
-1.36951e-24
2.13878e-24
2.49115e-24
1.92537e-24
1.26915e-24
7.62815e-25
4.29574e-25
2.29672e-25
1.17376e-25
5.75193e-26
2.70371e-26
1.21548e-26
5.18314e-27
2.0564e-27
7.22469e-28
1.90014e-28
8.92274e-32
-5.20632e-29
-5.43006e-29
-4.22181e-29
-2.89206e-29
-1.83416e-29
-1.09786e-29
-6.24788e-30
-3.38455e-30
-1.73892e-30
-8.38718e-31
-3.78186e-31
-9.78931e-32
-1.87092e-18
-1.02868e-18
4.06677e-17
-2.43174e-16
1.47962e-15
1.97498e-14
-5.62883e-14
-9.50846e-14
-9.35399e-14
-1.78344e-14
1.78407e-13
1.41439e-12
5.49844e-12
1.74834e-11
5.16598e-11
1.51229e-10
4.46338e-10
1.30786e-09
3.76211e-09
1.06214e-08
2.95328e-08
8.0861e-08
2.17393e-07
5.72952e-07
1.48067e-06
3.75325e-06
9.31166e-06
2.25168e-05
5.27396e-05
0.000119041
0.00025768
0.000534424
0.00105917
0.00201015
0.00365365
0.00633854
0.0104761
0.0165041
0.0247926
0.0356663
0.0493317
0.0660676
0.0860382
0.10954
0.137325
0.170188
0.208737
0.253088
0.302634
0.355899
0.41093
0.46524
0.516115
0.561429
0.599147
0.628227
0.648381
0.658718
0.659401
0.655347
0.646118
0.631304
0.611522
0.585985
0.557448
0.52664
0.494084
0.460112
0.425065
0.389279
0.353035
0.31673
0.28073
0.245474
0.211451
0.179162
0.149083
0.121646
0.0971785
0.0758978
0.0578603
0.0429971
0.0310991
0.0218656
0.0149416
0.00990405
0.00634316
0.00394098
0.00238012
0.00139869
0.000798641
0.000431611
0.000206862
9.19972e-05
3.43435e-05
5.1867e-06
-9.31229e-06
-1.60343e-05
-1.86088e-05
-1.90361e-05
-1.80116e-05
-1.54276e-05
-1.22569e-05
-9.13639e-06
-6.42536e-06
-4.27019e-06
-2.68151e-06
-1.58584e-06
-8.76994e-07
-4.47413e-07
-2.05141e-07
-7.93283e-08
-2.02193e-08
2.81021e-09
7.52667e-09
6.93366e-09
5.43879e-09
3.72559e-09
2.31905e-09
1.33101e-09
7.0891e-10
3.49164e-10
1.56321e-10
6.07145e-11
1.72082e-11
7.32036e-14
-4.28123e-12
-4.39e-12
-3.34648e-12
-2.38816e-12
-1.54761e-12
-9.33741e-13
-5.31977e-13
-2.87682e-13
-1.47272e-13
-7.07655e-14
-3.12507e-14
-1.21477e-14
-3.62035e-15
-2.3405e-16
8.36214e-16
9.73081e-16
7.9344e-16
5.60331e-16
3.64682e-16
2.24882e-16
1.33415e-16
7.68295e-17
4.31594e-17
2.37515e-17
1.27628e-17
6.68783e-18
3.37738e-18
1.6214e-18
7.1714e-19
2.73687e-19
7.17202e-20
-8.89542e-21
-3.23703e-20
-3.2159e-20
-2.44489e-20
-1.62894e-20
-9.94081e-21
-5.65714e-21
-3.02494e-21
-1.51986e-21
-7.12781e-22
-3.07676e-22
-1.18146e-22
-3.66206e-23
-5.40482e-24
4.22948e-24
5.61607e-24
4.46627e-24
2.96022e-24
1.7667e-24
9.77512e-25
5.07675e-25
2.48494e-25
1.14379e-25
4.90192e-26
1.90834e-26
6.32339e-27
1.38561e-27
-2.38329e-28
-5.87735e-28
-5.2067e-28
-3.6603e-28
-2.30353e-28
-1.35368e-28
-7.56815e-29
-4.0586e-29
-2.09176e-29
-1.03285e-29
-4.84315e-30
-2.1189e-30
-8.33834e-31
-2.686e-31
-4.56298e-32
4.32887e-32
-1.15738e-18
1.59531e-19
1.31122e-17
-2.34643e-16
4.67895e-15
1.00321e-13
4.0713e-13
-4.58967e-13
-4.3788e-12
-6.3547e-12
-3.94525e-12
2.47862e-13
9.98763e-12
3.4812e-11
8.1468e-11
1.89041e-10
4.38099e-10
1.09182e-09
2.77328e-09
7.291e-09
1.97988e-08
5.46762e-08
1.50868e-07
4.11168e-07
1.10069e-06
2.88888e-06
7.40877e-06
1.84769e-05
4.45045e-05
0.000102899
0.000226822
0.000475503
0.000948547
0.00180471
0.00327921
0.0056895
0.00942318
0.0149212
0.0226144
0.0329264
0.0461063
0.062297
0.0818689
0.106553
0.138594
0.179088
0.228012
0.283921
0.344562
0.406411
0.466158
0.520914
0.567814
0.604162
0.630904
0.647538
0.650941
0.647262
0.638214
0.623692
0.603351
0.577809
0.549544
0.520255
0.490616
0.460764
0.430888
0.400945
0.370965
0.34108
0.311286
0.281887
0.25297
0.224785
0.19759
0.171606
0.1471
0.124313
0.103457
0.084697
0.0681397
0.0538241
0.0417123
0.0316947
0.023605
0.0172284
0.0123192
0.00863408
0.00593108
0.00399558
0.00263899
0.00170569
0.00107317
0.000654922
0.000383506
0.000212152
0.000106483
4.41376e-05
9.66765e-06
-7.22126e-06
-1.35951e-05
-1.42482e-05
-1.23961e-05
-9.45837e-06
-6.53712e-06
-4.16589e-06
-2.46743e-06
-1.35445e-06
-6.81183e-07
-3.08014e-07
-1.20104e-07
-3.38803e-08
5.20419e-10
8.36118e-09
7.92994e-09
6.10457e-09
4.27262e-09
2.63009e-09
1.48463e-09
7.78709e-10
3.78641e-10
1.68031e-10
6.51673e-11
1.89459e-11
7.8918e-13
-3.94346e-12
-4.08628e-12
-3.03079e-12
-2.11699e-12
-1.33429e-12
-7.8126e-13
-4.30602e-13
-2.23978e-13
-1.09821e-13
-5.00646e-14
-2.03328e-14
-6.64948e-15
-1.6704e-15
4.60062e-17
5.83951e-16
6.62616e-16
5.26903e-16
3.59544e-16
2.25073e-16
1.33037e-16
7.53817e-17
4.18009e-17
2.29594e-17
1.25551e-17
6.89479e-18
3.76383e-18
2.04465e-18
1.08026e-18
5.45689e-19
2.51071e-19
9.50502e-20
1.75851e-20
-1.61528e-20
-2.62061e-20
-2.48361e-20
-1.89953e-20
-1.27973e-20
-7.83289e-21
-4.42306e-21
-2.3058e-21
-1.10717e-21
-4.82625e-22
-1.85027e-22
-5.6243e-23
-7.18177e-24
7.58643e-24
9.34793e-24
7.2253e-24
4.67035e-24
2.70761e-24
1.44365e-24
7.13603e-25
3.26096e-25
1.35634e-25
4.92267e-26
1.36274e-26
8.8659e-28
-2.53778e-27
-2.67977e-27
-1.96818e-27
-1.24272e-27
-7.16927e-28
-3.87579e-28
-1.98625e-28
-9.68319e-29
-4.47739e-29
-1.94179e-29
-7.69576e-30
-2.61278e-30
-6.00949e-31
7.81753e-32
2.29932e-31
2.03877e-31
1.4171e-31
7.36388e-32
-5.93358e-18
1.68964e-17
-1.58163e-17
9.1565e-18
8.81996e-15
5.4258e-13
5.25974e-12
4.01849e-12
-5.81077e-12
-3.76398e-11
-7.07463e-11
-1.0824e-10
-4.0591e-10
-6.68566e-10
-5.77858e-10
-9.41258e-10
-1.69286e-09
-2.34706e-09
-1.53711e-09
1.1236e-08
5.02703e-08
1.48003e-07
3.8005e-07
9.23657e-07
2.15612e-06
4.89086e-06
1.08149e-05
2.3304e-05
4.89287e-05
9.94285e-05
0.000198462
0.000417714
0.000866297
0.00168297
0.00309254
0.00542774
0.00909278
0.0146669
0.0225063
0.0329508
0.0465086
0.064385
0.0888291
0.124925
0.173994
0.233674
0.30029
0.368807
0.43548
0.496627
0.546884
0.585087
0.614146
0.629391
0.627431
0.618563
0.600758
0.57426
0.540111
0.504653
0.469332
0.436214
0.405606
0.37764
0.352051
0.328265
0.305896
0.28447
0.26363
0.243289
0.223161
0.203471
0.184111
0.165243
0.147025
0.129536
0.112949
0.0973778
0.0829458
0.0697261
0.0578015
0.0472056
0.0379461
0.029998
0.0233016
0.0177715
0.0132987
0.00975483
0.00700724
0.00492323
0.00337735
0.00225645
0.00146303
0.000915603
0.000548744
0.000310632
0.000162234
7.46375e-05
2.67178e-05
3.32977e-06
-6.00767e-06
-8.0984e-06
-7.04568e-06
-5.07464e-06
-3.23284e-06
-1.86541e-06
-9.7953e-07
-4.60313e-07
-1.81678e-07
-6.42899e-08
-2.19679e-08
-5.45015e-09
1.79453e-09
3.34533e-09
2.94761e-09
2.02308e-09
1.20188e-09
6.47516e-10
3.41899e-10
1.78324e-10
9.01684e-11
4.30589e-11
1.85732e-11
6.55049e-12
1.26458e-12
-4.8405e-13
-8.13366e-13
-6.61482e-13
-4.49378e-13
-2.80174e-13
-1.65106e-13
-9.29754e-14
-5.00903e-14
-2.58317e-14
-1.26758e-14
-5.83624e-15
-2.36364e-15
-7.57461e-16
-1.29202e-16
6.70463e-17
9.8065e-17
7.91207e-17
5.2853e-17
3.21213e-17
1.84254e-17
1.01766e-17
5.51995e-18
2.95888e-18
1.55538e-18
8.02539e-19
3.99795e-19
1.91768e-19
8.41692e-20
2.9626e-20
1.74305e-21
-1.21059e-20
-1.82893e-20
-2.0022e-20
-1.84663e-20
-1.51169e-20
-1.0901e-20
-7.07225e-21
-4.15953e-21
-2.2303e-21
-1.07836e-21
-4.63493e-22
-1.68601e-22
-4.40207e-23
4.76464e-25
1.17175e-23
1.12441e-23
7.90003e-24
4.77021e-24
2.59046e-24
1.28189e-24
5.75565e-25
2.28784e-25
7.48261e-26
1.46983e-26
-4.30749e-27
-7.57748e-27
-6.07109e-27
-3.88329e-27
-2.1979e-27
-1.14119e-27
-5.53364e-28
-2.52119e-28
-1.076e-28
-4.2293e-29
-1.4599e-29
-3.79868e-30
-1.21585e-31
7.94525e-31
7.82162e-31
5.48774e-31
3.29753e-31
1.78649e-31
8.89967e-32
4.15224e-32
1.31787e-32
-1.18421e-17
7.20957e-17
-1.95853e-16
5.37686e-16
5.52305e-14
3.451e-12
1.96486e-11
9.68291e-11
2.76648e-10
1.63449e-10
3.23008e-11
-1.79887e-10
-9.09242e-10
-4.28295e-09
-1.32448e-08
-3.34836e-08
-6.0603e-08
-5.88374e-08
-1.98673e-08
1.05146e-07
4.07642e-07
1.09575e-06
2.61635e-06
5.87238e-06
1.2636e-05
2.62508e-05
5.27996e-05
0.000102929
0.000194716
0.000357958
0.000643041
0.00113058
0.00193463
0.00320045
0.00516287
0.00805375
0.0122142
0.0182828
0.0273029
0.0405573
0.0604607
0.0929341
0.141995
0.208943
0.284198
0.359906
0.432233
0.491632
0.53682
0.574118
0.597052
0.595682
0.584916
0.561201
0.52177
0.472127
0.419709
0.369432
0.322865
0.282942
0.248973
0.221446
0.199166
0.181313
0.166823
0.154727
0.144267
0.134839
0.125918
0.11735
0.108757
0.100289
0.0917731
0.0833089
0.0749931
0.0668502
0.0590077
0.0515251
0.0444919
0.0379402
0.0319331
0.026495
0.0216445
0.0173882
0.0137141
0.0106023
0.00802274
0.00592539
0.00426441
0.00298048
0.00201644
0.00131352
0.000819694
0.000484944
0.000268812
0.000136541
6.13611e-05
2.22974e-05
3.97502e-06
-2.48631e-06
-3.45767e-06
-2.92211e-06
-1.96138e-06
-1.1507e-06
-6.47195e-07
-3.56877e-07
-1.92284e-07
-1.00186e-07
-4.82618e-08
-1.87998e-08
-5.50087e-09
-1.20787e-09
2.09524e-10
5.3225e-10
4.50835e-10
2.98111e-10
1.83745e-10
1.07525e-10
5.97779e-11
3.18376e-11
1.6411e-11
8.2207e-12
3.96565e-12
1.75495e-12
6.24449e-13
1.30396e-13
-3.311e-14
-6.23286e-14
-4.42647e-14
-2.90819e-14
-1.82222e-14
-1.09803e-14
-6.3982e-15
-3.6337e-15
-1.98385e-15
-1.03599e-15
-5.00361e-16
-1.87099e-16
-5.60213e-17
-9.32284e-18
3.99448e-18
5.8307e-18
4.55221e-18
2.97337e-18
1.78596e-18
1.03104e-18
5.4761e-19
2.53722e-19
9.23957e-20
1.03257e-20
-2.35944e-20
-3.45382e-20
-3.33517e-20
-2.83178e-20
-2.2304e-20
-1.72273e-20
-1.3322e-20
-1.04759e-20
-7.93886e-21
-5.80773e-21
-3.84492e-21
-2.28879e-21
-1.21605e-21
-5.69471e-22
-2.23876e-22
-6.53137e-23
-4.77338e-24
1.17718e-23
1.22609e-23
8.6476e-24
5.11788e-24
2.67754e-24
1.24884e-24
5.08325e-25
1.67058e-25
3.08774e-26
-1.20024e-26
-1.84938e-26
-1.41144e-26
-8.54982e-27
-4.50703e-27
-2.13033e-27
-9.07916e-28
-3.43913e-28
-1.1121e-28
-2.64534e-29
-3.50183e-31
5.23864e-30
4.81812e-30
3.26616e-30
1.94102e-30
1.06063e-30
5.40948e-31
2.57871e-31
1.1407e-31
4.60452e-32
1.63962e-32
4.78697e-33
8.39562e-34
-4.58351e-34
3.83484e-18
2.52187e-17
-3.6997e-16
6.05519e-15
4.19347e-13
1.71545e-11
1.26267e-10
1.03042e-09
3.01605e-09
1.04888e-08
3.24943e-08
5.02629e-08
5.65757e-08
3.64786e-08
-5.32165e-09
-2.61778e-08
4.70596e-08
3.62675e-07
1.23369e-06
3.31263e-06
7.92922e-06
1.76848e-05
3.74935e-05
7.62015e-05
0.000148889
0.000279812
0.000505644
0.000878438
0.00146849
0.00236712
0.00368912
0.0055704
0.00817851
0.0116276
0.016249
0.0225766
0.0316425
0.0448209
0.0659737
0.0995372
0.152446
0.227945
0.315205
0.392624
0.452729
0.497669
0.538249
0.557245
0.552063
0.536989
0.507151
0.457316
0.395713
0.330121
0.267191
0.211263
0.164012
0.125808
0.0953782
0.0730761
0.0580459
0.048542
0.0420191
0.0373676
0.0338679
0.0311619
0.0289825
0.0271844
0.0255779
0.0241421
0.0226973
0.021309
0.0198601
0.0183721
0.0168598
0.0153027
0.0137465
0.0121971
0.010692
0.00923642
0.00786176
0.0065796
0.0054029
0.00434673
0.00341666
0.00261537
0.00194532
0.0013984
0.000970541
0.000646668
0.000412775
0.00025087
0.000145137
7.91959e-05
4.07496e-05
1.96405e-05
8.78249e-06
3.57376e-06
1.17076e-06
6.7304e-09
-3.11374e-07
-2.6472e-07
-1.7839e-07
-1.11171e-07
-6.49884e-08
-3.60634e-08
-1.92254e-08
-9.93622e-09
-5.04078e-09
-2.52601e-09
-1.23752e-09
-5.40351e-10
-1.73235e-10
-3.25911e-11
8.99573e-12
9.19975e-12
5.75059e-12
3.48493e-12
2.09929e-12
1.25398e-12
7.41128e-13
4.33102e-13
2.49934e-13
1.42904e-13
8.07637e-14
4.36075e-14
1.93956e-14
6.63239e-15
1.60458e-15
4.27503e-16
1.66461e-16
8.2007e-17
7.06601e-17
8.92222e-17
6.4509e-17
4.07917e-17
2.26815e-17
1.12276e-17
5.01055e-18
1.98986e-18
6.7312e-19
1.65965e-19
3.51165e-21
-3.02818e-20
-2.57526e-20
-1.46561e-20
-9.62103e-21
-9.33206e-21
-9.75321e-21
-1.04246e-20
-9.92096e-21
-9.18931e-21
-7.78664e-21
-6.40282e-21
-4.95985e-21
-3.76055e-21
-2.78984e-21
-2.05164e-21
-1.36225e-21
-8.63796e-22
-4.71241e-22
-2.10595e-22
-6.77223e-23
-4.08958e-24
1.59541e-23
1.64058e-23
1.11904e-23
6.1831e-24
2.90075e-24
1.12975e-24
3.13742e-25
2.67541e-27
-7.94233e-26
-7.60775e-26
-5.14829e-26
-2.90896e-26
-1.43267e-26
-6.18216e-27
-2.28126e-27
-6.59307e-28
-9.41738e-29
5.05215e-29
5.88467e-29
3.80604e-29
2.03888e-29
1.01175e-29
4.91898e-30
2.39513e-30
1.16269e-30
5.5169e-31
2.49896e-31
1.05314e-31
3.99232e-32
1.27838e-32
2.85747e-33
-7.11377e-35
-5.60765e-34
-4.28099e-34
-2.4022e-34
-9.93798e-35
3.36681e-17
-7.10639e-17
6.06104e-17
4.06883e-14
3.71976e-12
1.0792e-10
1.09469e-09
1.10991e-08
4.95708e-08
1.27871e-07
3.0189e-07
5.84429e-07
1.17025e-06
1.70566e-06
2.44642e-06
4.25589e-06
9.39876e-06
2.25274e-05
5.24933e-05
0.00011564
0.00024013
0.000471848
0.000882495
0.00157942
0.00271735
0.00451251
0.0072504
0.0112378
0.0167229
0.0238775
0.0327984
0.0435085
0.0560854
0.0703677
0.087353
0.108768
0.138838
0.185559
0.252704
0.331732
0.411926
0.468633
0.506441
0.513325
0.504747
0.486214
0.457741
0.409168
0.347218
0.283302
0.221513
0.165041
0.115576
0.0757368
0.0500238
0.0344046
0.0243139
0.0175219
0.0126952
0.00918007
0.00660417
0.00475147
0.00342498
0.00247661
0.00179183
0.00129403
0.000928687
0.000659828
0.000460791
0.000314249
0.000206056
0.000127434
7.05903e-05
3.03233e-05
2.59091e-06
-1.59437e-05
-2.75247e-05
-3.41417e-05
-3.70986e-05
-3.7587e-05
-3.63709e-05
-3.40985e-05
-3.08073e-05
-2.74071e-05
-2.43707e-05
-2.14549e-05
-1.84852e-05
-1.5605e-05
-1.28785e-05
-1.0375e-05
-8.14594e-06
-6.215e-06
-4.60847e-06
-3.31018e-06
-2.30633e-06
-1.55965e-06
-1.01896e-06
-6.33528e-07
-3.6638e-07
-1.71216e-07
-6.16083e-08
-1.93511e-08
-8.90782e-09
-4.66262e-09
-2.47276e-09
-1.2851e-09
-6.49089e-10
-3.17783e-10
-1.5111e-10
-6.97814e-11
-3.13937e-11
-1.37555e-11
-5.84932e-12
-2.43348e-12
-1.00081e-12
-3.04309e-13
-2.14889e-14
1.31791e-14
1.50125e-14
1.14025e-14
7.61487e-15
4.74703e-15
2.82756e-15
1.62631e-15
9.08959e-16
4.94652e-16
2.58953e-16
1.2559e-16
4.92669e-17
6.20733e-18
-5.4668e-18
-6.28438e-18
-5.09113e-18
-3.61404e-18
-2.32631e-18
-1.35711e-18
-7.18538e-19
-3.44384e-19
-1.48573e-19
-5.59185e-20
-1.74137e-20
-3.62606e-21
1.48884e-22
6.30999e-22
3.56556e-22
1.42665e-22
-4.11548e-22
-1.04013e-21
-1.24466e-21
-1.22822e-21
-1.022e-21
-8.22242e-22
-6.14361e-22
-4.52459e-22
-3.04198e-22
-1.82387e-22
-7.44527e-23
1.71266e-23
8.15594e-23
1.00255e-22
8.67627e-23
5.87132e-23
3.43045e-23
1.73782e-23
7.31686e-24
2.23513e-24
1.36152e-25
-4.6883e-25
-4.78586e-25
-3.29513e-25
-1.87051e-25
-9.18046e-26
-3.89794e-26
-1.37077e-26
-3.3587e-27
4.68707e-29
7.27094e-28
5.84993e-28
3.3002e-28
1.51878e-28
5.88295e-29
1.87813e-29
4.44361e-30
5.92712e-31
-3.90979e-32
-2.46941e-32
1.61976e-32
1.98576e-32
1.03968e-32
2.55591e-33
-1.01691e-33
-1.79616e-33
-1.43541e-33
-8.63909e-34
-4.26988e-34
-1.74204e-34
-5.65306e-35
-1.39094e-35
-1.5077e-36
1.32826e-36
7.29018e-17
-2.74226e-16
7.61165e-16
2.52191e-13
3.76328e-11
8.81441e-10
1.29144e-08
1.41781e-07
6.62786e-07
1.86857e-06
3.95919e-06
7.87872e-06
1.98481e-05
6.66399e-05
0.000229486
0.000694765
0.00173283
0.00344517
0.00613159
0.0103188
0.01656
0.0250499
0.035583
0.0478164
0.0617588
0.0786866
0.102393
0.140008
0.190124
0.248771
0.310645
0.368596
0.415841
0.450697
0.469229
0.477647
0.486894
0.503742
0.505487
0.494859
0.470029
0.434187
0.385466
0.315633
0.246615
0.183329
0.126087
0.0804911
0.0527312
0.0360263
0.0249803
0.0173211
0.0118907
0.00801115
0.00526478
0.00339534
0.00216623
0.00137951
0.000873632
0.000550856
0.000344249
0.000211729
0.000126377
7.0811e-05
3.42875e-05
9.7344e-06
-6.73063e-06
-1.8037e-05
-2.5798e-05
-3.1338e-05
-3.48805e-05
-3.72352e-05
-3.83071e-05
-3.84173e-05
-3.76852e-05
-3.61383e-05
-3.40699e-05
-3.15119e-05
-2.86835e-05
-2.56298e-05
-2.25323e-05
-1.9431e-05
-1.63855e-05
-1.34794e-05
-1.07923e-05
-8.26601e-06
-6.18936e-06
-4.52463e-06
-3.24449e-06
-2.26742e-06
-1.53531e-06
-9.76351e-07
-5.91966e-07
-3.51742e-07
-2.03314e-07
-1.10206e-07
-5.82081e-08
-3.00066e-08
-1.51043e-08
-7.3524e-09
-3.44218e-09
-1.52244e-09
-6.54826e-10
-2.7814e-10
-1.17509e-10
-4.93794e-11
-2.06498e-11
-8.57967e-12
-3.54562e-12
-1.45622e-12
-5.95561e-13
-2.42543e-13
-9.84871e-14
-3.9971e-14
-1.61803e-14
-6.48312e-15
-2.64194e-15
-1.00767e-15
-3.68789e-16
-1.33515e-16
-6.70522e-17
-4.30754e-17
-3.51002e-17
-1.74565e-17
-9.25159e-18
-5.63959e-18
-3.64708e-18
-2.21227e-18
-1.11852e-18
-4.49302e-19
-1.11779e-19
3.12915e-20
7.53349e-20
7.05577e-20
5.0076e-20
2.92819e-20
1.45419e-20
5.9823e-21
1.87681e-21
2.63464e-22
-1.75147e-22
-1.92353e-22
-1.13369e-22
-4.85028e-23
-1.44543e-23
-1.66589e-24
2.68471e-24
-1.24516e-24
-8.89413e-24
-1.75042e-23
-2.12244e-23
-2.18697e-23
-1.94309e-23
-1.51684e-23
-9.20382e-24
-6.7669e-25
1.1458e-23
2.66216e-23
2.87864e-23
2.35451e-23
1.32514e-23
5.22596e-24
1.06439e-24
-4.98233e-25
-7.72931e-25
-5.75472e-25
-3.19922e-25
-1.42147e-25
-4.91079e-26
-1.02706e-26
1.94316e-27
3.77222e-27
2.70002e-27
1.43515e-27
6.22207e-28
2.19429e-28
5.7076e-29
5.54384e-30
-4.98956e-30
-4.2657e-30
-2.16335e-30
-8.4606e-31
-2.75596e-31
-8.9527e-32
-3.87963e-32
-2.2684e-32
-1.4137e-32
-8.37261e-33
-4.62498e-33
-2.37967e-33
-1.13277e-33
-4.91371e-34
-1.89355e-34
-6.18779e-35
-1.52768e-35
-1.55208e-36
9.83075e-37
7.9708e-37
3.76945e-37
1.18814e-37
3.04967e-17
-3.84587e-16
4.68939e-15
1.65613e-12
3.31952e-10
1.86634e-08
4.52203e-07
1.02762e-05
0.000107773
0.000706734
0.00294998
0.00786866
0.0155281
0.0250429
0.0355608
0.0459571
0.0591468
0.0730681
0.0920812
0.124493
0.17722
0.249486
0.329292
0.396283
0.417372
0.41214
0.395654
0.357408
0.297664
0.236064
0.188722
0.160778
0.15091
0.154467
0.163478
0.17419
0.180644
0.172787
0.151574
0.119778
0.084785
0.0571503
0.0375378
0.0246141
0.0160954
0.0103551
0.00647321
0.00390959
0.00226952
0.00127543
0.000695849
0.00036956
0.000190858
9.57352e-05
4.64921e-05
2.17744e-05
9.76285e-06
4.14449e-06
1.58714e-06
3.96292e-07
-1.58321e-07
-4.96461e-07
-7.09558e-07
-9.08055e-07
-1.07248e-06
-1.27247e-06
-1.52984e-06
-2.06611e-06
-2.74581e-06
-3.29837e-06
-3.63673e-06
-3.86939e-06
-3.95388e-06
-3.93531e-06
-3.8411e-06
-3.68328e-06
-3.4871e-06
-3.23515e-06
-2.95227e-06
-2.62492e-06
-2.28585e-06
-1.93477e-06
-1.58476e-06
-1.24939e-06
-9.40833e-07
-6.66524e-07
-4.46981e-07
-2.79963e-07
-1.64576e-07
-8.80673e-08
-4.27788e-08
-1.8858e-08
-8.05101e-09
-3.35467e-09
-1.36622e-09
-5.50578e-10
-2.19153e-10
-8.60921e-11
-3.32172e-11
-1.25509e-11
-4.6446e-12
-1.6785e-12
-5.92483e-13
-2.03817e-13
-6.82993e-14
-2.22368e-14
-7.01429e-15
-2.12714e-15
-6.0808e-16
-1.53336e-16
-2.3746e-17
1.05322e-17
1.85135e-17
1.91606e-17
1.7361e-17
1.51222e-17
1.32945e-17
4.99578e-18
1.82154e-18
6.18444e-19
1.42779e-19
1.26434e-20
-2.59952e-20
1.78874e-21
4.58635e-20
6.8107e-20
6.3564e-20
4.48313e-20
2.48543e-20
1.03637e-20
2.27901e-21
-1.05934e-21
-1.76919e-21
-1.37883e-21
-8.04997e-22
-3.65972e-22
-1.24436e-22
-2.04109e-23
1.02717e-23
1.23953e-23
7.49476e-24
3.19739e-24
9.56843e-25
1.06653e-25
-8.31048e-26
-7.67134e-26
3.46148e-26
9.82772e-25
1.80067e-24
2.60917e-24
2.42208e-24
1.75439e-24
6.25626e-25
-6.94223e-25
-1.96082e-24
-3.13259e-24
-3.94388e-24
-3.87115e-24
-3.0113e-24
-2.05517e-24
-1.15232e-24
-5.63595e-25
-2.31126e-25
-6.83425e-26
-1.47238e-27
1.56601e-26
1.32137e-26
7.10181e-27
2.87079e-27
8.7361e-28
1.62104e-28
-1.76886e-29
-3.39084e-29
-1.93767e-29
-7.83928e-30
-2.43884e-30
-5.40163e-31
-4.12912e-32
3.39426e-32
2.24448e-32
7.21235e-33
-1.77943e-33
-3.13805e-33
-1.81211e-33
-7.5397e-34
-3.23999e-34
-1.79006e-34
-1.07828e-34
-5.78027e-35
-2.52659e-35
-8.26361e-36
-1.40742e-36
4.72347e-37
5.63026e-37
2.91664e-37
9.4607e-38
1.83402e-38
6.47741e-40
-1.26335e-39
-6.47987e-40
7.05993e-18
-8.23914e-17
2.52119e-14
1.45406e-11
4.54038e-09
3.75032e-07
1.20685e-05
0.000255249
0.00252154
0.0161691
0.0826902
0.231494
0.349277
0.350967
0.313618
0.216134
0.095751
0.0206595
0.00611385
0.00492262
0.00415676
0.00402606
0.00455676
0.00547131
0.00631415
0.00674943
0.0066007
0.00583605
0.00463051
0.0032967
0.00211966
0.00130435
0.000888667
0.000884858
0.00117522
0.00175265
0.00173703
0.000743656
0.000300912
0.000118768
4.69262e-05
1.88959e-05
7.81214e-06
3.36111e-06
1.56203e-06
7.92183e-07
4.10196e-07
1.87726e-07
5.09005e-08
-2.62701e-08
-5.9801e-08
-6.46761e-08
-5.40653e-08
-3.80855e-08
-2.37057e-08
-1.3493e-08
-7.01237e-09
-3.38243e-09
-2.03599e-09
-3.7271e-09
-5.3038e-09
-9.54941e-09
-1.41723e-08
-2.17745e-08
-2.87139e-08
-3.80158e-08
-3.8236e-08
-2.45419e-08
-1.45163e-08
-1.37682e-08
-1.41631e-08
-1.49759e-08
-1.52162e-08
-1.52766e-08
-1.526e-08
-1.4619e-08
-1.40267e-08
-1.27488e-08
-1.13728e-08
-9.70061e-09
-8.11759e-09
-6.54354e-09
-5.08041e-09
-3.7832e-09
-2.6688e-09
-1.74485e-09
-1.06468e-09
-5.70594e-10
-2.71429e-10
-9.66836e-11
-1.80374e-11
7.43453e-12
1.02669e-11
6.36885e-12
3.30827e-12
1.33645e-12
4.87062e-13
1.53429e-13
4.57769e-14
1.25114e-14
3.29676e-15
8.40476e-16
2.05519e-16
4.75463e-17
9.83248e-18
1.79792e-18
6.66123e-19
1.06837e-18
6.11389e-20
-6.88269e-20
-5.11796e-20
-5.35798e-20
-9.23917e-20
-1.30642e-19
-1.2347e-19
-7.52622e-20
-1.17337e-20
2.66549e-20
3.64978e-20
2.91359e-20
1.66081e-20
6.63464e-21
1.21465e-21
-8.06246e-22
-1.08332e-21
-7.71545e-22
-4.13708e-22
-1.72435e-22
-4.69712e-23
4.3418e-24
1.73303e-23
1.48546e-23
9.19558e-24
4.1681e-24
1.49407e-24
2.44707e-25
-1.10883e-25
-1.3563e-25
-8.08714e-26
-3.14177e-26
-8.71517e-27
-2.01079e-28
1.0015e-27
5.97505e-28
1.72712e-28
1.14652e-29
-4.4329e-28
3.63568e-27
1.17167e-26
4.16184e-26
5.76804e-26
8.3324e-26
8.33077e-26
7.06968e-26
3.31368e-26
-4.60786e-26
-1.84138e-25
-3.47508e-25
-1.65999e-25
-4.28786e-26
1.87674e-27
6.2148e-27
3.02864e-27
8.79597e-28
5.62529e-29
-1.23411e-28
-8.1479e-29
-2.81899e-29
-5.89542e-30
-5.59041e-31
7.98734e-32
-6.29565e-32
-1.7001e-31
-1.16809e-31
-4.70314e-32
-1.27042e-32
-2.30338e-33
-2.26925e-34
1.162e-34
2.31114e-34
2.25892e-34
1.38152e-34
6.74215e-35
3.19797e-35
1.76822e-35
1.11962e-35
7.05309e-36
4.12008e-36
2.19815e-36
1.06514e-36
4.63434e-37
1.77215e-37
5.72287e-38
1.4212e-38
2.21773e-39
-3.00822e-41
-7.79197e-41
-1.49921e-41
-2.83577e-43
8.53087e-43
)
;

boundaryField
{
    inlet
    {
        type            uniformFixedValue;
        uniformValue    table;
        uniformValueCoeffs
        {
            values          
4
(
(0 1)
(0.15 1)
(0.151 0)
(1 0)
)
;
        }
        value           uniform 0;
    }
    outlet
    {
        type            inletOutlet;
        inletValue      uniform 0;
        value           nonuniform List<scalar> 
20
(
-4.90082e-42
6.32965e-40
4.40229e-38
1.46015e-37
-2.06877e-35
2.45714e-34
6.1043e-33
2.22568e-32
-9.9108e-34
-9.44987e-32
-9.78931e-32
4.32887e-32
7.36388e-32
1.31787e-32
-4.58351e-34
-9.93798e-35
1.32826e-36
1.18814e-37
-6.47987e-40
8.53087e-43
)
;
    }
    walls
    {
        type            zeroGradient;
    }
    frontAndBack
    {
        type            empty;
    }
}


// ************************************************************************* //
