/*--------------------------------*- C++ -*----------------------------------*\
| =========                 |                                                 |
| \\      /  F ield         | OpenFOAM: The Open Source CFD Toolbox           |
|  \\    /   O peration     | Version:  2506                                  |
|   \\  /    A nd           | Website:  www.openfoam.com                      |
|    \\/     M anipulation  |                                                 |
\*---------------------------------------------------------------------------*/
FoamFile
{
    version     2.0;
    format      ascii;
    arch        "LSB;label=32;scalar=64";
    class       volScalarField;
    location    "3.9";
    object      p;
}
// * * * * * * * * * * * * * * * * * * * * * * * * * * * * * * * * * * * * * //

dimensions      [0 2 -2 0 0 0 0];

internalField   nonuniform List<scalar> 
4000
(
-3.6651e-05
-1.8913e-05
-1.1913e-05
-9.63077e-06
-8.99842e-06
-9.35877e-06
-1.03652e-05
-1.17653e-05
-1.34208e-05
-1.5262e-05
-1.72541e-05
-1.93771e-05
-2.16223e-05
-2.39878e-05
-2.64749e-05
-2.90883e-05
-3.18357e-05
-3.47255e-05
-3.77756e-05
-4.10104e-05
-4.44443e-05
-4.80646e-05
-5.19261e-05
-5.60683e-05
-6.05253e-05
-6.53414e-05
-7.05723e-05
-7.62876e-05
-8.25776e-05
-8.9574e-05
-9.74752e-05
-0.000106327
-0.000115722
-0.000125077
-0.000133984
-0.000142158
-0.000149388
-0.000155516
-0.000159389
-0.000160814
-0.000160686
-0.000159168
-0.000156341
-0.000152318
-0.000147195
-0.000141067
-0.000134033
-0.000126257
-0.000117787
-0.000108622
-9.86792e-05
-8.78596e-05
-7.61286e-05
-6.31161e-05
-4.88286e-05
-3.31782e-05
-1.65468e-05
7.99481e-07
1.79627e-05
3.36245e-05
4.75277e-05
5.92681e-05
6.93479e-05
7.78289e-05
8.55086e-05
9.23027e-05
9.85416e-05
0.000104308
0.000109509
0.000114083
0.000117968
0.000121087
0.00012334
0.000124661
0.000125008
0.000124343
0.000122628
0.000119816
0.000115857
0.000110755
0.000104477
9.69423e-05
8.81074e-05
7.79956e-05
6.65915e-05
5.40046e-05
4.04298e-05
2.63134e-05
1.21758e-05
-1.46953e-06
-1.43757e-05
-2.63627e-05
-3.75852e-05
-4.79816e-05
-5.77418e-05
-6.67902e-05
-7.49841e-05
-8.23398e-05
-8.8688e-05
-9.39394e-05
-9.80827e-05
-0.00010116
-0.000103278
-0.000104546
-0.000105056
-0.000104836
-0.000103798
-0.000101884
-9.89812e-05
-9.47905e-05
-8.91989e-05
-8.25478e-05
-7.38874e-05
-6.41795e-05
-5.24947e-05
-3.94378e-05
-2.5096e-05
-9.57436e-06
6.32195e-06
2.18946e-05
3.72181e-05
5.14991e-05
6.47012e-05
7.65202e-05
8.72511e-05
9.66816e-05
0.000104929
0.000112134
0.00011829
0.000123387
0.000127434
0.000130424
0.000132338
0.00013315
0.000132828
0.000131356
0.000128716
0.00012488
0.000119792
0.000113398
0.000105726
9.67137e-05
8.6338e-05
7.47169e-05
6.19719e-05
4.84602e-05
3.46816e-05
2.11939e-05
8.37538e-06
-3.56368e-06
-1.46273e-05
-2.49082e-05
-3.4524e-05
-4.33629e-05
-5.15288e-05
-5.88315e-05
-6.51056e-05
-7.01969e-05
-7.40204e-05
-7.65375e-05
-7.78596e-05
-7.84183e-05
-7.78112e-05
-8.38371e-05
-8.26687e-05
-7.77349e-05
-7.28504e-05
-6.70916e-05
-6.00232e-05
-5.20382e-05
-4.31593e-05
-3.49706e-05
-2.84452e-05
-2.30716e-05
-1.83898e-05
-1.43218e-05
-1.07706e-05
-7.6081e-06
-4.7362e-06
-2.06276e-06
4.84375e-07
2.93737e-06
5.33464e-06
7.70702e-06
1.00785e-05
1.24709e-05
1.49023e-05
1.73875e-05
1.99453e-05
2.25955e-05
2.53723e-05
2.83306e-05
3.15366e-05
3.50658e-05
3.90821e-05
4.37904e-05
4.93772e-05
5.64669e-05
6.74752e-05
8.78183e-05
-2.43524e-05
-1.64225e-05
-1.2401e-05
-1.06365e-05
-1.00938e-05
-1.03733e-05
-1.1224e-05
-1.24579e-05
-1.39613e-05
-1.56691e-05
-1.75417e-05
-1.9558e-05
-2.1706e-05
-2.39804e-05
-2.638e-05
-2.89078e-05
-3.15701e-05
-3.43693e-05
-3.73175e-05
-4.04479e-05
-4.377e-05
-4.72962e-05
-5.10459e-05
-5.5065e-05
-5.9384e-05
-6.40425e-05
-6.90915e-05
-7.45919e-05
-8.06174e-05
-8.72537e-05
-9.46007e-05
-0.000102725
-0.00011117
-0.000119497
-0.000127379
-0.000134608
-0.00014093
-0.000146024
-0.000148925
-0.000149767
-0.000149317
-0.000147602
-0.00014462
-0.000140493
-0.00013533
-0.000129227
-0.000122295
-0.000114669
-0.000106387
-9.74471e-05
-8.78009e-05
-7.74069e-05
-6.62327e-05
-5.41234e-05
-4.11821e-05
-2.75156e-05
-1.34376e-05
7.5547e-07
1.45857e-05
2.78221e-05
3.98518e-05
5.04244e-05
5.98065e-05
6.78913e-05
7.52553e-05
8.18279e-05
8.79005e-05
9.35368e-05
9.87054e-05
0.000103351
0.000107421
0.000110832
0.000113469
0.00011525
0.000116113
0.00011601
0.000114895
0.00011272
0.000109416
0.000104977
9.93717e-05
9.25315e-05
8.4385e-05
7.49769e-05
6.42673e-05
5.23995e-05
3.95507e-05
2.61679e-05
1.27314e-05
-3.39591e-07
-1.27946e-05
-2.44409e-05
-3.5382e-05
-4.55322e-05
-5.49909e-05
-6.36606e-05
-7.14113e-05
-7.82317e-05
-8.3998e-05
-8.86681e-05
-9.22669e-05
-9.48588e-05
-9.65482e-05
-9.74256e-05
-9.75489e-05
-9.68897e-05
-9.53465e-05
-9.29038e-05
-8.94492e-05
-8.47793e-05
-7.89404e-05
-7.21049e-05
-6.37588e-05
-5.47137e-05
-4.44142e-05
-3.34751e-05
-2.18558e-05
-9.57238e-06
3.16885e-06
1.58773e-05
2.89016e-05
4.15168e-05
5.36552e-05
6.48277e-05
7.52449e-05
8.46088e-05
9.29248e-05
0.000100283
0.000106666
0.000112043
0.000116419
0.000119781
0.000122105
0.000123364
0.000123521
0.000122551
0.000120433
0.000117137
0.000112619
0.00010681
9.97372e-05
9.1371e-05
8.16524e-05
7.07352e-05
5.87257e-05
4.60006e-05
3.30152e-05
2.02473e-05
8.01207e-06
-3.47222e-06
-1.41849e-05
-2.41673e-05
-3.34493e-05
-4.18959e-05
-4.95263e-05
-5.61576e-05
-6.16628e-05
-6.5947e-05
-6.89919e-05
-7.09551e-05
-7.2131e-05
-7.26849e-05
-7.26903e-05
-7.62614e-05
-7.32094e-05
-6.81214e-05
-6.3683e-05
-5.86389e-05
-5.26642e-05
-4.60014e-05
-3.91932e-05
-3.22807e-05
-2.64893e-05
-2.15632e-05
-1.72581e-05
-1.34476e-05
-1.00481e-05
-6.97682e-06
-4.15085e-06
-1.51108e-06
9.9184e-07
3.41481e-06
5.79151e-06
8.1468e-06
1.05024e-05
1.28832e-05
1.53077e-05
1.77888e-05
2.03498e-05
2.30067e-05
2.57959e-05
2.87858e-05
3.20531e-05
3.5682e-05
3.98688e-05
4.47883e-05
5.05004e-05
5.70739e-05
6.50343e-05
7.49913e-05
-1.74095e-05
-1.46146e-05
-1.25852e-05
-1.14026e-05
-1.10151e-05
-1.12683e-05
-1.20046e-05
-1.30971e-05
-1.44592e-05
-1.60343e-05
-1.77855e-05
-1.96891e-05
-2.17309e-05
-2.39034e-05
-2.62037e-05
-2.86327e-05
-3.11947e-05
-3.38946e-05
-3.67437e-05
-3.97617e-05
-4.29619e-05
-4.63584e-05
-4.99725e-05
-5.38361e-05
-5.79801e-05
-6.24407e-05
-6.72611e-05
-7.24924e-05
-7.81931e-05
-8.44175e-05
-9.12167e-05
-9.86398e-05
-0.000106233
-0.000113615
-0.000120549
-0.000126874
-0.00013233
-0.000136564
-0.000138782
-0.00013928
-0.000138637
-0.000136782
-0.00013369
-0.000129508
-0.000124351
-0.00011832
-0.000111533
-0.0001041
-9.60591e-05
-8.74195e-05
-7.81664e-05
-6.83022e-05
-5.78321e-05
-4.67364e-05
-3.51717e-05
-2.32876e-05
-1.13272e-05
5.37768e-07
1.21047e-05
2.32431e-05
3.36957e-05
4.32069e-05
5.17724e-05
5.94182e-05
6.62822e-05
7.24822e-05
7.8298e-05
8.3675e-05
8.87237e-05
9.33673e-05
9.75277e-05
0.000101135
0.000104063
0.000106216
0.000107518
0.000107912
0.000107337
0.000105742
0.000103045
9.92308e-05
9.42662e-05
8.80925e-05
8.06201e-05
7.19087e-05
6.19047e-05
5.0756e-05
3.86061e-05
2.58692e-05
1.30002e-05
3.95303e-07
-1.16854e-05
-2.30363e-05
-3.36879e-05
-4.35376e-05
-5.2609e-05
-6.08178e-05
-6.80571e-05
-7.43093e-05
-7.95061e-05
-8.36434e-05
-8.67661e-05
-8.89411e-05
-9.0253e-05
-9.07568e-05
-9.04616e-05
-8.93175e-05
-8.72607e-05
-8.43532e-05
-8.04452e-05
-7.54056e-05
-6.935e-05
-6.24371e-05
-5.44997e-05
-4.60848e-05
-3.6984e-05
-2.76521e-05
-1.80717e-05
-8.21668e-06
1.93445e-06
1.21385e-05
2.28678e-05
3.36623e-05
4.44476e-05
5.46781e-05
6.45226e-05
7.36268e-05
8.18647e-05
8.9264e-05
9.57834e-05
0.000101369
0.000106009
0.000109687
0.00011237
0.000114031
0.000114627
0.00011412
0.000112491
0.000109701
0.000105721
0.00010047
9.39741e-05
8.62321e-05
7.71627e-05
6.69398e-05
5.56459e-05
4.36211e-05
3.12958e-05
1.90938e-05
7.32432e-06
-3.78235e-06
-1.41583e-05
-2.37816e-05
-3.26196e-05
-4.0538e-05
-4.751e-05
-5.34063e-05
-5.81616e-05
-6.17536e-05
-6.42428e-05
-6.59217e-05
-6.7044e-05
-6.75927e-05
-6.73831e-05
-6.7935e-05
-6.38404e-05
-5.91744e-05
-5.51824e-05
-5.07118e-05
-4.56311e-05
-4.02632e-05
-3.47609e-05
-2.91498e-05
-2.42302e-05
-1.98938e-05
-1.59763e-05
-1.24287e-05
-9.21831e-06
-6.28215e-06
-3.55396e-06
-9.78947e-07
1.48594e-06
3.88011e-06
6.23278e-06
8.56429e-06
1.08925e-05
1.32517e-05
1.56592e-05
1.81192e-05
2.06654e-05
2.32953e-05
2.60376e-05
2.8979e-05
3.21935e-05
3.57752e-05
3.98898e-05
4.46764e-05
5.01209e-05
5.59159e-05
6.15118e-05
6.65799e-05
-1.40749e-05
-1.30896e-05
-1.21949e-05
-1.15999e-05
-1.14557e-05
-1.17737e-05
-1.24771e-05
-1.34889e-05
-1.47506e-05
-1.62192e-05
-1.78635e-05
-1.9662e-05
-2.16007e-05
-2.36712e-05
-2.58697e-05
-2.81961e-05
-3.06531e-05
-3.32461e-05
-3.59843e-05
-3.88814e-05
-4.19507e-05
-4.52061e-05
-4.86671e-05
-5.23583e-05
-5.63075e-05
-6.05462e-05
-6.51104e-05
-7.00417e-05
-7.5386e-05
-8.11755e-05
-8.74302e-05
-9.4193e-05
-0.000101015
-0.000107581
-0.000113716
-0.0001193
-0.000124073
-0.000127664
-0.00012943
-0.00012969
-0.000128865
-0.000126853
-0.000123647
-0.000119414
-0.000114276
-0.000108339
-0.00010172
-9.45171e-05
-8.67722e-05
-7.85068e-05
-6.97336e-05
-6.04854e-05
-5.08056e-05
-4.07369e-05
-3.04491e-05
-2.00737e-05
-9.79093e-06
3.31705e-07
1.02134e-05
1.98054e-05
2.89949e-05
3.76628e-05
4.55739e-05
5.27503e-05
5.90612e-05
6.50195e-05
7.0434e-05
7.53923e-05
8.01649e-05
8.46371e-05
8.87131e-05
9.23679e-05
9.54507e-05
9.7853e-05
9.94766e-05
0.00010026
0.000100128
9.90282e-05
9.68612e-05
9.36057e-05
8.92235e-05
8.36575e-05
7.68109e-05
6.87459e-05
5.94036e-05
4.89239e-05
3.74313e-05
2.53091e-05
1.29857e-05
8.40787e-07
-1.08483e-05
-2.18592e-05
-3.21589e-05
-4.16339e-05
-5.02613e-05
-5.79772e-05
-6.46947e-05
-7.04017e-05
-7.50734e-05
-7.87277e-05
-8.14169e-05
-8.32009e-05
-8.41403e-05
-8.42571e-05
-8.35403e-05
-8.19711e-05
-7.94925e-05
-7.6146e-05
-7.1814e-05
-6.65174e-05
-6.03557e-05
-5.35379e-05
-4.61035e-05
-3.83512e-05
-3.03169e-05
-2.22508e-05
-1.41528e-05
-5.98056e-06
2.34216e-06
1.07739e-05
1.96685e-05
2.88249e-05
3.81257e-05
4.71838e-05
5.61334e-05
6.46614e-05
7.25546e-05
7.97678e-05
8.62437e-05
9.18855e-05
9.66649e-05
0.000100546
0.000103483
0.000105449
0.000106395
0.00010627
0.000105056
0.000102705
9.91911e-05
9.44323e-05
8.84515e-05
8.12604e-05
7.27748e-05
6.31687e-05
5.25167e-05
4.11285e-05
2.94032e-05
1.77311e-05
6.42495e-06
-4.26772e-06
-1.42298e-05
-2.33913e-05
-3.16871e-05
-3.8995e-05
-4.52807e-05
-5.04755e-05
-5.45689e-05
-5.75947e-05
-5.96589e-05
-6.1067e-05
-6.18823e-05
-6.19554e-05
-6.09058e-05
-5.91416e-05
-5.50549e-05
-5.11542e-05
-4.75747e-05
-4.36329e-05
-3.9329e-05
-3.48833e-05
-3.04509e-05
-2.59865e-05
-2.18308e-05
-1.80189e-05
-1.4503e-05
-1.12659e-05
-8.28534e-06
-5.51605e-06
-2.90923e-06
-4.22596e-07
1.97845e-06
4.32369e-06
6.63655e-06
8.935e-06
1.12351e-05
1.35583e-05
1.59194e-05
1.83276e-05
2.08015e-05
2.3349e-05
2.59956e-05
2.8797e-05
3.18162e-05
3.51398e-05
3.88941e-05
4.31858e-05
4.79683e-05
5.28288e-05
5.70229e-05
6.02678e-05
-1.20967e-05
-1.18739e-05
-1.16022e-05
-1.14338e-05
-1.15335e-05
-1.19405e-05
-1.2648e-05
-1.36131e-05
-1.48003e-05
-1.61797e-05
-1.77275e-05
-1.94256e-05
-2.12619e-05
-2.32283e-05
-2.53209e-05
-2.75386e-05
-2.98836e-05
-3.23604e-05
-3.49767e-05
-3.7743e-05
-4.06714e-05
-4.37748e-05
-4.70694e-05
-5.05759e-05
-5.43178e-05
-5.83215e-05
-6.26168e-05
-6.7237e-05
-7.22179e-05
-7.75803e-05
-8.33267e-05
-8.94666e-05
-9.56031e-05
-0.000101475
-0.000106946
-0.000111914
-0.000116116
-0.000119166
-0.000120554
-0.000120576
-0.000119544
-0.000117362
-0.000114045
-0.000109774
-0.00010468
-9.88691e-05
-9.2456e-05
-8.55299e-05
-7.81386e-05
-7.03144e-05
-6.209e-05
-5.35194e-05
-4.46715e-05
-3.56158e-05
-2.65139e-05
-1.74658e-05
-8.60391e-06
6.9342e-08
8.53769e-06
1.68257e-05
2.48744e-05
3.26902e-05
3.99365e-05
4.66917e-05
5.27214e-05
5.82545e-05
6.31387e-05
6.77542e-05
7.22367e-05
7.64034e-05
8.02481e-05
8.38196e-05
8.69399e-05
8.95122e-05
9.13824e-05
9.24927e-05
9.27527e-05
9.21076e-05
9.04433e-05
8.77251e-05
8.39117e-05
7.89421e-05
7.27159e-05
6.5291e-05
5.66063e-05
4.67892e-05
3.59497e-05
2.4442e-05
1.26722e-05
1.01e-06
-1.02454e-05
-2.08532e-05
-3.07317e-05
-3.97605e-05
-4.78937e-05
-5.5085e-05
-6.12662e-05
-6.64378e-05
-7.06047e-05
-7.37978e-05
-7.60698e-05
-7.74662e-05
-7.80264e-05
-7.77523e-05
-7.66337e-05
-7.46656e-05
-7.18133e-05
-6.80164e-05
-6.3349e-05
-5.79522e-05
-5.19218e-05
-4.54142e-05
-3.85866e-05
-3.15847e-05
-2.45533e-05
-1.75781e-05
-1.0673e-05
-3.77864e-06
3.20166e-06
1.0276e-05
1.76807e-05
2.54371e-05
3.33771e-05
4.12758e-05
4.91872e-05
5.68834e-05
6.41865e-05
7.09956e-05
7.72531e-05
8.28021e-05
8.76137e-05
9.1618e-05
9.47389e-05
9.69507e-05
9.81993e-05
9.84173e-05
9.75852e-05
9.56492e-05
9.25807e-05
8.82984e-05
8.2819e-05
7.61623e-05
6.82462e-05
5.92367e-05
4.92049e-05
3.84325e-05
2.72917e-05
1.61526e-05
5.34204e-06
-4.87154e-06
-1.43309e-05
-2.29362e-05
-3.0612e-05
-3.72556e-05
-4.28491e-05
-4.73738e-05
-5.08603e-05
-5.33703e-05
-5.50034e-05
-5.59933e-05
-5.62937e-05
-5.56238e-05
-5.37606e-05
-5.09626e-05
-4.7394e-05
-4.41491e-05
-4.09783e-05
-3.7507e-05
-3.38464e-05
-3.01642e-05
-2.65591e-05
-2.29578e-05
-1.94282e-05
-1.60862e-05
-1.29583e-05
-1.00337e-05
-7.29295e-06
-4.70569e-06
-2.23787e-06
1.41978e-07
2.46057e-06
4.74037e-06
6.99914e-06
9.25091e-06
1.15081e-05
1.37836e-05
1.60872e-05
1.84264e-05
2.08101e-05
2.32458e-05
2.5749e-05
2.83499e-05
3.10913e-05
3.40378e-05
3.72842e-05
4.09175e-05
4.48964e-05
4.88396e-05
5.20331e-05
5.42029e-05
-1.07948e-05
-1.09222e-05
-1.10031e-05
-1.10848e-05
-1.13482e-05
-1.18364e-05
-1.25534e-05
-1.34829e-05
-1.46057e-05
-1.59034e-05
-1.73589e-05
-1.89579e-05
-2.06902e-05
-2.25489e-05
-2.45299e-05
-2.66322e-05
-2.88573e-05
-3.1209e-05
-3.36936e-05
-3.632e-05
-3.90981e-05
-4.20398e-05
-4.51589e-05
-4.84728e-05
-5.20012e-05
-5.57659e-05
-5.97911e-05
-6.41038e-05
-6.87318e-05
-7.36904e-05
-7.89743e-05
-8.4554e-05
-9.009e-05
-9.53662e-05
-0.000100271
-0.000104699
-0.000108388
-0.000110953
-0.000111989
-0.000111766
-0.000110527
-0.000108191
-0.000104787
-0.000100511
-9.54992e-05
-8.98572e-05
-8.36941e-05
-7.70933e-05
-7.01061e-05
-6.27736e-05
-5.5142e-05
-4.72782e-05
-3.92647e-05
-3.11785e-05
-2.31632e-05
-1.52907e-05
-7.65537e-06
-2.24055e-07
7.02266e-06
1.41557e-05
2.11553e-05
2.80989e-05
3.46626e-05
4.09467e-05
4.66282e-05
5.18003e-05
5.64639e-05
6.07504e-05
6.47255e-05
6.84184e-05
7.21418e-05
7.55225e-05
7.85451e-05
8.12019e-05
8.32381e-05
8.46137e-05
8.5202e-05
8.49647e-05
8.37726e-05
8.15695e-05
7.83096e-05
7.39254e-05
6.83133e-05
6.15226e-05
5.34915e-05
4.4333e-05
3.41463e-05
2.32599e-05
1.20624e-05
9.19882e-07
-9.84762e-06
-1.99842e-05
-2.93742e-05
-3.78956e-05
-4.54941e-05
-5.21386e-05
-5.7779e-05
-6.24294e-05
-6.61124e-05
-6.88639e-05
-7.07309e-05
-7.174e-05
-7.19044e-05
-7.12446e-05
-6.97176e-05
-6.73291e-05
-6.4113e-05
-6.00403e-05
-5.52933e-05
-4.99965e-05
-4.42633e-05
-3.82217e-05
-3.20707e-05
-2.58641e-05
-1.97653e-05
-1.37661e-05
-7.88344e-06
-2.05258e-06
3.85073e-06
9.91991e-06
1.62266e-05
2.28465e-05
2.9615e-05
3.64485e-05
4.33322e-05
5.01396e-05
5.67271e-05
6.29944e-05
6.8864e-05
7.41435e-05
7.88504e-05
8.28885e-05
8.61141e-05
8.85103e-05
9.00146e-05
9.05392e-05
9.00597e-05
8.85152e-05
8.58709e-05
8.20482e-05
7.70554e-05
7.09154e-05
6.35519e-05
5.51183e-05
4.56866e-05
3.55165e-05
2.49607e-05
1.43808e-05
4.12063e-06
-5.53485e-06
-1.44032e-05
-2.23726e-05
-2.93731e-05
-3.53272e-05
-4.02424e-05
-4.41358e-05
-4.7061e-05
-4.90798e-05
-5.02572e-05
-5.07315e-05
-5.04573e-05
-4.91929e-05
-4.6947e-05
-4.38152e-05
-4.08524e-05
-3.81258e-05
-3.52798e-05
-3.22789e-05
-2.91878e-05
-2.61211e-05
-2.31387e-05
-2.01679e-05
-1.71511e-05
-1.42242e-05
-1.14454e-05
-8.80795e-06
-6.29598e-06
-3.89008e-06
-1.56677e-06
6.97203e-07
2.92193e-06
5.1239e-06
7.31595e-06
9.50811e-06
1.17087e-05
1.39249e-05
1.61619e-05
1.84226e-05
2.0709e-05
2.30218e-05
2.53645e-05
2.77477e-05
3.01923e-05
3.27391e-05
3.5458e-05
3.84237e-05
4.1612e-05
4.47119e-05
4.71125e-05
4.8375e-05
-9.88628e-06
-1.0156e-05
-1.04077e-05
-1.06478e-05
-1.10035e-05
-1.15332e-05
-1.22454e-05
-1.31372e-05
-1.41965e-05
-1.5414e-05
-1.67765e-05
-1.82742e-05
-1.98986e-05
-2.16441e-05
-2.3507e-05
-2.54863e-05
-2.75834e-05
-2.98013e-05
-3.21455e-05
-3.46233e-05
-3.72432e-05
-4.00159e-05
-4.29535e-05
-4.60706e-05
-4.93837e-05
-5.29108e-05
-5.66716e-05
-6.06878e-05
-6.49813e-05
-6.95628e-05
-7.44251e-05
-7.95075e-05
-8.45151e-05
-8.92647e-05
-9.3664e-05
-9.76011e-05
-0.000100814
-0.000102935
-0.000103648
-0.000103191
-0.00010177
-9.93119e-05
-9.586e-05
-9.16221e-05
-8.6737e-05
-8.13082e-05
-7.54377e-05
-6.92038e-05
-6.26596e-05
-5.58519e-05
-4.8835e-05
-4.16819e-05
-3.44792e-05
-2.73006e-05
-2.02695e-05
-1.34346e-05
-6.86133e-06
-4.98595e-07
5.69111e-06
1.1801e-05
1.78383e-05
2.39166e-05
2.97805e-05
3.55169e-05
4.08225e-05
4.57019e-05
5.01276e-05
5.4102e-05
5.77045e-05
6.11208e-05
6.44159e-05
6.74103e-05
7.03156e-05
7.29384e-05
7.50782e-05
7.66769e-05
7.75278e-05
7.76376e-05
7.68695e-05
7.51444e-05
7.24123e-05
6.85957e-05
6.35875e-05
5.74226e-05
5.00409e-05
4.15391e-05
3.20108e-05
2.17621e-05
1.11671e-05
5.92052e-07
-9.62689e-06
-1.92254e-05
-2.80662e-05
-3.6031e-05
-4.30657e-05
-4.91519e-05
-5.4256e-05
-5.84027e-05
-6.16205e-05
-6.39451e-05
-6.54064e-05
-6.60479e-05
-6.58064e-05
-6.47317e-05
-6.28376e-05
-6.012e-05
-5.66482e-05
-5.24921e-05
-4.78257e-05
-4.27746e-05
-3.7457e-05
-3.19805e-05
-2.65315e-05
-2.11112e-05
-1.58623e-05
-1.07296e-05
-5.71813e-06
-7.48435e-07
4.2876e-06
9.51387e-06
1.49065e-05
2.05735e-05
2.64261e-05
3.24177e-05
3.84174e-05
4.43694e-05
5.01167e-05
5.57305e-05
6.10886e-05
6.60259e-05
7.04957e-05
7.44552e-05
7.76827e-05
8.01838e-05
8.18768e-05
8.26566e-05
8.24903e-05
8.13074e-05
7.90587e-05
7.56717e-05
7.11451e-05
6.54997e-05
5.86709e-05
5.07963e-05
4.19534e-05
3.2387e-05
2.24364e-05
1.24618e-05
2.81991e-06
-6.19769e-06
-1.43993e-05
-2.16763e-05
-2.79736e-05
-3.32408e-05
-3.75099e-05
-4.08186e-05
-4.32256e-05
-4.47761e-05
-4.55051e-05
-4.54936e-05
-4.46937e-05
-4.30621e-05
-4.07552e-05
-3.76981e-05
-3.51903e-05
-3.28807e-05
-3.03808e-05
-2.78281e-05
-2.523e-05
-2.26551e-05
-2.0151e-05
-1.76531e-05
-1.50564e-05
-1.24875e-05
-1.00135e-05
-7.6324e-06
-5.33225e-06
-3.10068e-06
-9.2151e-07
1.2223e-06
3.34558e-06
5.46021e-06
7.57517e-06
9.69704e-06
1.18305e-05
1.39786e-05
1.61421e-05
1.8319e-05
2.05052e-05
2.26938e-05
2.48776e-05
2.70518e-05
2.92182e-05
3.13962e-05
3.36321e-05
3.59834e-05
3.8429e-05
4.07077e-05
4.23579e-05
4.29561e-05
-9.18496e-06
-9.49357e-06
-9.81384e-06
-1.01346e-05
-1.05437e-05
-1.10886e-05
-1.17769e-05
-1.26178e-05
-1.3612e-05
-1.47465e-05
-1.60131e-05
-1.74056e-05
-1.89175e-05
-2.0544e-05
-2.22823e-05
-2.41315e-05
-2.60927e-05
-2.81689e-05
-3.03645e-05
-3.26859e-05
-3.51411e-05
-3.77389e-05
-4.04904e-05
-4.3408e-05
-4.65054e-05
-4.97978e-05
-5.33009e-05
-5.70329e-05
-6.10095e-05
-6.52392e-05
-6.97138e-05
-7.43463e-05
-7.88786e-05
-8.31507e-05
-8.70875e-05
-9.05688e-05
-9.33396e-05
-9.50607e-05
-9.54838e-05
-9.48221e-05
-9.32542e-05
-9.07153e-05
-8.72589e-05
-8.31026e-05
-7.83878e-05
-7.32128e-05
-6.76715e-05
-6.18374e-05
-5.57633e-05
-4.9499e-05
-4.31023e-05
-3.66469e-05
-3.02172e-05
-2.38786e-05
-1.77346e-05
-1.18158e-05
-6.16616e-06
-7.26766e-07
4.54787e-06
9.7584e-06
1.49289e-05
2.01811e-05
2.5337e-05
3.04709e-05
3.53382e-05
3.98917e-05
4.4069e-05
4.78078e-05
5.11532e-05
5.42411e-05
5.70822e-05
5.98672e-05
6.25041e-05
6.48208e-05
6.69047e-05
6.86059e-05
6.97089e-05
7.01391e-05
6.9748e-05
6.84557e-05
6.62122e-05
6.29365e-05
5.8517e-05
5.29694e-05
4.62361e-05
3.83945e-05
2.95382e-05
1.99539e-05
1.00016e-05
4.97517e-08
-9.55757e-06
-1.8555e-05
-2.67937e-05
-3.41636e-05
-4.06147e-05
-4.61389e-05
-5.07158e-05
-5.43752e-05
-5.7142e-05
-5.90683e-05
-6.0111e-05
-6.0327e-05
-5.97283e-05
-5.82825e-05
-5.60629e-05
-5.31188e-05
-4.95449e-05
-4.54519e-05
-4.10019e-05
-3.63124e-05
-3.14911e-05
-2.6624e-05
-2.18634e-05
-1.71847e-05
-1.26985e-05
-8.3303e-06
-4.07288e-06
1.59684e-07
4.45506e-06
8.94915e-06
1.36028e-05
1.85192e-05
2.3611e-05
2.88308e-05
3.40368e-05
3.92394e-05
4.43225e-05
4.93023e-05
5.40127e-05
5.84207e-05
6.25574e-05
6.63064e-05
6.94753e-05
7.20222e-05
7.38162e-05
7.4781e-05
7.48714e-05
7.40137e-05
7.2127e-05
6.91507e-05
6.50714e-05
5.9901e-05
5.35939e-05
4.627e-05
3.8017e-05
2.90713e-05
1.97621e-05
1.04506e-05
1.497e-06
-6.81247e-06
-1.42915e-05
-2.08449e-05
-2.64366e-05
-3.10416e-05
-3.47084e-05
-3.74809e-05
-3.94073e-05
-4.05128e-05
-4.08172e-05
-4.03598e-05
-3.91816e-05
-3.74055e-05
-3.51868e-05
-3.24023e-05
-3.02792e-05
-2.8318e-05
-2.6167e-05
-2.40164e-05
-2.18322e-05
-1.96557e-05
-1.75299e-05
-1.53986e-05
-1.31482e-05
-1.08869e-05
-8.67989e-06
-6.52841e-06
-4.42417e-06
-2.35921e-06
-3.22374e-07
1.69873e-06
3.71493e-06
5.73466e-06
7.76393e-06
9.80653e-06
1.18642e-05
1.39363e-05
1.602e-05
1.81088e-05
2.01932e-05
2.226e-05
2.42931e-05
2.62758e-05
2.8195e-05
3.00504e-05
3.18637e-05
3.36679e-05
3.54348e-05
3.69471e-05
3.78823e-05
3.80728e-05
-8.57316e-06
-8.8737e-06
-9.20874e-06
-9.55979e-06
-9.98637e-06
-1.05226e-05
-1.11808e-05
-1.19698e-05
-1.28887e-05
-1.39338e-05
-1.51019e-05
-1.63855e-05
-1.77801e-05
-1.92822e-05
-2.08897e-05
-2.26021e-05
-2.44206e-05
-2.63479e-05
-2.83881e-05
-3.05467e-05
-3.2831e-05
-3.52492e-05
-3.78109e-05
-4.0527e-05
-4.34089e-05
-4.64692e-05
-4.97204e-05
-5.31793e-05
-5.68523e-05
-6.07506e-05
-6.48606e-05
-6.90773e-05
-7.31725e-05
-7.70038e-05
-8.05137e-05
-8.35746e-05
-8.59413e-05
-8.73078e-05
-8.74804e-05
-8.66487e-05
-8.49737e-05
-8.23964e-05
-7.8978e-05
-7.49448e-05
-7.04391e-05
-6.55522e-05
-6.03696e-05
-5.49594e-05
-4.93725e-05
-4.3659e-05
-3.78766e-05
-3.20958e-05
-2.63952e-05
-2.08293e-05
-1.54847e-05
-1.03771e-05
-5.53565e-06
-8.98634e-07
3.58145e-06
8.00467e-06
1.24046e-05
1.68971e-05
2.13668e-05
2.58759e-05
3.02492e-05
3.44207e-05
3.83131e-05
4.18293e-05
4.49597e-05
4.77837e-05
5.03156e-05
5.27165e-05
5.49994e-05
5.70793e-05
5.90157e-05
6.06352e-05
6.1783e-05
6.2355e-05
6.23143e-05
6.14584e-05
5.96965e-05
5.69442e-05
5.30937e-05
4.81559e-05
4.20725e-05
3.48998e-05
2.67376e-05
1.78544e-05
8.59401e-06
-6.73915e-07
-9.60678e-06
-1.79455e-05
-2.55381e-05
-3.22847e-05
-3.81409e-05
-4.31063e-05
-4.71704e-05
-5.0358e-05
-5.2671e-05
-5.41544e-05
-5.48234e-05
-5.46383e-05
-5.36608e-05
-5.19106e-05
-4.94667e-05
-4.64207e-05
-4.28854e-05
-3.89794e-05
-3.48499e-05
-3.05964e-05
-2.63088e-05
-2.20519e-05
-1.79415e-05
-1.39426e-05
-1.01346e-05
-6.43849e-06
-2.83866e-06
7.51892e-07
4.40507e-06
8.25283e-06
1.22615e-05
1.65187e-05
2.09427e-05
2.55215e-05
3.00959e-05
3.46654e-05
3.9118e-05
4.34353e-05
4.7564e-05
5.14697e-05
5.51939e-05
5.85472e-05
6.15001e-05
6.39316e-05
6.57729e-05
6.69056e-05
6.72178e-05
6.66478e-05
6.50784e-05
6.24847e-05
5.88343e-05
5.41234e-05
4.83318e-05
4.15607e-05
3.3911e-05
2.56173e-05
1.69973e-05
8.41097e-06
2.09517e-07
-7.33797e-06
-1.40618e-05
-1.98861e-05
-2.47923e-05
-2.87748e-05
-3.18864e-05
-3.41651e-05
-3.56422e-05
-3.63274e-05
-3.62461e-05
-3.54266e-05
-3.40279e-05
-3.22653e-05
-3.02311e-05
-2.77925e-05
-2.59999e-05
-2.43396e-05
-2.25164e-05
-2.07156e-05
-1.88771e-05
-1.70285e-05
-1.52098e-05
-1.33726e-05
-1.14121e-05
-9.41799e-06
-7.44793e-06
-5.50509e-06
-3.58392e-06
-1.67933e-06
2.16454e-07
2.11243e-06
4.01647e-06
5.93443e-06
7.87003e-06
9.82478e-06
1.17979e-05
1.3786e-05
1.57827e-05
1.7778e-05
1.97578e-05
2.17035e-05
2.35924e-05
2.53988e-05
2.70975e-05
2.86705e-05
3.01152e-05
3.14418e-05
3.26372e-05
3.35562e-05
3.39431e-05
3.38574e-05
-7.98292e-06
-8.25605e-06
-8.57864e-06
-8.93035e-06
-9.35063e-06
-9.86324e-06
-1.04804e-05
-1.12095e-05
-1.20522e-05
-1.30072e-05
-1.40724e-05
-1.52435e-05
-1.65169e-05
-1.78904e-05
-1.93624e-05
-2.09328e-05
-2.2603e-05
-2.43756e-05
-2.62546e-05
-2.82451e-05
-3.03536e-05
-3.25878e-05
-3.49564e-05
-3.74686e-05
-4.01341e-05
-4.29641e-05
-4.59682e-05
-4.91534e-05
-5.25345e-05
-5.61157e-05
-5.98762e-05
-6.37023e-05
-6.73896e-05
-7.0812e-05
-7.39289e-05
-7.66073e-05
-7.86115e-05
-7.96695e-05
-7.96318e-05
-7.86675e-05
-7.69247e-05
-7.43491e-05
-7.1008e-05
-6.71351e-05
-6.28717e-05
-5.83011e-05
-5.35001e-05
-4.85305e-05
-4.34398e-05
-3.82764e-05
-3.30948e-05
-2.79603e-05
-2.29431e-05
-1.80872e-05
-1.3464e-05
-9.0781e-06
-4.94805e-06
-1.01253e-06
2.77465e-06
6.50873e-06
1.02275e-05
1.40362e-05
1.78646e-05
2.17642e-05
2.56172e-05
2.93598e-05
3.29203e-05
3.61922e-05
3.91212e-05
4.1739e-05
4.40354e-05
4.61076e-05
4.80382e-05
4.98079e-05
5.14279e-05
5.2852e-05
5.39998e-05
5.4706e-05
5.4809e-05
5.42086e-05
5.28669e-05
5.06137e-05
4.73208e-05
4.30005e-05
3.75737e-05
3.1084e-05
2.36442e-05
1.55075e-05
6.99438e-06
-1.5275e-06
-9.72739e-06
-1.73588e-05
-2.42721e-05
-3.03784e-05
-3.56366e-05
-4.0047e-05
-4.36125e-05
-4.63156e-05
-4.81898e-05
-4.92415e-05
-4.94958e-05
-4.8948e-05
-4.76562e-05
-4.56861e-05
-4.31323e-05
-4.01072e-05
-3.6727e-05
-3.31025e-05
-2.9361e-05
-2.55796e-05
-2.18296e-05
-1.81576e-05
-1.46475e-05
-1.12615e-05
-8.05365e-06
-4.94713e-06
-1.92201e-06
1.10656e-06
4.19794e-06
7.47276e-06
1.09063e-05
1.45735e-05
1.84046e-05
2.2406e-05
2.64282e-05
3.04463e-05
3.43679e-05
3.81382e-05
4.17334e-05
4.51165e-05
4.83063e-05
5.12398e-05
5.39071e-05
5.61832e-05
5.79364e-05
5.90532e-05
5.95144e-05
5.91984e-05
5.79224e-05
5.56985e-05
5.24626e-05
4.82013e-05
4.29265e-05
3.67214e-05
2.97002e-05
2.20996e-05
1.42217e-05
6.41777e-06
-9.82703e-07
-7.73767e-06
-1.37005e-05
-1.88145e-05
-2.30721e-05
-2.64778e-05
-2.90754e-05
-3.08867e-05
-3.1944e-05
-3.22444e-05
-3.18367e-05
-3.07597e-05
-2.92777e-05
-2.76318e-05
-2.58282e-05
-2.37534e-05
-2.22482e-05
-2.0852e-05
-1.93251e-05
-1.78246e-05
-1.62755e-05
-1.47007e-05
-1.31371e-05
-1.15437e-05
-9.83121e-06
-8.07233e-06
-6.31573e-06
-4.56532e-06
-2.81752e-06
-1.06897e-06
6.85893e-07
2.45371e-06
4.24018e-06
6.04927e-06
7.88291e-06
9.74076e-06
1.16199e-05
1.35146e-05
1.54156e-05
1.73096e-05
1.91788e-05
2.10004e-05
2.27465e-05
2.43842e-05
2.58783e-05
2.71952e-05
2.83101e-05
2.92097e-05
2.98891e-05
3.03988e-05
3.04641e-05
3.02093e-05
-7.37657e-06
-7.61586e-06
-7.91283e-06
-8.24789e-06
-8.64673e-06
-9.12548e-06
-9.69394e-06
-1.03587e-05
-1.11225e-05
-1.19856e-05
-1.29466e-05
-1.40033e-05
-1.51534e-05
-1.63955e-05
-1.77287e-05
-1.91535e-05
-2.06714e-05
-2.2285e-05
-2.39982e-05
-2.5816e-05
-2.77443e-05
-2.97905e-05
-3.19621e-05
-3.42675e-05
-3.67149e-05
-3.93142e-05
-4.20718e-05
-4.49847e-05
-4.80745e-05
-5.13396e-05
-5.47637e-05
-5.82197e-05
-6.15249e-05
-6.45683e-05
-6.73267e-05
-6.96621e-05
-7.13467e-05
-7.21411e-05
-7.19321e-05
-7.08717e-05
-6.9098e-05
-6.65616e-05
-6.33327e-05
-5.96525e-05
-5.56598e-05
-5.14289e-05
-4.70271e-05
-4.25095e-05
-3.79185e-05
-3.3299e-05
-2.87007e-05
-2.41819e-05
-1.98039e-05
-1.56004e-05
-1.16303e-05
-7.88956e-06
-4.3894e-06
-1.07076e-06
2.10929e-06
5.2391e-06
8.35656e-06
1.15556e-05
1.47967e-05
1.81235e-05
2.14598e-05
2.47526e-05
2.7942e-05
3.09318e-05
3.36487e-05
3.60865e-05
3.82064e-05
4.00598e-05
4.17095e-05
4.31852e-05
4.45123e-05
4.56827e-05
4.66077e-05
4.72077e-05
4.74222e-05
4.7092e-05
4.60323e-05
4.40992e-05
4.13047e-05
3.75927e-05
3.28211e-05
2.70293e-05
2.03425e-05
1.29957e-05
5.28312e-06
-2.43734e-06
-9.85751e-06
-1.67479e-05
-2.29648e-05
-2.8429e-05
-3.30984e-05
-3.69516e-05
-3.99977e-05
-4.22353e-05
-4.36619e-05
-4.42937e-05
-4.4159e-05
-4.32957e-05
-4.17731e-05
-3.96833e-05
-3.71319e-05
-3.42345e-05
-3.10982e-05
-2.78184e-05
-2.44995e-05
-2.11982e-05
-1.79684e-05
-1.48425e-05
-1.18785e-05
-9.04015e-06
-6.36158e-06
-3.77186e-06
-1.24962e-06
1.2855e-06
3.88219e-06
6.64759e-06
9.56582e-06
1.27012e-05
1.59978e-05
1.94676e-05
2.29845e-05
2.65114e-05
2.99662e-05
3.32789e-05
3.64159e-05
3.93446e-05
4.20721e-05
4.45943e-05
4.68605e-05
4.88145e-05
5.04059e-05
5.15272e-05
5.20491e-05
5.17979e-05
5.07579e-05
4.88808e-05
4.60395e-05
4.22207e-05
3.74677e-05
3.18489e-05
2.54879e-05
1.86216e-05
1.15317e-05
4.55011e-06
-2.02535e-06
-7.98583e-06
-1.32091e-05
-1.7651e-05
-2.13066e-05
-2.41824e-05
-2.6304e-05
-2.76644e-05
-2.8308e-05
-2.82804e-05
-2.76221e-05
-2.63953e-05
-2.4939e-05
-2.34697e-05
-2.19137e-05
-2.01906e-05
-1.89378e-05
-1.77745e-05
-1.65095e-05
-1.52651e-05
-1.39603e-05
-1.26175e-05
-1.12706e-05
-9.88548e-06
-8.38938e-06
-6.84079e-06
-5.27941e-06
-3.70917e-06
-2.1277e-06
-5.32604e-07
1.08033e-06
2.71615e-06
4.37904e-06
6.07156e-06
7.79425e-06
9.54526e-06
1.132e-05
1.31104e-05
1.4905e-05
1.66876e-05
1.84374e-05
2.01279e-05
2.17269e-05
2.31963e-05
2.44923e-05
2.55696e-05
2.63883e-05
2.69264e-05
2.71947e-05
2.73199e-05
2.72334e-05
2.69645e-05
-6.73412e-06
-6.93894e-06
-7.20469e-06
-7.51334e-06
-7.88142e-06
-8.31943e-06
-8.83456e-06
-9.43233e-06
-1.01158e-05
-1.08859e-05
-1.17425e-05
-1.26843e-05
-1.37103e-05
-1.48197e-05
-1.60124e-05
-1.72892e-05
-1.86519e-05
-2.01034e-05
-2.16472e-05
-2.32882e-05
-2.50323e-05
-2.68856e-05
-2.88554e-05
-3.09497e-05
-3.31736e-05
-3.5533e-05
-3.80397e-05
-4.06873e-05
-4.34879e-05
-4.64413e-05
-4.95302e-05
-5.26296e-05
-5.55742e-05
-5.82667e-05
-6.07007e-05
-6.27323e-05
-6.4139e-05
-6.47117e-05
-6.43684e-05
-6.32464e-05
-6.14761e-05
-5.90127e-05
-5.59282e-05
-5.24698e-05
-4.8773e-05
-4.4902e-05
-4.0914e-05
-3.68562e-05
-3.27651e-05
-2.86804e-05
-2.46458e-05
-2.07123e-05
-1.69316e-05
-1.3329e-05
-9.95192e-06
-6.79069e-06
-3.85111e-06
-1.07777e-06
1.56794e-06
4.16652e-06
6.75301e-06
9.41094e-06
1.21202e-05
1.49186e-05
1.77598e-05
2.06031e-05
2.34021e-05
2.60771e-05
2.85526e-05
3.08041e-05
3.27745e-05
3.4475e-05
3.59319e-05
3.7177e-05
3.8247e-05
3.91533e-05
3.98699e-05
4.03287e-05
4.04715e-05
4.01634e-05
3.927e-05
3.76957e-05
3.53679e-05
3.2131e-05
2.79717e-05
2.28827e-05
1.69681e-05
1.04436e-05
3.56993e-06
-3.31255e-06
-9.92678e-06
-1.60618e-05
-2.15787e-05
-2.64027e-05
-3.04794e-05
-3.37933e-05
-3.63312e-05
-3.80827e-05
-3.90661e-05
-3.93016e-05
-3.88343e-05
-3.77306e-05
-3.60741e-05
-3.39684e-05
-3.15191e-05
-2.8833e-05
-2.60012e-05
-2.31012e-05
-2.02157e-05
-1.73837e-05
-1.4645e-05
-1.20205e-05
-9.54893e-06
-7.19678e-06
-4.9841e-06
-2.84717e-06
-7.65358e-07
1.33569e-06
3.4952e-06
5.8068e-06
8.26168e-06
1.09152e-05
1.37245e-05
1.67031e-05
1.97499e-05
2.2826e-05
2.58558e-05
2.87657e-05
3.15112e-05
3.40548e-05
3.63921e-05
3.85222e-05
4.04299e-05
4.2091e-05
4.34387e-05
4.43876e-05
4.48318e-05
4.46763e-05
4.38449e-05
4.21973e-05
3.97066e-05
3.63239e-05
3.20955e-05
2.70805e-05
2.14061e-05
1.53025e-05
9.02665e-06
2.87908e-06
-2.88041e-06
-8.07388e-06
-1.25986e-05
-1.64126e-05
-1.95025e-05
-2.18778e-05
-2.35332e-05
-2.44899e-05
-2.4772e-05
-2.44552e-05
-2.36228e-05
-2.23494e-05
-2.09993e-05
-1.97353e-05
-1.8427e-05
-1.70274e-05
-1.59979e-05
-1.50401e-05
-1.40034e-05
-1.29777e-05
-1.1881e-05
-1.07377e-05
-9.57871e-06
-8.37605e-06
-7.07261e-06
-5.71502e-06
-4.3349e-06
-2.93568e-06
-1.51566e-06
-7.28709e-08
1.39615e-06
2.89542e-06
4.42808e-06
5.99569e-06
7.59774e-06
9.23116e-06
1.08899e-05
1.25642e-05
1.42402e-05
1.58997e-05
1.75189e-05
1.90686e-05
2.05131e-05
2.18103e-05
2.29111e-05
2.37634e-05
2.4322e-05
2.4572e-05
2.45472e-05
2.44198e-05
2.42593e-05
2.40458e-05
-6.04584e-06
-6.21809e-06
-6.45101e-06
-6.72819e-06
-7.06012e-06
-7.45319e-06
-7.9123e-06
-8.44179e-06
-9.04458e-06
-9.72208e-06
-1.04747e-05
-1.13022e-05
-1.22042e-05
-1.31807e-05
-1.42322e-05
-1.53599e-05
-1.65657e-05
-1.78525e-05
-1.92241e-05
-2.06849e-05
-2.22403e-05
-2.38962e-05
-2.56587e-05
-2.7534e-05
-2.95274e-05
-3.16472e-05
-3.38928e-05
-3.62682e-05
-3.87768e-05
-4.14182e-05
-4.41747e-05
-4.69282e-05
-4.95307e-05
-5.18978e-05
-5.40393e-05
-5.58036e-05
-5.69711e-05
-5.73602e-05
-5.69168e-05
-5.57655e-05
-5.40314e-05
-5.16732e-05
-4.87638e-05
-4.55556e-05
-4.2179e-05
-3.86874e-05
-3.51266e-05
-3.15348e-05
-2.79418e-05
-2.43813e-05
-2.08905e-05
-1.75129e-05
-1.42908e-05
-1.12425e-05
-8.40584e-06
-5.76712e-06
-3.32852e-06
-1.03922e-06
1.13452e-06
3.26442e-06
5.38238e-06
7.5606e-06
9.79125e-06
1.21078e-05
1.4484e-05
1.68912e-05
1.92956e-05
2.1635e-05
2.38415e-05
2.58836e-05
2.76986e-05
2.92739e-05
3.06065e-05
3.17062e-05
3.25973e-05
3.32978e-05
3.38144e-05
3.40968e-05
3.41135e-05
3.37903e-05
3.29949e-05
3.16395e-05
2.96262e-05
2.68408e-05
2.32576e-05
1.88465e-05
1.36971e-05
8.00123e-06
1.97728e-06
-4.05944e-06
-9.86741e-06
-1.52526e-05
-2.0079e-05
-2.42685e-05
-2.77589e-05
-3.05258e-05
-3.25567e-05
-3.38335e-05
-3.43999e-05
-3.42889e-05
-3.35647e-05
-3.23116e-05
-3.062e-05
-2.85924e-05
-2.6325e-05
-2.39093e-05
-2.14184e-05
-1.89124e-05
-1.64549e-05
-1.40703e-05
-1.17875e-05
-9.61864e-06
-7.58793e-06
-5.66586e-06
-3.86252e-06
-2.1221e-06
-4.26133e-07
1.29275e-06
3.06527e-06
4.97226e-06
7.00988e-06
9.22578e-06
1.15883e-05
1.41118e-05
1.67173e-05
1.93698e-05
2.20021e-05
2.45438e-05
2.69448e-05
2.91598e-05
3.11726e-05
3.29733e-05
3.45621e-05
3.59301e-05
3.70161e-05
3.77872e-05
3.81445e-05
3.80055e-05
3.72635e-05
3.58243e-05
3.36558e-05
3.06899e-05
2.69766e-05
2.25694e-05
1.75896e-05
1.22528e-05
6.78351e-06
1.44847e-06
-3.53158e-06
-8.00717e-06
-1.18847e-05
-1.51138e-05
-1.76582e-05
-1.95365e-05
-2.07593e-05
-2.13313e-05
-2.13076e-05
-2.07807e-05
-1.98589e-05
-1.8626e-05
-1.74339e-05
-1.63835e-05
-1.53134e-05
-1.42022e-05
-1.33706e-05
-1.2594e-05
-1.17551e-05
-1.09163e-05
-9.99906e-06
-9.0297e-06
-8.03688e-06
-6.99781e-06
-5.86922e-06
-4.68794e-06
-3.47855e-06
-2.24377e-06
-9.82107e-07
3.0833e-07
1.63063e-06
2.98817e-06
4.38342e-06
5.81726e-06
7.28839e-06
8.79283e-06
1.03233e-05
1.18687e-05
1.34134e-05
1.49371e-05
1.64138e-05
1.78121e-05
1.9094e-05
2.0215e-05
2.11245e-05
2.17693e-05
2.2108e-05
2.21385e-05
2.19294e-05
2.16855e-05
2.15072e-05
2.13628e-05
-5.30806e-06
-5.45069e-06
-5.65136e-06
-5.89485e-06
-6.18777e-06
-6.53364e-06
-6.93545e-06
-7.39641e-06
-7.91905e-06
-8.50493e-06
-9.15487e-06
-9.86926e-06
-1.06484e-05
-1.14927e-05
-1.24032e-05
-1.33812e-05
-1.44291e-05
-1.55496e-05
-1.67463e-05
-1.80236e-05
-1.93862e-05
-2.08394e-05
-2.23887e-05
-2.40392e-05
-2.57947e-05
-2.76651e-05
-2.96426e-05
-3.17372e-05
-3.39472e-05
-3.62724e-05
-3.86961e-05
-4.11104e-05
-4.33845e-05
-4.54462e-05
-4.7322e-05
-4.88505e-05
-4.98127e-05
-5.00525e-05
-4.95407e-05
-4.8392e-05
-4.67267e-05
-4.45076e-05
-4.18057e-05
-3.88775e-05
-3.58471e-05
-3.27554e-05
-2.96351e-05
-2.65149e-05
-2.34174e-05
-2.03702e-05
-1.74034e-05
-1.45537e-05
-1.18547e-05
-9.31874e-06
-6.97571e-06
-4.80952e-06
-2.81994e-06
-9.61514e-07
7.94409e-07
2.51061e-06
4.21521e-06
5.96791e-06
7.76971e-06
9.6496e-06
1.1595e-05
1.35869e-05
1.56027e-05
1.75962e-05
1.9511e-05
2.1317e-05
2.29541e-05
2.43978e-05
2.56288e-05
2.66382e-05
2.74334e-05
2.8019e-05
2.84069e-05
2.85631e-05
2.84737e-05
2.81066e-05
2.7346e-05
2.613e-05
2.43732e-05
2.19755e-05
1.89044e-05
1.51234e-05
1.07032e-05
5.80857e-06
6.12798e-07
-4.60064e-06
-9.62478e-06
-1.42791e-05
-1.84285e-05
-2.19906e-05
-2.4895e-05
-2.71148e-05
-2.86457e-05
-2.94777e-05
-2.96771e-05
-2.92923e-05
-2.84012e-05
-2.70938e-05
-2.5458e-05
-2.35858e-05
-2.15593e-05
-1.94524e-05
-1.73204e-05
-1.52084e-05
-1.31632e-05
-1.11985e-05
-9.33381e-06
-7.57562e-06
-5.93751e-06
-4.39452e-06
-2.95011e-06
-1.55658e-06
-1.98516e-07
1.18387e-06
2.61367e-06
4.15976e-06
5.8215e-06
7.63978e-06
9.59195e-06
1.1693e-05
1.38824e-05
1.61316e-05
1.83839e-05
2.05764e-05
2.26592e-05
2.45835e-05
2.63237e-05
2.78607e-05
2.91919e-05
3.03155e-05
3.11807e-05
3.17817e-05
3.20344e-05
3.18684e-05
3.11971e-05
2.99351e-05
2.80514e-05
2.54764e-05
2.22566e-05
1.84412e-05
1.41381e-05
9.54075e-06
4.84124e-06
2.69964e-07
-3.98826e-06
-7.79406e-06
-1.10562e-05
-1.37158e-05
-1.57524e-05
-1.71572e-05
-1.79561e-05
-1.81892e-05
-1.79289e-05
-1.72774e-05
-1.63438e-05
-1.52168e-05
-1.42114e-05
-1.33716e-05
-1.25252e-05
-1.16661e-05
-1.10095e-05
-1.03918e-05
-9.72331e-06
-9.04526e-06
-8.28455e-06
-7.46929e-06
-6.62594e-06
-5.73656e-06
-4.76959e-06
-3.75366e-06
-2.70738e-06
-1.63258e-06
-5.27746e-07
6.09178e-07
1.78115e-06
2.99118e-06
4.24135e-06
5.53207e-06
6.86154e-06
8.22511e-06
9.61468e-06
1.1018e-05
1.24183e-05
1.37935e-05
1.51162e-05
1.63533e-05
1.7466e-05
1.84097e-05
1.91354e-05
1.95954e-05
1.97596e-05
1.96456e-05
1.93454e-05
1.9056e-05
1.88949e-05
1.88188e-05
-4.52094e-06
-4.63757e-06
-4.80783e-06
-5.01704e-06
-5.26966e-06
-5.56732e-06
-5.91148e-06
-6.30432e-06
-6.74787e-06
-7.24363e-06
-7.79266e-06
-8.3957e-06
-9.05346e-06
-9.76682e-06
-1.0537e-05
-1.13656e-05
-1.2255e-05
-1.32079e-05
-1.42275e-05
-1.5318e-05
-1.64835e-05
-1.77288e-05
-1.90583e-05
-2.04763e-05
-2.19874e-05
-2.35955e-05
-2.52988e-05
-2.71027e-05
-2.90057e-05
-3.10075e-05
-3.30936e-05
-3.51689e-05
-3.7121e-05
-3.88898e-05
-4.05188e-05
-4.18364e-05
-4.26215e-05
-4.2743e-05
-4.21943e-05
-4.10817e-05
-3.95232e-05
-3.74796e-05
-3.50204e-05
-3.24049e-05
-2.97492e-05
-2.70801e-05
-2.44143e-05
-2.17715e-05
-1.91671e-05
-1.66221e-05
-1.41605e-05
-1.18125e-05
-9.60346e-06
-7.54197e-06
-5.6505e-06
-3.91245e-06
-2.32597e-06
-8.51664e-07
5.34091e-07
1.88464e-06
3.22398e-06
4.60046e-06
6.01951e-06
7.50578e-06
9.05564e-06
1.06575e-05
1.22975e-05
1.39436e-05
1.55513e-05
1.7096e-05
1.85258e-05
1.98127e-05
2.09315e-05
2.18625e-05
2.25999e-05
2.31371e-05
2.34769e-05
2.35891e-05
2.34626e-05
2.30864e-05
2.23695e-05
2.12786e-05
1.97412e-05
1.7679e-05
1.50599e-05
1.18516e-05
8.10518e-06
3.95912e-06
-4.54625e-07
-4.88562e-06
-9.15847e-06
-1.31026e-05
-1.6585e-05
-1.95209e-05
-2.18411e-05
-2.35246e-05
-2.45818e-05
-2.50211e-05
-2.49269e-05
-2.43575e-05
-2.33937e-05
-2.21214e-05
-2.06182e-05
-1.89615e-05
-1.72169e-05
-1.54412e-05
-1.36735e-05
-1.1946e-05
-1.02915e-05
-8.71541e-06
-7.23084e-06
-5.84014e-06
-4.54982e-06
-3.33973e-06
-2.20918e-06
-1.11867e-06
-5.61491e-08
1.03016e-06
2.15663e-06
3.38087e-06
4.70408e-06
6.16103e-06
7.73605e-06
9.44458e-06
1.12412e-05
1.31045e-05
1.49887e-05
1.68407e-05
1.8615e-05
2.02648e-05
2.17601e-05
2.30758e-05
2.42031e-05
2.51405e-05
2.58436e-05
2.6314e-05
2.64862e-05
2.63031e-05
2.56989e-05
2.45963e-05
2.2971e-05
2.0762e-05
1.80063e-05
1.475e-05
1.10846e-05
7.17776e-06
3.19332e-06
-6.71935e-07
-4.25497e-06
-7.42434e-06
-1.00915e-05
-1.21957e-05
-1.37258e-05
-1.46857e-05
-1.51123e-05
-1.50714e-05
-1.46573e-05
-1.39622e-05
-1.30821e-05
-1.21062e-05
-1.13004e-05
-1.06624e-05
-1.00222e-05
-9.38043e-06
-8.8772e-06
-8.39775e-06
-7.87577e-06
-7.33653e-06
-6.71373e-06
-6.03686e-06
-5.33038e-06
-4.58065e-06
-3.76571e-06
-2.9073e-06
-2.01898e-06
-1.10167e-06
-1.53593e-07
8.27563e-07
1.84476e-06
2.90085e-06
3.99766e-06
5.13536e-06
6.31188e-06
7.52221e-06
8.75776e-06
1.00057e-05
1.12483e-05
1.24628e-05
1.36208e-05
1.46889e-05
1.56287e-05
1.63977e-05
1.6952e-05
1.72537e-05
1.72882e-05
1.70962e-05
1.67932e-05
1.64792e-05
1.63457e-05
1.63272e-05
-3.68791e-06
-3.78288e-06
-3.9255e-06
-4.10083e-06
-4.3127e-06
-4.56179e-06
-4.8484e-06
-5.17379e-06
-5.53945e-06
-5.94672e-06
-6.39667e-06
-6.89025e-06
-7.42841e-06
-8.01224e-06
-8.64311e-06
-9.32278e-06
-1.00534e-05
-1.08375e-05
-1.16782e-05
-1.25789e-05
-1.35434e-05
-1.45753e-05
-1.56786e-05
-1.68567e-05
-1.81145e-05
-1.94517e-05
-2.08708e-05
-2.23733e-05
-2.39587e-05
-2.56268e-05
-2.73655e-05
-2.90955e-05
-3.07227e-05
-3.22007e-05
-3.35911e-05
-3.47152e-05
-3.53473e-05
-3.53813e-05
-3.48307e-05
-3.37931e-05
-3.23819e-05
-3.05532e-05
-2.8374e-05
-2.6109e-05
-2.38654e-05
-2.16414e-05
-1.94461e-05
-1.72881e-05
-1.5175e-05
-1.31217e-05
-1.11469e-05
-9.27523e-06
-7.52511e-06
-5.90271e-06
-4.42426e-06
-3.07406e-06
-1.84931e-06
-7.17279e-07
3.40918e-07
1.36925e-06
2.38544e-06
3.43005e-06
4.50882e-06
5.6419e-06
6.83123e-06
8.07034e-06
9.35218e-06
1.06558e-05
1.19481e-05
1.32115e-05
1.44048e-05
1.55019e-05
1.64789e-05
1.73131e-05
1.7992e-05
1.85014e-05
1.88368e-05
1.89681e-05
1.88771e-05
1.85553e-05
1.79291e-05
1.69914e-05
1.56754e-05
1.39367e-05
1.17366e-05
9.05597e-06
5.93122e-06
2.47948e-06
-1.20026e-06
-4.88772e-06
-8.43429e-06
-1.16786e-05
-1.44959e-05
-1.68067e-05
-1.85537e-05
-1.97306e-05
-2.03647e-05
-2.04864e-05
-2.01885e-05
-1.95289e-05
-1.85814e-05
-1.74213e-05
-1.61127e-05
-1.47158e-05
-1.32804e-05
-1.18469e-05
-1.04402e-05
-9.0816e-06
-7.79255e-06
-6.57291e-06
-5.43116e-06
-4.36751e-06
-3.38397e-06
-2.46535e-06
-1.60859e-06
-7.82358e-07
2.21527e-08
8.48275e-07
1.70666e-06
2.64416e-06
3.66279e-06
4.79148e-06
6.01987e-06
7.36347e-06
8.78919e-06
1.02824e-05
1.18079e-05
1.33228e-05
1.47888e-05
1.61644e-05
1.74201e-05
1.85293e-05
1.94797e-05
2.02686e-05
2.08568e-05
2.12441e-05
2.13785e-05
2.12102e-05
2.06893e-05
1.97502e-05
1.83743e-05
1.65138e-05
1.41956e-05
1.1463e-05
8.39278e-06
5.12779e-06
1.81054e-06
-1.38742e-06
-4.31984e-06
-6.86347e-06
-8.94014e-06
-1.04983e-05
-1.15473e-05
-1.21059e-05
-1.22292e-05
-1.20063e-05
-1.15199e-05
-1.08485e-05
-1.00721e-05
-9.27551e-06
-8.6723e-06
-8.22424e-06
-7.77102e-06
-7.31434e-06
-6.9433e-06
-6.5826e-06
-6.18597e-06
-5.76705e-06
-5.26719e-06
-4.71646e-06
-4.13756e-06
-3.52062e-06
-2.85118e-06
-2.14519e-06
-1.41194e-06
-6.51398e-07
1.38544e-07
9.60511e-07
1.81754e-06
2.71238e-06
3.64676e-06
4.62076e-06
5.63225e-06
6.67619e-06
7.74394e-06
8.82256e-06
9.89425e-06
1.09361e-05
1.192e-05
1.28133e-05
1.35794e-05
1.41799e-05
1.45785e-05
1.47488e-05
1.46911e-05
1.4458e-05
1.41701e-05
1.38839e-05
1.37909e-05
1.38115e-05
-2.81518e-06
-2.89263e-06
-3.01091e-06
-3.15273e-06
-3.32356e-06
-3.52407e-06
-3.75355e-06
-4.01235e-06
-4.30141e-06
-4.62177e-06
-4.97444e-06
-5.36041e-06
-5.78073e-06
-6.23656e-06
-6.72928e-06
-7.26059e-06
-7.83248e-06
-8.44713e-06
-9.10718e-06
-9.8155e-06
-1.05751e-05
-1.13891e-05
-1.22604e-05
-1.31919e-05
-1.41868e-05
-1.52454e-05
-1.63693e-05
-1.75594e-05
-1.88152e-05
-2.01365e-05
-2.15138e-05
-2.28851e-05
-2.41751e-05
-2.53529e-05
-2.65e-05
-2.74372e-05
-2.79328e-05
-2.79059e-05
-2.73866e-05
-2.64623e-05
-2.52402e-05
-2.36712e-05
-2.1825e-05
-1.99694e-05
-1.81875e-05
-1.64439e-05
-1.47422e-05
-1.30775e-05
-1.14519e-05
-9.87674e-06
-8.36727e-06
-6.94428e-06
-5.62082e-06
-4.40199e-06
-3.29889e-06
-2.29796e-06
-1.39603e-06
-5.67375e-07
2.02611e-07
9.48348e-07
1.68154e-06
2.43358e-06
3.21112e-06
4.02907e-06
4.89186e-06
5.79628e-06
6.7397e-06
7.70998e-06
8.68372e-06
9.65052e-06
1.05806e-05
1.14526e-05
1.22476e-05
1.29469e-05
1.3538e-05
1.40054e-05
1.43415e-05
1.4518e-05
1.45075e-05
1.42998e-05
1.38331e-05
1.30838e-05
1.20034e-05
1.06115e-05
8.82929e-06
6.65647e-06
4.12566e-06
1.33772e-06
-1.63219e-06
-4.59132e-06
-7.41444e-06
-9.95439e-06
-1.21043e-05
-1.38002e-05
-1.5004e-05
-1.57264e-05
-1.60077e-05
-1.58991e-05
-1.54936e-05
-1.48304e-05
-1.39755e-05
-1.29915e-05
-1.19266e-05
-1.08237e-05
-9.71642e-06
-8.62986e-06
-7.5763e-06
-6.56882e-06
-5.61926e-06
-4.72475e-06
-3.89096e-06
-3.1174e-06
-2.40388e-06
-1.74001e-06
-1.12171e-06
-5.25699e-07
5.40796e-08
6.51916e-07
1.27393e-06
1.95631e-06
2.70129e-06
3.53188e-06
4.44175e-06
5.44559e-06
6.52072e-06
7.65805e-06
8.8328e-06
1.00116e-05
1.11644e-05
1.22572e-05
1.32636e-05
1.41598e-05
1.49329e-05
1.55818e-05
1.60758e-05
1.64106e-05
1.65434e-05
1.64231e-05
1.60086e-05
1.52471e-05
1.4123e-05
1.26055e-05
1.07128e-05
8.48441e-06
5.9858e-06
3.33891e-06
6.71469e-07
-1.86714e-06
-4.14882e-06
-6.06586e-06
-7.55986e-06
-8.59876e-06
-9.215e-06
-9.4363e-06
-9.33561e-06
-9.01261e-06
-8.51868e-06
-7.92885e-06
-7.29687e-06
-6.70019e-06
-6.30057e-06
-6.0299e-06
-5.7442e-06
-5.44308e-06
-5.18273e-06
-4.92226e-06
-4.63213e-06
-4.31782e-06
-3.92878e-06
-3.49501e-06
-3.0373e-06
-2.54902e-06
-2.02132e-06
-1.46518e-06
-8.8627e-07
-2.83632e-07
3.45238e-07
1.00324e-06
1.69345e-06
2.41857e-06
3.18025e-06
3.97863e-06
4.81173e-06
5.67481e-06
6.55969e-06
7.45399e-06
8.34068e-06
9.19781e-06
9.99871e-06
1.07127e-05
1.13068e-05
1.17482e-05
1.20091e-05
1.20748e-05
1.19563e-05
1.17065e-05
1.14227e-05
1.12164e-05
1.11741e-05
1.12193e-05
-1.90708e-06
-1.96703e-06
-2.06128e-06
-2.16697e-06
-2.29539e-06
-2.44769e-06
-2.62152e-06
-2.81589e-06
-3.03096e-06
-3.26735e-06
-3.52583e-06
-3.8073e-06
-4.11273e-06
-4.44322e-06
-4.80005e-06
-5.18474e-06
-5.599e-06
-6.04463e-06
-6.52364e-06
-7.0383e-06
-7.5909e-06
-8.1837e-06
-8.81888e-06
-9.49849e-06
-1.02243e-05
-1.09973e-05
-1.18178e-05
-1.26861e-05
-1.36016e-05
-1.45635e-05
-1.55623e-05
-1.65599e-05
-1.74973e-05
-1.83556e-05
-1.92345e-05
-1.99616e-05
-2.03048e-05
-2.02137e-05
-1.97379e-05
-1.8958e-05
-1.79795e-05
-1.67494e-05
-1.53408e-05
-1.39981e-05
-1.27459e-05
-1.15349e-05
-1.03499e-05
-9.18055e-06
-8.03051e-06
-6.91195e-06
-5.83985e-06
-4.83294e-06
-3.90077e-06
-3.04815e-06
-2.28235e-06
-1.59254e-06
-9.75716e-07
-4.1314e-07
1.05795e-07
6.0561e-07
1.09449e-06
1.59314e-06
2.10788e-06
2.64847e-06
3.21966e-06
3.81965e-06
4.44766e-06
5.09768e-06
5.7534e-06
6.41023e-06
7.05026e-06
7.656e-06
8.21466e-06
8.71619e-06
9.15319e-06
9.51524e-06
9.79865e-06
9.98806e-06
1.00558e-05
9.98717e-06
9.7218e-06
9.24973e-06
8.53588e-06
7.49642e-06
6.16385e-06
4.51719e-06
2.5898e-06
4.73038e-07
-1.77352e-06
-3.98627e-06
-6.06607e-06
-7.88845e-06
-9.37574e-06
-1.04879e-05
-1.11907e-05
-1.15103e-05
-1.15033e-05
-1.1254e-05
-1.08331e-05
-1.02461e-05
-9.55977e-06
-8.81895e-06
-8.05083e-06
-7.27862e-06
-6.51912e-06
-5.78291e-06
-5.07187e-06
-4.39405e-06
-3.75445e-06
-3.15091e-06
-2.58835e-06
-2.06718e-06
-1.5872e-06
-1.14249e-06
-7.29056e-07
-3.31399e-07
5.47028e-08
4.538e-07
8.69143e-07
1.32594e-06
1.82641e-06
2.3873e-06
3.00535e-06
3.69307e-06
4.43696e-06
5.23177e-06
6.06248e-06
6.9048e-06
7.73661e-06
8.53231e-06
9.27015e-06
9.93033e-06
1.05017e-05
1.09866e-05
1.13709e-05
1.16527e-05
1.18064e-05
1.17641e-05
1.14779e-05
1.09094e-05
1.00352e-05
8.85838e-06
7.39915e-06
5.68625e-06
3.7713e-06
1.75504e-06
-2.50481e-07
-2.11596e-06
-3.73449e-06
-5.01828e-06
-5.93499e-06
-6.47899e-06
-6.7064e-06
-6.6424e-06
-6.39707e-06
-6.04338e-06
-5.61727e-06
-5.17233e-06
-4.73312e-06
-4.36683e-06
-4.17643e-06
-4.0694e-06
-3.93268e-06
-3.75406e-06
-3.57834e-06
-3.39831e-06
-3.1956e-06
-2.97052e-06
-2.68124e-06
-2.35674e-06
-2.01558e-06
-1.65369e-06
-1.26608e-06
-8.59287e-07
-4.3584e-07
6.1697e-09
4.69668e-07
9.5777e-07
1.47354e-06
2.01952e-06
2.59729e-06
3.20706e-06
3.84718e-06
4.51356e-06
5.19899e-06
5.89249e-06
6.57881e-06
7.23823e-06
7.84689e-06
8.37784e-06
8.80298e-06
9.09642e-06
9.23945e-06
9.2279e-06
9.08126e-06
8.85338e-06
8.60669e-06
8.47619e-06
8.48114e-06
8.54487e-06
-9.75318e-07
-1.00956e-06
-1.06984e-06
-1.13416e-06
-1.21821e-06
-1.32191e-06
-1.44122e-06
-1.57346e-06
-1.7178e-06
-1.87425e-06
-2.04312e-06
-2.22497e-06
-2.42047e-06
-2.63045e-06
-2.85581e-06
-3.09779e-06
-3.35812e-06
-3.6378e-06
-3.93818e-06
-4.26102e-06
-4.60785e-06
-4.98005e-06
-5.37893e-06
-5.80574e-06
-6.26144e-06
-6.74635e-06
-7.2604e-06
-7.8033e-06
-8.37453e-06
-8.97132e-06
-9.57565e-06
-1.01911e-05
-1.07567e-05
-1.126e-05
-1.18135e-05
-1.22685e-05
-1.24053e-05
-1.22278e-05
-1.18149e-05
-1.12396e-05
-1.05999e-05
-9.82762e-06
-8.97949e-06
-8.23279e-06
-7.55208e-06
-6.88429e-06
-6.2062e-06
-5.51583e-06
-4.82355e-06
-4.14386e-06
-3.49087e-06
-2.88014e-06
-2.31757e-06
-1.80697e-06
-1.35266e-06
-9.46556e-07
-5.86348e-07
-2.59993e-07
3.90361e-08
3.25789e-07
6.04732e-07
8.88647e-07
1.18134e-06
1.48447e-06
1.80493e-06
2.14024e-06
2.48851e-06
2.84617e-06
3.20148e-06
3.55223e-06
3.88667e-06
4.18862e-06
4.45624e-06
4.6817e-06
4.86e-06
4.99087e-06
5.07663e-06
5.11149e-06
5.10915e-06
5.07944e-06
4.96433e-06
4.74081e-06
4.37816e-06
3.8404e-06
3.10594e-06
2.16672e-06
1.00092e-06
-3.21889e-07
-1.75528e-06
-3.14243e-06
-4.41083e-06
-5.46886e-06
-6.27565e-06
-6.84302e-06
-7.06752e-06
-7.0052e-06
-6.78045e-06
-6.54974e-06
-6.22695e-06
-5.84823e-06
-5.45541e-06
-5.05382e-06
-4.64597e-06
-4.23664e-06
-3.82898e-06
-3.42442e-06
-3.02152e-06
-2.62887e-06
-2.24992e-06
-1.88692e-06
-1.5461e-06
-1.22981e-06
-9.39343e-07
-6.7244e-07
-4.26024e-07
-1.91775e-07
3.37912e-08
2.65119e-07
5.05416e-07
7.6871e-07
1.05731e-06
1.38113e-06
1.73932e-06
2.14008e-06
2.57817e-06
3.04974e-06
3.54844e-06
4.05795e-06
4.56279e-06
5.04531e-06
5.48794e-06
5.87531e-06
6.19191e-06
6.44766e-06
6.63798e-06
6.80077e-06
6.94835e-06
6.99487e-06
6.84664e-06
6.50277e-06
5.86241e-06
5.00393e-06
3.99045e-06
2.82952e-06
1.55537e-06
2.56433e-07
-9.79065e-07
-2.0533e-06
-2.90368e-06
-3.48226e-06
-3.79683e-06
-3.8775e-06
-3.79438e-06
-3.55846e-06
-3.34665e-06
-3.11429e-06
-2.88865e-06
-2.67981e-06
-2.48849e-06
-2.36363e-06
-2.3603e-06
-2.37357e-06
-2.34573e-06
-2.23094e-06
-2.11123e-06
-1.98607e-06
-1.84797e-06
-1.69443e-06
-1.4931e-06
-1.27024e-06
-1.04099e-06
-8.03209e-07
-5.5405e-07
-2.95959e-07
-2.85341e-08
2.51151e-07
5.46448e-07
8.60577e-07
1.1964e-06
1.5561e-06
1.94097e-06
2.3511e-06
2.78506e-06
3.23947e-06
3.7084e-06
4.18285e-06
4.65026e-06
5.0944e-06
5.49577e-06
5.83288e-06
6.08457e-06
6.23381e-06
6.27269e-06
6.20777e-06
6.06492e-06
5.90734e-06
5.73902e-06
5.67794e-06
5.71317e-06
5.78395e-06
-1.70084e-07
-1.82548e-07
-1.97158e-07
-2.28704e-07
-2.65293e-07
-3.07833e-07
-3.57205e-07
-4.11878e-07
-4.71118e-07
-5.34707e-07
-6.02617e-07
-6.74959e-07
-7.51958e-07
-8.33889e-07
-9.2078e-07
-1.01176e-06
-1.11477e-06
-1.2227e-06
-1.33799e-06
-1.46191e-06
-1.59508e-06
-1.73763e-06
-1.88995e-06
-2.05225e-06
-2.22458e-06
-2.40683e-06
-2.5986e-06
-2.79984e-06
-3.01218e-06
-3.24509e-06
-3.51229e-06
-3.64521e-06
-3.79206e-06
-3.91102e-06
-4.0822e-06
-4.24062e-06
-4.23949e-06
-4.11126e-06
-3.91972e-06
-3.69668e-06
-3.48395e-06
-3.21902e-06
-2.92072e-06
-2.68047e-06
-2.46474e-06
-2.24147e-06
-2.00721e-06
-1.76783e-06
-1.53109e-06
-1.30344e-06
-1.08981e-06
-8.94985e-07
-7.184e-07
-5.61009e-07
-4.22362e-07
-2.98997e-07
-1.89426e-07
-8.95498e-08
3.31932e-09
9.36072e-08
1.83507e-07
2.76465e-07
3.74984e-07
4.7685e-07
5.86364e-07
7.01495e-07
8.1979e-07
9.38849e-07
1.05091e-06
1.15148e-06
1.23401e-06
1.29353e-06
1.32663e-06
1.31875e-06
1.26896e-06
1.18156e-06
1.06005e-06
9.02588e-07
7.29426e-07
5.63088e-07
3.87212e-07
1.93191e-07
-2.40807e-08
-2.68281e-07
-5.45773e-07
-8.51558e-07
-1.18075e-06
-1.49865e-06
-1.78408e-06
-2.00128e-06
-2.16199e-06
-2.26067e-06
-2.22242e-06
-2.13135e-06
-2.07459e-06
-2.06152e-06
-1.98963e-06
-2.07697e-06
-2.05342e-06
-2.01637e-06
-1.97894e-06
-1.9124e-06
-1.81915e-06
-1.70278e-06
-1.5674e-06
-1.41759e-06
-1.25698e-06
-1.09523e-06
-9.35807e-07
-7.82489e-07
-6.39366e-07
-5.07688e-07
-3.8809e-07
-2.79683e-07
-1.8051e-07
-8.80655e-08
1.96262e-10
8.93137e-08
1.82808e-07
2.85142e-07
3.98443e-07
5.26059e-07
6.68031e-07
8.2676e-07
1.00131e-06
1.18809e-06
1.38513e-06
1.58312e-06
1.77224e-06
1.94148e-06
2.07782e-06
2.16976e-06
2.20856e-06
2.18139e-06
2.05178e-06
1.98449e-06
1.79941e-06
1.57178e-06
1.35118e-06
1.10959e-06
9.00268e-07
6.55286e-07
3.38699e-07
-4.27434e-09
-3.36978e-07
-6.13676e-07
-8.03666e-07
-8.88765e-07
-8.92917e-07
-8.41606e-07
-7.70956e-07
-7.12753e-07
-6.90666e-07
-6.76355e-07
-7.4181e-07
-7.99623e-07
-8.46962e-07
-8.58012e-07
-8.45835e-07
-8.48693e-07
-8.74624e-07
-8.73918e-07
-8.38731e-07
-7.51844e-07
-6.72913e-07
-5.99487e-07
-5.27847e-07
-4.51205e-07
-3.54059e-07
-2.51174e-07
-1.48953e-07
-4.58278e-08
5.99921e-08
1.69097e-07
2.83199e-07
4.04741e-07
5.36166e-07
6.79766e-07
8.37602e-07
1.01138e-06
1.20232e-06
1.41097e-06
1.63699e-06
1.87875e-06
2.13291e-06
2.39393e-06
2.65361e-06
2.90087e-06
3.12194e-06
3.3011e-06
3.42217e-06
3.47088e-06
3.43817e-06
3.32384e-06
3.13981e-06
2.92711e-06
2.68872e-06
2.49533e-06
2.3601e-06
2.30143e-06
)
;

boundaryField
{
    inlet
    {
        type            zeroGradient;
    }
    outlet
    {
        type            fixedValue;
        value           uniform 0;
    }
    walls
    {
        type            zeroGradient;
    }
    frontAndBack
    {
        type            empty;
    }
}


// ************************************************************************* //
