/*--------------------------------*- C++ -*----------------------------------*\
| =========                 |                                                 |
| \\      /  F ield         | OpenFOAM: The Open Source CFD Toolbox           |
|  \\    /   O peration     | Version:  2506                                  |
|   \\  /    A nd           | Website:  www.openfoam.com                      |
|    \\/     M anipulation  |                                                 |
\*---------------------------------------------------------------------------*/
FoamFile
{
    version     2.0;
    format      ascii;
    arch        "LSB;label=32;scalar=64";
    class       volScalarField;
    location    "4.91";
    object      s;
}
// * * * * * * * * * * * * * * * * * * * * * * * * * * * * * * * * * * * * * //

dimensions      [0 0 0 0 0 0 0];

internalField   nonuniform List<scalar> 
4000
(
7.10717e-23
-3.96426e-22
1.87599e-21
-8.01996e-21
2.93253e-20
-8.11861e-20
1.11134e-19
3.38589e-19
-2.7016e-18
7.67323e-18
-2.89743e-18
-6.12539e-17
2.25737e-16
-6.31165e-17
-5.81988e-15
-6.75605e-14
-5.4912e-13
-9.08497e-12
-2.71788e-10
-8.19915e-10
1.22796e-09
4.01074e-08
5.67476e-07
5.80962e-06
4.73539e-05
0.000328466
0.0020181
0.0111837
0.0418356
0.0952792
0.138364
0.145119
0.142545
0.12962
0.0817929
0.0219762
0.00515721
0.00594524
0.00719305
0.00862146
0.0101427
0.0115517
0.0124623
0.013073
0.0138462
0.0144577
0.0149015
0.0153416
0.0157914
0.0162963
0.0169171
0.0176109
0.0185013
0.0195291
0.0207662
0.0222127
0.0239095
0.0259498
0.028357
0.0313018
0.0348168
0.0388727
0.0431211
0.0470053
0.050098
0.0521895
0.0532765
0.0534585
0.0525913
0.0475877
0.0309227
0.0123676
0.00451012
0.00292991
0.00171798
0.000915865
0.000469791
0.000238939
0.000118608
5.34339e-05
2.1367e-05
9.19194e-06
4.44272e-06
2.16548e-06
1.0401e-06
4.75215e-07
2.07121e-07
8.74991e-08
3.6102e-08
1.4456e-08
5.57607e-09
2.07504e-09
7.3967e-10
2.44866e-10
5.78092e-11
-3.89408e-11
-1.69942e-10
-4.09121e-10
-8.14322e-10
-1.3989e-09
-1.64457e-09
-4.37986e-09
-1.98401e-08
-6.0505e-08
-1.34184e-07
-2.56813e-07
-4.31938e-07
-6.36226e-07
-8.71336e-07
-1.0933e-06
-1.16537e-06
-9.84558e-07
-3.47381e-07
8.22437e-07
2.64688e-06
5.04393e-06
8.49859e-05
0.000290199
0.000603847
0.00101699
0.00151212
0.00202602
0.00252617
0.00301631
0.00345762
0.00384614
0.00417761
0.00443991
0.00464958
0.00483524
0.00493057
0.00500081
0.00510203
0.00511965
0.00514563
0.00526738
0.00522668
0.00530987
0.00529169
0.0052535
0.00512503
0.00485365
0.00437186
0.00386119
0.00336301
0.00287803
0.00240324
0.00194907
0.00152381
0.00113723
0.000803259
0.000531057
0.000327311
0.000188084
0.000101464
5.18532e-05
2.53752e-05
1.20189e-05
5.45842e-06
2.25775e-06
7.6267e-07
-5.23216e-08
-7.2554e-07
-1.37823e-06
-2.10317e-06
-2.90423e-06
-3.63954e-06
-3.58271e-06
-3.10252e-06
-2.44397e-06
-1.69295e-06
-8.64296e-07
4.99445e-08
1.053e-06
3.52271e-06
9.27604e-06
1.86096e-05
3.01063e-05
4.14231e-05
4.83071e-05
4.49205e-05
3.47104e-05
2.31471e-05
1.40701e-05
8.96154e-06
7.18868e-06
6.39867e-06
5.72534e-06
5.06058e-06
4.40497e-06
3.76854e-06
3.16379e-06
2.60424e-06
2.10165e-06
1.66382e-06
1.29352e-06
9.88478e-07
7.42151e-07
5.45217e-07
3.86537e-07
4.76308e-23
-1.94118e-22
6.01721e-22
-1.64434e-21
3.52469e-21
-4.19731e-21
-6.47267e-21
5.30451e-20
-1.57538e-19
2.77664e-19
-4.07787e-19
1.7093e-18
-9.613e-18
3.46989e-17
-6.79879e-17
-1.32765e-15
-9.12806e-15
-1.27598e-13
-3.24954e-12
-1.9859e-11
-9.14303e-12
5.69881e-10
9.68287e-09
1.10907e-07
9.96795e-07
7.61904e-06
5.13272e-05
0.000287601
0.00113606
0.00318054
0.00699363
0.0119188
0.0177792
0.0253772
0.0301927
0.0303737
0.0292792
0.026864
0.0239064
0.0208552
0.0175492
0.0146421
0.0122075
0.0105156
0.00932293
0.00832962
0.00751753
0.00690565
0.00641204
0.00601344
0.00570953
0.00545547
0.0053004
0.0051792
0.00518851
0.00531272
0.00558223
0.00610144
0.00673689
0.00780437
0.00913245
0.0109149
0.0132275
0.0159312
0.0191728
0.0225431
0.0261804
0.0296744
0.0330351
0.035899
0.0365505
0.0356809
0.0345738
0.0341248
0.0340809
0.0342446
0.0341865
0.0333062
0.030709
0.0233144
0.0112705
0.00354779
0.00174626
0.00101658
0.000558209
0.000279636
0.000128244
5.56557e-05
2.36944e-05
9.92973e-06
4.05585e-06
1.6328e-06
6.44404e-07
2.50059e-07
9.49828e-08
3.37439e-08
7.54718e-09
-9.14536e-09
-3.4837e-08
-8.20763e-08
-1.4336e-07
-2.30736e-07
-3.95527e-07
-7.27671e-07
-1.20992e-06
-1.87376e-06
-2.40331e-06
-2.38357e-06
-1.37866e-06
1.01054e-06
0.000403978
0.00130852
0.00281186
0.00484523
0.007358
0.0100898
0.0130068
0.0162329
0.0195663
0.0228578
0.0258791
0.0284993
0.030751
0.0327225
0.0344279
0.035894
0.0371477
0.0382069
0.0391007
0.0398823
0.0405249
0.0410672
0.041576
0.0419933
0.042354
0.0427419
0.043023
0.0433274
0.0435785
0.043805
0.0439878
0.0441032
0.0441032
0.0439899
0.0433974
0.0426358
0.0411323
0.0392481
0.0368849
0.0339373
0.0307227
0.0269051
0.022952
0.0186361
0.0143136
0.00988521
0.00637824
0.00402754
0.00249715
0.00147961
0.000944129
0.000580547
0.00032879
0.000178358
9.87056e-05
0.000229615
0.00113467
0.00254783
0.0039937
0.00529886
0.00637092
0.00718453
0.00776527
0.00817186
0.00847916
0.00876408
0.00909601
0.00953164
0.0101083
0.0107976
0.0114451
0.0118953
0.0120464
0.0118533
0.0113175
0.0104879
0.00951831
0.00852814
0.00759433
0.00677304
0.00603397
0.00533789
0.00466412
0.00401141
0.0033908
0.00281714
0.00230257
0.00185281
0.00146584
0.00111903
8.23628e-24
-2.07757e-23
-6.92126e-24
1.609e-22
-6.35497e-22
1.20888e-21
2.27412e-22
-8.95281e-21
2.24939e-20
1.87364e-20
-3.04691e-19
1.02027e-18
-1.45871e-18
-1.16822e-18
4.30957e-18
-8.5785e-18
-1.92974e-17
-5.32469e-17
-5.68903e-14
3.02021e-14
-1.94657e-13
2.06497e-14
2.78064e-12
3.05801e-11
2.73708e-10
2.09971e-09
1.30023e-08
5.69584e-08
1.9432e-07
4.83958e-07
1.04372e-06
2.1859e-06
4.20393e-06
1.91312e-05
0.000886069
0.00173931
0.00201209
0.00212146
0.00207007
0.00186909
0.00153519
0.00122471
0.000994024
0.000823754
0.000701347
0.000610887
0.000540733
0.000490488
0.000451098
0.00042183
0.000402072
0.000388316
0.000384443
0.00038619
0.00039738
0.000414704
0.000440163
0.000477161
0.000523546
0.000590755
0.000672714
0.000805481
0.00104791
0.00145095
0.00213487
0.00310668
0.00452061
0.00633167
0.00865113
0.0114196
0.0147893
0.0181356
0.0211234
0.023785
0.0262324
0.0286533
0.0312649
0.033259
0.0348413
0.0374629
0.0379179
0.0366891
0.0347475
0.0317862
0.0258279
0.0163023
0.00686178
0.00294084
0.00172474
0.00107036
0.00063905
0.000358616
0.000188196
9.39851e-05
4.59435e-05
2.23618e-05
1.07676e-05
5.12413e-06
2.3112e-06
8.29e-07
9.1361e-09
-2.25136e-07
5.04768e-07
3.25367e-06
1.06976e-05
4.31634e-05
0.00080486
0.00246385
0.00523954
0.00893326
0.0136698
0.0187886
0.0246859
0.0307291
0.0359874
0.0404251
0.0440903
0.0472205
0.0495122
0.0509594
0.0517547
0.0523648
0.0529501
0.0535138
0.053945
0.0542049
0.0543363
0.054373
0.0543498
0.0542761
0.0541866
0.0540801
0.0539451
0.0538361
0.0537176
0.0535726
0.0534978
0.0534022
0.0533727
0.0534003
0.0535168
0.053772
0.0542042
0.0547659
0.0553314
0.0558917
0.0563779
0.0567411
0.0568938
0.0567519
0.0562948
0.0553031
0.0538794
0.0518116
0.0492643
0.0455831
0.040413
0.0334673
0.0261999
0.0188083
0.0141543
0.0105917
0.00857104
0.00860072
0.010691
0.0142923
0.0199466
0.0260592
0.0313378
0.0355237
0.0386024
0.0407878
0.0422516
0.04311
0.0434478
0.0433366
0.0428539
0.0421007
0.0412061
0.0403272
0.0396486
0.0393696
0.0396728
0.0406962
0.0425516
0.0453561
0.0488271
0.0516931
0.0536472
0.0549105
0.0555481
0.0554651
0.0544935
0.0527199
0.0504849
0.0481112
0.0458704
0.0438866
0.0424301
0.0407618
-3.57186e-24
1.64649e-23
-5.36133e-23
1.21486e-22
-1.70703e-22
-5.9266e-23
1.01315e-21
-2.69614e-21
2.85009e-21
2.97578e-21
-9.81676e-21
-2.58214e-20
1.87461e-19
-4.54633e-19
8.34798e-19
-7.86333e-18
1.05537e-16
-3.68865e-16
9.82275e-16
8.42446e-15
3.11198e-14
1.36497e-14
-2.26007e-13
-2.40117e-12
-1.9566e-11
-1.38226e-10
-1.00746e-09
-1.73219e-09
1.12871e-09
2.36032e-08
5.03096e-08
1.48565e-07
3.02691e-07
5.76134e-07
1.8219e-07
2.31226e-07
2.88791e-07
3.24673e-07
3.43602e-07
3.44027e-07
3.1484e-07
2.83887e-07
2.62591e-07
2.48278e-07
2.40704e-07
2.37068e-07
2.35528e-07
2.38798e-07
2.44093e-07
2.53281e-07
2.68058e-07
2.88096e-07
3.19221e-07
3.60963e-07
4.22948e-07
5.01604e-07
5.99811e-07
7.22088e-07
8.8154e-07
1.11029e-06
1.45664e-06
2.22164e-06
3.43713e-06
5.16683e-06
7.61713e-06
1.09448e-05
1.55568e-05
2.14091e-05
7.80612e-05
0.000383272
0.00106221
0.00219333
0.00373986
0.00569399
0.00811605
0.0108049
0.0139688
0.0174507
0.0209164
0.0248386
0.0286676
0.0328609
0.0357035
0.0379807
0.0409547
0.0410521
0.0393939
0.0369082
0.0340168
0.0296234
0.0233583
0.0155758
0.00786517
0.00410391
0.00264303
0.00188362
0.0015753
0.00147563
0.0012777
0.00105388
0.000824307
0.000916904
0.00170685
0.00350759
0.0065904
0.0107867
0.0162901
0.0231171
0.0305581
0.0371669
0.042846
0.0473022
0.0510064
0.0530644
0.0538522
0.0546238
0.0549603
0.0546395
0.0537882
0.0525009
0.0508878
0.049159
0.0472878
0.0452638
0.0431011
0.0409266
0.0388785
0.0369865
0.0352285
0.0335899
0.0321247
0.0308117
0.029579
0.0285132
0.0275538
0.0266219
0.0258752
0.0251686
0.0245975
0.0241557
0.0238693
0.0238041
0.0240153
0.0245322
0.0256977
0.0272719
0.0296614
0.0325407
0.035853
0.0394898
0.0430645
0.0465511
0.0495729
0.0512471
0.0519824
0.0525426
0.0534322
0.0528094
0.0510298
0.0476955
0.0453084
0.0434986
0.0425233
0.0426601
0.0444632
0.0475868
0.0514725
0.0546808
0.0566996
0.0578175
0.0584815
0.0590134
0.059422
0.0597149
0.0599025
0.0599961
0.0600042
0.0599328
0.059789
0.0595806
0.0593231
0.0590454
0.0587964
0.058631
0.0585915
0.0586898
0.0589117
0.0593924
0.0607523
0.0630694
0.0662623
0.0701187
0.0741627
0.076561
0.077333
0.0776164
0.0775617
0.0772035
0.076574
0.0755375
-1.28877e-24
4.65036e-24
-8.12593e-24
5.7821e-24
1.81547e-23
-7.03419e-23
1.0803e-22
-1.30602e-22
7.78989e-22
-5.1322e-21
2.27137e-20
-8.36991e-20
3.10083e-19
-1.23671e-18
4.96269e-18
-1.81798e-17
5.84993e-17
-1.45344e-16
2.53567e-16
9.14481e-16
2.72613e-15
5.4112e-15
6.76432e-15
1.50337e-14
2.10989e-13
-1.78735e-12
-2.72476e-12
1.92051e-11
2.94298e-10
2.83087e-09
6.47277e-09
1.11587e-08
2.02832e-08
2.09409e-09
1.16426e-08
-9.70977e-10
-1.90078e-08
-7.43148e-08
-1.12151e-07
-1.20552e-07
-1.14881e-07
-1.03796e-07
-9.06307e-08
-7.74203e-08
-6.55068e-08
-5.54027e-08
-4.71743e-08
-4.08272e-08
-3.59662e-08
-3.23824e-08
-2.9881e-08
-2.82275e-08
-2.74173e-08
-2.72768e-08
-2.79073e-08
-2.86014e-08
-2.79703e-08
-2.46485e-08
-1.88761e-08
-8.3012e-09
4.44467e-09
1.46218e-08
1.50158e-08
8.42966e-09
4.72541e-09
1.445e-08
6.07737e-08
1.6643e-07
2.92451e-07
3.87847e-07
4.11389e-07
3.47797e-07
2.65655e-07
2.4343e-06
0.00021461
0.000691939
0.00150232
0.00273274
0.00441811
0.00666919
0.00949392
0.0132207
0.0174192
0.0217158
0.026402
0.0307872
0.0354228
0.0384414
0.0406281
0.0425754
0.0444895
0.0443939
0.0434323
0.0421341
0.040537
0.0385013
0.0354302
0.0319061
0.0284684
0.0254443
0.0231079
0.0227331
0.0248368
0.0291881
0.0351052
0.0412839
0.0469115
0.0519102
0.0547537
0.0559382
0.0568086
0.0566745
0.0556137
0.0536288
0.0508478
0.0477517
0.0439136
0.039575
0.0352727
0.0311588
0.0272587
0.0237028
0.020553
0.0178061
0.0154555
0.0134611
0.0117772
0.0103571
0.00917415
0.0082057
0.00742543
0.00678304
0.00623135
0.00577839
0.00538833
0.00503905
0.00476042
0.00451136
0.00431223
0.00415759
0.00405087
0.00400604
0.00403218
0.00413844
0.00445866
0.00497231
0.00592624
0.00733767
0.00935949
0.0123136
0.0159916
0.0205139
0.0258383
0.0318877
0.0375088
0.0424425
0.0467924
0.0501622
0.0518166
0.0526204
0.0533985
0.0544688
0.0559173
0.0572652
0.0585379
0.0595354
0.0598108
0.0594188
0.0586938
0.0577596
0.0567191
0.055618
0.0544753
0.0533588
0.0523265
0.0514211
0.0506752
0.0501163
0.0497648
0.0496373
0.0497548
0.050137
0.0507781
0.0516532
0.0527267
0.0539669
0.0553412
0.0567597
0.0581396
0.0594926
0.0608614
0.0623779
0.0644089
0.0672789
0.0706483
0.073466
0.0753597
0.0764769
0.0770409
0.0770903
2.07755e-26
-2.20912e-25
1.34293e-24
-3.4711e-24
4.50845e-24
3.9921e-24
-1.97932e-23
-2.18385e-23
3.52106e-22
-1.54886e-21
5.365e-21
-1.89367e-20
6.98815e-20
-2.44013e-19
7.31894e-19
-1.71319e-18
2.55352e-18
-1.3185e-18
-2.85389e-18
-1.24289e-17
2.90231e-17
5.2084e-17
-8.20737e-16
5.88246e-15
-1.62993e-14
4.71391e-13
-4.31721e-13
1.79154e-12
5.21385e-11
1.45637e-10
2.71358e-10
4.63066e-10
1.09159e-09
6.68766e-10
1.28433e-09
-7.78182e-10
-5.26419e-09
-8.7712e-09
-8.85682e-09
-7.33678e-09
-5.36147e-09
-3.73468e-09
-2.58139e-09
-1.79977e-09
-1.28301e-09
-9.37521e-10
-7.02793e-10
-5.46315e-10
-4.38328e-10
-3.65148e-10
-3.16809e-10
-2.85359e-10
-2.69183e-10
-2.63509e-10
-2.68424e-10
-5.13632e-10
-1.27888e-09
-2.47389e-09
-3.81115e-09
-5.10331e-09
-6.06867e-09
-6.35512e-09
-7.58984e-09
-1.17243e-08
-1.84943e-08
-2.44287e-08
-2.90886e-08
-2.48252e-08
-7.54624e-09
-8.78832e-10
-3.19381e-08
-5.97909e-08
-1.57935e-08
1.0731e-07
2.75375e-07
4.3598e-07
6.01059e-07
6.90536e-07
7.41459e-07
8.05098e-05
0.000408268
0.00108991
0.00223572
0.0039033
0.00614378
0.0090182
0.0129051
0.0172171
0.0215036
0.0258057
0.0299682
0.0340554
0.0388561
0.0420136
0.0441787
0.0457867
0.0470446
0.0488964
0.0511959
0.0530905
0.0542988
0.0554799
0.056675
0.0577223
0.0583729
0.0584573
0.0578941
0.0565826
0.0544158
0.0514395
0.0478057
0.043033
0.0377484
0.0323528
0.0270023
0.0220767
0.0177631
0.0141139
0.0111251
0.0086992
0.00678826
0.00537601
0.00433243
0.00354525
0.00294297
0.00247474
0.00210618
0.00181337
0.00157751
0.00138464
0.00122787
0.00109822
0.00098784
0.000897263
0.000819848
0.000752423
0.000698109
0.000650819
0.000612815
0.000583167
0.000561847
0.000550793
0.000550761
0.000563744
0.00058828
0.000622876
0.00067632
0.00075051
0.000833925
0.00114755
0.00186204
0.00325293
0.00545744
0.00895627
0.0137307
0.0195129
0.025759
0.0326618
0.0389283
0.0440282
0.0473644
0.0496302
0.051074
0.0517414
0.051367
0.0499664
0.0472019
0.0437819
0.0403442
0.0371136
0.0341848
0.0315911
0.0293342
0.0273974
0.0257455
0.0243421
0.023166
0.0221988
0.0214233
0.0208254
0.0203954
0.0201297
0.0200328
0.0201183
0.020411
0.020947
0.0217742
0.0229507
0.0245402
0.0266033
0.029195
0.0323182
0.0359286
0.0399484
0.0442556
0.0486636
0.052978
0.0569719
0.0603593
0.0641577
3.89015e-26
-1.41932e-25
2.51502e-25
-8.34339e-26
-9.60094e-25
2.88293e-24
-2.8579e-24
-1.31727e-24
-2.15647e-24
7.0144e-23
-3.72688e-22
1.61248e-21
-7.24398e-21
3.19872e-20
-1.25013e-19
4.04075e-19
-1.00288e-18
1.4539e-18
7.5708e-19
-9.07583e-18
-4.04715e-17
-6.02638e-17
-1.6297e-16
8.21765e-16
-2.25787e-15
7.58094e-14
9.00558e-14
1.00611e-12
3.73489e-12
7.84467e-12
1.44523e-11
2.89054e-11
6.78788e-11
6.94492e-11
1.00922e-10
-2.52353e-10
-6.56126e-10
-7.77823e-10
-6.91231e-10
-5.18155e-10
-3.42142e-10
-2.11746e-10
-1.26865e-10
-7.46676e-11
-4.3558e-11
-2.50491e-11
-1.40343e-11
-7.60119e-12
-3.8305e-12
-1.66026e-12
-3.41437e-13
6.28732e-13
1.59047e-12
2.69445e-12
4.07206e-12
5.86167e-12
8.52141e-12
1.88815e-11
4.76992e-11
1.245e-10
7.03767e-11
-1.93527e-10
-8.11401e-10
-2.06098e-09
-4.44833e-09
-8.17734e-09
-1.52214e-08
-2.31196e-08
-3.00644e-08
-3.52338e-08
-3.88143e-08
-4.16511e-08
-3.40811e-08
-2.00876e-08
4.71362e-09
4.81255e-08
8.22964e-08
1.00147e-07
2.42183e-07
3.32694e-07
6.27948e-07
8.60483e-07
9.67813e-07
8.20203e-07
6.39786e-06
0.000192041
0.000698574
0.00159321
0.00288773
0.00458541
0.00659681
0.00893664
0.012007
0.0152781
0.0186532
0.0219746
0.0255419
0.0290091
0.0322089
0.034643
0.0364147
0.0374479
0.0378843
0.0377554
0.0369643
0.0355686
0.0334305
0.0306462
0.0272475
0.0233945
0.0193478
0.0154253
0.0118819
0.00886148
0.00647479
0.00476956
0.00356215
0.00269173
0.00205664
0.00158684
0.00123468
0.00096911
0.000767545
0.000613562
0.000495783
0.000405075
0.000334729
0.000279799
0.000236438
0.000201802
0.000174209
0.000151903
0.000133381
0.000118475
0.000106008
9.54672e-05
8.70523e-05
7.9928e-05
7.42561e-05
6.98833e-05
6.67167e-05
6.49828e-05
6.46915e-05
6.61966e-05
6.9143e-05
7.33213e-05
7.97204e-05
8.84246e-05
0.000100214
0.000116941
0.000139363
0.000171126
0.000204782
0.000407296
0.00127399
0.00315423
0.00618871
0.0109534
0.0165793
0.0227998
0.0272517
0.030266
0.0318761
0.0321839
0.0308911
0.0283638
0.0245706
0.0206356
0.017223
0.014425
0.0121811
0.0103961
0.00897883
0.00785207
0.00695529
0.00624965
0.00570188
0.00527742
0.00494923
0.00469787
0.00450986
0.00437632
0.00429201
0.00425501
0.00426677
0.00433253
0.00446182
0.00466921
0.00497526
0.00540534
0.00599546
0.00679358
0.00784651
0.00920127
0.0109093
0.0130514
0.0157391
0.0190503
0.0221168
0.0277684
9.40579e-28
4.3734e-29
-2.00071e-26
6.62924e-26
-1.07357e-25
4.42492e-26
-3.69013e-25
3.84298e-24
-1.91459e-23
7.32094e-23
-2.64388e-22
9.53461e-22
-3.26468e-21
9.91761e-21
-2.51228e-20
4.84013e-20
-5.33437e-20
-2.9675e-20
1.90497e-19
2.32426e-19
-1.19096e-18
-1.08871e-17
1.39441e-17
-7.99968e-17
1.42352e-16
1.32542e-15
1.05907e-14
2.95358e-14
1.07934e-13
3.16634e-13
6.22437e-13
3.51844e-12
9.19438e-12
-7.70281e-12
-3.55789e-11
-5.41565e-11
-5.64797e-11
-4.6912e-11
-3.28135e-11
-1.95994e-11
-9.58356e-12
-3.01988e-12
9.72097e-13
3.1228e-12
4.07182e-12
4.37435e-12
4.33819e-12
4.11965e-12
3.75973e-12
3.2911e-12
2.51644e-12
1.76663e-12
1.16418e-12
7.50427e-13
5.88307e-13
5.77307e-13
8.2716e-13
1.79832e-12
4.33077e-12
2.09012e-11
5.48485e-11
1.08612e-10
1.84429e-10
2.54016e-10
4.05754e-10
3.04373e-10
-6.08145e-10
-2.86318e-09
-6.94216e-09
-1.3316e-08
-1.95187e-08
-2.45586e-08
-2.81237e-08
-2.81183e-08
-2.12721e-08
-4.82736e-09
1.81559e-08
5.35205e-08
1.04922e-07
1.4458e-07
2.05455e-07
2.36905e-07
2.30656e-07
3.0654e-07
4.78219e-07
7.35619e-07
9.08291e-07
1.02524e-06
1.34293e-06
2.99589e-06
1.20803e-05
9.01131e-05
0.000333611
0.000747434
0.0013329
0.00201052
0.00276413
0.00362282
0.00462172
0.00568774
0.00687224
0.00807946
0.0092048
0.0100215
0.0102506
0.00989336
0.00901626
0.00781568
0.00645745
0.00511637
0.0039258
0.00294867
0.00218693
0.00161516
0.00118646
0.000868831
0.000634716
0.000463559
0.000339897
0.000250613
0.000185927
0.000139084
0.000104918
7.97691e-05
6.11645e-05
4.72712e-05
3.68229e-05
2.89265e-05
2.29182e-05
1.83185e-05
1.48213e-05
1.21527e-05
1.00696e-05
8.49756e-06
7.26532e-06
6.29922e-06
5.58465e-06
5.02782e-06
4.62469e-06
4.35166e-06
4.18795e-06
4.14976e-06
4.22981e-06
4.46009e-06
4.80887e-06
5.25186e-06
5.87887e-06
6.70629e-06
7.82486e-06
9.39994e-06
1.15293e-05
1.46803e-05
1.90939e-05
2.56263e-05
3.4031e-05
4.35811e-05
4.82344e-05
0.000709516
0.00217655
0.00475653
0.0070829
0.00892651
0.00984684
0.0098394
0.00881491
0.00719923
0.00533332
0.00386939
0.00288602
0.00223165
0.00178363
0.00146715
0.00123784
0.00106833
0.000941053
0.000844373
0.000770397
0.000713675
0.000670396
0.000637897
0.000614333
0.000598462
0.000589508
0.000587133
0.000591465
0.000603172
0.000623596
0.00065499
0.000700785
0.000766072
0.000857228
0.000982312
0.00115253
0.00138177
0.00168664
0.00208718
0.00260178
0.00325781
0.00394896
0.00521976
-3.52317e-28
1.20589e-27
-1.51463e-27
-3.12664e-27
1.78736e-26
-2.60744e-26
-5.78984e-26
3.62758e-25
-1.12366e-24
3.15282e-24
-9.10211e-24
2.09377e-23
-1.29638e-23
-1.73841e-22
1.0552e-21
-3.48274e-21
6.56162e-21
2.79169e-23
-3.66819e-20
4.38111e-20
5.07359e-19
-1.71741e-19
6.14415e-18
-1.51993e-17
6.84357e-17
-9.60334e-17
8.49031e-16
1.77812e-15
6.18037e-15
1.80135e-14
4.55226e-14
5.93918e-13
8.43266e-13
-5.17689e-12
-1.12459e-11
-1.18529e-11
-1.0214e-11
-7.66848e-12
-4.82526e-12
-2.37073e-12
-5.83961e-13
5.18464e-13
1.04553e-12
1.06934e-12
9.79164e-13
8.85184e-13
8.05036e-13
7.23838e-13
6.30953e-13
5.30686e-13
4.35327e-13
3.54532e-13
2.77971e-13
2.15287e-13
1.98476e-13
1.87935e-13
1.76222e-13
1.4128e-13
6.81088e-14
1.82352e-12
5.47948e-12
1.80723e-11
3.98125e-11
8.27887e-11
1.3392e-10
1.81467e-10
2.25802e-10
2.6306e-10
4.01156e-10
-2.28858e-10
-1.74495e-09
-4.0753e-09
-7.25804e-09
-1.20335e-08
-1.58533e-08
-1.59554e-08
-1.23739e-08
-1.26083e-09
1.52966e-08
3.89765e-08
7.18066e-08
1.06944e-07
1.40895e-07
1.8342e-07
2.23516e-07
2.60084e-07
2.95314e-07
3.95015e-07
5.29006e-07
6.67138e-07
1.44294e-06
2.42278e-06
3.42208e-06
4.64105e-06
6.53711e-06
1.03455e-05
1.90072e-05
3.68894e-05
7.01263e-05
0.000122412
0.000196617
0.000286753
0.000384311
0.000475642
0.000545568
0.000587318
0.000593603
0.000568375
0.000517626
0.000450348
0.00037634
0.000302981
0.000235683
0.000178075
0.000130784
9.4051e-05
6.63779e-05
4.60078e-05
3.13355e-05
2.08671e-05
1.34391e-05
8.2115e-06
4.53504e-06
1.94616e-06
1.19665e-07
-1.16257e-06
-2.01957e-06
-2.55378e-06
-2.85008e-06
-2.97446e-06
-2.98712e-06
-2.93966e-06
-2.85471e-06
-2.73777e-06
-2.59174e-06
-2.4225e-06
-2.23905e-06
-2.05024e-06
-1.86286e-06
-1.68305e-06
-1.51528e-06
-1.36354e-06
-1.23056e-06
-1.11875e-06
-1.0284e-06
-9.60072e-07
-9.12808e-07
-8.84302e-07
-8.68426e-07
-8.55462e-07
-8.38288e-07
-7.89888e-07
-6.70341e-07
-3.54201e-07
3.54477e-07
1.85268e-06
4.76392e-06
7.63955e-06
9.01965e-06
7.1605e-06
5.18943e-05
0.00015926
0.000199537
0.000212936
0.000201252
0.000175803
0.000144376
0.000118512
9.92795e-05
8.47665e-05
7.37004e-05
6.51922e-05
5.8612e-05
5.35017e-05
4.95305e-05
4.6462e-05
4.41217e-05
4.23769e-05
4.11325e-05
4.03243e-05
3.99127e-05
3.9877e-05
4.02153e-05
4.09516e-05
4.21442e-05
4.38977e-05
4.63843e-05
4.98764e-05
5.47905e-05
6.17589e-05
7.15606e-05
8.534e-05
0.00010468
0.000131598
0.000168516
0.000218149
0.000283099
0.000366364
0.000463241
0.000619774
-3.70913e-30
-1.46547e-29
1.67426e-28
-5.11322e-28
9.33617e-28
-1.84823e-27
1.14411e-26
-6.22742e-26
2.58542e-25
-9.68508e-25
3.54887e-24
-1.2486e-23
3.95953e-23
-1.05857e-22
2.15929e-22
-2.43646e-22
-2.85183e-22
1.96016e-21
-2.66173e-21
-7.07619e-21
1.59477e-20
1.06234e-19
8.77447e-20
4.638e-19
5.02766e-18
-7.09171e-18
-6.81256e-18
2.22971e-17
2.98755e-16
8.52864e-16
9.93844e-15
-1.06331e-14
-1.67624e-13
-3.91325e-13
-3.33033e-13
-2.99506e-13
-2.24726e-13
-1.08895e-13
3.01871e-14
1.59357e-13
2.3184e-13
2.7191e-13
4.10279e-13
5.34078e-13
6.6328e-13
6.95128e-13
6.8522e-13
6.72427e-13
6.92351e-13
7.43932e-13
8.21965e-13
9.13506e-13
9.99668e-13
1.05966e-12
1.06582e-12
1.00796e-12
8.84423e-13
6.95715e-13
4.56291e-13
2.91948e-13
1.38089e-13
9.75306e-13
2.67305e-12
8.09106e-12
1.50324e-11
3.14926e-11
5.63456e-11
1.0536e-10
1.58431e-10
2.19232e-10
2.43729e-10
3.26205e-10
2.9158e-10
-5.61647e-10
-2.23782e-09
-4.78577e-09
-7.44572e-09
-8.61922e-09
-7.70908e-09
-5.58056e-09
-5.48634e-10
8.53656e-09
2.25188e-08
4.15405e-08
6.56751e-08
9.60012e-08
1.36996e-07
1.91283e-07
2.71095e-07
3.49139e-07
4.34195e-07
5.57257e-07
7.15459e-07
9.01574e-07
1.12662e-06
1.39305e-06
1.70959e-06
2.02837e-06
2.31587e-06
2.50867e-06
2.5983e-06
2.55023e-06
2.38059e-06
2.10418e-06
1.74242e-06
1.31694e-06
8.16333e-07
2.1814e-07
-4.22983e-07
-1.0571e-06
-1.66081e-06
-2.22185e-06
-2.72639e-06
-3.16692e-06
-3.53524e-06
-3.83535e-06
-4.06813e-06
-4.23792e-06
-4.35512e-06
-4.4267e-06
-4.45931e-06
-4.46285e-06
-4.44088e-06
-4.39995e-06
-4.35466e-06
-4.25041e-06
-4.02757e-06
-3.7718e-06
-3.49674e-06
-3.21488e-06
-2.93314e-06
-2.65618e-06
-2.40244e-06
-2.15305e-06
-1.90041e-06
-1.65747e-06
-1.44106e-06
-1.25179e-06
-1.08994e-06
-9.55306e-07
-8.44519e-07
-7.58672e-07
-6.95166e-07
-6.54516e-07
-6.378e-07
-6.39698e-07
-6.5807e-07
-6.88949e-07
-7.32639e-07
-7.88766e-07
-8.47927e-07
-8.98589e-07
-9.45104e-07
-9.68966e-07
-9.85833e-07
-8.53303e-07
-5.06472e-07
3.18794e-07
1.01363e-06
1.93455e-06
2.30658e-06
2.38737e-06
2.33991e-06
2.24193e-06
2.04145e-06
1.77335e-06
1.44477e-06
1.14043e-06
8.86143e-07
6.78015e-07
5.18551e-07
4.08486e-07
3.45863e-07
3.19434e-07
3.19099e-07
3.38081e-07
3.74238e-07
4.20562e-07
4.6723e-07
5.09529e-07
5.44077e-07
5.69196e-07
5.85112e-07
5.94268e-07
6.0189e-07
6.16994e-07
6.5408e-07
7.3575e-07
8.96755e-07
1.18785e-06
1.67753e-06
2.46356e-06
3.67618e-06
5.48078e-06
8.07467e-06
1.16741e-05
1.64888e-05
2.26981e-05
3.02569e-05
4.0832e-05
9.32328e-31
-1.89152e-30
-6.69273e-30
4.8713e-29
-1.21107e-28
7.09948e-29
4.10437e-28
-1.46527e-27
4.45068e-27
-1.7551e-26
6.51104e-26
-1.86712e-25
3.57858e-25
-1.28593e-25
-1.99674e-24
6.40086e-24
4.26542e-24
-1.04756e-22
3.54339e-22
1.27955e-22
-5.77387e-21
2.25084e-20
-1.26903e-19
4.38382e-19
-1.22916e-18
3.49805e-18
-3.87981e-18
-1.37116e-17
-5.08233e-17
-3.2019e-16
4.05676e-15
-6.91255e-15
-2.88614e-14
-3.84184e-14
-3.39408e-14
-2.59758e-14
-1.42141e-14
6.30894e-15
3.78918e-14
6.16027e-14
1.28164e-13
3.65764e-13
1.25782e-12
2.28421e-12
2.88028e-12
3.38545e-12
3.82946e-12
4.21563e-12
4.63612e-12
4.93891e-12
5.10208e-12
5.07992e-12
4.69331e-12
3.90117e-12
3.14098e-12
2.48824e-12
1.89537e-12
1.31475e-12
7.33223e-13
1.28232e-13
-5.16963e-13
-1.17536e-12
-1.81024e-12
-2.36688e-12
-2.82123e-12
-3.05897e-12
-2.57124e-12
4.45284e-12
1.36053e-11
4.08003e-11
8.1932e-11
1.31395e-10
1.76239e-10
2.25382e-10
2.94439e-10
1.25452e-10
-5.80363e-10
-1.74397e-09
-2.89052e-09
-3.81782e-09
-4.07874e-09
-3.59526e-09
-2.94814e-09
-2.03194e-09
5.58946e-10
5.72604e-09
1.44982e-08
2.66475e-08
4.41166e-08
6.55431e-08
7.91784e-08
8.68796e-08
9.2562e-08
9.65357e-08
1.00169e-07
1.03978e-07
1.09966e-07
1.18422e-07
1.30315e-07
1.44311e-07
1.60704e-07
1.76513e-07
1.90087e-07
1.98584e-07
1.99405e-07
1.92434e-07
1.79553e-07
1.60545e-07
9.37015e-08
-5.38658e-09
-9.97916e-08
-1.82705e-07
-2.63213e-07
-3.38856e-07
-4.05303e-07
-4.61253e-07
-5.0497e-07
-5.35555e-07
-5.54357e-07
-5.62163e-07
-5.59505e-07
-5.48408e-07
-5.29705e-07
-5.04413e-07
-4.74284e-07
-4.40828e-07
-4.05242e-07
-3.68737e-07
-3.32345e-07
-2.9701e-07
-2.63618e-07
-2.3245e-07
-2.03217e-07
-1.77112e-07
-1.53242e-07
-1.31561e-07
-1.11913e-07
-9.40884e-08
-7.84547e-08
-6.52268e-08
-5.42589e-08
-4.56781e-08
-3.90207e-08
-3.40711e-08
-3.33889e-08
-4.05202e-08
-5.89064e-08
-8.92935e-08
-1.35214e-07
-2.02673e-07
-2.95994e-07
-4.09323e-07
-5.31301e-07
-6.7171e-07
-8.16641e-07
-9.38904e-07
-9.88766e-07
-9.17134e-07
-7.93305e-07
-3.5543e-07
-2.19055e-07
-1.3015e-07
-9.07168e-08
-9.13825e-08
-1.58778e-07
-2.66031e-07
-3.97795e-07
-5.13127e-07
-5.90161e-07
-6.23447e-07
-6.11981e-07
-5.68033e-07
-5.16944e-07
-4.58526e-07
-4.00708e-07
-3.48066e-07
-3.11061e-07
-2.79479e-07
-2.46272e-07
-2.24221e-07
-2.15425e-07
-2.19871e-07
-2.36656e-07
-2.64279e-07
-3.0084e-07
-3.44376e-07
-3.93028e-07
-4.44693e-07
-4.95521e-07
-5.39573e-07
-5.61931e-07
-5.50484e-07
-5.06728e-07
-4.34628e-07
-3.39158e-07
-2.2792e-07
-1.11278e-07
-4.45525e-10
9.54292e-08
1.64825e-07
3.00504e-29
-1.50745e-28
4.6485e-28
-8.5943e-28
2.84814e-28
2.67341e-27
-5.56239e-27
-2.56857e-28
1.15692e-26
-5.08206e-27
-2.283e-26
-1.18865e-26
1.19576e-25
-1.10175e-25
2.01013e-25
-1.6073e-24
5.79769e-24
-1.30218e-23
-3.27782e-24
1.70071e-22
-7.7488e-22
2.84569e-21
-1.41744e-20
5.25627e-20
-2.27561e-19
7.15433e-19
-1.53774e-18
6.88671e-18
-2.55874e-17
3.06359e-17
-5.94749e-17
8.61628e-17
-4.83295e-16
-1.76038e-15
-2.27719e-15
-1.51117e-15
2.29806e-15
8.53792e-15
1.04201e-14
6.89543e-14
5.70721e-13
2.52462e-12
8.8658e-12
1.61052e-11
2.10681e-11
2.6047e-11
3.06173e-11
3.41142e-11
3.72603e-11
3.91228e-11
4.04815e-11
4.02845e-11
4.13253e-11
6.77233e-11
1.08701e-10
1.40062e-10
1.48275e-10
1.46555e-10
1.37502e-10
1.21177e-10
1.01844e-10
8.12368e-11
6.17965e-11
4.4764e-11
3.06573e-11
1.95983e-11
1.13368e-11
5.78685e-12
2.60859e-12
-3.55461e-13
1.49842e-12
8.32208e-12
2.59542e-11
5.98742e-11
1.00378e-10
1.38069e-10
1.76433e-10
1.71283e-10
2.73789e-11
-2.67339e-10
-7.05926e-10
-1.11622e-09
-1.45315e-09
-1.61773e-09
-1.51816e-09
-1.10293e-09
-6.72076e-10
-1.93643e-10
3.26343e-10
9.29023e-10
1.64578e-09
2.3915e-09
3.18213e-09
3.97094e-09
4.76546e-09
5.54275e-09
6.362e-09
7.22678e-09
8.18654e-09
9.20609e-09
1.03608e-08
1.15748e-08
1.28309e-08
1.40029e-08
1.49228e-08
1.54147e-08
1.52577e-08
1.43037e-08
1.25929e-08
9.64121e-09
4.35578e-09
4.69536e-10
-3.79935e-09
-8.28763e-09
-1.25997e-08
-1.66428e-08
-2.02552e-08
-2.32823e-08
-2.56489e-08
-2.72409e-08
-2.79897e-08
-2.80027e-08
-2.72976e-08
-2.60363e-08
-2.45552e-08
-2.30647e-08
-2.21576e-08
-2.23329e-08
-2.33349e-08
-2.44951e-08
-2.51904e-08
-2.48968e-08
-2.31745e-08
-2.04377e-08
-1.6605e-08
-1.17175e-08
-6.55619e-09
-2.34868e-09
5.79295e-10
2.35082e-09
3.35202e-09
4.00472e-09
4.49789e-09
4.77809e-09
4.80372e-09
4.4643e-09
3.60738e-09
2.20243e-09
1.89682e-10
-3.75431e-09
-1.68768e-08
-4.49773e-08
-9.09549e-08
-1.62813e-07
-2.58218e-07
-3.87271e-07
-5.6893e-07
-7.28805e-07
-8.5591e-07
-9.11287e-07
-9.4447e-07
-9.7371e-07
-1.00581e-06
-1.02664e-06
-1.03096e-06
-1.01714e-06
-9.87275e-07
-9.58222e-07
-9.15745e-07
-8.36288e-07
-7.2824e-07
-6.15217e-07
-5.14291e-07
-4.28321e-07
-3.78226e-07
-3.71221e-07
-4.11774e-07
-5.20159e-07
-6.45721e-07
-7.83419e-07
-9.07292e-07
-1.01041e-06
-1.0906e-06
-1.14687e-06
-1.17915e-06
-1.18942e-06
-1.18167e-06
-1.16156e-06
-1.13126e-06
-1.0923e-06
-1.0656e-06
-1.04091e-06
-9.8381e-07
-9.21358e-07
-8.31641e-07
-6.84732e-07
-4.31489e-07
1.47785e-08
7.76404e-07
2.41578e-06
-1.76872e-28
5.16539e-28
1.6735e-28
-5.83694e-27
1.94676e-26
-2.6087e-26
-1.78728e-26
9.80814e-26
-5.16085e-26
-1.92131e-25
4.98833e-26
1.09984e-24
-1.40286e-24
-1.65394e-24
2.62341e-24
4.43777e-24
-1.70681e-24
-1.01882e-23
-7.39529e-24
-1.46524e-23
9.33705e-23
-4.17312e-22
1.83196e-21
-5.31542e-21
9.78939e-21
1.47903e-20
-2.45496e-19
1.40314e-18
-3.41981e-18
8.67527e-18
-3.05816e-17
-1.86139e-17
-1.73498e-17
-1.43199e-16
-1.29056e-16
4.80614e-16
1.34182e-15
3.06389e-15
7.83542e-15
9.23047e-13
6.56398e-12
2.37932e-11
7.23326e-11
1.31506e-10
1.80463e-10
2.31082e-10
2.66706e-10
2.73852e-10
4.63541e-10
7.90246e-10
1.20806e-09
1.72122e-09
2.26985e-09
2.73632e-09
3.00217e-09
3.04014e-09
2.89526e-09
2.62419e-09
2.28881e-09
1.90981e-09
1.53912e-09
1.20001e-09
9.12564e-10
6.81242e-10
5.01233e-10
3.63737e-10
2.55514e-10
1.7135e-10
1.22391e-10
8.65224e-11
5.83188e-11
3.64864e-11
2.12764e-11
1.54125e-11
1.91462e-11
3.96864e-11
6.56474e-11
8.67529e-11
9.62331e-11
9.62233e-11
9.46836e-11
6.48314e-11
-9.80453e-12
-1.13726e-10
-2.44314e-10
-3.28154e-10
-3.50254e-10
-3.15861e-10
-2.11256e-10
-6.88191e-11
8.60449e-11
2.47239e-10
4.12294e-10
5.70984e-10
7.25577e-10
8.71024e-10
1.0124e-09
1.14748e-09
1.2835e-09
1.41654e-09
1.55876e-09
1.70911e-09
1.87655e-09
2.06176e-09
2.26141e-09
2.46841e-09
2.63719e-09
2.94381e-09
3.79907e-09
5.6187e-09
8.34171e-09
1.13114e-08
1.27753e-08
1.34955e-08
1.48706e-08
1.66149e-08
1.80241e-08
1.93564e-08
2.08086e-08
2.23814e-08
2.40131e-08
2.56426e-08
2.71975e-08
2.82653e-08
2.81689e-08
2.62404e-08
1.96666e-08
8.4527e-09
-3.52671e-09
-1.37939e-08
-2.10881e-08
-2.38818e-08
-2.31766e-08
-1.87611e-08
-9.0587e-09
1.48383e-09
9.34811e-09
1.16525e-08
1.22246e-08
1.12192e-08
8.29412e-09
1.08366e-09
-1.40925e-08
-3.48682e-08
-5.41357e-08
-7.33874e-08
-9.05665e-08
-1.04056e-07
-1.13119e-07
-1.16315e-07
-1.16047e-07
-1.13412e-07
-1.15733e-07
-1.24731e-07
-1.37723e-07
-1.48519e-07
-1.93823e-07
-2.82087e-07
-3.9656e-07
-5.19441e-07
-6.13768e-07
-6.78361e-07
-7.21554e-07
-7.46877e-07
-7.3118e-07
-7.16276e-07
-6.65776e-07
-7.00501e-07
-6.82501e-07
-6.05485e-07
-4.76295e-07
-3.88124e-07
-3.81932e-07
-4.73326e-07
-6.3512e-07
-8.42609e-07
-1.05277e-06
-1.40355e-06
-1.60761e-06
-1.79936e-06
-1.94813e-06
-2.0379e-06
-2.06619e-06
-2.03983e-06
-1.9693e-06
-1.865e-06
-1.73505e-06
-1.58267e-06
-1.40572e-06
-1.19094e-06
-9.07895e-07
-4.95621e-07
1.60362e-07
1.26368e-06
3.16701e-06
6.47482e-06
1.2192e-05
2.21038e-05
3.79115e-05
7.35217e-05
-1.79581e-27
9.93775e-27
-3.392e-26
7.22307e-26
-6.04488e-26
-1.41361e-25
4.9684e-25
-3.4996e-25
-8.38832e-25
1.55734e-24
9.03752e-25
-2.0401e-25
-1.69537e-23
2.77886e-23
2.10024e-23
-4.25093e-23
-6.7027e-23
-3.97568e-23
-2.80782e-23
-1.08631e-22
-1.41333e-22
-3.31717e-22
1.90901e-22
-2.08598e-21
5.6906e-21
-1.76666e-20
4.56136e-20
-1.41463e-19
4.64979e-19
-7.12696e-19
7.18214e-19
-1.36096e-18
6.4234e-18
1.96339e-17
8.37603e-17
1.32676e-16
1.42265e-16
4.55867e-16
-2.65957e-13
1.22599e-11
8.14084e-11
2.50304e-10
7.45424e-10
1.55014e-09
2.03947e-09
2.57807e-09
3.37117e-09
4.81923e-09
6.70394e-09
8.29205e-09
9.56132e-09
1.02935e-08
1.01262e-08
9.48936e-09
8.34838e-09
7.29934e-09
6.3457e-09
5.42402e-09
4.53424e-09
3.67784e-09
2.86099e-09
2.09419e-09
1.39225e-09
7.75447e-10
2.62575e-10
-1.33096e-10
-4.13629e-10
-5.99094e-10
-7.1472e-10
-7.8013e-10
-8.12746e-10
-8.19162e-10
-8.10876e-10
-7.94302e-10
-7.70593e-10
-7.38231e-10
-6.97729e-10
-6.4916e-10
-5.94385e-10
-5.4546e-10
-5.01438e-10
-4.64312e-10
-4.39553e-10
-4.30423e-10
-4.37607e-10
-4.52435e-10
-4.63775e-10
-4.66185e-10
-4.57616e-10
-4.40312e-10
-4.17679e-10
-3.92035e-10
-3.62765e-10
-3.34427e-10
-3.06832e-10
-2.85374e-10
-2.68925e-10
-2.6197e-10
-2.65555e-10
-2.90247e-10
-3.32026e-10
-3.71528e-10
-4.26522e-10
-4.9642e-10
-5.96785e-10
-7.56823e-10
-1.0697e-09
-1.9303e-09
-2.95946e-09
-4.25589e-09
-5.56607e-09
-7.64924e-09
-1.0792e-08
-1.05705e-08
-8.47862e-09
-5.10381e-09
1.80976e-10
5.97688e-09
1.19507e-08
1.75736e-08
2.18769e-08
2.2166e-08
1.04802e-08
-2.13174e-08
-7.03514e-08
-1.29462e-07
-1.84375e-07
-2.1621e-07
-2.17188e-07
-1.97424e-07
-1.69175e-07
-1.25817e-07
-8.06616e-08
-3.76676e-08
-2.5582e-09
1.06231e-08
-4.74813e-09
-4.60959e-08
-1.05867e-07
-1.87542e-07
-2.80425e-07
-3.83918e-07
-5.02797e-07
-6.26962e-07
-7.51172e-07
-8.52985e-07
-8.76378e-07
-8.70801e-07
-8.45973e-07
-8.03867e-07
-7.51902e-07
-6.90061e-07
-6.24073e-07
-5.58032e-07
-4.99613e-07
-4.47314e-07
-4.00349e-07
-3.68005e-07
-3.65634e-07
-3.86564e-07
-4.15353e-07
-4.39483e-07
-4.32262e-07
-3.98059e-07
-4.19325e-07
-6.88438e-07
-6.09071e-07
-5.52543e-07
-3.2234e-07
-3.13201e-07
-4.7186e-07
-7.50293e-07
-1.13368e-06
-1.62185e-06
-2.2256e-06
-2.58152e-06
6.99976e-07
2.59894e-05
8.16212e-05
0.00015471
0.000233204
0.000306661
0.000366615
0.000407084
0.000429209
0.000438966
0.000437287
0.000425928
0.000407484
0.000385102
0.000362376
0.000343423
0.000332868
0.000336031
0.000359556
0.00041228
0.000505848
0.000659441
0.000877202
0.00133542
5.00627e-27
-1.02776e-26
-4.2358e-26
3.35248e-25
-1.03771e-24
1.59056e-24
3.89211e-25
-6.40334e-24
9.10393e-24
8.39931e-24
-3.1071e-23
-2.99795e-23
1.78448e-22
-4.55145e-23
-4.7484e-22
-1.17551e-23
1.25239e-21
1.33071e-21
-2.48772e-21
-1.01362e-20
-1.75545e-20
-2.24949e-20
-2.69139e-20
-3.1358e-20
-3.64232e-20
-4.36658e-20
-4.16207e-20
-9.73854e-20
4.56986e-20
-2.77076e-19
-1.15324e-19
3.16396e-19
1.6858e-18
1.01809e-17
1.75964e-17
1.1652e-17
-1.02476e-17
2.71509e-13
2.1461e-12
4.04481e-11
2.59579e-10
7.96066e-10
3.16819e-09
7.44798e-09
9.46912e-09
1.33394e-08
1.67642e-08
1.96825e-08
2.0306e-08
1.99881e-08
1.93305e-08
1.43794e-08
7.14313e-09
-1.1774e-09
-1.04931e-08
-2.09179e-08
-3.14281e-08
-4.1803e-08
-5.19738e-08
-6.0703e-08
-6.8213e-08
-7.36691e-08
-7.70911e-08
-7.81728e-08
-7.71054e-08
-7.42462e-08
-7.01285e-08
-6.5235e-08
-6.0101e-08
-5.49192e-08
-5.00733e-08
-4.54746e-08
-4.13316e-08
-3.75842e-08
-3.42068e-08
-3.12186e-08
-2.85409e-08
-2.6166e-08
-2.40374e-08
-2.21556e-08
-2.04695e-08
-1.89688e-08
-1.76313e-08
-1.64418e-08
-1.53978e-08
-1.44869e-08
-1.36921e-08
-1.3032e-08
-1.2468e-08
-1.20185e-08
-1.16601e-08
-1.14121e-08
-1.12374e-08
-1.11845e-08
-1.12025e-08
-1.13574e-08
-1.15363e-08
-1.35552e-08
-1.66916e-08
-2.15861e-08
-2.72465e-08
-3.20688e-08
-3.61605e-08
-4.03433e-08
-4.54679e-08
-5.10935e-08
-5.70607e-08
-6.09545e-08
-6.20181e-08
-6.16727e-08
-5.91527e-08
-5.82733e-08
-4.80797e-08
-4.16743e-08
-5.98795e-08
-1.03343e-07
-1.73361e-07
-2.71423e-07
-3.93375e-07
-5.29531e-07
-6.6155e-07
-7.84502e-07
-9.02644e-07
-9.89588e-07
-1.00045e-06
-8.86551e-07
-6.80668e-07
-4.62665e-07
-3.307e-07
-1.87839e-07
-2.86391e-08
1.37553e-07
2.96931e-07
4.17438e-07
4.89845e-07
5.01839e-07
4.50669e-07
3.36445e-07
1.62349e-07
-2.47248e-08
-1.9854e-07
-2.77989e-07
-2.37223e-07
-4.23519e-08
2.79026e-07
6.52292e-07
1.0367e-06
1.37676e-06
1.64738e-06
1.79417e-06
1.84263e-06
1.76387e-06
1.61841e-06
1.40305e-06
1.16879e-06
9.20962e-07
6.90622e-07
4.98849e-07
4.00401e-07
3.53245e-07
3.92516e-07
5.37784e-07
8.39591e-07
1.28003e-06
1.57156e-06
1.33559e-06
-5.19727e-07
1.67147e-05
0.000320315
0.000879914
0.00165553
0.00260638
0.00369383
0.00488377
0.00614428
0.00744312
0.00874507
0.0100371
0.0112813
0.0124097
0.0133924
0.0142112
0.0148505
0.0153102
0.0155913
0.0156884
0.0156075
0.0153633
0.0149826
0.0144987
0.0139521
0.0133925
0.0128764
0.0124637
0.0122194
0.0122513
0.0125961
0.0135835
0.0144185
0.0186591
3.63087e-26
-2.24006e-25
7.8297e-25
-1.62591e-24
1.22603e-24
4.29747e-24
-1.52306e-23
1.24774e-23
3.64532e-23
-8.81825e-23
-4.21334e-23
1.48782e-22
1.24664e-21
-4.23927e-21
1.41165e-21
8.16918e-21
1.22517e-21
8.30039e-22
1.17135e-20
3.96256e-20
7.44294e-20
1.01e-19
1.2733e-19
1.55103e-19
1.66835e-19
1.93498e-19
2.3808e-19
2.26018e-19
2.83611e-19
-2.81611e-19
-1.48039e-18
-4.86638e-18
-4.8504e-17
-5.4785e-17
-4.84204e-17
-4.3221e-17
2.32361e-16
1.37596e-11
-2.52497e-11
-1.01173e-10
7.32646e-10
4.15e-09
1.10534e-08
2.10691e-08
2.53595e-08
3.40322e-08
3.37416e-08
2.40109e-08
3.01816e-09
-1.80043e-08
-3.98901e-08
-6.17738e-08
-7.53162e-08
-9.19851e-08
-1.1687e-07
-1.50058e-07
-1.9052e-07
-2.34717e-07
-2.8067e-07
-3.25458e-07
-3.68546e-07
-4.07694e-07
-4.42385e-07
-4.71285e-07
-4.9403e-07
-5.10406e-07
-5.20763e-07
-5.25698e-07
-5.2654e-07
-5.23856e-07
-5.19078e-07
-5.11889e-07
-5.03603e-07
-4.94201e-07
-4.84004e-07
-4.73572e-07
-4.62786e-07
-4.52027e-07
-4.41231e-07
-4.30733e-07
-4.20368e-07
-4.10331e-07
-4.00635e-07
-3.91319e-07
-3.82531e-07
-3.74299e-07
-3.66607e-07
-3.59908e-07
-3.53929e-07
-3.4913e-07
-3.45191e-07
-3.41547e-07
-3.33942e-07
-3.25365e-07
-3.17255e-07
-3.10237e-07
-3.03588e-07
-2.9617e-07
-2.87819e-07
-2.78541e-07
-2.71e-07
-2.68699e-07
-2.65741e-07
-2.62277e-07
-2.55997e-07
-2.44556e-07
-2.31005e-07
-2.16157e-07
-2.08752e-07
-1.89906e-07
-1.54779e-07
-8.89512e-08
1.21896e-07
2.43878e-07
2.33129e-07
1.41125e-07
-2.33601e-08
-2.59312e-07
-5.50963e-07
-8.61291e-07
-1.14155e-06
-1.29986e-06
-1.25705e-06
-9.52318e-07
-3.5599e-07
5.38597e-07
1.72381e-06
1.78086e-05
4.99107e-05
9.47748e-05
0.000154109
0.000230947
0.000340883
0.000485331
0.000692631
0.000962192
0.00131729
0.00174916
0.00228083
0.0028686
0.0035334
0.00418516
0.00483764
0.00537384
0.00578159
0.00604518
0.00616109
0.00607872
0.00584647
0.00542021
0.00490543
0.00428057
0.00365429
0.00302183
0.00244823
0.00192685
0.00148134
0.00113058
0.000933704
0.000810189
0.000778037
0.000801315
0.000868345
0.00125731
0.00233182
0.0041493
0.00670021
0.00977096
0.0132589
0.0167793
0.0201931
0.0234443
0.0265219
0.0294573
0.0322257
0.0347957
0.0371432
0.0392518
0.0411112
0.0427159
0.0440659
0.0451504
0.0459901
0.0465835
0.0469282
0.0470384
0.0469429
0.0466842
0.0463238
0.0459374
0.0456155
0.0454662
0.0456152
0.0461971
0.0473428
0.0491761
0.0517384
0.0552238
0.0586374
0.0658531
-4.66629e-26
-1.45766e-25
2.07147e-24
-9.87732e-24
2.9306e-23
-5.33352e-23
2.17746e-23
1.82593e-22
-5.09131e-22
1.93701e-22
1.81242e-21
-2.95987e-21
-4.70612e-21
1.19419e-20
2.85518e-20
-7.11548e-20
-1.21697e-19
3.02154e-19
1.51727e-18
3.18125e-18
4.16229e-18
4.81688e-18
5.35749e-18
5.60696e-18
7.24927e-18
2.16219e-18
1.0365e-18
4.3923e-18
1.62373e-17
5.96716e-17
2.22671e-16
7.96669e-16
2.50596e-15
6.51896e-15
1.492e-14
3.10082e-14
4.75485e-14
5.71252e-10
-5.84129e-09
-2.2519e-08
-4.72419e-08
-7.05104e-08
-1.81745e-08
1.77941e-08
1.3033e-07
1.4007e-07
9.35291e-08
5.25059e-08
-1.05964e-08
-8.44865e-08
1.63989e-08
2.3795e-07
5.74012e-07
9.9977e-07
1.46737e-06
1.94384e-06
2.43183e-06
2.93317e-06
3.48808e-06
4.05734e-06
4.64531e-06
5.16585e-06
5.59657e-06
5.8748e-06
6.00617e-06
5.97693e-06
5.82538e-06
5.56196e-06
5.23497e-06
4.85298e-06
4.45839e-06
4.05081e-06
3.65695e-06
3.2788e-06
2.92145e-06
2.59117e-06
2.28454e-06
2.0047e-06
1.74746e-06
1.51465e-06
1.30227e-06
1.11006e-06
9.36226e-07
7.79184e-07
6.3799e-07
5.11266e-07
3.97363e-07
2.96373e-07
2.05842e-07
1.26239e-07
5.57342e-08
-5.05876e-09
-5.75015e-08
-1.00815e-07
-1.36649e-07
-1.64881e-07
-1.8694e-07
-2.03133e-07
-2.14209e-07
-2.20829e-07
-2.21005e-07
-2.29394e-07
-3.13061e-07
-3.19998e-07
-2.75549e-07
-1.99317e-07
-8.08634e-08
3.75307e-08
1.64604e-07
2.94237e-07
5.53815e-07
1.81065e-06
9.00674e-06
4.64083e-05
0.000182132
0.000447586
0.000853755
0.00140845
0.00210775
0.00293738
0.00388587
0.00491423
0.00599913
0.00710382
0.00819568
0.0092534
0.0102579
0.0112162
0.0121271
0.0130092
0.0139317
0.0149091
0.0160619
0.0173178
0.0188018
0.0204139
0.0222049
0.0240838
0.0261223
0.0281161
0.0301344
0.0319504
0.0336354
0.0349512
0.0359931
0.0365946
0.0368197
0.0365187
0.0358727
0.0346502
0.033139
0.0310867
0.0288096
0.0261286
0.0233067
0.0202504
0.0171082
0.0140018
0.0120968
0.0109899
0.0106933
0.0118968
0.0144558
0.0183988
0.0236579
0.029233
0.0345525
0.0394124
0.0437055
0.0474929
0.0508744
0.0539206
0.056721
0.0593456
0.0616653
0.0636783
0.0654188
0.0669199
0.0682082
0.0693203
0.0702943
0.0711555
0.0718629
0.0724106
0.0728913
0.0733293
0.0737281
0.0740897
0.0744141
0.074713
0.0751608
0.0760633
0.07706
0.0777884
0.0785589
0.0795334
0.080772
0.0823156
0.0840228
0.0860473
-2.28802e-25
1.39317e-24
-3.43506e-24
-6.19996e-25
4.36401e-23
-2.05805e-22
4.89338e-22
-2.54859e-22
-2.38521e-21
6.96875e-21
1.75372e-21
-4.16692e-20
-3.37851e-21
4.46708e-19
-7.72575e-19
-1.0776e-18
3.04384e-18
1.41094e-18
2.20122e-19
-1.01881e-18
-3.57835e-18
-6.24786e-18
-2.61242e-18
2.69173e-17
2.17771e-16
1.32451e-15
7.17764e-15
3.55458e-14
1.61736e-13
6.89487e-13
2.80746e-12
1.07084e-11
3.51633e-11
9.36639e-11
2.11146e-10
4.20045e-10
7.90829e-10
1.02419e-09
3.76034e-09
4.4705e-08
1.41666e-07
2.82279e-07
4.61263e-07
1.23764e-06
3.56686e-06
0.0001882
0.000545468
0.00100136
0.00158406
0.00230092
0.00320112
0.00397992
0.00462971
0.0051152
0.00545229
0.00560565
0.00563255
0.00554554
0.00538169
0.00510636
0.00477239
0.00437742
0.00396078
0.00352812
0.00310702
0.00270269
0.00233307
0.0019987
0.00169873
0.00142258
0.00118957
0.000994286
0.000833439
0.000700488
0.000590401
0.000499535
0.000423675
0.000360514
0.000307265
0.000262608
0.000224808
0.000192904
0.000165961
0.000143225
0.000124136
0.000108197
9.49413e-05
8.41852e-05
7.54724e-05
6.87914e-05
6.37721e-05
6.04975e-05
5.86426e-05
5.84048e-05
5.94892e-05
6.47948e-05
7.61422e-05
0.000103516
0.000147672
0.000228031
0.000344975
0.000544472
0.000869617
0.00134472
0.00187291
0.00249598
0.00317889
0.00398994
0.00492821
0.00608796
0.00741006
0.00897341
0.0107172
0.0127383
0.0151318
0.0178129
0.0206616
0.0236083
0.0265552
0.0293864
0.032027
0.0343714
0.0363937
0.0380864
0.0394909
0.0406929
0.0417898
0.0428929
0.0441047
0.0454822
0.0470829
0.048856
0.0508346
0.052852
0.0549274
0.0568947
0.0587404
0.0603869
0.0617578
0.0627552
0.0634877
0.0640257
0.0644947
0.0649877
0.0655556
0.0660324
0.0664226
0.0666592
0.0668791
0.066834
0.0666379
0.066105
0.0653299
0.0640828
0.0623566
0.0600555
0.0572224
0.0539923
0.052196
0.0515204
0.0523988
0.0534379
0.0546269
0.0559473
0.0571739
0.0583037
0.059135
0.0600226
0.0613991
0.0627619
0.0640856
0.0654156
0.0667461
0.0680511
0.0692954
0.0704376
0.0714352
0.0722753
0.07297
0.0734096
0.073528
0.0733034
0.0727189
0.0717713
0.0704497
0.0686543
0.0662616
0.0630868
0.0588041
0.0531627
0.0475205
0.0431871
0.0405532
0.0394427
0.0393564
0.0396591
0.039795
0.0392648
0.0383296
0.0351818
7.20955e-25
6.50074e-25
-1.46942e-23
8.40862e-23
-3.26641e-22
8.92196e-22
-1.34448e-21
-1.2193e-21
1.28622e-20
-2.74233e-20
-1.87039e-20
2.17887e-19
-3.31418e-19
-9.68193e-20
-1.91806e-18
1.33293e-17
-8.22561e-18
-2.16968e-16
-5.44633e-16
-7.15622e-16
-2.34763e-16
3.81574e-15
3.37363e-14
2.38091e-13
1.53934e-12
9.38495e-12
5.30851e-11
2.72931e-10
1.28489e-09
5.69165e-09
2.44081e-08
1.00192e-07
3.51235e-07
9.46977e-07
2.09334e-06
4.00046e-06
7.02974e-06
1.17954e-05
0.000793361
0.00251341
0.00527507
0.0091269
0.0145048
0.0201153
0.0251142
0.0294336
0.0330372
0.0356453
0.037453
0.0381842
0.0368786
0.0355658
0.034043
0.0321897
0.03003
0.0285546
0.0264132
0.0238051
0.0210556
0.0183135
0.0157609
0.0134732
0.0116345
0.0102574
0.00924304
0.00844825
0.0078175
0.00730298
0.00688806
0.00653941
0.00627164
0.00608174
0.0059799
0.00595573
0.00598756
0.00605678
0.00613307
0.00620843
0.00626539
0.00631328
0.00635318
0.00639609
0.00644879
0.00651474
0.00659744
0.00670097
0.00681953
0.00696841
0.00713139
0.00733488
0.00755782
0.00783623
0.00814808
0.00854505
0.00901157
0.00962265
0.0103463
0.0112607
0.012352
0.013685
0.0152509
0.0174551
0.0210859
0.0246502
0.0271814
0.0297119
0.0322494
0.0348412
0.0381121
0.041515
0.0447436
0.047511
0.0498652
0.052124
0.0543996
0.0558644
0.0569872
0.0579962
0.0589552
0.0599066
0.0608513
0.061838
0.0628567
0.0639293
0.0650475
0.0661899
0.067338
0.0684484
0.069481
0.0704137
0.0711868
0.0718303
0.0722367
0.0725141
0.0725001
0.0723315
0.0718509
0.0711933
0.0702111
0.0690553
0.0675771
0.0659498
0.0640363
0.0620325
0.0595973
0.0565495
0.0523433
0.0466633
0.0405196
0.0356758
0.0323023
0.0308252
0.0306963
0.031938
0.0339231
0.0365211
0.039382
0.04218
0.0438559
0.0449743
0.0454076
0.0452443
0.0445262
0.0432741
0.0411947
0.0389819
0.0370113
0.0353427
0.0339279
0.0326657
0.0314646
0.0302337
0.0289002
0.0273496
0.0253164
0.0223868
0.0183584
0.0140788
0.0109842
0.00913691
0.00811555
0.00755293
0.00718632
0.0068294
0.00636971
0.00577428
0.00506766
0.00430888
0.00357158
0.00292567
0.00239102
0.0019652
0.00163107
0.00136026
0.00112418
0.000902706
0.000687026
0.000478303
0.000305466
0.000199067
2.69034e-24
-8.35962e-24
5.69421e-24
1.57042e-22
-1.44535e-21
7.95653e-21
-2.91389e-20
5.58346e-20
7.44343e-20
-8.25123e-19
1.5646e-18
4.72985e-18
-2.31719e-17
-2.09994e-17
2.53571e-16
3.32831e-17
-3.39521e-15
-3.50003e-14
-8.51177e-14
-4.21756e-14
5.16031e-13
4.86668e-12
3.91144e-11
2.96682e-10
2.20791e-09
1.59719e-08
1.04092e-07
5.91021e-07
3.00024e-06
1.4287e-05
6.72645e-05
0.000325222
0.0014807
0.00433771
0.00969815
0.0184112
0.030705
0.0476646
0.0669645
0.0796708
0.0878189
0.0944791
0.0997422
0.103244
0.10483
0.104456
0.10189
0.0965082
0.0852312
0.0595359
0.0304125
0.0151976
0.0153687
0.0182246
0.0268078
0.0371352
0.043085
0.0435937
0.0433044
0.0422146
0.0402839
0.037403
0.0334915
0.02762
0.0208246
0.015653
0.012915
0.0121743
0.0124594
0.0128328
0.0132373
0.0136842
0.0142523
0.0150941
0.0161564
0.0173846
0.0189665
0.0209836
0.0230097
0.0248116
0.0263547
0.0276912
0.0288525
0.029856
0.0307207
0.0314632
0.0320804
0.032614
0.0330277
0.0333857
0.0336299
0.033827
0.0339096
0.0339341
0.0338326
0.0336062
0.0332462
0.0327406
0.0320681
0.0312127
0.0301498
0.0288537
0.0271979
0.02512
0.0230412
0.0208643
0.0187055
0.0165564
0.014357
0.012205
0.0101899
0.00838073
0.00683627
0.00559425
0.00466939
0.00405353
0.00371874
0.00362346
0.0037209
0.00396285
0.00429213
0.00464891
0.00497703
0.00523216
0.00538331
0.00541275
0.00531893
0.00510861
0.00479195
0.0043848
0.00390809
0.00338811
0.00285297
0.00233199
0.00184958
0.00142511
0.00106953
0.000785916
0.000570276
0.000413571
0.000304166
0.000230088
0.000180671
0.000147452
0.000124411
0.000306078
0.000367976
0.000505797
0.000493423
0.000552898
0.000578814
0.000781088
0.00107837
0.00166504
0.0024763
0.00373613
0.00552605
0.00780019
0.00849121
0.00839929
0.00816881
0.00778732
0.00718977
0.00632069
0.00516899
0.0038651
0.00262393
0.0016261
0.000931368
0.000502143
0.00026186
0.000137429
7.62016e-05
4.63537e-05
3.10282e-05
2.22406e-05
1.65974e-05
1.2776e-05
1.01496e-05
8.32002e-06
6.98215e-06
5.92464e-06
5.02205e-06
4.21228e-06
3.4741e-06
2.80978e-06
2.22972e-06
1.74186e-06
1.34656e-06
1.03832e-06
8.02732e-07
6.21589e-07
4.7965e-07
3.65103e-07
2.70066e-07
1.90283e-07
1.24002e-07
7.09696e-08
3.2318e-08
4.90831e-09
)
;

boundaryField
{
    inlet
    {
        type            uniformFixedValue;
        uniformValue    table;
        uniformValueCoeffs
        {
            values          
4
(
(0 1)
(0.15 1)
(0.151 0)
(1 0)
)
;
        }
        value           uniform 0;
    }
    outlet
    {
        type            inletOutlet;
        inletValue      uniform 0;
        value           nonuniform List<scalar> 
20
(
3.86537e-07
0.00111903
0.0407618
0.0755375
0.0770903
0.0641577
0.0277684
0.00521976
0.000619774
4.0832e-05
1.64825e-07
2.41578e-06
7.35217e-05
0.00133542
0.0186591
0.0658531
0.0860473
0.0351818
0.000199067
4.90831e-09
)
;
    }
    walls
    {
        type            zeroGradient;
    }
    frontAndBack
    {
        type            empty;
    }
}


// ************************************************************************* //
