/*--------------------------------*- C++ -*----------------------------------*\
| =========                 |                                                 |
| \\      /  F ield         | OpenFOAM: The Open Source CFD Toolbox           |
|  \\    /   O peration     | Version:  2506                                  |
|   \\  /    A nd           | Website:  www.openfoam.com                      |
|    \\/     M anipulation  |                                                 |
\*---------------------------------------------------------------------------*/
FoamFile
{
    version     2.0;
    format      ascii;
    arch        "LSB;label=32;scalar=64";
    class       volScalarField;
    location    "3.55";
    object      s;
}
// * * * * * * * * * * * * * * * * * * * * * * * * * * * * * * * * * * * * * //

dimensions      [0 0 0 0 0 0 0];

internalField   nonuniform List<scalar> 
4000
(
-6.99707e-18
-5.09801e-18
2.85265e-18
1.94687e-17
4.83486e-17
9.46515e-17
1.64822e-16
2.66544e-16
4.0865e-16
6.00818e-16
8.53388e-16
1.17769e-15
1.58715e-15
2.09982e-15
2.74112e-15
3.55223e-15
4.60744e-15
6.02691e-15
7.9517e-15
1.05644e-14
1.41144e-14
1.89439e-14
2.55158e-14
3.44448e-14
4.65346e-14
6.28199e-14
8.46327e-14
1.13645e-13
1.5196e-13
2.02597e-13
2.67305e-13
3.6413e-13
5.17495e-13
7.5003e-13
1.09118e-12
1.58445e-12
2.26763e-12
3.32159e-12
5.09901e-12
7.99515e-12
1.29239e-11
2.14921e-11
3.67908e-11
6.38888e-11
1.09979e-10
1.84652e-10
3.01777e-10
4.83712e-10
7.8122e-10
1.28658e-09
2.23266e-09
3.88972e-09
7.22109e-09
1.30857e-08
2.42083e-08
4.35992e-08
7.77521e-08
1.01725e-07
1.76281e-07
1.59852e-07
1.09443e-07
5.03142e-08
1.54728e-08
4.9171e-09
1.89915e-09
7.93762e-10
3.31997e-10
1.43778e-10
6.55993e-11
3.06561e-11
1.4363e-11
6.6845e-12
3.07479e-12
1.3927e-12
6.19484e-13
2.70109e-13
1.15315e-13
4.82029e-14
1.97393e-14
7.94589e-15
3.17274e-15
1.28769e-15
5.56164e-16
1.99217e-16
6.05431e-17
4.86594e-17
1.96098e-16
6.24032e-16
1.62246e-15
4.42751e-15
1.27035e-14
6.57531e-14
2.42708e-13
8.88803e-13
2.97432e-12
1.11189e-11
3.20164e-11
1.36795e-10
7.7776e-11
8.41316e-10
4.76919e-09
3.70031e-09
-1.27128e-08
-3.8902e-07
-3.30703e-07
7.69098e-07
4.27306e-06
1.00613e-05
1.8694e-05
2.62593e-05
2.52944e-05
4.1665e-07
-0.000144712
-0.00148902
-0.00667058
-0.0207484
-0.0409717
-0.0745292
-0.0675014
-0.0408317
-0.0156248
-0.00507179
-0.00177311
-0.000660184
-0.000244182
-9.33976e-05
-3.7892e-05
-1.58314e-05
-6.65218e-06
-2.7793e-06
-1.14709e-06
-4.65568e-07
-1.85286e-07
-7.21783e-08
-2.74798e-08
-1.02136e-08
-3.70306e-09
-1.30974e-09
-4.53623e-10
-1.54977e-10
-5.28102e-11
-1.82003e-11
-6.78977e-12
-3.50516e-12
-3.59496e-12
-6.93378e-12
-1.93164e-11
-6.82692e-11
-4.01878e-10
-1.55599e-09
-7.63562e-09
-3.86434e-08
-1.33807e-07
-3.62755e-07
-7.23263e-07
-2.74755e-06
-3.57634e-06
-1.3216e-05
-6.97873e-05
-0.000215002
-0.000187004
0.000227027
0.00579234
0.00206405
-0.0173033
-0.0526585
-0.122729
-0.156997
-0.149204
-0.125517
-0.100983
-0.0928023
-0.114453
-0.186907
-0.272744
-0.317628
-0.339893
-0.347999
-0.345382
-0.333939
-0.315015
-0.290312
-0.261641
-0.230688
-0.198776
-0.166284
-0.128562
-0.0766089
-0.0214517
0.0316729
0.0793514
0.117427
0.141869
0.155027
0.164139
0.173086
0.186858
0.196915
0.219846
0.170389
4.30726e-19
-1.04838e-17
-2.12949e-17
-3.52353e-17
-5.16914e-17
-6.97971e-17
-8.82815e-17
-1.05515e-16
-1.19518e-16
-1.28495e-16
-1.31402e-16
-1.28284e-16
-1.1928e-16
-1.02089e-16
-7.12298e-17
-3.12327e-17
5.50564e-18
3.02458e-17
6.73473e-17
1.26683e-16
2.23975e-16
3.85081e-16
6.50595e-16
1.08303e-15
1.77588e-15
2.86109e-15
4.51713e-15
7.05684e-15
1.08699e-14
1.65899e-14
2.44551e-14
2.8306e-14
2.45524e-14
1.70211e-14
1.00407e-14
5.1769e-15
2.32641e-15
7.95253e-16
2.74562e-16
2.40437e-16
3.88322e-16
6.68719e-16
1.1751e-15
2.19418e-15
4.24215e-15
7.03533e-15
1.15851e-14
1.88646e-14
3.12466e-14
5.34764e-14
9.63504e-14
1.77331e-13
3.52071e-13
7.03631e-13
1.54068e-12
3.54808e-12
8.97641e-12
2.511e-11
9.01599e-10
8.91477e-08
1.81581e-07
1.62529e-07
1.0386e-07
4.67952e-08
1.50177e-08
4.54677e-09
1.8578e-09
8.51057e-10
3.9124e-10
1.82478e-10
8.71786e-11
4.19801e-11
2.00834e-11
9.50306e-12
4.44681e-12
2.05501e-12
9.35965e-13
4.2016e-13
1.85965e-13
8.14816e-14
3.57075e-14
1.60539e-14
7.69019e-15
4.33571e-15
3.00857e-15
2.78289e-15
3.40094e-15
5.77084e-15
1.14211e-14
2.50821e-14
8.27535e-14
2.94103e-13
7.11211e-13
2.02176e-12
6.51192e-12
2.04141e-11
7.7762e-11
1.53871e-10
6.31373e-10
3.61491e-09
5.37963e-09
-1.40037e-09
-2.65391e-08
-1.77233e-08
1.24862e-06
3.84766e-06
6.46178e-06
7.76171e-06
8.98198e-06
5.21871e-06
-2.64233e-05
-0.000135301
-0.00169733
-0.00592527
-0.0127575
-0.0204683
-0.0257618
-0.0486886
-0.0849128
-0.116669
-0.0842056
-0.0401361
-0.0130713
-0.00367914
-0.00133227
-0.000524994
-0.000207068
-8.54293e-05
-3.65754e-05
-1.57739e-05
-6.73672e-06
-2.83223e-06
-1.16921e-06
-4.7306e-07
-1.87135e-07
-7.21905e-08
-2.70847e-08
-9.84985e-09
-3.46853e-09
-1.18848e-09
-4.02028e-10
-1.4979e-10
-6.46864e-11
-3.58852e-11
-4.60524e-11
-8.05836e-11
-2.26827e-10
-6.74683e-10
-3.01458e-09
-9.35087e-09
-4.87276e-08
-1.64461e-07
-3.25755e-07
-6.04154e-07
-1.48638e-06
-3.40117e-06
-1.21268e-05
-6.37442e-05
-0.000151703
-0.00016615
8.94202e-05
0.00053145
-0.00850574
-0.0370961
-0.0798275
-0.121445
-0.139224
-0.136761
-0.122823
-0.100788
-0.0849196
-0.0858175
-0.0959574
-0.124744
-0.16088
-0.191687
-0.207833
-0.207759
-0.201556
-0.189348
-0.165922
-0.139339
-0.118029
-0.0983786
-0.0760186
-0.0435603
-0.00469789
0.0375901
0.0816018
0.124895
0.163765
0.193897
0.211923
0.216848
0.211155
0.202557
0.203626
0.240309
0.34368
0.38512
1.67874e-17
9.46264e-18
1.25951e-17
1.54425e-17
1.78805e-17
1.94876e-17
2.00733e-17
1.96594e-17
1.84076e-17
1.65807e-17
1.4409e-17
1.19399e-17
8.91769e-18
4.78855e-18
-1.08038e-18
-9.16949e-18
-2.00704e-17
-3.46072e-17
-5.33847e-17
-7.65533e-17
-1.03648e-16
-1.3268e-16
-1.59083e-16
-1.7447e-16
-1.66973e-16
-1.21266e-16
-2.46173e-17
3.96874e-17
1.26003e-16
2.54947e-16
4.23526e-16
4.96518e-16
4.03833e-16
2.06111e-16
2.57923e-17
-1.22874e-16
-3.80455e-16
-3.47074e-16
-1.94048e-16
-1.02046e-16
-1.03805e-16
-1.75753e-16
-3.22788e-16
-5.5604e-16
-5.48027e-16
-3.70916e-16
-6.61153e-16
-1.25227e-15
-2.38723e-15
-4.50512e-15
-8.46582e-15
-1.5595e-14
-3.11287e-14
-6.70843e-14
-1.81099e-13
-4.7194e-13
-1.64866e-12
-5.09983e-12
-1.68219e-11
6.23835e-09
9.43919e-08
1.63642e-07
1.75216e-07
1.35236e-07
7.67976e-08
3.2414e-08
1.06999e-08
4.32278e-09
2.12507e-09
1.07464e-09
5.3231e-10
2.61689e-10
1.2899e-10
6.34915e-11
3.09734e-11
1.49161e-11
7.08532e-12
3.32624e-12
1.54569e-12
7.14502e-13
3.32082e-13
1.58807e-13
8.02634e-14
4.51798e-14
2.97097e-14
2.44525e-14
2.61494e-14
3.93424e-14
7.28153e-14
1.74838e-13
7.92764e-13
2.00915e-12
3.22254e-12
7.54759e-12
2.17145e-11
6.79083e-11
2.14831e-10
4.89564e-10
3.44482e-09
7.90631e-09
6.0392e-09
-1.35048e-08
-4.1328e-08
1.0538e-06
4.03682e-06
7.41971e-06
9.76358e-06
1.07278e-05
1.1634e-05
-3.00633e-05
-0.000231109
-0.00201948
-0.00676413
-0.0143928
-0.0245
-0.0356571
-0.0474257
-0.0546292
-0.0780196
-0.119535
-0.14455
-0.112488
-0.0621287
-0.0236542
-0.00674009
-0.00249544
-0.00110154
-0.00048901
-0.000217321
-9.79599e-05
-4.40036e-05
-1.94119e-05
-8.37492e-06
-3.53284e-06
-1.45438e-06
-5.81989e-07
-2.25346e-07
-8.39236e-08
-2.9819e-08
-9.83641e-09
-2.94448e-09
-8.66767e-10
-2.32991e-10
-3.41973e-10
-6.12368e-10
-6.94774e-10
-2.39643e-09
-9.78011e-09
-3.25573e-08
-9.37158e-08
-2.59466e-07
-4.68864e-07
-6.62613e-07
-1.31285e-06
-3.62776e-06
-1.0977e-05
-6.89797e-05
-0.000183299
-0.000236572
-5.18171e-05
0.000374845
-0.00631259
-0.048207
-0.108055
-0.168797
-0.211706
-0.227551
-0.218923
-0.194051
-0.163649
-0.138775
-0.129379
-0.137764
-0.160905
-0.19183
-0.221753
-0.242813
-0.250059
-0.245542
-0.230466
-0.201502
-0.165005
-0.124848
-0.0827928
-0.0386218
0.00876151
0.0602146
0.115171
0.170825
0.222071
0.26262
0.286979
0.292506
0.280658
0.257095
0.231647
0.218571
0.262924
0.406989
0.519331
-1.27543e-17
-5.07604e-18
-4.73679e-18
-4.61389e-18
-4.42465e-18
-4.07203e-18
-3.6174e-18
-3.08931e-18
-2.46983e-18
-1.69299e-18
-6.48915e-19
7.87283e-19
2.71774e-18
5.18793e-18
8.16599e-18
1.15479e-17
1.5181e-17
1.88722e-17
2.23032e-17
2.50816e-17
2.63347e-17
2.51296e-17
1.80761e-17
2.5748e-18
-1.6039e-17
-3.32862e-17
-5.22908e-17
-7.74453e-17
-1.08154e-16
-1.41276e-16
-1.69632e-16
-1.968e-16
-2.2405e-16
-2.29548e-16
-1.82938e-16
-9.283e-17
1.27678e-17
7.36664e-17
7.42112e-17
5.19932e-17
4.48493e-17
6.20188e-17
1.01818e-16
1.31074e-16
8.46716e-17
9.69913e-17
1.74416e-16
3.32031e-16
6.4188e-16
3.66345e-16
1.96746e-16
9.85537e-17
4.32024e-17
4.43735e-17
-3.28695e-17
-3.51594e-15
-7.2506e-14
-1.10441e-12
-5.39858e-12
4.15805e-11
7.39947e-09
7.0076e-08
1.42338e-07
1.69758e-07
1.48451e-07
1.06942e-07
5.9466e-08
2.62165e-08
1.05991e-08
5.00809e-09
2.56688e-09
1.31105e-09
6.63082e-10
3.37029e-10
1.72367e-10
8.81671e-11
4.48555e-11
2.26788e-11
1.13913e-11
5.69944e-12
2.85981e-12
1.46093e-12
7.6948e-13
4.31667e-13
2.66221e-13
1.94574e-13
1.84623e-13
2.36389e-13
4.99561e-13
1.67891e-12
4.60652e-12
7.24168e-12
1.01779e-11
2.55221e-11
7.2803e-11
2.19879e-10
5.41056e-10
3.19499e-09
9.61608e-09
1.13481e-08
-1.84066e-09
-3.42399e-08
1.08518e-06
4.41494e-06
8.58486e-06
1.13387e-05
1.21243e-05
1.27762e-05
-2.95943e-05
-0.000352608
-0.0024483
-0.0073836
-0.0154417
-0.0256447
-0.0372296
-0.0486658
-0.0596005
-0.0687416
-0.0777585
-0.105362
-0.142531
-0.16017
-0.133549
-0.085305
-0.0389326
-0.013629
-0.00500616
-0.00230323
-0.00111843
-0.000529813
-0.000245565
-0.000112663
-5.09627e-05
-2.25586e-05
-9.72937e-06
-4.07413e-06
-1.64911e-06
-6.39598e-07
-2.3404e-07
-7.81554e-08
-2.124e-08
-1.3894e-09
5.01612e-09
4.36622e-09
2.60245e-09
1.80463e-09
-2.52769e-09
-3.53669e-08
-1.4406e-07
-3.57625e-07
-6.88363e-07
-8.11193e-07
-3.88739e-07
-2.36294e-06
-9.65222e-06
-7.27138e-05
-0.000201775
-0.000293124
-0.000180532
0.000240424
-0.0102639
-0.0543964
-0.143734
-0.224799
-0.284808
-0.311805
-0.306561
-0.280203
-0.245496
-0.212627
-0.189231
-0.181931
-0.191258
-0.213189
-0.239861
-0.25969
-0.262351
-0.256995
-0.237501
-0.203487
-0.161019
-0.114739
-0.0671954
-0.0184754
0.033013
0.0890306
0.149821
0.212792
0.272332
0.320969
0.351703
0.360883
0.349826
0.323717
0.289641
0.255381
0.23009
0.264685
0.427666
0.534595
4.26652e-18
1.94531e-18
1.35858e-18
1.11545e-18
9.24735e-19
7.39758e-19
5.48178e-19
3.10829e-19
-6.26844e-21
-4.27276e-19
-9.59369e-19
-1.58868e-18
-2.28261e-18
-2.99267e-18
-3.65479e-18
-4.18624e-18
-4.47588e-18
-4.37131e-18
-3.65892e-18
-2.1418e-18
4.66103e-19
4.43347e-18
9.54253e-18
1.50297e-17
1.96765e-17
2.11387e-17
1.64373e-17
4.47711e-18
-1.28216e-17
-3.35496e-17
-5.72814e-17
-6.75543e-17
-4.64154e-17
2.96824e-18
4.73321e-17
5.18739e-17
2.38778e-17
-5.95865e-18
-1.92283e-17
-1.9768e-17
-1.81708e-17
-2.03314e-17
-2.67345e-17
-2.72289e-17
-2.15668e-17
-2.88803e-17
-5.07757e-17
-9.30216e-17
-1.59501e-16
-9.36517e-17
-4.30389e-17
-1.81921e-17
-6.84034e-18
-8.45144e-18
4.49573e-17
1.43778e-16
-2.17373e-15
-6.30407e-14
-2.31272e-12
-1.56081e-11
-7.63658e-12
4.59307e-09
4.79602e-08
1.15325e-07
1.51001e-07
1.57264e-07
1.40977e-07
1.02391e-07
5.74081e-08
2.6091e-08
1.13551e-08
5.77189e-09
3.14216e-09
1.73408e-09
9.58347e-10
5.28603e-10
2.89978e-10
1.58097e-10
8.54902e-11
4.58481e-11
2.44788e-11
1.31527e-11
7.15813e-12
4.03722e-12
2.42389e-12
1.68156e-12
1.46998e-12
1.55608e-12
2.77696e-12
5.69237e-12
1.05632e-11
1.21654e-11
2.58737e-11
8.88616e-11
2.5803e-10
5.89399e-10
2.57456e-09
1.04433e-08
1.62313e-08
8.78422e-09
-2.13402e-08
1.15297e-06
4.82106e-06
9.7042e-06
1.32748e-05
1.33778e-05
1.32863e-05
-1.99861e-05
-0.000526922
-0.00278116
-0.00797278
-0.0157791
-0.0260331
-0.036865
-0.0478001
-0.0578245
-0.0669253
-0.0761334
-0.0832893
-0.0951101
-0.123279
-0.154271
-0.170336
-0.15439
-0.112176
-0.0627159
-0.0273666
-0.0108465
-0.005055
-0.0025488
-0.00127103
-0.000615306
-0.000292342
-0.000136874
-6.28523e-05
-2.81181e-05
-1.21936e-05
-5.08046e-06
-1.99493e-06
-6.9985e-07
-1.86294e-07
-3.28928e-09
7.17173e-08
7.98981e-08
7.43055e-08
6.84099e-08
5.56052e-08
-1.35202e-08
-2.15109e-07
-8.25538e-07
-9.14918e-07
1.77249e-06
2.9192e-06
-5.70747e-06
-6.53449e-05
-0.000245816
-0.000325928
-0.000320051
5.48393e-05
-0.0152182
-0.0702276
-0.166758
-0.280359
-0.357003
-0.393765
-0.391542
-0.362415
-0.321838
-0.282796
-0.252828
-0.235415
-0.233398
-0.244432
-0.26007
-0.266668
-0.265295
-0.256485
-0.233047
-0.191356
-0.138208
-0.0810529
-0.0248784
0.028983
0.0822281
0.137716
0.197193
0.259453
0.319589
0.36972
0.401697
0.41186
0.402431
0.376375
0.340076
0.300718
0.263103
0.231091
0.252073
0.424532
0.529436
-9.18371e-19
-5.27721e-19
-3.1789e-19
-2.31772e-19
-1.65285e-19
-9.58167e-20
-1.13353e-20
9.89407e-20
2.35412e-19
3.90724e-19
5.51672e-19
7.01437e-19
8.195e-19
8.79496e-19
8.47804e-19
6.81894e-19
3.29627e-19
-2.67525e-19
-1.15094e-18
-2.32092e-18
-3.69395e-18
-4.91937e-18
-5.17426e-18
-3.55578e-18
3.62089e-19
5.97071e-18
1.1494e-17
1.47153e-17
1.40906e-17
1.03439e-17
7.05675e-18
1.16208e-17
2.02553e-17
1.73042e-17
-2.27685e-19
-1.32809e-17
-1.07807e-17
-1.90561e-18
4.08071e-18
6.22087e-18
6.20293e-18
5.9424e-18
6.32577e-18
5.96314e-18
6.24688e-18
9.42767e-18
1.56633e-17
2.59612e-17
3.51511e-17
1.95758e-17
7.79454e-18
2.81889e-18
7.93281e-19
-3.59255e-19
-5.76491e-18
8.31141e-17
1.17979e-16
-5.2543e-15
-9.03603e-14
-1.66326e-12
-1.30521e-11
-2.82106e-11
2.25492e-09
3.12963e-08
8.2344e-08
1.31395e-07
1.64613e-07
1.73842e-07
1.46811e-07
1.00495e-07
5.44214e-08
2.69098e-08
1.47914e-08
8.71036e-09
5.20715e-09
3.09811e-09
1.82501e-09
1.06439e-09
6.13324e-10
3.49059e-10
1.96851e-10
1.10812e-10
6.23026e-11
3.55401e-11
2.08536e-11
1.3015e-11
8.71376e-12
6.21761e-12
5.68958e-12
4.3855e-12
-1.22193e-12
1.13716e-11
8.70908e-11
3.27676e-10
7.91666e-10
2.17337e-09
1.06133e-08
1.9832e-08
1.95625e-08
-5.23168e-09
1.26175e-06
5.32063e-06
1.08737e-05
1.52204e-05
1.57577e-05
1.26193e-05
-1.26386e-05
-0.000689211
-0.00307659
-0.00821463
-0.0157615
-0.0250392
-0.0350645
-0.0440768
-0.0514997
-0.0578266
-0.0633017
-0.0694462
-0.0774499
-0.0863118
-0.102386
-0.130145
-0.160072
-0.17661
-0.174702
-0.143816
-0.0974808
-0.0537926
-0.025344
-0.0116072
-0.00587405
-0.00308178
-0.00158805
-0.000792581
-0.000386582
-0.000185199
-8.69679e-05
-3.97651e-05
-1.74901e-05
-7.12531e-06
-2.38017e-06
-2.83388e-07
4.84225e-07
8.19243e-07
9.26786e-07
9.78511e-07
9.75468e-07
8.04157e-07
4.07598e-07
1.30735e-06
9.65381e-06
1.76691e-05
7.62853e-06
-4.54459e-05
-0.000271276
-0.000442962
-0.000516138
-0.000178891
-0.0214628
-0.0904337
-0.201452
-0.323973
-0.424708
-0.468903
-0.464129
-0.430777
-0.382384
-0.335088
-0.298815
-0.276766
-0.268197
-0.269142
-0.270898
-0.270285
-0.26487
-0.250097
-0.21807
-0.164749
-0.0989247
-0.0293739
0.0371758
0.0977538
0.153244
0.206885
0.261742
0.318248
0.372287
0.415423
0.435251
0.437103
0.428974
0.406427
0.371587
0.329048
0.284734
0.245453
0.214102
0.235515
0.422863
0.501776
-1.37432e-20
1.12248e-19
6.25524e-20
3.94566e-20
1.67148e-20
-1.10142e-20
-4.4905e-20
-8.3698e-20
-1.23413e-19
-1.58726e-19
-1.83488e-19
-1.90653e-19
-1.71139e-19
-1.13212e-19
-2.95535e-21
1.72571e-19
4.16309e-19
7.06257e-19
9.81395e-19
1.12386e-18
8.52419e-19
-1.06474e-19
-1.56924e-18
-2.72189e-18
-2.70353e-18
-1.12555e-18
1.57047e-18
4.24004e-18
6.42764e-18
8.65081e-18
1.0566e-17
9.19492e-18
2.81392e-18
-3.14851e-18
-2.02536e-18
2.43344e-18
3.24076e-18
1.14192e-18
-7.58361e-19
-1.69349e-18
-1.77435e-18
-1.53051e-18
-1.43704e-18
-1.4903e-18
-1.98933e-18
-3.12141e-18
-4.72556e-18
-6.68823e-18
-6.90193e-18
-3.46943e-18
-1.23013e-18
-3.94041e-19
-3.98534e-20
1.647e-20
-5.02568e-19
-1.63997e-17
5.49892e-17
-2.02032e-17
-7.86542e-15
-1.76833e-13
-1.45011e-12
-6.63819e-12
-1.97707e-11
1.5196e-09
1.92712e-08
6.46667e-08
1.32456e-07
2.02635e-07
2.40591e-07
2.33122e-07
1.86016e-07
1.20034e-07
7.12957e-08
4.3543e-08
2.73507e-08
1.72697e-08
1.0793e-08
6.65632e-09
4.04532e-09
2.42264e-09
1.4343e-09
8.4572e-10
4.97147e-10
2.93223e-10
1.7109e-10
9.76551e-11
5.30588e-11
1.96864e-11
-2.75822e-11
-6.05297e-11
-4.42221e-11
5.17904e-11
4.16649e-10
1.19306e-09
2.53734e-09
1.02926e-08
2.54315e-08
3.19681e-08
1.62594e-08
1.42538e-06
5.97323e-06
1.21839e-05
1.71202e-05
1.79487e-05
1.05731e-05
-1.10479e-05
-0.000788835
-0.00334718
-0.00815168
-0.0153544
-0.0232541
-0.0318936
-0.0384474
-0.0447586
-0.0455929
-0.0463146
-0.0479924
-0.0516252
-0.0581712
-0.0676914
-0.0800523
-0.0999698
-0.129306
-0.16058
-0.180609
-0.1916
-0.17789
-0.141699
-0.0957822
-0.0552617
-0.0285704
-0.0144318
-0.00762679
-0.00410758
-0.00218941
-0.00113723
-0.000577795
-0.000287923
-0.00014065
-6.64655e-05
-2.92071e-05
-1.04051e-05
-7.4315e-07
4.16811e-06
7.47199e-06
9.7207e-06
1.13517e-05
1.60395e-05
2.75104e-05
4.61045e-05
6.05595e-05
4.2196e-05
-2.66712e-05
-0.000263061
-0.000577118
-0.000545765
-0.0013728
-0.0295788
-0.114434
-0.242297
-0.375799
-0.481006
-0.531436
-0.523059
-0.483242
-0.423093
-0.365103
-0.320673
-0.293306
-0.279926
-0.274582
-0.271296
-0.266691
-0.257109
-0.234682
-0.189728
-0.125855
-0.0501515
0.0291697
0.104943
0.172896
0.23232
0.285277
0.33452
0.380576
0.419283
0.439054
0.443589
0.441851
0.434385
0.415604
0.383066
0.340001
0.289089
0.237616
0.198582
0.176087
0.218599
0.43035
0.369933
1.01518e-19
-2.09155e-20
-9.03865e-21
-2.47884e-21
5.70228e-21
1.54466e-20
2.57669e-20
3.52146e-20
4.20698e-20
4.44349e-20
4.00734e-20
2.61458e-20
-7.76344e-22
-4.35611e-20
-1.01591e-19
-1.6595e-19
-2.14665e-19
-2.09533e-19
-9.74245e-20
1.59293e-19
4.79427e-19
5.84374e-19
2.26468e-19
-5.20929e-19
-1.27781e-18
-1.61525e-18
-1.3845e-18
-8.05276e-19
-3.04282e-19
-4.5975e-19
-1.56449e-18
-2.77383e-18
-2.25029e-18
-1.9771e-19
5.71751e-19
-3.84684e-19
-8.51552e-19
-4.06899e-19
1.19551e-19
4.09976e-19
4.41818e-19
3.61612e-19
3.34699e-19
4.08856e-19
6.36671e-19
9.81238e-19
1.31753e-18
1.54183e-18
1.23153e-18
5.50207e-19
1.80938e-19
5.18211e-20
-2.41603e-21
-9.38975e-20
3.57618e-20
4.77243e-18
2.61651e-17
7.31797e-17
-9.1285e-16
-3.92111e-14
-7.58292e-13
-5.18527e-12
-4.87584e-12
6.85581e-11
2.13211e-09
1.94179e-08
7.54442e-08
1.81987e-07
3.07846e-07
4.04147e-07
4.44101e-07
3.99433e-07
2.96383e-07
2.01558e-07
1.34248e-07
8.88043e-08
5.81017e-08
3.75393e-08
2.39106e-08
1.5013e-08
9.32979e-09
5.76823e-09
3.5337e-09
2.1572e-09
1.31035e-09
7.84768e-10
4.24659e-10
1.10505e-10
-9.52246e-11
-1.30531e-10
-2.75173e-12
4.78541e-10
1.70358e-09
3.87413e-09
1.13906e-08
3.06573e-08
4.16186e-08
6.14044e-08
1.68498e-06
6.7742e-06
1.37852e-05
1.90623e-05
2.00137e-05
1.38731e-05
-4.28159e-05
-0.000863166
-0.00350941
-0.00804463
-0.0142799
-0.0214867
-0.0273373
-0.0337595
-0.0339831
-0.0328273
-0.0311604
-0.0297194
-0.0291554
-0.0303708
-0.0340487
-0.0414938
-0.0522715
-0.0676462
-0.0904763
-0.122076
-0.15517
-0.184192
-0.202314
-0.209102
-0.189282
-0.150245
-0.105603
-0.0660338
-0.0373584
-0.0199986
-0.0109158
-0.00607503
-0.00338084
-0.00185486
-0.00100372
-0.000533264
-0.000273673
-0.000131596
-5.21958e-05
-6.27194e-06
2.42935e-05
5.77759e-05
9.49553e-05
0.000133332
0.000160742
0.000165506
0.000124385
-8.77221e-06
-0.000284865
-0.000759662
-0.000821693
-0.00530538
-0.0430076
-0.141796
-0.286698
-0.430679
-0.537483
-0.578869
-0.566337
-0.51639
-0.44349
-0.372075
-0.317528
-0.282906
-0.265311
-0.258741
-0.255578
-0.248272
-0.230331
-0.195821
-0.143828
-0.0763676
0.00155088
0.0831335
0.161879
0.233528
0.296655
0.351336
0.397299
0.429068
0.44187
0.445245
0.443631
0.438018
0.426605
0.404603
0.373341
0.333199
0.281596
0.219345
0.160302
0.126163
0.120659
0.203092
0.426816
0.0438445
-2.19641e-20
6.78635e-22
-6.27822e-22
-2.45825e-21
-4.97135e-21
-7.57612e-21
-9.7147e-21
-1.08751e-20
-1.0526e-20
-8.0237e-21
-2.58347e-21
6.56514e-21
1.94824e-20
3.42001e-20
4.52907e-20
4.34325e-20
1.74149e-20
-3.84103e-20
-1.06934e-19
-1.33678e-19
-6.59078e-20
5.09259e-20
6.79857e-20
-1.26851e-19
-4.94635e-19
-8.94181e-19
-1.20428e-18
-1.38381e-18
-1.41932e-18
-1.21274e-18
-6.42842e-19
1.31616e-19
5.33953e-19
2.21503e-19
-1.12026e-19
4.96145e-20
2.11927e-19
1.27494e-19
-1.04015e-20
-8.97066e-20
-9.95016e-20
-8.14552e-20
-8.09758e-20
-1.15427e-19
-1.94541e-19
-2.84818e-19
-3.34338e-19
-3.20225e-19
-2.05873e-19
-8.31874e-20
-2.69747e-20
-5.90093e-21
-3.59037e-21
7.35538e-20
-4.06536e-19
-9.56521e-19
3.07595e-18
2.93556e-17
8.94774e-18
-1.24482e-14
-2.82298e-13
-1.7858e-12
-1.11421e-12
3.12038e-11
4.24828e-10
4.49872e-09
2.92131e-08
1.13162e-07
2.8797e-07
5.23151e-07
7.32864e-07
8.99172e-07
9.24451e-07
7.87506e-07
5.88824e-07
4.11171e-07
2.79834e-07
1.88199e-07
1.24946e-07
8.19137e-08
5.32016e-08
3.43916e-08
2.21242e-08
1.42244e-08
8.96722e-09
5.43715e-09
3.1186e-09
1.61157e-09
6.75542e-10
3.37414e-10
7.53037e-10
2.3497e-09
6.16382e-09
1.47097e-08
4.00258e-08
6.60556e-08
1.57023e-07
2.10379e-06
7.85178e-06
1.55871e-05
2.1462e-05
2.25573e-05
1.83703e-05
-8.8059e-05
-0.000985818
-0.00349064
-0.00786831
-0.0130326
-0.0190335
-0.0234729
-0.027109
-0.0255938
-0.0227309
-0.0195352
-0.0164695
-0.0140181
-0.012522
-0.0124692
-0.0139847
-0.0180449
-0.0251895
-0.0363046
-0.0526227
-0.0772771
-0.109501
-0.146346
-0.182594
-0.20979
-0.227214
-0.236512
-0.211488
-0.168738
-0.125171
-0.0853931
-0.0538272
-0.031493
-0.0178871
-0.0102885
-0.0059866
-0.00349651
-0.002031
-0.00116761
-0.000631115
-0.000283965
-6.68793e-05
9.82573e-05
0.000250666
0.000318863
0.00029903
0.000246466
3.42449e-05
-0.000397365
-0.0011404
-0.00147651
-0.0118323
-0.0622302
-0.175957
-0.332183
-0.486207
-0.589302
-0.618757
-0.599358
-0.534493
-0.447245
-0.360531
-0.29216
-0.248354
-0.223369
-0.209784
-0.200763
-0.18967
-0.168319
-0.133016
-0.0831733
-0.0208003
0.0499912
0.124154
0.196913
0.264584
0.324703
0.375628
0.415698
0.440379
0.443832
0.442244
0.437371
0.425661
0.403613
0.373439
0.339869
0.303517
0.258769
0.197787
0.123238
0.060172
0.037836
0.0581176
0.197883
0.398888
-0.332864
-4.18695e-21
2.54804e-21
1.41515e-21
1.74044e-21
2.27789e-21
2.71184e-21
2.84968e-21
2.54549e-21
1.63594e-21
-7.56049e-23
-2.72259e-21
-6.10993e-21
-9.29236e-21
-1.03022e-20
-6.50846e-21
4.00598e-21
1.99589e-20
3.41304e-20
3.4917e-20
1.96373e-20
9.78991e-21
2.89439e-20
6.2099e-20
6.49643e-20
1.54849e-20
-5.95338e-20
-1.0352e-19
-6.86345e-20
4.61475e-20
1.69108e-19
1.7776e-19
3.64932e-20
-1.09362e-19
-8.23625e-20
1.76637e-20
-8.41701e-22
-5.01478e-20
-3.81499e-20
-3.18663e-21
1.78793e-20
2.10325e-20
1.80448e-20
1.99081e-20
3.20281e-20
5.58153e-20
7.62757e-20
7.81146e-20
6.17255e-20
3.34877e-20
1.28574e-20
4.43877e-21
3.32455e-22
3.02406e-21
-2.939e-20
1.97292e-19
-4.3732e-19
-2.34967e-18
8.93448e-18
1.09424e-16
-4.26331e-16
-1.38916e-14
-1.91829e-13
-1.05531e-12
2.4793e-11
1.57373e-10
9.72154e-10
6.46887e-09
3.94612e-08
1.60161e-07
4.39654e-07
8.19807e-07
1.27273e-06
1.61916e-06
1.8134e-06
1.75996e-06
1.50346e-06
1.17276e-06
8.61871e-07
6.02181e-07
4.06481e-07
2.70762e-07
1.79412e-07
1.18027e-07
7.73676e-08
5.04719e-08
3.34744e-08
2.18676e-08
1.23238e-08
6.10173e-09
3.74002e-09
4.79547e-09
1.02769e-08
2.40493e-08
5.97587e-08
1.12701e-07
3.74945e-07
2.75121e-06
9.33267e-06
1.77647e-05
2.39441e-05
2.46369e-05
2.08945e-05
-0.000116988
-0.00108965
-0.00346666
-0.0073425
-0.0120884
-0.016082
-0.0204308
-0.0199296
-0.0175324
-0.0143368
-0.0110207
-0.00802875
-0.00570951
-0.00412184
-0.00317772
-0.0029195
-0.00316285
-0.00433064
-0.0071459
-0.012865
-0.0225127
-0.0385451
-0.0625567
-0.0948057
-0.134089
-0.175749
-0.213808
-0.244045
-0.265502
-0.269419
-0.243188
-0.202887
-0.160401
-0.11956
-0.0831648
-0.0542492
-0.0336231
-0.020282
-0.0121807
-0.00732777
-0.00436921
-0.00261706
-0.001455
-0.000472201
0.000113474
0.000331542
0.000307242
5.02794e-05
-0.000602769
-0.00175853
-0.00305486
-0.022658
-0.0891187
-0.218912
-0.383755
-0.540687
-0.632803
-0.650673
-0.623557
-0.545405
-0.435526
-0.334225
-0.253842
-0.199278
-0.166776
-0.145617
-0.128388
-0.110875
-0.0894877
-0.0587128
-0.0176384
0.0323138
0.0883418
0.146995
0.204985
0.259901
0.310337
0.355168
0.392411
0.417959
0.426784
0.426423
0.416502
0.394637
0.362429
0.323918
0.284667
0.248417
0.212021
0.164098
0.0936012
0.0089443
-0.0514025
-0.0546785
0.00801477
0.206161
0.338366
-0.408478
2.95709e-21
-1.58775e-21
-7.86815e-22
-7.59375e-22
-7.96343e-22
-7.78578e-22
-6.48632e-22
-3.64869e-22
1.17412e-22
8.19561e-22
1.65489e-21
2.31397e-21
2.22731e-21
7.61352e-22
-2.33016e-21
-6.39781e-21
-9.71155e-21
-1.01298e-20
-7.02697e-21
-2.77035e-21
1.51445e-21
1.24403e-20
3.65893e-20
6.93075e-20
9.88951e-20
1.18002e-19
1.24359e-19
1.12846e-19
7.58389e-20
2.03499e-20
-1.75547e-20
-7.15084e-21
2.61023e-20
2.67263e-20
-1.17092e-21
-2.74366e-21
1.10489e-20
1.10445e-20
2.52017e-21
-3.19756e-21
-4.31812e-21
-4.01511e-21
-4.86778e-21
-8.6045e-21
-1.50699e-20
-1.91097e-20
-1.72467e-20
-1.15383e-20
-5.5727e-21
-2.17289e-21
-8.33547e-22
3.68292e-23
-7.35866e-22
6.95606e-21
-4.47207e-20
7.13144e-20
-5.23139e-19
6.41125e-18
6.75978e-17
3.05779e-17
-3.17169e-15
-1.05706e-13
-6.78627e-13
2.06719e-12
3.63312e-11
5.23934e-10
-6.16352e-10
3.53067e-09
3.66863e-08
1.92768e-07
5.5816e-07
1.14159e-06
1.82158e-06
2.4542e-06
2.93909e-06
3.01218e-06
2.83128e-06
2.48002e-06
2.05555e-06
1.61398e-06
1.21085e-06
8.73369e-07
6.05931e-07
4.0688e-07
2.63557e-07
1.61201e-07
9.29295e-08
5.41575e-08
3.14988e-08
2.02468e-08
2.35127e-08
4.56638e-08
1.02241e-07
1.93711e-07
8.08713e-07
3.84351e-06
1.11923e-05
2.06307e-05
2.64834e-05
2.68645e-05
2.2436e-05
-0.000162982
-0.00114463
-0.00352199
-0.00676968
-0.0109029
-0.0139255
-0.0162261
-0.0147605
-0.0118843
-0.00863654
-0.00564847
-0.00342334
-0.00206021
-0.00134713
-0.000988416
-0.000796553
-0.000643898
-0.000538175
-0.000532189
-0.000735181
-0.00181117
-0.00498412
-0.0124788
-0.026679
-0.0489277
-0.0802615
-0.120389
-0.165343
-0.211559
-0.258441
-0.289129
-0.324735
-0.313478
-0.287209
-0.252115
-0.211637
-0.169565
-0.129499
-0.0940448
-0.0650605
-0.0433077
-0.0276218
-0.0157453
-0.00796752
-0.00406861
-0.00184533
-0.000469253
-0.000264109
-0.00111303
-0.00277601
-0.00913599
-0.0411144
-0.126749
-0.271991
-0.440646
-0.592358
-0.668984
-0.674239
-0.635687
-0.540427
-0.419104
-0.29921
-0.209506
-0.14818
-0.109501
-0.0851291
-0.0649033
-0.0442023
-0.0216856
0.00362176
0.0343099
0.0698898
0.108525
0.147937
0.186208
0.222313
0.256141
0.287963
0.317483
0.342936
0.360861
0.366475
0.359046
0.337595
0.303736
0.261322
0.216594
0.175897
0.141523
0.106771
0.0558635
-0.0230978
-0.113366
-0.163437
-0.141726
-0.0279103
0.208076
0.240689
-0.335993
-6.92912e-22
5.27138e-22
3.04358e-22
2.54911e-22
2.25284e-22
1.76194e-22
9.24455e-23
-3.64025e-23
-2.14469e-22
-4.17839e-22
-5.63113e-22
-5.01196e-22
-7.9741e-23
7.30665e-22
1.73489e-21
2.5381e-21
2.70753e-21
1.99478e-21
5.70548e-22
-1.04149e-21
-2.6112e-21
-3.25573e-21
-6.25266e-22
6.10262e-21
1.36126e-20
1.6502e-20
1.17185e-20
1.60679e-21
-6.28485e-21
-4.95835e-21
1.4799e-21
9.84372e-22
-6.75073e-21
-8.27524e-21
-7.40354e-22
1.36378e-21
-2.18761e-21
-3.079e-21
-1.12619e-21
4.67301e-22
8.84154e-22
9.09966e-22
1.1773e-21
2.23838e-21
3.87044e-21
4.57251e-21
3.71716e-21
2.19798e-21
1.00122e-21
4.16202e-22
1.7003e-22
1.9349e-23
-2.22261e-22
4.95685e-22
4.98411e-21
8.90312e-21
-3.23159e-19
-3.40334e-18
5.0763e-18
1.34797e-16
2.26426e-16
-2.4569e-15
-5.75522e-14
-2.92912e-12
-1.25617e-11
7.32741e-11
-1.83011e-10
-1.07191e-09
-6.84128e-09
1.73463e-08
1.71171e-07
5.83718e-07
1.30747e-06
2.19212e-06
3.08032e-06
3.76454e-06
4.32084e-06
4.18932e-06
3.89297e-06
3.46577e-06
2.95522e-06
2.4147e-06
1.88726e-06
1.41236e-06
1.00387e-06
6.72292e-07
4.18991e-07
2.37113e-07
1.22318e-07
8.04285e-08
1.04184e-07
2.05719e-07
3.77359e-07
1.53218e-06
5.75177e-06
1.38446e-05
2.37158e-05
2.91815e-05
2.84973e-05
2.33036e-05
-0.000225088
-0.00120577
-0.00349662
-0.00647991
-0.00939378
-0.0123183
-0.0120081
-0.0100633
-0.00734687
-0.00459927
-0.00252941
-0.001344
-0.000793616
-0.000524634
-0.00036974
-0.000271187
-0.000204005
-0.000154345
-0.000121149
-0.000103001
-0.000105563
-0.000191022
-0.000518745
-0.00150611
-0.00630263
-0.0175854
-0.0373631
-0.0668953
-0.10618
-0.153996
-0.210929
-0.265181
-0.317957
-0.361239
-0.380027
-0.374416
-0.352828
-0.318603
-0.275774
-0.228632
-0.180824
-0.136502
-0.0972692
-0.0642102
-0.0385406
-0.0199979
-0.00815819
-0.00284209
-0.00292848
-0.00598348
-0.022918
-0.0715667
-0.176156
-0.331225
-0.50391
-0.635771
-0.694946
-0.689498
-0.635816
-0.521822
-0.3887
-0.264614
-0.165
-0.101513
-0.0627556
-0.0389577
-0.0217757
-0.00458889
0.0143622
0.035038
0.0571542
0.0806765
0.104367
0.126856
0.147114
0.165056
0.18139
0.197205
0.213428
0.230053
0.245477
0.25642
0.258682
0.248743
0.225152
0.189484
0.146263
0.102097
0.063216
0.0309556
-0.00339574
-0.0580529
-0.143892
-0.234841
-0.268635
-0.218898
-0.0550447
0.191359
0.0590287
0.121634
9.22384e-23
-8.03363e-23
-8.99496e-23
-6.77676e-23
-4.99368e-23
-2.57012e-23
7.98276e-24
5.20977e-23
1.01636e-22
1.37212e-22
1.2205e-22
1.75115e-23
-1.83217e-22
-4.29615e-22
-6.26684e-22
-6.79235e-22
-5.30574e-22
-2.0086e-22
1.28528e-22
1.05335e-22
-6.18888e-22
-2.25666e-21
-4.46119e-21
-6.35643e-21
-7.38762e-21
-7.55108e-21
-6.7092e-21
-4.53197e-21
-1.6263e-21
3.15313e-23
-3.00834e-22
-1.6028e-22
1.73814e-21
2.4424e-21
4.84682e-22
-4.76265e-22
3.58225e-22
8.21029e-22
4.17785e-22
-2.84161e-23
-1.8198e-22
-2.11812e-22
-2.83958e-22
-5.6738e-22
-9.58798e-22
-1.0681e-21
-8.06576e-22
-4.44003e-22
-2.001e-22
-8.88538e-23
-3.47798e-23
-2.53614e-23
2.57961e-22
-1.21846e-21
3.30208e-21
3.1286e-21
3.74603e-20
-9.0107e-19
3.83425e-18
3.59668e-17
-3.40162e-17
-1.64345e-15
-1.4581e-14
-6.9911e-14
-3.1169e-12
-3.97537e-11
-4.45292e-11
-6.31845e-10
-4.65138e-09
-1.50446e-08
-2.4386e-08
8.32899e-08
4.77588e-07
1.21625e-06
2.2556e-06
3.3504e-06
4.22217e-06
4.96809e-06
5.00793e-06
4.84514e-06
4.48295e-06
3.9548e-06
3.31419e-06
2.63151e-06
1.96587e-06
1.37009e-06
8.8211e-07
5.34641e-07
3.4804e-07
3.40773e-07
4.86952e-07
1.02723e-06
3.09614e-06
8.55147e-06
1.7903e-05
2.70044e-05
3.18111e-05
2.95078e-05
2.15452e-05
-0.000283213
-0.00136335
-0.00337547
-0.00623753
-0.00833333
-0.0100916
-0.00921197
-0.00706737
-0.00449899
-0.00237054
-0.00110491
-0.000559782
-0.000327206
-0.000207229
-0.000139192
-9.76533e-05
-7.19559e-05
-5.46819e-05
-4.05209e-05
-3.05617e-05
-2.63291e-05
-2.60365e-05
-3.80555e-05
-8.38365e-05
-0.000225773
-0.000537503
-0.00301692
-0.0110451
-0.0277024
-0.0546429
-0.0933312
-0.145973
-0.209721
-0.278775
-0.351166
-0.409878
-0.461314
-0.460123
-0.446895
-0.416445
-0.369797
-0.310939
-0.246294
-0.181355
-0.12212
-0.0735233
-0.0385327
-0.0183309
-0.0120006
-0.0213437
-0.0507944
-0.120299
-0.239234
-0.396818
-0.562435
-0.672225
-0.707537
-0.693173
-0.624837
-0.493348
-0.348172
-0.221746
-0.126804
-0.0630961
-0.0298614
-0.0123154
-0.0011536
0.00920414
0.021081
0.0343468
0.0487232
0.0636804
0.07792
0.0901985
0.0996687
0.106128
0.110248
0.113351
0.116923
0.122067
0.128974
0.136476
0.141953
0.141764
0.132305
0.111475
0.0797072
0.040301
-0.00120347
-0.0391506
-0.0723258
-0.109706
-0.170001
-0.261723
-0.349738
-0.364205
-0.286997
-0.0838032
0.133229
-0.191193
1.28601
-7.43571e-24
-1.56353e-23
1.82564e-23
1.31509e-23
6.84125e-24
-1.61331e-24
-1.23064e-23
-2.42607e-23
-3.35068e-23
-3.15815e-23
-8.43011e-24
3.91198e-23
9.96864e-23
1.5004e-22
1.67906e-22
1.42549e-22
7.85812e-23
8.37662e-24
-7.50297e-25
8.20075e-23
1.65689e-22
6.39145e-23
-3.43812e-22
-8.95155e-22
-1.20485e-21
-1.00914e-21
-4.24326e-22
1.19728e-22
2.29309e-22
6.48817e-23
6.16556e-23
1.68837e-23
-4.45872e-22
-6.91408e-22
-2.02645e-22
1.41197e-22
-3.36732e-23
-2.07988e-22
-1.39767e-22
-1.75534e-23
3.68211e-23
5.07371e-23
6.92837e-23
1.413e-22
2.32188e-22
2.47988e-22
1.7975e-22
9.63445e-23
4.38846e-23
2.01319e-23
6.76576e-24
1.22524e-23
-1.16113e-22
5.70831e-22
-1.85664e-21
-2.20098e-21
-1.43646e-20
3.01393e-19
7.76249e-19
2.18803e-17
-4.60741e-17
-1.65557e-15
-1.13812e-14
2.01333e-13
2.01856e-12
3.61717e-12
-1.99628e-12
-8.24175e-11
-8.96812e-10
-8.06428e-09
-2.31916e-08
-8.72062e-08
-7.42788e-08
1.90097e-07
9.00909e-07
2.00449e-06
3.25506e-06
4.45832e-06
5.36791e-06
5.57841e-06
5.42315e-06
5.00973e-06
4.38838e-06
3.63108e-06
2.81799e-06
2.06165e-06
1.47594e-06
1.1681e-06
1.11709e-06
1.4675e-06
2.83513e-06
6.37747e-06
1.2991e-05
2.26919e-05
3.04473e-05
3.34506e-05
2.97194e-05
-1.42923e-05
-0.00038059
-0.0015535
-0.00343598
-0.00571998
-0.00764724
-0.00810574
-0.00690173
-0.00475941
-0.00255236
-0.00110719
-0.000476879
-0.000242541
-0.000135578
-8.01217e-05
-5.07001e-05
-3.50598e-05
-2.59629e-05
-1.99579e-05
-1.50681e-05
-1.07535e-05
-7.87219e-06
-7.0919e-06
-8.0876e-06
-1.31094e-05
-2.74742e-05
-6.49079e-05
-0.000111993
-0.000344781
-0.00100631
-0.00600801
-0.0187267
-0.0430209
-0.0826213
-0.140524
-0.214382
-0.300203
-0.38685
-0.45611
-0.503121
-0.510111
-0.498248
-0.46491
-0.402965
-0.324797
-0.240956
-0.162868
-0.100256
-0.0594157
-0.0459207
-0.0591597
-0.103982
-0.187686
-0.314942
-0.465015
-0.609827
-0.694216
-0.712537
-0.680203
-0.590977
-0.450569
-0.299717
-0.175751
-0.0881857
-0.0365795
-0.0114724
-0.00283439
0.00222938
0.00739598
0.0129065
0.0188903
0.0255927
0.0333997
0.0420898
0.0498453
0.0552757
0.057733
0.0574358
0.0552893
0.0524535
0.0499391
0.0484806
0.0485057
0.049764
0.0507832
0.0487209
0.0402326
0.0227896
-0.00439029
-0.0398897
-0.0800942
-0.120366
-0.159163
-0.204407
-0.273525
-0.371692
-0.455375
-0.450589
-0.349718
-0.12686
0.022813
-0.27089
2.49477
4.3748e-25
1.39955e-23
-6.08972e-25
-9.21595e-25
6.85338e-25
3.04746e-24
5.80974e-24
8.17181e-24
8.32983e-24
3.74899e-24
-6.9688e-24
-2.17549e-23
-3.50532e-23
-4.10904e-23
-3.74158e-23
-2.55701e-23
-1.07821e-23
-2.86434e-24
-7.52825e-24
-3.13037e-24
4.778e-23
1.54701e-22
2.75155e-22
3.52776e-22
3.71177e-22
3.37595e-22
2.46335e-22
1.11956e-22
1.10991e-23
-9.07339e-24
-1.09844e-23
2.02451e-24
1.14374e-22
1.90082e-22
7.27845e-23
-3.73311e-23
-6.93752e-24
4.96035e-23
4.34501e-23
1.14245e-23
-6.84881e-24
-1.24375e-23
-1.73181e-23
-3.48823e-23
-5.55615e-23
-5.78158e-23
-4.12892e-23
-2.21104e-23
-1.01469e-23
-4.62442e-24
-1.23103e-24
-3.91785e-24
3.58469e-23
-1.66487e-22
5.61838e-22
1.72424e-22
-5.93686e-21
7.63541e-20
2.32377e-19
-1.28702e-17
-4.95368e-17
4.55408e-16
5.07407e-15
-1.47853e-14
-1.72964e-13
-8.7251e-13
2.13082e-12
5.14064e-12
3.01895e-11
-1.21325e-10
-6.16363e-09
-5.78055e-08
-1.27583e-07
-3.40562e-07
-2.43655e-07
3.04053e-07
1.39592e-06
2.92387e-06
4.58795e-06
5.82691e-06
6.75878e-06
6.69808e-06
6.33382e-06
5.6675e-06
4.8652e-06
4.10587e-06
3.65307e-06
3.64141e-06
4.61133e-06
7.09822e-06
1.19303e-05
1.99204e-05
2.76776e-05
3.32113e-05
3.27272e-05
2.70164e-05
-0.000113899
-0.000598745
-0.00177351
-0.00356557
-0.00529159
-0.00679828
-0.00646547
-0.0050724
-0.00313649
-0.00145902
-0.000528095
-0.000214556
-0.000103134
-5.34426e-05
-2.96143e-05
-1.79307e-05
-1.18682e-05
-8.58268e-06
-6.63339e-06
-5.38068e-06
-4.26928e-06
-3.04553e-06
-2.10088e-06
-1.84076e-06
-2.57147e-06
-4.6863e-06
-1.03716e-05
-2.57038e-05
-3.94599e-05
-7.99865e-05
-0.000170227
-0.000304641
-0.00234124
-0.0110096
-0.0326105
-0.0733184
-0.136651
-0.220876
-0.317568
-0.409389
-0.480519
-0.509644
-0.507353
-0.491586
-0.439459
-0.36297
-0.278368
-0.202128
-0.148061
-0.125215
-0.138721
-0.190472
-0.279325
-0.394991
-0.532161
-0.630236
-0.700007
-0.688404
-0.63292
-0.519288
-0.378192
-0.241056
-0.128296
-0.0558382
-0.018015
-0.00501421
-0.000971368
0.00125833
0.00311764
0.00458473
0.00610623
0.00791847
0.0104835
0.0142097
0.0187191
0.0225509
0.0246499
0.0245997
0.0226203
0.0193331
0.0154136
0.0115928
0.00858507
0.00605349
0.00344938
0.000334587
-0.00431472
-0.0132884
-0.0292925
-0.0535944
-0.0868603
-0.128014
-0.174011
-0.223141
-0.281563
-0.363892
-0.470614
-0.550894
-0.529547
-0.41087
-0.189815
-0.111194
-0.297023
2.71127
-4.34793e-26
-4.80598e-24
-1.50805e-24
-6.90539e-25
-9.41444e-25
-1.46779e-24
-2.00807e-24
-2.17678e-24
-1.374e-24
8.98557e-25
4.41342e-24
7.95316e-24
9.9691e-24
9.6633e-24
7.38393e-24
4.19419e-24
1.52582e-24
6.03926e-25
8.45672e-26
-3.45003e-24
-6.65461e-24
1.61773e-24
2.5472e-23
4.99038e-23
5.36078e-23
3.23448e-23
4.05856e-24
-8.46612e-24
-3.70481e-24
1.28289e-24
2.12427e-24
-1.66734e-24
-2.92883e-23
-5.15627e-23
-2.4422e-23
8.80134e-24
5.67924e-24
-1.09715e-23
-1.27132e-23
-4.82702e-24
9.73706e-25
3.08214e-24
4.45684e-24
8.606e-24
1.3234e-23
1.35625e-23
9.6816e-24
5.21713e-24
2.38089e-24
1.04603e-24
2.10241e-25
9.3295e-25
-8.74614e-24
3.58786e-23
-1.26508e-22
-2.95047e-23
2.87922e-21
-3.80906e-20
2.51384e-19
8.41145e-19
-2.11652e-17
-2.2339e-17
1.82645e-15
9.86574e-15
-1.12859e-14
-1.03546e-12
-1.81404e-12
-1.82996e-12
5.80274e-11
6.33901e-10
9.05042e-10
-8.76483e-09
-5.31726e-08
-2.45273e-07
-6.05207e-07
-1.23679e-06
-1.06011e-06
-1.85258e-07
1.48235e-06
3.78904e-06
6.31121e-06
8.22661e-06
9.33469e-06
1.0658e-05
1.0827e-05
1.10581e-05
1.17596e-05
1.32745e-05
1.66692e-05
2.13936e-05
2.58639e-05
3.08845e-05
3.34269e-05
2.35907e-05
-6.43111e-05
-0.000318709
-0.00098559
-0.00207143
-0.0036721
-0.00494854
-0.00582069
-0.00522783
-0.00378227
-0.00206549
-0.000823208
-0.000271337
-0.000105833
-4.52939e-05
-2.05246e-05
-1.03913e-05
-5.90119e-06
-3.70543e-06
-2.54843e-06
-1.92651e-06
-1.57244e-06
-1.36163e-06
-1.15633e-06
-8.77611e-07
-5.98276e-07
-4.97196e-07
-7.5973e-07
-1.61329e-06
-3.45858e-06
-1.00236e-05
-1.34967e-05
-2.30672e-05
-3.4164e-05
-6.68583e-05
-3.31379e-05
-6.00673e-05
-0.00543985
-0.0232559
-0.0634412
-0.129027
-0.216257
-0.313281
-0.402678
-0.464419
-0.487211
-0.478402
-0.443873
-0.387416
-0.326712
-0.277832
-0.254894
-0.263683
-0.30618
-0.378132
-0.470386
-0.54846
-0.630038
-0.645688
-0.607831
-0.522033
-0.405385
-0.280882
-0.168441
-0.0831725
-0.0312774
-0.00924067
-0.00253093
-0.000242005
0.000913812
0.00119813
0.00118441
0.00125328
0.00156773
0.00210791
0.00295
0.00419229
0.00574711
0.00707146
0.00756118
0.00693904
0.00548451
0.00384513
0.00251232
0.00155879
0.00033904
-0.00222296
-0.00638799
-0.0125225
-0.0209944
-0.0322687
-0.0477806
-0.0701093
-0.102026
-0.145074
-0.19843
-0.260987
-0.337211
-0.437723
-0.556351
-0.636125
-0.602403
-0.472104
-0.268475
-0.245904
-0.301142
2.56946
3.71201e-27
1.06416e-24
8.28385e-25
4.49492e-25
4.3545e-25
5.14389e-25
5.60358e-25
4.32657e-25
-1.74529e-26
-8.14387e-25
-1.73276e-24
-2.37916e-24
-2.47338e-24
-2.04377e-24
-1.34379e-24
-6.54731e-25
-1.90746e-25
2.21322e-26
2.65249e-25
1.86923e-25
-1.84552e-24
-6.49927e-24
-1.16604e-23
-1.46091e-23
-1.45247e-23
-1.15577e-23
-6.29356e-24
-1.45509e-24
1.68104e-25
-2.37762e-25
-4.37359e-25
5.34024e-25
7.42252e-24
1.39163e-23
7.91534e-24
-1.76206e-24
-2.37395e-24
2.17966e-24
3.52276e-24
1.73513e-24
-4.0898e-27
-7.59768e-25
-1.1766e-24
-2.13586e-24
-3.15072e-24
-3.19053e-24
-2.284e-24
-1.23394e-24
-5.52881e-25
-2.29388e-25
-3.29277e-26
-1.6798e-25
1.87944e-24
-6.35564e-24
3.4743e-23
-3.28796e-23
-1.99963e-22
5.27149e-21
-1.48772e-19
2.20137e-19
6.56086e-18
1.02691e-17
-3.70537e-16
-1.74894e-16
4.13382e-15
3.59818e-13
5.94788e-13
7.56258e-13
6.33977e-13
6.41819e-11
9.98011e-10
2.37725e-09
-3.86182e-09
-6.09721e-08
-2.97899e-07
-9.90445e-07
-2.21392e-06
-3.53239e-06
-4.20131e-06
-3.59954e-06
-1.19252e-06
2.39345e-06
6.76601e-06
1.03986e-05
1.38203e-05
1.68899e-05
1.93694e-05
2.34232e-05
2.75609e-05
2.89967e-05
2.04664e-05
-1.29373e-05
-9.39426e-05
-0.000271005
-0.000699636
-0.00137416
-0.00243815
-0.00347709
-0.0046506
-0.00463213
-0.00389159
-0.00258036
-0.00127406
-0.00045354
-0.000151608
-5.60594e-05
-2.05949e-05
-8.06422e-06
-3.6151e-06
-1.84437e-06
-1.05402e-06
-6.73144e-07
-4.78718e-07
-3.79083e-07
-3.27476e-07
-3.06373e-07
-2.88267e-07
-2.43949e-07
-1.74156e-07
-1.41277e-07
-2.01585e-07
-5.28275e-07
-1.04153e-06
-3.08361e-06
-4.84934e-06
-7.75632e-06
-5.06674e-06
-1.59204e-05
5.7058e-05
0.000124057
0.000576003
-0.00150563
-0.0146473
-0.0504991
-0.110642
-0.190446
-0.27745
-0.353811
-0.405061
-0.425129
-0.416365
-0.395065
-0.372305
-0.360481
-0.366099
-0.38834
-0.428115
-0.471889
-0.526668
-0.538789
-0.5074
-0.441743
-0.354497
-0.259654
-0.168411
-0.0939948
-0.0430229
-0.015827
-0.0051084
-0.00115601
0.000289529
0.000613416
0.000566054
0.000422601
0.000311785
0.00029782
0.000385862
0.000554856
0.000809998
0.00111818
0.00139661
0.00155464
0.00153919
0.00137879
0.00113475
0.000856668
0.00054905
-3.29629e-05
-0.00118642
-0.0032302
-0.00672604
-0.0121602
-0.0198479
-0.0300251
-0.043706
-0.0634709
-0.0932274
-0.136913
-0.196687
-0.273411
-0.370587
-0.493724
-0.628699
-0.71139
-0.669833
-0.533194
-0.354045
-0.36656
-0.289863
1.94224
1.12795e-27
-1.51497e-25
-2.81203e-25
-1.75873e-25
-1.47374e-25
-1.45605e-25
-1.23733e-25
-3.9876e-26
1.30374e-25
3.57442e-25
5.52394e-25
6.25297e-25
5.56068e-25
3.9972e-25
2.30734e-25
9.76153e-26
1.80664e-26
-1.5034e-26
-1.43333e-26
8.72416e-26
2.15884e-25
-4.45392e-26
-8.52634e-25
-1.53623e-24
-1.31329e-24
-3.87577e-25
2.62641e-25
2.22634e-25
1.09342e-26
4.16176e-26
8.61342e-26
-1.2554e-25
-1.81568e-24
-3.71771e-24
-2.49236e-24
2.39037e-25
7.99938e-25
-3.59997e-25
-9.23412e-25
-5.63235e-25
-7.23573e-26
1.827e-25
3.1453e-25
5.34109e-25
7.50306e-25
7.48227e-25
5.34806e-25
2.87394e-25
1.25222e-25
4.82651e-26
3.74107e-27
1.91712e-26
-4.08005e-25
1.00278e-24
-1.20885e-23
5.53702e-23
-4.3686e-22
1.84291e-21
5.98124e-20
3.34161e-20
-2.24342e-18
-1.53029e-17
5.01841e-17
3.28985e-17
-1.76222e-15
-7.48751e-14
-1.60896e-13
-2.85361e-13
-3.43758e-13
5.08583e-13
5.74579e-11
8.66284e-10
4.33002e-09
2.43164e-09
-3.88411e-08
-2.70782e-07
-1.15577e-06
-3.29178e-06
-6.88846e-06
-1.09958e-05
-1.73519e-05
-1.8557e-05
-1.72818e-05
-1.46211e-05
-1.08044e-05
-6.40664e-06
-3.31475e-06
-6.27901e-06
-2.71839e-05
-7.03116e-05
-0.000154087
-0.000310428
-0.000555007
-0.000945304
-0.00158657
-0.00231991
-0.00302491
-0.00363258
-0.00330674
-0.00250668
-0.00151327
-0.000692079
-0.000245665
-9.02713e-05
-3.22495e-05
-1.02876e-05
-3.36823e-06
-1.26104e-06
-5.46312e-07
-2.73016e-07
-1.55745e-07
-1.00809e-07
-7.37596e-08
-6.10573e-08
-5.60621e-08
-5.67223e-08
-5.84781e-08
-5.62342e-08
-4.7207e-08
-4.09635e-08
-5.35945e-08
-1.55715e-07
-3.60367e-07
-7.34617e-07
-1.89108e-06
-2.69062e-06
1.08353e-06
4.85887e-06
6.24604e-05
0.000167307
0.00054597
0.0005722
0.00279464
-0.00500048
-0.0290134
-0.0753136
-0.137332
-0.203991
-0.26352
-0.306873
-0.332278
-0.343012
-0.346996
-0.353675
-0.357286
-0.372993
-0.376874
-0.365408
-0.333939
-0.286549
-0.228912
-0.169679
-0.114645
-0.0691122
-0.0364689
-0.0172783
-0.00731764
-0.00247247
-0.000227903
0.000516581
0.000644517
0.000559692
0.000350989
0.000161378
6.61998e-05
5.37398e-05
7.97154e-05
0.000128771
0.000200221
0.000285166
0.000366554
0.000419286
0.000425581
0.00038534
0.000315337
0.000227665
6.27483e-05
-0.000267316
-0.000899914
-0.00206202
-0.00410283
-0.00742794
-0.0124186
-0.0195074
-0.0297001
-0.0453674
-0.0707859
-0.111655
-0.173464
-0.26099
-0.379362
-0.529128
-0.686769
-0.77579
-0.730319
-0.590656
-0.43432
-0.458913
-0.260612
0.250664
-6.50379e-28
7.357e-27
6.98943e-26
5.51369e-26
4.29077e-26
3.50959e-26
1.81266e-26
-1.77601e-26
-7.16876e-26
-1.26442e-25
-1.57076e-25
-1.50759e-25
-1.1635e-25
-7.37077e-26
-3.7866e-26
-1.39494e-26
-1.44678e-27
5.77371e-28
-5.44056e-27
-8.18939e-27
4.26883e-26
1.85836e-25
3.60466e-25
4.58816e-25
4.26278e-25
2.71406e-25
8.63759e-26
-2.12659e-27
-6.28788e-28
-7.04148e-27
-1.67835e-26
2.71617e-26
4.36832e-25
9.84079e-25
7.66943e-25
1.40489e-26
-2.44409e-25
3.48408e-26
2.33173e-25
1.73447e-25
4.00459e-26
-4.2798e-26
-8.5376e-26
-1.36166e-25
-1.80735e-25
-1.7604e-25
-1.24523e-25
-6.59196e-26
-2.77008e-26
-9.76498e-27
2.11346e-28
7.7346e-28
1.0457e-25
-1.17314e-25
3.77399e-24
-2.71326e-23
2.44271e-22
-3.56874e-23
-1.73093e-20
-9.59552e-20
1.016e-18
6.83895e-18
-9.03116e-18
6.41718e-18
6.12447e-16
6.66085e-15
1.41149e-14
2.57133e-14
4.0381e-14
4.46669e-14
6.27102e-13
5.2311e-11
9.08645e-10
4.60577e-09
8.27155e-09
-5.65809e-09
-1.91966e-07
-9.73821e-07
-3.35883e-06
-8.44212e-06
-1.69442e-05
-2.93696e-05
-4.48466e-05
-6.32728e-05
-8.50888e-05
-0.000109747
-0.000143659
-0.000186711
-0.000246195
-0.000325856
-0.000440601
-0.000616338
-0.00087414
-0.00121092
-0.00151525
-0.00193207
-0.00185937
-0.00148118
-0.00100001
-0.000558318
-0.000264476
-0.000118259
-5.09332e-05
-1.8664e-05
-5.79494e-06
-1.71921e-06
-5.17367e-07
-1.70783e-07
-6.695e-08
-3.15888e-08
-1.74961e-08
-1.12198e-08
-8.31503e-09
-7.13729e-09
-6.96911e-09
-7.73188e-09
-8.84832e-09
-9.46423e-09
-9.36505e-09
-1.00511e-08
-1.60034e-08
-4.26345e-08
-1.46409e-07
-2.15278e-07
-8.74581e-07
-9.14778e-07
1.96481e-06
1.11625e-05
4.24868e-05
0.000133783
0.000347347
0.000880883
0.00256284
0.00381283
0.00327419
-0.0082439
-0.0336719
-0.0690736
-0.10764
-0.141914
-0.167165
-0.182653
-0.191226
-0.190681
-0.175623
-0.156337
-0.133528
-0.109048
-0.0832292
-0.0600264
-0.0412322
-0.0270346
-0.0166621
-0.00953215
-0.00496064
-0.00214191
-0.000524701
0.000276927
0.000571226
0.000543518
0.00040081
0.000188008
5.18109e-05
1.74918e-05
9.7118e-06
9.1092e-06
1.44053e-05
2.47337e-05
4.00931e-05
5.97713e-05
8.12151e-05
9.97072e-05
0.000109932
0.000107279
9.15617e-05
5.68016e-05
-1.17168e-05
-0.00013975
-0.000383493
-0.000840505
-0.00166795
-0.00310388
-0.00547931
-0.00926608
-0.0154342
-0.0262236
-0.0460647
-0.0821425
-0.143692
-0.239868
-0.377326
-0.551422
-0.730101
-0.827367
-0.781423
-0.641015
-0.501914
-0.491004
-0.227506
-1.64586
1.19698e-28
1.96323e-27
-9.22297e-27
-9.69224e-27
-6.75623e-27
-3.32337e-27
2.7956e-27
1.25161e-26
2.37846e-26
3.19789e-26
3.32025e-26
2.76031e-26
1.88483e-26
1.07397e-26
5.00872e-27
1.63873e-27
1.26507e-28
1.23739e-28
4.57348e-28
-1.03949e-27
-4.96671e-27
-3.98177e-27
6.63424e-27
1.35005e-26
3.8733e-27
-9.82283e-27
-9.02426e-27
-1.2688e-27
-1.5025e-28
8.94121e-28
2.9371e-27
-5.29154e-27
-8.77423e-26
-2.14668e-25
-1.93683e-25
-2.89359e-26
5.48066e-26
7.26912e-27
-4.47972e-26
-4.19652e-26
-1.39962e-26
7.56778e-27
1.92971e-26
2.93498e-26
3.64595e-26
3.41785e-26
2.35851e-26
1.21464e-26
4.86957e-27
1.50101e-27
-5.17693e-28
-1.82414e-27
-2.70348e-26
-2.26287e-26
-6.77509e-25
6.0883e-24
-4.08262e-23
-4.70905e-22
3.02367e-21
3.92483e-20
-2.43465e-19
-1.58631e-18
5.51135e-19
-5.8197e-18
-1.03308e-16
-7.05766e-17
-1.12959e-16
-1.30878e-16
9.14694e-16
1.12283e-14
1.22325e-13
2.45966e-12
2.98267e-11
3.95922e-10
2.09584e-09
1.01371e-08
3.27281e-09
-6.50898e-08
-4.7451e-07
-1.80531e-06
-4.67964e-06
-1.02507e-05
-1.95538e-05
-3.48539e-05
-5.7185e-05
-9.08827e-05
-0.000129108
-0.000174445
-0.000205358
-0.000263737
-0.000288795
-0.000291486
-0.000360192
-0.000400878
-0.000370257
-0.000300942
-0.000226093
-0.00015596
-9.85047e-05
-5.78788e-05
-3.17418e-05
-1.56574e-05
-6.72623e-06
-2.54945e-06
-8.5801e-07
-2.53188e-07
-6.82737e-08
-1.89524e-08
-6.15238e-09
-2.48655e-09
-1.23796e-09
-7.43732e-10
-5.36776e-10
-4.66387e-10
-4.80728e-10
-5.86155e-10
-7.19339e-10
-8.11386e-10
-1.05412e-09
-1.88306e-09
-6.05304e-09
-1.41602e-08
-5.13192e-08
-2.05842e-08
1.32272e-08
7.90627e-07
4.15848e-06
1.50475e-05
4.54096e-05
0.000145647
0.000378592
0.00112009
0.00279788
0.00659457
0.0143418
0.023837
0.036429
0.04372
0.0444116
0.0436378
0.0437045
0.0458897
0.049642
0.0495036
0.0392056
0.0253574
0.0131278
0.00495144
0.000572308
-0.00118857
-0.00141953
-0.00114839
-0.000763211
-0.000386929
-3.67269e-05
0.000216669
0.000343944
0.000340581
0.000229907
9.89422e-05
3.92756e-05
1.74988e-05
7.91149e-06
3.08642e-06
1.26747e-06
1.04684e-06
1.64055e-06
2.44185e-06
3.24715e-06
3.88978e-06
4.25844e-06
4.31373e-06
4.37063e-06
4.76509e-06
4.15438e-06
1.37142e-06
-6.05374e-06
-2.21375e-05
-4.78245e-05
-9.61887e-05
-0.000193464
-0.000395539
-0.000820291
-0.00168465
-0.00345515
-0.00728559
-0.0158666
-0.0362097
-0.0810679
-0.171219
-0.327083
-0.543952
-0.764831
-0.871039
-0.830951
-0.694604
-0.5618
-0.48769
0.0838295
-2.14628
)
;

boundaryField
{
    inlet
    {
        type            uniformFixedValue;
        uniformValue    table;
        uniformValueCoeffs
        {
            values          
4
(
(0 1)
(0.15 1)
(0.151 0)
(1 0)
)
;
        }
        value           uniform 0;
    }
    outlet
    {
        type            inletOutlet;
        inletValue      uniform 0;
        value           nonuniform List<scalar> 
200
(
0
0
0
0
0
0
0
0
0
0
0
0
0
0
0
0
0
0
0
0
0
0
0
0
0
0
0
0
0
0
0
0
0
0
0
0
0
0
0
0
0
0
0
0
0
0
0
0
0
0
0
0
0
0
0
0
0
0
0
0
0
0
0
0
0
0
0
0
0
0
0
0
2.98267e-11
3.95922e-10
2.09584e-09
1.01371e-08
3.27281e-09
-6.50898e-08
-4.7451e-07
-1.80531e-06
-4.67964e-06
-1.02507e-05
-1.95538e-05
-3.48539e-05
-5.7185e-05
-9.08827e-05
0
0
0
0
0
0
0
0
0
0
0
0
0
0
0
0
0
0
0
0
0
0
0
0
0
0
0
0
0
0
-7.19339e-10
-8.11386e-10
-1.05412e-09
-1.88306e-09
-6.05304e-09
-1.41602e-08
-5.13192e-08
-2.05842e-08
1.32272e-08
7.90627e-07
4.15848e-06
1.50475e-05
4.54096e-05
0.000145647
0.000378592
0.00112009
0.00279788
0.00659457
0.0143418
0.023837
0.036429
0.04372
0.0444116
0.0436378
0.0437045
0.0458897
0.049642
0
0
0
0
0
0
0
0
0
0
0
0
0
0
0
0
0
0
0
0
0
0
0
1.64055e-06
2.44185e-06
3.24715e-06
3.88978e-06
4.25844e-06
4.31373e-06
4.37063e-06
4.76509e-06
4.15438e-06
1.37142e-06
-6.05374e-06
-2.21375e-05
-4.78245e-05
-9.61887e-05
-0.000193464
-0.000395539
-0.000820291
-0.00168465
-0.00345515
-0.00728559
-0.0158666
-0.0362097
-0.0810679
-0.171219
-0.327083
-0.543952
-0.764831
-0.871039
-0.830951
-0.694604
-0.5618
-0.48769
0.0838295
-2.14628
)
;
    }
    walls
    {
        type            zeroGradient;
    }
    frontAndBack
    {
        type            empty;
    }
}


// ************************************************************************* //
