/*--------------------------------*- C++ -*----------------------------------*\
| =========                 |                                                 |
| \\      /  F ield         | OpenFOAM: The Open Source CFD Toolbox           |
|  \\    /   O peration     | Version:  2506                                  |
|   \\  /    A nd           | Website:  www.openfoam.com                      |
|    \\/     M anipulation  |                                                 |
\*---------------------------------------------------------------------------*/
FoamFile
{
    version     2.0;
    format      ascii;
    arch        "LSB;label=32;scalar=64";
    class       volScalarField;
    location    "4.7";
    object      s;
}
// * * * * * * * * * * * * * * * * * * * * * * * * * * * * * * * * * * * * * //

dimensions      [0 0 0 0 0 0 0];

internalField   nonuniform List<scalar> 
4000
(
3.81969e-20
5.77209e-20
6.99043e-20
7.42933e-20
7.15934e-20
6.1335e-20
4.26384e-20
1.50277e-20
-2.10943e-20
-6.41383e-20
-1.11091e-19
-1.57366e-19
-1.968e-19
-2.21867e-19
-2.24205e-19
-1.95519e-19
-1.28905e-19
-2.05548e-20
1.28273e-19
3.09207e-19
5.04903e-19
6.87675e-19
8.19004e-19
8.5045e-19
7.26652e-19
3.91279e-19
-2.02504e-19
-1.08054e-18
-2.21328e-18
-3.56221e-18
-4.77246e-18
-8.05177e-18
-1.54872e-17
-2.64697e-17
-3.70866e-17
-4.0037e-17
-2.73322e-17
5.16487e-18
6.76058e-17
1.84275e-16
3.86178e-16
6.75616e-16
1.15213e-15
2.27116e-15
4.01818e-15
6.01662e-15
8.91791e-15
1.31376e-14
1.95875e-14
2.94253e-14
4.58327e-14
7.20827e-14
1.21953e-13
2.0988e-13
3.94663e-13
6.67605e-13
1.15793e-12
1.47055e-12
2.5022e-12
2.46715e-12
1.95504e-12
1.11598e-12
4.04778e-13
1.25835e-13
4.44479e-14
1.68653e-14
6.32415e-15
2.40586e-15
9.60252e-16
2.77354e-16
9.52737e-19
-4.77797e-17
-2.57246e-17
-1.87643e-19
1.19085e-17
1.26672e-17
8.17996e-18
3.32522e-18
1.58586e-19
-1.20196e-18
-1.41178e-18
-1.13211e-18
-7.46329e-19
-4.37884e-19
-2.41922e-19
-1.66312e-19
-1.71932e-19
-3.77104e-19
-6.20077e-19
-1.18047e-18
-3.58923e-18
6.85381e-17
6.94443e-18
-1.17596e-16
1.81651e-15
1.44934e-14
6.01959e-14
2.43632e-13
1.04894e-12
4.89628e-12
1.03184e-11
4.8878e-11
2.09381e-10
4.43735e-10
9.74139e-10
1.83132e-09
1.38461e-08
9.92409e-08
3.4733e-07
7.64734e-07
1.49162e-06
2.41454e-06
3.21162e-06
2.78711e-06
1.36213e-06
6.96684e-08
1.16617e-06
2.28394e-06
2.27011e-06
1.97974e-06
1.27982e-06
5.61264e-07
1.6271e-07
1.53562e-08
2.98677e-09
8.75878e-10
1.678e-10
-4.63818e-11
-6.4194e-11
-3.15266e-11
-1.23307e-11
-4.77305e-12
-1.88147e-12
-7.53246e-13
-3.08563e-13
-1.29143e-13
-5.48499e-14
-2.35179e-14
-1.0206e-14
-4.47458e-15
-1.99046e-15
-9.21473e-16
-4.56604e-16
-2.69917e-16
-2.29361e-16
-3.78324e-16
-9.51647e-16
-2.24131e-14
-4.69241e-13
-8.83118e-12
-1.02931e-10
-8.20431e-10
-4.72374e-09
-2.16732e-08
-8.44856e-08
-3.9157e-07
-7.08371e-07
-3.1635e-06
-1.67661e-05
-5.2933e-05
-0.000107733
6.40765e-06
0.000870145
-0.000304834
-0.00549399
-0.0170831
-0.0355462
-0.0596343
-0.0652118
-0.059553
-0.0489763
-0.0375797
-0.0267733
-0.016999
-0.00849071
-0.00366757
-0.00209692
-0.00185161
-0.00214153
-0.00282252
-0.00386699
-0.00522475
-0.00680433
-0.00847325
-0.0100795
-0.0115162
-0.0128837
-0.0149045
-0.0196071
-0.0310632
-0.057535
-0.110621
-0.177492
-0.22457
-0.259333
-0.286025
-0.305363
-0.316886
-0.315708
-0.190062
-8.16765e-20
-7.9367e-21
-8.51553e-21
-5.70662e-21
1.10028e-21
8.61211e-21
1.33964e-20
1.24743e-20
3.93674e-21
-1.23458e-20
-3.40698e-20
-5.60752e-20
-7.03171e-20
-6.63858e-20
-3.27091e-20
4.14514e-20
1.63132e-19
3.31903e-19
5.353e-19
7.43704e-19
9.05194e-19
9.41187e-19
7.44034e-19
1.77925e-19
-9.15191e-19
-2.70336e-18
-5.34462e-18
-8.95668e-18
-1.35926e-17
-1.91387e-17
-2.55366e-17
-2.98469e-17
-2.8925e-17
-2.12682e-17
-8.35804e-18
4.22772e-18
8.57956e-18
1.2087e-18
-1.76215e-17
-5.02058e-17
-1.01774e-16
-1.72243e-16
-3.03948e-16
-6.11257e-16
-5.79501e-16
-2.2903e-16
-1.22428e-16
-6.4417e-17
-3.22281e-17
-1.46727e-17
-4.79982e-18
1.63391e-18
5.97926e-18
1.13842e-17
2.31519e-17
4.53689e-17
9.56055e-17
2.46824e-16
5.72492e-16
6.28643e-13
1.79385e-12
2.77214e-12
2.18928e-12
1.18079e-12
4.38591e-13
1.3282e-13
4.80945e-14
1.87469e-14
7.26322e-15
3.00475e-15
1.21157e-15
3.75949e-16
8.75209e-18
-8.30761e-17
-6.6059e-17
-2.59183e-17
3.80802e-18
1.63538e-17
1.64542e-17
1.13019e-17
5.74508e-18
1.76705e-18
-5.38875e-19
-1.61678e-18
-2.01433e-18
-2.10609e-18
-2.00867e-18
-2.00014e-18
1.71849e-19
4.69213e-18
3.13569e-17
3.88193e-18
-1.80782e-16
6.17523e-16
4.61872e-15
2.77435e-14
1.14844e-13
4.30038e-13
2.03652e-12
6.28456e-12
3.0751e-11
1.40038e-10
2.80335e-10
4.40026e-10
1.02014e-09
8.63177e-09
7.86369e-08
2.40571e-07
3.90787e-07
4.77407e-07
4.3577e-07
-2.32057e-07
-2.15537e-06
-5.55253e-06
-1.05573e-05
-1.62293e-05
-2.10926e-05
-1.98408e-05
-1.24236e-05
-4.24332e-06
-1.27227e-07
5.19798e-07
4.50758e-07
2.63245e-07
1.12818e-07
3.64682e-08
7.53663e-09
-3.31534e-10
-5.83344e-10
-3.93919e-10
-1.80076e-10
-6.02762e-11
-2.16355e-11
-8.95378e-12
-3.8302e-12
-1.61885e-12
-6.73788e-13
-2.78724e-13
-1.16253e-13
-4.96495e-14
-2.23439e-14
-1.12197e-14
-6.64187e-15
-5.12714e-15
-5.6273e-15
-9.44417e-15
-2.34656e-14
-1.41e-13
-2.03339e-12
-2.82004e-11
-2.93454e-10
-1.91786e-09
-9.52774e-09
-4.08467e-08
-1.80951e-07
-4.72347e-07
-2.09502e-06
-1.12103e-05
-3.0136e-05
-4.0593e-05
-1.51557e-05
7.35385e-05
-0.00171452
-0.00784875
-0.0185875
-0.0317315
-0.0436259
-0.052191
-0.0562775
-0.0549276
-0.0503717
-0.0445714
-0.0372631
-0.0288665
-0.0212803
-0.0155031
-0.0121854
-0.0115401
-0.0130217
-0.016424
-0.0218299
-0.0284177
-0.0349876
-0.0403342
-0.0435644
-0.0445249
-0.0442456
-0.0452227
-0.0512746
-0.0667374
-0.0949482
-0.136069
-0.185194
-0.234056
-0.273286
-0.294327
-0.295209
-0.29209
-0.305255
-0.266497
-6.90334e-20
8.98372e-21
-8.4917e-22
-7.17258e-22
3.69556e-22
3.16091e-21
6.15853e-21
6.57661e-21
1.29833e-21
-1.21818e-20
-3.47537e-20
-6.47099e-20
-9.68887e-20
-1.22029e-19
-1.26421e-19
-9.19471e-20
3.40478e-21
1.84477e-19
4.77289e-19
9.06822e-19
1.49433e-18
2.25439e-18
3.19191e-18
4.29951e-18
5.55522e-18
6.92172e-18
8.34676e-18
9.76958e-18
1.11147e-17
1.23374e-17
1.3293e-17
1.43946e-17
1.61513e-17
1.7996e-17
1.78638e-17
1.37275e-17
7.42933e-18
3.77034e-18
6.35189e-18
1.5107e-17
2.86717e-17
4.77611e-17
8.93572e-17
1.55445e-16
1.06383e-16
5.53585e-17
2.74689e-17
1.36147e-17
6.53286e-18
2.82367e-18
7.32539e-19
-6.45495e-19
-1.63653e-18
-3.1894e-18
-6.74821e-18
-1.35266e-17
-3.09824e-17
-3.2399e-17
-2.89911e-16
1.26178e-15
4.4042e-13
1.86617e-12
3.462e-12
3.11193e-12
2.03876e-12
9.3975e-13
3.04304e-13
1.0516e-13
4.25223e-14
1.76314e-14
7.3567e-15
3.18728e-15
1.32594e-15
4.36155e-16
2.75454e-17
-9.42605e-17
-9.09966e-17
-4.98056e-17
-1.08793e-17
1.20638e-17
2.01087e-17
1.95991e-17
1.57616e-17
1.17896e-17
8.87776e-18
7.61124e-18
7.97807e-18
1.00219e-17
1.42918e-17
1.91416e-17
3.64979e-18
-1.30552e-16
3.24231e-17
2.67133e-15
1.36463e-14
7.80129e-14
3.15617e-13
1.34643e-12
5.56541e-12
2.14451e-11
1.20001e-10
3.0919e-10
4.84117e-10
9.38619e-10
6.69331e-09
6.81355e-08
2.287e-07
4.12908e-07
4.98235e-07
5.21217e-07
2.29847e-08
-1.59649e-06
-4.86894e-06
-1.01206e-05
-1.76129e-05
-2.67091e-05
-3.53865e-05
-4.12225e-05
-3.98938e-05
-2.85164e-05
-1.34485e-05
-3.64957e-06
-7.14726e-07
-5.25008e-08
5.18467e-08
4.47333e-08
2.55054e-08
8.77617e-09
1.87899e-09
-3.32033e-10
-5.99284e-10
-3.57093e-10
-1.54413e-10
-5.93677e-11
-2.30392e-11
-9.36651e-12
-3.96167e-12
-1.72897e-12
-7.83368e-13
-3.71239e-13
-1.87178e-13
-1.05478e-13
-7.03615e-14
-6.16094e-14
-7.51475e-14
-1.25605e-13
-3.23294e-13
-9.59589e-13
-1.06512e-11
-1.1687e-10
-1.02998e-09
-6.70915e-09
-2.96237e-08
-1.41143e-07
-4.78984e-07
-1.72768e-06
-1.00328e-05
-2.99683e-05
-4.79524e-05
-4.04101e-05
1.26629e-05
-0.00113814
-0.0084791
-0.0209584
-0.0371582
-0.0541035
-0.0689076
-0.0800945
-0.0865777
-0.0874026
-0.08295
-0.07598
-0.0679323
-0.0598768
-0.0528587
-0.0478672
-0.0456952
-0.0467914
-0.0511269
-0.0581153
-0.0666091
-0.0750348
-0.0816694
-0.0851016
-0.0848536
-0.0820455
-0.079851
-0.0833447
-0.0983399
-0.129129
-0.175731
-0.232015
-0.286067
-0.322867
-0.329697
-0.305336
-0.261633
-0.248614
-0.286025
-0.272972
-3.12816e-20
1.88747e-22
9.0349e-23
-8.38425e-22
-1.26501e-21
-2.64909e-22
3.07824e-21
8.63469e-21
1.51128e-20
1.98781e-20
1.90653e-20
7.85811e-21
-1.91799e-20
-6.77329e-20
-1.43319e-19
-2.50818e-19
-3.93966e-19
-5.74805e-19
-7.93173e-19
-1.04614e-18
-1.32696e-18
-1.62307e-18
-1.91338e-18
-2.16551e-18
-2.33389e-18
-2.35873e-18
-2.16882e-18
-1.68941e-18
-8.60472e-19
3.48925e-19
1.93095e-18
3.40996e-18
4.52421e-18
4.53705e-18
2.53305e-18
-6.22599e-19
-2.51198e-18
-2.5606e-18
-2.80489e-18
-4.7108e-18
-8.11746e-18
-1.38577e-17
-2.57067e-17
-3.58639e-17
-2.45e-17
-1.21132e-17
-5.64238e-18
-2.70683e-18
-1.27459e-18
-5.20676e-19
-7.49032e-20
2.20794e-19
4.90378e-19
9.92176e-19
2.18984e-18
4.50664e-18
1.11036e-17
8.96708e-18
2.56258e-16
-1.08617e-15
-4.05495e-15
4.99538e-13
2.31786e-12
4.52776e-12
4.27137e-12
3.14272e-12
1.67042e-12
6.49863e-13
2.2011e-13
8.6714e-14
3.68553e-14
1.6028e-14
7.11033e-15
3.24169e-15
1.41222e-15
5.00036e-16
5.90711e-17
-9.90138e-17
-1.21565e-16
-8.77023e-17
-4.43491e-17
-1.17222e-17
7.71482e-18
1.71194e-17
2.06473e-17
2.13028e-17
1.99853e-17
1.88466e-17
4.13609e-18
-3.32331e-17
-1.49223e-16
-1.88915e-16
1.29106e-15
9.2552e-15
4.02233e-14
2.18501e-13
8.76734e-13
4.03977e-12
1.5992e-11
9.22236e-11
2.99238e-10
5.01514e-10
8.37663e-10
5.77355e-09
6.02636e-08
2.11884e-07
4.03182e-07
5.02341e-07
4.61293e-07
-1.69536e-09
-1.47048e-06
-4.24923e-06
-8.86237e-06
-1.57928e-05
-2.5537e-05
-3.78532e-05
-5.16025e-05
-6.41168e-05
-7.1953e-05
-6.78915e-05
-5.07793e-05
-2.6795e-05
-9.68872e-06
-2.70237e-06
-7.6431e-07
-2.20947e-07
-6.89604e-08
-2.49935e-08
-1.11769e-08
-5.87897e-09
-3.16363e-09
-1.58418e-09
-7.17029e-10
-2.94221e-10
-1.15138e-10
-4.52982e-11
-1.8437e-11
-7.86013e-12
-3.58473e-12
-1.8007e-12
-1.02913e-12
-6.99623e-13
-5.74975e-13
-5.97151e-13
-7.91518e-13
-1.3307e-12
-2.99006e-12
-7.39874e-12
-5.30296e-11
-4.79856e-10
-3.63148e-09
-2.12548e-08
-1.01159e-07
-4.61775e-07
-1.45023e-06
-8.91071e-06
-2.97216e-05
-5.48081e-05
-5.94208e-05
-2.74895e-05
-0.00139938
-0.0079561
-0.0233799
-0.0414626
-0.0609443
-0.0789882
-0.0936679
-0.104807
-0.112368
-0.115891
-0.115237
-0.112447
-0.108541
-0.104384
-0.100962
-0.0993056
-0.100284
-0.104343
-0.111265
-0.120052
-0.129
-0.136019
-0.139202
-0.137591
-0.13202
-0.125785
-0.124728
-0.136148
-0.1662
-0.21621
-0.279528
-0.341057
-0.381119
-0.384864
-0.350285
-0.285129
-0.220144
-0.208854
-0.269621
-0.265849
1.95309e-20
-2.82099e-21
6.34624e-22
1.74967e-22
-5.7926e-22
-2.01495e-21
-3.48779e-21
-3.89926e-21
-1.76377e-21
4.51157e-21
1.64659e-20
3.55233e-20
6.2833e-20
9.90472e-20
1.43972e-19
1.9635e-19
2.53858e-19
3.13356e-19
3.70497e-19
4.1782e-19
4.41421e-19
4.1593e-19
2.98802e-19
3.03431e-20
-4.50529e-19
-1.17082e-18
-2.07756e-18
-2.99954e-18
-3.63585e-18
-3.62776e-18
-2.68662e-18
-9.29479e-19
6.59809e-19
8.81257e-19
9.77341e-20
-1.75477e-19
3.88342e-19
8.8826e-19
1.10469e-18
1.51537e-18
2.38823e-18
4.1433e-18
6.97641e-18
7.8776e-18
5.11433e-18
2.46092e-18
1.12161e-18
5.33989e-19
2.48224e-19
9.29672e-20
-3.25788e-21
-6.87495e-20
-1.47086e-19
-3.1225e-19
-7.19342e-19
-1.56004e-18
-3.54845e-18
-3.69142e-18
-2.63891e-17
-4.44876e-17
-1.98824e-14
3.2017e-14
7.36644e-13
3.18063e-12
6.20366e-12
5.97992e-12
4.59963e-12
2.70974e-12
1.19741e-12
4.29738e-13
1.68413e-13
7.24626e-14
3.26956e-14
1.52153e-14
7.20032e-15
3.45703e-15
1.59233e-15
6.47122e-16
1.61628e-16
-6.76101e-17
-1.46496e-16
-1.45291e-16
-1.15319e-16
-8.466e-17
-6.28389e-17
-5.31349e-17
-5.70713e-17
-6.87283e-17
-1.13833e-16
-1.78686e-16
-2.55152e-16
4.80344e-16
5.28088e-15
3.3188e-14
1.29492e-13
6.29663e-13
2.64274e-12
1.10941e-11
6.16535e-11
2.57666e-10
4.94633e-10
7.39238e-10
5.61784e-09
5.45049e-08
1.94792e-07
3.84493e-07
4.96915e-07
4.35224e-07
9.21362e-09
-1.17712e-06
-3.32713e-06
-6.72245e-06
-1.18726e-05
-1.94181e-05
-3.00541e-05
-4.41014e-05
-6.13734e-05
-8.05955e-05
-9.9493e-05
-0.000110611
-0.000105172
-8.01058e-05
-4.59069e-05
-1.86975e-05
-5.68807e-06
-1.81166e-06
-6.09196e-07
-2.12958e-07
-8.10504e-08
-3.34954e-08
-1.46249e-08
-6.52643e-09
-2.87093e-09
-1.21755e-09
-5.0304e-10
-2.09639e-10
-9.12994e-11
-4.23922e-11
-2.13036e-11
-1.17636e-11
-7.32003e-12
-5.38479e-12
-4.75646e-12
-5.19983e-12
-6.96421e-12
-1.15481e-11
-2.24123e-11
-5.55732e-11
-2.60177e-10
-1.89401e-09
-1.29028e-08
-6.68751e-08
-3.46826e-07
-1.33997e-06
-7.34743e-06
-2.80089e-05
-5.91626e-05
-7.49664e-05
-6.04482e-05
-0.00155437
-0.00853057
-0.0231733
-0.0444664
-0.0653425
-0.0850966
-0.101787
-0.115004
-0.125795
-0.134997
-0.142567
-0.14786
-0.15193
-0.155118
-0.157804
-0.160609
-0.164313
-0.169601
-0.176714
-0.185169
-0.19366
-0.200251
-0.202899
-0.200244
-0.192538
-0.182491
-0.175644
-0.179724
-0.202373
-0.247276
-0.309932
-0.37564
-0.422634
-0.431591
-0.398506
-0.330184
-0.250313
-0.187422
-0.189931
-0.255641
-0.257096
4.50027e-20
-1.77693e-21
-5.18607e-24
3.06495e-22
7.13754e-22
8.99124e-22
3.69962e-22
-1.37922e-21
-4.81563e-21
-1.0299e-20
-1.80289e-20
-2.7925e-20
-3.95142e-20
-5.19769e-20
-6.46968e-20
-7.7525e-20
-8.97063e-20
-9.57624e-20
-7.92093e-20
-9.02104e-21
1.50805e-19
4.06835e-19
6.8764e-19
8.2431e-19
6.03967e-19
-1.01984e-19
-1.19095e-18
-2.2695e-18
-2.79527e-18
-2.44206e-18
-1.36731e-18
-3.08828e-19
-3.83763e-20
-2.82014e-19
-2.81879e-19
-6.54049e-20
-7.39128e-20
-2.55121e-19
-3.83009e-19
-4.96152e-19
-7.33846e-19
-1.2191e-18
-1.77278e-18
-1.69014e-18
-1.03199e-18
-4.883e-19
-2.2233e-19
-1.05895e-19
-4.81324e-20
-1.55141e-20
5.39025e-21
2.08638e-20
4.48448e-20
9.97836e-20
2.39091e-19
5.47403e-19
1.42352e-18
2.64365e-18
-2.43919e-18
4.80915e-18
-3.13227e-15
-2.45651e-15
1.49213e-13
1.28077e-12
4.67321e-12
9.00103e-12
8.82626e-12
6.98765e-12
4.3673e-12
2.07375e-12
8.00308e-13
3.27086e-13
1.45001e-13
6.67458e-14
3.16813e-14
1.55893e-14
7.87297e-15
4.05045e-15
2.07361e-15
1.01158e-15
4.09617e-16
7.78582e-17
-8.63683e-17
-1.60989e-16
-1.87845e-16
-1.93187e-16
-1.93018e-16
-1.84105e-16
-1.43233e-16
1.23259e-17
4.62843e-16
3.57326e-15
1.86415e-14
1.07247e-13
4.64519e-13
2.00192e-12
7.87968e-12
3.79135e-11
1.92831e-10
4.60336e-10
7.13564e-10
5.91055e-09
5.05824e-08
1.78413e-07
3.60792e-07
4.81236e-07
4.1492e-07
3.16703e-08
-9.07769e-07
-2.48655e-06
-4.806e-06
-8.1268e-06
-1.29103e-05
-1.98957e-05
-2.9881e-05
-4.36672e-05
-6.19992e-05
-8.52539e-05
-0.000113258
-0.000142059
-0.000160387
-0.000153511
-0.000119647
-7.24454e-05
-3.19233e-05
-1.01362e-05
-3.28981e-06
-1.17223e-06
-4.26358e-07
-1.62093e-07
-6.48287e-08
-2.67129e-08
-1.11227e-08
-4.62248e-09
-1.91469e-09
-8.02981e-10
-3.53555e-10
-1.70174e-10
-9.25695e-11
-5.78012e-11
-4.15745e-11
-3.50412e-11
-3.42002e-11
-3.93749e-11
-5.29482e-11
-8.53838e-11
-1.53488e-10
-3.49138e-10
-1.37468e-09
-7.62315e-09
-4.4306e-08
-2.31917e-07
-9.87294e-07
-5.30303e-06
-2.45295e-05
-5.80344e-05
-8.93662e-05
-8.57724e-05
-0.00168275
-0.00904828
-0.0241023
-0.0447745
-0.0681726
-0.0881865
-0.105187
-0.118378
-0.12908
-0.139032
-0.149766
-0.161898
-0.174554
-0.187488
-0.200077
-0.211874
-0.222786
-0.233066
-0.243027
-0.252655
-0.261312
-0.267694
-0.270139
-0.267271
-0.258873
-0.246762
-0.235389
-0.231709
-0.243712
-0.277157
-0.331111
-0.394514
-0.446982
-0.466228
-0.442418
-0.378028
-0.295304
-0.220711
-0.176176
-0.188222
-0.245744
-0.245524
8.58125e-21
5.59606e-22
-2.00528e-22
-2.28033e-22
-2.04211e-22
1.11584e-22
8.69532e-22
2.17845e-21
4.08181e-21
6.5279e-21
9.35767e-21
1.23651e-20
1.54327e-20
1.84731e-20
2.01742e-20
1.57417e-20
-4.19868e-21
-4.79168e-20
-1.06225e-19
-1.33773e-19
-6.24162e-20
1.29644e-19
3.41669e-19
3.66653e-19
3.61754e-20
-6.02423e-19
-1.24621e-18
-1.53488e-18
-1.35586e-18
-9.36753e-19
-6.05559e-19
-4.8141e-19
-3.69679e-19
-1.34818e-19
3.99161e-20
4.72288e-20
3.08677e-20
7.39481e-20
1.23997e-19
1.62761e-19
2.28285e-19
3.43094e-19
4.26991e-19
3.58279e-19
2.07079e-19
9.67759e-20
4.42316e-20
2.10225e-20
9.1961e-21
2.26033e-21
-2.31433e-21
-6.25278e-21
-1.38033e-20
-3.20466e-20
-8.0091e-20
-1.88312e-19
-4.84686e-19
-1.0658e-18
-4.7554e-18
-2.1428e-17
-5.51536e-17
-7.15744e-15
2.99046e-14
4.61012e-13
2.58453e-12
7.81973e-12
1.22062e-11
1.31292e-11
1.09279e-11
7.21585e-12
3.69541e-12
1.52815e-12
6.27693e-13
2.81575e-13
1.35056e-13
6.73023e-14
3.46183e-14
1.84047e-14
1.01037e-14
5.6782e-15
3.28982e-15
1.94052e-15
1.15976e-15
7.17319e-16
4.61571e-16
3.48423e-16
3.5763e-16
5.45197e-16
8.55582e-16
1.66495e-15
3.79061e-15
1.58208e-14
7.40136e-14
3.31937e-13
1.63234e-12
6.63582e-12
2.68769e-11
1.41323e-10
4.10011e-10
7.15973e-10
6.09462e-09
4.80203e-08
1.63655e-07
3.34266e-07
4.57524e-07
3.92144e-07
5.0309e-08
-6.94288e-07
-1.82902e-06
-3.33646e-06
-5.26265e-06
-7.86581e-06
-1.15297e-05
-1.69683e-05
-2.49374e-05
-3.64876e-05
-5.30174e-05
-7.60636e-05
-0.000107834
-0.000149592
-0.000194882
-0.000223789
-0.000217
-0.000171936
-0.000109198
-5.11615e-05
-1.75249e-05
-5.65911e-06
-2.04282e-06
-7.52253e-07
-2.83185e-07
-1.11113e-07
-4.49893e-08
-1.85765e-08
-7.8405e-09
-3.44452e-09
-1.6211e-09
-8.40899e-10
-4.93728e-10
-3.32442e-10
-2.56522e-10
-2.29216e-10
-2.32723e-10
-2.71647e-10
-3.60889e-10
-5.59875e-10
-9.63734e-10
-2.02168e-09
-7.07909e-09
-3.35966e-08
-1.62629e-07
-7.61386e-07
-3.16252e-06
-1.97074e-05
-5.19989e-05
-9.69786e-05
-0.00011375
-0.00178353
-0.00945837
-0.0249916
-0.0457787
-0.0684914
-0.0893008
-0.104939
-0.116854
-0.125147
-0.132499
-0.140602
-0.151816
-0.167729
-0.187623
-0.209891
-0.232803
-0.254782
-0.274652
-0.291804
-0.306089
-0.317431
-0.325359
-0.329014
-0.327532
-0.3207
-0.30965
-0.297477
-0.289508
-0.292692
-0.313511
-0.354192
-0.40858
-0.460739
-0.489093
-0.47869
-0.4272
-0.344949
-0.264133
-0.203741
-0.174479
-0.189296
-0.240495
-0.214024
-2.42107e-20
7.80288e-22
8.72996e-23
4.90426e-23
-7.89533e-23
-3.42916e-22
-7.65078e-22
-1.34027e-21
-2.03085e-21
-2.77729e-21
-3.51774e-21
-4.12521e-21
-4.10106e-21
-2.10845e-21
3.76688e-21
1.35202e-20
2.12456e-20
1.55425e-20
-8.35492e-21
-2.83229e-20
-6.76486e-21
5.34169e-20
7.48144e-20
-3.50403e-20
-2.75991e-19
-5.28186e-19
-6.55032e-19
-6.2299e-19
-4.95827e-19
-3.43095e-19
-1.89284e-19
-2.837e-20
7.88324e-20
7.2939e-20
1.44744e-20
-1.15803e-20
-1.19605e-20
-2.18997e-20
-3.82264e-20
-5.17792e-20
-6.88487e-20
-9.13973e-20
-9.86023e-20
-7.49669e-20
-4.14419e-20
-1.91872e-20
-8.80388e-21
-4.15398e-21
-1.71011e-21
-2.26455e-22
7.94833e-22
1.87023e-21
4.2801e-21
1.03091e-20
2.69678e-20
6.51355e-20
2.32009e-19
6.35795e-19
-1.26888e-18
-1.55371e-17
3.3066e-18
7.46424e-17
-2.1378e-14
1.7025e-13
1.37604e-12
5.91713e-12
1.34653e-11
1.97078e-11
2.08722e-11
1.73525e-11
1.16929e-11
6.26099e-12
2.7949e-12
1.2317e-12
5.78188e-13
2.9002e-13
1.52136e-13
8.24646e-14
4.60425e-14
2.65406e-14
1.5906e-14
1.00203e-14
6.65998e-15
4.7486e-15
3.70393e-15
3.25774e-15
3.28566e-15
3.93793e-15
5.22024e-15
8.7691e-15
1.80568e-14
6.93643e-14
2.90969e-13
1.21922e-12
5.06145e-12
2.32292e-11
1.12763e-10
3.54564e-10
7.14622e-10
6.02207e-09
4.58087e-08
1.51742e-07
3.06899e-07
4.27677e-07
3.62775e-07
5.80063e-08
-5.40754e-07
-1.35891e-06
-2.30004e-06
-3.33324e-06
-4.52122e-06
-6.10645e-06
-8.36068e-06
-1.18425e-05
-1.71339e-05
-2.5268e-05
-3.77069e-05
-5.65485e-05
-8.52528e-05
-0.0001298
-0.000192363
-0.000260635
-0.000305655
-0.000298452
-0.00024213
-0.000159381
-7.9687e-05
-2.9579e-05
-9.39364e-06
-3.34736e-06
-1.24021e-06
-4.6687e-07
-1.81768e-07
-7.34808e-08
-3.11495e-08
-1.40518e-08
-6.92016e-09
-3.83368e-09
-2.44213e-09
-1.78927e-09
-1.48496e-09
-1.39771e-09
-1.46068e-09
-1.71246e-09
-2.24205e-09
-3.35097e-09
-5.58174e-09
-1.13506e-08
-3.5819e-08
-1.53979e-07
-6.65669e-07
-2.43995e-06
-1.45257e-05
-4.78792e-05
-9.51023e-05
-0.000148312
-0.00205401
-0.00976468
-0.025656
-0.0464734
-0.0688697
-0.0883552
-0.102856
-0.111639
-0.116744
-0.120379
-0.122219
-0.126709
-0.13675
-0.154564
-0.179908
-0.210203
-0.242804
-0.274897
-0.304144
-0.329517
-0.349154
-0.3587
-0.363709
-0.364958
-0.362784
-0.357105
-0.349246
-0.342603
-0.342432
-0.354636
-0.383047
-0.425709
-0.472011
-0.503553
-0.503127
-0.470928
-0.398925
-0.313446
-0.243238
-0.19734
-0.17458
-0.192566
-0.231151
-0.143357
4.95023e-21
-3.57142e-22
5.88323e-24
3.76644e-23
1.2026e-22
2.44041e-22
4.05099e-22
5.88686e-22
7.72534e-22
9.21607e-22
9.4163e-22
5.83007e-22
-5.46161e-22
-2.52524e-21
-4.28777e-21
-3.60399e-21
7.93167e-22
6.83096e-21
1.13626e-20
1.61499e-20
2.66948e-20
3.85649e-20
3.25158e-20
-3.61998e-21
-5.31978e-20
-8.16775e-20
-6.70878e-20
-1.53936e-20
4.63202e-20
8.50864e-20
8.49825e-20
4.815e-20
9.3158e-22
-1.82146e-20
-9.10302e-21
1.1456e-21
3.54768e-21
6.21045e-21
1.10774e-20
1.54725e-20
1.95641e-20
2.30392e-20
2.19887e-20
1.5442e-20
8.23726e-21
3.79251e-21
1.74794e-21
8.13498e-22
3.04568e-22
-1.41833e-23
-2.50684e-22
-5.60997e-22
-1.33327e-21
-3.31526e-21
-9.05153e-21
-2.37615e-20
-9.98198e-20
-1.39041e-19
3.93322e-19
-1.95186e-18
1.90017e-19
3.07238e-16
2.50015e-15
-2.37036e-14
4.90013e-13
3.3671e-12
1.25815e-11
2.44529e-11
3.48259e-11
3.59689e-11
2.97051e-11
2.00686e-11
1.10052e-11
5.31615e-12
2.56246e-12
1.28006e-12
6.67464e-13
3.62454e-13
2.04133e-13
1.19335e-13
7.28322e-14
4.68178e-14
3.18417e-14
2.32796e-14
1.84652e-14
1.6345e-14
1.63567e-14
1.90064e-14
2.46745e-14
4.00366e-14
8.44469e-14
3.0785e-13
1.15465e-12
4.92108e-12
1.69867e-11
9.53309e-11
3.26079e-10
6.70608e-10
5.59305e-09
4.38958e-08
1.4176e-07
2.81777e-07
3.93405e-07
3.28066e-07
5.06933e-08
-4.3808e-07
-1.04092e-06
-1.6183e-06
-2.10493e-06
-2.53618e-06
-3.00874e-06
-3.70271e-06
-4.76225e-06
-6.52498e-06
-9.34978e-06
-1.40207e-05
-2.15878e-05
-3.41059e-05
-5.46098e-05
-9.11778e-05
-0.000153098
-0.000244
-0.000343536
-0.000415477
-0.000403081
-0.000330901
-0.000224226
-0.000119423
-4.78359e-05
-1.53262e-05
-5.40492e-06
-2.01273e-06
-7.67384e-07
-3.08623e-07
-1.32124e-07
-6.10905e-08
-3.14565e-08
-1.84663e-08
-1.24878e-08
-9.65642e-09
-8.3654e-09
-8.09885e-09
-8.57731e-09
-1.00167e-08
-1.29214e-08
-1.87328e-08
-3.06018e-08
-6.12821e-08
-1.90317e-07
-7.09102e-07
-2.44955e-06
-1.17796e-05
-4.46283e-05
-9.00716e-05
-0.000207619
-0.0023789
-0.0103831
-0.0258662
-0.0469028
-0.0680956
-0.087301
-0.0986061
-0.106615
-0.10574
-0.102085
-0.0972227
-0.0947874
-0.0964213
-0.104525
-0.121789
-0.149044
-0.183885
-0.223646
-0.264782
-0.30326
-0.335255
-0.357924
-0.370653
-0.375017
-0.375882
-0.376377
-0.37598
-0.37584
-0.379145
-0.389634
-0.410757
-0.44367
-0.482824
-0.512868
-0.516227
-0.500094
-0.448745
-0.369381
-0.289156
-0.231407
-0.196146
-0.174883
-0.195608
-0.21545
-0.0436321
1.297e-21
-6.90185e-23
-3.53918e-23
-4.69249e-23
-7.88212e-23
-1.20297e-22
-1.66039e-22
-2.07486e-22
-2.29624e-22
-1.96172e-22
-3.17192e-23
3.37657e-22
8.12202e-22
9.35577e-22
1.11942e-22
-1.62229e-21
-3.10325e-21
-2.72546e-21
7.17141e-22
8.588e-21
2.25086e-20
4.16773e-20
6.12016e-20
7.58663e-20
8.41349e-20
8.58676e-20
7.83271e-20
5.82337e-20
2.82854e-20
-7.33137e-22
-1.72868e-20
-1.68092e-20
-5.49795e-21
2.96308e-21
3.0227e-21
3.24231e-22
-8.344e-22
-1.61288e-21
-2.96692e-21
-4.26602e-21
-5.17856e-21
-5.51212e-21
-4.75428e-21
-3.12763e-21
-1.62208e-21
-7.46102e-22
-3.45566e-22
-1.57126e-22
-5.04262e-23
1.85224e-23
7.6153e-23
1.69105e-22
4.16419e-22
1.06419e-21
3.02175e-21
9.24831e-21
3.43105e-20
2.13186e-20
2.92949e-19
1.29228e-18
-6.9772e-18
-4.19837e-18
1.36057e-15
1.46372e-14
2.86198e-14
1.06379e-12
7.0031e-12
2.35794e-11
4.40791e-11
6.844e-11
6.86664e-11
5.59985e-11
3.79616e-11
2.15006e-11
1.09073e-11
5.56032e-12
2.91033e-12
1.58042e-12
8.98706e-13
5.33854e-13
3.30967e-13
2.15346e-13
1.47859e-13
1.08838e-13
8.66677e-14
7.64763e-14
7.59011e-14
8.60528e-14
1.12411e-13
1.78321e-13
4.14383e-13
1.34126e-12
5.0781e-12
1.7198e-11
8.82079e-11
2.811e-10
7.18034e-10
5.05874e-09
4.25195e-08
1.34545e-07
2.57982e-07
3.58889e-07
2.92361e-07
3.35004e-08
-3.74799e-07
-8.3843e-07
-1.18815e-06
-1.36591e-06
-1.41361e-06
-1.4216e-06
-1.4753e-06
-1.65805e-06
-2.01233e-06
-2.68594e-06
-3.8484e-06
-5.94033e-06
-9.51275e-06
-1.59634e-05
-2.72279e-05
-4.97037e-05
-9.51502e-05
-0.000179743
-0.000309324
-0.00044113
-0.000584136
-0.000554644
-0.000455763
-0.000315575
-0.000177132
-7.56646e-05
-2.47292e-05
-8.74661e-06
-3.38462e-06
-1.34911e-06
-5.77292e-07
-2.73832e-07
-1.4649e-07
-8.96904e-08
-6.32302e-08
-5.07334e-08
-4.52095e-08
-4.45065e-08
-4.74219e-08
-5.50228e-08
-7.01215e-08
-9.98984e-08
-1.62655e-07
-3.3742e-07
-9.8166e-07
-3.17664e-06
-1.1318e-05
-4.42678e-05
-9.47067e-05
-0.000341451
-0.00276398
-0.0111759
-0.0261653
-0.0466594
-0.0672614
-0.0835528
-0.0950035
-0.0974501
-0.0910139
-0.0813909
-0.071277
-0.0627766
-0.0582352
-0.0580896
-0.0638335
-0.0778979
-0.102197
-0.135774
-0.177188
-0.2233
-0.269275
-0.309806
-0.341226
-0.36104
-0.368985
-0.37198
-0.374191
-0.379263
-0.388624
-0.403372
-0.424837
-0.453243
-0.486406
-0.51541
-0.520492
-0.513984
-0.484535
-0.422265
-0.343501
-0.27194
-0.224521
-0.195173
-0.173782
-0.195424
-0.195565
0.0530001
-2.90434e-22
1.26395e-22
3.00446e-23
2.99803e-23
3.77531e-23
4.75107e-23
5.56814e-23
5.70769e-23
4.10936e-23
-1.09687e-23
-1.09942e-22
-2.08627e-22
-1.6608e-22
1.45898e-22
5.78496e-22
6.01015e-22
-2.96061e-22
-1.94997e-21
-3.27818e-21
-2.59829e-21
1.53403e-21
8.82429e-21
1.61889e-20
1.91228e-20
1.49236e-20
4.93233e-21
-5.88747e-21
-1.18632e-20
-1.04547e-20
-4.0695e-21
2.17573e-21
4.28445e-21
2.32342e-21
-2.09164e-22
-7.97656e-22
-2.31062e-22
1.54289e-22
3.76837e-22
7.27777e-22
1.07996e-21
1.27566e-21
1.2562e-21
9.99177e-22
6.23091e-22
3.16399e-22
1.46062e-22
6.79025e-23
2.9719e-23
7.22774e-24
-7.89104e-24
-2.27704e-23
-5.12452e-23
-1.30175e-22
-3.40913e-22
-1.02028e-21
-3.63685e-21
-1.03548e-20
-1.68491e-20
-1.08874e-19
1.0207e-18
2.788e-18
-4.3521e-17
7.17374e-17
4.21957e-15
2.35509e-17
2.73267e-14
1.77255e-12
1.20324e-11
3.94499e-11
7.77912e-11
1.29739e-10
1.262e-10
1.04937e-10
7.44576e-11
4.42444e-11
2.3076e-11
1.22902e-11
6.92433e-12
4.02918e-12
2.40812e-12
1.49735e-12
9.78931e-13
6.76038e-13
4.99394e-13
3.97771e-13
3.49039e-13
3.42899e-13
3.80485e-13
5.04785e-13
8.12283e-13
2.07225e-12
6.11004e-12
2.15152e-11
8.227e-11
3.07731e-10
6.18079e-10
4.35128e-09
4.16886e-08
1.31002e-07
2.36881e-07
3.22007e-07
2.57338e-07
4.44362e-09
-3.40881e-07
-6.90613e-07
-9.664e-07
-9.32703e-07
-8.05667e-07
-6.51956e-07
-5.37208e-07
-4.9035e-07
-5.17485e-07
-6.15638e-07
-8.22582e-07
-1.19339e-06
-1.88827e-06
-3.14226e-06
-5.52892e-06
-1.00591e-05
-1.96841e-05
-4.31218e-05
-9.9347e-05
-0.000214187
-0.000386304
-0.000570185
-0.00076665
-0.000735336
-0.000616135
-0.000440693
-0.000261999
-0.000120211
-4.19965e-05
-1.49616e-05
-6.1121e-06
-2.67853e-06
-1.28086e-06
-6.9599e-07
-4.36812e-07
-3.16102e-07
-2.5943e-07
-2.35046e-07
-2.33379e-07
-2.4911e-07
-2.87246e-07
-3.63782e-07
-5.16028e-07
-8.62751e-07
-1.83411e-06
-4.92061e-06
-1.51039e-05
-5.31523e-05
-0.000118061
-0.000565227
-0.00332447
-0.0118836
-0.0268258
-0.045485
-0.066372
-0.0793384
-0.0885772
-0.0859037
-0.0766932
-0.0622905
-0.0490265
-0.0381282
-0.0304396
-0.0265633
-0.025946
-0.0291876
-0.0380834
-0.0551173
-0.0811275
-0.116556
-0.159889
-0.207093
-0.252548
-0.291138
-0.319694
-0.337679
-0.348212
-0.355731
-0.366247
-0.383462
-0.4084
-0.439869
-0.474378
-0.505438
-0.519656
-0.517545
-0.502297
-0.460172
-0.395341
-0.322208
-0.259384
-0.218545
-0.191049
-0.168968
-0.193063
-0.169743
0.140626
-1.95582e-22
-6.37458e-23
-1.67117e-23
-1.40938e-23
-1.46068e-23
-1.54657e-23
-1.46545e-23
-9.35751e-24
4.73371e-24
2.92675e-23
5.05156e-23
3.18184e-23
-5.2648e-23
-1.41923e-22
-7.88108e-23
2.12057e-22
4.85051e-22
2.21909e-22
-9.47424e-22
-2.85963e-21
-4.89367e-21
-6.47227e-21
-7.46499e-21
-7.92836e-21
-7.51979e-21
-5.65765e-21
-2.49798e-21
6.03661e-22
2.04849e-21
1.46092e-21
-3.73654e-23
-9.53568e-22
-7.22665e-22
-7.67465e-23
1.85369e-22
8.8761e-23
-1.88305e-23
-7.84027e-23
-1.62955e-22
-2.51523e-22
-2.93556e-22
-2.73687e-22
-2.04554e-22
-1.2224e-22
-6.11781e-23
-2.84444e-23
-1.32206e-23
-5.44329e-24
-6.80701e-25
2.717e-24
6.77529e-24
1.56073e-23
4.06447e-23
1.09416e-22
3.57417e-22
1.3541e-21
2.78819e-21
9.31749e-21
-4.00298e-20
-5.3802e-19
2.78771e-18
1.47281e-17
-2.01487e-16
-1.67467e-15
-2.25805e-15
-6.3749e-14
1.2832e-13
2.18393e-12
1.65291e-11
6.11281e-11
1.31327e-10
1.87337e-10
2.05795e-10
1.84708e-10
1.43264e-10
9.4911e-11
5.53129e-11
3.04682e-11
1.7496e-11
1.06028e-11
6.68836e-12
4.40131e-12
3.04703e-12
2.25094e-12
1.7887e-12
1.55759e-12
1.50973e-12
1.65215e-12
2.24699e-12
3.90937e-12
1.03134e-11
2.88867e-11
9.84757e-11
3.48825e-10
7.71924e-10
5.64417e-09
3.83952e-08
1.30595e-07
2.204e-07
2.8341e-07
2.13949e-07
-2.00561e-08
-3.41337e-07
-5.76727e-07
-7.63368e-07
-6.72851e-07
-4.84766e-07
-3.00173e-07
-1.84943e-07
-1.39449e-07
-1.30972e-07
-1.43931e-07
-1.76231e-07
-2.41092e-07
-3.57231e-07
-5.72865e-07
-9.66744e-07
-1.66881e-06
-2.92246e-06
-5.44617e-06
-1.24427e-05
-3.63814e-05
-0.000105339
-0.000258055
-0.000475662
-0.000723567
-0.000977344
-0.000950241
-0.00081689
-0.00060836
-0.00038441
-0.000193211
-7.64641e-05
-2.84032e-05
-1.23458e-05
-6.04636e-06
-3.33546e-06
-2.12274e-06
-1.55764e-06
-1.29324e-06
-1.18101e-06
-1.17608e-06
-1.25496e-06
-1.44162e-06
-1.82924e-06
-2.63269e-06
-4.57019e-06
-9.58458e-06
-2.58049e-05
-7.24447e-05
-0.000173255
-0.00085773
-0.0041185
-0.0126444
-0.0272097
-0.0448694
-0.062617
-0.0768127
-0.07955
-0.0737
-0.0619209
-0.0471849
-0.0324089
-0.0214759
-0.0141594
-0.00996167
-0.00820186
-0.00804995
-0.00949964
-0.0136184
-0.0225294
-0.038227
-0.062686
-0.0962903
-0.136793
-0.179509
-0.218917
-0.250891
-0.274307
-0.291334
-0.306501
-0.325184
-0.351408
-0.386152
-0.426885
-0.467674
-0.499454
-0.511691
-0.504881
-0.477977
-0.431004
-0.369583
-0.304577
-0.248801
-0.210681
-0.182082
-0.159099
-0.185503
-0.137379
0.25918
1.03592e-22
1.48964e-23
7.11281e-24
5.25061e-24
4.62225e-24
3.9565e-24
2.34944e-24
-1.21159e-24
-7.13603e-24
-1.23309e-23
-8.00278e-24
1.24729e-23
3.36028e-23
1.46396e-23
-5.98808e-23
-1.16862e-22
-4.17781e-23
1.49209e-22
2.27702e-22
-5.76839e-23
-6.86529e-22
-1.29858e-21
-1.44913e-21
-9.66112e-22
-1.11469e-22
5.74396e-22
6.66699e-22
2.21455e-22
-2.66089e-22
-3.56052e-22
-7.88316e-23
1.96558e-22
1.98356e-22
4.68829e-23
-3.93426e-23
-2.78004e-23
-6.94802e-25
1.42194e-23
3.31959e-23
5.41062e-23
6.34445e-23
5.72111e-23
4.08823e-23
2.3652e-23
1.17348e-23
5.50324e-24
2.53834e-24
9.47356e-25
-6.6872e-26
-8.59936e-25
-2.0177e-24
-4.77073e-24
-1.26567e-23
-3.54472e-23
-1.30246e-22
-4.61615e-22
-6.96171e-22
-3.25731e-21
2.84566e-20
3.55954e-20
-1.56685e-18
6.67145e-19
7.54679e-17
-1.51109e-16
-1.64503e-15
-3.04382e-14
1.84561e-13
-2.86389e-13
1.28804e-12
2.0595e-11
8.80244e-11
1.89789e-10
2.72956e-10
3.47875e-10
3.31801e-10
2.73455e-10
1.99881e-10
1.30498e-10
7.83849e-11
4.6228e-11
2.88436e-11
1.91513e-11
1.34046e-11
9.92937e-12
7.8548e-12
6.75537e-12
6.43498e-12
7.07516e-12
1.0094e-11
1.98516e-11
5.02444e-11
1.41745e-10
4.6234e-10
1.05e-09
7.91298e-09
3.84482e-08
1.25224e-07
2.08785e-07
2.45349e-07
1.59716e-07
-5.19561e-08
-3.32348e-07
-5.18142e-07
-5.86763e-07
-4.70712e-07
-2.7978e-07
-1.34551e-07
-6.61741e-08
-4.33485e-08
-3.5722e-08
-3.47582e-08
-3.90788e-08
-4.9108e-08
-6.91129e-08
-1.05329e-07
-1.73234e-07
-2.9777e-07
-5.23532e-07
-8.26348e-07
-1.4081e-06
-2.1277e-06
-6.90827e-06
-2.9157e-05
-0.000115141
-0.000303778
-0.000576687
-0.000897744
-0.00121795
-0.00121142
-0.00107312
-0.000834065
-0.000560418
-0.000313093
-0.000143003
-5.83177e-05
-2.77126e-05
-1.56451e-05
-1.01564e-05
-7.52112e-06
-6.27424e-06
-5.74626e-06
-5.72461e-06
-6.11099e-06
-7.02702e-06
-9.03734e-06
-1.33693e-05
-2.37176e-05
-5.10328e-05
-0.000121536
-0.000298491
-0.00131483
-0.00506304
-0.0137985
-0.0273433
-0.0440525
-0.0587247
-0.0709758
-0.0697988
-0.0611939
-0.0476511
-0.0333694
-0.0206055
-0.0111792
-0.00595432
-0.00354483
-0.00258214
-0.00229129
-0.00237569
-0.00291246
-0.00426981
-0.0075081
-0.0146163
-0.0278038
-0.0486635
-0.0769313
-0.109872
-0.143035
-0.172232
-0.195638
-0.214771
-0.233889
-0.258108
-0.291233
-0.333924
-0.382804
-0.430538
-0.46717
-0.482841
-0.47406
-0.444118
-0.399024
-0.345222
-0.289101
-0.238087
-0.199486
-0.167893
-0.143611
-0.17132
-0.0978958
0.349394
-2.36697e-23
1.66624e-24
-2.29293e-24
-1.52428e-24
-1.11803e-24
-6.1497e-25
2.6859e-25
1.67425e-24
3.04131e-24
2.41787e-24
-2.20619e-24
-8.05866e-24
-5.09996e-24
1.31962e-23
3.23597e-23
2.61135e-23
1.65717e-24
1.85493e-23
1.27542e-22
3.00425e-22
4.56443e-22
5.4492e-22
5.625e-22
5.02911e-22
3.47816e-22
1.31027e-22
-3.58344e-23
-5.97924e-23
1.99443e-23
7.20053e-23
3.18854e-23
-3.87431e-23
-5.13184e-23
-1.74069e-23
7.66828e-24
7.82268e-24
1.43353e-24
-2.10181e-24
-6.08701e-24
-1.07751e-23
-1.2944e-23
-1.15171e-23
-7.99605e-24
-4.5215e-24
-2.23374e-24
-1.05523e-24
-4.77294e-25
-1.5087e-25
6.73642e-26
2.61909e-25
6.03471e-25
1.46002e-24
3.93726e-24
1.16432e-23
4.78088e-23
1.43638e-22
1.64683e-22
7.11404e-22
-5.10577e-21
3.89893e-20
1.15276e-19
-1.81995e-18
7.85776e-19
2.77739e-16
4.75798e-16
2.23334e-15
6.54832e-15
-5.26329e-14
-7.32422e-13
2.95704e-14
2.29704e-11
1.07888e-10
2.36895e-10
3.67408e-10
4.5885e-10
5.03049e-10
4.63688e-10
3.80557e-10
2.8556e-10
1.98134e-10
1.31181e-10
8.57456e-11
5.80282e-11
4.21216e-11
3.29006e-11
2.78336e-11
2.62617e-11
3.031e-11
4.64048e-11
1.02431e-10
2.38235e-10
7.292e-10
1.52698e-09
1.0217e-08
4.25219e-08
1.15433e-07
2.01382e-07
2.01397e-07
1.0217e-07
-1.02977e-07
-3.09806e-07
-4.65091e-07
-4.29758e-07
-3.00974e-07
-1.51105e-07
-5.95525e-08
-2.65294e-08
-1.50982e-08
-1.04258e-08
-8.71664e-09
-8.62636e-09
-9.91604e-09
-1.28268e-08
-1.86684e-08
-2.94853e-08
-5.01848e-08
-8.94246e-08
-1.59435e-07
-2.52445e-07
-3.97375e-07
-6.04842e-07
-1.2788e-06
-3.52998e-06
-2.6893e-05
-0.000124543
-0.000350084
-0.000680547
-0.00110028
-0.00140294
-0.00152384
-0.00140755
-0.00114626
-0.000823001
-0.000515305
-0.000276749
-0.000135054
-7.30368e-05
-4.71315e-05
-3.51279e-05
-2.94591e-05
-2.70662e-05
-2.70039e-05
-2.89343e-05
-3.35432e-05
-4.40917e-05
-6.69623e-05
-0.000121786
-0.000239823
-0.00060912
-0.00203972
-0.00628946
-0.0151222
-0.0275327
-0.0429239
-0.0546695
-0.0633151
-0.0601725
-0.0501523
-0.0358435
-0.0221793
-0.011881
-0.00554817
-0.00258715
-0.00147058
-0.000975568
-0.000739934
-0.000670976
-0.000714842
-0.000904473
-0.00136719
-0.00248018
-0.00502159
-0.0104412
-0.0204307
-0.0359531
-0.0562695
-0.0788517
-0.100538
-0.119386
-0.136111
-0.154195
-0.178496
-0.213053
-0.258921
-0.312776
-0.36676
-0.409985
-0.431966
-0.428077
-0.402807
-0.365235
-0.321769
-0.274302
-0.225884
-0.184532
-0.148942
-0.122918
-0.149939
-0.0551052
0.366917
3.3024e-24
-2.61108e-24
4.32051e-25
2.93607e-25
1.43587e-25
-7.37007e-26
-3.98511e-25
-7.51202e-25
-7.43488e-25
1.982e-25
1.82011e-24
1.91949e-24
-2.07905e-24
-8.52071e-24
-1.10172e-23
-7.56306e-24
-6.89955e-24
-1.54225e-23
-2.03641e-23
-2.20844e-24
3.51128e-23
6.17061e-23
5.22741e-23
1.21348e-23
-2.67028e-23
-3.45426e-23
-1.34827e-23
5.10836e-24
8.112e-27
-1.30738e-23
-9.18199e-24
7.46229e-24
1.2948e-23
5.53674e-24
-1.33598e-24
-2.05984e-24
-6.19753e-25
1.85402e-25
9.71316e-25
1.98043e-24
2.50229e-24
2.24114e-24
1.53479e-24
8.55626e-25
4.21847e-25
1.99777e-25
8.70042e-26
1.98964e-26
-2.79592e-26
-7.83519e-26
-1.81445e-25
-4.46171e-25
-1.23011e-24
-3.85368e-24
-1.69404e-23
-4.13973e-23
-3.61338e-23
-3.92639e-23
-5.9642e-22
-1.09096e-20
1.51828e-19
4.17469e-19
-9.18621e-18
-9.33552e-17
1.61433e-16
-2.13921e-16
-4.17678e-15
-5.82374e-15
-7.22554e-14
-5.49702e-13
-1.54527e-12
2.10349e-11
1.00541e-10
2.46893e-10
4.27422e-10
5.65932e-10
7.0404e-10
6.85979e-10
6.14916e-10
5.13882e-10
4.07635e-10
3.11144e-10
2.32387e-10
1.74369e-10
1.33995e-10
1.09506e-10
1.04537e-10
1.33274e-10
2.18231e-10
5.05218e-10
1.12777e-09
3.06763e-09
1.18189e-08
4.72293e-08
1.08918e-07
1.82107e-07
1.62471e-07
5.31382e-08
-1.55526e-07
-3.01232e-07
-3.84916e-07
-3.27165e-07
-1.99942e-07
-8.73961e-08
-2.92979e-08
-1.1817e-08
-5.7443e-09
-3.27643e-09
-2.27145e-09
-1.92238e-09
-1.93592e-09
-2.28021e-09
-3.04786e-09
-4.60907e-09
-7.58449e-09
-1.34401e-08
-2.5113e-08
-4.56784e-08
-7.42872e-08
-1.12443e-07
-1.70014e-07
-3.28227e-07
-7.39047e-07
-3.14087e-06
-2.6231e-05
-0.000134959
-0.000389197
-0.000795665
-0.00127349
-0.00163726
-0.00193949
-0.0018475
-0.00159131
-0.00123838
-0.000876313
-0.000561736
-0.00034134
-0.00021651
-0.000159053
-0.000133472
-0.000123214
-0.000123556
-0.000133568
-0.000156976
-0.000211195
-0.000321364
-0.000569879
-0.00126989
-0.00320333
-0.00803958
-0.0164472
-0.0280774
-0.0401008
-0.0517685
-0.0537969
-0.0488006
-0.0380417
-0.0252973
-0.0136814
-0.00621514
-0.00261707
-0.0012696
-0.000680605
-0.000396766
-0.000260005
-0.000200068
-0.00018749
-0.000207372
-0.000273091
-0.000429682
-0.0008185
-0.00170022
-0.00358388
-0.00730999
-0.0137752
-0.0233089
-0.0351722
-0.0477769
-0.0597378
-0.0711854
-0.0844962
-0.103855
-0.133634
-0.176109
-0.229339
-0.286201
-0.335518
-0.365836
-0.371344
-0.356166
-0.330082
-0.298457
-0.258996
-0.211502
-0.166028
-0.126121
-0.097833
-0.12159
-0.010038
0.349575
-3.5365e-25
9.00042e-25
6.30537e-26
6.07301e-27
4.07607e-26
1.08059e-25
1.90013e-25
2.1739e-25
5.09297e-26
-3.52942e-25
-6.07135e-25
5.35232e-26
1.79995e-24
3.36912e-24
3.34756e-24
2.38874e-24
1.94939e-24
3.43271e-25
-6.23868e-24
-1.74958e-23
-2.7975e-23
-3.29567e-23
-3.12863e-23
-2.3351e-23
-1.12417e-23
-6.34132e-25
2.85311e-24
7.31599e-25
-3.83883e-26
2.27204e-24
2.32038e-24
-1.42403e-24
-3.24913e-24
-1.6494e-24
1.8453e-25
5.18288e-25
2.03844e-25
2.53199e-26
-1.20044e-25
-3.30708e-25
-4.58752e-25
-4.23115e-25
-2.90079e-25
-1.60612e-25
-7.89657e-26
-3.71374e-26
-1.51146e-26
-1.27403e-27
9.56602e-27
2.33615e-26
5.4874e-26
1.3648e-25
3.88983e-25
1.26409e-24
5.62941e-24
1.12573e-23
7.27022e-24
-4.0907e-23
7.57381e-22
-1.74198e-22
-1.01152e-19
-4.33351e-20
4.26172e-18
3.46731e-18
-1.08339e-16
-2.43876e-16
-4.23508e-16
-1.57358e-15
-6.87636e-14
6.10619e-13
1.12319e-13
-9.54956e-13
5.83737e-12
6.22035e-11
2.22601e-10
4.29893e-10
6.53645e-10
8.25819e-10
9.29994e-10
8.99281e-10
8.1723e-10
7.10507e-10
6.00701e-10
5.01568e-10
4.21029e-10
3.79167e-10
4.07489e-10
5.8419e-10
1.03624e-09
2.08893e-09
5.72763e-09
1.54525e-08
5.36735e-08
1.04275e-07
1.55869e-07
1.24418e-07
-2.60182e-09
-1.70566e-07
-3.05977e-07
-3.01344e-07
-2.31424e-07
-1.20167e-07
-4.34148e-08
-1.44958e-08
-5.84428e-09
-2.49536e-09
-1.15149e-09
-6.37674e-10
-4.38718e-10
-3.72387e-10
-3.8045e-10
-4.59801e-10
-6.37488e-10
-1.00646e-09
-1.73447e-09
-3.22578e-09
-6.36008e-09
-1.20528e-08
-2.00964e-08
-3.12559e-08
-4.36106e-08
-9.03318e-08
-1.74432e-07
-6.87009e-07
-2.88746e-06
-2.56045e-05
-0.000138527
-0.000424262
-0.000893469
-0.00142658
-0.00189665
-0.0023076
-0.00230904
-0.00213229
-0.00183392
-0.00147958
-0.00114609
-0.000872533
-0.000686681
-0.000581062
-0.000536499
-0.000541003
-0.000591027
-0.000703485
-0.000942684
-0.00142513
-0.00252946
-0.00513923
-0.0102923
-0.0180406
-0.0284664
-0.0373397
-0.0456882
-0.0444099
-0.0376839
-0.0272891
-0.0162767
-0.00786128
-0.00307159
-0.00130472
-0.000641182
-0.000322556
-0.000166187
-9.67782e-05
-6.52528e-05
-5.14086e-05
-4.94167e-05
-5.65831e-05
-7.79779e-05
-0.000129166
-0.000260374
-0.00057182
-0.00121893
-0.00243956
-0.00452943
-0.00772757
-0.0120169
-0.0170394
-0.0223374
-0.0279685
-0.0352523
-0.0472035
-0.0680513
-0.101385
-0.147615
-0.201877
-0.254015
-0.292041
-0.308617
-0.306238
-0.293667
-0.274353
-0.242146
-0.194502
-0.144279
-0.100227
-0.069288
-0.0872364
0.03912
0.268132
5.04563e-26
-8.86349e-26
-9.15461e-26
-3.64096e-26
-3.83346e-26
-5.15822e-26
-6.01658e-26
-3.48118e-26
5.20052e-26
1.54229e-25
9.94352e-26
-2.69713e-25
-8.04668e-25
-1.07175e-24
-8.721e-25
-4.80912e-25
-5.42258e-26
6.53819e-25
1.42846e-24
1.35486e-24
2.77362e-25
-5.16879e-25
9.96467e-26
1.54945e-24
2.18177e-24
1.28965e-24
2.21502e-26
-2.84953e-25
-9.01347e-26
-4.05878e-25
-5.50276e-25
2.68727e-25
8.19024e-25
4.77517e-25
-7.82152e-27
-1.26386e-25
-5.92314e-26
-2.02013e-26
4.65779e-27
4.76696e-26
7.93486e-26
7.77434e-26
5.42193e-26
2.99893e-26
1.46309e-26
6.72336e-27
2.42174e-27
-4.51308e-28
-3.01383e-27
-6.94084e-27
-1.65144e-26
-4.19999e-26
-1.24395e-25
-4.02677e-25
-1.73383e-24
-2.94674e-24
-1.17225e-24
1.89937e-23
-3.54178e-22
8.40193e-22
3.60309e-20
2.70944e-20
-8.43417e-19
8.6138e-18
1.13377e-17
3.7855e-17
-1.47106e-16
-7.10361e-17
-3.50172e-16
1.43968e-14
4.98792e-13
-4.3764e-13
-4.44601e-12
-2.48708e-11
1.95497e-11
1.54123e-10
3.9527e-10
6.93629e-10
9.54967e-10
1.15212e-09
1.2509e-09
1.2678e-09
1.23688e-09
1.19747e-09
1.18557e-09
1.2661e-09
1.56941e-09
2.44028e-09
4.452e-09
8.21052e-09
2.37497e-08
5.32185e-08
1.10057e-07
1.1972e-07
7.63049e-08
-6.0087e-08
-1.85955e-07
-2.66594e-07
-2.34615e-07
-1.45928e-07
-6.27663e-08
-1.96603e-08
-7.11482e-09
-2.81809e-09
-1.08315e-09
-4.37628e-10
-2.01188e-10
-1.09786e-10
-7.34405e-11
-6.13028e-11
-6.29703e-11
-7.79808e-11
-1.12461e-10
-1.8627e-10
-3.38264e-10
-6.66358e-10
-1.39945e-09
-2.80478e-09
-4.84395e-09
-7.90497e-09
-1.06773e-08
-2.20147e-08
-4.65457e-08
-1.38714e-07
-7.81493e-07
-1.89687e-06
-2.18663e-05
-0.000131797
-0.000443385
-0.000950884
-0.00154625
-0.00215551
-0.00259747
-0.00299166
-0.00292188
-0.00272697
-0.00247895
-0.00223614
-0.0020445
-0.00194023
-0.00192584
-0.00202361
-0.00226303
-0.00271467
-0.00356471
-0.00514026
-0.00812648
-0.0128842
-0.0201476
-0.0273912
-0.035346
-0.0378144
-0.0342834
-0.0265173
-0.0170559
-0.00896477
-0.00381112
-0.00156692
-0.000698051
-0.000314638
-0.000143041
-7.00087e-05
-3.75454e-05
-2.24618e-05
-1.52384e-05
-1.20581e-05
-1.18084e-05
-1.40096e-05
-2.03736e-05
-3.62606e-05
-7.80033e-05
-0.000180891
-0.000404921
-0.000807802
-0.00142704
-0.00222776
-0.00312178
-0.00402251
-0.00492142
-0.00604982
-0.00810885
-0.0128668
-0.0235712
-0.0447834
-0.0793897
-0.125529
-0.175534
-0.218105
-0.244606
-0.255216
-0.25649
-0.249256
-0.22368
-0.175386
-0.120327
-0.0725571
-0.038791
-0.0488434
0.0831006
0.0765725
-1.16401e-26
-5.42571e-26
4.27479e-26
1.97157e-26
1.70814e-26
1.7447e-26
1.36289e-26
-2.9418e-27
-3.15504e-26
-4.25328e-26
1.49213e-26
1.49658e-25
2.77539e-25
2.91178e-25
1.87726e-25
5.33307e-26
-5.75341e-26
-9.0006e-26
1.02464e-25
5.84949e-25
1.13386e-24
1.41162e-24
1.25586e-24
7.41533e-25
1.51304e-25
-1.57672e-25
-9.814e-26
3.48686e-26
4.13934e-26
7.9069e-26
1.26731e-25
-4.97617e-26
-2.07859e-25
-1.37004e-25
-8.60732e-27
2.99169e-26
1.60229e-26
7.50837e-27
3.74269e-27
-4.87595e-27
-1.2714e-26
-1.39208e-26
-1.00744e-26
-5.59508e-27
-2.68164e-27
-1.17066e-27
-3.27516e-28
2.79617e-28
9.22733e-28
2.09528e-27
5.01043e-27
1.32104e-26
4.00055e-26
1.22884e-25
4.95003e-25
7.47486e-25
1.13572e-25
-4.91496e-24
1.25516e-22
2.94599e-22
-8.80943e-21
-3.08635e-20
3.36874e-20
-2.17593e-18
1.11263e-17
6.97524e-17
1.62388e-16
1.59653e-16
2.26943e-16
-6.33242e-16
1.60226e-13
-7.01999e-14
-1.84412e-12
-1.32367e-11
-2.94333e-11
-1.57948e-11
7.19694e-11
3.13534e-10
6.74984e-10
1.09856e-09
1.51679e-09
1.89585e-09
2.24777e-09
2.62851e-09
3.15343e-09
4.04106e-09
5.64714e-09
9.04305e-09
1.63779e-08
2.86899e-08
5.6954e-08
9.24066e-08
8.38198e-08
7.38086e-09
-9.72974e-08
-1.99141e-07
-2.02614e-07
-1.55243e-07
-7.94575e-08
-2.66172e-08
-8.6174e-09
-3.29843e-09
-1.23758e-09
-4.44965e-10
-1.66176e-10
-6.64285e-11
-2.93926e-11
-1.53201e-11
-9.84162e-12
-8.0142e-12
-8.23733e-12
-1.04482e-11
-1.57267e-11
-2.74763e-11
-5.29635e-11
-1.11638e-10
-2.53258e-10
-5.41969e-10
-9.92487e-10
-1.68017e-09
-2.49532e-09
-4.41246e-09
-1.15977e-08
-3.50714e-08
-1.64891e-07
-6.61549e-07
-1.72708e-06
-1.46015e-05
-0.000115795
-0.00042923
-0.000951596
-0.00162281
-0.0023386
-0.00295848
-0.00345044
-0.00375602
-0.0038907
-0.00394525
-0.00400041
-0.00413066
-0.00437869
-0.00481226
-0.00551847
-0.00664396
-0.00845118
-0.0113273
-0.0159898
-0.0209981
-0.0264745
-0.0306566
-0.0289393
-0.0235854
-0.0159107
-0.00882163
-0.00395033
-0.00165969
-0.000753393
-0.000340997
-0.000143184
-6.13451e-05
-2.87746e-05
-1.44223e-05
-7.69373e-06
-4.55708e-06
-3.08389e-06
-2.44429e-06
-2.43613e-06
-3.00819e-06
-4.68589e-06
-9.20035e-06
-2.14973e-05
-5.26144e-05
-0.000122192
-0.000250464
-0.000441403
-0.000649406
-0.000779504
-0.000798318
-0.00075896
-0.000707841
-0.000712556
-0.000860284
-0.0027947
-0.0105334
-0.0300834
-0.0640408
-0.107254
-0.149815
-0.182571
-0.203612
-0.216981
-0.220648
-0.201112
-0.15209
-0.0924398
-0.0415666
-0.00538335
-0.0068263
0.125644
-0.0622668
2.67341e-27
3.19835e-26
-1.12785e-26
-7.50354e-27
-5.77634e-27
-4.36375e-27
-8.51236e-28
6.07678e-27
1.24398e-26
6.67843e-27
-2.07759e-26
-6.01341e-26
-8.27956e-26
-7.01762e-26
-3.48627e-26
-3.15249e-27
8.76439e-27
-8.06958e-27
-5.24242e-26
-9.67961e-26
-1.14368e-25
-1.20158e-25
-1.36907e-25
-1.40383e-25
-9.25758e-26
-1.72521e-26
1.69351e-26
9.38299e-28
-1.11297e-26
-1.71871e-26
-2.91408e-26
9.0592e-27
5.34977e-26
3.92368e-26
4.95511e-27
-7.02558e-27
-4.19789e-27
-2.30788e-27
-1.88233e-27
-1.71944e-28
1.78988e-27
2.43977e-27
1.88457e-27
1.05549e-27
4.87997e-28
1.92217e-28
2.52702e-29
-1.06764e-28
-2.76429e-28
-6.26709e-28
-1.47815e-27
-4.22271e-27
-1.28135e-26
-3.59747e-26
-1.33616e-25
-1.87722e-25
1.13494e-26
1.95914e-24
-5.90341e-23
-2.32975e-22
1.94104e-21
-2.65205e-21
6.71391e-20
3.53379e-19
-1.41401e-17
-5.70694e-17
-5.44622e-17
-7.7547e-18
1.58746e-16
-2.26448e-16
7.95499e-15
-6.68321e-14
-6.74254e-13
2.02304e-12
-4.6173e-12
-1.95153e-11
-6.24765e-11
-1.88703e-11
1.4272e-10
5.31364e-10
1.13496e-09
1.94339e-09
2.97402e-09
4.31849e-09
6.19491e-09
9.04248e-09
1.37272e-08
2.03768e-08
3.50407e-08
5.38315e-08
5.0351e-08
1.95478e-08
-3.96496e-08
-1.29351e-07
-1.5174e-07
-1.2542e-07
-7.4095e-08
-2.88435e-08
-9.68562e-09
-3.65948e-09
-1.35632e-09
-4.56559e-10
-1.54283e-10
-5.49331e-11
-2.03508e-11
-7.91712e-12
-3.34796e-12
-1.63345e-12
-9.76669e-13
-7.54718e-13
-7.63704e-13
-9.87404e-13
-1.55633e-12
-2.8891e-12
-5.97319e-12
-1.36761e-11
-3.4193e-11
-7.87396e-11
-1.55343e-10
-2.80276e-10
-4.84594e-10
-8.52492e-10
-2.20237e-09
-1.03077e-08
-3.07316e-08
-2.22462e-07
-5.28843e-07
-1.98933e-06
-4.35631e-06
-8.99057e-05
-0.000363625
-0.00088261
-0.00161751
-0.002447
-0.00331455
-0.00412807
-0.00483922
-0.00546777
-0.0060672
-0.0067206
-0.00750097
-0.00851118
-0.0098692
-0.0117283
-0.0143141
-0.017199
-0.0210035
-0.0241169
-0.0227996
-0.0185148
-0.0125404
-0.00705703
-0.00317484
-0.00139156
-0.000653236
-0.000304489
-0.000132806
-5.58188e-05
-2.35001e-05
-1.03274e-05
-4.83095e-06
-2.39992e-06
-1.28015e-06
-7.53358e-07
-5.0373e-07
-3.95291e-07
-3.99799e-07
-5.20209e-07
-9.00573e-07
-2.03384e-06
-5.2205e-06
-1.32081e-05
-3.07169e-05
-6.27633e-05
-0.000107398
-0.000154086
-0.000189173
-0.000183894
-0.000118319
-3.41147e-05
2.95329e-05
5.2406e-05
2.83799e-06
-0.000314599
-0.00500268
-0.0220436
-0.054527
-0.0941913
-0.13092
-0.16037
-0.183973
-0.19698
-0.182672
-0.133127
-0.0696207
-0.0161765
0.0222373
0.0293211
0.160546
-0.0601863
-3.55623e-28
-7.41074e-27
3.01946e-28
1.27736e-27
8.7039e-28
2.33144e-28
-8.93282e-28
-2.21298e-27
-2.12251e-27
1.64959e-27
9.20673e-27
1.64188e-26
1.78457e-26
1.25144e-26
4.9596e-27
2.24292e-28
-1.86771e-30
2.64821e-27
3.54057e-27
-2.23709e-27
-1.27784e-26
-1.84024e-26
-1.21854e-26
1.27319e-27
9.56839e-27
6.23281e-27
-6.0917e-28
-8.62394e-28
1.8935e-27
3.32558e-27
5.59546e-27
-1.28841e-27
-1.17875e-26
-9.70923e-27
-1.91643e-27
1.30239e-27
9.00751e-28
5.35111e-28
5.39205e-28
2.72278e-28
-1.36363e-28
-3.39756e-28
-2.97622e-28
-1.71063e-28
-7.45609e-29
-2.33666e-29
5.48639e-30
3.14852e-29
7.31061e-29
1.67975e-28
4.02603e-28
1.24467e-27
3.45819e-27
8.53834e-27
2.83411e-26
3.986e-26
-2.47308e-26
-4.01027e-25
1.34134e-23
1.28915e-23
4.53892e-22
4.81955e-21
-6.90263e-20
1.57229e-19
5.77664e-18
1.04344e-17
-7.12571e-18
-3.32282e-17
-8.35309e-17
-3.02586e-17
-3.36563e-16
-9.50011e-16
-7.66981e-14
6.39318e-13
5.40179e-12
1.51857e-12
-2.23773e-11
-5.2724e-11
-1.40518e-10
-1.15432e-10
6.07417e-11
4.51988e-10
1.18186e-09
2.29768e-09
3.83844e-09
5.85083e-09
7.97402e-09
9.91062e-09
8.67268e-09
-1.44612e-09
-2.28691e-08
-5.9447e-08
-7.76289e-08
-6.34715e-08
-3.49444e-08
-1.47498e-08
-6.12537e-09
-2.5827e-09
-1.02804e-09
-3.70768e-10
-1.26644e-10
-4.25735e-11
-1.41219e-11
-4.69213e-12
-1.61083e-12
-5.86303e-13
-2.31727e-13
-1.03951e-13
-5.61598e-14
-3.96036e-14
-3.82949e-14
-4.99182e-14
-8.27261e-14
-1.65084e-13
-3.73312e-13
-9.50646e-13
-2.83886e-12
-6.29878e-12
-1.02901e-11
-1.43608e-11
-2.32699e-11
-6.62453e-11
-2.42413e-10
-1.54961e-09
-6.96453e-09
-4.34202e-08
-1.33748e-07
-3.40894e-07
-9.60254e-07
-1.52086e-06
-4.26405e-05
-0.000194605
-0.000528644
-0.00108317
-0.00182957
-0.00272122
-0.0037069
-0.00475046
-0.00584133
-0.00698868
-0.00821517
-0.00955095
-0.0110007
-0.012531
-0.0143625
-0.0142044
-0.0126651
-0.00957446
-0.00585282
-0.00307323
-0.00154027
-0.000767256
-0.000376764
-0.000176919
-7.88439e-05
-3.41064e-05
-1.46132e-05
-6.17959e-06
-2.56674e-06
-1.11653e-06
-5.27549e-07
-2.64321e-07
-1.40592e-07
-8.13137e-08
-5.31747e-08
-4.09794e-08
-4.25837e-08
-6.18063e-08
-1.33343e-07
-3.7969e-07
-1.02001e-06
-2.06891e-06
-2.99622e-06
-3.40527e-06
-2.95458e-06
-6.96997e-07
5.06492e-06
1.61755e-05
3.40732e-05
5.94624e-05
8.17489e-05
9.9095e-05
9.84105e-05
0.000147858
0.000212106
-0.00167598
-0.0117902
-0.0335709
-0.0620439
-0.0920747
-0.122241
-0.144461
-0.136876
-0.0871769
-0.0187071
0.0373494
0.0765424
0.0917917
0.206671
0.218643
)
;

boundaryField
{
    inlet
    {
        type            uniformFixedValue;
        uniformValue    table;
        uniformValueCoeffs
        {
            values          
4
(
(0 1)
(0.15 1)
(0.151 0)
(1 0)
)
;
        }
        value           uniform 0;
    }
    outlet
    {
        type            inletOutlet;
        inletValue      uniform 0;
        value           nonuniform List<scalar> 
200
(
0
0
0
0
0
0
0
0
0
0
0
0
0
0
0
0
0
0
0
0
0
0
0
0
0
0
0
0
0
0
0
0
0
0
0
0
0
0
0
0
0
0
0
0
0
0
0
0
0
0
0
0
0
0
0
0
0
0
0
0
0
0
0
0
0
0
0
0
0
0
0
0
0
0
5.40179e-12
1.51857e-12
-2.23773e-11
-5.2724e-11
-1.40518e-10
-1.15432e-10
6.07417e-11
4.51988e-10
1.18186e-09
2.29768e-09
3.83844e-09
5.85083e-09
7.97402e-09
9.91062e-09
8.67268e-09
0
0
0
0
0
0
0
0
0
0
0
0
0
0
0
0
0
0
0
0
0
0
0
0
0
0
0
0
-6.29878e-12
-1.02901e-11
-1.43608e-11
-2.32699e-11
-6.62453e-11
-2.42413e-10
-1.54961e-09
-6.96453e-09
-4.34202e-08
-1.33748e-07
-3.40894e-07
-9.60254e-07
-1.52086e-06
-4.26405e-05
-0.000194605
-0.000528644
-0.00108317
-0.00182957
-0.00272122
-0.0037069
-0.00475046
-0.00584133
-0.00698868
-0.00821517
-0.00955095
-0.0110007
-0.012531
0
0
0
0
0
0
0
0
0
0
0
0
0
0
0
0
0
0
0
0
0
0
0
0
0
-3.7969e-07
-1.02001e-06
-2.06891e-06
-2.99622e-06
-3.40527e-06
-2.95458e-06
-6.96997e-07
5.06492e-06
1.61755e-05
3.40732e-05
5.94624e-05
8.17489e-05
9.9095e-05
9.84105e-05
0.000147858
0.000212106
-0.00167598
-0.0117902
-0.0335709
-0.0620439
-0.0920747
-0.122241
-0.144461
-0.136876
-0.0871769
-0.0187071
0.0373494
0.0765424
0.0917917
0.206671
0.218643
)
;
    }
    walls
    {
        type            zeroGradient;
    }
    frontAndBack
    {
        type            empty;
    }
}


// ************************************************************************* //
