/*--------------------------------*- C++ -*----------------------------------*\
| =========                 |                                                 |
| \\      /  F ield         | OpenFOAM: The Open Source CFD Toolbox           |
|  \\    /   O peration     | Version:  2506                                  |
|   \\  /    A nd           | Website:  www.openfoam.com                      |
|    \\/     M anipulation  |                                                 |
\*---------------------------------------------------------------------------*/
FoamFile
{
    version     2.0;
    format      ascii;
    arch        "LSB;label=32;scalar=64";
    class       surfaceScalarField;
    location    "4.6";
    object      phi;
}
// * * * * * * * * * * * * * * * * * * * * * * * * * * * * * * * * * * * * * //

dimensions      [0 3 -1 0 0 0 0];

oriented        oriented;

internalField   nonuniform List<scalar> 
7780
(
2.05869e-09
4.41313e-10
1.55971e-09
4.98972e-10
1.20069e-09
3.5902e-10
9.6098e-10
2.39715e-10
8.04116e-10
1.56864e-10
7.00155e-10
1.0396e-10
6.2934e-10
7.08157e-11
5.7933e-10
5.00102e-11
5.42659e-10
3.66707e-11
5.14758e-10
2.79008e-11
4.92822e-10
2.19363e-11
4.7506e-10
1.77619e-11
4.60268e-10
1.47918e-11
4.4762e-10
1.26491e-11
4.36525e-10
1.1095e-11
4.26546e-10
9.97924e-12
4.17349e-10
9.19669e-12
4.08677e-10
8.67278e-12
4.00319e-10
8.3576e-12
3.92102e-10
8.21781e-12
3.83872e-10
8.23064e-12
3.7549e-10
8.38206e-12
3.66825e-10
8.66476e-12
3.57749e-10
9.07595e-12
3.48133e-10
9.61653e-12
3.37842e-10
1.02909e-11
3.26734e-10
1.11078e-11
3.14652e-10
1.20822e-11
3.01411e-10
1.32413e-11
2.86771e-10
1.4639e-11
2.70375e-10
1.63964e-11
2.51587e-10
1.87879e-11
2.2941e-10
2.21764e-11
1.97979e-10
3.14305e-11
1.72886e-10
2.50924e-11
1.68756e-10
4.12911e-12
1.76748e-10
-7.99238e-12
1.90467e-10
-1.37191e-11
2.10318e-10
-1.98509e-11
2.38951e-10
-2.86334e-11
2.87053e-10
-4.81034e-11
3.42172e-10
-5.51207e-11
3.92674e-10
-5.0505e-11
4.3953e-10
-4.68601e-11
4.80983e-10
-4.14564e-11
5.18503e-10
-3.75225e-11
5.54081e-10
-3.55787e-11
5.82951e-10
-2.88699e-11
6.09795e-10
-2.68426e-11
6.325e-10
-2.27029e-11
6.49657e-10
-1.71541e-11
6.64235e-10
-1.45748e-11
6.70003e-10
-5.7656e-12
6.73046e-10
-3.04077e-12
6.65333e-10
7.71372e-12
6.51874e-10
1.34596e-11
6.30298e-10
2.15754e-11
5.98917e-10
3.13814e-11
5.65774e-10
3.31427e-11
5.19858e-10
4.5916e-11
4.75644e-10
4.42146e-11
4.28032e-10
4.76127e-11
3.80623e-10
4.741e-11
3.36822e-10
4.38026e-11
2.93594e-10
4.32282e-11
2.56791e-10
3.68021e-11
2.21534e-10
3.5257e-11
1.92134e-10
2.93993e-11
1.65286e-10
2.68469e-11
1.42228e-10
2.30586e-11
1.224e-10
1.98296e-11
1.04244e-10
1.81596e-11
8.89872e-11
1.52626e-11
7.52688e-11
1.37252e-11
6.29331e-11
1.23438e-11
5.21589e-11
1.07834e-11
4.24074e-11
9.76182e-12
3.35018e-11
8.91667e-12
2.55775e-11
7.93607e-12
1.84597e-11
7.12992e-12
1.20832e-11
6.38848e-12
6.51008e-12
5.58455e-12
1.71039e-12
4.80984e-12
-2.31356e-12
4.03197e-12
-5.5366e-12
3.22783e-12
-8.06038e-12
2.5244e-12
-9.9769e-12
1.91246e-12
-1.13361e-11
1.3506e-12
-1.23196e-11
9.70867e-13
-1.30076e-11
6.72566e-13
-1.34191e-11
3.94562e-13
-1.37312e-11
2.95026e-13
-1.3968e-11
2.20679e-13
-1.41122e-11
1.3018e-13
-1.42745e-11
1.50548e-13
-1.43207e-11
3.71768e-14
-1.43414e-11
1.38854e-14
-1.41801e-11
-1.65956e-13
-1.38729e-11
-3.10587e-13
-1.32501e-11
-6.25014e-13
-1.23505e-11
-9.01288e-13
-1.09651e-11
-1.38662e-12
-9.03302e-12
-1.93299e-12
-6.45369e-12
-2.57993e-12
-2.97717e-12
-3.4768e-12
1.31566e-12
-4.2929e-12
6.82031e-12
-5.50467e-12
1.34393e-11
-6.61931e-12
2.14719e-11
-8.03359e-12
3.09652e-11
-9.49541e-12
4.20958e-11
-1.11343e-11
5.48355e-11
-1.27451e-11
6.95211e-11
-1.46931e-11
8.55444e-11
-1.60326e-11
1.03871e-10
-1.83374e-11
1.23462e-10
-1.96037e-11
1.4453e-10
-2.10809e-11
1.67171e-10
-2.26552e-11
1.90513e-10
-2.33563e-11
2.14562e-10
-2.40635e-11
2.39273e-10
-2.47268e-11
2.63799e-10
-2.45421e-11
2.87817e-10
-2.40349e-11
3.11478e-10
-2.36779e-11
3.34076e-10
-2.26147e-11
3.5552e-10
-2.14581e-11
3.75681e-10
-2.01748e-11
3.94308e-10
-1.86368e-11
4.11686e-10
-1.73842e-11
4.28331e-10
-1.66449e-11
4.43051e-10
-1.47119e-11
4.57092e-10
-1.40255e-11
4.7157e-10
-1.44564e-11
4.84114e-10
-1.2517e-11
4.96744e-10
-1.26021e-11
5.11341e-10
-1.4571e-11
5.22519e-10
-1.11552e-11
5.36204e-10
-1.36674e-11
5.47824e-10
-1.16081e-11
5.59017e-10
-1.11863e-11
5.68272e-10
-9.25387e-12
5.74361e-10
-6.09078e-12
5.75816e-10
-1.45898e-12
5.73395e-10
2.41526e-12
5.60669e-10
1.27207e-11
5.45703e-10
1.4962e-11
5.16738e-10
2.89623e-11
4.84719e-10
3.20174e-11
4.45966e-10
3.8753e-11
4.01579e-10
4.43868e-11
3.57914e-10
4.36659e-11
3.09426e-10
4.84892e-11
2.6591e-10
4.35175e-11
2.21469e-10
4.44425e-11
1.82819e-10
3.86509e-11
1.45474e-10
3.73458e-11
1.13522e-10
3.19522e-11
8.41346e-11
2.93874e-11
5.93602e-11
2.47741e-11
3.84672e-11
2.08924e-11
3.75481e-11
9.18077e-13
3.8863e-11
-1.31591e-12
4.28455e-11
-3.98357e-12
5.00797e-11
-7.23512e-12
6.34042e-11
-1.33248e-11
8.2991e-11
-1.95861e-11
1.13639e-10
-3.06468e-11
1.46308e-10
-3.2667e-11
1.76309e-10
-3.00002e-11
2.041e-10
-2.77905e-11
2.29666e-10
-2.55656e-11
2.52871e-10
-2.32067e-11
2.73618e-10
-2.0749e-11
2.91875e-10
-1.82591e-11
3.07662e-10
-1.57892e-11
3.21042e-10
-1.33832e-11
3.3212e-10
-1.10813e-11
3.41037e-10
-8.91957e-12
3.47964e-10
-6.92882e-12
3.53096e-10
-5.13449e-12
3.56653e-10
-3.55728e-12
3.58863e-10
-2.21123e-12
3.59971e-10
-1.10687e-12
3.60228e-10
-2.55904e-13
3.5987e-10
3.60383e-13
3.59138e-10
7.34507e-13
3.58251e-10
8.90197e-13
3.57397e-10
8.56817e-13
3.56734e-10
6.65407e-13
3.56376e-10
3.60725e-13
3.56395e-10
-1.80594e-14
3.56811e-10
-4.1531e-13
3.57596e-10
-7.85125e-13
3.58677e-10
-1.08124e-12
3.59935e-10
-1.26039e-12
3.61211e-10
-1.27834e-12
3.62289e-10
-1.08049e-12
3.62849e-10
-5.62686e-13
3.6236e-10
4.87405e-13
2.79612e-12
2.64883e-09
2.92483e-10
2.59886e-09
5.48944e-10
2.421e-09
5.36874e-10
2.20574e-09
4.54975e-10
2.00041e-09
3.62193e-10
1.82796e-09
2.76415e-10
1.68965e-09
2.09121e-10
1.58011e-09
1.59557e-10
1.49327e-09
1.23513e-10
1.42376e-09
9.74109e-11
1.36735e-09
7.83387e-11
1.32082e-09
6.42949e-11
1.2817e-09
5.39109e-11
1.24817e-09
4.61779e-11
1.21886e-09
4.04118e-11
1.19268e-09
3.61543e-11
1.16881e-09
3.30687e-11
1.14657e-09
3.09094e-11
1.12542e-09
2.95069e-11
1.1049e-09
2.87443e-11
1.08459e-09
2.85403e-11
1.06413e-09
2.88436e-11
1.04317e-09
2.96263e-11
1.02136e-09
3.08769e-11
9.98384e-10
3.25974e-11
9.73872e-10
3.48026e-11
9.47459e-10
3.75208e-11
9.18743e-10
4.07985e-11
8.87271e-10
4.4713e-11
8.5251e-10
4.93994e-11
8.13793e-10
5.51138e-11
7.70219e-10
6.23612e-11
7.2034e-10
7.20555e-11
6.59427e-10
9.2343e-11
6.09223e-10
7.52957e-11
5.93627e-10
1.97254e-11
6.04971e-10
-1.93378e-11
6.34874e-10
-4.3622e-11
6.82389e-10
-6.73651e-11
7.50246e-10
-9.64891e-11
8.45652e-10
-1.43507e-10
9.50751e-10
-1.60218e-10
1.05233e-09
-1.52084e-10
1.14833e-09
-1.42862e-10
1.23584e-09
-1.28966e-10
1.31621e-09
-1.17892e-10
1.39096e-09
-1.10333e-10
1.45566e-09
-9.35654e-11
1.5147e-09
-8.58839e-11
1.56565e-09
-7.36578e-11
1.60715e-09
-5.86472e-11
1.64098e-09
-4.84073e-11
1.66117e-09
-2.59578e-11
1.67211e-09
-1.39781e-11
1.66695e-09
1.28813e-11
1.64893e-09
3.1478e-11
1.61517e-09
5.53332e-11
1.56409e-09
8.24643e-11
1.50244e-09
9.47947e-11
1.42098e-09
1.27374e-10
1.33353e-09
1.31661e-10
1.2373e-09
1.43844e-10
1.13733e-09
1.47383e-10
1.03849e-09
1.42641e-10
9.39793e-10
1.41925e-10
8.48379e-10
1.28217e-10
7.60816e-10
1.2282e-10
6.82105e-10
1.0811e-10
6.09596e-10
9.93565e-11
5.44527e-10
8.81286e-11
4.8659e-10
7.77669e-11
4.33616e-10
7.11345e-11
3.86852e-10
6.2027e-11
3.44644e-10
5.59341e-11
3.06346e-10
5.06414e-11
2.72039e-10
4.50897e-11
2.409e-10
4.09008e-11
2.12425e-10
3.73924e-11
1.86634e-10
3.37279e-11
1.63263e-10
3.05022e-11
1.42079e-10
2.75751e-11
1.23099e-10
2.45677e-11
1.06257e-10
2.16545e-11
9.15212e-11
1.87712e-11
7.89097e-11
1.58413e-11
6.8186e-11
1.3249e-11
5.92083e-11
1.08901e-11
5.20048e-11
8.55339e-12
4.61028e-11
6.8717e-12
4.1221e-11
5.55321e-12
3.73596e-11
4.25488e-12
3.40652e-11
3.58873e-12
3.11773e-11
3.10832e-12
2.88438e-11
2.46394e-12
2.66493e-11
2.34561e-12
2.50959e-11
1.59126e-12
2.3816e-11
1.29454e-12
2.3412e-11
2.38518e-13
2.35692e-11
-4.67674e-13
2.52605e-11
-2.31645e-12
2.81458e-11
-3.78694e-12
3.29795e-11
-6.22086e-12
3.98316e-11
-8.7859e-12
4.9024e-11
-1.17732e-11
6.12241e-11
-1.56778e-11
7.62372e-11
-1.9307e-11
9.49532e-11
-2.42217e-11
1.17138e-10
-2.88047e-11
1.43281e-10
-3.41779e-11
1.7341e-10
-3.9625e-11
2.0764e-10
-4.5365e-11
2.45846e-10
-5.09527e-11
2.88164e-10
-5.7011e-11
3.33722e-10
-6.15906e-11
3.83263e-10
-6.78783e-11
4.35245e-10
-7.15834e-11
4.89564e-10
-7.53978e-11
5.45856e-10
-7.89432e-11
6.0279e-10
-8.02856e-11
6.60015e-10
-8.12845e-11
7.1708e-10
-8.17881e-11
7.72741e-10
-8.02004e-11
8.26519e-10
-7.78121e-11
8.78333e-10
-7.54938e-11
9.27366e-10
-7.16519e-11
9.7352e-10
-6.76179e-11
1.0167e-09
-6.33642e-11
1.05682e-09
-5.87696e-11
1.09444e-09
-5.50119e-11
1.13016e-09
-5.23882e-11
1.16303e-09
-4.75897e-11
1.19468e-09
-4.56918e-11
1.22646e-09
-4.62431e-11
1.25612e-09
-4.21782e-11
1.28633e-09
-4.28029e-11
1.31778e-09
-4.60182e-11
1.34638e-09
-3.97379e-11
1.37651e-09
-4.37826e-11
1.40413e-09
-3.92191e-11
1.42963e-09
-3.66712e-11
1.45114e-09
-3.07613e-11
1.46608e-09
-2.10246e-11
1.47259e-09
-7.9641e-12
1.46897e-09
6.0317e-12
1.4507e-09
3.09937e-11
1.42169e-09
4.39647e-11
1.37197e-09
7.86824e-11
1.31046e-09
9.35204e-11
1.23467e-09
1.14551e-10
1.14605e-09
1.33003e-10
1.05205e-09
1.37672e-10
9.48329e-10
1.52207e-10
8.46479e-10
1.45368e-10
7.42059e-10
1.48864e-10
6.43762e-10
1.36948e-10
5.47862e-10
1.33246e-10
4.6006e-10
1.19755e-10
3.78512e-10
1.10934e-10
3.07826e-10
9.54593e-11
2.48563e-10
8.01551e-11
2.28893e-10
2.05871e-11
2.25057e-10
2.51994e-12
2.33161e-10
-1.2088e-11
2.52836e-10
-2.69107e-11
2.88588e-10
-4.90781e-11
3.40138e-10
-7.11379e-11
4.10826e-10
-1.01335e-10
4.85243e-10
-1.07084e-10
5.55539e-10
-1.00297e-10
6.2127e-10
-9.35229e-11
6.82097e-10
-8.63931e-11
7.37687e-10
-7.87987e-11
7.87797e-10
-7.08595e-11
8.32304e-10
-6.27684e-11
8.71208e-10
-5.46939e-11
9.04605e-10
-4.67818e-11
9.32691e-10
-3.91676e-11
9.55748e-10
-3.19772e-11
9.74143e-10
-2.53233e-11
9.88312e-10
-1.93033e-11
9.98754e-10
-1.39985e-11
1.00602e-09
-9.47122e-12
1.01068e-09
-5.76451e-12
1.01332e-09
-2.89767e-12
1.01454e-09
-8.56114e-13
1.01487e-09
4.00264e-13
1.01484e-09
9.26202e-13
1.01485e-09
8.46282e-13
1.01524e-09
2.74345e-13
1.01624e-09
-6.36726e-13
1.01795e-09
-1.72968e-12
1.02038e-09
-2.84103e-12
1.02341e-09
-3.81618e-12
1.02684e-09
-4.51654e-12
1.0304e-09
-4.82459e-12
1.03376e-09
-4.64067e-12
1.03655e-09
-3.86733e-12
1.03835e-09
-2.36653e-12
1.03871e-09
1.28645e-13
4.27579e-12
2.61925e-09
1.73237e-10
2.75223e-09
4.15963e-10
2.78975e-09
4.99351e-10
2.74816e-09
4.96568e-10
2.66024e-09
4.50107e-10
2.54999e-09
3.86673e-10
2.43639e-09
3.22721e-10
2.33112e-09
2.64825e-10
2.23787e-09
2.16762e-10
2.15695e-09
1.78328e-10
2.08744e-09
1.47848e-10
2.02771e-09
1.24029e-10
1.97601e-09
1.05605e-10
1.93084e-09
9.13562e-11
1.89084e-09
8.0404e-11
1.85489e-09
7.21072e-11
1.82202e-09
6.59416e-11
1.79142e-09
6.15073e-11
1.76241e-09
5.85209e-11
1.73437e-09
5.67797e-11
1.70678e-09
5.61374e-11
1.67912e-09
5.65018e-11
1.65092e-09
5.78233e-11
1.62172e-09
6.0082e-11
1.59103e-09
6.32842e-11
1.55837e-09
6.74611e-11
1.52322e-09
7.26686e-11
1.48503e-09
7.89928e-11
1.44318e-09
8.65651e-11
1.39698e-09
9.55923e-11
1.34568e-09
1.06418e-10
1.28839e-09
1.19646e-10
1.2241e-09
1.3635e-10
1.14946e-09
1.6698e-10
1.08553e-09
1.39227e-10
1.05817e-09
4.70802e-11
1.06483e-09
-2.59949e-11
1.0993e-09
-7.80874e-11
1.15977e-09
-1.27835e-10
1.246e-09
-1.82717e-10
1.35929e-09
-2.56803e-10
1.48218e-09
-2.83097e-10
1.60427e-09
-2.74176e-10
1.7212e-09
-2.59784e-10
1.82933e-09
-2.37102e-10
1.92925e-09
-2.17811e-10
2.02176e-09
-2.02845e-10
2.10383e-09
-1.75637e-10
2.17849e-09
-1.60538e-10
2.24387e-09
-1.39043e-10
2.29886e-09
-1.13633e-10
2.34405e-09
-9.35984e-11
2.37593e-09
-5.78407e-11
2.39627e-09
-3.43199e-11
2.40057e-09
8.58487e-12
2.39006e-09
4.19912e-11
2.36251e-09
8.28849e-11
2.31617e-09
1.28802e-10
2.25498e-09
1.55987e-10
2.17243e-09
2.09918e-10
2.07771e-09
2.26382e-10
1.96934e-09
2.52212e-10
1.85187e-09
2.64855e-10
1.72979e-09
2.64725e-10
1.60398e-09
2.67729e-10
1.48118e-09
2.51022e-10
1.36036e-09
2.43642e-10
1.24668e-09
2.2179e-10
1.13921e-09
2.06826e-10
1.03964e-09
1.87706e-10
9.4846e-10
1.68944e-10
8.63844e-10
1.55751e-10
7.87219e-10
1.38652e-10
7.17078e-10
1.26074e-10
6.52727e-10
1.14991e-10
5.9424e-10
1.03576e-10
5.40686e-10
9.44545e-11
4.91429e-10
8.66498e-11
4.46374e-10
7.87849e-11
4.05185e-10
7.16918e-11
3.67485e-10
6.52771e-11
3.33243e-10
5.881e-11
3.02339e-10
5.25594e-11
2.74718e-10
4.63918e-11
2.50461e-10
4.00964e-11
2.29306e-10
3.44015e-11
2.11064e-10
2.91297e-11
1.95865e-10
2.37501e-11
1.83061e-10
1.96739e-11
1.72268e-10
1.6345e-11
1.63511e-10
1.30112e-11
1.56102e-10
1.0998e-11
1.49722e-10
9.4895e-12
1.44657e-10
7.5303e-12
1.40131e-10
6.87472e-12
1.37035e-10
4.69e-12
1.34649e-10
3.68305e-12
1.34066e-10
8.23209e-13
1.34776e-10
-1.17617e-12
1.38187e-10
-5.72685e-12
1.43785e-10
-9.38383e-12
1.52883e-10
-1.53192e-11
1.65519e-10
-2.14215e-11
1.82209e-10
-2.84639e-11
2.03941e-10
-3.74103e-11
2.30336e-10
-4.57024e-11
2.62607e-10
-5.64922e-11
3.00294e-10
-6.64915e-11
3.43893e-10
-7.77757e-11
3.93289e-10
-8.9021e-11
4.4836e-10
-1.00435e-10
5.08772e-10
-1.11364e-10
5.74334e-10
-1.22573e-10
6.4389e-10
-1.31146e-10
7.17798e-10
-1.41786e-10
7.94214e-10
-1.47998e-10
8.72702e-10
-1.53884e-10
9.52534e-10
-1.58773e-10
1.03222e-09
-1.59971e-10
1.11116e-09
-1.60214e-10
1.18867e-09
-1.59291e-10
1.2635e-09
-1.55026e-10
1.33518e-09
-1.49492e-10
1.40348e-09
-1.43796e-10
1.46778e-09
-1.35946e-10
1.52804e-09
-1.27883e-10
1.58429e-09
-1.19618e-10
1.63668e-09
-1.11163e-10
1.6858e-09
-1.04141e-10
1.7322e-09
-9.879e-11
1.77565e-09
-9.10604e-11
1.81739e-09
-8.7438e-11
1.85857e-09
-8.74415e-11
1.89783e-09
-8.14485e-11
1.93733e-09
-8.2306e-11
1.97691e-09
-8.55947e-11
2.01436e-09
-7.71872e-11
2.05183e-09
-8.12388e-11
2.08667e-09
-7.4057e-11
2.11822e-09
-6.8204e-11
2.14499e-09
-5.75262e-11
2.1641e-09
-4.01221e-11
2.17404e-09
-1.79042e-11
2.17227e-09
7.80363e-12
2.15555e-09
4.77098e-11
2.125e-09
7.45122e-11
2.07385e-09
1.29833e-10
2.0068e-09
1.60566e-10
1.92232e-09
1.99037e-10
1.82067e-09
2.34652e-10
1.70792e-09
2.50415e-10
1.5808e-09
2.79331e-10
1.44944e-09
2.7673e-10
1.31097e-09
2.87335e-10
1.17419e-09
2.73729e-10
1.03688e-09
2.70565e-10
9.05663e-10
2.50967e-10
7.80989e-10
2.35609e-10
6.71215e-10
2.05233e-10
5.76817e-10
1.74553e-10
5.34424e-10
6.29794e-11
5.19591e-10
1.73526e-11
5.26642e-10
-1.91392e-11
5.53704e-10
-5.39734e-11
6.05026e-10
-1.00401e-10
6.77961e-10
-1.44074e-10
7.7294e-10
-1.96316e-10
8.71386e-10
-2.05531e-10
9.64876e-10
-1.93789e-10
1.0526e-09
-1.81248e-10
1.13399e-09
-1.67791e-10
1.20867e-09
-1.53477e-10
1.27636e-09
-1.38548e-10
1.33692e-09
-1.23331e-10
1.39034e-09
-1.08122e-10
1.43674e-09
-9.31812e-11
1.47633e-09
-7.87545e-11
1.50942e-09
-6.50751e-11
1.53646e-09
-5.23588e-11
1.55795e-09
-4.07987e-11
1.57452e-09
-3.05606e-11
1.58683e-09
-2.17787e-11
1.59562e-09
-1.45472e-11
1.60163e-09
-8.91132e-12
1.60564e-09
-4.85818e-12
1.60836e-09
-2.31314e-12
1.61043e-09
-1.1414e-12
1.61242e-09
-1.13946e-12
1.61475e-09
-2.06061e-12
1.61773e-09
-3.61668e-12
1.6215e-09
-5.49874e-12
1.62606e-09
-7.39595e-12
1.63125e-09
-9.01622e-12
1.63684e-09
-1.01047e-11
1.64247e-09
-1.04572e-11
1.64775e-09
-9.92491e-12
1.65228e-09
-8.40566e-12
1.65572e-09
-5.80967e-12
1.65786e-09
-2.01103e-12
3.65347e-12
2.56732e-09
1.05913e-10
2.69658e-09
2.86705e-10
2.80568e-09
3.90249e-10
2.8729e-09
4.29349e-10
2.89431e-09
4.28702e-10
2.87753e-09
4.03449e-10
2.83718e-09
3.63077e-10
2.78361e-09
3.18386e-10
2.72454e-09
2.75841e-10
2.6656e-09
2.37266e-10
2.6098e-09
2.03646e-10
2.5581e-09
1.75728e-10
2.51073e-09
1.52981e-10
2.46753e-09
1.34554e-10
2.42804e-09
1.19895e-10
2.39165e-09
1.08497e-10
2.35776e-09
9.98285e-11
2.3258e-09
9.34699e-11
2.2952e-09
8.91178e-11
2.26544e-09
8.6542e-11
2.23601e-09
8.5566e-11
2.20643e-09
8.60847e-11
2.17621e-09
8.80458e-11
2.14486e-09
9.14335e-11
2.11187e-09
9.62693e-11
2.07672e-09
1.0261e-10
2.03884e-09
1.10547e-10
1.99763e-09
1.20209e-10
1.95241e-09
1.3178e-10
1.90249e-09
1.45518e-10
1.84709e-09
1.61812e-10
1.78548e-09
1.81258e-10
1.71696e-09
2.0487e-10
1.63898e-09
2.44964e-10
1.56958e-09
2.08619e-10
1.53288e-09
8.37875e-11
1.53068e-09
-2.37973e-11
1.56023e-09
-1.07644e-10
1.61962e-09
-1.87224e-10
1.70596e-09
-2.69053e-10
1.81677e-09
-3.67613e-10
1.93682e-09
-4.03144e-10
2.0587e-09
-3.96053e-10
2.1767e-09
-3.77784e-10
2.28688e-09
-3.47279e-10
2.3892e-09
-3.20128e-10
2.48409e-09
-2.97729e-10
2.56934e-09
-2.60891e-10
2.6473e-09
-2.38501e-10
2.71664e-09
-2.08378e-10
2.77609e-09
-1.73091e-10
2.82617e-09
-1.43673e-10
2.86506e-09
-9.67339e-11
2.89306e-09
-6.23235e-11
2.90782e-09
-6.17291e-12
2.90915e-09
4.06618e-11
2.89567e-09
9.63687e-11
2.86557e-09
1.58907e-10
2.82061e-09
2.00938e-10
2.75625e-09
2.74279e-10
2.67743e-09
3.05205e-10
2.58276e-09
3.46883e-10
2.47524e-09
3.72375e-10
2.35783e-09
3.8213e-10
2.23205e-09
3.93507e-10
2.1033e-09
3.7978e-10
1.97211e-09
3.7483e-10
1.84339e-09
3.50508e-10
1.71776e-09
3.32465e-10
1.59745e-09
3.08011e-10
1.48401e-09
2.82393e-10
1.37638e-09
2.63378e-10
1.27652e-09
2.38516e-10
1.18339e-09
2.19205e-10
1.09663e-09
2.0175e-10
1.01654e-09
1.83665e-10
9.42291e-10
1.68706e-10
8.73342e-10
1.55601e-10
8.09576e-10
1.42552e-10
7.50683e-10
1.30586e-10
6.96198e-10
1.19763e-10
6.46078e-10
1.0893e-10
6.00153e-10
9.84821e-11
5.58353e-10
8.8188e-11
5.20825e-10
7.76205e-11
4.87322e-10
6.78996e-11
4.57691e-10
5.87567e-11
4.32266e-10
4.9171e-11
4.10336e-10
4.16002e-11
3.91567e-10
3.51124e-11
3.76046e-10
2.85308e-11
3.62974e-10
2.40705e-11
3.51874e-10
2.05917e-11
3.43177e-10
1.62302e-11
3.35736e-10
1.43197e-11
3.30781e-10
9.64893e-12
3.2723e-10
7.23761e-12
3.26597e-10
1.45979e-12
3.27989e-10
-2.56508e-12
3.33541e-10
-1.12766e-11
3.42307e-10
-1.81482e-11
3.56115e-10
-2.91265e-11
3.7488e-10
-4.01856e-11
3.99264e-10
-5.2848e-11
4.30413e-10
-6.85586e-11
4.67724e-10
-8.30127e-11
5.12533e-10
-1.013e-10
5.64104e-10
-1.18061e-10
6.22757e-10
-1.36427e-10
6.88174e-10
-1.54436e-10
7.59866e-10
-1.72124e-10
8.37259e-10
-1.88755e-10
9.19778e-10
-2.0509e-10
1.006e-09
-2.1737e-10
1.09593e-09
-2.31715e-10
1.18753e-09
-2.39595e-10
1.28011e-09
-2.46463e-10
1.37276e-09
-2.51424e-10
1.46398e-09
-2.51194e-10
1.55308e-09
-2.49306e-10
1.63938e-09
-2.45586e-10
1.72178e-09
-2.37425e-10
1.79996e-09
-2.27673e-10
1.87374e-09
-2.17566e-10
1.94275e-09
-2.04955e-10
2.00714e-09
-1.92276e-10
2.0671e-09
-1.79578e-10
2.12298e-09
-1.67047e-10
2.17541e-09
-1.56574e-10
2.22494e-09
-1.48319e-10
2.27183e-09
-1.37954e-10
2.3168e-09
-1.32419e-10
2.36104e-09
-1.31696e-10
2.40368e-09
-1.24099e-10
2.44617e-09
-1.24803e-10
2.48795e-09
-1.27381e-10
2.52816e-09
-1.17392e-10
2.56728e-09
-1.2036e-10
2.60393e-09
-1.10702e-10
2.63683e-09
-1.01097e-10
2.66513e-09
-8.58216e-11
2.68616e-09
-6.11409e-11
2.69904e-09
-3.07771e-11
2.70109e-09
5.75331e-12
2.69043e-09
5.8374e-11
2.66633e-09
9.86071e-11
2.62477e-09
1.71388e-10
2.56709e-09
2.18248e-10
2.49224e-09
2.73881e-10
2.399e-09
3.279e-10
2.29149e-09
3.5792e-10
2.16641e-09
4.04412e-10
2.0315e-09
4.11644e-10
1.88427e-09
4.3457e-10
1.73254e-09
4.25456e-10
1.57484e-09
4.28273e-10
1.4181e-09
4.07709e-10
1.26502e-09
3.88687e-10
1.12821e-09
3.42045e-10
1.00753e-09
2.95235e-10
9.44437e-10
1.26067e-10
9.16342e-10
4.54475e-11
9.18329e-10
-2.1126e-11
9.47472e-10
-8.31171e-11
1.00708e-09
-1.60007e-10
1.09134e-09
-2.28343e-10
1.198e-09
-3.02972e-10
1.30678e-09
-3.14317e-10
1.40962e-09
-2.96627e-10
1.50589e-09
-2.77524e-10
1.59511e-09
-2.57008e-10
1.67698e-09
-2.35351e-10
1.75134e-09
-2.12915e-10
1.81815e-09
-1.90141e-10
1.87745e-09
-1.67431e-10
1.92941e-09
-1.45137e-10
1.97424e-09
-1.23594e-10
2.0123e-09
-1.03128e-10
2.04399e-09
-8.40477e-11
2.06982e-09
-6.66333e-11
2.0904e-09
-5.11342e-11
2.10638e-09
-3.77594e-11
2.1185e-09
-2.66634e-11
2.12753e-09
-1.79298e-11
2.13423e-09
-1.15549e-11
2.13936e-09
-7.43964e-12
2.14361e-09
-5.38681e-12
2.14758e-09
-5.10588e-12
2.15175e-09
-6.2281e-12
2.15646e-09
-8.32464e-12
2.1619e-09
-1.0932e-11
2.16808e-09
-1.3583e-11
2.1749e-09
-1.58386e-11
2.18211e-09
-1.73177e-11
2.18937e-09
-1.7722e-11
2.19629e-09
-1.68529e-11
2.2025e-09
-1.46177e-11
2.20769e-09
-1.10061e-11
2.21175e-09
-6.06752e-12
1.09897e-12
2.53833e-09
6.75818e-11
2.63117e-09
1.93869e-10
2.73759e-09
2.83827e-10
2.83186e-09
3.35074e-10
2.90395e-09
3.56613e-10
2.95184e-09
3.55565e-10
2.97575e-09
3.39167e-10
2.97963e-09
3.14499e-10
2.9696e-09
2.85877e-10
2.95078e-09
2.56081e-10
2.92667e-09
2.27754e-10
2.89954e-09
2.0286e-10
2.87133e-09
1.81189e-10
2.84321e-09
1.62674e-10
2.81561e-09
1.47497e-10
2.78869e-09
1.35421e-10
2.76246e-09
1.26058e-10
2.7368e-09
1.19131e-10
2.71148e-09
1.14438e-10
2.68621e-09
1.11805e-10
2.66071e-09
1.11075e-10
2.6346e-09
1.12187e-10
2.60753e-09
1.15119e-10
2.57909e-09
1.1988e-10
2.54883e-09
1.26524e-10
2.51629e-09
1.35147e-10
2.48096e-09
1.45883e-10
2.44226e-09
1.58909e-10
2.39958e-09
1.74455e-10
2.35228e-09
1.9282e-10
2.29969e-09
2.14408e-10
2.24117e-09
2.39772e-10
2.17624e-09
2.69804e-10
2.10293e-09
3.18274e-10
2.03519e-09
2.76355e-10
1.99301e-09
1.25972e-10
1.9813e-09
-1.20893e-11
2.00067e-09
-1.27015e-10
2.04971e-09
-2.36267e-10
2.12423e-09
-3.43568e-10
2.22e-09
-4.63386e-10
2.32491e-09
-5.08044e-10
2.43403e-09
-5.05179e-10
2.54076e-09
-4.84503e-10
2.64102e-09
-4.47536e-10
2.73441e-09
-4.1352e-10
2.82113e-09
-3.84452e-10
2.90017e-09
-3.39925e-10
2.97232e-09
-3.10655e-10
3.03683e-09
-2.72885e-10
3.09383e-09
-2.30097e-10
3.14275e-09
-1.92588e-10
3.18324e-09
-1.37226e-10
3.21484e-09
-9.3928e-11
3.23697e-09
-2.83046e-11
3.24872e-09
2.89193e-11
3.24951e-09
9.55769e-11
3.2378e-09
1.70617e-10
3.21388e-09
2.24859e-10
3.1749e-09
3.13257e-10
3.12252e-09
3.57584e-10
3.05531e-09
4.14098e-10
2.97446e-09
4.53225e-10
2.88099e-09
4.75599e-10
2.77622e-09
4.98277e-10
2.66339e-09
4.92607e-10
2.54373e-09
4.9449e-10
2.42101e-09
4.73233e-10
2.2968e-09
4.56672e-10
2.17347e-09
4.31345e-10
2.05331e-09
4.02554e-10
1.93617e-09
3.80522e-10
1.82448e-09
3.50204e-10
1.71793e-09
3.25755e-10
1.6167e-09
3.02978e-10
1.5215e-09
2.7887e-10
1.4318e-09
2.58405e-10
1.34739e-09
2.40013e-10
1.26826e-09
2.2169e-10
1.19425e-09
2.0459e-10
1.12493e-09
1.8908e-10
1.06032e-09
1.73545e-10
1.00023e-09
1.58564e-10
9.44612e-10
1.43801e-10
8.93673e-10
1.28554e-10
8.47224e-10
1.14344e-10
8.05194e-10
1.00781e-10
7.68188e-10
8.61715e-11
7.35549e-10
7.42362e-11
7.07153e-10
6.35056e-11
6.83225e-10
5.24583e-11
6.6303e-10
4.42655e-11
6.45983e-10
3.76411e-11
6.32706e-10
2.95107e-11
6.21693e-10
2.5338e-11
6.14461e-10
1.68851e-11
6.09537e-10
1.21668e-11
6.08762e-10
2.23951e-12
6.10953e-10
-4.75069e-12
6.18642e-10
-1.89623e-11
6.30563e-10
-3.00663e-11
6.48938e-10
-4.74996e-11
6.73466e-10
-6.47115e-11
7.04898e-10
-8.42792e-11
7.44359e-10
-1.08018e-10
7.91019e-10
-1.29671e-10
8.46131e-10
-1.5641e-10
9.08681e-10
-1.80608e-10
9.78671e-10
-2.06413e-10
1.05557e-09
-2.31326e-10
1.13844e-09
-2.54998e-10
1.22652e-09
-2.76831e-10
1.31883e-09
-2.97397e-10
1.4138e-09
-3.1233e-10
1.51108e-09
-3.29002e-10
1.60861e-09
-3.37123e-10
1.70555e-09
-3.43407e-10
1.80096e-09
-3.46837e-10
1.89347e-09
-3.43702e-10
1.98243e-09
-3.3827e-10
2.06735e-09
-3.30497e-10
2.14737e-09
-3.17448e-10
2.22243e-09
-3.02726e-10
2.29248e-09
-2.87618e-10
2.35751e-09
-2.69977e-10
2.41784e-09
-2.52614e-10
2.47386e-09
-2.35598e-10
2.52609e-09
-2.19274e-10
2.57517e-09
-2.05662e-10
2.62167e-09
-1.94812e-10
2.66608e-09
-1.82365e-10
2.70856e-09
-1.74902e-10
2.75068e-09
-1.73818e-10
2.7916e-09
-1.65026e-10
2.83198e-09
-1.6519e-10
2.87126e-09
-1.66667e-10
2.90947e-09
-1.5561e-10
2.94597e-09
-1.56859e-10
2.98039e-09
-1.45117e-10
3.01118e-09
-1.31886e-10
3.03813e-09
-1.12767e-10
3.059e-09
-8.20115e-11
3.07362e-09
-4.53885e-11
3.07943e-09
-5.77461e-14
3.07597e-09
6.18335e-11
3.06135e-09
1.13228e-10
3.03397e-09
1.98766e-10
2.9927e-09
2.59512e-10
2.937e-09
3.29584e-10
2.86447e-09
4.00426e-10
2.77735e-09
4.4504e-10
2.6721e-09
5.09664e-10
2.55357e-09
5.3018e-10
2.4191e-09
5.69038e-10
2.2745e-09
5.70063e-10
2.11829e-09
5.84481e-10
1.95662e-09
5.69386e-10
1.7939e-09
5.51407e-10
1.64653e-09
4.89414e-10
1.51346e-09
4.28313e-10
1.43673e-09
2.02797e-10
1.39779e-09
8.43832e-11
1.39358e-09
-1.69167e-11
1.42117e-09
-1.10704e-10
1.48292e-09
-2.21757e-10
1.57006e-09
-3.15482e-10
1.67797e-09
-4.10891e-10
1.78626e-09
-4.22608e-10
1.88763e-09
-3.98001e-10
1.98184e-09
-3.7174e-10
2.06863e-09
-3.43799e-10
2.14792e-09
-3.14647e-10
2.21975e-09
-2.84748e-10
2.28423e-09
-2.54624e-10
2.34154e-09
-2.24745e-10
2.39192e-09
-1.95521e-10
2.43567e-09
-1.67342e-10
2.47314e-09
-1.40595e-10
2.50474e-09
-1.15648e-10
2.53095e-09
-9.28393e-11
2.55229e-09
-7.24753e-11
2.56936e-09
-5.48222e-11
2.58279e-09
-4.00861e-11
2.59325e-09
-2.83868e-11
2.60144e-09
-1.97346e-11
2.60802e-09
-1.40164e-11
2.61363e-09
-1.09916e-11
2.61883e-09
-1.0299e-11
2.62408e-09
-1.14727e-11
2.62972e-09
-1.39651e-11
2.63597e-09
-1.71781e-11
2.64289e-09
-2.05033e-11
2.65041e-09
-2.3365e-11
2.65835e-09
-2.52605e-11
2.66642e-09
-2.5796e-11
2.67428e-09
-2.47184e-11
2.68159e-09
-2.19372e-11
2.68808e-09
-1.75074e-11
2.69365e-09
-1.16354e-11
-3.01065e-12
2.52326e-09
4.43178e-11
2.58626e-09
1.30872e-10
2.67044e-09
1.99649e-10
2.75962e-09
2.45892e-10
2.8436e-09
2.72635e-10
2.91574e-09
2.83427e-10
2.97309e-09
2.81815e-10
3.01608e-09
2.71506e-10
3.0465e-09
2.55459e-10
3.0653e-09
2.37287e-10
3.07422e-09
2.18833e-10
3.07651e-09
2.00567e-10
3.0742e-09
1.83496e-10
3.06838e-09
1.68493e-10
3.0598e-09
1.56084e-10
3.04922e-09
1.45999e-10
3.03718e-09
1.38101e-10
3.02392e-09
1.32382e-10
3.00957e-09
1.28789e-10
2.99411e-09
1.27274e-10
2.97749e-09
1.27685e-10
2.95957e-09
1.30108e-10
2.94014e-09
1.34553e-10
2.91894e-09
1.41078e-10
2.89568e-09
1.49786e-10
2.87e-09
1.60824e-10
2.84151e-09
1.74375e-10
2.80975e-09
1.90666e-10
2.77424e-09
2.09971e-10
2.73444e-09
2.32621e-10
2.68982e-09
2.59026e-10
2.63989e-09
2.89698e-10
2.58428e-09
3.25413e-10
2.52162e-09
3.80936e-10
2.46132e-09
3.36658e-10
2.41799e-09
1.69302e-10
2.39856e-09
7.34141e-12
2.40646e-09
-1.34924e-10
2.4411e-09
-2.70904e-10
2.49802e-09
-4.00489e-10
2.57267e-09
-5.38028e-10
2.65636e-09
-5.91733e-10
2.74628e-09
-5.95099e-10
2.83509e-09
-5.73319e-10
2.91874e-09
-5.31184e-10
2.99663e-09
-4.91408e-10
3.0689e-09
-4.56722e-10
3.13553e-09
-4.0655e-10
3.19616e-09
-3.71282e-10
3.25008e-09
-3.26809e-10
3.29903e-09
-2.7905e-10
3.3417e-09
-2.35258e-10
3.3788e-09
-1.74326e-10
3.4095e-09
-1.2463e-10
3.4344e-09
-5.32015e-11
3.45247e-09
1.08452e-11
3.4638e-09
8.42537e-11
3.46732e-09
1.67095e-10
3.46246e-09
2.29721e-10
3.44793e-09
3.27788e-10
3.42319e-09
3.82321e-10
3.38699e-09
4.50303e-10
3.33902e-09
5.01189e-10
3.27864e-09
5.35977e-10
3.20673e-09
5.70185e-10
3.12414e-09
5.75204e-10
3.03211e-09
5.86515e-10
2.93267e-09
5.7268e-10
2.82765e-09
5.61684e-10
2.71888e-09
5.40118e-10
2.60888e-09
5.12559e-10
2.49807e-09
4.91331e-10
2.38905e-09
4.59227e-10
2.28217e-09
4.32633e-10
2.17815e-09
4.06998e-10
2.07809e-09
3.7893e-10
1.98191e-09
3.54585e-10
1.88984e-09
3.32089e-10
1.80205e-09
3.09481e-10
1.7187e-09
2.87938e-10
1.63947e-09
2.683e-10
1.56454e-09
2.48478e-10
1.4938e-09
2.29299e-10
1.42724e-09
2.10354e-10
1.36514e-09
1.90648e-10
1.30739e-09
1.72088e-10
1.25401e-09
1.54157e-10
1.20587e-09
1.3431e-10
1.16243e-09
1.17672e-10
1.12392e-09
1.02011e-10
1.09075e-09
8.56233e-11
1.06249e-09
7.25329e-11
1.03853e-09
6.16e-11
1.0198e-09
4.82491e-11
1.00451e-09
4.06263e-11
9.94455e-10
2.69477e-11
9.87778e-10
1.88494e-11
9.86569e-10
3.4544e-12
9.89227e-10
-7.40337e-12
9.9868e-10
-2.84101e-11
1.01323e-09
-4.46128e-11
1.03538e-09
-6.96489e-11
1.06454e-09
-9.38672e-11
1.1015e-09
-1.21234e-10
1.14718e-09
-1.537e-10
1.20058e-09
-1.83061e-10
1.26266e-09
-2.18491e-10
1.33219e-09
-2.50139e-10
1.40876e-09
-2.82976e-10
1.49165e-09
-3.14213e-10
1.5795e-09
-3.42839e-10
1.67138e-09
-3.68713e-10
1.76598e-09
-3.91988e-10
1.86167e-09
-4.08021e-10
1.95787e-09
-4.25197e-10
2.05258e-09
-4.31837e-10
2.14495e-09
-4.35774e-10
2.23411e-09
-4.36004e-10
2.31895e-09
-4.28547e-10
2.39901e-09
-4.18328e-10
2.47403e-09
-4.05515e-10
2.54349e-09
-3.86913e-10
2.60763e-09
-3.66861e-10
2.66662e-09
-3.46604e-10
2.72077e-09
-3.24116e-10
2.77061e-09
-3.02455e-10
2.81669e-09
-2.81672e-10
2.85965e-09
-2.62242e-10
2.90017e-09
-2.4618e-10
2.93874e-09
-2.33383e-10
2.97596e-09
-2.1959e-10
3.01142e-09
-2.1037e-10
3.04758e-09
-2.09966e-10
3.08224e-09
-1.99687e-10
3.11668e-09
-1.99635e-10
3.1499e-09
-1.99888e-10
3.18256e-09
-1.88281e-10
3.21327e-09
-1.87569e-10
3.24245e-09
-1.74301e-10
3.26851e-09
-1.57948e-10
3.29177e-09
-1.36031e-10
3.3105e-09
-1.00741e-10
3.32503e-09
-5.99162e-11
3.33359e-09
-8.60917e-12
3.33622e-09
5.92005e-11
3.33089e-09
1.18564e-10
3.3179e-09
2.11754e-10
3.2945e-09
2.82913e-10
3.26072e-09
3.63356e-10
3.21367e-09
4.47478e-10
3.15403e-09
5.04679e-10
3.07828e-09
5.85417e-10
2.98851e-09
6.19954e-10
2.88186e-09
6.75692e-10
2.76156e-09
6.90365e-10
2.62573e-09
7.20313e-10
2.47871e-09
7.16406e-10
2.32584e-09
7.04284e-10
2.18617e-09
6.29078e-10
2.05733e-09
5.57162e-10
1.97764e-09
2.82485e-10
1.93419e-09
1.27833e-10
1.92593e-09
-8.65954e-12
1.95072e-09
-1.35488e-10
2.01027e-09
-2.8131e-10
2.09356e-09
-3.98779e-10
2.19425e-09
-5.11581e-10
2.29351e-09
-5.21869e-10
2.38522e-09
-4.89719e-10
2.46948e-09
-4.55999e-10
2.54625e-09
-4.20578e-10
2.6157e-09
-3.84096e-10
2.67805e-09
-3.47107e-10
2.73361e-09
-3.10186e-10
2.7827e-09
-2.73838e-10
2.82566e-09
-2.38491e-10
2.86289e-09
-2.04567e-10
2.89478e-09
-1.72484e-10
2.92176e-09
-1.42633e-10
2.94429e-09
-1.15367e-10
2.96284e-09
-9.1015e-11
2.97789e-09
-6.98689e-11
2.98998e-09
-5.21635e-11
2.99964e-09
-3.80395e-11
3.00742e-09
-2.75123e-11
3.01387e-09
-2.04544e-11
3.01948e-09
-1.65917e-11
3.0247e-09
-1.55118e-11
3.02991e-09
-1.66814e-11
3.03541e-09
-1.9467e-11
3.04141e-09
-2.31693e-11
3.04797e-09
-2.70702e-11
3.05509e-09
-3.04848e-11
3.06263e-09
-3.28082e-11
3.07039e-09
-3.35603e-11
3.0781e-09
-3.24345e-11
3.08548e-09
-2.93322e-11
3.09232e-09
-2.43465e-11
3.09849e-09
-1.78125e-11
-7.91836e-12
2.51532e-09
2.89969e-11
2.55949e-09
8.66995e-11
2.62379e-09
1.35352e-10
2.69867e-09
1.71015e-10
2.7768e-09
1.94502e-10
2.8526e-09
2.0763e-10
2.92219e-09
2.12225e-10
2.98339e-09
2.10298e-10
3.03517e-09
2.03683e-10
3.07806e-09
1.94401e-10
3.11298e-09
1.83914e-10
3.14067e-09
1.72876e-10
3.16173e-09
1.62436e-10
3.17707e-09
1.53145e-10
3.18818e-09
1.44977e-10
3.19581e-09
1.38375e-10
3.20035e-09
1.33554e-10
3.20221e-09
1.30525e-10
3.20169e-09
1.29307e-10
3.19894e-09
1.30025e-10
3.19419e-09
1.32441e-10
3.18738e-09
1.36911e-10
3.1785e-09
1.43435e-10
3.16745e-09
1.52133e-10
3.15407e-09
1.63167e-10
3.13816e-09
1.76735e-10
3.11946e-09
1.93072e-10
3.09767e-09
2.12453e-10
3.07245e-09
2.35195e-10
3.04342e-09
2.61648e-10
3.01022e-09
2.92227e-10
2.97249e-09
3.27426e-10
2.92997e-09
3.67934e-10
2.88188e-09
4.29031e-10
2.83314e-09
3.854e-10
2.79258e-09
2.09861e-10
2.76828e-09
3.16389e-11
2.76595e-09
-1.32592e-10
2.78579e-09
-2.90745e-10
2.82371e-09
-4.38406e-10
2.87556e-09
-5.89877e-10
2.93617e-09
-6.52351e-10
3.00452e-09
-6.63447e-10
3.07276e-09
-6.41555e-10
3.13688e-09
-5.95309e-10
3.19625e-09
-5.50775e-10
3.25106e-09
-5.11534e-10
3.30139e-09
-4.56872e-10
3.34716e-09
-4.17052e-10
3.38796e-09
-3.67619e-10
3.42525e-09
-3.16333e-10
3.45818e-09
-2.6819e-10
3.48814e-09
-2.04285e-10
3.51415e-09
-1.50638e-10
3.53763e-09
-7.66905e-11
3.55763e-09
-9.15273e-12
3.57473e-09
6.71535e-11
3.58845e-09
1.53385e-10
3.59776e-09
2.20412e-10
3.60273e-09
3.22811e-10
3.60153e-09
3.83523e-10
3.59323e-09
4.586e-10
3.57664e-09
5.17779e-10
3.5501e-09
5.62525e-10
3.51413e-09
6.06155e-10
3.46744e-09
6.21884e-10
3.41114e-09
6.42818e-10
3.34535e-09
6.3847e-10
3.27171e-09
6.35328e-10
3.19099e-09
6.20836e-10
3.1054e-09
5.98148e-10
3.01553e-09
5.812e-10
2.92361e-09
5.51147e-10
2.83041e-09
5.25837e-10
2.73694e-09
5.00469e-10
2.64451e-09
4.71359e-10
2.55342e-09
4.45673e-10
2.46433e-09
4.21185e-10
2.37758e-09
3.96224e-10
2.29368e-09
3.71838e-10
2.2125e-09
3.49474e-10
2.1344e-09
3.26571e-10
2.05945e-09
3.04251e-10
1.98771e-09
2.82086e-10
1.91954e-09
2.5881e-10
1.85493e-09
2.36693e-10
1.79397e-09
2.15115e-10
1.73771e-09
1.90568e-10
1.68575e-09
1.69632e-10
1.63871e-09
1.49048e-10
1.59717e-09
1.27164e-10
1.56116e-09
1.08541e-10
1.53022e-09
9.25477e-11
1.50565e-09
7.2816e-11
1.48563e-09
6.06499e-11
1.47219e-09
4.03907e-11
1.46324e-09
2.78073e-11
1.461e-09
5.69659e-12
1.46356e-09
-9.95548e-12
1.47391e-09
-3.87577e-11
1.49002e-09
-6.0715e-11
1.51448e-09
-9.41055e-11
1.54634e-09
-1.25725e-10
1.5864e-09
-1.61282e-10
1.6352e-09
-2.02504e-10
1.69165e-09
-2.39503e-10
1.75628e-09
-2.83115e-10
1.82774e-09
-3.21594e-10
1.90513e-09
-3.60367e-10
1.98766e-09
-3.96742e-10
2.07356e-09
-4.28729e-10
2.16188e-09
-4.57031e-10
2.251e-09
-4.81107e-10
2.33944e-09
-4.96456e-10
2.42637e-09
-5.12128e-10
2.51007e-09
-5.1554e-10
2.58973e-09
-5.15432e-10
2.66471e-09
-5.10979e-10
2.73424e-09
-4.98079e-10
2.7981e-09
-4.82197e-10
2.85635e-09
-4.63761e-10
2.90882e-09
-4.39382e-10
2.95606e-09
-4.14094e-10
2.99847e-09
-3.89014e-10
3.03667e-09
-3.62305e-10
3.07137e-09
-3.37149e-10
3.10323e-09
-3.13527e-10
3.13298e-09
-2.91996e-10
3.16125e-09
-2.74441e-10
3.18839e-09
-2.60534e-10
3.21501e-09
-2.46209e-10
3.24129e-09
-2.36651e-10
3.2677e-09
-2.36383e-10
3.29321e-09
-2.25202e-10
3.31913e-09
-2.25559e-10
3.34385e-09
-2.24611e-10
3.36855e-09
-2.12983e-10
3.39136e-09
-2.10384e-10
3.4133e-09
-1.96246e-10
3.43285e-09
-1.77502e-10
3.45075e-09
-1.53928e-10
3.46574e-09
-1.15735e-10
3.47867e-09
-7.28437e-11
3.48804e-09
-1.79761e-11
3.495e-09
5.22373e-11
3.49724e-09
1.16328e-10
3.49653e-09
2.12471e-10
3.4891e-09
2.90339e-10
3.47582e-09
3.76637e-10
3.45381e-09
4.69486e-10
3.42265e-09
5.35838e-10
3.3792e-09
6.28874e-10
3.32332e-09
6.75829e-10
3.25224e-09
7.4677e-10
3.16668e-09
7.75931e-10
3.06426e-09
8.22731e-10
2.9471e-09
8.33576e-10
2.82063e-09
8.30753e-10
2.70521e-09
7.445e-10
2.59672e-09
6.65651e-10
2.52593e-09
3.53282e-10
2.48633e-09
1.67434e-10
2.47853e-09
-8.58728e-13
2.50142e-09
-1.58375e-10
2.55627e-09
-3.36162e-10
2.63082e-09
-4.73332e-10
2.71772e-09
-5.98484e-10
2.80153e-09
-6.05681e-10
2.87769e-09
-5.65891e-10
2.94652e-09
-5.24832e-10
3.00818e-09
-4.82242e-10
3.06297e-09
-4.38895e-10
3.1113e-09
-3.95435e-10
3.1536e-09
-3.52492e-10
3.19033e-09
-3.10572e-10
3.22193e-09
-2.70092e-10
3.24884e-09
-2.31486e-10
3.27156e-09
-1.95195e-10
3.29052e-09
-1.61596e-10
3.30618e-09
-1.3102e-10
3.31895e-09
-1.0378e-10
3.32925e-09
-8.01677e-11
3.33752e-09
-6.04218e-11
3.34417e-09
-4.46807e-11
3.34961e-09
-3.29433e-11
3.35422e-09
-2.50536e-11
3.35833e-09
-2.06997e-11
3.36226e-09
-1.94297e-11
3.36625e-09
-2.06676e-11
3.37051e-09
-2.3727e-11
3.37518e-09
-2.78429e-11
3.38033e-09
-3.22249e-11
3.38596e-09
-3.6116e-11
3.39199e-09
-3.88393e-11
3.39827e-09
-3.9849e-11
3.40463e-09
-3.87967e-11
3.41086e-09
-3.55764e-11
3.41681e-09
-3.02992e-11
3.42239e-09
-2.33959e-11
-1.25796e-11
2.51117e-09
1.78281e-11
2.54432e-09
5.35443e-11
2.59498e-09
8.46955e-11
2.65727e-09
1.08726e-10
2.72609e-09
1.25681e-10
2.79723e-09
1.36487e-10
2.86731e-09
1.42151e-10
2.93385e-09
1.43753e-10
2.99521e-09
1.42328e-10
3.05064e-09
1.38968e-10
3.09997e-09
1.3459e-10
3.14311e-09
1.29729e-10
3.18054e-09
1.2501e-10
3.21277e-09
1.20918e-10
3.24014e-09
1.17603e-10
3.26321e-09
1.15301e-10
3.28251e-09
1.14263e-10
3.29841e-09
1.14625e-10
3.31123e-09
1.16479e-10
3.32124e-09
1.20023e-10
3.3286e-09
1.25082e-10
3.33345e-09
1.32059e-10
3.33586e-09
1.41021e-10
3.33585e-09
1.52142e-10
3.33339e-09
1.65629e-10
3.3284e-09
1.81726e-10
3.32076e-09
2.00712e-10
3.31031e-09
2.22905e-10
3.29684e-09
2.48658e-10
3.28017e-09
2.78323e-10
3.26008e-09
3.12314e-10
3.23635e-09
3.51156e-10
3.20881e-09
3.95479e-10
3.17724e-09
4.60601e-10
3.14247e-09
4.2017e-10
3.10768e-09
2.44647e-10
3.08148e-09
5.78473e-11
3.07122e-09
-1.22332e-10
3.07784e-09
-2.97369e-10
3.09786e-09
-4.58426e-10
3.12788e-09
-6.19891e-10
3.16605e-09
-6.90529e-10
3.21288e-09
-7.10279e-10
3.26025e-09
-6.88917e-10
3.30427e-09
-6.39337e-10
3.34432e-09
-5.90824e-10
3.38063e-09
-5.47844e-10
3.41352e-09
-4.89759e-10
3.44299e-09
-4.46523e-10
3.4691e-09
-3.9373e-10
3.49311e-09
-3.40343e-10
3.51448e-09
-2.89563e-10
3.53508e-09
-2.2488e-10
3.55388e-09
-1.69443e-10
3.57293e-09
-9.57355e-11
3.59132e-09
-2.7547e-11
3.61006e-09
4.84148e-11
3.62914e-09
1.34304e-10
3.6474e-09
2.02157e-10
3.66657e-09
3.03643e-10
3.68269e-09
3.67396e-10
3.69542e-09
4.45879e-10
3.70496e-09
5.08234e-10
3.7081e-09
5.59385e-10
3.70481e-09
6.0944e-10
3.69266e-09
6.34039e-10
3.67273e-09
6.62747e-10
3.6436e-09
6.67598e-10
3.60644e-09
6.72491e-10
3.56088e-09
6.66394e-10
3.5085e-09
6.50531e-10
3.44972e-09
6.39972e-10
3.38601e-09
6.14864e-10
3.31819e-09
5.93649e-10
3.2473e-09
5.7136e-10
3.17455e-09
5.44116e-10
3.10041e-09
5.19808e-10
3.02581e-09
4.95784e-10
2.95119e-09
4.70843e-10
2.87727e-09
4.45756e-10
2.8041e-09
4.22633e-10
2.73221e-09
3.98451e-10
2.66183e-09
3.74629e-10
2.59315e-09
3.50765e-10
2.52657e-09
3.25386e-10
2.4622e-09
3.01066e-10
2.40016e-09
2.77153e-10
2.34158e-09
2.4915e-10
2.28615e-09
2.2506e-10
2.23485e-09
2.00354e-10
2.18827e-09
1.73742e-10
2.14701e-09
1.49799e-10
2.11076e-09
1.28799e-10
2.08129e-09
1.02288e-10
2.05693e-09
8.50052e-11
2.04001e-09
5.73202e-11
2.0284e-09
3.94132e-11
2.02443e-09
9.67082e-12
2.02599e-09
-1.15129e-11
2.03595e-09
-4.8714e-11
2.052e-09
-7.6762e-11
2.07663e-09
-1.18731e-10
2.10851e-09
-1.57592e-10
2.14835e-09
-2.01126e-10
2.19624e-09
-2.5038e-10
2.25106e-09
-2.94324e-10
2.31281e-09
-3.44853e-10
2.38016e-09
-3.88946e-10
2.45176e-09
-4.31962e-10
2.52683e-09
-4.71817e-10
2.60331e-09
-5.05199e-10
2.68036e-09
-5.34082e-10
2.75617e-09
-5.56925e-10
2.82954e-09
-5.6982e-10
2.89945e-09
-5.82042e-10
2.96462e-09
-5.80707e-10
3.02438e-09
-5.75192e-10
3.07842e-09
-5.65021e-10
3.12643e-09
-5.4609e-10
3.16844e-09
-5.242e-10
3.20475e-09
-5.00071e-10
3.2356e-09
-4.70232e-10
3.26185e-09
-4.40339e-10
3.28412e-09
-4.11275e-10
3.30326e-09
-3.81432e-10
3.3201e-09
-3.53981e-10
3.33535e-09
-3.28772e-10
3.34975e-09
-3.06387e-10
3.36378e-09
-2.88471e-10
3.37769e-09
-2.74444e-10
3.39211e-09
-2.60634e-10
3.40738e-09
-2.51928e-10
3.4222e-09
-2.51215e-10
3.43751e-09
-2.40521e-10
3.45331e-09
-2.41358e-10
3.46817e-09
-2.39481e-10
3.48358e-09
-2.28395e-10
3.4974e-09
-2.24206e-10
3.51104e-09
-2.09891e-10
3.52312e-09
-1.89585e-10
3.53467e-09
-1.65476e-10
3.54487e-09
-1.25942e-10
3.55491e-09
-8.2885e-11
3.56369e-09
-2.67494e-11
3.57344e-09
4.24823e-11
3.58111e-09
1.08668e-10
3.58902e-09
2.04562e-10
3.59406e-09
2.85294e-10
3.59807e-09
3.72628e-10
3.59794e-09
4.69619e-10
3.59255e-09
5.41229e-10
3.57956e-09
6.41858e-10
3.55726e-09
6.98134e-10
3.52325e-09
7.80781e-10
3.47615e-09
8.23037e-10
3.41342e-09
8.85458e-10
3.33503e-09
9.11968e-10
3.24602e-09
9.19768e-10
3.16673e-09
8.23794e-10
3.09108e-09
7.41306e-10
3.03952e-09
4.04843e-10
3.01183e-09
1.95126e-10
3.00964e-09
1.33056e-12
3.03271e-09
-1.81448e-10
3.08184e-09
-3.8529e-10
3.14454e-09
-5.36032e-10
3.2132e-09
-6.67147e-10
3.27728e-09
-6.69764e-10
3.33413e-09
-6.22745e-10
3.38417e-09
-5.74884e-10
3.42772e-09
-5.25791e-10
3.46512e-09
-4.76308e-10
3.49689e-09
-4.27202e-10
3.52359e-09
-3.79201e-10
3.54578e-09
-3.32762e-10
3.56393e-09
-2.88241e-10
3.57854e-09
-2.46097e-10
3.59014e-09
-2.06791e-10
3.59919e-09
-1.70651e-10
3.60613e-09
-1.37949e-10
3.61132e-09
-1.08964e-10
3.61513e-09
-8.397e-11
3.61791e-09
-6.32006e-11
3.62e-09
-4.6761e-11
3.62167e-09
-3.46013e-11
3.62313e-09
-2.65146e-11
3.62458e-09
-2.21371e-11
3.62614e-09
-2.0983e-11
3.62793e-09
-2.24554e-11
3.63004e-09
-2.58407e-11
3.63254e-09
-3.03385e-11
3.63543e-09
-3.51209e-11
3.63871e-09
-3.93967e-11
3.64231e-09
-4.24503e-11
3.64616e-09
-4.36963e-11
3.65013e-09
-4.27734e-11
3.65413e-09
-3.95814e-11
3.65806e-09
-3.42383e-11
3.6619e-09
-2.72286e-11
-1.5947e-11
2.50904e-09
8.79297e-12
2.53612e-09
2.64568e-11
2.57862e-09
4.21991e-11
2.63255e-09
5.47958e-11
2.69406e-09
6.41703e-11
2.75981e-09
7.07337e-11
2.827e-09
7.4969e-11
2.89337e-09
7.73785e-11
2.95725e-09
7.84506e-11
3.01753e-09
7.86884e-11
3.07359e-09
7.85305e-11
3.12505e-09
7.82668e-11
3.17185e-09
7.82064e-11
3.21414e-09
7.86297e-11
3.25207e-09
7.96735e-11
3.28588e-09
8.14863e-11
3.31589e-09
8.42547e-11
3.34239e-09
8.81244e-11
3.36565e-09
9.32171e-11
3.38598e-09
9.97016e-11
3.40343e-09
1.07624e-10
3.41827e-09
1.17224e-10
3.43061e-09
1.28685e-10
3.44054e-09
1.42212e-10
3.44812e-09
1.58046e-10
3.45338e-09
1.76466e-10
3.45631e-09
1.97782e-10
3.45687e-09
2.22346e-10
3.45497e-09
2.50552e-10
3.4506e-09
2.82698e-10
3.4437e-09
3.19214e-10
3.43411e-09
3.60741e-10
3.42175e-09
4.07838e-10
3.40694e-09
4.7541e-10
3.38697e-09
4.40142e-10
3.35988e-09
2.71739e-10
3.33423e-09
8.34953e-11
3.31852e-09
-1.06623e-10
3.31426e-09
-2.93102e-10
3.31861e-09
-4.62782e-10
3.32899e-09
-6.30274e-10
3.34656e-09
-7.08093e-10
3.37309e-09
-7.36814e-10
3.40044e-09
-7.16264e-10
3.42496e-09
-6.63861e-10
3.44606e-09
-6.11925e-10
3.46404e-09
-5.65827e-10
3.47954e-09
-5.05262e-10
3.49258e-09
-4.59561e-10
3.50358e-09
-4.04724e-10
3.51382e-09
-3.50589e-10
3.52294e-09
-2.9868e-10
3.53313e-09
-2.35071e-10
3.5434e-09
-1.79715e-10
3.55618e-09
-1.08511e-10
3.57065e-09
-4.20182e-11
3.58808e-09
3.09851e-11
3.60882e-09
1.13564e-10
3.63156e-09
1.79416e-10
3.65835e-09
2.7686e-10
3.68587e-09
3.39872e-10
3.7136e-09
4.18154e-10
3.74146e-09
4.80375e-10
3.7678e-09
5.33039e-10
3.79177e-09
5.85471e-10
3.80949e-09
6.16315e-10
3.82207e-09
6.50169e-10
3.82715e-09
6.62524e-10
3.82549e-09
6.74145e-10
3.81586e-09
6.76025e-10
3.79925e-09
6.67139e-10
3.77581e-09
6.63406e-10
3.74604e-09
6.44641e-10
3.71062e-09
6.29063e-10
3.67038e-09
6.11605e-10
3.62616e-09
5.8833e-10
3.57842e-09
5.67546e-10
3.5281e-09
5.46105e-10
3.47565e-09
5.23284e-10
3.42176e-09
4.99646e-10
3.36659e-09
4.77791e-10
3.31074e-09
4.54298e-10
3.25454e-09
4.30828e-10
3.19826e-09
4.07043e-10
3.14231e-09
3.81337e-10
3.08689e-09
3.56494e-10
3.03213e-09
3.31916e-10
2.97909e-09
3.02194e-10
2.92752e-09
2.76627e-10
2.87864e-09
2.4924e-10
2.83289e-09
2.19496e-10
2.79136e-09
1.91329e-10
2.75382e-09
1.6633e-10
2.7224e-09
1.33715e-10
2.69576e-09
1.11641e-10
2.67641e-09
7.66702e-11
2.66252e-09
5.32947e-11
2.65643e-09
1.57631e-11
2.65609e-09
-1.11791e-11
2.66411e-09
-5.67326e-11
2.67809e-09
-9.0732e-11
2.7002e-09
-1.40836e-10
2.72876e-09
-1.86149e-10
2.76443e-09
-2.36782e-10
2.80663e-09
-2.92572e-10
2.85446e-09
-3.4215e-10
2.90723e-09
-3.9762e-10
2.96388e-09
-4.45593e-10
3.02262e-09
-4.90701e-10
3.08288e-09
-5.32074e-10
3.14242e-09
-5.64741e-10
3.20068e-09
-5.92346e-10
3.25575e-09
-6.12006e-10
3.30682e-09
-6.20885e-10
3.35275e-09
-6.27979e-10
3.39291e-09
-6.20865e-10
3.42693e-09
-6.09218e-10
3.45492e-09
-5.93009e-10
3.47696e-09
-5.68124e-10
3.49321e-09
-5.40447e-10
3.50427e-09
-5.11123e-10
3.51087e-09
-4.76826e-10
3.51411e-09
-4.43573e-10
3.51475e-09
-4.11909e-10
3.51381e-09
-3.80477e-10
3.51212e-09
-3.52282e-10
3.51033e-09
-3.26973e-10
3.50906e-09
-3.05112e-10
3.50863e-09
-2.88038e-10
3.50914e-09
-2.74948e-10
3.51119e-09
-2.62692e-10
3.51436e-09
-2.55107e-10
3.51813e-09
-2.54996e-10
3.52272e-09
-2.4512e-10
3.52807e-09
-2.46719e-10
3.53283e-09
-2.44243e-10
3.53864e-09
-2.34217e-10
3.54327e-09
-2.28838e-10
3.54838e-09
-2.15004e-10
3.55276e-09
-1.93966e-10
3.55763e-09
-1.70341e-10
3.56254e-09
-1.30858e-10
3.56888e-09
-8.92255e-11
3.57586e-09
-3.37299e-11
3.58579e-09
3.25575e-11
3.59618e-09
9.82776e-11
3.61099e-09
1.89754e-10
3.62632e-09
2.6997e-10
3.64341e-09
3.55541e-10
3.66026e-09
4.52769e-10
3.67644e-09
5.25047e-10
3.69017e-09
6.28134e-10
3.69802e-09
6.90281e-10
3.69792e-09
7.80882e-10
3.68766e-09
8.33291e-10
3.66501e-09
9.08113e-10
3.62814e-09
9.4884e-10
3.58133e-09
9.66583e-10
3.54408e-09
8.61048e-10
3.5081e-09
7.77283e-10
3.48261e-09
4.30338e-10
3.47261e-09
2.05127e-10
3.48013e-09
-6.18802e-12
3.50543e-09
-2.06743e-10
3.54862e-09
-4.2848e-10
3.59785e-09
-5.85268e-10
3.64586e-09
-7.15164e-10
3.68795e-09
-7.11849e-10
3.72355e-09
-6.58359e-10
3.75319e-09
-6.04523e-10
3.77718e-09
-5.49788e-10
3.79589e-09
-4.95026e-10
3.80999e-09
-4.41301e-10
3.82022e-09
-3.89437e-10
3.82714e-09
-3.39679e-10
3.83118e-09
-2.92287e-10
3.83292e-09
-2.47832e-10
3.8329e-09
-2.06771e-10
3.83155e-09
-1.69296e-10
3.82923e-09
-1.35631e-10
3.82629e-09
-1.06013e-10
3.82304e-09
-8.07135e-11
3.8198e-09
-5.99534e-11
3.81678e-09
-4.37365e-11
3.81411e-09
-3.19321e-11
3.81187e-09
-2.42703e-11
3.81007e-09
-2.03269e-11
3.80869e-09
-1.96007e-11
3.80773e-09
-2.14961e-11
3.80718e-09
-2.52875e-11
3.80699e-09
-3.01574e-11
3.80714e-09
-3.52662e-11
3.80756e-09
-3.98215e-11
3.8082e-09
-4.30972e-11
3.80901e-09
-4.45062e-11
3.80995e-09
-4.37223e-11
3.81103e-09
-4.06625e-11
3.81223e-09
-3.54374e-11
3.81353e-09
-2.85283e-11
-1.72835e-11
2.50808e-09
7.09295e-13
2.53238e-09
2.15656e-12
2.57097e-09
3.60809e-12
2.6207e-09
5.06571e-12
2.67829e-09
6.58283e-12
2.7408e-09
8.22786e-12
2.80571e-09
1.00617e-11
2.87096e-09
1.21278e-11
2.93495e-09
1.44545e-11
2.99655e-09
1.70877e-11
3.05501e-09
2.00712e-11
3.10985e-09
2.34319e-11
3.16081e-09
2.72403e-11
3.20788e-09
3.15657e-11
3.2511e-09
3.64512e-11
3.2906e-09
4.19883e-11
3.32656e-09
4.82925e-11
3.35922e-09
5.54682e-11
3.3888e-09
6.36326e-11
3.41557e-09
7.29378e-11
3.43967e-09
8.35191e-11
3.46132e-09
9.5569e-11
3.48071e-09
1.09303e-10
3.49797e-09
1.24951e-10
3.51324e-09
1.42775e-10
3.52663e-09
1.63072e-10
3.53824e-09
1.86176e-10
3.54812e-09
2.12466e-10
3.55627e-09
2.42401e-10
3.56285e-09
2.76117e-10
3.56791e-09
3.14157e-10
3.57126e-09
3.57393e-10
3.57295e-09
4.06144e-10
3.57382e-09
4.74539e-10
3.56821e-09
4.45757e-10
3.54969e-09
2.90261e-10
3.52637e-09
1.06812e-10
3.50735e-09
-8.76036e-11
3.49451e-09
-2.80264e-10
3.48566e-09
-4.5393e-10
3.47892e-09
-6.2354e-10
3.47801e-09
-7.07176e-10
3.48576e-09
-7.44574e-10
3.49427e-09
-7.24775e-10
3.50024e-09
-6.69828e-10
3.50316e-09
-6.14848e-10
3.50344e-09
-5.66112e-10
3.50208e-09
-5.03896e-10
3.4991e-09
-4.5658e-10
3.49524e-09
-4.00862e-10
3.49188e-09
-3.47231e-10
3.48877e-09
-2.95573e-10
3.48835e-09
-2.34644e-10
3.48964e-09
-1.81014e-10
3.49532e-09
-1.14185e-10
3.50463e-09
-5.13324e-11
3.51899e-09
1.66292e-11
3.53899e-09
9.35659e-11
3.56328e-09
1.55128e-10
3.59454e-09
2.45595e-10
3.62961e-09
3.04802e-10
3.66871e-09
3.79058e-10
3.70985e-09
4.39231e-10
3.75089e-09
4.92003e-10
3.79314e-09
5.43221e-10
3.83355e-09
5.759e-10
3.87238e-09
6.1134e-10
3.90564e-09
6.29265e-10
3.93438e-09
6.45404e-10
3.95678e-09
6.53624e-10
3.97342e-09
6.50501e-10
3.98413e-09
6.52697e-10
3.98851e-09
6.40253e-10
3.98705e-09
6.30521e-10
3.98034e-09
6.1832e-10
3.96873e-09
5.99932e-10
3.95251e-09
5.83766e-10
3.93234e-09
5.66276e-10
3.9088e-09
5.46811e-10
3.8822e-09
5.26245e-10
3.85271e-09
5.07277e-10
3.8209e-09
4.86106e-10
3.78713e-09
4.6459e-10
3.75169e-09
4.42485e-10
3.71488e-09
4.18161e-10
3.67692e-09
3.94453e-10
3.63794e-09
3.70899e-10
3.59878e-09
3.41361e-10
3.55923e-09
3.16185e-10
3.52059e-09
2.8788e-10
3.48301e-09
2.57082e-10
3.44793e-09
2.26409e-10
3.41508e-09
1.9917e-10
3.38663e-09
1.62161e-10
3.36167e-09
1.36593e-10
3.34263e-09
9.57051e-11
3.32819e-09
6.77253e-11
3.32054e-09
2.34115e-11
3.31804e-09
-8.68461e-12
3.32282e-09
-6.15069e-11
3.33271e-09
-1.00616e-10
3.34943e-09
-1.57557e-10
3.37113e-09
-2.0784e-10
3.39836e-09
-2.63998e-10
3.42991e-09
-3.2411e-10
3.46523e-09
-3.77462e-10
3.50294e-09
-4.35327e-10
3.54241e-09
-4.85064e-10
3.58159e-09
-5.29878e-10
3.62024e-09
-5.70731e-10
3.65619e-09
-6.00693e-10
3.68915e-09
-6.25311e-10
3.71717e-09
-6.40033e-10
3.73991e-09
-6.43636e-10
3.75638e-09
-6.44444e-10
3.76684e-09
-6.31335e-10
3.77134e-09
-6.13717e-10
3.77022e-09
-5.91893e-10
3.76377e-09
-5.61665e-10
3.7523e-09
-5.28966e-10
3.73695e-09
-4.95768e-10
3.71899e-09
-4.58856e-10
3.69951e-09
-4.24084e-10
3.67934e-09
-3.91731e-10
3.65949e-09
-3.60614e-10
3.6406e-09
-3.33391e-10
3.62314e-09
-3.09505e-10
3.60754e-09
-2.89504e-10
3.59391e-09
-2.74402e-10
3.58216e-09
-2.63195e-10
3.57274e-09
-2.53273e-10
3.56484e-09
-2.47213e-10
3.55822e-09
-2.48387e-10
3.55279e-09
-2.39703e-10
3.54836e-09
-2.42294e-10
3.54364e-09
-2.39532e-10
3.54038e-09
-2.30973e-10
3.53635e-09
-2.2481e-10
3.53336e-09
-2.12015e-10
3.5304e-09
-1.91006e-10
3.52878e-09
-1.68722e-10
3.5284e-09
-1.3048e-10
3.53074e-09
-9.15569e-11
3.53532e-09
-3.83125e-11
3.54474e-09
2.31426e-11
3.55676e-09
8.62588e-11
3.57577e-09
1.70746e-10
3.59778e-09
2.47958e-10
3.62479e-09
3.28533e-10
3.65448e-09
4.23084e-10
3.68601e-09
4.93521e-10
3.72011e-09
5.94031e-10
3.75307e-09
6.57319e-10
3.78268e-09
7.51273e-10
3.80549e-09
8.10479e-10
3.8198e-09
8.93807e-10
3.8227e-09
9.45943e-10
3.81764e-09
9.71642e-10
3.82238e-09
8.56307e-10
3.82735e-09
7.72314e-10
3.83038e-09
4.27315e-10
3.84053e-09
1.94974e-10
3.85969e-09
-2.53429e-11
3.88823e-09
-2.35283e-10
3.92532e-09
-4.65574e-10
3.96032e-09
-6.20266e-10
3.98676e-09
-7.41605e-10
4.00601e-09
-7.31106e-10
4.01973e-09
-6.72083e-10
4.02847e-09
-6.13259e-10
4.03231e-09
-5.53635e-10
4.0317e-09
-4.94419e-10
4.02791e-09
-4.37517e-10
4.0218e-09
-3.83326e-10
4.01362e-09
-3.31497e-10
4.00377e-09
-2.82442e-10
3.9928e-09
-2.36857e-10
3.98125e-09
-1.95218e-10
3.96966e-09
-1.57707e-10
3.95849e-09
-1.24452e-10
3.94812e-09
-9.5641e-11
3.93877e-09
-7.1358e-11
3.93038e-09
-5.15633e-11
3.92288e-09
-3.62356e-11
3.91628e-09
-2.53279e-11
3.91054e-09
-1.85263e-11
3.90555e-09
-1.53393e-11
3.90124e-09
-1.52897e-11
3.89752e-09
-1.77762e-11
3.89428e-09
-2.20531e-11
3.89142e-09
-2.72947e-11
3.88881e-09
-3.26608e-11
3.88633e-09
-3.73384e-11
3.88386e-09
-4.06343e-11
3.88149e-09
-4.21327e-11
3.87931e-09
-4.15501e-11
3.87737e-09
-3.87203e-11
3.87569e-09
-3.37592e-11
3.87427e-09
-2.70973e-11
-1.63932e-11
2.50799e-09
-7.28433e-12
2.53203e-09
-2.18799e-11
2.57025e-09
-3.4609e-11
2.61957e-09
-4.42557e-11
2.67677e-09
-5.06141e-11
2.73894e-09
-5.39423e-11
2.80358e-09
-5.45851e-11
2.86866e-09
-5.29541e-11
2.93261e-09
-4.94912e-11
2.99428e-09
-4.45858e-11
3.05294e-09
-3.85886e-11
3.10814e-09
-3.17646e-11
3.15963e-09
-2.4249e-11
3.20738e-09
-1.61851e-11
3.25149e-09
-7.66082e-12
3.2921e-09
1.37955e-12
3.3294e-09
1.09893e-11
3.36366e-09
2.12142e-11
3.39513e-09
3.21608e-11
3.42409e-09
4.39814e-11
3.45077e-09
5.68391e-11
3.47541e-09
7.09277e-11
3.49824e-09
8.6472e-11
3.51947e-09
1.03719e-10
3.5393e-09
1.22943e-10
3.55792e-09
1.44451e-10
3.57552e-09
1.68579e-10
3.5923e-09
1.95691e-10
3.60858e-09
2.26119e-10
3.62406e-09
2.60631e-10
3.63853e-09
2.99695e-10
3.6526e-09
3.43323e-10
3.66658e-09
3.92164e-10
3.68142e-09
4.59698e-10
3.68899e-09
4.38187e-10
3.67916e-09
3.00087e-10
3.65929e-09
1.26681e-10
3.63859e-09
-6.69031e-11
3.61913e-09
-2.608e-10
3.59925e-09
-4.34051e-10
3.57767e-09
-6.01964e-10
3.56016e-09
-6.8967e-10
3.55047e-09
-7.34887e-10
3.54114e-09
-7.15439e-10
3.52933e-09
-6.58026e-10
3.51475e-09
-6.00262e-10
3.49794e-09
-5.49303e-10
3.48028e-09
-4.86235e-10
3.46184e-09
-4.38145e-10
3.44368e-09
-3.82696e-10
3.42724e-09
-3.30798e-10
3.41241e-09
-2.80743e-10
3.40173e-09
-2.23964e-10
3.39428e-09
-1.73562e-10
3.3928e-09
-1.12698e-10
3.39658e-09
-5.51161e-11
3.40706e-09
6.14738e-12
3.425e-09
7.56295e-11
3.44897e-09
1.31161e-10
3.482e-09
2.12564e-10
3.52063e-09
2.66169e-10
3.56585e-09
3.33837e-10
3.61619e-09
3.88899e-10
3.6693e-09
4.38892e-10
3.72564e-09
4.86879e-10
3.78122e-09
5.20318e-10
3.8376e-09
5.54961e-10
3.89121e-09
5.75654e-10
3.94362e-09
5.92995e-10
3.99258e-09
6.04668e-10
4.03676e-09
6.06313e-10
4.0766e-09
6.12859e-10
4.11119e-09
6.05659e-10
4.14075e-09
6.00959e-10
4.16571e-09
5.93359e-10
4.1859e-09
5.7974e-10
4.2015e-09
5.68163e-10
4.21289e-09
5.54884e-10
4.21974e-09
5.39958e-10
4.22367e-09
5.22309e-10
4.22352e-09
5.07418e-10
4.22017e-09
4.89456e-10
4.21384e-09
4.70924e-10
4.20479e-09
4.5154e-10
4.19305e-09
4.29906e-10
4.17888e-09
4.08633e-10
4.16233e-09
3.87459e-10
4.14388e-09
3.59816e-10
4.12332e-09
3.36745e-10
4.10198e-09
3.09225e-10
4.07957e-09
2.7949e-10
4.05772e-09
2.48252e-10
4.03601e-09
2.20876e-10
4.0163e-09
1.81863e-10
3.99809e-09
1.54791e-10
3.98337e-09
1.10415e-10
3.97142e-09
7.96638e-11
3.96403e-09
3.08001e-11
3.96012e-09
-4.77836e-12
3.9612e-09
-6.2595e-11
3.96565e-09
-1.05061e-10
3.97464e-09
-1.66538e-10
3.98637e-09
-2.19561e-10
4.00136e-09
-2.7897e-10
4.01784e-09
-3.40587e-10
4.03582e-09
-3.95429e-10
4.05331e-09
-4.52808e-10
4.07029e-09
-5.02047e-10
4.08464e-09
-5.44233e-10
4.09655e-09
-5.82643e-10
4.10393e-09
-6.08083e-10
4.10667e-09
-6.28065e-10
4.10295e-09
-6.36319e-10
4.09333e-09
-6.34021e-10
4.07745e-09
-6.28571e-10
4.05658e-09
-6.10466e-10
4.03052e-09
-5.87658e-10
3.99921e-09
-5.6058e-10
3.96344e-09
-5.25895e-10
3.92465e-09
-4.90168e-10
3.88472e-09
-4.55831e-10
3.84472e-09
-4.18838e-10
3.80559e-09
-3.84941e-10
3.76787e-09
-3.54001e-10
3.73221e-09
-3.24954e-10
3.69904e-09
-3.00213e-10
3.66864e-09
-2.79097e-10
3.64126e-09
-2.62119e-10
3.61679e-09
-2.4993e-10
3.59494e-09
-2.41344e-10
3.57597e-09
-2.34306e-10
3.55889e-09
-2.30138e-10
3.5434e-09
-2.32902e-10
3.5294e-09
-2.25706e-10
3.51648e-09
-2.29388e-10
3.50351e-09
-2.26569e-10
3.49226e-09
-2.19731e-10
3.48058e-09
-2.13134e-10
3.47035e-09
-2.01796e-10
3.46081e-09
-1.81461e-10
3.45328e-09
-1.61191e-10
3.44797e-09
-1.25173e-10
3.44638e-09
-8.99597e-11
3.44836e-09
-4.02922e-11
3.45661e-09
1.48936e-11
3.46914e-09
7.37352e-11
3.49052e-09
1.49364e-10
3.51718e-09
2.21305e-10
3.55141e-09
2.94299e-10
3.59199e-09
3.82506e-10
3.63681e-09
4.48707e-10
3.68589e-09
5.44949e-10
3.73626e-09
6.06949e-10
3.78808e-09
6.99449e-10
3.83816e-09
7.60398e-10
3.88438e-09
8.47588e-10
3.92224e-09
9.08082e-10
3.95494e-09
9.38951e-10
3.99667e-09
8.14569e-10
4.03993e-09
7.29058e-10
4.06993e-09
3.97321e-10
4.09932e-09
1.65587e-10
4.12954e-09
-5.55616e-11
4.16087e-09
-2.66611e-10
4.19106e-09
-4.95772e-10
4.21088e-09
-6.40084e-10
4.21531e-09
-7.46036e-10
4.21141e-09
-7.27205e-10
4.20211e-09
-6.62792e-10
4.18799e-09
-5.99138e-10
4.17103e-09
-5.36676e-10
4.15285e-09
-4.7624e-10
4.13288e-09
-4.17547e-10
4.11096e-09
-3.61409e-10
4.08818e-09
-3.08716e-10
4.06544e-09
-2.597e-10
4.04348e-09
-2.14895e-10
4.02262e-09
-1.74358e-10
4.003e-09
-1.38078e-10
3.98481e-09
-1.06267e-10
3.96824e-09
-7.90695e-11
3.95338e-09
-5.64932e-11
3.94026e-09
-3.8443e-11
3.92879e-09
-2.47643e-11
3.91873e-09
-1.52648e-11
3.90995e-09
-9.74997e-12
3.90238e-09
-7.77276e-12
3.8958e-09
-8.7117e-12
3.88994e-09
-1.19164e-11
3.88454e-09
-1.66623e-11
3.87942e-09
-2.21737e-11
3.87443e-09
-2.76713e-11
3.86951e-09
-3.24253e-11
3.86471e-09
-3.58306e-11
3.85998e-09
-3.74059e-11
3.8553e-09
-3.68604e-11
3.85076e-09
-3.41789e-11
3.84654e-09
-2.95306e-11
3.84291e-09
-2.3472e-11
-1.37921e-11
2.50874e-09
-1.60239e-11
2.53497e-09
-4.81137e-11
2.57629e-09
-7.59218e-11
2.62895e-09
-9.6919e-11
2.68928e-09
-1.10942e-10
2.75405e-09
-1.18717e-10
2.82052e-09
-1.21053e-10
2.88649e-09
-1.18928e-10
2.95037e-09
-1.13372e-10
3.01106e-09
-1.05271e-10
3.06793e-09
-9.5461e-11
3.12072e-09
-8.45515e-11
3.16932e-09
-7.28509e-11
3.2139e-09
-6.07656e-11
3.25474e-09
-4.85003e-11
3.29209e-09
-3.59667e-11
3.32628e-09
-2.32045e-11
3.35771e-09
-1.02182e-11
3.38676e-09
3.11805e-12
3.41375e-09
1.69835e-11
3.43903e-09
3.15677e-11
3.46287e-09
4.70817e-11
3.48558e-09
6.37635e-11
3.50742e-09
8.1875e-11
3.52866e-09
1.01703e-10
3.54955e-09
1.23563e-10
3.57033e-09
1.47803e-10
3.59121e-09
1.74811e-10
3.61233e-09
2.04994e-10
3.63406e-09
2.38904e-10
3.65667e-09
2.77082e-10
3.68015e-09
3.19842e-10
3.70458e-09
3.67734e-10
3.73139e-09
4.32889e-10
3.75066e-09
4.18918e-10
3.74927e-09
3.01476e-10
3.73354e-09
1.42407e-10
3.71236e-09
-4.57203e-11
3.68779e-09
-2.36231e-10
3.65864e-09
-4.04898e-10
3.62403e-09
-5.67364e-10
3.59132e-09
-6.56954e-10
3.56508e-09
-7.08653e-10
3.5384e-09
-6.88757e-10
3.50914e-09
-6.28765e-10
3.47736e-09
-5.68483e-10
3.44383e-09
-5.15775e-10
3.41036e-09
-4.52763e-10
3.3771e-09
-4.04883e-10
3.3454e-09
-3.50997e-10
3.31676e-09
-3.02156e-10
3.29115e-09
-2.55135e-10
3.27111e-09
-2.03924e-10
3.25572e-09
-1.58171e-10
3.24766e-09
-1.04637e-10
3.24623e-09
-5.3688e-11
3.25278e-09
-4.05286e-13
3.26815e-09
6.026e-11
3.29082e-09
1.08496e-10
3.32404e-09
1.79337e-10
3.3642e-09
2.26019e-10
3.41248e-09
2.85555e-10
3.46765e-09
3.33728e-10
3.52746e-09
3.79079e-10
3.59261e-09
4.21729e-10
3.65935e-09
4.53586e-10
3.72906e-09
4.85244e-10
3.79829e-09
5.06423e-10
3.8671e-09
5.24189e-10
3.93402e-09
5.37752e-10
3.99834e-09
5.41986e-10
4.06014e-09
5.51061e-10
4.11906e-09
5.46733e-10
4.17476e-09
5.45262e-10
4.22624e-09
5.41883e-10
4.27357e-09
5.32405e-10
4.31715e-09
5.24579e-10
4.35711e-09
5.14919e-10
4.39233e-09
5.04741e-10
4.4246e-09
4.90031e-10
4.45365e-09
4.78372e-10
4.47926e-09
4.63847e-10
4.50091e-09
4.49276e-10
4.51957e-09
4.32887e-10
4.5348e-09
4.14681e-10
4.54688e-09
3.96563e-10
4.55585e-09
3.78495e-10
4.56174e-09
3.53927e-10
4.56433e-09
3.34163e-10
4.56481e-09
3.08743e-10
4.5624e-09
2.81899e-10
4.55871e-09
2.51942e-10
4.55308e-09
2.265e-10
4.54684e-09
1.8809e-10
4.53988e-09
1.61739e-10
4.53339e-09
1.16882e-10
4.52726e-09
8.57793e-11
4.52255e-09
3.55029e-11
4.51887e-09
-1.10494e-12
4.51682e-09
-6.05432e-11
4.51555e-09
-1.03781e-10
4.51556e-09
-1.66543e-10
4.51541e-09
-2.194e-10
4.5156e-09
-2.79149e-10
4.51405e-09
-3.3903e-10
4.51142e-09
-3.92786e-10
4.50541e-09
-4.46798e-10
4.49689e-09
-4.93527e-10
4.48378e-09
-5.31123e-10
4.46629e-09
-5.65166e-10
4.44201e-09
-5.83809e-10
4.41109e-09
-5.97157e-10
4.37293e-09
-5.98161e-10
4.32978e-09
-5.90884e-10
4.28131e-09
-5.801e-10
4.22876e-09
-5.57921e-10
4.1721e-09
-5.30992e-10
4.11259e-09
-5.01073e-10
4.05248e-09
-4.65788e-10
3.99311e-09
-4.3079e-10
3.93513e-09
-3.97851e-10
3.87884e-09
-3.62533e-10
3.8249e-09
-3.30992e-10
3.77368e-09
-3.02774e-10
3.72606e-09
-2.77327e-10
3.68236e-09
-2.56513e-10
3.64265e-09
-2.39388e-10
3.60692e-09
-2.2638e-10
3.57477e-09
-2.17779e-10
3.54568e-09
-2.12262e-10
3.51974e-09
-2.08362e-10
3.49583e-09
-2.06225e-10
3.4735e-09
-2.1058e-10
3.45276e-09
-2.04965e-10
3.43301e-09
-2.0965e-10
3.41332e-09
-2.06878e-10
3.39541e-09
-2.01832e-10
3.37733e-09
-1.95062e-10
3.36097e-09
-1.85436e-10
3.3458e-09
-1.66293e-10
3.33313e-09
-1.48524e-10
3.32348e-09
-1.15516e-10
3.31827e-09
-8.47476e-11
3.31769e-09
-3.97124e-11
3.3244e-09
8.18506e-12
3.33671e-09
6.14336e-11
3.35918e-09
1.26895e-10
3.38862e-09
1.91866e-10
3.4272e-09
2.55719e-10
3.47423e-09
3.35476e-10
3.52815e-09
3.94786e-10
3.58976e-09
4.83338e-10
3.65569e-09
5.41018e-10
3.72608e-09
6.29061e-10
3.79648e-09
6.89998e-10
3.86643e-09
7.77643e-10
3.93226e-09
8.42251e-10
3.99716e-09
8.7405e-10
4.07021e-09
7.41523e-10
4.14527e-09
6.54001e-10
4.19739e-09
3.45198e-10
4.24187e-09
1.21107e-10
4.27988e-09
-9.35731e-11
4.31054e-09
-2.97267e-10
4.33106e-09
-5.16295e-10
4.33542e-09
-6.44443e-10
4.31849e-09
-7.2911e-10
4.29118e-09
-6.99894e-10
4.25945e-09
-6.31068e-10
4.22478e-09
-5.64464e-10
4.18804e-09
-4.99942e-10
4.15003e-09
-4.3822e-10
4.11201e-09
-3.7953e-10
4.07476e-09
-3.24159e-10
4.03903e-09
-2.72986e-10
4.00569e-09
-2.26354e-10
3.97462e-09
-1.83824e-10
3.9458e-09
-1.45534e-10
3.9196e-09
-1.11881e-10
3.8962e-09
-8.28688e-11
3.87555e-09
-5.84211e-11
3.85751e-09
-3.84535e-11
3.84191e-09
-2.28367e-11
3.82847e-09
-1.13356e-11
3.81698e-09
-3.77737e-12
3.80717e-09
5.42258e-14
3.79855e-09
8.47123e-13
3.79078e-09
-9.50888e-13
3.7836e-09
-4.73859e-12
3.77674e-09
-9.80784e-12
3.76999e-09
-1.54279e-11
3.76321e-09
-2.08894e-11
3.75633e-09
-2.55444e-11
3.74936e-09
-2.88584e-11
3.74239e-09
-3.04286e-11
3.73556e-09
-3.00223e-11
3.72903e-09
-2.7649e-11
3.72302e-09
-2.35094e-11
3.71762e-09
-1.8069e-11
-9.78984e-12
2.51058e-09
-2.66009e-11
2.54208e-09
-7.96214e-11
2.59057e-09
-1.24406e-10
2.65065e-09
-1.56996e-10
2.71751e-09
-1.7781e-10
2.7872e-09
-1.88405e-10
2.8564e-09
-1.90253e-10
2.92272e-09
-1.85248e-10
2.98467e-09
-1.75318e-10
3.0414e-09
-1.61999e-10
3.09273e-09
-1.46797e-10
3.13884e-09
-1.30655e-10
3.17991e-09
-1.13919e-10
3.21658e-09
-9.74382e-11
3.24943e-09
-8.13485e-11
3.27886e-09
-6.54026e-11
3.30554e-09
-4.98781e-11
3.33e-09
-3.46861e-11
3.35273e-09
-1.96046e-11
3.37413e-09
-4.42039e-12
3.39461e-09
1.10922e-11
3.41451e-09
2.71784e-11
3.43417e-09
4.40993e-11
3.45391e-09
6.21341e-11
3.47404e-09
8.15806e-11
3.49484e-09
1.02762e-10
3.51661e-09
1.2603e-10
3.53964e-09
1.51779e-10
3.5642e-09
1.80435e-10
3.5906e-09
2.12502e-10
3.61916e-09
2.48522e-10
3.64998e-09
2.89025e-10
3.68319e-09
3.34527e-10
3.72047e-09
3.95605e-10
3.75035e-09
3.89038e-10
3.75736e-09
2.94464e-10
3.74654e-09
1.53224e-10
3.72599e-09
-2.51671e-11
3.69761e-09
-2.07855e-10
3.66063e-09
-3.67914e-10
3.61449e-09
-5.21227e-10
3.56792e-09
-6.10389e-10
3.52506e-09
-6.65793e-10
3.48045e-09
-6.44142e-10
3.43349e-09
-5.81811e-10
3.38452e-09
-5.19507e-10
3.3345e-09
-4.65761e-10
3.28579e-09
-4.04046e-10
3.23861e-09
-3.5771e-10
3.19462e-09
-3.07007e-10
3.15522e-09
-2.62755e-10
3.12042e-09
-2.20336e-10
3.09257e-09
-1.7607e-10
3.07069e-09
-1.36286e-10
3.05724e-09
-9.11914e-11
3.05149e-09
-4.79427e-11
3.05464e-09
-3.55299e-12
3.06751e-09
4.73911e-11
3.0885e-09
8.75091e-11
3.12097e-09
1.46868e-10
3.16122e-09
1.85771e-10
3.21057e-09
2.36204e-10
3.26783e-09
2.7646e-10
3.33109e-09
3.15826e-10
3.40096e-09
3.51857e-10
3.47401e-09
3.80539e-10
3.55138e-09
4.0787e-10
3.62987e-09
4.27932e-10
3.70993e-09
4.44134e-10
3.78973e-09
4.5795e-10
3.86885e-09
4.62868e-10
3.94706e-09
4.72846e-10
4.02241e-09
4.7139e-10
4.09574e-09
4.71932e-10
4.16669e-09
4.70928e-10
4.23415e-09
4.64942e-10
4.29875e-09
4.59976e-10
4.36186e-09
4.51802e-10
4.42203e-09
4.44576e-10
4.47796e-09
4.34094e-10
4.53097e-09
4.25377e-10
4.58086e-09
4.13955e-10
4.62775e-09
4.02389e-10
4.67133e-09
3.89314e-10
4.71125e-09
3.74772e-10
4.74747e-09
3.6034e-10
4.7804e-09
3.45579e-10
4.81066e-09
3.23673e-10
4.83797e-09
3.06851e-10
4.86188e-09
2.84834e-10
4.88083e-09
2.62951e-10
4.89643e-09
2.36338e-10
4.90842e-09
2.14497e-10
4.91755e-09
1.78941e-10
4.92404e-09
1.55238e-10
4.92801e-09
1.12894e-10
4.92987e-09
8.391e-11
4.9297e-09
3.56629e-11
4.92774e-09
8.49096e-13
4.92353e-09
-5.63334e-11
4.91708e-09
-9.73239e-11
4.90812e-09
-1.57581e-10
4.89575e-09
-2.07018e-10
4.88045e-09
-2.63837e-10
4.86001e-09
-3.18587e-10
4.83566e-09
-3.6843e-10
4.80478e-09
-4.15916e-10
4.76851e-09
-4.57249e-10
4.72488e-09
-4.87502e-10
4.67491e-09
-5.15191e-10
4.61819e-09
-5.27105e-10
4.55675e-09
-5.35725e-10
4.49046e-09
-5.31887e-10
4.42064e-09
-5.21064e-10
4.34632e-09
-5.05779e-10
4.26942e-09
-4.81026e-10
4.1907e-09
-4.52264e-10
4.11184e-09
-4.22217e-10
4.03445e-09
-3.88392e-10
3.95874e-09
-3.55082e-10
3.88533e-09
-3.24434e-10
3.81562e-09
-2.92825e-10
3.75076e-09
-2.66133e-10
3.69093e-09
-2.42934e-10
3.63642e-09
-2.2282e-10
3.58708e-09
-2.07169e-10
3.54257e-09
-1.94878e-10
3.50252e-09
-1.86335e-10
3.46628e-09
-1.81535e-10
3.43312e-09
-1.79107e-10
3.40296e-09
-1.78198e-10
3.37464e-09
-1.77911e-10
3.34762e-09
-1.83552e-10
3.32202e-09
-1.79373e-10
3.29714e-09
-1.84768e-10
3.27227e-09
-1.82015e-10
3.24908e-09
-1.78648e-10
3.2259e-09
-1.7188e-10
3.20453e-09
-1.64067e-10
3.18476e-09
-1.46524e-10
3.1678e-09
-1.31571e-10
3.15449e-09
-1.02197e-10
3.14611e-09
-7.63669e-11
3.14318e-09
-3.67849e-11
3.1482e-09
3.17198e-12
3.15983e-09
4.98093e-11
3.18244e-09
1.04286e-10
3.21329e-09
1.6102e-10
3.25439e-09
2.14617e-10
3.30556e-09
2.84308e-10
3.36524e-09
3.35097e-10
3.43504e-09
4.13541e-10
3.51113e-09
4.64927e-10
3.59497e-09
5.45224e-10
3.68239e-09
6.02577e-10
3.77371e-09
6.86316e-10
3.86338e-09
7.52588e-10
3.95257e-09
7.84856e-10
4.04812e-09
6.45976e-10
4.14529e-09
5.56832e-10
4.21527e-09
2.75215e-10
4.27134e-09
6.50403e-11
4.31262e-09
-1.34855e-10
4.33882e-09
-3.23463e-10
4.34583e-09
-5.23305e-10
4.32933e-09
-6.27945e-10
4.28713e-09
-6.86911e-10
4.23502e-09
-6.4778e-10
4.18015e-09
-5.762e-10
4.12383e-09
-5.08145e-10
4.0671e-09
-4.43207e-10
4.01131e-09
-3.82428e-10
3.95776e-09
-3.25984e-10
3.9075e-09
-2.73894e-10
3.86096e-09
-2.26443e-10
3.81837e-09
-1.83767e-10
3.78012e-09
-1.45572e-10
3.74629e-09
-1.11701e-10
3.71666e-09
-8.22486e-11
3.69099e-09
-5.72043e-11
3.66901e-09
-3.64443e-11
3.65037e-09
-1.98167e-11
3.63469e-09
-7.16153e-12
3.62147e-09
1.87052e-12
3.61035e-09
7.34775e-12
3.60111e-09
9.28477e-12
3.59292e-09
9.0283e-12
3.58543e-09
6.53708e-12
3.57831e-09
2.37813e-12
3.57127e-09
-2.77642e-12
3.56411e-09
-8.26819e-12
3.5567e-09
-1.34785e-11
3.54902e-09
-1.78577e-11
3.54113e-09
-2.09622e-11
3.53318e-09
-2.24749e-11
3.52539e-09
-2.22288e-11
3.51803e-09
-2.02802e-11
3.51136e-09
-1.68303e-11
3.50558e-09
-1.22821e-11
-5.72956e-12
2.51423e-09
-4.08262e-11
2.55556e-09
-1.20959e-10
2.61645e-09
-1.85296e-10
2.68818e-09
-2.28719e-10
2.76388e-09
-2.53517e-10
2.83835e-09
-2.62873e-10
2.90765e-09
-2.59548e-10
2.96969e-09
-2.47287e-10
3.02373e-09
-2.29363e-10
3.06965e-09
-2.07921e-10
3.10848e-09
-1.85628e-10
3.14124e-09
-1.63416e-10
3.16871e-09
-1.41383e-10
3.19154e-09
-1.20268e-10
3.21071e-09
-1.00517e-10
3.22763e-09
-8.23241e-11
3.24293e-09
-6.51819e-11
3.25708e-09
-4.8838e-11
3.27057e-09
-3.30939e-11
3.28385e-09
-1.76946e-11
3.29731e-09
-2.3663e-12
3.3113e-09
1.31831e-11
3.32617e-09
2.92334e-11
3.34222e-09
4.60807e-11
3.35977e-09
6.40269e-11
3.37914e-09
8.33919e-11
3.40065e-09
1.04522e-10
3.42463e-09
1.27802e-10
3.45141e-09
1.53657e-10
3.48133e-09
1.82576e-10
3.51475e-09
2.15103e-10
3.55194e-09
2.51838e-10
3.59306e-09
2.93408e-10
3.63988e-09
3.48782e-10
3.67985e-09
3.49072e-10
3.69581e-09
2.78499e-10
3.69115e-09
1.57881e-10
3.67262e-09
-6.63247e-12
3.64177e-09
-1.77008e-10
3.59818e-09
-3.24325e-10
3.54139e-09
-4.64439e-10
3.48065e-09
-5.49653e-10
3.42058e-09
-6.0572e-10
3.35788e-09
-5.81449e-10
3.29274e-09
-5.16667e-10
3.22642e-09
-4.53184e-10
3.16044e-09
-3.99777e-10
3.0977e-09
-3.41304e-10
3.03842e-09
-2.98438e-10
2.98439e-09
-2.52975e-10
2.93668e-09
-2.15047e-10
2.8952e-09
-1.78856e-10
2.86188e-09
-1.42747e-10
2.83562e-09
-1.10029e-10
2.81854e-09
-7.41071e-11
2.80984e-09
-3.92421e-11
2.81047e-09
-4.18787e-12
2.82127e-09
3.65986e-11
2.84053e-09
6.82442e-11
2.87164e-09
1.15764e-10
2.9109e-09
1.46509e-10
2.95975e-09
1.87352e-10
3.01697e-09
2.19235e-10
3.08099e-09
2.51807e-10
3.15229e-09
2.80556e-10
3.22781e-09
3.05022e-10
3.30855e-09
3.27127e-10
3.39158e-09
3.44907e-10
3.47731e-09
3.58404e-10
3.56404e-09
3.71218e-10
3.651e-09
3.75911e-10
3.7385e-09
3.85347e-10
3.82468e-09
3.85211e-10
3.90982e-09
3.86784e-10
3.99387e-09
3.86879e-10
4.07621e-09
3.82601e-10
4.15618e-09
3.80008e-10
4.23363e-09
3.74347e-10
4.30896e-09
3.69252e-10
4.38196e-09
3.6109e-10
4.45241e-09
3.54936e-10
4.51984e-09
3.46535e-10
4.58454e-09
3.37691e-10
4.64617e-09
3.27688e-10
4.70556e-09
3.15388e-10
4.76268e-09
3.03232e-10
4.81648e-09
2.91776e-10
4.86572e-09
2.74448e-10
4.91078e-09
2.61786e-10
4.95274e-09
2.42869e-10
4.99023e-09
2.2546e-10
5.02391e-09
2.02655e-10
5.05289e-09
1.85507e-10
5.07695e-09
1.54863e-10
5.09672e-09
1.35456e-10
5.11127e-09
9.83338e-11
5.12144e-09
7.37225e-11
5.12614e-09
3.09573e-11
5.12637e-09
6.3379e-13
5.12055e-09
-5.05155e-11
5.10988e-09
-8.66712e-11
5.09324e-09
-1.40935e-10
5.07022e-09
-1.83984e-10
5.04099e-09
-2.34607e-10
5.00359e-09
-2.8118e-10
4.95991e-09
-3.24739e-10
4.90759e-09
-3.63599e-10
4.84833e-09
-3.97992e-10
4.78074e-09
-4.19902e-10
4.70594e-09
-4.40407e-10
4.62439e-09
-4.45553e-10
4.53809e-09
-4.49422e-10
4.44756e-09
-4.41361e-10
4.35447e-09
-4.27989e-10
4.25818e-09
-4.09487e-10
4.16123e-09
-3.84075e-10
4.0652e-09
-3.56233e-10
3.97161e-09
-3.28631e-10
3.88208e-09
-2.98859e-10
3.79728e-09
-2.70282e-10
3.71794e-09
-2.45093e-10
3.64476e-09
-2.19644e-10
3.57785e-09
-1.99232e-10
3.51695e-09
-1.82032e-10
3.462e-09
-1.67868e-10
3.41249e-09
-1.57662e-10
3.36784e-09
-1.50227e-10
3.32744e-09
-1.45937e-10
3.29046e-09
-1.44558e-10
3.25611e-09
-1.44754e-10
3.22418e-09
-1.46264e-10
3.1936e-09
-1.47335e-10
3.16373e-09
-1.53682e-10
3.13495e-09
-1.50589e-10
3.10642e-09
-1.56234e-10
3.07779e-09
-1.53386e-10
3.05058e-09
-1.51443e-10
3.02351e-09
-1.44807e-10
2.99823e-09
-1.38795e-10
2.9749e-09
-1.23188e-10
2.95455e-09
-1.11227e-10
2.93834e-09
-8.5979e-11
2.92734e-09
-6.5367e-11
2.92242e-09
-3.18588e-11
2.92574e-09
-1.52319e-13
2.93643e-09
3.91265e-11
2.95846e-09
8.22574e-11
2.98962e-09
1.29859e-10
3.03166e-09
1.72576e-10
3.08493e-09
2.3104e-10
3.14773e-09
2.72293e-10
3.22239e-09
3.3888e-10
3.30504e-09
3.8228e-10
3.39784e-09
4.52417e-10
3.49671e-09
5.03709e-10
3.6024e-09
5.80623e-10
3.71029e-09
6.44698e-10
3.82047e-09
6.7467e-10
3.93487e-09
5.31577e-10
4.04782e-09
4.43882e-10
4.12571e-09
1.97326e-10
4.18372e-09
7.03761e-12
4.221e-09
-1.72141e-10
4.23606e-09
-3.38517e-10
4.22374e-09
-5.10987e-10
4.18295e-09
-5.87154e-10
4.11371e-09
-6.17676e-10
4.0353e-09
-5.69366e-10
3.95613e-09
-4.97029e-10
3.8781e-09
-4.3011e-10
3.80309e-09
-3.68195e-10
3.73232e-09
-3.11651e-10
3.66678e-09
-2.60448e-10
3.60722e-09
-2.14327e-10
3.55389e-09
-1.73115e-10
3.50676e-09
-1.36629e-10
3.46573e-09
-1.04539e-10
3.43058e-09
-7.656e-11
3.4009e-09
-5.25682e-11
3.37615e-09
-3.24597e-11
3.35578e-09
-1.60768e-11
3.33919e-09
-3.23377e-12
3.32582e-09
6.20043e-12
3.31496e-09
1.27172e-11
3.30628e-09
1.60261e-11
3.29913e-09
1.64274e-11
3.29286e-09
1.52957e-11
3.28698e-09
1.24067e-11
3.28121e-09
8.14692e-12
3.27524e-09
3.19131e-12
3.26888e-09
-1.90686e-12
3.26205e-09
-6.64643e-12
3.25479e-09
-1.05899e-11
3.24723e-09
-1.33931e-11
3.23958e-09
-1.48233e-11
3.23214e-09
-1.47826e-11
3.22522e-09
-1.33453e-11
3.21914e-09
-1.07459e-11
3.21419e-09
-7.3288e-12
-2.67394e-12
2.52123e-09
-6.20582e-11
2.57961e-09
-1.79341e-10
2.65911e-09
-2.64796e-10
2.74474e-09
-3.14345e-10
2.82686e-09
-3.35636e-10
2.89928e-09
-3.35298e-10
2.95824e-09
-3.18506e-10
3.00421e-09
-2.93259e-10
3.03895e-09
-2.64101e-10
3.06401e-09
-2.32985e-10
3.08049e-09
-2.02107e-10
3.09028e-09
-1.73201e-10
3.09631e-09
-1.47412e-10
3.10008e-09
-1.24036e-10
3.10243e-09
-1.02865e-10
3.104e-09
-8.38995e-11
3.10558e-09
-6.67622e-11
3.10773e-09
-5.09839e-11
3.11083e-09
-3.61963e-11
3.11521e-09
-2.20723e-11
3.12114e-09
-8.29554e-12
3.12888e-09
5.43766e-12
3.1387e-09
1.94165e-11
3.15085e-09
3.39267e-11
3.16562e-09
4.92559e-11
3.18331e-09
6.57016e-11
3.20425e-09
8.35839e-11
3.2288e-09
1.03258e-10
3.25733e-09
1.25125e-10
3.29026e-09
1.49649e-10
3.32799e-09
1.77366e-10
3.37092e-09
2.08904e-10
3.41936e-09
2.4497e-10
3.47524e-09
2.929e-10
3.52534e-09
2.98971e-10
3.55154e-09
2.52296e-10
3.55502e-09
1.5441e-10
3.54037e-09
8.0131e-12
3.50856e-09
-1.45203e-10
3.45949e-09
-2.75251e-10
3.39264e-09
-3.97593e-10
3.31762e-09
-4.74637e-10
3.2391e-09
-5.27197e-10
3.15667e-09
-4.99022e-10
3.07292e-09
-4.32912e-10
2.99007e-09
-3.7033e-10
2.91009e-09
-3.198e-10
2.83627e-09
-2.67481e-10
2.76847e-09
-2.30639e-10
2.70825e-09
-1.92757e-10
2.65603e-09
-1.62829e-10
2.61143e-09
-1.34257e-10
2.57576e-09
-1.07078e-10
2.5478e-09
-8.20683e-11
2.52919e-09
-5.54996e-11
2.51914e-09
-2.91914e-11
2.51833e-09
-3.37779e-12
2.52758e-09
2.73477e-11
2.54517e-09
5.06519e-11
2.5744e-09
8.65404e-11
2.61168e-09
1.09225e-10
2.65857e-09
1.40466e-10
2.71377e-09
1.64029e-10
2.77611e-09
1.89471e-10
2.84586e-09
2.10804e-10
2.92043e-09
2.3045e-10
3.00061e-09
2.46956e-10
3.08383e-09
2.61682e-10
3.17034e-09
2.71897e-10
3.25875e-09
2.82808e-10
3.34808e-09
2.86576e-10
3.43881e-09
2.94618e-10
3.52911e-09
2.94911e-10
3.61919e-09
2.96701e-10
3.70881e-09
2.97261e-10
3.79725e-09
2.94159e-10
3.88453e-09
2.92731e-10
3.97043e-09
2.88449e-10
4.05456e-09
2.85125e-10
4.13692e-09
2.78738e-10
4.21769e-09
2.74166e-10
4.29665e-09
2.67585e-10
4.37353e-09
2.60815e-10
4.44761e-09
2.53617e-10
4.51838e-09
2.44621e-10
4.5862e-09
2.35422e-10
4.65109e-09
2.26884e-10
4.71246e-09
2.13086e-10
4.77021e-09
2.04035e-10
4.82426e-09
1.88818e-10
4.87334e-09
1.76369e-10
4.91807e-09
1.5793e-10
4.95796e-09
1.4561e-10
4.99199e-09
1.20814e-10
5.02112e-09
1.06324e-10
5.04341e-09
7.6032e-11
5.06024e-09
5.68914e-11
5.0696e-09
2.16007e-11
5.07288e-09
-2.65579e-12
5.0673e-09
-4.49405e-11
5.05453e-09
-7.39068e-11
5.03252e-09
-1.18922e-10
5.00154e-09
-1.53006e-10
4.96151e-09
-1.94569e-10
4.91068e-09
-2.30344e-10
4.85091e-09
-2.64974e-10
4.78028e-09
-2.92971e-10
4.70098e-09
-3.18698e-10
4.61312e-09
-3.32032e-10
4.51858e-09
-3.45868e-10
4.41845e-09
-3.45423e-10
4.3142e-09
-3.45164e-10
4.20691e-09
-3.34069e-10
4.09916e-09
-3.20246e-10
3.99172e-09
-3.02051e-10
3.88742e-09
-2.79778e-10
3.78704e-09
-2.55846e-10
3.69142e-09
-2.3302e-10
3.60194e-09
-2.0938e-10
3.51899e-09
-1.87328e-10
3.44282e-09
-1.68928e-10
3.3738e-09
-1.50634e-10
3.31157e-09
-1.37002e-10
3.25548e-09
-1.25947e-10
3.20514e-09
-1.17529e-10
3.15976e-09
-1.12289e-10
3.11858e-09
-1.09052e-10
3.08085e-09
-1.08208e-10
3.04567e-09
-1.09376e-10
3.01225e-09
-1.11335e-10
2.98035e-09
-1.14361e-10
2.9491e-09
-1.16079e-10
2.9178e-09
-1.22381e-10
2.88714e-09
-1.19926e-10
2.85619e-09
-1.25285e-10
2.82505e-09
-1.22237e-10
2.795e-09
-1.214e-10
2.76525e-09
-1.15058e-10
2.73723e-09
-1.1077e-10
2.71145e-09
-9.74129e-11
2.68873e-09
-8.85052e-11
2.67052e-09
-6.77699e-11
2.6576e-09
-5.24431e-11
2.65116e-09
-2.54203e-11
2.65298e-09
-1.96992e-12
2.66259e-09
2.95166e-11
2.68344e-09
6.14054e-11
2.71395e-09
9.935e-11
2.75544e-09
1.31088e-10
2.80884e-09
1.77644e-10
2.87225e-09
2.08874e-10
2.94868e-09
2.62456e-10
3.03427e-09
2.96687e-10
3.1319e-09
3.5478e-10
3.23769e-09
3.97923e-10
3.35315e-09
4.65159e-10
3.47374e-09
5.24112e-10
3.59798e-09
5.50425e-10
3.72157e-09
4.0799e-10
3.84121e-09
3.24242e-10
3.92063e-09
1.17903e-10
3.97348e-09
-4.58152e-11
3.99852e-09
-1.97179e-10
3.99428e-09
-3.34271e-10
3.95547e-09
-4.72185e-10
3.88546e-09
-5.17143e-10
3.78751e-09
-5.19723e-10
3.68326e-09
-4.65114e-10
3.58231e-09
-3.96075e-10
3.4868e-09
-3.346e-10
3.39849e-09
-2.79884e-10
3.31837e-09
-2.3152e-10
3.24688e-09
-1.88958e-10
3.18414e-09
-1.51581e-10
3.12989e-09
-1.18869e-10
3.08366e-09
-9.03927e-11
3.04487e-09
-6.57509e-11
3.01291e-09
-4.45997e-11
2.98706e-09
-2.6724e-11
2.96656e-09
-1.19687e-11
2.95065e-09
-1.64595e-13
2.93851e-09
8.8976e-12
2.9295e-09
1.5199e-11
2.92293e-09
1.9291e-11
2.91815e-09
2.07858e-11
2.91428e-09
2.0297e-11
2.91104e-09
1.85245e-11
2.90791e-09
1.55418e-11
2.9045e-09
1.1551e-11
2.90057e-09
7.12239e-12
2.89598e-09
2.68351e-12
2.89072e-09
-1.38712e-12
2.8849e-09
-4.7637e-12
2.87871e-09
-7.19697e-12
2.87243e-09
-8.53133e-12
2.86638e-09
-8.72731e-12
2.86091e-09
-7.86373e-12
2.85636e-09
-6.19697e-12
2.8531e-09
-4.06335e-12
-1.27297e-12
2.53445e-09
-9.65043e-11
2.62048e-09
-2.6538e-10
2.72205e-09
-3.66363e-10
2.81441e-09
-4.06699e-10
2.88722e-09
-4.08446e-10
2.93797e-09
-3.86052e-10
2.96783e-09
-3.4836e-10
2.97941e-09
-3.0484e-10
2.97681e-09
-2.61507e-10
2.96587e-09
-2.22044e-10
2.95042e-09
-1.8666e-10
2.93292e-09
-1.55695e-10
2.91483e-09
-1.29321e-10
2.89763e-09
-1.06841e-10
2.88221e-09
-8.74404e-11
2.86891e-09
-7.06027e-11
2.85798e-09
-5.58314e-11
2.8496e-09
-4.26046e-11
2.84389e-09
-3.04862e-11
2.84094e-09
-1.91188e-11
2.84083e-09
-8.18884e-12
2.84368e-09
2.58466e-12
2.84964e-09
1.34608e-11
2.85888e-09
2.46863e-11
2.87163e-09
3.65033e-11
2.88817e-09
4.9161e-11
2.90883e-09
6.29279e-11
2.93398e-09
7.81045e-11
2.96407e-09
9.50373e-11
2.99958e-09
1.14138e-10
3.04104e-09
1.35902e-10
3.089e-09
1.60947e-10
3.14396e-09
1.9001e-10
3.20809e-09
2.28768e-10
3.26823e-09
2.3883e-10
3.30623e-09
2.14303e-10
3.32021e-09
1.40425e-10
3.31155e-09
1.66762e-11
3.28018e-09
-1.13834e-10
3.22633e-09
-2.21402e-10
3.14945e-09
-3.20717e-10
3.05933e-09
-3.84517e-10
2.96088e-09
-4.28748e-10
2.85832e-09
-3.96462e-10
2.75746e-09
-3.3205e-10
2.66158e-09
-2.74445e-10
2.57259e-09
-2.30813e-10
2.49347e-09
-1.88354e-10
2.42308e-09
-1.60251e-10
2.36231e-09
-1.31985e-10
2.31059e-09
-1.11111e-10
2.26719e-09
-9.08576e-11
2.23271e-09
-7.25963e-11
2.2059e-09
-5.52589e-11
2.18792e-09
-3.75235e-11
2.17808e-09
-1.93507e-11
2.1768e-09
-2.10299e-12
2.18493e-09
1.92178e-11
2.20078e-09
3.48022e-11
2.2275e-09
5.98266e-11
2.2617e-09
7.50147e-11
2.30505e-09
9.71228e-11
2.35617e-09
1.12908e-10
2.41432e-09
1.31318e-10
2.47952e-09
1.45606e-10
2.54975e-09
1.60219e-10
2.62545e-09
1.71253e-10
2.70462e-09
1.82511e-10
2.78721e-09
1.89314e-10
2.87221e-09
1.978e-10
2.9585e-09
2.00287e-10
3.04664e-09
2.06477e-10
3.13484e-09
2.06715e-10
3.22334e-09
2.082e-10
3.31184e-09
2.08756e-10
3.39956e-09
2.06447e-10
3.48662e-09
2.05666e-10
3.57278e-09
2.02289e-10
3.65768e-09
2.00226e-10
3.7411e-09
1.95323e-10
3.82318e-09
1.92095e-10
3.90361e-09
1.87163e-10
3.98231e-09
1.82119e-10
4.05904e-09
1.76891e-10
4.13325e-09
1.70411e-10
4.20493e-09
1.63749e-10
4.27396e-09
1.57858e-10
4.33941e-09
1.47639e-10
4.40163e-09
1.41807e-10
4.46027e-09
1.30183e-10
4.51443e-09
1.22205e-10
4.56423e-09
1.08129e-10
4.60945e-09
1.00381e-10
4.6483e-09
8.19682e-11
4.682e-09
7.26224e-11
4.70776e-09
5.02738e-11
4.72725e-09
3.73924e-11
4.73765e-09
1.12046e-11
4.74052e-09
-5.52832e-12
4.73269e-09
-3.71188e-11
4.71618e-09
-5.74007e-11
4.68823e-09
-9.09757e-11
4.64989e-09
-1.14665e-10
4.60075e-09
-1.45428e-10
4.53993e-09
-1.69529e-10
4.46939e-09
-1.94439e-10
4.38825e-09
-2.11826e-10
4.2988e-09
-2.29247e-10
4.20196e-09
-2.35187e-10
4.09923e-09
-2.43143e-10
3.99267e-09
-2.38853e-10
3.88383e-09
-2.36317e-10
3.77451e-09
-2.24741e-10
3.6671e-09
-2.12841e-10
3.56249e-09
-1.97433e-10
3.46319e-09
-1.80489e-10
3.36987e-09
-1.62528e-10
3.283e-09
-1.46147e-10
3.20343e-09
-1.29821e-10
3.13111e-09
-1.15015e-10
3.06575e-09
-1.03572e-10
3.00736e-09
-9.22509e-11
2.95517e-09
-8.48136e-11
2.90831e-09
-7.90982e-11
2.86616e-09
-7.53826e-11
2.82779e-09
-7.39166e-11
2.79238e-09
-7.36376e-11
2.75914e-09
-7.4969e-11
2.72723e-09
-7.74709e-11
2.69601e-09
-8.011e-11
2.66524e-09
-8.35929e-11
2.63438e-09
-8.52091e-11
2.60271e-09
-9.07112e-11
2.57129e-09
-8.85084e-11
2.53911e-09
-9.31e-11
2.50675e-09
-8.98779e-11
2.4752e-09
-8.98458e-11
2.4442e-09
-8.40613e-11
2.41483e-09
-8.13941e-11
2.38802e-09
-7.06047e-11
2.36421e-09
-6.46961e-11
2.34518e-09
-4.87398e-11
2.33126e-09
-3.85219e-11
2.32401e-09
-1.81738e-11
2.32459e-09
-2.55065e-12
2.33312e-09
2.09906e-11
2.35224e-09
4.22891e-11
2.38111e-09
7.04705e-11
2.42048e-09
9.17207e-11
2.4719e-09
1.26221e-10
2.53324e-09
1.4754e-10
2.60808e-09
1.87609e-10
2.69267e-09
2.12097e-10
2.79065e-09
2.56799e-10
2.89844e-09
2.90133e-10
3.01852e-09
3.4508e-10
3.14652e-09
3.96107e-10
3.27898e-09
4.17968e-10
3.40373e-09
2.83231e-10
3.51992e-09
2.08058e-10
3.5908e-09
4.70261e-11
3.6285e-09
-8.35228e-11
3.63175e-09
-2.0043e-10
3.59973e-09
-3.02247e-10
3.52827e-09
-4.00722e-10
3.42678e-09
-4.15651e-10
3.30266e-09
-3.95609e-10
3.17845e-09
-3.40902e-10
3.06367e-09
-2.8129e-10
2.9599e-09
-2.30819e-10
2.86792e-09
-1.87907e-10
2.78778e-09
-1.51371e-10
2.719e-09
-1.20173e-10
2.66086e-09
-9.34397e-11
2.61248e-09
-7.049e-11
2.5729e-09
-5.08094e-11
2.54117e-09
-3.4028e-11
2.51637e-09
-1.98009e-11
2.49757e-09
-7.93076e-12
2.48388e-09
1.72319e-12
2.47442e-09
9.2929e-12
2.46835e-09
1.49531e-11
2.46492e-09
1.86299e-11
2.4635e-09
2.07123e-11
2.46318e-09
2.1093e-11
2.46335e-09
2.01225e-11
2.46367e-09
1.81902e-11
2.46375e-09
1.54643e-11
2.46317e-09
1.21276e-11
2.46177e-09
8.52801e-12
2.45948e-09
4.97331e-12
2.45637e-09
1.73112e-12
2.45258e-09
-9.74059e-13
2.44837e-09
-2.97663e-12
2.44403e-09
-4.18342e-12
2.4399e-09
-4.58967e-12
2.43633e-09
-4.29258e-12
2.43367e-09
-3.53308e-12
2.43229e-09
-2.67688e-12
-1.50319e-12
2.55985e-09
-1.56352e-10
2.68194e-09
-3.87475e-10
2.78949e-09
-4.73909e-10
2.85962e-09
-4.76832e-10
2.88754e-09
-4.36361e-10
2.87933e-09
-3.77844e-10
2.84802e-09
-3.17055e-10
2.80356e-09
-2.60377e-10
2.75353e-09
-2.11482e-10
2.70302e-09
-1.71532e-10
2.65555e-09
-1.3919e-10
2.61275e-09
-1.1289e-10
2.575e-09
-9.15762e-11
2.54238e-09
-7.42137e-11
2.51476e-09
-5.98209e-11
2.49185e-09
-4.76932e-11
2.47331e-09
-3.7295e-11
2.45887e-09
-2.8164e-11
2.44831e-09
-1.99225e-11
2.44146e-09
-1.22718e-11
2.43824e-09
-4.96701e-12
2.43862e-09
2.19966e-12
2.44266e-09
9.42198e-12
2.45047e-09
1.68801e-11
2.46223e-09
2.4744e-11
2.4782e-09
3.31915e-11
2.49871e-09
4.24165e-11
2.52417e-09
5.26402e-11
2.55509e-09
6.41242e-11
2.59203e-09
7.71902e-11
2.63569e-09
9.22449e-11
2.68681e-09
1.09829e-10
2.74619e-09
1.3063e-10
2.81629e-09
1.58669e-10
2.88503e-09
1.70087e-10
2.93555e-09
1.63785e-10
2.96188e-09
1.14087e-10
2.96061e-09
1.79507e-11
2.93018e-09
-8.33995e-11
2.8715e-09
-1.62732e-10
2.78449e-09
-2.33699e-10
2.67928e-09
-2.79314e-10
2.56166e-09
-3.11126e-10
2.44244e-09
-2.77239e-10
2.33094e-09
-2.20549e-10
2.23058e-09
-1.74087e-10
2.1419e-09
-1.4213e-10
2.0664e-09
-1.12859e-10
2.00135e-09
-9.52021e-11
1.9467e-09
-7.73295e-11
1.90088e-09
-6.52882e-11
1.86298e-09
-5.29647e-11
1.833e-09
-4.26155e-11
1.80989e-09
-3.21445e-11
1.79436e-09
-2.19969e-11
1.78596e-09
-1.0951e-11
1.7849e-09
-1.04264e-12
1.79204e-09
1.20741e-11
1.80581e-09
2.10305e-11
1.82913e-09
3.65056e-11
1.85893e-09
4.52208e-11
1.89691e-09
5.91437e-11
1.94163e-09
6.81812e-11
1.99286e-09
8.00856e-11
2.05027e-09
8.82012e-11
2.11254e-09
9.79439e-11
2.17968e-09
1.04113e-10
2.25036e-09
1.1183e-10
2.32417e-09
1.15511e-10
2.40057e-09
1.21399e-10
2.47826e-09
1.22592e-10
2.55795e-09
1.26792e-10
2.63787e-09
1.26791e-10
2.71831e-09
1.27763e-10
2.79895e-09
1.28115e-10
2.87897e-09
1.26425e-10
2.95858e-09
1.26057e-10
3.0374e-09
1.23473e-10
3.11529e-09
1.22338e-10
3.19183e-09
1.1879e-10
3.26722e-09
1.16707e-10
3.34109e-09
1.13296e-10
3.41337e-09
1.09839e-10
3.48393e-09
1.06339e-10
3.55231e-09
1.02038e-10
3.61847e-09
9.75843e-11
3.6824e-09
9.39303e-11
3.74302e-09
8.70211e-11
3.80097e-09
8.38569e-11
3.85545e-09
7.57031e-11
3.90606e-09
7.15983e-11
3.95232e-09
6.18653e-11
3.99469e-09
5.80146e-11
4.03086e-09
4.57986e-11
4.06252e-09
4.09665e-11
4.08633e-09
2.64636e-11
4.10431e-09
1.9418e-11
4.11297e-09
2.54245e-12
4.11429e-09
-6.8465e-12
4.10438e-09
-2.72101e-11
4.08574e-09
-3.87648e-11
4.05508e-09
-6.03254e-11
4.01415e-09
-7.37362e-11
3.96208e-09
-9.33605e-11
3.89901e-09
-1.06466e-10
3.82654e-09
-1.21969e-10
3.74496e-09
-1.30248e-10
3.65621e-09
-1.40494e-10
3.56228e-09
-1.4125e-10
3.46432e-09
-1.45177e-10
3.3651e-09
-1.39628e-10
3.26576e-09
-1.36973e-10
3.1685e-09
-1.27478e-10
3.07503e-09
-1.19371e-10
2.98614e-09
-1.08542e-10
2.9036e-09
-9.79433e-11
2.82776e-09
-8.66965e-11
2.75864e-09
-7.70288e-11
2.69659e-09
-6.77765e-11
2.64117e-09
-5.96049e-11
2.59165e-09
-5.40608e-11
2.54782e-09
-4.84192e-11
2.50862e-09
-4.56197e-11
2.47317e-09
-4.36553e-11
2.44076e-09
-4.29746e-11
2.41048e-09
-4.36371e-11
2.38162e-09
-4.47814e-11
2.35351e-09
-4.68552e-11
2.32548e-09
-4.94378e-11
2.29711e-09
-5.17402e-11
2.26825e-09
-5.47277e-11
2.23874e-09
-5.56949e-11
2.20787e-09
-5.9835e-11
2.17709e-09
-5.77297e-11
2.14524e-09
-6.12486e-11
2.11347e-09
-5.81035e-11
2.08226e-09
-5.86354e-11
2.052e-09
-5.38013e-11
2.02321e-09
-5.26066e-11
1.99727e-09
-4.46703e-11
1.9741e-09
-4.15283e-11
1.95579e-09
-3.04301e-11
1.94208e-09
-2.48156e-11
1.93493e-09
-1.1016e-11
1.93468e-09
-2.30427e-12
1.94212e-09
1.35484e-11
1.95887e-09
2.55465e-11
1.98497e-09
4.43629e-11
2.02039e-09
5.63084e-11
2.06736e-09
7.92482e-11
2.1234e-09
9.14934e-11
2.1927e-09
1.18308e-10
2.27155e-09
1.33253e-10
2.36437e-09
1.63972e-10
2.46802e-09
1.86478e-10
2.5862e-09
2.26902e-10
2.71519e-09
2.67121e-10
2.84887e-09
2.84279e-10
2.96501e-09
1.67088e-10
3.06605e-09
1.07023e-10
3.11731e-09
-4.23648e-12
3.1295e-09
-9.57083e-11
3.10259e-09
-1.73529e-10
3.03775e-09
-2.37398e-10
2.93345e-09
-2.96429e-10
2.80631e-09
-2.88508e-10
2.66756e-09
-2.5685e-10
2.53774e-09
-2.11086e-10
2.42415e-09
-1.67692e-10
2.32646e-09
-1.33128e-10
2.24371e-09
-1.05157e-10
2.17458e-09
-8.22344e-11
2.11761e-09
-6.32062e-11
2.0714e-09
-4.72219e-11
2.03461e-09
-3.36972e-11
2.006e-09
-2.22033e-11
1.98453e-09
-1.25598e-11
1.96914e-09
-4.41608e-12
1.9589e-09
2.30421e-12
1.95293e-09
7.69227e-12
1.95039e-09
1.18342e-11
1.95053e-09
1.48071e-11
1.95254e-09
1.66113e-11
1.95585e-09
1.74008e-11
1.95973e-09
1.72059e-11
1.96366e-09
1.61953e-11
1.96726e-09
1.45853e-11
1.97022e-09
1.25057e-11
1.97226e-09
1.00866e-11
1.97326e-09
7.52339e-12
1.97323e-09
5.00823e-12
1.97226e-09
2.70658e-12
1.97053e-09
7.55203e-13
1.96831e-09
-7.47114e-13
1.96588e-09
-1.75132e-12
1.96357e-09
-2.27089e-12
1.96168e-09
-2.4054e-12
1.96056e-09
-2.40366e-12
1.96046e-09
-2.57705e-12
-2.60482e-12
2.60795e-09
-2.64307e-10
2.73999e-09
-5.1951e-10
2.78405e-09
-5.17965e-10
2.7538e-09
-4.46584e-10
2.67828e-09
-3.60844e-10
2.57886e-09
-2.78421e-10
2.47353e-09
-2.11729e-10
2.37468e-09
-1.61528e-10
2.2872e-09
-1.24001e-10
2.21182e-09
-9.61505e-11
2.14801e-09
-7.53836e-11
2.09469e-09
-5.95698e-11
2.05045e-09
-4.73315e-11
2.01395e-09
-3.77107e-11
1.98409e-09
-2.99663e-11
1.95998e-09
-2.35789e-11
1.94087e-09
-1.81839e-11
1.9262e-09
-1.34966e-11
1.91557e-09
-9.29156e-12
1.90869e-09
-5.39044e-12
1.90537e-09
-1.64946e-12
1.90557e-09
2.00078e-12
1.90928e-09
5.7074e-12
1.9166e-09
9.56487e-12
1.92768e-09
1.36593e-11
1.94279e-09
1.80882e-11
1.96224e-09
2.29612e-11
1.98648e-09
2.84059e-11
2.01602e-09
3.45784e-11
2.05153e-09
4.16782e-11
2.09381e-09
4.99712e-11
2.1438e-09
5.98371e-11
2.20265e-09
7.17842e-11
2.2731e-09
8.82164e-11
2.34555e-09
9.7639e-11
2.40645e-09
1.02887e-10
2.44463e-09
7.59041e-11
2.44994e-09
1.26431e-11
2.41953e-09
-5.29892e-11
2.3563e-09
-9.95025e-11
2.26179e-09
-1.39195e-10
2.14671e-09
-1.64234e-10
2.01792e-09
-1.82334e-10
1.89399e-09
-1.53302e-10
1.78636e-09
-1.12924e-10
1.69618e-09
-8.39069e-11
1.62074e-09
-6.66846e-11
1.55932e-09
-5.14469e-11
1.50769e-09
-4.35679e-11
1.46524e-09
-3.48833e-11
1.42985e-09
-2.98988e-11
1.40088e-09
-2.39939e-11
1.37791e-09
-1.9641e-11
1.36034e-09
-1.45808e-11
1.34851e-09
-1.01673e-11
1.34231e-09
-4.75097e-12
1.34173e-09
-4.6223e-13
1.34768e-09
6.12904e-12
1.35871e-09
9.99326e-12
1.37745e-09
1.77628e-11
1.40119e-09
2.14863e-11
1.43168e-09
2.86569e-11
1.46738e-09
3.24784e-11
1.50863e-09
3.88333e-11
1.55466e-09
4.21666e-11
1.60503e-09
4.75779e-11
1.65917e-09
4.99738e-11
1.71659e-09
5.44057e-11
1.77643e-09
5.56664e-11
1.83875e-09
5.9088e-11
1.90206e-09
5.9281e-11
1.96721e-09
6.16383e-11
2.03256e-09
6.14442e-11
2.09839e-09
6.19285e-11
2.16442e-09
6.20877e-11
2.22985e-09
6.09968e-11
2.29497e-09
6.09338e-11
2.35924e-09
5.92084e-11
2.42277e-09
5.88017e-11
2.48496e-09
5.66072e-11
2.54613e-09
5.55431e-11
2.60584e-09
5.35825e-11
2.66405e-09
5.16292e-11
2.72068e-09
4.97142e-11
2.77535e-09
4.73641e-11
2.82806e-09
4.48765e-11
2.87892e-09
4.30771e-11
2.92681e-09
3.91278e-11
2.97268e-09
3.79825e-11
3.01532e-09
3.30652e-11
3.0551e-09
3.18214e-11
3.09088e-09
2.60896e-11
3.12382e-09
2.50771e-11
3.15128e-09
1.83509e-11
3.17536e-09
1.68871e-11
3.19256e-09
9.26981e-12
3.20521e-09
6.77414e-12
3.20958e-09
-1.83031e-12
3.20815e-09
-5.41542e-12
3.19672e-09
-1.57853e-11
3.17815e-09
-2.01972e-11
3.14894e-09
-3.1115e-11
3.11143e-09
-3.62311e-11
3.06421e-09
-4.61512e-11
3.00853e-09
-5.07911e-11
2.94515e-09
-5.85797e-11
2.87553e-09
-6.06353e-11
2.80072e-09
-6.56829e-11
2.72354e-09
-6.40567e-11
2.6443e-09
-6.59399e-11
2.56619e-09
-6.151e-11
2.48946e-09
-6.02324e-11
2.41638e-09
-5.43967e-11
2.34763e-09
-5.06188e-11
2.2839e-09
-4.48096e-11
2.22597e-09
-4.00204e-11
2.17397e-09
-3.46975e-11
2.12747e-09
-3.05335e-11
2.08643e-09
-2.67419e-11
2.05026e-09
-2.34412e-11
2.018e-09
-2.18008e-11
1.9894e-09
-1.9824e-11
1.96335e-09
-1.95813e-11
1.93917e-09
-1.94759e-11
1.91622e-09
-2.00257e-11
1.89378e-09
-2.11928e-11
1.87138e-09
-2.23868e-11
1.84855e-09
-2.40219e-11
1.82488e-09
-2.57664e-11
1.80025e-09
-2.71047e-11
1.77454e-09
-2.90127e-11
1.74805e-09
-2.91996e-11
1.71997e-09
-3.17555e-11
1.69216e-09
-2.99257e-11
1.66319e-09
-3.22729e-11
1.63477e-09
-2.96874e-11
1.60668e-09
-3.05415e-11
1.57999e-09
-2.71143e-11
1.55447e-09
-2.70861e-11
1.53195e-09
-2.21552e-11
1.51166e-09
-2.1234e-11
1.496e-09
-1.47713e-11
1.48396e-09
-1.27813e-11
1.47794e-09
-4.99647e-12
1.4773e-09
-1.65688e-12
1.48356e-09
7.28103e-12
1.49708e-09
1.20332e-11
1.51893e-09
2.25058e-11
1.54808e-09
2.71601e-11
1.58751e-09
3.98142e-11
1.63428e-09
4.47303e-11
1.69305e-09
5.95292e-11
1.76011e-09
6.61934e-11
1.8406e-09
8.34834e-11
1.93181e-09
9.52715e-11
2.03892e-09
1.19785e-10
2.15965e-09
1.4639e-10
2.28496e-09
1.58971e-10
2.37991e-09
7.21403e-11
2.45259e-09
3.43419e-11
2.47438e-09
-2.60363e-11
2.45508e-09
-7.64012e-11
2.39748e-09
-1.1593e-10
2.30567e-09
-1.45594e-10
2.18145e-09
-1.72204e-10
2.0477e-09
-1.54755e-10
1.91703e-09
-1.26181e-10
1.80381e-09
-9.78633e-11
1.71062e-09
-7.44935e-11
1.63453e-09
-5.70375e-11
1.57297e-09
-4.35934e-11
1.52363e-09
-3.28917e-11
1.48473e-09
-2.43073e-11
1.45464e-09
-1.71256e-11
1.43202e-09
-1.10856e-11
1.41578e-09
-5.96351e-12
1.40497e-09
-1.7437e-12
1.39871e-09
1.83541e-12
1.39624e-09
4.7721e-12
1.39683e-09
7.1004e-12
1.39981e-09
8.85468e-12
1.40455e-09
1.00594e-11
1.41044e-09
1.0719e-11
1.41696e-09
1.08844e-11
1.42358e-09
1.0584e-11
1.42988e-09
9.89269e-12
1.43555e-09
8.90698e-12
1.44037e-09
7.69061e-12
1.44415e-09
6.30958e-12
1.44682e-09
4.85673e-12
1.4484e-09
3.42602e-12
1.44901e-09
2.09815e-12
1.44883e-09
9.39702e-13
1.44808e-09
4.98829e-15
1.44702e-09
-6.83654e-13
1.44589e-09
-1.1463e-12
1.44497e-09
-1.4788e-12
1.44448e-09
-1.90792e-12
1.44448e-09
-2.58676e-12
-3.28892e-12
2.64589e-09
-4.10193e-10
2.60917e-09
-4.82792e-10
2.44706e-09
-3.5586e-10
2.24469e-09
-2.44209e-10
2.04678e-09
-1.62937e-10
1.87764e-09
-1.09281e-10
1.7406e-09
-7.46834e-11
1.63157e-09
-5.25061e-11
1.54554e-09
-3.79709e-11
1.4776e-09
-2.82073e-11
1.42367e-09
-2.14508e-11
1.38067e-09
-1.6576e-11
1.34628e-09
-1.29405e-11
1.31873e-09
-1.01589e-11
1.29673e-09
-7.96346e-12
1.27933e-09
-6.17593e-12
1.26582e-09
-4.67871e-12
1.2557e-09
-3.38114e-12
1.24863e-09
-2.21647e-12
1.24436e-09
-1.1228e-12
1.24268e-09
2.82468e-14
1.24367e-09
1.01068e-12
1.2473e-09
2.0775e-12
1.25366e-09
3.21466e-12
1.26288e-09
4.43555e-12
1.2752e-09
5.77142e-12
1.2909e-09
7.25757e-12
1.31037e-09
8.93665e-12
1.33408e-09
1.0863e-11
1.36265e-09
1.31092e-11
1.39685e-09
1.57775e-11
1.43766e-09
1.90283e-11
1.48636e-09
2.3077e-11
1.54572e-09
2.88585e-11
1.61007e-09
3.32865e-11
1.6725e-09
4.04576e-11
1.71663e-09
3.17734e-11
1.72436e-09
4.91595e-12
1.69371e-09
-2.23355e-11
1.63187e-09
-3.76657e-11
1.54281e-09
-5.01343e-11
1.43629e-09
-5.77129e-11
1.31841e-09
-6.44515e-11
1.21408e-09
-4.89758e-11
1.13279e-09
-3.1632e-11
1.07046e-09
-2.15767e-11
1.02078e-09
-1.70072e-11
9.81946e-10
-1.26112e-11
9.49455e-10
-1.10773e-11
9.23192e-10
-8.6199e-12
9.01033e-10
-7.74032e-12
8.83071e-10
-6.03244e-12
8.68603e-10
-5.17305e-12
8.57703e-10
-3.68148e-12
8.50252e-10
-2.71658e-12
8.46607e-10
-1.10673e-12
8.4634e-10
-1.95693e-13
8.50606e-10
1.86278e-12
8.57964e-10
2.63458e-12
8.70689e-10
5.03715e-12
8.86438e-10
5.7371e-12
9.07035e-10
8.05892e-12
9.30776e-10
8.7374e-12
9.58687e-10
1.09217e-11
9.89432e-10
1.14212e-11
1.02361e-09
1.34013e-11
1.05995e-09
1.3631e-11
1.09902e-09
1.53359e-11
1.13939e-09
1.52929e-11
1.18185e-09
1.66338e-11
1.22473e-09
1.63957e-11
1.26909e-09
1.72758e-11
1.31346e-09
1.70828e-11
1.35815e-09
1.7233e-11
1.40295e-09
1.72907e-11
1.44713e-09
1.6814e-11
1.49114e-09
1.69214e-11
1.53421e-09
1.614e-11
1.57683e-09
1.61833e-11
1.61815e-09
1.52871e-11
1.65868e-09
1.50157e-11
1.69794e-09
1.43184e-11
1.73593e-09
1.36471e-11
1.77261e-09
1.30287e-11
1.80772e-09
1.22556e-11
1.84121e-09
1.1383e-11
1.87336e-09
1.09297e-11
1.90305e-09
9.43347e-12
1.93158e-09
9.45482e-12
1.95724e-09
7.40207e-12
1.98143e-09
7.63524e-12
2.00222e-09
5.30476e-12
2.02166e-09
5.64642e-12
2.03682e-09
3.19107e-12
2.05033e-09
3.38077e-12
2.05867e-09
9.40288e-13
2.0645e-09
9.42417e-13
2.06456e-09
-1.88198e-12
2.06117e-09
-2.0285e-12
2.05074e-09
-5.35374e-12
2.03614e-09
-5.60293e-12
2.01402e-09
-9.00265e-12
1.98725e-09
-9.46323e-12
1.95369e-09
-1.25967e-11
1.91562e-09
-1.27219e-11
1.87244e-09
-1.53987e-11
1.82662e-09
-1.48147e-11
1.77766e-09
-1.67146e-11
1.72882e-09
-1.52193e-11
1.67913e-09
-1.62438e-11
1.6318e-09
-1.41747e-11
1.58586e-09
-1.42914e-11
1.54358e-09
-1.21085e-11
1.50443e-09
-1.14701e-11
1.46923e-09
-9.60912e-12
1.43782e-09
-8.6158e-12
1.41032e-09
-7.19511e-12
1.38609e-09
-6.30515e-12
1.36491e-09
-5.56759e-12
1.34635e-09
-4.88101e-12
1.32943e-09
-4.8915e-12
1.31417e-09
-4.5656e-12
1.29955e-09
-4.95941e-12
1.28526e-09
-5.19369e-12
1.27088e-09
-5.64714e-12
1.25595e-09
-6.26411e-12
1.24034e-09
-6.77391e-12
1.22375e-09
-7.43279e-12
1.20606e-09
-8.06518e-12
1.18739e-09
-8.43666e-12
1.16756e-09
-9.17774e-12
1.14732e-09
-8.96111e-12
1.12559e-09
-1.002e-11
1.10462e-09
-8.95347e-12
1.08243e-09
-1.00827e-11
1.06142e-09
-8.67797e-12
1.04028e-09
-9.3982e-12
1.02093e-09
-7.77192e-12
1.00207e-09
-8.22264e-12
9.86106e-10
-6.19187e-12
9.71285e-10
-6.41425e-12
9.60478e-10
-3.96576e-12
9.51632e-10
-3.93629e-12
9.478e-10
-1.16548e-12
9.47033e-10
-8.90769e-13
9.51813e-10
2.5006e-12
9.6086e-10
2.9854e-12
9.76521e-10
6.84408e-12
9.96437e-10
7.24299e-12
1.02447e-09
1.17783e-11
1.05692e-09
1.2286e-11
1.09893e-09
1.75135e-11
1.14645e-09
1.86742e-11
1.20514e-09
2.47936e-11
1.27235e-09
2.80566e-11
1.35475e-09
3.73895e-11
1.45244e-09
4.86933e-11
1.55531e-09
5.61044e-11
1.61418e-09
1.32633e-11
1.64821e-09
3.13862e-13
1.6398e-09
-1.76309e-11
1.5971e-09
-3.36986e-11
1.52573e-09
-4.45607e-11
1.43159e-09
-5.14511e-11
1.31768e-09
-5.82898e-11
1.20934e-09
-4.64128e-11
1.1161e-09
-3.29392e-11
1.04194e-09
-2.36986e-11
9.84594e-10
-1.71499e-11
9.40097e-10
-1.25391e-11
9.05674e-10
-9.16935e-12
8.79303e-10
-6.51944e-12
8.59523e-10
-4.527e-12
8.45196e-10
-2.79929e-12
8.35453e-10
-1.34333e-12
8.29536e-10
-4.83326e-14
8.26888e-10
9.02804e-13
8.2695e-10
1.77175e-12
8.29235e-10
2.48479e-12
8.33287e-10
3.04661e-12
8.38676e-10
3.46334e-12
8.44997e-10
3.73714e-12
8.51849e-10
3.86523e-12
8.58875e-10
3.85782e-12
8.65738e-10
3.72049e-12
8.72158e-10
3.47295e-12
8.77926e-10
3.13939e-12
8.82882e-10
2.73526e-12
8.86916e-10
2.27779e-12
8.89982e-10
1.79308e-12
8.92102e-10
1.30801e-12
8.93358e-10
8.44898e-13
8.93894e-10
4.05686e-13
8.93866e-10
3.45389e-14
8.93433e-10
-2.49222e-13
8.92763e-10
-4.75401e-13
8.92003e-10
-7.19878e-13
8.91236e-10
-1.14194e-12
8.9021e-10
-1.56354e-12
-2.31093e-12
2.08981e-09
1.60701e-09
1.25115e-09
1.00695e-09
8.44009e-10
7.34728e-10
6.60044e-10
6.07538e-10
5.69567e-10
5.4136e-10
5.19909e-10
5.03333e-10
4.90392e-10
4.80234e-10
4.7227e-10
4.66094e-10
4.61416e-10
4.58035e-10
4.55818e-10
4.54695e-10
4.54724e-10
4.55735e-10
4.57812e-10
4.61027e-10
4.65463e-10
4.71235e-10
4.78492e-10
4.87429e-10
4.98292e-10
5.11402e-10
5.27179e-10
5.46207e-10
5.69284e-10
5.98143e-10
6.3143e-10
6.71887e-10
7.03661e-10
7.08577e-10
6.86241e-10
6.48576e-10
5.98442e-10
5.40729e-10
4.76277e-10
4.27301e-10
3.95668e-10
3.7409e-10
3.57083e-10
3.44471e-10
3.33393e-10
3.24773e-10
3.17033e-10
3.11e-10
3.05827e-10
3.02145e-10
2.99428e-10
2.98321e-10
2.98125e-10
2.99988e-10
3.02622e-10
3.07659e-10
3.13396e-10
3.21454e-10
3.30191e-10
3.41113e-10
3.52534e-10
3.65935e-10
3.79565e-10
3.94901e-10
4.10194e-10
4.26827e-10
4.43222e-10
4.60497e-10
4.7758e-10
4.94812e-10
5.12102e-10
5.28915e-10
5.45836e-10
5.61975e-10
5.78157e-10
5.93442e-10
6.08455e-10
6.2277e-10
6.36412e-10
6.49436e-10
6.61686e-10
6.73065e-10
6.83991e-10
6.93422e-10
7.02876e-10
7.10279e-10
7.17917e-10
7.23226e-10
7.28877e-10
7.32074e-10
7.35461e-10
7.36406e-10
7.37352e-10
7.35473e-10
7.33445e-10
7.28091e-10
7.22487e-10
7.13482e-10
7.04016e-10
6.91417e-10
6.78693e-10
6.63293e-10
6.48477e-10
6.31763e-10
6.16546e-10
6.00305e-10
5.86134e-10
5.71847e-10
5.59744e-10
5.48278e-10
5.38673e-10
5.30061e-10
5.22868e-10
5.16563e-10
5.10994e-10
5.0611e-10
5.01213e-10
4.96641e-10
4.91674e-10
4.86472e-10
4.80817e-10
4.74546e-10
4.67768e-10
4.60333e-10
4.52267e-10
4.43832e-10
4.34658e-10
4.25702e-10
4.15687e-10
4.0674e-10
3.96663e-10
3.8799e-10
3.78596e-10
3.70828e-10
3.62607e-10
3.56416e-10
3.50001e-10
3.46033e-10
3.42095e-10
3.40927e-10
3.40034e-10
3.42533e-10
3.45517e-10
3.5236e-10
3.59602e-10
3.71379e-10
3.83664e-10
4.01177e-10
4.19851e-10
4.44643e-10
4.72699e-10
5.10088e-10
5.5878e-10
6.14884e-10
6.28146e-10
6.28459e-10
6.10828e-10
5.7713e-10
5.3257e-10
4.8112e-10
4.22833e-10
3.76423e-10
3.43487e-10
3.19791e-10
3.02644e-10
2.90107e-10
2.80939e-10
2.7442e-10
2.69893e-10
2.67092e-10
2.65747e-10
2.65696e-10
2.66596e-10
2.68364e-10
2.70845e-10
2.73888e-10
2.77348e-10
2.81082e-10
2.84945e-10
2.88801e-10
2.9252e-10
2.95993e-10
2.99133e-10
3.0187e-10
3.0415e-10
3.05946e-10
3.07257e-10
3.08106e-10
3.08514e-10
3.08552e-10
3.08304e-10
3.0783e-10
3.07111e-10
3.05969e-10
3.04404e-10
)
;

boundaryField
{
    inlet
    {
        type            calculated;
        value           nonuniform List<scalar> 
20
(
-2.5e-09
-2.5e-09
-2.5e-09
-2.5e-09
-2.5e-09
-2.5e-09
-2.5e-09
-2.5e-09
-2.5e-09
-2.5e-09
-2.5e-09
-2.5e-09
-2.5e-09
-2.5e-09
-2.5e-09
-2.5e-09
-2.5e-09
-2.5e-09
-2.5e-09
-2.5e-09
)
;
    }
    outlet
    {
        type            calculated;
        value           nonuniform List<scalar> 
20
(
3.59563e-10
1.03723e-09
1.65848e-09
2.2143e-09
2.69776e-09
3.1034e-09
3.42705e-09
3.66526e-09
3.81487e-09
3.87338e-09
3.84032e-09
3.71362e-09
3.50152e-09
3.21114e-09
2.8517e-09
2.43252e-09
1.96156e-09
1.44517e-09
8.8923e-10
3.02091e-10
)
;
    }
    walls
    {
        type            calculated;
        value           uniform 0;
    }
    frontAndBack
    {
        type            empty;
    }
}


// ************************************************************************* //
