/*--------------------------------*- C++ -*----------------------------------*\
| =========                 |                                                 |
| \\      /  F ield         | OpenFOAM: The Open Source CFD Toolbox           |
|  \\    /   O peration     | Version:  2506                                  |
|   \\  /    A nd           | Website:  www.openfoam.com                      |
|    \\/     M anipulation  |                                                 |
\*---------------------------------------------------------------------------*/
FoamFile
{
    version     2.0;
    format      ascii;
    arch        "LSB;label=32;scalar=64";
    class       volScalarField;
    location    "3.69337";
    object      s;
}
// * * * * * * * * * * * * * * * * * * * * * * * * * * * * * * * * * * * * * //

dimensions      [0 0 0 0 0 0 0];

internalField   nonuniform List<scalar> 
4000
(
-4.86736e-21
2.84936e-20
-1.31752e-19
5.16044e-19
-1.40529e-18
2.87976e-19
2.16458e-17
-1.21077e-16
3.17534e-16
-1.58533e-16
-2.33322e-14
-4.79422e-13
-3.90472e-12
-2.27144e-11
-2.07149e-10
-1.60472e-09
1.10166e-09
8.73225e-08
1.27327e-06
1.79729e-05
0.000164325
0.00107982
0.00611316
0.0265602
0.0695754
0.128185
0.161306
0.165335
0.160915
0.146306
0.109714
0.0531209
0.0105017
0.00194939
0.00220604
0.00301964
0.00459673
0.00721527
0.0112584
0.0159579
0.0202871
0.0237581
0.0273412
0.0311174
0.0341638
0.0369297
0.0394843
0.0421625
0.0445585
0.0467053
0.0487212
0.0504095
0.0521538
0.0535411
0.0546226
0.0554034
0.0558697
0.0560352
0.0559293
0.0555777
0.0549738
0.0541383
0.0530633
0.0516713
0.0491392
0.0442597
0.0359291
0.0240543
0.0131617
0.00812387
0.00510211
0.00302232
0.00170022
0.000917857
0.000479798
0.000244313
0.000120721
5.73488e-05
2.61073e-05
1.18195e-05
5.49539e-06
2.61078e-06
1.24689e-06
5.88504e-07
2.70862e-07
1.21015e-07
5.24119e-08
2.18544e-08
8.79175e-09
3.3835e-09
1.1788e-09
3.86179e-10
1.09187e-10
1.08166e-11
-5.19535e-12
-1.43179e-11
-2.03871e-11
-8.12238e-11
-1.50826e-10
-2.52504e-10
-4.97447e-11
-4.74221e-11
-1.15592e-10
-3.64836e-10
-1.51908e-09
-9.91086e-09
-4.76504e-08
-1.37757e-07
-2.96146e-07
-4.61365e-07
-6.57236e-07
-9.10384e-07
-1.27776e-06
-1.76255e-06
-2.33977e-06
-3.17591e-06
-3.67043e-06
-3.96379e-06
-4.10291e-06
-4.0706e-06
-3.8607e-06
-3.48453e-06
-2.95994e-06
-2.30253e-06
-1.54552e-06
-7.18524e-07
1.47807e-07
1.0191e-06
1.8737e-06
2.71672e-06
3.50923e-06
4.26372e-06
5.04095e-06
5.77065e-06
6.48611e-06
7.29924e-06
8.01838e-06
8.80417e-06
9.53843e-06
1.02425e-05
1.08352e-05
1.11153e-05
1.11456e-05
1.08407e-05
1.01315e-05
9.07087e-06
7.64894e-06
6.02744e-06
4.36178e-06
2.81956e-06
1.55841e-06
6.44018e-07
9.23558e-08
-1.62212e-07
-2.15538e-07
-1.67103e-07
-9.52907e-08
-5.29226e-08
-5.87334e-08
-1.17626e-07
-2.47278e-07
-4.1034e-07
-6.80087e-07
-1.04372e-06
-1.58537e-06
-2.37043e-06
-3.71718e-06
-4.35891e-06
-4.72418e-06
-5.23645e-06
-5.81806e-06
-6.30485e-06
-6.60644e-06
-6.66036e-06
-6.44409e-06
-5.98181e-06
-5.32609e-06
-4.55253e-06
-3.75542e-06
-2.97366e-06
-2.27712e-06
-1.69742e-06
-1.23806e-06
-8.76929e-07
-5.93966e-07
-3.90664e-07
-2.40022e-07
-1.40485e-07
-8.28831e-08
-4.96324e-08
-2.96605e-08
-1.78909e-08
-1.11677e-08
-7.34111e-09
-5.05781e-09
-3.58421e-09
-2.68954e-09
-2.00692e-09
-1.60049e-09
-1.10809e-09
-2.14616e-21
8.9032e-21
-2.29652e-20
4.20913e-20
1.71874e-21
-3.08899e-19
6.82356e-19
2.88945e-18
-2.59531e-17
9.97575e-17
-2.88993e-16
-9.95183e-15
-8.36601e-14
-5.81077e-13
-3.60599e-12
-2.89517e-11
-2.09813e-10
6.27201e-10
1.53806e-08
2.87372e-07
3.157e-06
2.26049e-05
0.000121136
0.000481652
0.00138473
0.00315875
0.0059497
0.00928633
0.01299
0.0167174
0.0199359
0.022028
0.0217106
0.0204013
0.0183366
0.0167148
0.0154047
0.0145998
0.0141186
0.0139185
0.0133614
0.0125603
0.0117803
0.0109868
0.0102626
0.00963768
0.00911751
0.00879496
0.00859437
0.0085217
0.0086096
0.00881251
0.00924031
0.00982789
0.0108996
0.0123383
0.0142543
0.0169816
0.0200281
0.023769
0.0276768
0.0317955
0.0359811
0.0402349
0.0442122
0.0462827
0.0472982
0.048066
0.0492028
0.049555
0.0496291
0.0493218
0.0488695
0.0480773
0.0467395
0.0443337
0.0386255
0.0280423
0.0155006
0.00644413
0.00336169
0.00200939
0.00118943
0.000675043
0.000360798
0.000181897
8.80593e-05
4.14843e-05
1.89996e-05
8.42677e-06
3.60797e-06
1.49172e-06
5.95639e-07
2.29395e-07
8.5535e-08
3.01798e-08
9.7279e-09
1.27309e-09
-3.78299e-09
-1.28111e-08
-3.10732e-08
-6.52068e-08
-1.19648e-07
-2.04755e-07
-3.5742e-07
-5.78969e-07
-1.07369e-06
-1.94731e-06
-3.49502e-06
-5.88955e-06
-7.00331e-06
-7.6857e-06
-7.87496e-06
-7.46071e-06
-6.36074e-06
2.55761e-06
0.000152284
0.000592528
0.00130153
0.00226317
0.00345433
0.00478636
0.00618568
0.00762338
0.00902119
0.0103478
0.0115814
0.0126936
0.0136928
0.014636
0.0154213
0.0161139
0.0168723
0.0174969
0.0181031
0.0189183
0.0194644
0.0201704
0.0207323
0.0211957
0.0214595
0.0213742
0.0208013
0.0199323
0.0185354
0.0168954
0.0147109
0.0123822
0.0100149
0.00776077
0.00583205
0.00419057
0.00293178
0.00196563
0.00127844
0.000792147
0.000467751
0.000257869
0.000132664
6.27613e-05
2.8508e-05
1.01591e-05
7.42429e-07
-4.45413e-06
-7.96092e-06
-9.28428e-06
-8.34466e-06
-6.74634e-06
2.18497e-06
6.50778e-05
0.000199053
0.000340828
0.000473582
0.000593105
0.000689439
0.000744149
0.000739997
0.000665734
0.000527354
0.000352308
0.000183717
6.53853e-05
1.54673e-05
-3.77911e-06
-1.08732e-05
-1.27563e-05
-1.22816e-05
-1.07382e-05
-8.77583e-06
-6.76503e-06
-4.92187e-06
-3.36395e-06
-2.13517e-06
-1.22725e-06
-6.0048e-07
-2.00828e-07
2.72195e-08
1.32339e-07
1.54284e-07
1.21225e-07
5.05825e-22
-2.52994e-21
9.34248e-21
-2.26045e-20
1.56202e-20
1.74488e-19
-9.54456e-19
2.46176e-18
-2.59183e-18
-3.91911e-18
1.21186e-17
-4.66557e-18
-3.11609e-16
-4.31026e-15
-2.74852e-14
-1.363e-13
-8.74222e-12
-3.77241e-11
-3.81572e-12
4.94779e-10
2.73906e-09
1.06657e-08
3.48946e-08
9.72451e-08
2.3238e-07
4.16377e-07
7.71385e-07
1.39504e-06
2.59208e-06
6.92584e-06
3.98971e-05
0.000578406
0.00184145
0.00350995
0.00514683
0.00615615
0.00662531
0.00668603
0.00640434
0.00582762
0.0049106
0.00395799
0.00314828
0.00245586
0.00193635
0.00156456
0.00129213
0.001097
0.000946949
0.000832549
0.000747644
0.000683284
0.000642366
0.000616366
0.000607082
0.00061153
0.00064228
0.000821693
0.00120379
0.00198761
0.00316463
0.00489895
0.00727595
0.010223
0.0144709
0.0191533
0.0237486
0.0280775
0.032213
0.0361029
0.0399925
0.0443417
0.0474166
0.0493112
0.0506525
0.0521469
0.0546115
0.0551995
0.0545466
0.0528612
0.0500302
0.0444667
0.0342569
0.0219685
0.0108373
0.00543927
0.00331435
0.00210196
0.00129799
0.00076393
0.000421534
0.000220339
0.000111822
5.54986e-05
2.68748e-05
1.26634e-05
5.79471e-06
2.55076e-06
1.04239e-06
3.17058e-07
-9.21486e-08
-4.38498e-07
-8.70931e-07
-1.45864e-06
-2.07383e-06
-2.55346e-06
-2.46937e-06
-7.96928e-07
5.42452e-06
6.09551e-05
0.000483438
0.00155506
0.00342245
0.00603803
0.00942775
0.0133242
0.0177385
0.022742
0.0282515
0.0339664
0.0396747
0.0449676
0.0497071
0.0539531
0.0577151
0.0610446
0.0639995
0.0666136
0.0689441
0.0710781
0.0729565
0.0746429
0.0762476
0.0776635
0.078978
0.0802908
0.0814267
0.0825608
0.0835935
0.0845537
0.0854196
0.0861583
0.0866707
0.086835
0.0861896
0.0850667
0.0825412
0.0788891
0.0738749
0.0674406
0.0603076
0.0520201
0.0435932
0.0347513
0.0261927
0.0177937
0.0112595
0.00701529
0.00443122
0.00279431
0.00200084
0.00135085
0.000860038
0.000550613
0.000380642
0.00031593
0.000399799
0.000725298
0.00147478
0.00320387
0.00659805
0.0112378
0.0167113
0.0225527
0.0282088
0.0331787
0.0368382
0.0386233
0.0382662
0.0358128
0.0315646
0.0260388
0.0201544
0.0152338
0.0114561
0.00869386
0.00685398
0.00581312
0.00539264
0.00537074
0.00550357
0.00557296
0.00547024
0.00519971
0.00480557
0.00433514
0.00383227
0.0033245
0.00282322
0.00229071
3.86945e-22
-1.40282e-21
2.29323e-21
-1.71851e-22
-1.4229e-20
4.72736e-20
-3.85555e-20
-2.36742e-19
1.04549e-18
-2.02581e-18
1.60239e-18
1.44662e-18
1.06004e-17
-2.72883e-17
-4.45232e-16
-7.90382e-15
-4.60724e-14
-1.38423e-12
-3.38737e-12
1.98336e-12
6.99808e-11
3.33778e-10
4.86247e-10
6.59336e-10
2.15537e-09
9.72863e-09
3.36869e-08
7.69997e-08
1.60067e-07
3.26988e-07
5.10976e-07
2.34549e-07
-2.757e-07
1.37548e-06
9.67849e-05
0.000230977
0.000322234
0.000374197
0.000378411
0.000340907
0.000275102
0.000213667
0.000166356
0.000130603
0.000103957
8.35553e-05
6.75822e-05
5.55133e-05
4.59056e-05
3.84477e-05
3.27507e-05
2.83414e-05
2.52059e-05
2.28943e-05
2.14667e-05
2.06516e-05
2.04805e-05
2.09658e-05
2.20768e-05
2.41328e-05
2.70349e-05
3.11638e-05
3.71161e-05
6.3716e-05
0.000503873
0.0014489
0.00298413
0.00503835
0.00764883
0.0108593
0.014476
0.0189642
0.0240022
0.0292088
0.0342954
0.0391685
0.0438462
0.0484866
0.0521651
0.0539071
0.0559479
0.0588908
0.059325
0.0582711
0.0559936
0.0524992
0.0461456
0.0363238
0.0248148
0.0135859
0.00708317
0.00438143
0.00286581
0.00187207
0.00118111
0.00070892
0.000409592
0.000230669
0.000128952
7.22314e-05
4.0827e-05
2.45284e-05
1.94255e-05
2.8996e-05
0.000101601
0.000468731
0.00175218
0.0042025
0.00789703
0.0126886
0.0187087
0.0261518
0.0349805
0.0438455
0.0520191
0.0592858
0.0656213
0.0711336
0.0759565
0.0795891
0.0821372
0.0838297
0.0852545
0.0865994
0.0878767
0.08909
0.0902132
0.0911349
0.0918584
0.0925224
0.093113
0.093587
0.0939534
0.0942855
0.0945424
0.09472
0.0949376
0.0950853
0.0952833
0.0955441
0.0959323
0.0965567
0.0974975
0.0986898
0.0999921
0.101401
0.102956
0.104445
0.105507
0.105852
0.105264
0.103335
0.100176
0.0953722
0.0892043
0.0800306
0.067548
0.0536675
0.0403918
0.0280299
0.0196757
0.0147329
0.0127134
0.0114067
0.01032
0.00928575
0.00896793
0.00906009
0.00995491
0.0127599
0.0187536
0.0281364
0.0404553
0.0546423
0.0691306
0.0830599
0.0939165
0.100735
0.104125
0.104786
0.103388
0.100184
0.0948926
0.0869397
0.0768923
0.0656865
0.0542661
0.0438798
0.0360045
0.0321254
0.0331389
0.0389616
0.0486626
0.0600535
0.069046
0.0766623
0.0847425
0.0911141
0.0957413
0.0893743
-2.09217e-25
9.88773e-23
-6.1147e-22
1.50892e-21
-8.42132e-22
-8.35078e-21
3.2071e-20
-4.18717e-20
-5.19257e-20
2.48588e-19
1.14719e-19
-3.48868e-18
1.56039e-17
-3.18456e-17
1.28649e-16
-1.48396e-16
-4.04251e-15
-6.27025e-15
-2.58359e-13
-2.07937e-13
2.25782e-12
-2.02262e-12
4.9967e-13
4.78453e-11
7.41034e-11
9.12411e-10
3.19165e-09
7.17222e-09
1.35621e-08
2.58251e-08
3.63055e-08
-5.88741e-08
-2.75181e-07
-2.95069e-07
-6.7655e-07
-8.46768e-07
-9.25573e-07
-9.03962e-07
-8.07662e-07
-6.73296e-07
-5.33182e-07
-4.06799e-07
-3.02187e-07
-2.21164e-07
-1.61145e-07
-1.18e-07
-8.76036e-08
-6.62729e-08
-5.13133e-08
-4.06809e-08
-3.3e-08
-2.74018e-08
-2.32732e-08
-2.02293e-08
-1.79892e-08
-1.60572e-08
-9.05069e-09
1.94474e-08
8.76584e-08
2.57315e-07
5.52023e-07
1.05363e-06
1.88192e-06
3.29121e-06
4.70846e-06
5.65668e-06
6.02721e-06
7.38764e-06
2.3193e-05
0.000313414
0.000981868
0.00216652
0.00396915
0.00646531
0.00988328
0.0142185
0.0191776
0.0247856
0.0308271
0.0365957
0.0419529
0.046938
0.0519603
0.0562711
0.0581417
0.0606625
0.0638093
0.0641609
0.0630952
0.0608225
0.0577238
0.0531934
0.0457932
0.0363652
0.0254833
0.0151624
0.00945903
0.00746816
0.00656526
0.00639682
0.00642418
0.00699595
0.00819434
0.0102954
0.0136928
0.0183877
0.0262949
0.0365662
0.0469769
0.0567455
0.0652617
0.0725222
0.0783421
0.0814465
0.0833216
0.0850778
0.0861374
0.0869183
0.0866482
0.0858324
0.0845816
0.0830648
0.0814035
0.0795379
0.0775111
0.0753733
0.0731662
0.0709407
0.0688039
0.0667425
0.0648171
0.0629977
0.0611606
0.0594252
0.0576836
0.0558545
0.0542081
0.0525301
0.0509905
0.0496275
0.0485097
0.0477981
0.0476042
0.0480854
0.0497921
0.052394
0.0566117
0.0619602
0.0683485
0.0755381
0.0826673
0.0897436
0.095493
0.0984701
0.100714
0.102904
0.10212
0.0985211
0.0925151
0.0834254
0.075433
0.0681071
0.0617366
0.0560861
0.0515628
0.0476716
0.0452062
0.0430387
0.0412169
0.0409165
0.0433669
0.049373
0.0589442
0.071234
0.0846657
0.0973152
0.107557
0.11465
0.11838
0.119106
0.119071
0.11879
0.117885
0.116129
0.113463
0.110381
0.106763
0.102515
0.097563
0.090548
0.0812852
0.0739911
0.071109
0.0736125
0.0815274
0.0954877
0.114882
0.138356
0.163965
0.193675
-5.40191e-24
4.58167e-24
1.33308e-22
-8.37105e-22
2.83436e-21
-5.98451e-21
6.5581e-21
7.77861e-22
-4.58878e-21
-7.0263e-20
4.56463e-19
-1.70585e-18
4.5211e-18
-9.44632e-18
6.37025e-18
4.14801e-17
-5.81951e-17
-6.83728e-17
-3.22344e-14
6.30754e-14
2.11907e-14
-1.08112e-12
-2.39185e-13
6.33189e-13
1.8757e-11
6.68061e-11
1.55528e-10
2.72555e-10
6.53874e-10
2.01159e-09
-2.56099e-09
-6.56824e-09
-5.02094e-09
-5.54123e-08
-1.91728e-07
-3.04014e-07
-3.66477e-07
-3.73429e-07
-3.34114e-07
-2.68425e-07
-1.95468e-07
-1.36504e-07
-9.67405e-08
-7.22166e-08
-5.77017e-08
-4.85385e-08
-4.19193e-08
-3.66453e-08
-3.18818e-08
-2.75014e-08
-2.34703e-08
-1.98472e-08
-1.67638e-08
-1.40665e-08
-1.18665e-08
-1.01061e-08
-9.06955e-09
-7.19655e-09
-3.14018e-09
9.63953e-09
3.60854e-08
8.65491e-08
1.73414e-07
3.55629e-07
6.94902e-07
1.18017e-06
1.77612e-06
2.30113e-06
3.92429e-06
5.53438e-06
6.66317e-06
1.00828e-05
3.02416e-05
0.000119045
0.000508558
0.00141574
0.00294556
0.00522337
0.00856201
0.0131211
0.0184326
0.0241023
0.0300412
0.036101
0.041641
0.046788
0.0515924
0.0563569
0.0606647
0.0629465
0.0648078
0.0677361
0.071243
0.0723115
0.0720077
0.0712328
0.0700214
0.0686979
0.0671305
0.0654441
0.0634358
0.061666
0.0612419
0.0626337
0.0659067
0.0703186
0.0760792
0.0806273
0.0828742
0.0849465
0.0860941
0.0856076
0.0838147
0.0809222
0.0772685
0.0730358
0.068009
0.0624222
0.0567461
0.0512601
0.0461456
0.0415543
0.0375099
0.0339655
0.0308993
0.0282525
0.0259675
0.0239952
0.0222746
0.0207395
0.0193848
0.0181623
0.0169985
0.0159512
0.0149619
0.0140007
0.0131576
0.0123512
0.0116364
0.011018
0.0105073
0.010144
0.00994748
0.00992819
0.010342
0.0111459
0.0127897
0.0153288
0.0190417
0.0245851
0.0314885
0.0404059
0.0513733
0.0631195
0.0740042
0.0842269
0.092954
0.0982246
0.100546
0.101881
0.101714
0.100749
0.0988082
0.0963659
0.0937778
0.0909895
0.0885021
0.0860532
0.083657
0.0818154
0.0812384
0.082451
0.0855584
0.0905552
0.0966423
0.102754
0.107834
0.110531
0.110708
0.108703
0.105072
0.100662
0.0965124
0.0937118
0.0932918
0.095972
0.100383
0.104133
0.10747
0.110275
0.112791
0.11456
0.115029
0.115494
0.116556
0.120101
0.126632
0.137251
0.147877
0.174618
9.17489e-24
-4.97367e-23
1.84081e-22
-5.35705e-22
1.22865e-21
-2.32708e-21
3.99067e-21
-6.15564e-21
5.29867e-21
6.32234e-21
-1.73566e-20
-5.89998e-20
3.08671e-19
-3.56952e-19
-1.69543e-18
4.05734e-19
3.64104e-17
-1.46009e-16
1.47745e-15
1.42955e-14
-1.68517e-14
-3.09443e-14
5.77314e-14
-1.2248e-13
1.34229e-12
4.2209e-12
8.0296e-12
1.4562e-11
8.86139e-11
-4.00356e-11
-1.01602e-09
-1.0022e-09
-2.33601e-10
1.11322e-09
2.26828e-09
1.22646e-09
1.03873e-09
7.02167e-10
-2.05421e-10
-1.20217e-09
-1.84359e-09
-2.16976e-09
-2.27094e-09
-2.21352e-09
-2.06693e-09
-1.86247e-09
-1.6274e-09
-1.40234e-09
-1.18819e-09
-9.9944e-10
-8.38278e-10
-7.00948e-10
-5.89819e-10
-4.96565e-10
-4.22035e-10
-3.57463e-10
-4.12837e-10
-5.97624e-10
-7.11445e-10
-1.14104e-10
2.60854e-09
8.63895e-09
2.0437e-08
4.49307e-08
9.1306e-08
1.73052e-07
3.56393e-07
6.12633e-07
1.02738e-06
1.67865e-06
2.61955e-06
3.64264e-06
7.00543e-06
1.28824e-05
1.68447e-05
2.69904e-05
6.85109e-05
0.000208425
0.000638311
0.0016137
0.00325843
0.00571021
0.00926908
0.0136863
0.0185276
0.023459
0.0281854
0.0327394
0.0373484
0.0415976
0.0453905
0.049262
0.0533487
0.0577203
0.0631953
0.0677167
0.0707943
0.0736052
0.0760707
0.0781169
0.0803865
0.0832239
0.0865635
0.0898717
0.0899255
0.0887102
0.0861153
0.0822557
0.0774102
0.0721538
0.0653157
0.0570934
0.0486408
0.0407282
0.0335683
0.0273819
0.0221597
0.0178285
0.0143181
0.0116621
0.00968019
0.00819219
0.00705356
0.00616369
0.00546331
0.0049049
0.00445478
0.00408836
0.00378394
0.00352412
0.00330345
0.00310966
0.00292687
0.00276448
0.00260887
0.0024566
0.00232118
0.00218954
0.00207104
0.00196722
0.00187945
0.00181587
0.00177829
0.00177405
0.00179779
0.00184606
0.00194061
0.00208787
0.00227343
0.00292402
0.00430144
0.00697966
0.0113377
0.0182164
0.0275828
0.0388725
0.0521274
0.0662994
0.0782766
0.0880281
0.0943876
0.0977287
0.0992401
0.0999474
0.100167
0.100004
0.0995266
0.0990236
0.098806
0.0989449
0.0994852
0.100357
0.101261
0.102814
0.104693
0.104767
0.10378
0.100723
0.0949637
0.0872491
0.0783253
0.0690482
0.0602799
0.0528077
0.0473219
0.0444276
0.0446516
0.0483751
0.0557199
0.066436
0.0798855
0.0949477
0.107838
0.116733
0.127101
0.137776
0.147646
0.157378
0.165214
0.180192
1.62054e-24
-7.25578e-24
2.01899e-23
-4.64963e-23
9.8812e-23
-2.14199e-22
3.42047e-22
2.69302e-22
-4.04241e-21
1.50343e-20
-3.72889e-20
7.09194e-20
-1.06485e-19
1.11561e-19
6.89166e-20
-1.64566e-18
1.1492e-17
-8.75786e-17
4.7379e-16
-1.94385e-16
-1.04683e-15
2.30321e-15
3.82827e-15
1.13535e-15
3.63178e-14
1.18272e-13
2.27018e-13
1.9076e-12
7.67503e-12
-4.16316e-11
-7.65215e-11
-6.47125e-11
3.63167e-12
1.64748e-10
4.66472e-10
7.72735e-10
1.14591e-09
1.47489e-09
1.46737e-09
1.36645e-09
1.18788e-09
9.82239e-10
7.81713e-10
6.0513e-10
4.58441e-10
3.40124e-10
2.46623e-10
1.74392e-10
1.197e-10
7.92845e-11
5.05657e-11
3.09697e-11
1.82293e-11
1.0633e-11
6.82382e-12
5.74993e-12
6.57606e-12
9.58642e-12
2.29819e-11
2.21238e-11
2.03063e-10
9.29588e-10
2.55912e-09
6.18397e-09
1.37084e-08
2.60919e-08
5.0102e-08
1.03522e-07
1.986e-07
3.86606e-07
7.90538e-07
1.36564e-06
2.06176e-06
3.36976e-06
5.10314e-06
7.83881e-06
1.39323e-05
1.86751e-05
1.92238e-05
2.72817e-05
7.64801e-05
0.000257264
0.000773425
0.00175011
0.00323332
0.00522013
0.00772571
0.0104526
0.0131041
0.0155555
0.0177222
0.019655
0.0215007
0.0233689
0.0258795
0.0288068
0.0321426
0.0356707
0.0394947
0.0430252
0.0460889
0.0480471
0.0486898
0.0479356
0.0458176
0.0426532
0.0384687
0.0335027
0.0280368
0.0224774
0.0171797
0.0127485
0.00946623
0.0071176
0.00540562
0.0041561
0.00323225
0.00254232
0.00202756
0.00163937
0.00134404
0.00112021
0.000949656
0.000818546
0.00071777
0.000639731
0.000578946
0.000531348
0.000493459
0.000462582
0.000437608
0.000416626
0.000397186
0.000380679
0.000364754
0.000349025
0.000335143
0.000321324
0.000308802
0.000297975
0.00028896
0.000283259
0.000281112
0.000283859
0.000291317
0.00030213
0.000319245
0.000342827
0.000374871
0.000422045
0.000488191
0.000588563
0.000693865
0.00116725
0.00295727
0.00668147
0.0128229
0.0227489
0.0342257
0.046957
0.0569969
0.0645895
0.070102
0.0741078
0.0766239
0.078357
0.0793746
0.0809634
0.0836181
0.0869092
0.0898297
0.0919137
0.0930158
0.0930248
0.0918139
0.0887931
0.0835991
0.0764294
0.0677673
0.058292
0.0487353
0.0397392
0.0317617
0.0250985
0.0199695
0.0164791
0.0146997
0.0147648
0.0167974
0.0211314
0.0284587
0.0388503
0.0518739
0.0667828
0.0829962
0.0997886
0.116274
0.131566
0.143776
0.157386
-3.36367e-25
1.76256e-24
-6.38907e-24
1.90388e-23
-4.7e-23
1.01908e-22
-2.03183e-22
3.30811e-22
-2.68907e-22
-2.5459e-22
1.36651e-22
4.98497e-21
-1.87481e-20
2.79892e-20
-1.09575e-20
5.10317e-20
-1.97431e-19
5.65456e-19
-1.49714e-18
-3.82644e-17
-2.4839e-18
1.70044e-16
-1.17924e-16
1.36762e-15
2.97536e-15
5.00768e-15
1.8399e-14
4.54932e-13
-1.20604e-12
-3.45206e-12
-2.93235e-12
-2.2986e-12
1.07194e-11
1.88417e-11
5.92972e-11
1.47296e-10
2.26759e-10
2.67339e-10
2.64503e-10
2.2777e-10
1.7088e-10
1.17268e-10
7.66498e-11
4.94279e-11
3.22043e-11
2.08418e-11
1.32548e-11
8.5106e-12
5.83891e-12
4.64345e-12
4.06838e-12
3.67982e-12
3.49575e-12
3.29379e-12
3.01091e-12
2.75378e-12
2.62009e-12
2.68834e-12
3.71413e-12
1.00445e-11
2.55072e-11
1.06855e-10
3.23033e-10
8.47276e-10
2.02552e-09
4.25873e-09
8.51034e-09
1.65297e-08
3.18995e-08
6.10058e-08
1.35806e-07
3.01507e-07
4.94317e-07
7.85089e-07
1.33843e-06
2.14715e-06
3.21632e-06
4.38912e-06
5.36588e-06
6.69596e-06
7.41205e-06
5.94356e-06
1.628e-06
-4.88656e-06
-1.27567e-05
-1.61979e-06
0.00012079
0.000377452
0.000715426
0.0010798
0.00141586
0.00169276
0.00192383
0.00212249
0.00239819
0.00276275
0.00328385
0.00385478
0.00460503
0.00543839
0.00634226
0.00718424
0.00790554
0.0084049
0.00854376
0.00826236
0.00747409
0.00628768
0.00493728
0.00368114
0.00266817
0.00190745
0.00135481
0.000963392
0.000686999
0.0004942
0.000359044
0.000263631
0.000196225
0.00014824
0.000113829
8.92244e-05
7.16171e-05
5.90014e-05
5.00417e-05
4.37187e-05
3.93304e-05
3.63688e-05
3.44273e-05
3.32026e-05
3.25373e-05
3.22212e-05
3.20025e-05
3.20054e-05
3.19606e-05
3.18432e-05
3.1781e-05
3.15984e-05
3.14113e-05
3.12894e-05
3.12447e-05
3.14991e-05
3.20887e-05
3.32286e-05
3.5013e-05
3.71891e-05
4.01327e-05
4.39068e-05
4.88505e-05
5.5673e-05
6.46338e-05
7.79745e-05
9.74074e-05
0.000132151
0.000180748
0.000223172
0.000315903
0.00190495
0.00519304
0.0108295
0.0166217
0.0220936
0.0267114
0.030573
0.0333028
0.0354463
0.0369392
0.0387304
0.0411989
0.0440916
0.0470133
0.0495128
0.0511298
0.0514582
0.0502365
0.0473497
0.0428957
0.0372491
0.0310063
0.0247999
0.0191274
0.0142725
0.0103189
0.00733058
0.00547027
0.00445367
0.00399996
0.00403131
0.00458987
0.00580415
0.0078784
0.0110714
0.0157502
0.0225358
0.031437
0.041793
0.052908
0.064264
0.0739967
0.0877526
-4.04786e-26
1.95538e-25
-6.4013e-25
1.82146e-24
-4.50203e-24
9.25954e-24
-1.18531e-23
-1.03891e-23
1.09276e-22
-3.32637e-22
6.26939e-22
-7.40742e-22
3.3174e-22
3.04593e-22
-4.10768e-22
1.17714e-20
-1.31968e-19
8.11004e-19
-2.36635e-18
-1.74049e-18
6.09128e-18
1.76846e-18
-3.17234e-17
3.17997e-17
6.91467e-17
1.10459e-16
8.22151e-15
4.49114e-15
-1.79429e-13
-1.84601e-13
-3.08139e-13
1.51073e-13
2.08226e-12
2.90784e-12
4.87084e-12
7.37402e-12
8.7377e-12
9.02218e-12
8.18941e-12
6.70937e-12
5.03044e-12
3.60508e-12
2.28167e-12
5.21084e-13
-1.27109e-12
-2.66715e-12
-3.34122e-12
-2.99976e-12
-1.1952e-12
3.06462e-12
1.15195e-11
2.24641e-11
2.93996e-11
2.81042e-11
2.23946e-11
1.71538e-11
1.29215e-11
9.52197e-12
7.0333e-12
6.18859e-12
6.79878e-12
1.37099e-11
4.04288e-11
1.13272e-10
2.88759e-10
6.59088e-10
1.43932e-09
2.97044e-09
5.92154e-09
1.14288e-08
2.15754e-08
4.05717e-08
7.14188e-08
1.22872e-07
2.19045e-07
3.70021e-07
5.81333e-07
8.4685e-07
1.25312e-06
1.52577e-06
1.28585e-06
-2.74173e-07
-3.4934e-06
-8.24306e-06
-1.29684e-05
-1.69396e-05
-2.13488e-05
-2.33558e-05
-2.50116e-05
-2.62321e-05
-2.68208e-05
-2.65937e-05
-2.54258e-05
-2.34137e-05
-2.06456e-05
-1.73045e-05
-1.33224e-05
-8.40327e-06
-1.70953e-06
7.86345e-06
2.13999e-05
3.83853e-05
5.75142e-05
7.61302e-05
9.10807e-05
0.00010051
0.000102916
9.89814e-05
8.99655e-05
7.75826e-05
6.37069e-05
4.97307e-05
3.67334e-05
2.54044e-05
1.59255e-05
8.3941e-06
2.60459e-06
-1.68919e-06
-4.73711e-06
-6.77463e-06
-8.00813e-06
-8.6223e-06
-8.84002e-06
-8.81451e-06
-8.58806e-06
-8.17706e-06
-7.60743e-06
-6.92395e-06
-6.16703e-06
-5.37383e-06
-4.57449e-06
-3.79975e-06
-3.08438e-06
-2.42691e-06
-1.83407e-06
-1.30394e-06
-8.31687e-07
-4.3249e-07
-1.09114e-07
1.37909e-07
3.07082e-07
4.32148e-07
5.27838e-07
5.98626e-07
6.61222e-07
7.09618e-07
7.81698e-07
8.94735e-07
1.08524e-06
1.42994e-06
1.99293e-06
3.07696e-06
4.99113e-06
9.02978e-06
1.72272e-05
3.20424e-05
6.43359e-05
0.000101342
0.00012268
0.000278294
0.000943951
0.00201714
0.00325856
0.00460994
0.00582295
0.00691317
0.00777324
0.00867167
0.00975306
0.0109701
0.0122076
0.013287
0.0139883
0.0141155
0.0135796
0.0123666
0.0105888
0.00856693
0.00669473
0.00516226
0.00398829
0.00314324
0.00259717
0.00228659
0.00206978
0.00188254
0.00172509
0.0017345
0.00185219
0.00216866
0.00272774
0.00355724
0.00469373
0.00639304
0.00883306
0.0120574
0.0158648
0.0200639
0.0238095
0.0296731
7.49489e-28
-6.09045e-27
2.31569e-26
-6.29428e-26
1.40104e-25
-2.96746e-25
6.50813e-25
-1.01324e-24
-1.11243e-25
4.39696e-24
-4.54649e-24
-2.89881e-23
1.25438e-22
-2.118e-22
1.60356e-22
-3.10801e-22
-3.93104e-22
1.06812e-20
-3.1717e-20
1.21414e-19
2.26381e-19
6.48802e-19
-4.36552e-18
6.69223e-18
-5.35613e-17
-1.41761e-16
1.42303e-15
-5.61853e-15
-5.91682e-15
-6.6347e-15
-2.00984e-15
9.99539e-14
2.46467e-13
3.00968e-13
4.7954e-13
6.87087e-13
8.18607e-13
8.59578e-13
7.90256e-13
6.44045e-13
3.95022e-13
-5.32653e-13
-3.35902e-12
-8.78255e-12
-1.32088e-11
-1.4717e-11
-1.40088e-11
-1.19077e-11
-8.33466e-12
4.4918e-12
3.1618e-11
7.72376e-11
1.36071e-10
1.87726e-10
2.08352e-10
1.84984e-10
1.40796e-10
1.01908e-10
7.20073e-11
4.94908e-11
3.37236e-11
2.36272e-11
2.03676e-11
2.65036e-11
4.4303e-11
1.05163e-10
2.39728e-10
5.1045e-10
1.05228e-09
2.10956e-09
4.05634e-09
7.45123e-09
1.28296e-08
2.17044e-08
3.7121e-08
6.20017e-08
1.00146e-07
1.57365e-07
2.59207e-07
3.94153e-07
4.56649e-07
2.537e-07
-3.68199e-07
-1.43088e-06
-2.81504e-06
-5.40761e-06
-9.28979e-06
-1.33192e-05
-1.71837e-05
-2.10423e-05
-2.44681e-05
-2.60917e-05
-2.68244e-05
-2.69304e-05
-2.66007e-05
-2.5504e-05
-2.29894e-05
-1.95448e-05
-1.5652e-05
-1.1342e-05
-6.7905e-06
-3.86364e-06
-2.37517e-06
-1.62328e-06
-1.43854e-06
-1.75266e-06
-2.44493e-06
-3.40815e-06
-4.52375e-06
-5.68279e-06
-6.80316e-06
-7.81237e-06
-8.66455e-06
-9.33742e-06
-9.81777e-06
-1.01335e-05
-1.03064e-05
-1.03397e-05
-1.0217e-05
-9.92438e-06
-9.48339e-06
-8.93707e-06
-8.32218e-06
-7.70462e-06
-7.06028e-06
-6.40887e-06
-5.77704e-06
-5.20746e-06
-4.69779e-06
-4.24048e-06
-3.82825e-06
-3.46836e-06
-3.15822e-06
-2.83556e-06
-2.48478e-06
-2.10682e-06
-1.77312e-06
-1.51402e-06
-1.32287e-06
-1.20551e-06
-1.20126e-06
-1.2874e-06
-1.41199e-06
-1.61017e-06
-1.85275e-06
-2.13253e-06
-2.48212e-06
-2.88115e-06
-3.26637e-06
-3.60996e-06
-3.90982e-06
-4.20482e-06
-4.49119e-06
-4.50666e-06
-3.90261e-06
-1.69175e-06
4.28355e-06
1.57835e-05
3.43035e-05
7.18223e-05
0.000106494
0.00013815
0.000196758
0.000295383
0.000418244
0.000553911
0.000679078
0.000812049
0.000962865
0.00112084
0.0012681
0.00138414
0.00144999
0.00145486
0.00140071
0.00131268
0.00124341
0.0012313
0.00125069
0.00127865
0.00137097
0.00161989
0.00213622
0.00283292
0.00349813
0.00395641
0.00407974
0.0038859
0.00353944
0.00323133
0.00303009
0.00295799
0.00300648
0.00317963
0.00349818
0.00421646
0.00568205
0.00767324
0.00967245
0.0122862
-2.83375e-27
1.20266e-26
-1.10544e-26
-7.86962e-26
2.70199e-25
-1.41163e-25
-1.0629e-24
2.04486e-24
5.7712e-25
-6.04018e-24
9.78073e-24
-4.36586e-24
-2.8704e-23
4.70592e-23
6.94021e-23
8.94634e-23
6.96254e-22
-1.47166e-21
3.62106e-21
1.00098e-20
-8.37953e-21
1.99118e-20
-3.4263e-19
2.35808e-18
-8.41084e-18
1.79947e-17
-6.35354e-17
-1.99755e-16
-3.34917e-16
-9.1824e-16
6.17599e-15
9.40791e-15
1.4187e-14
1.99832e-14
3.73088e-14
5.56377e-14
6.79176e-14
7.41874e-14
5.67718e-14
-2.5499e-14
-7.96104e-13
-7.96043e-12
-2.95239e-11
-6.5048e-11
-9.61512e-11
-1.06541e-10
-9.82173e-11
-6.98758e-11
-3.09675e-11
6.43027e-12
4.26155e-11
9.17228e-11
1.84877e-10
3.67035e-10
6.48944e-10
8.56298e-10
9.10179e-10
8.26425e-10
6.78543e-10
5.24931e-10
3.92389e-10
2.83997e-10
2.0032e-10
1.40048e-10
1.00135e-10
8.40959e-11
9.35478e-11
1.18239e-10
2.0711e-10
3.9533e-10
7.43309e-10
1.32972e-09
2.31882e-09
3.976e-09
6.67771e-09
1.07685e-08
1.70901e-08
2.80902e-08
5.04899e-08
9.14531e-08
1.71755e-07
2.67348e-07
3.08943e-07
2.87362e-07
1.81053e-07
-1.99109e-07
-1.02284e-06
-2.38095e-06
-4.35662e-06
-7.19638e-06
-1.04732e-05
-1.3459e-05
-1.5757e-05
-1.71062e-05
-1.7507e-05
-1.69596e-05
-1.56144e-05
-1.36348e-05
-1.13109e-05
-8.89127e-06
-6.64697e-06
-4.71409e-06
-3.15898e-06
-1.98023e-06
-1.13869e-06
-5.87764e-07
-3.43941e-07
-3.31577e-07
-3.94796e-07
-4.96491e-07
-6.19907e-07
-7.47701e-07
-8.6751e-07
-9.74627e-07
-1.0608e-06
-1.12433e-06
-1.16151e-06
-1.17227e-06
-1.17329e-06
-1.17398e-06
-1.18445e-06
-1.2185e-06
-1.27723e-06
-1.34761e-06
-1.40831e-06
-1.44437e-06
-1.44252e-06
-1.40794e-06
-1.34867e-06
-1.25966e-06
-1.13645e-06
-9.80186e-07
-7.86846e-07
-5.35589e-07
-2.50332e-07
-7.4141e-08
-2.26026e-08
-2.16484e-08
-6.00825e-08
-2.26989e-07
-7.83702e-07
-1.41265e-06
-2.00761e-06
-2.4781e-06
-2.8534e-06
-3.17544e-06
-3.43837e-06
-3.63678e-06
-3.79002e-06
-3.92572e-06
-4.06816e-06
-4.23927e-06
-4.5254e-06
-4.84956e-06
-5.04643e-06
-4.81387e-06
-3.97479e-06
-1.8455e-06
4.04672e-06
1.36801e-05
2.55049e-05
3.85267e-05
5.11689e-05
5.67368e-05
4.99814e-05
3.76601e-05
2.45159e-05
1.28152e-05
3.21776e-06
-3.59555e-06
-6.84744e-06
-6.26486e-06
-9.86926e-07
1.22297e-05
4.13481e-05
0.000159058
0.000478183
0.0011291
0.00237515
0.00453374
0.00796328
0.0128755
0.0194919
0.0268243
0.03347
0.0384128
0.040976
0.0409246
0.0384745
0.0341687
0.0288202
0.023269
0.0181895
0.0141159
0.0115575
0.0103568
0.0102367
0.0110247
0.0123493
0.0152452
-7.55405e-27
2.6822e-25
-1.00667e-24
1.88164e-24
-4.38429e-25
-7.99355e-24
2.03091e-23
-1.80138e-23
-1.01676e-23
3.45394e-23
1.82775e-23
-2.07085e-22
8.03098e-23
8.65074e-22
1.4133e-21
2.23079e-21
7.14262e-22
-3.8714e-21
-9.3058e-21
-1.43698e-20
-1.75982e-20
-5.1594e-20
3.4356e-20
-2.86086e-19
5.51544e-19
1.44161e-18
-1.10092e-17
-1.10527e-18
-1.27179e-17
4.60589e-17
5.61897e-16
5.86746e-16
8.61337e-16
1.35816e-15
2.8635e-15
4.5929e-15
4.35683e-15
3.48134e-14
-8.92682e-14
-9.80011e-13
-9.01692e-12
-6.91411e-11
-2.38994e-10
-5.18683e-10
-7.65974e-10
-8.46107e-10
-8.6568e-10
-8.84249e-10
-9.33483e-10
-9.73174e-10
-1.13692e-09
-1.39425e-09
-1.25953e-09
-6.81572e-10
1.69051e-10
1.1649e-09
2.45861e-09
3.62031e-09
4.21818e-09
4.1926e-09
3.70652e-09
2.92752e-09
2.12971e-09
1.49157e-09
1.02525e-09
6.96195e-10
4.77845e-10
3.44079e-10
2.78891e-10
2.81404e-10
3.30029e-10
3.85357e-10
5.34226e-10
8.40633e-10
1.33707e-09
2.04686e-09
2.96392e-09
4.30704e-09
6.94811e-09
1.3403e-08
3.2959e-08
7.27061e-08
1.20433e-07
1.58244e-07
1.71097e-07
1.51798e-07
1.20222e-07
6.05932e-08
-9.92672e-08
-4.78516e-07
-1.07257e-06
-1.80155e-06
-2.54233e-06
-3.12293e-06
-3.46497e-06
-3.48735e-06
-3.24995e-06
-2.78602e-06
-2.25386e-06
-1.73273e-06
-1.28492e-06
-9.20677e-07
-6.40148e-07
-4.28314e-07
-2.71533e-07
-1.59558e-07
-8.23912e-08
-3.62369e-08
-1.94421e-08
-1.2822e-08
-9.84561e-09
-1.00518e-08
-2.31448e-08
-4.77281e-08
-8.15633e-08
-1.21306e-07
-1.55349e-07
-2.20817e-07
-3.04454e-07
-3.95727e-07
-5.1329e-07
-7.00993e-07
-9.46473e-07
-1.19608e-06
-1.39447e-06
-1.51736e-06
-1.56289e-06
-1.56852e-06
-1.50057e-06
-1.30977e-06
-1.01374e-06
-6.48895e-07
-2.55979e-07
1.6504e-07
3.27191e-07
9.42239e-08
-5.13787e-07
-1.54224e-06
-2.73933e-06
-3.72524e-06
-5.19587e-06
-6.17705e-06
-7.04043e-06
-7.71975e-06
-8.10508e-06
-8.15912e-06
-7.90269e-06
-7.39594e-06
-6.71419e-06
-5.94638e-06
-5.19286e-06
-4.56039e-06
-4.1431e-06
-4.03865e-06
-4.13373e-06
-4.23781e-06
-4.16072e-06
-3.70853e-06
-2.7671e-06
-1.12697e-06
1.41974e-06
4.31679e-06
6.74318e-06
8.05005e-06
7.81807e-06
5.86931e-06
2.51391e-06
-1.19635e-06
-4.97751e-06
-6.73698e-06
2.15283e-06
4.23808e-05
0.000159876
0.000448446
0.00109376
0.0024688
0.00503288
0.00919792
0.0156265
0.0252989
0.0373583
0.0506277
0.0639919
0.0762791
0.0863264
0.0933025
0.0968095
0.0967865
0.0934262
0.0872302
0.0789999
0.0696917
0.0602638
0.0515576
0.044245
0.0388313
0.0354654
0.0349664
0.0352291
0.0446304
2.75467e-25
-1.01866e-24
1.45241e-24
2.57168e-24
-1.4434e-23
1.60435e-23
5.96363e-23
-2.35932e-22
2.69606e-22
4.3159e-22
-2.139e-21
2.45025e-21
3.85945e-21
-1.40585e-20
-1.91924e-20
-3.62325e-20
-1.15739e-19
-1.75408e-19
-1.6096e-19
-1.66527e-19
-2.28423e-19
-3.68222e-19
-5.22109e-19
-6.54732e-19
-3.40317e-19
2.91994e-20
1.42408e-18
2.77507e-18
1.27109e-17
2.13877e-17
1.88086e-17
1.18236e-17
8.65643e-18
6.15924e-17
9.1649e-17
5.71363e-16
7.68212e-16
1.04468e-14
-5.35251e-13
-1.25278e-11
-9.38698e-11
-6.78203e-10
-2.17348e-09
-4.68054e-09
-7.13687e-09
-1.39325e-08
-2.75375e-08
-4.25153e-08
-5.51923e-08
-6.23299e-08
-6.28957e-08
-5.64279e-08
-4.50582e-08
-3.17255e-08
-1.86306e-08
-7.32015e-09
1.3618e-09
7.29829e-09
1.08813e-08
1.25025e-08
1.26255e-08
1.16036e-08
9.86466e-09
7.81805e-09
5.80521e-09
4.15993e-09
3.05321e-09
2.32081e-09
1.83029e-09
1.50404e-09
1.31117e-09
1.20058e-09
1.15222e-09
1.19069e-09
1.33688e-09
1.55894e-09
1.87021e-09
2.24628e-09
2.65503e-09
2.95932e-09
3.18761e-09
4.96666e-09
1.14766e-08
2.21388e-08
3.58827e-08
4.67857e-08
5.3232e-08
5.24182e-08
3.95863e-08
2.71896e-08
1.89635e-08
1.22736e-08
6.50717e-09
1.72268e-09
-1.61865e-09
-3.10964e-09
-2.93701e-09
-1.52226e-09
4.00104e-10
2.40562e-09
4.2044e-09
5.79574e-09
7.19284e-09
8.47792e-09
9.92261e-09
1.15277e-08
1.47162e-08
2.15996e-08
3.06333e-08
4.31107e-08
6.15284e-08
7.65986e-08
-3.33518e-09
-1.14018e-07
-2.97272e-07
-5.91601e-07
-9.96754e-07
-1.45703e-06
-1.879e-06
-2.23337e-06
-2.55575e-06
-2.75287e-06
-2.676e-06
-2.44239e-06
-2.37701e-06
-2.38545e-06
-2.23405e-06
-1.87374e-06
-1.27331e-06
-4.49784e-07
5.32141e-07
1.53669e-06
2.41732e-06
3.03433e-06
3.27311e-06
2.85705e-06
1.5008e-06
-9.6199e-07
-4.12814e-06
-1.86066e-06
3.39075e-05
0.000179411
0.000457268
0.000794406
0.00112397
0.00141181
0.00163777
0.00177117
0.00180879
0.00173699
0.00159662
0.00139107
0.00117061
0.000943041
0.000737684
0.000555848
0.000406954
0.000293867
0.00022512
0.000179446
0.00015999
0.00015621
0.00016013
0.000172251
0.000197959
0.000238393
0.00029688
0.000370957
0.000714986
0.00140787
0.00249851
0.00410017
0.00641773
0.00972277
0.014355
0.0211509
0.0308143
0.0430637
0.0573525
0.0722563
0.0867974
0.100634
0.113294
0.12401
0.131524
0.136159
0.138715
0.139192
0.137283
0.13307
0.126968
0.119681
0.112104
0.105189
0.0998169
0.0967265
0.0964227
0.0992422
0.104814
0.116288
1.65004e-24
-1.33403e-23
4.59232e-23
-1.01228e-22
1.08436e-22
1.73449e-22
-9.81048e-22
1.83624e-21
-1.02618e-21
-1.84599e-21
-2.50165e-21
3.12729e-20
-3.80624e-20
-1.83257e-19
-1.88868e-19
-2.86115e-19
-3.15624e-20
1.00002e-18
2.00966e-18
3.997e-18
6.39109e-18
8.07794e-18
9.84651e-18
1.59632e-17
2.60882e-17
1.37017e-17
2.80926e-18
-7.8005e-18
-1.75006e-17
-2.94632e-17
-4.63952e-17
-6.25293e-17
-7.89942e-17
-9.01836e-17
-7.09966e-17
-2.13266e-14
2.86421e-13
-6.53073e-12
4.06044e-11
-3.97859e-10
-2.29483e-09
-1.29077e-08
-3.38985e-08
-8.85614e-08
-1.74147e-07
-2.48791e-07
-3.06704e-07
-3.29906e-07
-3.20508e-07
-2.84127e-07
-2.33444e-07
-1.79116e-07
-1.28658e-07
-8.57571e-08
-5.09543e-08
-2.37773e-08
-3.80226e-09
9.29609e-09
1.52404e-08
1.82578e-08
2.11694e-08
2.30193e-08
2.30535e-08
2.22246e-08
2.03358e-08
1.77595e-08
1.51519e-08
1.31002e-08
1.16277e-08
1.0581e-08
9.90309e-09
9.50425e-09
9.37536e-09
9.48996e-09
9.84109e-09
1.04837e-08
1.14105e-08
1.26246e-08
1.40521e-08
1.53933e-08
1.65004e-08
1.72531e-08
1.7948e-08
1.94632e-08
2.10513e-08
2.30466e-08
2.42601e-08
2.54751e-08
2.63183e-08
2.53917e-08
2.31793e-08
2.10174e-08
1.91406e-08
1.74826e-08
1.6175e-08
1.50874e-08
1.40689e-08
1.2998e-08
1.19087e-08
1.14912e-08
1.18048e-08
1.41463e-08
1.78885e-08
1.78746e-08
-1.26036e-09
-3.79529e-08
-1.07367e-07
-2.21746e-07
-4.13063e-07
-7.09455e-07
-1.03769e-06
-1.27091e-06
-1.14711e-06
-3.381e-07
-1.76946e-07
-6.17614e-07
-1.52922e-06
-2.76361e-06
-4.02469e-06
-4.87558e-06
-4.88753e-06
-3.79756e-06
-1.57792e-06
1.7023e-06
5.91112e-06
1.07014e-05
2.65675e-05
6.25341e-05
0.000122999
0.000221818
0.000385262
0.000644606
0.00105865
0.00165113
0.0025178
0.00370175
0.00530035
0.00732451
0.00983558
0.012698
0.0159529
0.0194588
0.0231743
0.0265773
0.0295424
0.0318176
0.0332783
0.0337073
0.0332523
0.0316563
0.0293593
0.02617
0.0226238
0.0186716
0.0148188
0.0113038
0.00837202
0.00611856
0.00477096
0.00388396
0.00347818
0.00336516
0.00355738
0.00429872
0.00613474
0.00901767
0.0129171
0.0173402
0.0220221
0.0267936
0.0317127
0.0371227
0.0438119
0.052211
0.0619545
0.0726946
0.0841742
0.0962838
0.107888
0.114957
0.120092
0.126423
0.132848
0.138695
0.143938
0.148577
0.152604
0.155768
0.156727
0.156741
0.156337
0.155599
0.154649
0.153612
0.152557
0.151462
0.150197
0.14847
0.144164
0.135222
-6.12954e-24
1.95179e-23
-1.84556e-23
-8.78022e-23
4.09656e-22
-5.19406e-22
-2.30603e-21
1.29985e-20
-2.81698e-20
1.072e-20
9.66852e-20
-2.00502e-19
2.73651e-20
1.00311e-18
1.2181e-18
3.79609e-18
1.38469e-17
2.24721e-17
1.15622e-17
2.06234e-17
3.33361e-18
-2.4584e-16
-6.27668e-16
-1.35652e-15
-2.64912e-15
-4.73144e-15
-7.79635e-15
-1.18492e-14
-1.66383e-14
-2.16598e-14
-2.62652e-14
-2.98351e-14
-3.19083e-14
-3.49768e-14
-3.81122e-14
-4.18854e-14
2.51914e-12
5.8604e-12
1.13922e-09
-7.0346e-09
-4.65345e-08
-1.95386e-07
-4.15586e-07
-6.33221e-07
-7.88902e-07
-7.8579e-07
-7.31355e-07
-6.31576e-07
-5.06193e-07
-3.77455e-07
-2.65745e-07
-1.80894e-07
-1.23824e-07
-8.8708e-08
-6.71759e-08
-5.14108e-08
-3.99517e-08
-3.04491e-08
-1.74406e-08
-2.75268e-09
1.08149e-08
2.3129e-08
3.42196e-08
4.34579e-08
5.084e-08
5.60204e-08
5.9045e-08
6.02271e-08
6.01135e-08
5.89802e-08
5.73244e-08
5.52583e-08
5.31303e-08
5.1016e-08
4.89991e-08
4.71648e-08
4.54659e-08
4.38957e-08
4.23554e-08
4.0878e-08
3.94219e-08
3.79521e-08
3.64476e-08
3.50113e-08
3.3901e-08
3.3234e-08
3.29786e-08
3.30804e-08
3.35027e-08
3.42258e-08
3.52417e-08
3.67178e-08
3.87037e-08
4.13154e-08
4.45474e-08
4.86428e-08
5.3609e-08
6.02484e-08
7.12506e-08
9.53624e-08
1.27688e-07
1.77346e-07
2.37397e-07
3.04133e-07
3.03467e-07
2.60761e-07
1.80893e-07
3.15614e-08
-2.03683e-07
-6.36955e-07
-1.27757e-06
-1.06083e-06
5.88649e-06
4.11028e-05
0.00017888
0.000558621
0.00120137
0.00211208
0.00327003
0.00462903
0.00613507
0.00769768
0.00926098
0.0107738
0.0122125
0.013585
0.0149184
0.0162692
0.017728
0.0193882
0.0213734
0.0237235
0.0266194
0.0299249
0.0340044
0.0388145
0.0443908
0.0503579
0.0565316
0.06255
0.0684451
0.0738866
0.0789379
0.0833035
0.0870641
0.0900118
0.0921096
0.0931311
0.0932681
0.0921123
0.0900723
0.0866237
0.0822972
0.0765841
0.06982
0.0617916
0.0530104
0.0439659
0.037596
0.0328677
0.0304383
0.0307644
0.0339699
0.0394377
0.0471818
0.0554777
0.0635835
0.070668
0.0769755
0.0827789
0.0881917
0.0937049
0.100442
0.107207
0.111724
0.115108
0.117543
0.118629
0.118334
0.117278
0.115897
0.11467
0.114598
0.117566
0.12448
0.133131
0.140697
0.14622
0.149709
0.15139
0.151614
0.15056
0.148256
0.144604
0.139363
0.13208
0.12177
0.105797
0.0881291
0.0589557
-4.89894e-23
2.87477e-22
-9.8716e-22
2.61307e-21
-4.91102e-21
3.45996e-21
1.27781e-20
-4.86908e-20
5.84772e-20
4.09785e-20
3.93376e-20
-1.96976e-18
8.15547e-18
1.5574e-17
9.45844e-18
2.18008e-17
-7.36475e-18
-1.11059e-16
-1.64318e-16
-5.01354e-16
-2.26625e-15
-8.26093e-15
-2.41123e-14
-6.0602e-14
-1.34908e-13
-2.67331e-13
-4.71053e-13
-7.36969e-13
-1.02112e-12
-1.24507e-12
-1.31856e-12
-1.16204e-12
-7.20074e-13
1.55574e-14
1.00316e-12
2.1779e-12
3.88939e-12
-3.09803e-11
-4.23602e-09
-7.29955e-08
-3.27542e-07
-8.33845e-07
-1.63437e-06
-1.63258e-06
-1.13131e-06
-5.27908e-07
-1.29319e-07
1.2785e-07
2.99488e-07
3.90436e-07
4.15663e-07
3.84222e-07
3.01615e-07
1.93907e-07
9.95043e-08
3.61331e-08
1.2315e-08
3.34894e-08
1.03214e-07
2.17446e-07
3.70258e-07
5.4725e-07
7.38666e-07
9.30093e-07
1.11598e-06
1.28813e-06
1.44866e-06
1.59467e-06
1.73397e-06
1.86438e-06
1.99653e-06
2.1264e-06
2.26374e-06
2.40822e-06
2.56235e-06
2.73237e-06
2.91764e-06
3.12617e-06
3.35853e-06
3.62671e-06
3.93449e-06
4.29622e-06
4.72635e-06
5.24347e-06
5.87526e-06
6.65551e-06
7.62348e-06
8.85534e-06
1.04053e-05
1.24072e-05
1.49579e-05
1.82773e-05
2.24931e-05
2.79727e-05
3.48633e-05
4.36954e-05
5.46059e-05
6.81607e-05
8.42131e-05
0.00010327
0.000125419
0.000151996
0.000185359
0.00023516
0.000347916
0.000581474
0.000967341
0.00156481
0.00240386
0.00357025
0.00508277
0.00703261
0.00942011
0.0122821
0.0156747
0.0197237
0.0241288
0.0287324
0.0333192
0.0376978
0.0416719
0.045131
0.0481413
0.0507468
0.0530469
0.0552754
0.0575498
0.0600034
0.0627432
0.0658162
0.0692709
0.0730586
0.0771928
0.081502
0.0864214
0.0914149
0.0958803
0.0995276
0.102666
0.105727
0.108684
0.111525
0.114133
0.116312
0.118371
0.120667
0.122927
0.125123
0.127076
0.12806
0.128552
0.128495
0.128124
0.127088
0.125191
0.121984
0.11737
0.111428
0.107062
0.104038
0.103664
0.104092
0.104764
0.105752
0.107134
0.108863
0.110525
0.111724
0.113351
0.11598
0.117487
0.117816
0.117029
0.11483
0.111013
0.10557
0.0974765
0.0848447
0.0698265
0.0566205
0.0473624
0.0429729
0.0433361
0.0475295
0.0541381
0.0616537
0.0685988
0.0736691
0.0759591
0.075049
0.0709958
0.0642249
0.0553838
0.0452288
0.0345961
0.0251917
0.0182594
0.0131116
0.00926201
0.00608802
-2.13114e-23
2.20847e-22
-1.35448e-21
5.94573e-21
-1.93315e-20
3.85877e-20
9.65669e-21
-3.99096e-19
1.50836e-18
-2.55468e-18
-3.10808e-19
3.91241e-18
-2.63352e-18
-1.69144e-17
-1.03695e-16
-5.40344e-16
-1.62514e-15
-2.36603e-15
6.69716e-15
7.73364e-14
4.81777e-13
2.50963e-12
1.12065e-11
4.23873e-11
1.3673e-10
3.81966e-10
9.33288e-10
2.01149e-09
3.86558e-09
6.69187e-09
1.05377e-08
1.52858e-08
2.0655e-08
2.61571e-08
3.16743e-08
3.72574e-08
4.44474e-08
5.67607e-08
1.67269e-07
6.78974e-07
1.78141e-06
4.35426e-06
3.73599e-05
0.0002121
0.00031113
0.000286054
0.00020612
0.000137981
8.89162e-05
5.57207e-05
3.50294e-05
2.67777e-05
4.18676e-05
0.000107353
0.000223496
0.000374594
0.000557156
0.000756461
0.000959436
0.00114374
0.00130707
0.0014356
0.00153773
0.00161143
0.00167108
0.00171713
0.00176167
0.00180058
0.00184144
0.00187578
0.00190889
0.0019321
0.00194936
0.00195818
0.00195901
0.00195574
0.0019477
0.00194027
0.00193297
0.00193171
0.00193677
0.00195245
0.00198168
0.00202748
0.00209428
0.00218666
0.0023081
0.00246932
0.00267128
0.0029308
0.00324809
0.00364587
0.00411966
0.00469975
0.00537455
0.00617829
0.00708654
0.00818039
0.00940337
0.0108859
0.012455
0.014244
0.0161219
0.0182334
0.0205638
0.0232629
0.02622
0.0296213
0.0333818
0.0376567
0.0422969
0.0473184
0.0525045
0.0577145
0.062698
0.0672706
0.071447
0.0749686
0.0774574
0.0791728
0.0804854
0.0818513
0.0833236
0.0846797
0.0856216
0.08705
0.0890541
0.0910231
0.092936
0.0947062
0.0962988
0.0977761
0.0989928
0.100115
0.100918
0.1016
0.10196
0.102164
0.101962
0.10156
0.100697
0.0997402
0.0984046
0.0971279
0.0955958
0.0938916
0.0916423
0.0892612
0.086649
0.0844864
0.0825316
0.0816177
0.0814175
0.0826052
0.0847835
0.0881475
0.0922009
0.0964508
0.0983617
0.0993113
0.0991094
0.0980239
0.0961891
0.093502
0.0893843
0.0846718
0.0799049
0.0758086
0.0723081
0.0687903
0.0644103
0.0583342
0.0500962
0.0399289
0.0288727
0.0194888
0.0139632
0.0107583
0.00876741
0.00752645
0.00678248
0.00634793
0.00607846
0.00589663
0.00578383
0.00570386
0.00559252
0.00536821
0.00496353
0.00435595
0.00358158
0.00272641
0.0019004
0.00120668
0.000719224
0.00042836
0.000252707
0.000146308
8.22036e-05
4.38133e-05
2.28833e-22
-1.40776e-21
5.82204e-21
-2.09083e-20
6.13992e-20
-1.32327e-19
1.54211e-19
3.71461e-20
3.31352e-19
-6.51995e-18
3.03091e-17
-7.04242e-17
-1.19832e-15
-7.57343e-15
-2.12417e-14
-2.43334e-14
2.6306e-13
3.71818e-12
3.40221e-11
3.12322e-10
2.39071e-09
1.48762e-08
7.26315e-08
2.81572e-07
9.09079e-07
2.55438e-06
6.25969e-06
1.32846e-05
2.46842e-05
4.05209e-05
5.89958e-05
7.84699e-05
9.76259e-05
0.000114889
0.000129833
0.00014199
0.000156302
0.000196062
0.00158629
0.00322046
0.00458737
0.00541851
0.0057559
0.00525541
0.00442264
0.00378387
0.0035948
0.00393377
0.00479973
0.0060353
0.00757364
0.00928625
0.0111556
0.0131558
0.0149762
0.0163276
0.0180364
0.0195559
0.0206893
0.0218029
0.0229176
0.0237524
0.0243949
0.024813
0.0252085
0.0255968
0.0261489
0.0268951
0.0279754
0.0292804
0.0309415
0.0329016
0.0351385
0.0375367
0.0400977
0.0429706
0.0460338
0.0491237
0.0518974
0.0543082
0.0563045
0.0579783
0.0594039
0.0606441
0.0617698
0.0628349
0.0638337
0.0648797
0.0658605
0.0669241
0.0679042
0.0689514
0.0698452
0.0707614
0.0714697
0.0721613
0.0726517
0.073067
0.0733312
0.0734159
0.0734716
0.0736553
0.0742675
0.0756726
0.0776976
0.0793147
0.0807268
0.0818753
0.0830037
0.0839608
0.0849233
0.0857139
0.0864315
0.0868985
0.087121
0.0869625
0.0863864
0.0852978
0.0836499
0.0814379
0.0786662
0.075368
0.0710262
0.06484
0.0559539
0.0463523
0.037535
0.0301711
0.0244825
0.0205716
0.0183104
0.0169595
0.0159167
0.0150481
0.0141673
0.0133265
0.0124353
0.0115538
0.0106154
0.00969328
0.00873094
0.00780839
0.00688147
0.00601969
0.00518217
0.00471128
0.00436917
0.00447079
0.00460294
0.00510776
0.00555775
0.00641736
0.0073794
0.00896277
0.0110023
0.0140327
0.0180152
0.0237559
0.0267114
0.0279623
0.0276774
0.0263546
0.0242005
0.0213643
0.0178231
0.0144423
0.0115312
0.00908137
0.0070058
0.00525349
0.00381304
0.00267747
0.00182484
0.00120994
0.000761142
0.000466551
0.000279658
0.000164833
9.58532e-05
5.50479e-05
3.11914e-05
1.73747e-05
9.4346e-06
4.89423e-06
2.29304e-06
7.76472e-07
-1.49752e-07
-7.63897e-07
-1.21059e-06
-1.55377e-06
-1.81149e-06
-1.98094e-06
-2.05532e-06
-2.03425e-06
-1.92377e-06
-1.7112e-06
-1.47211e-06
-1.24571e-06
-1.04435e-06
-8.56536e-07
2.89328e-22
-2.68322e-21
1.76769e-20
-1.02093e-19
5.02867e-19
-1.94814e-18
4.82807e-18
-1.07682e-19
-5.93768e-17
2.45561e-16
-2.0188e-16
-5.58819e-15
-6.84646e-14
-6.65993e-13
-7.82942e-13
2.58832e-12
4.30289e-11
4.27882e-10
3.81894e-09
3.40265e-08
2.80184e-07
2.40466e-06
1.97758e-05
0.000126601
0.000679712
0.00352681
0.0134777
0.0345181
0.0688196
0.112488
0.136761
0.142411
0.142607
0.139044
0.132659
0.123542
0.114273
0.106503
0.0963427
0.0828643
0.0632078
0.0398996
0.0213053
0.0105906
0.00766589
0.010353
0.0165025
0.0253954
0.036861
0.0451024
0.047711
0.0484212
0.0477627
0.0455614
0.0411609
0.0325861
0.0228034
0.0156678
0.0126518
0.0124221
0.0123129
0.0124536
0.0128545
0.0136482
0.014814
0.0163987
0.0183329
0.0207856
0.0234528
0.0261403
0.0286127
0.0307422
0.0324477
0.0337307
0.0346197
0.0351368
0.0354389
0.0355321
0.0354874
0.0352876
0.0350045
0.0346486
0.0342473
0.0338208
0.0333678
0.0328803
0.0323839
0.031794
0.0312082
0.0304617
0.0297133
0.0287532
0.027782
0.026562
0.0253149
0.0237936
0.0222365
0.0204383
0.0185764
0.016533
0.0144142
0.0122891
0.0102462
0.00834828
0.00664214
0.00515379
0.00390112
0.00288685
0.00210762
0.00155883
0.00123486
0.00111992
0.00118323
0.0013771
0.00163105
0.00185805
0.00198172
0.001958
0.00179087
0.00151437
0.00118261
0.000854116
0.000573158
0.000360529
0.000215749
0.000125842
7.4303e-05
4.66818e-05
3.26068e-05
2.55907e-05
2.19522e-05
1.97799e-05
1.81663e-05
1.67293e-05
1.53162e-05
1.38895e-05
1.24454e-05
1.10068e-05
9.59783e-06
8.25301e-06
6.99155e-06
5.83473e-06
4.78425e-06
3.84798e-06
3.02681e-06
2.34875e-06
1.81881e-06
1.48682e-06
1.28358e-06
1.26571e-06
1.32714e-06
1.59044e-06
1.9481e-06
2.57825e-06
3.41084e-06
4.72484e-06
6.60278e-06
1.02505e-05
2.26108e-05
2.27788e-05
2.06755e-05
1.65122e-05
1.14534e-05
6.41264e-06
2.03181e-06
-1.05679e-06
-2.59825e-06
-2.85218e-06
-2.34075e-06
-1.58632e-06
-9.31807e-07
-4.82448e-07
-2.23848e-07
-1.04223e-07
-7.13551e-08
-7.01202e-08
-8.04591e-08
-9.21206e-08
-1.00482e-07
-1.04205e-07
-1.03465e-07
-9.95206e-08
-9.3653e-08
-8.73894e-08
-8.16459e-08
-7.64956e-08
-7.16174e-08
-6.6448e-08
-6.06065e-08
-5.3723e-08
-4.59441e-08
-3.76334e-08
-2.92994e-08
-2.15404e-08
-1.49412e-08
-9.85185e-09
-6.26435e-09
-4.1049e-09
-3.91856e-09
-4.98387e-09
)
;

boundaryField
{
    inlet
    {
        type            uniformFixedValue;
        uniformValue    table;
        uniformValueCoeffs
        {
            values          
4
(
(0 1)
(0.15 1)
(0.151 0)
(1 0)
)
;
        }
        value           uniform 0;
    }
    outlet
    {
        type            inletOutlet;
        inletValue      uniform 0;
        value           nonuniform List<scalar> 
20
(
-1.10809e-09
1.21225e-07
0.00229071
0.0893743
0.193675
0.174618
0.180192
0.157386
0.0877526
0.0296731
0.0122862
0.0152452
0.0446304
0.116288
0.135222
0.0589557
0.00608802
4.38133e-05
-8.56536e-07
-4.98387e-09
)
;
    }
    walls
    {
        type            zeroGradient;
    }
    frontAndBack
    {
        type            empty;
    }
}


// ************************************************************************* //
