/*--------------------------------*- C++ -*----------------------------------*\
| =========                 |                                                 |
| \\      /  F ield         | OpenFOAM: The Open Source CFD Toolbox           |
|  \\    /   O peration     | Version:  2506                                  |
|   \\  /    A nd           | Website:  www.openfoam.com                      |
|    \\/     M anipulation  |                                                 |
\*---------------------------------------------------------------------------*/
FoamFile
{
    version     2.0;
    format      ascii;
    arch        "LSB;label=32;scalar=64";
    class       volScalarField;
    location    "0.253704";
    object      s;
}
// * * * * * * * * * * * * * * * * * * * * * * * * * * * * * * * * * * * * * //

dimensions      [0 0 0 0 0 0 0];

internalField   nonuniform List<scalar> 
4000
(
0.00131638
0.0188493
0.156526
0.584979
0.84959
0.756072
0.380469
0.0685678
0.0152879
0.00456057
0.00119022
0.00024873
3.14563e-05
-4.124e-06
-4.94832e-06
-2.5041e-06
-1.00118e-06
-3.98465e-07
-1.57282e-07
-6.0743e-08
-2.26717e-08
-8.51119e-09
-3.37188e-09
-1.37611e-09
-5.62077e-10
-2.19956e-10
-7.87329e-11
-2.47988e-11
-6.5309e-12
-1.26493e-12
-4.45382e-14
1.10876e-13
6.16023e-14
2.34492e-14
7.88757e-15
-8.52873e-15
-1.15255e-13
-1.18023e-13
-1.1187e-13
-1.18544e-13
-1.45995e-13
-9.7072e-14
-2.22213e-14
-7.49527e-15
-2.48321e-15
-5.63364e-16
-3.20284e-17
3.17089e-17
2.62914e-17
1.40251e-17
6.97204e-18
4.83522e-18
3.26633e-18
1.97941e-18
1.1646e-18
5.53243e-19
1.56397e-19
-1.89057e-19
-2.82023e-19
-2.3484e-19
-1.07352e-19
-2.95024e-20
-1.79707e-22
4.1359e-21
2.41902e-21
7.56268e-22
1.73343e-22
1.72299e-23
-4.04791e-24
-2.89451e-24
-9.73923e-25
-2.64195e-25
-5.47125e-26
-1.02626e-26
-1.69234e-27
-2.32752e-28
-3.36787e-29
1.90288e-29
2.37676e-28
7.83655e-28
1.13276e-27
8.89736e-28
4.72068e-28
1.76526e-28
3.15775e-29
-1.85754e-29
-2.39478e-29
-1.72683e-29
-9.79869e-30
-4.81924e-30
-2.29105e-30
-1.00186e-30
-4.25037e-31
-1.88326e-31
-7.41231e-32
-3.14508e-32
-1.15093e-32
-4.28691e-33
-1.24229e-33
-3.28279e-34
-4.02734e-35
1.38635e-35
1.40324e-35
6.98925e-36
2.91218e-36
8.75198e-37
2.59317e-37
5.65703e-38
9.59669e-39
4.90713e-40
-4.69439e-40
-2.57067e-40
-1.02012e-40
-2.63973e-41
-8.74677e-42
-2.09544e-42
-4.89336e-43
-1.35568e-43
-3.29358e-44
-9.02596e-45
-3.52799e-45
-1.43143e-45
-6.21161e-46
-3.53834e-46
-1.98331e-46
-1.17008e-46
-7.3179e-47
-4.54993e-47
-3.00461e-47
-2.26113e-47
-1.44164e-47
-9.92677e-48
-8.47354e-48
-5.77423e-48
-4.19059e-48
-3.85632e-48
-2.25152e-48
-1.71164e-48
-1.00861e-48
-5.4381e-49
-2.25928e-49
-4.51028e-50
-2.01036e-51
1.3835e-51
2.8806e-52
-5.04262e-53
-4.57424e-53
-2.3773e-53
-1.78262e-53
-1.00289e-53
-2.07195e-54
1.22079e-54
1.23982e-54
6.13387e-55
1.73842e-55
2.85541e-56
-3.59971e-57
-4.5189e-57
-1.72033e-57
-2.64203e-58
1.98065e-57
1.02345e-56
3.03361e-56
7.04582e-56
1.48919e-55
2.3499e-55
2.86255e-55
2.05132e-55
9.17778e-56
3.03858e-56
7.80542e-57
1.57637e-57
2.56735e-58
3.64743e-59
3.69328e-60
3.26496e-61
-7.56256e-62
-4.17702e-62
-8.83041e-63
-1.03177e-63
-4.25813e-65
4.89503e-66
-1.34409e-66
-1.30968e-66
-4.12734e-67
-6.31104e-68
8.42615e-69
1.19687e-68
6.96041e-69
3.12452e-69
1.05965e-69
2.52916e-70
5.89333e-71
4.11166e-71
3.81536e-71
2.65389e-71
1.35386e-71
5.48363e-72
1.9834e-72
5.46765e-73
0.00103415
0.00862458
0.0497526
0.205492
0.473045
0.736671
0.829371
0.791535
0.705489
0.552676
0.373968
0.204883
0.0749586
0.026516
0.0104833
0.00398597
0.00125338
0.000195274
-0.00012689
-0.000155831
-0.000100997
-4.74549e-05
-2.43466e-05
-1.21162e-05
-5.71145e-06
-2.50816e-06
-9.99915e-07
-3.56108e-07
-1.11249e-07
-2.94024e-08
-5.67927e-09
-4.71252e-11
5.89572e-10
2.6417e-10
9.72775e-11
3.37122e-11
8.576e-12
-1.95011e-13
-2.64453e-12
-3.14052e-12
-3.51933e-12
-3.29917e-12
-2.54704e-12
-1.59162e-12
-8.47315e-13
-3.71221e-13
-1.4933e-13
-6.20441e-14
-2.73181e-14
-1.25813e-14
-6.00226e-15
-2.94821e-15
-1.46736e-15
-7.3419e-16
-3.61826e-16
-1.69492e-16
-6.43244e-17
6.24713e-18
4.3e-17
3.71243e-17
1.84007e-17
5.47147e-18
2.14988e-19
-7.30591e-19
-4.46538e-19
-1.45634e-19
-2.35064e-20
3.86916e-21
4.53929e-21
1.98109e-21
6.14936e-22
1.5903e-22
3.38338e-23
6.27757e-24
1.04317e-24
1.60536e-25
2.51193e-26
5.63316e-27
4.16886e-26
1.06733e-25
1.21528e-25
1.1357e-25
8.22491e-26
4.87116e-26
2.50583e-26
1.10719e-26
4.24481e-27
1.44398e-27
3.79809e-28
5.10242e-29
-2.12622e-29
-2.3241e-29
-1.3682e-29
-6.81876e-30
-2.82926e-30
-1.17669e-30
-4.3731e-31
-1.67063e-31
-5.82467e-32
-2.07564e-32
-6.56809e-33
-1.90248e-33
-4.52058e-34
-6.42871e-35
1.16077e-35
1.34143e-35
7.16694e-36
2.76743e-36
9.1215e-37
2.59712e-37
6.4392e-38
1.32238e-38
2.06178e-39
9.06212e-41
-1.11105e-40
-5.59664e-41
-2.0399e-41
-7.45998e-42
-2.39239e-42
-7.97918e-43
-3.3651e-43
-1.4655e-43
-6.75718e-44
-3.88732e-44
-2.34879e-44
-1.49356e-44
-9.9363e-45
-6.67944e-45
-4.68677e-45
-3.4913e-45
-2.39563e-45
-1.69357e-45
-1.30392e-45
-9.02717e-46
-6.34413e-46
-4.75033e-46
-2.97836e-46
-1.95664e-46
-1.1488e-46
-6.21661e-47
-2.88674e-47
-9.43139e-48
-2.04073e-48
-1.52695e-49
8.95662e-50
4.49669e-50
1.20357e-50
4.95977e-51
3.96614e-51
2.38539e-51
7.25411e-52
-9.00421e-53
-2.18464e-52
-1.2824e-52
-4.28675e-53
-8.05072e-54
5.66806e-55
1.15395e-54
5.00916e-55
1.1565e-55
-7.10137e-56
1.05088e-55
1.7917e-54
4.52171e-54
6.79739e-54
6.81683e-54
4.84143e-54
2.0003e-54
3.6895e-55
-1.05364e-55
-1.27004e-55
-6.53856e-56
-2.33518e-56
-5.83261e-57
-6.66963e-58
2.19884e-58
1.37322e-58
3.9186e-59
6.8771e-60
5.2077e-61
-1.02712e-61
-4.02216e-62
-3.91438e-63
1.25216e-63
5.48572e-64
4.40877e-65
-4.88669e-65
-3.21087e-65
-1.22949e-65
-2.91503e-66
1.30771e-67
4.40326e-67
9.50037e-69
-3.00461e-67
-3.03493e-67
-1.8219e-67
-8.11739e-68
-2.86777e-68
-7.772e-69
-4.7803e-70
0.000984759
0.00639056
0.0267267
0.0932888
0.256856
0.494768
0.715125
0.875558
0.919523
0.894227
0.828427
0.716928
0.558028
0.392513
0.24923
0.141003
0.0675243
0.0208602
0.00475653
0.000790601
-0.000387823
-0.00070354
-0.000674985
-0.000465983
-0.00021957
-7.36875e-05
-2.64e-05
-1.0132e-05
-3.82791e-06
-1.40594e-06
-3.365e-07
4.78524e-08
7.7739e-08
3.70481e-08
1.52513e-08
6.28669e-09
2.48823e-09
8.84826e-10
2.8113e-10
7.81485e-11
1.14478e-11
-8.93235e-12
-1.38707e-11
-1.3459e-11
-1.15053e-11
-8.78695e-12
-5.72133e-12
-3.27719e-12
-1.85142e-12
-1.0357e-12
-5.683e-13
-3.07609e-13
-1.64065e-13
-8.67683e-14
-4.49335e-14
-2.2686e-14
-1.1104e-14
-5.25427e-15
-2.41674e-15
-1.04942e-15
-4.22745e-16
-1.09344e-16
2.69741e-17
3.55605e-17
1.70679e-17
4.59153e-18
8.51493e-20
-6.44765e-19
-4.11423e-19
-1.65845e-19
-4.96841e-20
-1.10413e-20
-1.51156e-21
8.89047e-23
1.45567e-22
5.86081e-23
1.67067e-23
3.87695e-24
-6.68961e-26
-1.95542e-24
-1.56194e-24
-5.82638e-25
9.36632e-26
3.38457e-25
3.27166e-25
2.24775e-25
1.27459e-25
6.49471e-26
2.94642e-26
1.20512e-26
4.65011e-27
1.66416e-27
5.5501e-28
1.81582e-28
5.72037e-29
1.80898e-29
5.49311e-30
1.48255e-30
2.78657e-31
-2.91465e-32
-6.14049e-32
-4.00957e-32
-1.90098e-32
-7.37223e-33
-2.48119e-33
-6.97849e-34
-1.59437e-34
-2.35334e-35
1.78255e-36
3.16073e-36
1.59876e-36
6.02133e-37
1.96447e-37
5.51156e-38
1.46676e-38
3.53736e-39
7.73292e-40
1.60817e-40
3.24894e-41
7.03565e-42
1.96936e-42
8.4295e-43
3.9386e-43
1.2788e-43
1.9491e-44
-2.211e-44
-3.37966e-44
-3.2139e-44
-2.77136e-44
-2.29077e-44
-1.63724e-44
-1.17928e-44
-8.85708e-45
-5.85231e-45
-3.85123e-45
-2.54541e-45
-1.4108e-45
-7.77295e-46
-3.58351e-46
-1.30969e-46
-1.78942e-47
2.88434e-47
3.50907e-47
2.13209e-47
8.55257e-48
1.90702e-48
-4.73092e-49
-7.60377e-49
-4.61143e-49
-1.76926e-49
-3.41049e-50
1.09747e-50
1.36277e-50
7.23717e-51
2.45417e-51
4.53994e-52
-6.14073e-53
-9.18609e-53
-4.16478e-53
-1.1781e-53
-1.66374e-54
1.23066e-54
1.49905e-53
2.20517e-53
9.13714e-54
-1.60799e-53
-3.92528e-53
-3.89501e-53
-2.49037e-53
-1.20157e-53
-4.68397e-54
-1.51159e-54
-4.01497e-55
-8.31909e-56
-1.0627e-56
8.19805e-58
9.65953e-58
2.75149e-58
1.10925e-59
-3.05254e-59
-1.88032e-59
-6.9139e-60
-1.58824e-60
-7.69551e-63
2.32442e-61
1.61085e-61
7.84224e-62
3.21309e-62
1.17485e-62
3.92945e-63
1.21194e-63
3.45e-64
8.87519e-65
1.65526e-65
-2.75249e-66
-5.12731e-66
-3.24477e-66
-1.4012e-66
-4.25117e-67
-3.71144e-68
0.000992738
0.00660988
0.0278653
0.0925774
0.225249
0.415687
0.624392
0.801852
0.913138
0.937403
0.92471
0.881707
0.782119
0.646034
0.495306
0.350368
0.226791
0.13261
0.0687072
0.030183
0.00958489
0.000310555
-0.0012936
-0.00119746
-0.000973993
-0.000628894
-0.00033535
-0.000148611
-5.20498e-05
-8.53973e-06
-1.65051e-07
8.02431e-07
7.1284e-07
4.94388e-07
2.44863e-07
9.04268e-08
2.97558e-08
1.19263e-08
5.32683e-09
2.34811e-09
9.71259e-10
3.44126e-10
8.69274e-11
4.13135e-13
-2.14608e-11
-2.40308e-11
-2.11625e-11
-1.68718e-11
-1.17747e-11
-7.59412e-12
-4.62457e-12
-2.6924e-12
-1.4968e-12
-7.85755e-13
-3.91864e-13
-1.92004e-13
-9.26246e-14
-4.36312e-14
-2.00287e-14
-8.79678e-15
-3.72056e-15
-1.47715e-15
-4.8552e-16
-6.64651e-17
8.38472e-17
8.40301e-17
4.90908e-17
2.17655e-17
7.51961e-18
1.83345e-18
1.18789e-19
-1.94878e-19
-1.49354e-19
-7.38475e-20
-2.96892e-20
-1.03516e-20
-3.23774e-21
-9.35036e-22
-2.53842e-22
-1.36625e-22
-1.21465e-22
-8.5842e-23
-4.76016e-23
-2.18881e-23
-8.51595e-24
-2.68507e-24
-5.52038e-25
6.08956e-26
1.48621e-25
1.05936e-25
5.80433e-26
2.71908e-26
1.13659e-26
4.43579e-27
1.59226e-27
5.46918e-28
1.7559e-28
5.36032e-29
1.49154e-29
3.61708e-30
6.23356e-31
-2.42128e-32
-9.02366e-32
-5.53815e-32
-2.54224e-32
-9.71583e-33
-3.30532e-33
-9.93314e-34
-2.6131e-34
-5.66929e-35
-7.97418e-36
7.79606e-37
1.24098e-36
6.50735e-37
2.7726e-37
1.03741e-37
3.64403e-38
1.26401e-38
4.34703e-39
1.53546e-39
5.84453e-40
2.39216e-40
1.05339e-40
5.02881e-41
2.54489e-41
1.34791e-41
7.39835e-42
4.17296e-42
2.41889e-42
1.44621e-42
8.78913e-43
5.44262e-43
3.47549e-43
2.23545e-43
1.45391e-43
9.62169e-44
6.25221e-44
4.03161e-44
2.53682e-44
1.54333e-44
8.99125e-45
4.91421e-45
2.4678e-45
1.1379e-45
4.73178e-46
1.70462e-46
4.65146e-47
4.32886e-48
-5.67858e-48
-5.44258e-48
-3.25478e-48
-1.53928e-48
-6.00678e-49
-1.84975e-49
-3.6671e-50
3.20156e-51
7.58279e-51
4.52528e-51
1.80318e-51
5.20339e-52
9.89617e-53
-3.37545e-53
-3.11366e-52
-6.24005e-52
-8.8758e-52
-9.50504e-52
-8.40923e-52
-5.56723e-52
-2.85909e-52
-1.18902e-52
-4.03902e-53
-1.07148e-53
-1.77107e-54
1.57381e-55
2.77696e-55
1.33734e-55
4.01485e-56
5.10737e-57
-3.11774e-57
-3.22646e-57
-1.94903e-57
-9.67803e-58
-4.28064e-58
-1.73338e-58
-6.46116e-59
-2.19163e-59
-6.51042e-60
-1.50164e-60
-1.16194e-61
1.48325e-61
1.30956e-61
7.59753e-62
3.69478e-62
1.60393e-62
6.37194e-63
2.34146e-63
7.96154e-64
2.47382e-64
6.91352e-65
3.21713e-66
0.00099209
0.00693247
0.0307917
0.105494
0.246514
0.432587
0.62587
0.789054
0.899331
0.935847
0.929371
0.901165
0.8257
0.715006
0.581807
0.442192
0.311956
0.202849
0.12038
0.0641425
0.0297081
0.0109933
0.0021782
-0.000991582
-0.00123498
-0.00100257
-0.000683473
-0.000388899
-0.000187891
-7.59946e-05
-2.3879e-05
-2.91011e-06
1.29922e-06
1.19479e-06
8.07093e-07
4.59284e-07
2.27752e-07
1.0291e-07
4.42257e-08
1.8657e-08
7.97649e-09
3.33438e-09
1.26975e-09
4.36811e-10
1.23571e-10
1.16336e-11
-2.18152e-11
-2.66111e-11
-2.30647e-11
-1.86386e-11
-1.31771e-11
-8.66619e-12
-5.39959e-12
-3.22334e-12
-1.8482e-12
-1.01933e-12
-5.38668e-13
-2.70514e-13
-1.28422e-13
-5.62926e-14
-2.16516e-14
-6.83873e-15
-1.74761e-15
-2.02919e-16
1.81202e-16
3.77683e-16
3.22589e-16
2.10766e-16
1.16537e-16
5.73141e-17
2.56221e-17
1.0462e-17
3.91417e-18
1.32869e-18
3.99496e-19
1.00574e-19
1.68859e-20
-1.60489e-21
-3.4212e-21
-2.1868e-21
-1.35216e-21
-8.57326e-22
-5.2082e-22
-2.90477e-22
-1.47985e-22
-6.86796e-23
-2.90076e-23
-1.11549e-23
-3.8335e-24
-1.13189e-24
-2.56849e-25
-2.29991e-26
1.83015e-26
1.54325e-26
7.84667e-27
3.32981e-27
1.23856e-27
4.33176e-28
1.43514e-28
4.73094e-29
1.53128e-29
4.82737e-30
1.41178e-30
3.53185e-31
5.8846e-32
-4.5385e-33
-1.03584e-32
-6.1492e-33
-2.75314e-33
-1.05689e-33
-3.63898e-34
-1.14186e-34
-3.27827e-35
-8.42778e-36
-1.81569e-36
-2.5011e-37
4.11564e-38
5.78407e-38
3.48987e-38
1.76091e-38
8.41951e-39
3.94087e-39
1.85657e-39
9.00965e-40
4.50644e-40
2.33233e-40
1.24714e-40
6.86061e-41
3.88293e-41
2.25786e-41
1.33011e-41
7.97882e-42
4.89645e-42
2.99874e-42
1.85013e-42
1.14944e-42
7.01144e-43
4.24344e-43
2.51076e-43
1.44471e-43
8.0235e-44
4.23561e-44
2.09433e-44
9.64348e-45
4.1384e-45
1.63581e-45
5.77068e-46
1.68519e-46
2.98922e-47
-7.71256e-48
-1.2457e-47
-9.15262e-48
-5.38845e-48
-2.81117e-48
-1.33613e-48
-5.79628e-49
-2.25713e-49
-7.56067e-50
-2.01089e-50
-3.12372e-51
5.37453e-52
-1.84581e-51
-5.75531e-51
-7.87889e-51
-8.22658e-51
-6.84284e-51
-4.78744e-51
-2.65156e-51
-1.185e-51
-4.32745e-52
-1.25079e-52
-2.39403e-53
8.35976e-55
3.51673e-54
2.03367e-54
7.69466e-55
1.81175e-55
-1.15273e-56
-4.49167e-56
-3.44782e-56
-1.98857e-56
-9.99749e-57
-4.60686e-57
-1.98721e-57
-8.08508e-58
-3.09666e-58
-1.10289e-58
-3.54323e-59
-9.48057e-60
-1.50746e-60
4.2096e-61
5.92556e-61
3.98055e-61
2.13761e-61
1.00895e-61
4.31781e-62
1.68977e-62
6.00123e-63
1.89385e-63
2.60797e-64
0.000985503
0.00704814
0.0322316
0.112785
0.26515
0.46021
0.653621
0.809038
0.908534
0.935162
0.925777
0.892082
0.817678
0.713199
0.588503
0.456674
0.331281
0.223247
0.138663
0.0784508
0.0395769
0.0170034
0.00542555
0.000448793
-0.000930506
-0.00102135
-0.000799712
-0.000509038
-0.000277963
-0.000132389
-5.43298e-05
-1.77118e-05
-2.98378e-06
9.7006e-07
1.09929e-06
7.57118e-07
4.60921e-07
2.45897e-07
1.2069e-07
5.64754e-08
2.59897e-08
1.1817e-08
5.22495e-09
2.20772e-09
8.66241e-10
2.96304e-10
6.70512e-11
-1.59365e-11
-2.98043e-11
-2.61186e-11
-2.06497e-11
-1.49057e-11
-1.00294e-11
-6.40129e-12
-3.92073e-12
-2.32012e-12
-1.32881e-12
-7.34946e-13
-3.92466e-13
-2.00421e-13
-9.72381e-14
-4.39574e-14
-1.80437e-14
-6.38026e-15
-1.62444e-15
1.13786e-16
4.5462e-16
4.76134e-16
3.50665e-16
2.21149e-16
1.26584e-16
6.73111e-17
3.3712e-17
1.59978e-17
7.215e-18
3.09818e-18
1.26372e-18
4.86621e-19
1.74699e-19
5.68174e-20
1.57622e-20
2.78449e-21
-5.73265e-22
-1.02451e-21
-7.64442e-22
-4.51644e-22
-2.34105e-22
-1.10416e-22
-4.78407e-23
-1.91127e-23
-7.04971e-24
-2.38375e-24
-7.28794e-25
-1.97094e-25
-4.41818e-26
-6.37423e-27
7.22472e-28
1.18435e-27
6.9347e-28
3.32993e-28
1.43369e-28
5.76271e-29
2.14854e-29
7.36147e-30
2.28136e-30
6.17198e-31
1.33114e-31
1.48906e-32
-5.522e-33
-5.16963e-33
-2.68121e-33
-1.14253e-33
-4.38667e-34
-1.56782e-34
-5.35024e-35
-1.75702e-35
-5.57906e-36
-1.717e-36
-5.08881e-37
-1.41989e-37
-3.51731e-38
-6.25052e-39
5.4278e-40
1.51988e-39
1.20989e-39
7.88025e-40
4.78014e-40
2.82002e-40
1.65405e-40
9.72424e-41
5.7043e-41
3.37086e-41
2.01151e-41
1.18522e-41
6.98997e-42
4.10044e-42
2.34815e-42
1.3249e-42
7.24467e-43
3.82376e-43
1.92791e-43
9.10664e-44
3.93704e-44
1.46143e-44
4.62016e-45
1.04707e-45
8.71202e-47
-5.3234e-47
-9.89964e-48
3.01094e-47
3.92779e-47
3.11135e-47
1.92869e-47
9.78959e-48
4.1095e-48
1.27708e-48
1.61752e-49
-1.45651e-49
-1.45906e-49
-8.69822e-50
-3.09396e-50
-1.63507e-50
-2.49859e-50
-2.88561e-50
-2.54849e-50
-1.72794e-50
-9.20905e-51
-3.46902e-51
-7.60487e-52
9.51398e-53
2.01081e-52
1.23344e-52
5.12117e-53
1.432e-53
8.13236e-55
-2.32743e-54
-2.12136e-54
-1.31861e-54
-6.93296e-55
-3.27639e-55
-1.42556e-55
-5.76146e-56
-2.16092e-56
-7.42533e-57
-2.25429e-57
-5.4168e-58
-5.22503e-59
4.87322e-59
4.69373e-59
2.87262e-59
1.46906e-59
6.69236e-60
2.75951e-60
1.01901e-60
3.20586e-61
7.11061e-62
-3.01196e-63
-1.66663e-62
-1.38412e-62
-7.06479e-63
0.000976578
0.00705722
0.0327667
0.115989
0.275073
0.477608
0.674499
0.827451
0.918181
0.934136
0.922281
0.882443
0.803591
0.69774
0.57482
0.446888
0.326046
0.221917
0.13988
0.0807857
0.0419585
0.0188545
0.00658568
0.00100271
-0.000665793
-0.000895527
-0.000759741
-0.000515635
-0.000302632
-0.000157027
-7.18945e-05
-2.8114e-05
-8.27278e-06
-7.79096e-07
7.87395e-07
8.23232e-07
5.81635e-07
3.46894e-07
1.85367e-07
9.29903e-08
4.53161e-08
2.16976e-08
1.01708e-08
4.64384e-09
2.04643e-09
8.5681e-10
3.30552e-10
1.07339e-10
1.94887e-11
-1.03699e-11
-1.68883e-11
-1.52815e-11
-1.1639e-11
-8.05106e-12
-5.25763e-12
-3.29349e-12
-1.99426e-12
-1.17084e-12
-6.68138e-13
-3.69443e-13
-1.97859e-13
-1.02058e-13
-5.03368e-14
-2.34764e-14
-1.01137e-14
-3.83676e-15
-1.13113e-15
-8.5912e-17
2.30608e-16
2.61303e-16
2.03792e-16
1.36091e-16
8.27692e-17
4.70337e-17
2.52869e-17
1.2953e-17
6.33845e-18
2.96347e-18
1.32094e-18
5.58084e-19
2.21025e-19
8.05855e-20
2.59672e-20
6.60081e-21
6.3462e-22
-7.0243e-22
-6.95247e-22
-4.40006e-22
-2.31577e-22
-1.0839e-22
-4.63133e-23
-1.82473e-23
-6.64853e-24
-2.24369e-24
-6.93748e-25
-1.93708e-25
-4.6294e-26
-7.91562e-27
1.82838e-28
1.06237e-27
6.85007e-28
3.31283e-28
1.38518e-28
5.23027e-29
1.81017e-29
5.72752e-30
1.63852e-30
4.08407e-31
7.87462e-32
5.05057e-33
-5.55241e-33
-4.18557e-33
-2.12206e-33
-9.26485e-34
-3.76115e-34
-1.45991e-34
-5.52244e-35
-2.06296e-35
-7.66518e-36
-2.8501e-36
-1.06756e-36
-4.04182e-37
-1.55017e-37
-6.04354e-38
-2.40035e-38
-9.7167e-39
-4.01543e-39
-1.69505e-39
-7.31314e-40
-3.23521e-40
-1.47855e-40
-6.99522e-41
-3.46683e-41
-1.8436e-41
-1.03289e-41
-6.20357e-42
-3.9195e-42
-2.52561e-42
-1.6518e-42
-1.06774e-42
-6.77265e-43
-4.17615e-43
-2.48348e-43
-1.42522e-43
-7.69209e-44
-3.89097e-44
-1.7799e-44
-7.06126e-45
-2.13997e-45
-1.8721e-46
3.93731e-46
4.36029e-46
3.22344e-46
1.98913e-46
1.09638e-46
5.48575e-47
2.51954e-47
1.06014e-47
4.19517e-48
1.56208e-48
6.792e-49
3.43806e-49
1.74056e-49
9.22385e-50
5.69682e-50
4.34006e-50
3.50361e-50
2.5429e-50
1.53271e-50
7.78953e-51
3.34791e-51
1.18318e-51
3.04097e-52
1.79145e-53
-4.32122e-53
-3.82313e-53
-2.28936e-53
-1.15147e-53
-5.17434e-54
-2.12138e-54
-7.92223e-55
-2.62803e-55
-7.1593e-56
-1.11604e-56
3.71726e-57
5.00379e-57
3.39386e-57
1.85831e-57
8.99927e-58
3.96765e-58
1.60048e-58
5.82259e-59
1.81887e-59
4.09334e-60
-6.80946e-62
-8.57261e-61
-7.17636e-61
-4.44715e-61
-2.4241e-61
-9.72256e-62
0.0009664
0.00701619
0.0328552
0.117164
0.279636
0.486467
0.686428
0.838866
0.922974
0.933112
0.91943
0.874266
0.791767
0.683705
0.560676
0.434583
0.316778
0.215933
0.13667
0.0794968
0.0417392
0.019082
0.00687485
0.00118986
-0.000630385
-0.000822952
-0.000716996
-0.000508374
-0.000311374
-0.000168607
-8.11327e-05
-3.4082e-05
-1.16178e-05
-2.2393e-06
3.60034e-07
6.85987e-07
5.82707e-07
3.8149e-07
2.20399e-07
1.18464e-07
6.13337e-08
3.10519e-08
1.54001e-08
7.47725e-09
3.54177e-09
1.62731e-09
7.18549e-10
2.9787e-10
1.10341e-10
3.13619e-11
1.13562e-12
-8.15427e-12
-9.23259e-12
-7.60838e-12
-5.50501e-12
-3.69981e-12
-2.36551e-12
-1.45572e-12
-8.68242e-13
-5.02976e-13
-2.83718e-13
-1.55692e-13
-8.29721e-14
-4.27861e-14
-2.11854e-14
-9.96992e-15
-4.36156e-15
-1.70043e-15
-5.19865e-16
-5.141e-17
9.75828e-17
1.17779e-16
9.52944e-17
6.57817e-17
4.13282e-17
2.42645e-17
1.34793e-17
7.12771e-18
3.59623e-18
1.72998e-18
7.90743e-19
3.41277e-19
1.37443e-19
5.05808e-20
1.62721e-20
3.99986e-21
2.68974e-22
-5.13296e-22
-4.64514e-22
-2.81934e-22
-1.43475e-22
-6.50898e-23
-2.69635e-23
-1.03216e-23
-3.65435e-24
-1.19605e-24
-3.56131e-25
-9.35144e-26
-1.95072e-26
-1.82558e-27
1.09644e-27
9.38181e-28
4.87519e-28
2.10095e-28
8.08732e-29
2.85143e-29
9.31373e-30
2.81297e-30
7.74163e-31
1.86111e-31
3.37731e-32
8.49462e-34
-3.41363e-33
-2.4266e-33
-1.26315e-33
-5.82104e-34
-2.52946e-34
-1.06653e-34
-4.42876e-35
-1.83022e-35
-7.59038e-36
-3.17291e-36
-1.34201e-36
-5.76691e-37
-2.52375e-37
-1.12684e-37
-5.14236e-38
-2.40071e-38
-1.14772e-38
-5.62473e-39
-2.8236e-39
-1.45033e-39
-7.63327e-40
-4.09919e-40
-2.23794e-40
-1.24319e-40
-6.96378e-41
-3.91741e-41
-2.20542e-41
-1.23221e-41
-6.80615e-42
-3.69159e-42
-1.95445e-42
-1.0059e-42
-4.98242e-43
-2.34659e-43
-1.02469e-43
-3.96368e-44
-1.21207e-44
-1.4226e-45
1.83947e-45
2.21642e-45
1.7207e-45
1.12112e-45
6.60065e-46
3.59237e-46
1.83471e-46
8.84376e-47
4.12241e-47
1.86472e-47
8.94272e-48
4.58008e-48
2.49998e-48
1.44494e-48
8.7402e-49
5.38255e-49
3.26079e-49
1.83794e-49
9.25132e-50
4.12302e-50
1.59778e-50
5.10804e-51
1.10613e-51
-6.56491e-53
-2.58266e-52
-1.95827e-52
-1.10529e-52
-5.35388e-53
-2.32767e-53
-9.19172e-54
-3.25788e-54
-9.87042e-55
-2.13798e-55
4.80517e-57
4.28765e-56
3.42407e-56
2.02323e-56
1.03279e-56
4.76555e-57
2.0146e-57
7.76505e-58
2.65433e-58
7.38085e-59
1.09024e-59
-5.14947e-60
-6.52422e-60
-4.56181e-60
-2.61999e-60
-1.36274e-60
-5.26806e-61
0.000955687
0.00695003
0.0326822
0.117118
0.280953
0.489858
0.691603
0.844522
0.92526
0.932288
0.917705
0.86927
0.784577
0.675072
0.551821
0.426694
0.310648
0.211805
0.134319
0.0784354
0.0414452
0.0191408
0.00703125
0.00134072
-0.000619842
-0.000825407
-0.000687822
-0.000514728
-0.000321198
-0.000177874
-8.8006e-05
-3.84511e-05
-1.41242e-05
-3.50694e-06
1.34728e-07
6.25533e-07
5.46916e-07
3.92769e-07
2.43936e-07
1.39656e-07
7.63808e-08
4.06413e-08
2.1139e-08
1.07644e-08
5.3598e-09
2.604e-09
1.2303e-09
5.59474e-10
2.40663e-10
9.44158e-11
3.05437e-11
4.90344e-12
-3.84955e-12
-5.6603e-12
-4.99193e-12
-3.7184e-12
-2.53517e-12
-1.63279e-12
-1.00923e-12
-6.03303e-13
-3.50767e-13
-1.98799e-13
-1.09964e-13
-5.93413e-14
-3.11586e-14
-1.58614e-14
-7.76031e-15
-3.60542e-15
-1.55007e-15
-5.83929e-16
-1.61784e-16
1.79956e-18
5.01601e-17
5.29237e-17
4.13596e-17
2.81923e-17
1.76325e-17
1.0337e-17
5.73791e-18
3.02878e-18
1.52176e-18
7.26639e-19
3.28272e-19
1.39092e-19
5.4466e-20
1.9149e-20
5.63684e-21
1.07595e-21
-1.59004e-22
-3.24299e-22
-2.3225e-22
-1.2834e-22
-6.15586e-23
-2.66908e-23
-1.06288e-23
-3.91818e-24
-1.33311e-24
-4.15343e-25
-1.15133e-25
-2.6496e-26
-3.75095e-27
6.76541e-28
8.89126e-28
5.05553e-28
2.2832e-28
9.10676e-29
3.33831e-29
1.14286e-29
3.6768e-30
1.10967e-30
3.0975e-31
7.68321e-32
1.48684e-32
7.39453e-34
-1.39584e-33
-1.10337e-33
-6.20797e-34
-3.09348e-34
-1.45483e-34
-6.64776e-35
-2.99972e-35
-1.34829e-35
-6.07589e-36
-2.75906e-36
-1.26632e-36
-5.88817e-37
-2.77871e-37
-1.33221e-37
-6.49507e-38
-3.22229e-38
-1.62492e-38
-8.31986e-39
-4.32922e-39
-2.2791e-39
-1.21171e-39
-6.50203e-40
-3.4989e-40
-1.88365e-40
-1.01167e-40
-5.3901e-41
-2.84095e-41
-1.47365e-41
-7.48717e-42
-3.71094e-42
-1.78123e-42
-8.17639e-43
-3.51807e-43
-1.35698e-43
-4.23971e-44
-6.1084e-45
5.29697e-45
7.0109e-45
5.66827e-45
3.83543e-45
2.35346e-45
1.34494e-45
7.27454e-46
3.75294e-46
1.88688e-46
9.26915e-47
4.69354e-47
2.4522e-47
1.33252e-47
7.46551e-48
4.26278e-48
2.42064e-48
1.3361e-48
6.9063e-49
3.24844e-49
1.37521e-49
5.12703e-50
1.58887e-50
3.30915e-51
-2.68456e-52
-8.24415e-52
-6.14947e-52
-3.45537e-52
-1.67217e-52
-7.27666e-53
-2.87321e-53
-1.01604e-53
-3.05709e-54
-6.46293e-55
2.85505e-56
1.41004e-55
1.10055e-55
6.42627e-56
3.24484e-56
1.47773e-56
6.13324e-57
2.29608e-57
7.43246e-58
1.7964e-58
6.12451e-60
-3.05089e-59
-2.74566e-59
-1.75658e-59
-9.6708e-60
-4.90104e-60
-1.84021e-60
0.000944796
0.00687176
0.0323713
0.116305
0.280059
0.489486
0.692026
0.845557
0.925873
0.932314
0.917348
0.868134
0.78287
0.673073
0.549944
0.4253
0.309926
0.211733
0.134714
0.0790528
0.0420767
0.0196564
0.00738331
0.00155546
-0.000570251
-0.00082552
-0.000691022
-0.000525891
-0.000334408
-0.000188772
-9.54934e-05
-4.30045e-05
-1.66218e-05
-4.76279e-06
-2.83119e-07
6.06992e-07
5.60999e-07
4.11609e-07
2.69511e-07
1.62501e-07
9.30036e-08
5.15048e-08
2.77873e-08
1.46553e-08
7.5592e-09
3.81257e-09
1.87869e-09
8.99336e-10
4.14668e-10
1.81263e-10
7.26087e-11
2.45502e-11
4.89121e-12
-2.03408e-12
-3.65479e-12
-3.33981e-12
-2.51447e-12
-1.71798e-12
-1.10505e-12
-6.80573e-13
-4.05441e-13
-2.3491e-13
-1.32851e-13
-7.34603e-14
-3.97078e-14
-2.09593e-14
-1.07597e-14
-5.34357e-15
-2.53915e-15
-1.13374e-15
-4.58259e-16
-1.51867e-16
-2.54041e-17
1.84524e-17
2.73976e-17
2.37411e-17
1.7121e-17
1.1136e-17
6.73465e-18
3.83911e-18
2.07622e-18
1.06768e-18
5.21685e-19
2.41385e-19
1.05051e-19
4.24775e-20
1.56047e-20
4.96109e-21
1.17333e-21
4.26612e-23
-1.79822e-22
-1.53051e-22
-9.08549e-23
-4.56402e-23
-2.05171e-23
-8.44536e-24
-3.20808e-24
-1.12666e-24
-3.62391e-25
-1.04661e-25
-2.5584e-26
-4.31614e-27
2.29996e-28
6.76483e-28
4.23771e-28
2.01708e-28
8.42104e-29
3.23325e-29
1.16704e-29
4.00409e-30
1.31064e-30
4.0834e-31
1.19718e-31
3.19959e-32
7.11342e-33
8.283e-34
-3.94201e-34
-4.23243e-34
-2.69429e-34
-1.47144e-34
-7.50665e-35
-3.69848e-35
-1.79144e-35
-8.61931e-36
-4.14477e-36
-2.00052e-36
-9.7187e-37
-4.76074e-37
-2.3547e-37
-1.17688e-37
-5.93989e-38
-3.02539e-38
-1.5563e-38
-8.0572e-39
-4.19479e-39
-2.1946e-39
-1.14888e-39
-6.00893e-40
-3.13414e-40
-1.62375e-40
-8.33966e-41
-4.22902e-41
-2.10922e-41
-1.03077e-41
-4.90434e-42
-2.25101e-42
-9.82161e-43
-3.93879e-43
-1.36301e-43
-3.2101e-44
4.21048e-45
1.30297e-44
1.21617e-44
8.8682e-45
5.75361e-45
3.46083e-45
1.97031e-45
1.07286e-45
5.69748e-46
2.95893e-46
1.55594e-46
8.27785e-47
4.48709e-47
2.45848e-47
1.35076e-47
7.29692e-48
3.81056e-48
1.87362e-48
8.49727e-49
3.51957e-49
1.30591e-49
4.13847e-50
9.60441e-51
2.25034e-52
-1.55237e-51
-1.28582e-51
-7.53174e-52
-3.75187e-52
-1.67202e-52
-6.76219e-53
-2.4639e-53
-7.79173e-54
-1.88412e-54
-1.27399e-55
2.34507e-55
2.12254e-55
1.29294e-55
6.61778e-56
3.00597e-56
1.22433e-56
4.38148e-57
1.27055e-57
1.98611e-58
-9.00915e-59
-1.20046e-58
-8.65567e-59
-5.11193e-59
-2.70089e-59
-1.33486e-59
-4.82834e-60
0.000933595
0.00677942
0.0319308
0.11485
0.277419
0.486165
0.688793
0.843006
0.925134
0.933181
0.918428
0.870711
0.786567
0.677748
0.555239
0.430768
0.315124
0.216303
0.138437
0.0818587
0.0440378
0.0209155
0.00812313
0.00192488
-0.000458444
-0.000804443
-0.000704244
-0.000544885
-0.000352429
-0.000202742
-0.000104867
-4.86265e-05
-1.96838e-05
-6.31179e-06
-8.81676e-07
4.97138e-07
5.85361e-07
4.37812e-07
3.06535e-07
1.90827e-07
1.12587e-07
6.41002e-08
3.55335e-08
1.92623e-08
1.02189e-08
5.30797e-09
2.69979e-09
1.33968e-09
6.45289e-10
2.9906e-10
1.31129e-10
5.27271e-11
1.79567e-11
3.74467e-12
-1.26113e-12
-2.4472e-12
-2.24427e-12
-1.68201e-12
-1.14135e-12
-7.28192e-13
-4.45047e-13
-2.63174e-13
-1.51528e-13
-8.52555e-14
-4.69497e-14
-2.53181e-14
-1.33457e-14
-6.85863e-15
-3.41625e-15
-1.63474e-15
-7.39669e-16
-3.06622e-16
-1.08195e-16
-2.42639e-17
6.39204e-18
1.40849e-17
1.3123e-17
9.7765e-18
6.48713e-18
3.9809e-18
2.29735e-18
1.25646e-18
6.53214e-19
3.22811e-19
1.51244e-19
6.67935e-20
2.75143e-20
1.03708e-20
3.43193e-21
8.91554e-22
9.32906e-23
-8.8725e-23
-8.93325e-23
-5.62209e-23
-2.9303e-23
-1.35666e-23
-5.72908e-24
-2.2322e-24
-8.03204e-25
-2.65633e-25
-7.9143e-26
-2.02686e-26
-3.80011e-27
-3.47794e-29
4.52938e-28
3.13353e-28
1.5779e-28
6.91131e-29
2.78669e-29
1.06134e-29
3.86839e-30
1.35907e-30
4.61418e-31
1.50979e-31
4.72123e-32
1.38142e-32
3.5717e-33
6.72415e-34
-2.90551e-35
-1.32414e-34
-1.03409e-34
-6.31133e-35
-3.49585e-35
-1.84547e-35
-9.49521e-36
-4.82031e-36
-2.43167e-36
-1.22444e-36
-6.17291e-37
-3.12162e-37
-1.58435e-37
-8.073e-38
-4.13512e-38
-2.12464e-38
-1.09534e-38
-5.66436e-39
-2.93097e-39
-1.51627e-39
-7.83395e-40
-4.03009e-40
-2.06144e-40
-1.04457e-40
-5.2272e-41
-2.57358e-41
-1.23913e-41
-5.81463e-42
-2.63322e-42
-1.13165e-42
-4.49491e-43
-1.545e-43
-3.70496e-44
3.82538e-45
1.3876e-44
1.31541e-44
9.7038e-45
6.36473e-45
3.88324e-45
2.24887e-45
1.26149e-45
6.8902e-46
3.75034e-46
2.03489e-46
1.10553e-46
5.97541e-47
3.19616e-47
1.66659e-47
8.37307e-48
3.98619e-48
1.77572e-48
7.35535e-49
2.7977e-49
9.49984e-50
2.67949e-50
4.70396e-51
-9.47298e-52
-1.57492e-51
-1.0865e-51
-5.89414e-52
-2.79144e-52
-1.1941e-52
-4.64046e-53
-1.61519e-53
-4.78858e-54
-1.00943e-54
2.26827e-56
1.88285e-55
1.4204e-55
7.76828e-56
3.54622e-56
1.37208e-56
4.1907e-57
6.45835e-58
-3.71426e-58
-4.8569e-58
-3.59186e-58
-2.1863e-58
-1.19258e-58
-6.02086e-59
-2.89086e-59
-9.93867e-60
0.000922176
0.00667487
0.0313749
0.112809
0.273129
0.479933
0.681665
0.836716
0.923261
0.934345
0.920931
0.876827
0.795466
0.688981
0.56774
0.443264
0.326479
0.225762
0.145714
0.0870418
0.0474594
0.0229916
0.00929673
0.00249247
-0.00024572
-0.000777857
-0.000720675
-0.000563947
-0.00037245
-0.000218403
-0.000115387
-5.49992e-05
-2.3223e-05
-8.12315e-06
-1.74742e-06
3.21491e-07
5.75316e-07
4.63244e-07
3.36731e-07
2.17472e-07
1.32612e-07
7.77558e-08
4.42982e-08
2.46366e-08
1.33894e-08
7.11712e-09
3.70179e-09
1.8789e-09
9.27252e-10
4.42205e-10
2.01547e-10
8.61982e-11
3.32651e-11
1.0433e-11
1.49773e-12
-1.39783e-12
-1.89735e-12
-1.60106e-12
-1.14813e-12
-7.55527e-13
-4.70905e-13
-2.8242e-13
-1.64506e-13
-9.35723e-14
-5.2133e-14
-2.84929e-14
-1.527e-14
-8.01488e-15
-4.10573e-15
-2.04239e-15
-9.78139e-16
-4.44337e-16
-1.86397e-16
-6.77326e-17
-1.71328e-17
1.77871e-18
6.96182e-18
6.86755e-18
5.22567e-18
3.50632e-18
2.16806e-18
1.2589e-18
6.92541e-19
3.62298e-19
1.80328e-19
8.52097e-20
3.80307e-20
1.5883e-20
6.09709e-21
2.07606e-21
5.70975e-22
8.08172e-23
-4.05524e-23
-4.82638e-23
-3.19575e-23
-1.71721e-23
-8.14575e-24
-3.51727e-24
-1.39928e-24
-5.1496e-25
-1.74333e-25
-5.34769e-26
-1.42488e-26
-2.88794e-27
-1.43592e-28
2.78331e-28
2.13969e-28
1.14009e-28
5.24327e-29
2.21971e-29
8.89557e-30
3.42675e-30
1.27981e-30
4.65384e-31
1.65108e-31
5.70533e-32
1.90664e-32
6.08043e-33
1.79257e-33
4.48227e-34
6.44068e-35
-2.45247e-35
-3.24406e-35
-2.34036e-35
-1.42795e-35
-8.08067e-36
-4.39302e-36
-2.3345e-36
-1.22458e-36
-6.37826e-37
-3.31009e-37
-1.71552e-37
-8.9014e-38
-4.62082e-38
-2.40302e-38
-1.25187e-38
-6.52351e-39
-3.39805e-39
-1.76768e-39
-9.15791e-40
-4.71929e-40
-2.41066e-40
-1.21783e-40
-6.06517e-41
-2.96567e-41
-1.4211e-41
-6.64071e-42
-3.00368e-42
-1.30141e-42
-5.29011e-43
-1.94506e-43
-5.7841e-44
-7.47781e-45
7.73045e-45
9.85384e-45
7.99154e-45
5.52247e-45
3.49766e-45
2.10026e-45
1.21294e-45
6.85743e-46
3.80711e-46
2.07909e-46
1.11256e-46
5.81489e-47
2.94309e-47
1.43495e-47
6.69634e-48
2.97785e-48
1.25972e-48
5.04281e-49
1.88858e-49
6.46929e-50
1.92714e-50
4.27555e-51
1.11231e-52
-6.33022e-52
-5.13709e-52
-2.96418e-52
-1.45965e-52
-6.46546e-53
-2.6239e-53
-9.78942e-54
-3.33141e-54
-1.01243e-54
-2.6309e-55
-5.3748e-56
-8.10317e-57
-2.97371e-57
-3.99935e-57
-4.20508e-57
-3.41133e-57
-2.34975e-57
-1.44867e-57
-8.22881e-58
-4.37951e-58
-2.20602e-58
-1.05721e-58
-4.89669e-59
-1.56632e-59
0.000910613
0.00655983
0.030697
0.110089
0.266817
0.470026
0.670003
0.826431
0.919377
0.935537
0.924271
0.885812
0.809219
0.706534
0.587253
0.462628
0.343873
0.240032
0.15647
0.0945314
0.0522816
0.0258618
0.0108569
0.00325741
3.8895e-05
-0.000735384
-0.000718167
-0.000584326
-0.000398492
-0.000239201
-0.000128981
-6.30371e-05
-2.75971e-05
-1.03446e-05
-2.78597e-06
-1.83978e-08
5.22416e-07
4.72482e-07
3.63178e-07
2.46109e-07
1.55093e-07
9.30074e-08
5.39601e-08
3.04603e-08
1.67525e-08
8.98217e-09
4.69475e-09
2.38592e-09
1.17455e-09
5.56834e-10
2.51545e-10
1.06339e-10
4.04913e-11
1.25109e-11
1.77428e-12
-1.60944e-12
-2.15132e-12
-1.78469e-12
-1.25943e-12
-8.16563e-13
-5.02407e-13
-2.981e-13
-1.72209e-13
-9.74101e-14
-5.41323e-14
-2.96048e-14
-1.59354e-14
-8.43599e-15
-4.38138e-15
-2.22487e-15
-1.09829e-15
-5.22382e-16
-2.36034e-16
-9.85367e-17
-3.57294e-17
-9.10461e-18
8.09362e-19
3.52354e-18
3.4902e-18
2.65528e-18
1.7806e-18
1.10062e-18
6.39273e-19
3.52075e-19
1.84561e-19
9.214e-20
4.37195e-20
1.96161e-20
8.2431e-21
3.18972e-21
1.0972e-21
3.0632e-22
4.54031e-23
-2.06143e-23
-2.56865e-23
-1.72956e-23
-9.43089e-24
-4.53535e-24
-1.98589e-24
-8.02295e-25
-3.00071e-25
-1.03577e-25
-3.24991e-26
-8.91813e-27
-1.89856e-27
-1.31999e-28
1.66768e-28
1.38533e-28
7.73541e-29
3.71264e-29
1.64007e-29
6.87196e-30
2.77432e-30
1.08895e-30
4.18025e-31
1.57385e-31
5.81281e-32
2.10348e-32
7.41991e-33
2.52356e-33
8.10514e-34
2.33878e-34
5.17169e-35
9.80676e-37
-9.07268e-36
-8.25745e-36
-5.60087e-36
-3.39665e-36
-1.94705e-36
-1.08094e-36
-5.88511e-37
-3.16477e-37
-1.68962e-37
-8.96566e-38
-4.73962e-38
-2.49692e-38
-1.31002e-38
-6.84166e-39
-3.55469e-39
-1.83383e-39
-9.38691e-40
-4.7575e-40
-2.38459e-40
-1.18015e-40
-5.75593e-41
-2.76365e-41
-1.30276e-41
-6.00588e-42
-2.69458e-42
-1.16657e-42
-4.81565e-43
-1.84427e-43
-6.16838e-44
-1.44139e-44
1.52176e-45
5.37584e-45
5.09761e-45
3.7855e-45
2.50764e-45
1.55249e-45
9.17893e-46
5.22087e-46
2.86255e-46
1.51475e-46
7.73629e-47
3.81805e-47
1.82632e-47
8.49849e-48
3.85668e-48
1.7078e-48
7.35843e-49
3.06686e-49
1.22576e-49
4.64057e-50
1.63296e-50
5.17046e-51
1.35603e-51
2.04002e-52
-6.57968e-53
-8.58657e-53
-5.67318e-53
-3.0535e-53
-1.47749e-53
-6.69528e-54
-2.91264e-54
-1.24128e-54
-5.28519e-55
-2.29132e-55
-1.02649e-55
-4.78022e-56
-2.30342e-56
-1.13468e-56
-5.63278e-57
-2.78257e-57
-1.35491e-57
-6.45958e-58
-3.00094e-58
-1.35237e-58
-5.97372e-59
-1.71077e-59
0.00089865
0.00642451
0.0298191
0.106327
0.257525
0.45512
0.652542
0.810885
0.910785
0.936509
0.927999
0.896368
0.826714
0.729114
0.61224
0.487158
0.365569
0.257485
0.169329
0.103259
0.057753
0.0290352
0.0125358
0.00407302
0.000321955
-0.000682327
-0.00072096
-0.000595711
-0.00041438
-0.00025464
-0.000140934
-7.08748e-05
-3.22044e-05
-1.28245e-05
-4.03937e-06
-5.12077e-07
4.05103e-07
4.69675e-07
3.69434e-07
2.66348e-07
1.71688e-07
1.04747e-07
6.13709e-08
3.4706e-08
1.89667e-08
1.00204e-08
5.1142e-09
2.51497e-09
1.18509e-09
5.3031e-10
2.21198e-10
8.27778e-11
2.49965e-11
3.30834e-12
-3.29324e-12
-4.2129e-12
-3.40843e-12
-2.35062e-12
-1.49191e-12
-8.99205e-13
-5.23576e-13
-2.97514e-13
-1.66042e-13
-9.13859e-14
-4.97141e-14
-2.67573e-14
-1.42435e-14
-7.49103e-15
-3.88244e-15
-1.97679e-15
-9.83639e-16
-4.75008e-16
-2.2019e-16
-9.60917e-17
-3.80268e-17
-1.23657e-17
-2.01713e-18
1.47416e-18
2.15038e-18
1.84304e-18
1.31857e-18
8.53082e-19
5.1458e-19
2.93454e-19
1.59242e-19
8.24282e-20
4.06886e-20
1.90938e-20
8.46531e-21
3.50749e-21
1.33038e-21
4.41948e-22
1.1335e-22
9.25392e-24
-1.4315e-23
-1.37786e-23
-8.763e-24
-4.6719e-24
-2.22724e-24
-9.73636e-25
-3.94424e-25
-1.4846e-25
-5.16535e-26
-1.6348e-26
-4.51132e-27
-9.47251e-28
-4.39158e-29
1.05195e-28
8.46508e-29
4.78742e-29
2.35205e-29
1.06905e-29
4.62168e-30
1.92872e-30
7.84018e-31
3.12063e-31
1.21948e-31
4.68448e-32
1.767e-32
6.51998e-33
2.33695e-33
8.01991e-34
2.55576e-34
7.00772e-35
1.20456e-35
-3.19884e-36
-5.32993e-36
-4.19123e-36
-2.72831e-36
-1.63016e-36
-9.28345e-37
-5.12921e-37
-2.77703e-37
-1.48013e-37
-7.79433e-38
-4.06221e-38
-2.09643e-38
-1.07181e-38
-5.42871e-39
-2.72301e-39
-1.35219e-39
-6.6465e-40
-3.23216e-40
-1.55555e-40
-7.40641e-41
-3.4898e-41
-1.62532e-41
-7.46827e-42
-3.37721e-42
-1.49865e-42
-6.48674e-43
-2.71327e-43
-1.07592e-43
-3.88207e-44
-1.13639e-44
-1.30626e-45
1.73483e-45
2.16641e-45
1.75269e-45
1.21382e-45
7.63245e-46
4.46196e-46
2.46042e-46
1.29449e-46
6.54154e-47
3.21945e-47
1.56075e-47
7.52482e-48
3.61647e-48
1.72456e-48
8.0942e-49
3.7061e-49
1.6416e-49
6.97954e-50
2.82532e-50
1.07487e-50
3.76909e-51
1.17344e-51
2.93216e-52
3.40435e-53
-2.27592e-53
-2.40791e-53
-1.55192e-53
-8.44666e-54
-4.21434e-54
-1.99726e-54
-9.17201e-55
-4.13436e-55
-1.84518e-55
-8.19914e-56
-3.63783e-56
-1.61256e-56
-7.13271e-57
-3.14033e-57
-1.37164e-57
-5.92086e-58
-2.5152e-58
-1.04558e-58
-4.29913e-59
-9.98704e-60
0.000885714
0.00624866
0.0285951
0.100864
0.243605
0.432571
0.625861
0.786343
0.894424
0.936482
0.93226
0.90775
0.846073
0.753372
0.637861
0.510924
0.385242
0.272161
0.179258
0.109369
0.0611785
0.0307742
0.0133323
0.00440809
0.000491587
-0.000636625
-0.000776313
-0.000642009
-0.000439428
-0.000265964
-0.000146629
-7.42177e-05
-3.43425e-05
-1.4201e-05
-4.87664e-06
-9.83673e-07
2.67781e-07
4.34535e-07
3.64543e-07
2.67235e-07
1.75484e-07
1.0723e-07
6.18022e-08
3.38041e-08
1.76098e-08
8.74499e-09
4.12815e-09
1.84115e-09
7.63279e-10
2.82229e-10
8.43646e-11
1.19367e-11
-9.47851e-12
-1.24733e-11
-9.58291e-12
-6.69456e-12
-4.17381e-12
-2.46086e-12
-1.39113e-12
-7.66753e-13
-4.15312e-13
-2.22576e-13
-1.18409e-13
-6.26741e-14
-3.30265e-14
-1.73203e-14
-9.02597e-15
-4.66441e-15
-2.38159e-15
-1.19699e-15
-5.88347e-16
-2.80689e-16
-1.28323e-16
-5.4984e-17
-2.11204e-17
-6.4032e-18
-6.25155e-19
1.2125e-18
1.47126e-18
1.20518e-18
8.46022e-19
5.4264e-19
3.26396e-19
1.86401e-19
1.01666e-19
5.30847e-20
2.6539e-20
1.26687e-20
5.74714e-21
2.45554e-21
9.72236e-22
3.45216e-22
1.01428e-22
1.75872e-23
-5.36303e-24
-8.11845e-24
-5.86788e-24
-3.387e-24
-1.72412e-24
-8.01176e-25
-3.45253e-25
-1.38783e-25
-5.20166e-26
-1.80321e-26
-5.65807e-27
-1.51773e-27
-2.82899e-28
1.81032e-29
5.74775e-29
4.13041e-29
2.29158e-29
1.13059e-29
5.2073e-30
2.29024e-30
9.74071e-31
4.03577e-31
1.63565e-31
6.49817e-32
2.53081e-32
9.6403e-33
3.5732e-33
1.27579e-33
4.29858e-34
1.30636e-34
3.12622e-35
1.89798e-36
-4.5766e-36
-4.50596e-36
-3.13906e-36
-1.92076e-36
-1.09754e-36
-6.01065e-37
-3.19596e-37
-1.6622e-37
-8.48909e-38
-4.27025e-38
-2.118e-38
-1.03715e-38
-5.01493e-39
-2.39684e-39
-1.13184e-39
-5.28928e-40
-2.4452e-40
-1.1208e-40
-5.09669e-41
-2.30525e-41
-1.03962e-41
-4.68816e-42
-2.11357e-42
-9.55172e-43
-4.30744e-43
-1.93672e-43
-8.60292e-44
-3.73824e-44
-1.55807e-44
-5.98886e-45
-1.92379e-45
-3.17267e-46
1.92473e-46
2.83018e-46
2.23318e-46
1.46008e-46
8.69165e-47
4.91859e-47
2.69898e-47
1.46799e-47
7.95407e-48
4.28319e-48
2.27107e-48
1.17299e-48
5.85338e-49
2.80622e-49
1.2871e-49
5.61701e-50
2.31642e-50
8.96066e-51
3.20759e-51
1.03399e-51
2.80287e-52
4.88561e-53
-8.08534e-54
-1.45774e-53
-1.02775e-53
-5.7986e-54
-2.94838e-54
-1.41271e-54
-6.52209e-55
-2.9372e-55
-1.29891e-55
-5.65664e-56
-2.42624e-56
-1.02326e-56
-4.23134e-57
-1.70937e-57
-6.71714e-58
-2.55395e-58
-9.32816e-59
-3.2338e-59
-1.06809e-59
-5.79731e-61
0.000871058
0.00598912
0.0266523
0.0921994
0.222153
0.399835
0.590403
0.757709
0.878217
0.934095
0.935906
0.918384
0.861685
0.767948
0.647894
0.514884
0.383583
0.266702
0.172212
0.102535
0.0556357
0.0268924
0.0109859
0.00319436
-6.00662e-05
-0.000912022
-0.000856465
-0.000666711
-0.000434324
-0.000252226
-0.000133534
-6.52115e-05
-2.92659e-05
-1.18e-05
-3.94794e-06
-7.36357e-07
3.24895e-07
4.31724e-07
3.39485e-07
2.46221e-07
1.55232e-07
8.93283e-08
4.73291e-08
2.33114e-08
1.07025e-08
4.52965e-09
1.73352e-09
5.70586e-10
1.31703e-10
-2.2655e-11
-3.70882e-11
-2.72351e-11
-1.95715e-11
-1.25986e-11
-7.55853e-12
-4.27813e-12
-2.32118e-12
-1.22319e-12
-6.3098e-13
-3.22414e-13
-1.63656e-13
-8.3061e-14
-4.21911e-14
-2.14822e-14
-1.09506e-14
-5.5785e-15
-2.83042e-15
-1.4255e-15
-7.0822e-16
-3.45093e-16
-1.63052e-16
-7.37273e-17
-3.10762e-17
-1.15501e-17
-3.192e-18
1.82713e-21
9.47406e-19
1.01137e-18
7.99261e-19
5.53071e-19
3.5325e-19
2.1295e-19
1.22559e-19
6.7761e-20
3.60941e-20
1.85419e-20
9.18387e-21
4.37057e-21
1.99033e-21
8.59803e-22
3.47305e-22
1.27405e-22
3.97258e-23
8.27162e-24
-1.07647e-24
-2.68077e-24
-2.1317e-24
-1.30785e-24
-7.02601e-25
-3.43771e-25
-1.5623e-25
-6.63801e-26
-2.64344e-26
-9.82287e-27
-3.36502e-27
-1.0308e-27
-2.59323e-28
-3.56005e-29
1.42269e-29
1.69956e-29
1.11009e-29
6.01345e-30
2.9595e-30
1.3708e-30
6.08287e-31
2.61149e-31
1.09082e-31
4.44528e-32
1.76868e-32
6.8593e-33
2.58076e-33
9.3377e-34
3.19023e-34
9.89934e-35
2.50269e-35
2.74377e-36
-2.4696e-36
-2.71631e-36
-1.91427e-36
-1.15762e-36
-6.46335e-37
-3.43265e-37
-1.75837e-37
-8.76676e-38
-4.26874e-38
-2.03808e-38
-9.55017e-39
-4.40056e-39
-1.99351e-39
-8.89813e-40
-3.90963e-40
-1.69694e-40
-7.27217e-41
-3.09303e-41
-1.30813e-41
-5.54465e-42
-2.38131e-42
-1.05363e-42
-4.819e-43
-2.29694e-43
-1.12865e-43
-5.70286e-44
-2.92248e-44
-1.50877e-44
-7.77702e-45
-3.97227e-45
-1.99664e-45
-9.72486e-46
-4.54414e-46
-1.99278e-46
-8.33414e-47
-2.91086e-47
-5.90408e-48
2.52913e-48
4.33625e-48
3.70884e-48
2.53266e-48
1.52373e-48
8.38355e-49
4.28982e-49
2.05936e-49
9.31343e-50
3.97338e-50
1.60392e-50
6.13175e-51
2.20146e-51
7.29039e-52
2.13825e-52
4.95504e-53
4.44705e-54
-4.41046e-54
-4.16752e-54
-2.59351e-54
-1.40317e-54
-7.12025e-55
-3.49314e-55
-1.6756e-55
-7.86734e-56
-3.5999e-56
-1.59418e-56
-6.77564e-57
-2.7363e-57
-1.03556e-57
-3.58911e-58
-1.08583e-58
-2.49e-59
-1.23871e-60
3.22324e-60
2.73763e-60
1.57752e-60
0.000852163
0.00556976
0.0235756
0.0788445
0.196732
0.373511
0.576253
0.760141
0.887448
0.940053
0.935052
0.909414
0.839566
0.725157
0.587257
0.444135
0.312325
0.203138
0.121216
0.0655331
0.0313027
0.0123309
0.00295726
-0.00059196
-0.0010202
-0.000889706
-0.00071139
-0.000470774
-0.000276411
-0.000146668
-7.1132e-05
-3.14748e-05
-1.24251e-05
-4.01916e-06
-6.5584e-07
3.30032e-07
4.21313e-07
3.28974e-07
2.45199e-07
1.51617e-07
8.34836e-08
4.12416e-08
1.82027e-08
7.14287e-09
2.3557e-09
5.29901e-10
7.88425e-11
-1.3086e-11
-2.77835e-11
-2.36871e-11
-1.83353e-11
-1.19763e-11
-6.9919e-12
-3.745e-12
-1.8867e-12
-8.76923e-13
-4.02718e-13
-1.90252e-13
-9.24127e-14
-4.62678e-14
-2.3449e-14
-1.19979e-14
-6.15579e-15
-3.17012e-15
-1.63022e-15
-8.30893e-16
-4.32943e-16
-1.72536e-16
-5.84253e-17
-1.51048e-17
-1.18348e-18
2.40879e-18
2.70915e-18
2.15275e-18
1.50705e-18
9.8421e-19
6.13475e-19
3.6814e-19
2.14087e-19
1.20877e-19
6.64862e-20
3.56674e-20
1.8685e-20
9.56778e-21
4.78789e-21
2.33956e-21
1.1153e-21
5.16002e-22
2.30649e-22
9.85383e-23
3.95591e-23
1.44113e-23
4.37883e-24
7.78493e-25
-2.79798e-25
-4.32219e-25
-3.34219e-25
-2.0781e-25
-1.14912e-25
-5.81428e-26
-2.74413e-26
-1.21174e-26
-5.0242e-27
-1.9469e-27
-6.98641e-28
-2.2686e-28
-6.30096e-29
-1.22428e-29
6.8523e-31
2.54477e-30
1.89928e-30
1.0872e-30
5.51857e-31
2.6063e-31
1.17115e-31
5.06711e-32
2.12482e-32
8.66167e-33
3.43569e-33
1.3238e-33
4.9282e-34
1.75664e-34
5.87718e-35
1.76896e-35
4.23738e-36
3.47645e-37
-4.85416e-37
-4.77479e-37
-3.16792e-37
-1.81334e-37
-9.56397e-38
-4.77785e-38
-2.2871e-38
-1.0595e-38
-4.75234e-39
-2.07432e-39
-8.80287e-40
-3.64172e-40
-1.46484e-40
-5.76345e-41
-2.2095e-41
-8.37405e-42
-3.14063e-42
-1.20115e-42
-4.76331e-43
-1.98816e-43
-8.26153e-44
-3.2932e-44
-1.26582e-44
-4.56448e-45
-1.8189e-45
-8.89939e-46
-6.19126e-46
-4.92008e-46
-3.98342e-46
-3.1061e-46
-2.34871e-46
-1.68345e-46
-1.014e-46
-5.13823e-47
-2.10524e-47
-5.76197e-48
2.25284e-49
1.75775e-48
1.5719e-48
1.00105e-48
5.30934e-49
2.48103e-49
1.05157e-49
4.10267e-50
1.48576e-50
5.11791e-51
1.70956e-51
5.63998e-52
1.78374e-52
5.01831e-53
1.02832e-53
-1.68053e-55
-1.83628e-54
-1.46103e-54
-9.05858e-55
-5.22078e-55
-2.94014e-55
-1.62634e-55
-8.73109e-56
-4.48473e-56
-2.17908e-56
-9.92734e-57
-4.20252e-57
-1.63128e-57
-5.65835e-58
-1.64711e-58
-3.19821e-59
3.27034e-60
8.08376e-60
5.79183e-60
3.16597e-60
1.49769e-60
6.44467e-61
1.87274e-61
0.000825844
0.00519987
0.021909
0.0750238
0.213831
0.434253
0.661434
0.834105
0.922327
0.914164
0.870145
0.786502
0.660222
0.502472
0.349994
0.222767
0.12823
0.0648082
0.0239381
0.00637371
0.00155476
6.22031e-05
-0.000466002
-0.000586248
-0.000524967
-0.000363032
-0.000204253
-9.19246e-05
-3.95107e-05
-1.8363e-05
-8.76325e-06
-4.0487e-06
-1.72444e-06
-6.20427e-07
-1.2743e-07
9.55799e-08
1.27061e-07
9.94631e-08
6.0126e-08
2.95313e-08
1.2996e-08
5.41288e-09
2.15924e-09
8.32852e-10
3.1019e-10
1.10839e-10
3.32265e-11
5.54679e-12
-1.49906e-12
-2.24822e-12
-1.35296e-12
-7.55319e-13
-4.10286e-13
-2.18282e-13
-1.13828e-13
-5.82059e-14
-2.91018e-14
-1.42167e-14
-6.80566e-15
-3.21298e-15
-1.50739e-15
-7.09089e-16
-3.18756e-16
-1.40073e-16
-1.35904e-17
2.66362e-17
3.33641e-17
2.5061e-17
1.59801e-17
9.4157e-18
5.22973e-18
2.80328e-18
1.4508e-18
7.30661e-19
3.59015e-19
1.71677e-19
8.01034e-20
3.6313e-20
1.60008e-20
6.81259e-21
2.78846e-21
1.08463e-21
3.89814e-22
1.20086e-22
2.36324e-23
-5.87486e-24
-1.16221e-23
-9.67119e-24
-6.62952e-24
-4.00699e-24
-2.27224e-24
-1.20286e-24
-6.13139e-25
-2.97516e-25
-1.40605e-25
-6.43683e-26
-2.89921e-26
-1.28403e-26
-5.62315e-27
-2.42891e-27
-1.02697e-27
-4.22211e-28
-1.65816e-28
-6.15108e-29
-2.08958e-29
-6.25877e-30
-1.44434e-30
-9.36975e-32
1.75003e-31
1.53039e-31
9.00917e-32
4.47427e-32
2.00636e-32
8.34141e-33
3.25742e-33
1.20107e-33
4.16991e-34
1.3414e-34
3.85199e-35
8.78008e-36
6.72726e-37
-8.96145e-37
-8.30872e-37
-5.18872e-37
-2.78654e-37
-1.37367e-37
-6.36744e-38
-2.80231e-38
-1.17281e-38
-4.64877e-39
-1.72249e-39
-5.84242e-40
-1.67532e-40
-3.41935e-41
2.78588e-42
8.14612e-42
6.17938e-42
3.5234e-42
1.77507e-42
7.99266e-43
3.36237e-43
1.27678e-43
4.43397e-44
1.27182e-44
2.08177e-45
3.78626e-45
6.0657e-45
7.10128e-45
5.94226e-45
4.50726e-45
3.00435e-45
1.93686e-45
1.1747e-45
7.03214e-46
4.08378e-46
2.35345e-46
1.3255e-46
7.06136e-47
3.41138e-47
1.54873e-47
6.8131e-48
2.86254e-48
1.128e-48
3.97184e-49
1.10876e-49
1.65753e-50
-4.86162e-51
-5.06382e-51
-2.33437e-51
-7.343e-52
-1.30533e-52
-9.97115e-53
-1.28168e-52
-1.00785e-52
-5.797e-53
-2.75048e-53
-1.14682e-53
-4.36864e-54
-1.5748e-54
-5.58614e-55
-2.03002e-55
-7.754e-56
-3.09462e-56
-1.24755e-56
-4.866e-57
-1.75925e-57
-5.58931e-58
-1.38785e-58
-1.38111e-59
1.24413e-59
1.18693e-59
7.09868e-60
3.53217e-60
1.57154e-60
6.42657e-61
2.43919e-61
8.5697e-62
2.72882e-62
7.47481e-63
4.07381e-64
0.000836495
0.00660128
0.0378188
0.16268
0.410249
0.677749
0.833425
0.817814
0.756177
0.637625
0.472085
0.303538
0.151457
0.0554567
0.0218084
0.00919766
0.00370438
0.00128064
0.000266514
-8.86684e-05
-0.000157713
-0.000130995
-7.78717e-05
-4.41067e-05
-2.53787e-05
-1.3524e-05
-6.44685e-06
-2.90772e-06
-1.26055e-06
-5.19567e-07
-2.00548e-07
-6.87579e-08
-1.68415e-08
2.32383e-09
8.85178e-09
9.57331e-09
7.22318e-09
4.09087e-09
2.16346e-09
1.09861e-09
5.32801e-10
2.44695e-10
1.0493e-10
4.22295e-11
1.60147e-11
5.71897e-12
1.95418e-12
6.35134e-13
1.4292e-13
-2.16098e-14
-1.26544e-14
-4.97249e-15
-2.00202e-15
-8.17555e-16
-3.33653e-16
-1.34027e-16
-5.21108e-17
-1.93584e-17
-7.96845e-18
-2.91982e-18
3.81389e-18
1.00585e-17
1.37391e-17
1.86671e-17
1.36863e-17
8.53597e-18
4.72202e-18
2.45426e-18
1.19119e-18
5.71084e-19
2.62769e-19
1.18218e-19
5.03165e-20
2.00683e-20
7.32205e-21
2.30157e-21
5.226e-22
2.65154e-24
-1.0313e-22
-8.51333e-23
-5.62177e-23
-3.48727e-23
-2.07627e-23
-1.22344e-23
-7.20019e-24
-4.22412e-24
-2.5219e-24
-1.47982e-24
-8.78871e-25
-4.83502e-25
-2.59647e-25
-1.28268e-25
-6.07481e-26
-2.60841e-26
-1.02528e-26
-3.42048e-27
-8.23595e-28
-1.33738e-29
1.60257e-28
1.30993e-28
7.96583e-29
3.92848e-29
1.76653e-29
6.96754e-30
2.52951e-30
7.91084e-31
2.14423e-31
3.94861e-32
1.19847e-33
-2.72785e-33
-1.13476e-33
-2.3855e-34
-8.42113e-36
1.27116e-35
4.27005e-36
-2.70099e-37
-1.02256e-36
-7.03638e-37
-3.51112e-37
-1.5025e-37
-5.87136e-38
-2.12716e-38
-7.08676e-39
-2.06428e-39
-4.3658e-40
1.51358e-41
9.27897e-41
7.46794e-41
4.51154e-41
2.34936e-41
1.11581e-41
4.82381e-42
1.9641e-42
7.2231e-43
2.41296e-43
7.00689e-44
1.53665e-44
1.44612e-45
-1.19185e-45
-8.19039e-46
-4.05144e-46
-1.15092e-46
-2.295e-47
8.77061e-48
-8.67804e-48
2.57689e-46
3.05652e-46
3.31768e-46
2.70569e-46
2.26716e-46
1.63006e-46
1.21654e-46
8.32616e-47
5.88721e-47
4.00532e-47
2.81914e-47
1.99569e-47
1.31361e-47
5.46325e-48
1.63249e-48
2.84475e-49
-3.09279e-50
-4.8575e-50
-2.22844e-50
-6.6954e-51
-1.3213e-51
-1.23525e-52
1.59672e-53
7.32437e-54
1.46456e-54
-1.36248e-53
-1.72265e-53
-1.14582e-53
-6.23728e-54
-3.06306e-54
-1.38378e-54
-5.7823e-55
-2.24829e-55
-8.20818e-56
-2.819e-56
-8.94855e-57
-2.48291e-57
-5.0342e-58
2.19253e-60
7.79977e-59
5.72502e-59
3.04371e-59
1.38382e-59
5.66198e-60
2.12427e-60
7.3168e-61
2.27114e-61
5.96698e-62
1.02265e-62
-1.587e-63
-2.93651e-63
-2.10308e-63
-1.21331e-63
-6.50179e-64
-2.71404e-64
0.00101497
0.0138596
0.115937
0.493617
0.840778
0.818277
0.533362
0.149075
0.0274876
0.00886403
0.0026906
0.000714624
0.000158039
2.30856e-05
-2.54017e-06
-5.01232e-06
-3.83505e-06
-2.6422e-06
-1.88011e-06
-1.20953e-06
-6.66091e-07
-2.54929e-07
-2.23097e-08
-4.71899e-09
-1.04114e-09
4.55965e-10
1.19302e-09
1.19125e-09
8.72589e-10
5.98609e-10
4.26819e-10
3.17807e-10
2.58913e-10
2.48826e-10
1.71027e-10
5.68053e-11
1.70681e-11
2.95863e-12
5.43796e-13
1.3872e-13
5.43043e-14
2.56507e-14
1.17228e-14
4.82762e-15
1.80122e-15
6.18541e-16
1.91105e-16
4.15645e-17
3.88409e-18
2.70728e-17
3.62517e-19
2.46171e-19
-6.51483e-19
-4.18718e-19
-1.47033e-19
-4.6214e-20
2.14229e-19
1.54394e-18
2.40263e-18
3.41236e-18
1.70482e-18
9.82463e-19
4.44954e-19
2.09826e-19
6.00675e-20
7.68493e-21
-7.02415e-21
-8.96674e-21
-5.84594e-21
-3.74914e-21
-1.81151e-21
-9.1255e-22
-3.59863e-22
-1.21933e-22
-4.379e-23
-1.54624e-23
-6.34616e-24
-2.52932e-24
-1.08254e-24
-4.63011e-25
-2.10354e-25
-9.87894e-26
-4.81247e-26
-2.57876e-26
-1.45907e-26
-8.35091e-27
-5.29484e-27
-2.98556e-27
-1.98638e-27
-1.06924e-27
-6.67436e-28
-3.22066e-28
-1.55881e-28
-5.26572e-29
1.43824e-30
1.43686e-29
1.67388e-29
1.13138e-29
7.50858e-30
3.84495e-30
2.02682e-30
8.73453e-31
3.87682e-31
1.41885e-31
5.18582e-32
1.52709e-32
4.26543e-33
7.97131e-34
4.86665e-35
-5.17323e-35
-3.8315e-35
-1.41615e-35
-5.67173e-36
-1.51372e-36
-4.35768e-37
-8.06477e-38
-1.31304e-38
1.5877e-40
1.603e-40
4.42336e-41
2.34566e-41
1.08021e-41
5.10499e-42
2.14901e-42
7.93572e-43
2.51864e-43
5.51127e-44
-2.64878e-45
-1.25883e-44
-9.38252e-45
-5.66146e-45
-2.4284e-45
-1.24313e-45
-3.59937e-46
-1.52821e-46
-3.14925e-47
-7.93173e-48
4.98326e-49
7.48834e-49
4.14533e-49
1.65063e-49
-2.29323e-49
1.59931e-50
-2.37788e-48
-6.5876e-49
-3.77879e-49
-7.98364e-49
-2.15084e-48
-2.10752e-48
-2.39453e-48
-1.59904e-48
-1.25645e-48
-7.07543e-49
-4.288e-49
-1.96477e-49
-5.9756e-50
4.1892e-50
8.43374e-50
1.74445e-50
-5.68746e-51
-3.6587e-51
-5.19254e-52
1.67378e-52
1.04913e-52
3.14007e-53
5.5031e-54
6.82825e-55
6.24272e-56
-1.76614e-58
-3.12234e-56
-1.61376e-56
-2.45631e-56
2.97428e-56
4.37694e-56
2.8643e-56
1.31994e-56
4.95515e-57
1.67274e-57
5.72919e-58
2.22092e-58
9.74491e-59
4.4169e-59
1.91551e-59
7.68035e-60
2.818e-60
9.44749e-61
2.84703e-61
7.49564e-62
1.61806e-62
1.96808e-63
-6.03417e-64
-6.58188e-64
-3.88934e-64
-1.95743e-64
-9.30766e-65
-4.40737e-65
-2.03282e-65
-9.06865e-66
-4.53731e-66
-1.39238e-66
)
;

boundaryField
{
    inlet
    {
        type            uniformFixedValue;
        uniformValue    table;
        uniformValueCoeffs
        {
            values          
4
(
(0 1)
(0.15 1)
(0.151 0)
(1 0)
)
;
        }
        value           uniform 0;
    }
    outlet
    {
        type            inletOutlet;
        inletValue      uniform 0;
        value           nonuniform List<scalar> 
20
(
5.46765e-73
-4.7803e-70
-3.71144e-68
3.21713e-66
2.60797e-64
-7.06479e-63
-9.72256e-62
-5.26806e-61
-1.84021e-60
-4.82834e-60
-9.93867e-60
-1.56632e-59
-1.71077e-59
-9.98704e-60
-5.79731e-61
1.57752e-60
1.87274e-61
4.07381e-64
-2.71404e-64
-1.39238e-66
)
;
    }
    walls
    {
        type            zeroGradient;
    }
    frontAndBack
    {
        type            empty;
    }
}


// ************************************************************************* //
