/*--------------------------------*- C++ -*----------------------------------*\
| =========                 |                                                 |
| \\      /  F ield         | OpenFOAM: The Open Source CFD Toolbox           |
|  \\    /   O peration     | Version:  2506                                  |
|   \\  /    A nd           | Website:  www.openfoam.com                      |
|    \\/     M anipulation  |                                                 |
\*---------------------------------------------------------------------------*/
FoamFile
{
    version     2.0;
    format      ascii;
    arch        "LSB;label=32;scalar=64";
    class       surfaceScalarField;
    location    "2.2";
    object      phi;
}
// * * * * * * * * * * * * * * * * * * * * * * * * * * * * * * * * * * * * * //

dimensions      [0 3 -1 0 0 0 0];

oriented        oriented;

internalField   nonuniform List<scalar> 
7780
(
2.75929e-09
5.40946e-10
2.09448e-09
6.65188e-10
1.58594e-09
5.08843e-10
1.21923e-09
3.66644e-10
9.65804e-10
2.53368e-10
7.92075e-10
1.73712e-10
6.7248e-10
1.19613e-10
5.88808e-10
8.36859e-11
5.28805e-10
6.00125e-11
4.84908e-10
4.39009e-11
4.52196e-10
3.27147e-11
4.27256e-10
2.49404e-11
4.0777e-10
1.94863e-11
3.92102e-10
1.5668e-11
3.79012e-10
1.30891e-11
3.67573e-10
1.14394e-11
3.57104e-10
1.0468e-11
3.47103e-10
1.00007e-11
3.37196e-10
9.90607e-12
3.27116e-10
1.00789e-11
3.16669e-10
1.04454e-11
3.05705e-10
1.09617e-11
2.941e-10
1.16032e-11
2.81739e-10
1.23582e-11
2.68512e-10
1.3224e-11
2.54305e-10
1.4203e-11
2.39001e-10
1.52994e-11
2.22478e-10
1.65177e-11
2.04609e-10
1.78627e-11
1.85258e-10
1.93437e-11
1.64247e-10
2.10045e-11
1.4124e-10
2.30009e-11
1.16006e-10
2.523e-11
8.32035e-11
3.28029e-11
6.3347e-11
1.98655e-11
7.26225e-11
-9.25662e-12
1.00624e-10
-2.79781e-11
1.37025e-10
-3.63745e-11
1.81015e-10
-4.39573e-11
2.35025e-10
-5.39706e-11
3.12697e-10
-7.76286e-11
3.95338e-10
-8.25998e-11
4.6626e-10
-7.08896e-11
5.2803e-10
-6.17486e-11
5.79595e-10
-5.15514e-11
6.2427e-10
-4.46593e-11
6.65514e-10
-4.12193e-11
6.97139e-10
-3.1607e-11
7.26229e-10
-2.9078e-11
7.49792e-10
-2.35399e-11
7.65731e-10
-1.5906e-11
7.77757e-10
-1.19805e-11
7.77113e-10
6.93102e-13
7.7177e-10
5.38696e-12
7.51074e-10
2.07347e-11
7.21871e-10
2.92317e-11
6.8072e-10
4.11655e-11
6.25576e-10
5.51396e-11
5.67299e-10
5.82495e-11
4.92109e-10
7.51377e-11
4.1943e-10
7.26039e-11
3.43439e-10
7.58965e-11
2.69014e-10
7.43186e-11
2.00867e-10
6.80354e-11
1.35458e-10
6.52894e-11
8.00604e-11
5.52676e-11
2.86917e-11
5.12098e-11
-1.35954e-11
4.2093e-11
-5.07919e-11
3.69712e-11
-8.13849e-11
3.03436e-11
-1.07093e-10
2.54432e-11
-1.29264e-10
2.18988e-11
-1.46876e-10
1.73401e-11
-1.61277e-10
1.41378e-11
-1.72678e-10
1.11597e-11
-1.81128e-10
8.23622e-12
-1.87276e-10
5.95942e-12
-1.91473e-10
4.03046e-12
-1.93896e-10
2.28219e-12
-1.95019e-10
1.00524e-12
-1.95213e-10
9.70815e-14
-1.94692e-10
-6.0029e-13
-1.93723e-10
-1.03243e-12
-1.92505e-10
-1.26679e-12
-1.91129e-10
-1.41566e-12
-1.89709e-10
-1.45239e-12
-1.88209e-10
-1.5305e-12
-1.86488e-10
-1.74975e-12
-1.84524e-10
-1.99022e-12
-1.82181e-10
-2.36934e-12
-1.79254e-10
-2.94956e-12
-1.75825e-10
-3.45141e-12
-1.71785e-10
-4.05885e-12
-1.6704e-10
-4.76274e-12
-1.61761e-10
-5.29368e-12
-1.55756e-10
-6.01843e-12
-1.49286e-10
-6.48187e-12
-1.42142e-10
-7.15362e-12
-1.34919e-10
-7.23017e-12
-1.27438e-10
-7.48627e-12
-1.19927e-10
-7.51457e-12
-1.1218e-10
-7.74726e-12
-1.04177e-10
-8.00163e-12
-9.54795e-11
-8.69294e-12
-8.59999e-11
-9.47225e-12
-7.64759e-11
-9.51364e-12
-6.58317e-11
-1.06304e-11
-5.46422e-11
-1.11722e-11
-4.21098e-11
-1.25111e-11
-2.82849e-11
-1.37994e-11
-1.27795e-11
-1.54755e-11
4.24887e-12
-1.69938e-11
2.36051e-11
-1.93173e-11
4.38746e-11
-2.02267e-11
6.72011e-11
-2.32799e-11
9.14634e-11
-2.4213e-11
1.17275e-10
-2.57602e-11
1.44939e-10
-2.76112e-11
1.73089e-10
-2.8097e-11
2.01989e-10
-2.88463e-11
2.31772e-10
-2.97294e-11
2.61299e-10
-2.94733e-11
2.90312e-10
-2.89596e-11
3.19255e-10
-2.88887e-11
3.47186e-10
-2.78742e-11
3.74096e-10
-2.68524e-11
3.99868e-10
-2.5713e-11
4.24113e-10
-2.41843e-11
4.47168e-10
-2.29944e-11
4.69733e-10
-2.25061e-11
4.89751e-10
-1.99612e-11
5.08924e-10
-1.91195e-11
5.28709e-10
-1.97344e-11
5.45447e-10
-1.66951e-11
5.61873e-10
-1.63909e-11
5.80432e-10
-1.85131e-11
5.93455e-10
-1.29719e-11
6.08781e-10
-1.52846e-11
6.20096e-10
-1.1274e-11
6.2949e-10
-9.34898e-12
6.34825e-10
-5.28293e-12
6.33952e-10
9.31407e-13
6.25253e-10
8.75912e-12
6.09506e-10
1.58026e-11
5.79202e-10
3.03436e-11
5.44252e-10
3.49649e-11
4.90151e-10
5.40877e-11
4.31308e-10
5.88022e-11
3.63904e-10
6.734e-11
2.89905e-10
7.39155e-11
2.17718e-10
7.20926e-11
1.41516e-10
7.60996e-11
7.29413e-11
6.84688e-11
6.1324e-12
6.66934e-11
-5.14696e-11
5.74827e-11
-1.0347e-10
5.18739e-11
-1.45685e-10
4.20834e-11
-1.79786e-10
3.39635e-11
-2.0316e-10
2.32403e-11
-2.14562e-10
1.12819e-11
-2.11109e-10
-3.51088e-12
-1.98116e-10
-1.3024e-11
-1.76102e-10
-2.20251e-11
-1.44993e-10
-3.11057e-11
-1.03568e-10
-4.14128e-11
-5.23001e-11
-5.12556e-11
1.2492e-11
-6.47833e-11
7.58361e-11
-6.3338e-11
1.27122e-10
-5.12806e-11
1.66266e-10
-3.91393e-11
1.94606e-10
-2.83338e-11
2.14036e-10
-1.94237e-11
2.26673e-10
-1.26306e-11
2.3457e-10
-7.89063e-12
2.39525e-10
-4.94832e-12
2.43021e-10
-3.48867e-12
2.46187e-10
-3.15893e-12
2.49753e-10
-3.55863e-12
2.54083e-10
-4.32193e-12
2.5925e-10
-5.15907e-12
2.65108e-10
-5.84947e-12
2.71353e-10
-6.23678e-12
2.77593e-10
-6.23095e-12
2.83411e-10
-5.80998e-12
2.88431e-10
-5.01291e-12
2.92354e-10
-3.91531e-12
2.94928e-10
-2.56832e-12
2.96098e-10
-1.16499e-12
2.95973e-10
1.29817e-13
2.94645e-10
1.33237e-12
2.92386e-10
2.26156e-12
2.89318e-10
3.07086e-12
2.85679e-10
3.64075e-12
2.81718e-10
3.96339e-12
2.77661e-10
4.05765e-12
2.73701e-10
3.96152e-12
2.69971e-10
3.72963e-12
2.66547e-10
3.42515e-12
2.6335e-10
3.20168e-12
3.84159e-12
3.51347e-09
3.27452e-10
3.49801e-09
6.80706e-10
3.30446e-09
7.02408e-10
3.03628e-09
6.34706e-10
2.75475e-09
5.34834e-10
2.49952e-09
4.28967e-10
2.28619e-09
3.32978e-10
2.11392e-09
2.55972e-10
1.97705e-09
1.9688e-10
1.86949e-09
1.51468e-10
1.78502e-09
1.17189e-10
1.71813e-09
9.18331e-11
1.6645e-09
7.31208e-11
1.6207e-09
5.94737e-11
1.58394e-09
4.98538e-11
1.55203e-09
4.3347e-11
1.52331e-09
3.91921e-11
1.49647e-09
3.68393e-11
1.47052e-09
3.58568e-11
1.4447e-09
3.58955e-11
1.41844e-09
3.67077e-11
1.39126e-09
3.81415e-11
1.36275e-09
4.01128e-11
1.33252e-09
4.25865e-11
1.30018e-09
4.55646e-11
1.2653e-09
4.90752e-11
1.22744e-09
5.31646e-11
1.18606e-09
5.78942e-11
1.14057e-09
6.33448e-11
1.09028e-09
6.96322e-11
1.03433e-09
7.69508e-11
9.71628e-10
8.57026e-11
9.00346e-10
9.65135e-11
8.14035e-10
1.19122e-10
7.47565e-10
8.63481e-11
7.38827e-10
-5.0619e-13
7.72711e-10
-6.18526e-11
8.33375e-10
-9.70343e-11
9.16401e-10
-1.26983e-10
1.02363e-09
-1.61198e-10
1.16381e-09
-2.17804e-10
1.31053e-09
-2.29315e-10
1.44613e-09
-2.06467e-10
1.56953e-09
-1.85125e-10
1.6785e-09
-1.60508e-10
1.77654e-09
-1.42685e-10
1.86634e-09
-1.30999e-10
1.94297e-09
-1.08212e-10
2.01279e-09
-9.88912e-11
2.07243e-09
-8.31732e-11
2.12009e-09
-6.35592e-11
2.15719e-09
-4.90702e-11
2.17548e-09
-1.75914e-11
2.18067e-09
2.13177e-13
2.16298e-09
3.84414e-11
2.12634e-09
6.58942e-11
2.06658e-09
1.00942e-10
1.98126e-09
1.4046e-10
1.87969e-09
1.59821e-10
1.74918e-09
2.05633e-10
1.60942e-09
2.12345e-10
1.45723e-09
2.28054e-10
1.30048e-09
2.31044e-10
1.1468e-09
2.217e-10
9.95571e-10
2.165e-10
8.57187e-10
1.93648e-10
7.27539e-10
1.80861e-10
6.13407e-10
1.56236e-10
5.11292e-10
1.39102e-10
4.22289e-10
1.19361e-10
3.46543e-10
1.01203e-10
2.80557e-10
8.78952e-11
2.25982e-10
7.1917e-11
1.80435e-10
5.96874e-11
1.42782e-10
4.88149e-11
1.13011e-10
3.80044e-11
8.96934e-11
2.92685e-11
7.16965e-11
2.20172e-11
5.86489e-11
1.53188e-11
4.95938e-11
1.00494e-11
4.34271e-11
6.25513e-12
3.96791e-11
3.14372e-12
3.7831e-11
8.1795e-13
3.72728e-11
-7.00684e-13
3.78005e-11
-1.93213e-12
3.88897e-11
-2.53094e-12
4.03587e-11
-2.992e-12
4.27877e-11
-4.17548e-12
4.59475e-11
-5.14982e-12
4.97183e-11
-6.14259e-12
5.51928e-11
-8.42763e-12
6.1558e-11
-9.82019e-12
6.88341e-11
-1.13382e-11
7.7939e-11
-1.387e-11
8.74341e-11
-1.47904e-11
9.89394e-11
-1.75246e-11
1.10658e-10
-1.82003e-11
1.24136e-10
-2.06313e-11
1.37805e-10
-2.0898e-11
1.53777e-10
-2.34566e-11
1.69934e-10
-2.36697e-11
1.88047e-10
-2.58585e-11
2.07281e-10
-2.72337e-11
2.27513e-10
-2.89235e-11
2.5041e-10
-3.23672e-11
2.74917e-10
-3.40193e-11
3.02992e-10
-3.87041e-11
3.33685e-10
-4.18641e-11
3.67949e-10
-4.67748e-11
4.05738e-10
-5.15889e-11
4.47251e-10
-5.69887e-11
4.92366e-10
-6.21105e-11
5.41389e-10
-6.83407e-11
5.93138e-10
-7.19772e-11
6.49031e-10
-7.91739e-11
7.0688e-10
-8.2063e-11
7.66941e-10
-8.58196e-11
8.29009e-10
-8.96766e-11
8.91528e-10
-9.06108e-11
9.54453e-10
-9.17625e-11
1.01753e-09
-9.27934e-11
1.07937e-09
-9.12992e-11
1.13967e-09
-8.92516e-11
1.19859e-09
-8.77899e-11
1.25519e-09
-8.44474e-11
1.30942e-09
-8.10622e-11
1.36117e-09
-7.74289e-11
1.41025e-09
-7.32182e-11
1.45724e-09
-6.99336e-11
1.50267e-09
-6.78631e-11
1.54504e-09
-6.22513e-11
1.58627e-09
-6.02564e-11
1.62764e-09
-6.10106e-11
1.66584e-09
-5.47902e-11
1.70444e-09
-5.48999e-11
1.74417e-09
-5.81501e-11
1.77876e-09
-4.74688e-11
1.8143e-09
-5.07639e-11
1.84495e-09
-4.18769e-11
1.87117e-09
-3.55532e-11
1.89015e-09
-2.42661e-11
1.89844e-09
-7.38366e-12
1.89299e-09
1.41744e-11
1.8721e-09
3.66644e-11
1.82844e-09
7.39805e-11
1.76841e-09
9.49812e-11
1.67777e-09
1.44698e-10
1.5697e-09
1.66848e-10
1.44097e-09
1.96033e-10
1.29436e-09
2.20471e-10
1.14101e-09
2.25381e-10
9.75754e-10
2.413e-10
8.1577e-10
2.28405e-10
6.55736e-10
2.26688e-10
5.08349e-10
2.04846e-10
3.68972e-10
1.91238e-10
2.46049e-10
1.64996e-10
1.37639e-10
1.42366e-10
4.98985e-11
1.10978e-10
-1.64193e-11
7.75963e-11
-1.80211e-11
-1.89122e-12
1.46012e-11
-4.56177e-11
7.44986e-11
-8.18939e-11
1.57567e-10
-1.14149e-10
2.66525e-10
-1.50349e-10
3.95726e-10
-1.80445e-10
5.45297e-10
-2.14352e-10
6.85023e-10
-2.03074e-10
8.00455e-10
-1.66727e-10
8.92154e-10
-1.30853e-10
9.62808e-10
-9.90008e-11
1.01616e-09
-7.27895e-11
1.05631e-09
-5.27781e-11
1.08719e-09
-3.87737e-11
1.11227e-09
-3.00386e-11
1.13433e-09
-2.55477e-11
1.15534e-09
-2.4168e-11
1.17655e-09
-2.47678e-11
1.19855e-09
-2.63107e-11
1.22131e-09
-2.79252e-11
1.24441e-09
-2.89448e-11
1.2671e-09
-2.89232e-11
1.2885e-09
-2.76375e-11
1.30777e-09
-2.50771e-11
1.32416e-09
-2.14088e-11
1.33717e-09
-1.692e-11
1.34656e-09
-1.19624e-11
1.35232e-09
-6.92918e-12
1.35464e-09
-2.19171e-12
1.35397e-09
2.00268e-12
1.35081e-09
5.41402e-12
1.34589e-09
7.98691e-12
1.33988e-09
9.64632e-12
1.33343e-09
1.042e-11
1.32708e-09
1.04045e-11
1.32129e-09
9.74545e-12
1.3164e-09
8.62359e-12
1.31257e-09
7.2586e-12
1.30988e-09
5.89657e-12
5.60023e-12
3.44202e-09
1.85325e-10
3.63629e-09
4.86115e-10
3.73417e-09
6.04108e-10
3.7418e-09
6.26774e-10
3.67172e-09
6.0492e-10
3.55578e-09
5.44918e-10
3.41944e-09
4.69359e-10
3.28027e-09
3.95178e-10
3.1507e-09
3.26463e-10
3.03592e-09
2.66238e-10
2.93644e-09
2.16668e-10
2.85128e-09
1.76997e-10
2.77895e-09
1.45452e-10
2.71741e-09
1.21013e-10
2.66444e-09
1.02829e-10
2.61802e-09
8.97655e-11
2.57641e-09
8.08064e-11
2.53806e-09
7.51948e-11
2.50167e-09
7.22518e-11
2.46618e-09
7.13791e-11
2.43076e-09
7.21356e-11
2.39466e-09
7.42349e-11
2.35727e-09
7.75058e-11
2.31798e-09
8.18702e-11
2.27622e-09
8.73273e-11
2.23136e-09
9.39357e-11
2.18272e-09
1.01799e-10
2.12955e-09
1.11063e-10
2.07097e-09
1.21918e-10
2.00597e-09
1.34623e-10
1.93337e-09
1.4955e-10
1.85178e-09
1.67294e-10
1.75933e-09
1.88958e-10
1.65023e-09
2.28236e-10
1.55664e-09
1.79953e-10
1.51832e-09
3.78229e-11
1.52951e-09
-7.30242e-11
1.57941e-09
-1.46927e-10
1.66338e-09
-2.10953e-10
1.7795e-09
-2.77309e-10
1.92893e-09
-3.67221e-10
2.08783e-09
-3.88185e-10
2.24347e-09
-3.62086e-10
2.39101e-09
-3.3264e-10
2.5264e-09
-2.95882e-10
2.65112e-09
-2.67407e-10
2.76629e-09
-2.46174e-10
2.86892e-09
-2.10846e-10
2.96316e-09
-1.93156e-10
3.04627e-09
-1.66319e-10
3.11735e-09
-1.34694e-10
3.17564e-09
-1.07394e-10
3.21687e-09
-5.88652e-11
3.24317e-09
-2.61263e-11
3.24761e-09
3.39695e-11
3.23173e-09
8.17551e-11
3.19176e-09
1.40893e-10
3.12471e-09
2.07492e-10
3.03562e-09
2.48905e-10
2.91465e-09
3.26596e-10
2.77467e-09
3.52315e-10
2.6131e-09
3.89613e-10
2.43678e-09
4.07348e-10
2.25272e-09
4.05749e-10
2.0627e-09
4.06508e-10
1.87774e-09
3.78588e-10
1.69686e-09
3.61723e-10
1.52879e-09
3.24296e-10
1.37243e-09
2.95454e-10
1.23089e-09
2.60898e-10
1.10538e-09
2.26732e-10
9.92979e-10
2.00329e-10
8.96068e-10
1.68869e-10
8.12133e-10
1.43672e-10
7.39956e-10
1.21046e-10
6.79537e-10
9.84747e-11
6.29045e-10
7.98064e-11
5.86996e-10
6.41054e-11
5.52819e-10
4.95285e-11
5.25364e-10
3.7532e-11
5.03335e-10
2.83098e-11
4.85793e-10
2.07106e-11
4.71549e-10
1.50886e-11
4.598e-10
1.10758e-11
4.50146e-10
7.74697e-12
4.4175e-10
5.88527e-12
4.34243e-10
4.52867e-12
4.28362e-10
1.71343e-12
4.23285e-10
-6.9269e-14
4.19154e-10
-2.01045e-12
4.16962e-10
-6.23685e-12
4.16307e-10
-9.16576e-12
4.17145e-10
-1.21777e-11
4.20491e-10
-1.72166e-11
4.24962e-10
-1.92611e-11
4.32271e-10
-2.48334e-11
4.40667e-10
-2.65958e-11
4.51886e-10
-3.18494e-11
4.64314e-10
-3.3324e-11
4.80288e-10
-3.94288e-11
4.98028e-10
-4.14076e-11
5.19527e-10
-4.73554e-11
5.44234e-10
-5.19388e-11
5.7261e-10
-5.72973e-11
6.06074e-10
-6.58291e-11
6.43684e-10
-7.16283e-11
6.87269e-10
-8.22891e-11
7.35861e-10
-9.04559e-11
7.90146e-10
-1.01061e-10
8.49916e-10
-1.1136e-10
9.14983e-10
-1.22059e-10
9.84972e-10
-1.32104e-10
1.05976e-09
-1.43133e-10
1.1379e-09
-1.50129e-10
1.22032e-09
-1.61593e-10
1.30469e-09
-1.6645e-10
1.39094e-09
-1.72074e-10
1.47854e-09
-1.77281e-10
1.56592e-09
-1.77996e-10
1.65278e-09
-1.78627e-10
1.73869e-09
-1.78706e-10
1.82234e-09
-1.74956e-10
1.90347e-09
-1.70382e-10
1.982e-09
-1.66331e-10
2.05724e-09
-1.59683e-10
2.12918e-09
-1.53004e-10
2.19777e-09
-1.46017e-10
2.26304e-09
-1.38484e-10
2.32556e-09
-1.32437e-10
2.38574e-09
-1.28023e-10
2.44299e-09
-1.19461e-10
2.49859e-09
-1.15822e-10
2.55364e-09
-1.16014e-10
2.60606e-09
-1.07165e-10
2.65884e-09
-1.07642e-10
2.71138e-09
-1.10654e-10
2.76005e-09
-9.61068e-11
2.80808e-09
-9.87859e-11
2.85179e-09
-8.55831e-11
2.89022e-09
-7.4013e-11
2.92135e-09
-5.54596e-11
2.94134e-09
-2.74413e-11
2.94759e-09
7.83111e-12
2.93733e-09
4.68432e-11
2.90516e-09
1.0609e-10
2.85303e-09
1.4707e-10
2.77077e-09
2.26924e-10
2.66529e-09
2.72321e-10
2.5339e-09
3.27412e-10
2.37705e-09
3.77299e-10
2.20374e-09
3.98661e-10
2.00911e-09
4.35886e-10
1.80921e-09
4.28277e-10
1.59986e-09
4.36004e-10
1.3955e-09
4.0917e-10
1.19296e-09
3.93763e-10
1.0036e-09
3.54348e-10
8.28156e-10
3.17827e-10
6.7994e-10
2.59236e-10
5.60514e-10
1.9708e-10
5.35345e-10
2.33498e-11
5.61287e-10
-7.14897e-11
6.27933e-10
-1.4848e-10
7.27771e-10
-2.13937e-10
8.62152e-10
-2.84689e-10
1.02038e-09
-3.38638e-10
1.19802e-09
-3.91972e-10
1.363e-09
-3.68041e-10
1.50327e-09
-3.07008e-10
1.61964e-09
-2.47238e-10
1.71423e-09
-1.93605e-10
1.79029e-09
-1.48871e-10
1.85164e-09
-1.14142e-10
1.90219e-09
-8.93233e-11
1.94553e-09
-7.33914e-11
1.98472e-09
-6.47367e-11
2.02202e-09
-6.1473e-11
2.05892e-09
-6.16667e-11
2.09611e-09
-6.35048e-11
2.13362e-09
-6.54294e-11
2.17091e-09
-6.62287e-11
2.20707e-09
-6.50829e-11
2.24101e-09
-6.15821e-11
2.27164e-09
-5.57102e-11
2.29801e-09
-4.77788e-11
2.31942e-09
-3.83317e-11
2.3355e-09
-2.80447e-11
2.3462e-09
-1.76349e-11
2.35179e-09
-7.78266e-12
2.35285e-09
9.40743e-13
2.35015e-09
8.10817e-12
2.34465e-09
1.34794e-11
2.33733e-09
1.69652e-11
2.32912e-09
1.86288e-11
2.32086e-09
1.8661e-11
2.31325e-09
1.73487e-11
2.30684e-09
1.50381e-11
2.30196e-09
1.21344e-11
2.29893e-09
8.93537e-12
6.55436e-12
3.3735e-09
1.11797e-10
3.54105e-09
3.18317e-10
3.69637e-09
4.48511e-10
3.81144e-09
5.11619e-10
3.88614e-09
5.3024e-10
3.9139e-09
5.1712e-10
3.90052e-09
4.8274e-10
3.86022e-09
4.3548e-10
3.80344e-09
3.83237e-10
3.73801e-09
3.31662e-10
3.66962e-09
2.85062e-10
3.6031e-09
2.43525e-10
3.54093e-09
2.07609e-10
3.48378e-09
1.78171e-10
3.4315e-09
1.55109e-10
3.38376e-09
1.37506e-10
3.33991e-09
1.24659e-10
3.29903e-09
1.16075e-10
3.26018e-09
1.11103e-10
3.22249e-09
1.09075e-10
3.18515e-09
1.09481e-10
3.14741e-09
1.11977e-10
3.10858e-09
1.16332e-10
3.06801e-09
1.22435e-10
3.02506e-09
1.3028e-10
2.97904e-09
1.39951e-10
2.92923e-09
1.51607e-10
2.87482e-09
1.65471e-10
2.8149e-09
1.81838e-10
2.74843e-09
2.01092e-10
2.67423e-09
2.23747e-10
2.59102e-09
2.50501e-10
2.49736e-09
2.82623e-10
2.38868e-09
3.36922e-10
2.28861e-09
2.80027e-10
2.23018e-09
9.62675e-11
2.21634e-09
-5.91716e-11
2.244e-09
-1.74584e-10
2.31062e-09
-2.7757e-10
2.41203e-09
-3.78711e-10
2.54488e-09
-5.00051e-10
2.69029e-09
-5.33568e-10
2.83984e-09
-5.11591e-10
2.98615e-09
-4.78909e-10
3.12403e-09
-4.33735e-10
3.25321e-09
-3.96579e-10
3.3743e-09
-3.67262e-10
3.48435e-09
-3.20955e-10
3.58647e-09
-2.95228e-10
3.67809e-09
-2.57969e-10
3.75911e-09
-2.15769e-10
3.82906e-09
-1.77406e-10
3.88559e-09
-1.15449e-10
3.92901e-09
-6.96059e-11
3.9557e-09
7.22486e-12
3.96564e-09
7.17713e-11
3.95631e-09
1.50173e-10
3.92482e-09
2.38941e-10
3.87288e-09
3.00812e-10
3.79355e-09
4.05896e-10
3.69288e-09
4.52978e-10
3.5678e-09
5.14679e-10
3.42208e-09
5.53078e-10
3.25963e-09
5.6821e-10
3.08249e-09
5.83649e-10
2.89925e-09
5.61815e-10
2.71115e-09
5.49808e-10
2.52664e-09
5.08772e-10
2.34718e-09
4.74892e-10
2.17718e-09
4.30879e-10
2.0196e-09
3.84322e-10
1.87321e-09
3.4674e-10
1.74151e-09
3.00611e-10
1.62289e-09
2.62355e-10
1.51682e-09
2.27182e-10
1.42372e-09
1.91635e-10
1.34197e-09
1.61626e-10
1.27031e-09
1.35823e-10
1.20814e-09
1.11755e-10
1.15435e-09
9.13605e-11
1.10748e-09
7.52254e-11
1.06654e-09
6.16905e-11
1.03026e-09
5.1407e-11
9.9758e-10
4.37887e-11
9.67887e-10
3.74676e-11
9.40106e-10
3.36875e-11
9.13609e-10
3.10383e-11
8.88977e-10
2.63508e-11
8.65444e-10
2.34659e-11
8.43317e-10
2.01153e-11
8.23552e-10
1.35256e-11
8.06038e-10
8.34456e-12
7.90957e-10
2.90119e-12
7.79614e-10
-5.87581e-12
7.70854e-10
-1.05027e-11
7.66614e-10
-2.05939e-11
7.65364e-10
-2.53464e-11
7.68996e-10
-3.5481e-11
7.7606e-10
-4.03863e-11
7.88979e-10
-5.23465e-11
8.06212e-10
-5.86387e-11
8.29829e-10
-7.09709e-11
8.59367e-10
-8.14746e-11
8.95431e-10
-9.33591e-11
9.39146e-10
-1.09543e-10
9.89575e-10
-1.22056e-10
1.04807e-09
-1.40784e-10
1.11354e-09
-1.55929e-10
1.18612e-09
-1.73643e-10
1.26533e-09
-1.90569e-10
1.35041e-09
-2.07146e-10
1.44073e-09
-2.22422e-10
1.53559e-09
-2.38001e-10
1.6335e-09
-2.48045e-10
1.73468e-09
-2.62783e-10
1.83702e-09
-2.68797e-10
1.94008e-09
-2.75142e-10
2.04319e-09
-2.80399e-10
2.14497e-09
-2.7978e-10
2.24498e-09
-2.78646e-10
2.3428e-09
-2.76535e-10
2.43738e-09
-2.69546e-10
2.52856e-09
-2.61576e-10
2.61623e-09
-2.54008e-10
2.69998e-09
-2.43435e-10
2.7799e-09
-2.32935e-10
2.85606e-09
-2.22183e-10
2.92866e-09
-2.11087e-10
2.99819e-09
-2.01976e-10
3.06503e-09
-1.94862e-10
3.12918e-09
-1.83598e-10
3.19124e-09
-1.77877e-10
3.25209e-09
-1.7686e-10
3.311e-09
-1.66053e-10
3.36991e-09
-1.66531e-10
3.42756e-09
-1.683e-10
3.482e-09
-1.50565e-10
3.53472e-09
-1.51523e-10
3.58395e-09
-1.3482e-10
3.62798e-09
-1.1808e-10
3.66585e-09
-9.33899e-11
3.69403e-09
-5.56999e-11
3.71183e-09
-1.00665e-11
3.71507e-09
4.35034e-11
3.70145e-09
1.19629e-10
3.66996e-09
1.78481e-10
3.61469e-09
2.82141e-10
3.53715e-09
3.49827e-10
3.43526e-09
4.29284e-10
3.30674e-09
5.05814e-10
3.15702e-09
5.48362e-10
2.98067e-09
6.12228e-10
2.78936e-09
6.19564e-10
2.57897e-09
6.46372e-10
2.362e-09
6.26121e-10
2.13607e-09
6.19669e-10
1.91293e-09
5.77486e-10
1.69681e-09
5.3396e-10
1.50802e-09
4.48072e-10
1.3475e-09
3.5766e-10
1.28702e-09
8.39137e-11
1.28373e-09
-6.8117e-11
1.32855e-09
-1.93226e-10
1.41292e-09
-2.98244e-10
1.53677e-09
-4.08476e-10
1.68569e-09
-4.87508e-10
1.85238e-09
-5.58623e-10
2.00746e-09
-5.23087e-10
2.14217e-09
-4.41702e-10
2.25787e-09
-3.62941e-10
2.35611e-09
-2.91852e-10
2.43909e-09
-2.31865e-10
2.50947e-09
-1.8454e-10
2.57015e-09
-1.50008e-10
2.62395e-09
-1.27206e-10
2.67343e-09
-1.14222e-10
2.72061e-09
-1.08658e-10
2.76688e-09
-1.07946e-10
2.81297e-09
-1.09594e-10
2.85894e-09
-1.11403e-10
2.90433e-09
-1.11617e-10
2.94825e-09
-1.09007e-10
2.9896e-09
-1.02927e-10
3.0272e-09
-9.33088e-11
3.05999e-09
-8.05744e-11
3.08716e-09
-6.54974e-11
3.10817e-09
-4.90608e-11
3.12287e-09
-3.23354e-11
3.13145e-09
-1.63673e-11
3.13446e-09
-2.07039e-12
3.13271e-09
9.85437e-12
3.12722e-09
1.89638e-11
3.1191e-09
2.50795e-11
3.10946e-09
2.82645e-11
3.09934e-09
2.87851e-11
3.08962e-09
2.70644e-11
3.08103e-09
2.36227e-11
3.07409e-09
1.90684e-11
3.06919e-09
1.38363e-11
8.674e-12
3.34056e-09
7.13492e-11
3.45042e-09
2.08564e-10
3.58251e-09
3.1651e-10
3.7103e-09
3.83903e-10
3.8211e-09
4.19461e-10
3.90766e-09
4.30482e-10
3.96858e-09
4.21779e-10
4.00599e-09
3.98059e-10
4.02183e-09
3.67381e-10
4.01923e-09
3.34259e-10
4.0042e-09
3.00088e-10
3.98073e-09
2.66998e-10
3.95179e-09
2.36549e-10
3.91954e-09
2.10423e-10
3.88595e-09
1.88701e-10
3.85243e-09
1.71025e-10
3.81956e-09
1.57527e-10
3.78736e-09
1.48276e-10
3.75569e-09
1.42776e-10
3.72425e-09
1.40522e-10
3.69261e-09
1.4112e-10
3.66028e-09
1.44307e-10
3.62673e-09
1.49882e-10
3.59142e-09
1.5775e-10
3.55376e-09
1.6793e-10
3.51317e-09
1.80541e-10
3.46899e-09
1.95787e-10
3.4205e-09
2.1396e-10
3.3669e-09
2.35435e-10
3.3073e-09
2.60684e-10
3.24074e-09
2.90309e-10
3.16619e-09
3.25051e-10
3.08265e-09
3.66165e-10
2.98699e-09
4.3258e-10
2.89431e-09
3.7272e-10
2.8285e-09
1.62081e-10
2.79776e-09
-2.84206e-11
2.80517e-09
-1.8199e-10
2.85042e-09
-3.22819e-10
2.92892e-09
-4.57218e-10
3.03566e-09
-6.06776e-10
3.15691e-09
-6.54797e-10
3.28735e-09
-6.42002e-10
3.41801e-09
-6.09521e-10
3.54319e-09
-5.58874e-10
3.66166e-09
-5.1502e-10
3.77385e-09
-4.79447e-10
3.87763e-09
-4.24728e-10
3.97374e-09
-3.91297e-10
4.06081e-09
-3.45056e-10
4.13914e-09
-2.94123e-10
4.20902e-09
-2.47344e-10
4.26952e-09
-1.76002e-10
4.31982e-09
-1.1995e-10
4.35987e-09
-3.28807e-11
4.38774e-09
4.38521e-11
4.40317e-09
1.34689e-10
4.40388e-09
2.38181e-10
4.38956e-09
3.15077e-10
4.3565e-09
4.38918e-10
4.30564e-09
5.03797e-10
4.23395e-09
5.86361e-10
4.14218e-09
6.44841e-10
4.03077e-09
6.79625e-10
3.90078e-09
7.13641e-10
3.75651e-09
7.06089e-10
3.59976e-09
7.0655e-10
3.43641e-09
6.72103e-10
3.26918e-09
6.42094e-10
3.10233e-09
5.97707e-10
2.93997e-09
5.46686e-10
2.78251e-09
5.04217e-10
2.63426e-09
4.48907e-10
2.49504e-09
4.01626e-10
2.36544e-09
3.56853e-10
2.24663e-09
3.10513e-10
2.13773e-09
2.70597e-10
2.0382e-09
2.3542e-10
1.94771e-09
2.023e-10
1.86567e-09
1.73457e-10
1.79088e-09
1.50066e-10
1.72267e-09
1.29948e-10
1.65997e-09
1.14148e-10
1.6018e-09
1.02001e-10
1.54752e-09
9.17771e-11
1.49603e-09
8.51952e-11
1.44659e-09
8.04964e-11
1.39965e-09
7.32887e-11
1.3544e-09
6.87176e-11
1.31122e-09
6.3298e-11
1.27111e-09
5.3629e-11
1.23432e-09
4.51288e-11
1.20122e-09
3.60005e-11
1.1737e-09
2.1637e-11
1.15075e-09
1.24489e-11
1.13462e-09
-4.4609e-12
1.12401e-09
-1.47424e-11
1.12107e-09
-3.25352e-11
1.12423e-09
-4.35492e-11
1.13608e-09
-6.41947e-11
1.15481e-09
-7.7368e-11
1.18253e-09
-9.86887e-11
1.21843e-09
-1.17369e-10
1.26297e-09
-1.379e-10
1.3169e-09
-1.63471e-10
1.37898e-09
-1.84131e-10
1.4501e-09
-2.11901e-10
1.52887e-09
-2.347e-10
1.61488e-09
-2.59663e-10
1.70743e-09
-2.83112e-10
1.80524e-09
-3.0496e-10
1.9075e-09
-3.24696e-10
2.01313e-09
-3.43632e-10
2.12064e-09
-3.55557e-10
2.22982e-09
-3.71973e-10
2.33879e-09
-3.77773e-10
2.44696e-09
-3.83326e-10
2.55369e-09
-3.87138e-10
2.65786e-09
-3.83952e-10
2.75905e-09
-3.79851e-10
2.857e-09
-3.74488e-10
2.95094e-09
-3.63498e-10
3.04091e-09
-3.51557e-10
3.12685e-09
-3.3995e-10
3.20864e-09
-3.25235e-10
3.28651e-09
-3.10809e-10
3.36061e-09
-2.96301e-10
3.4313e-09
-2.81781e-10
3.49901e-09
-2.6969e-10
3.56403e-09
-2.5989e-10
3.62673e-09
-2.46319e-10
3.68722e-09
-2.3837e-10
3.74634e-09
-2.35981e-10
3.80432e-09
-2.24046e-10
3.86122e-09
-2.23401e-10
3.91592e-09
-2.23014e-10
3.96896e-09
-2.03626e-10
4.01949e-09
-2.02074e-10
4.0673e-09
-1.82651e-10
4.11044e-09
-1.61249e-10
4.14896e-09
-1.31954e-10
4.1802e-09
-8.69981e-11
4.2043e-09
-3.42465e-11
4.21795e-09
2.97727e-11
4.22066e-09
1.16838e-10
4.21006e-09
1.89002e-10
4.18409e-09
3.08035e-10
4.14054e-09
3.93322e-10
4.07843e-09
4.91353e-10
3.9938e-09
5.90412e-10
3.88882e-09
6.53322e-10
3.7578e-09
7.43226e-10
3.60709e-09
7.70259e-10
3.43213e-09
8.21315e-10
3.24103e-09
8.17208e-10
3.03119e-09
8.29492e-10
2.81189e-09
7.96776e-10
2.58982e-09
7.56045e-10
2.3901e-09
6.47824e-10
2.21172e-09
5.36105e-10
2.12134e-09
1.74359e-10
2.08509e-09
-3.17952e-11
2.09687e-09
-2.04944e-10
2.14976e-09
-3.51069e-10
2.24349e-09
-5.0215e-10
2.3621e-09
-6.06051e-10
2.4971e-09
-6.93563e-10
2.62332e-09
-6.49263e-10
2.73465e-09
-5.53e-10
2.83294e-09
-4.6121e-10
2.91949e-09
-3.78396e-10
2.99573e-09
-3.08117e-10
3.06329e-09
-2.52108e-10
3.12391e-09
-2.1064e-10
3.17939e-09
-1.82699e-10
3.23142e-09
-1.66263e-10
3.28142e-09
-1.58665e-10
3.3304e-09
-1.56936e-10
3.3789e-09
-1.58101e-10
3.42696e-09
-1.59467e-10
3.47417e-09
-1.58831e-10
3.51975e-09
-1.5458e-10
3.56265e-09
-1.45834e-10
3.6018e-09
-1.3246e-10
3.63619e-09
-1.1496e-10
3.66498e-09
-9.42899e-11
3.68761e-09
-7.16879e-11
3.70381e-09
-4.85387e-11
3.71368e-09
-2.62439e-11
3.71768e-09
-6.06501e-12
3.71652e-09
1.10046e-11
3.71118e-09
2.43038e-11
3.70273e-09
3.35221e-11
3.69231e-09
3.86797e-11
3.68101e-09
4.0083e-11
3.6698e-09
3.82653e-11
3.65952e-09
3.39072e-11
3.65076e-09
2.78158e-11
3.64396e-09
2.06456e-11
1.24527e-11
3.3246e-09
4.68162e-11
3.39239e-09
1.40942e-10
3.48944e-09
2.19648e-10
3.59742e-09
2.76022e-10
3.70523e-09
3.11659e-10
3.80541e-09
3.30244e-10
3.89255e-09
3.34591e-10
3.96317e-09
3.27425e-10
4.01779e-09
3.12748e-10
4.05829e-09
2.9375e-10
4.0864e-09
2.71987e-10
4.10329e-09
2.50103e-10
4.11001e-09
2.29817e-10
4.10931e-09
2.11135e-10
4.10328e-09
1.94732e-10
4.09338e-09
1.80923e-10
4.08056e-09
1.70349e-10
4.06542e-09
1.63409e-10
4.04865e-09
1.59553e-10
4.03049e-09
1.58684e-10
4.01095e-09
1.60661e-10
3.98987e-09
1.65384e-10
3.96701e-09
1.72745e-10
3.94203e-09
1.8273e-10
3.91454e-09
1.95418e-10
3.8841e-09
2.1098e-10
3.85021e-09
2.29678e-10
3.81231e-09
2.51858e-10
3.76979e-09
2.77954e-10
3.72198e-09
3.08495e-10
3.66816e-09
3.44128e-10
3.60761e-09
3.85595e-10
3.53973e-09
4.34052e-10
3.46271e-09
5.09597e-10
3.38478e-09
4.5066e-10
3.32113e-09
2.25738e-10
3.28246e-09
1.0251e-11
3.27589e-09
-1.75418e-10
3.30258e-09
-3.49511e-10
3.35828e-09
-5.12922e-10
3.43788e-09
-6.86378e-10
3.53242e-09
-7.49333e-10
3.63898e-09
-7.48542e-10
3.74756e-09
-7.18065e-10
3.85237e-09
-6.63648e-10
3.9519e-09
-6.14515e-10
4.04593e-09
-5.7346e-10
4.13405e-09
-5.12781e-10
4.21503e-09
-4.72318e-10
4.2888e-09
-4.18804e-10
4.35613e-09
-3.61444e-10
4.41668e-09
-3.07901e-10
4.47147e-09
-2.30828e-10
4.51932e-09
-1.67846e-10
4.56166e-09
-7.52607e-11
4.59699e-09
8.48124e-12
4.62595e-09
1.05685e-10
4.64737e-09
2.1672e-10
4.6599e-09
3.02486e-10
4.66285e-09
4.35908e-10
4.65407e-09
5.12534e-10
4.63114e-09
6.09272e-10
4.59336e-09
6.82604e-10
4.53855e-09
7.3442e-10
4.46683e-09
7.85348e-10
4.37823e-09
7.94672e-10
4.27419e-09
8.10575e-10
4.15694e-09
7.89315e-10
4.02909e-09
7.69906e-10
3.89334e-09
7.33428e-10
3.75364e-09
6.86372e-10
3.61121e-09
6.46651e-10
3.47021e-09
5.89923e-10
3.33169e-09
5.40177e-10
3.19711e-09
4.91492e-10
3.06836e-09
4.39316e-10
2.9455e-09
3.93507e-10
2.82892e-09
3.52057e-10
2.71878e-09
3.12488e-10
2.61526e-09
2.77024e-10
2.51775e-09
2.47618e-10
2.42614e-09
2.21601e-10
2.33987e-09
2.00463e-10
2.25835e-09
1.83565e-10
2.18122e-09
1.6893e-10
2.10766e-09
1.58782e-10
2.03698e-09
1.51187e-10
1.96967e-09
1.40599e-10
1.90486e-09
1.33529e-10
1.84304e-09
1.25113e-10
1.78512e-09
1.11549e-10
1.73166e-09
9.85855e-11
1.68312e-09
8.45377e-11
1.64183e-09
6.29303e-11
1.60696e-09
4.73129e-11
1.58153e-09
2.09788e-11
1.56394e-09
2.84955e-12
1.55677e-09
-2.53706e-11
1.55829e-09
-4.50646e-11
1.57123e-09
-7.71304e-11
1.59323e-09
-9.93602e-11
1.62636e-09
-1.3182e-10
1.66919e-09
-1.60196e-10
1.72191e-09
-1.90615e-10
1.78471e-09
-2.26271e-10
1.85594e-09
-2.55358e-10
1.93597e-09
-2.91931e-10
2.0231e-09
-3.21832e-10
2.11641e-09
-3.52973e-10
2.21502e-09
-3.81728e-10
2.31727e-09
-4.0721e-10
2.42232e-09
-4.29754e-10
2.52881e-09
-4.50128e-10
2.63541e-09
-4.62163e-10
2.74172e-09
-4.78291e-10
2.84615e-09
-4.82207e-10
2.94815e-09
-4.85333e-10
3.04723e-09
-4.86221e-10
3.14258e-09
-4.79307e-10
3.23395e-09
-4.71235e-10
3.3213e-09
-4.61846e-10
3.40418e-09
-4.46386e-10
3.48284e-09
-4.30229e-10
3.55734e-09
-4.14454e-10
3.62783e-09
-3.95739e-10
3.69466e-09
-3.77651e-10
3.7581e-09
-3.59753e-10
3.81858e-09
-3.42274e-10
3.8765e-09
-3.27624e-10
3.93211e-09
-3.15514e-10
3.98603e-09
-3.00258e-10
4.03762e-09
-2.89959e-10
4.08905e-09
-2.87427e-10
4.13862e-09
-2.73655e-10
4.18691e-09
-2.71711e-10
4.23287e-09
-2.68975e-10
4.27862e-09
-2.49383e-10
4.32135e-09
-2.44818e-10
4.36219e-09
-2.23531e-10
4.39927e-09
-1.98348e-10
4.43335e-09
-1.66068e-10
4.46257e-09
-1.1626e-10
4.48776e-09
-5.94875e-11
4.50653e-09
1.09446e-11
4.51982e-09
1.03492e-10
4.52485e-09
1.83916e-10
4.52234e-09
3.10484e-10
4.50796e-09
4.07632e-10
4.48229e-09
5.16965e-10
4.44087e-09
6.31778e-10
4.38357e-09
7.10583e-10
4.30532e-09
8.21447e-10
4.2079e-09
8.67645e-10
4.08662e-09
9.42565e-10
3.94472e-09
9.59082e-10
3.77891e-09
9.95279e-10
3.59435e-09
9.81312e-10
3.39838e-09
9.52018e-10
3.21826e-09
8.27964e-10
3.0496e-09
7.04781e-10
2.94654e-09
2.7747e-10
2.88796e-09
2.68422e-11
2.87112e-09
-1.88074e-10
2.89202e-09
-3.71934e-10
2.95126e-09
-5.61339e-10
3.0331e-09
-6.87834e-10
3.12925e-09
-7.89649e-10
3.21985e-09
-7.39812e-10
3.3009e-09
-6.33994e-10
3.37435e-09
-5.34627e-10
3.44135e-09
-4.45381e-10
3.50286e-09
-3.69619e-10
3.55975e-09
-3.09002e-10
3.61289e-09
-2.6379e-10
3.66316e-09
-2.32978e-10
3.71139e-09
-2.14504e-10
3.7583e-09
-2.05582e-10
3.80439e-09
-2.03041e-10
3.84988e-09
-2.03597e-10
3.89467e-09
-2.04266e-10
3.93838e-09
-2.02548e-10
3.98028e-09
-1.96485e-10
4.01949e-09
-1.85042e-10
4.05508e-09
-1.68053e-10
4.08623e-09
-1.4611e-10
4.11226e-09
-1.20316e-10
4.13265e-09
-9.20833e-11
4.14715e-09
-6.30397e-11
4.15581e-09
-3.48984e-11
4.15898e-09
-9.24098e-12
4.15731e-09
1.26714e-11
4.15164e-09
2.99761e-11
4.14293e-09
4.22294e-11
4.13221e-09
4.93898e-11
4.12051e-09
5.17778e-11
4.10877e-09
5.001e-11
4.09776e-09
4.49041e-11
4.08813e-09
3.7442e-11
4.08025e-09
2.85329e-11
1.74204e-11
3.31608e-09
3.07835e-11
3.36346e-09
9.36505e-11
3.43449e-09
1.48726e-10
3.51991e-09
1.90672e-10
3.61181e-09
2.19771e-10
3.70435e-09
2.37656e-10
3.79294e-09
2.4596e-10
3.87401e-09
2.46346e-10
3.94572e-09
2.41031e-10
4.00739e-09
2.32077e-10
4.05861e-09
2.20762e-10
4.10016e-09
2.08555e-10
4.13329e-09
1.96686e-10
4.15887e-09
1.85554e-10
4.17798e-09
1.75625e-10
4.19092e-09
1.67979e-10
4.19865e-09
1.62619e-10
4.2028e-09
1.59262e-10
4.20386e-09
1.58493e-10
4.20211e-09
1.60429e-10
4.19784e-09
1.64934e-10
4.19114e-09
1.72087e-10
4.182e-09
1.81887e-10
4.1703e-09
1.94427e-10
4.15585e-09
2.0987e-10
4.13837e-09
2.28457e-10
4.11755e-09
2.50504e-10
4.09299e-09
2.76411e-10
4.06429e-09
3.06652e-10
4.031e-09
3.41789e-10
3.99263e-09
3.8249e-10
3.94875e-09
4.29474e-10
3.89904e-09
4.83765e-10
3.8428e-09
5.65841e-10
3.78292e-09
5.1054e-10
3.72708e-09
2.81581e-10
3.68695e-09
5.03832e-11
3.67201e-09
-1.60469e-10
3.68427e-09
-3.61769e-10
3.71994e-09
-5.48602e-10
3.77451e-09
-7.40946e-10
3.84324e-09
-8.18066e-10
3.92522e-09
-8.30513e-10
4.00985e-09
-8.02682e-10
4.09146e-09
-7.4523e-10
4.1685e-09
-6.91521e-10
4.2407e-09
-6.45632e-10
4.30791e-09
-5.79974e-10
4.36938e-09
-5.33803e-10
4.42514e-09
-4.7455e-10
4.47638e-09
-4.1264e-10
4.52254e-09
-3.54054e-10
4.56577e-09
-2.74079e-10
4.60484e-09
-2.0693e-10
4.64212e-09
-1.12569e-10
4.6765e-09
-2.59194e-11
4.7092e-09
7.29551e-11
4.74009e-09
1.8579e-10
4.76873e-09
2.73828e-10
4.79427e-09
4.10304e-10
4.81237e-09
4.94365e-10
4.82446e-09
5.97181e-10
4.82903e-09
6.78017e-10
4.8218e-09
7.41598e-10
4.80256e-09
8.04567e-10
4.76847e-09
8.28749e-10
4.72047e-09
8.58521e-10
4.65759e-09
8.5214e-10
4.58158e-09
8.45861e-10
4.49307e-09
8.21906e-10
4.39484e-09
7.84585e-10
4.28798e-09
7.535e-10
4.17554e-09
7.02363e-10
4.05908e-09
6.56623e-10
3.9402e-09
6.10388e-10
3.82117e-09
5.58372e-10
3.70269e-09
5.1204e-10
3.58587e-09
4.68907e-10
3.47131e-09
4.27068e-10
3.36e-09
3.88364e-10
3.25197e-09
3.5568e-10
3.14773e-09
3.25881e-10
3.04734e-09
3.00888e-10
2.95081e-09
2.8013e-10
2.8583e-09
2.61474e-10
2.76947e-09
2.47635e-10
2.68396e-09
2.36699e-10
2.60247e-09
2.22095e-10
2.52419e-09
2.1181e-10
2.44979e-09
1.99516e-10
2.37994e-09
1.81399e-10
2.31545e-09
1.63071e-10
2.25669e-09
1.433e-10
2.20631e-09
1.13314e-10
2.16359e-09
9.00398e-11
2.13189e-09
5.26863e-11
2.1098e-09
2.49401e-11
2.10022e-09
-1.57863e-11
2.10118e-09
-4.60237e-11
2.11562e-09
-9.15603e-11
2.14062e-09
-1.24356e-10
2.17819e-09
-1.69384e-10
2.22619e-09
-2.08195e-10
2.28452e-09
-2.48946e-10
2.35269e-09
-2.94438e-10
2.42871e-09
-3.3137e-10
2.51229e-09
-3.75512e-10
2.60155e-09
-4.11095e-10
2.69504e-09
-4.46463e-10
2.79187e-09
-4.7856e-10
2.89004e-09
-5.05376e-10
2.98885e-09
-5.28575e-10
3.0868e-09
-5.48082e-10
3.18288e-09
-5.58245e-10
3.2766e-09
-5.72016e-10
3.3668e-09
-5.72412e-10
3.45306e-09
-5.71603e-10
3.53515e-09
-5.68312e-10
3.61264e-09
-5.56801e-10
3.6855e-09
-5.44105e-10
3.75394e-09
-5.3029e-10
3.8178e-09
-5.10254e-10
3.87756e-09
-4.89999e-10
3.93339e-09
-4.70302e-10
3.98571e-09
-4.48062e-10
4.03494e-09
-4.26892e-10
4.08144e-09
-4.06266e-10
4.12571e-09
-3.86553e-10
4.1681e-09
-3.70028e-10
4.20878e-09
-3.56214e-10
4.24841e-09
-3.39904e-10
4.2868e-09
-3.2837e-10
4.32512e-09
-3.25781e-10
4.36135e-09
-3.09911e-10
4.39722e-09
-3.07625e-10
4.431e-09
-3.02771e-10
4.46494e-09
-2.83337e-10
4.49623e-09
-2.7613e-10
4.52663e-09
-2.53958e-10
4.55436e-09
-2.26101e-10
4.58067e-09
-1.924e-10
4.60432e-09
-1.39923e-10
4.62665e-09
-8.18461e-11
4.64611e-09
-8.50915e-12
4.66515e-09
8.43747e-11
4.67935e-09
1.6963e-10
4.69144e-09
2.9841e-10
4.69789e-09
4.01137e-10
4.70016e-09
5.1462e-10
4.69364e-09
6.38242e-10
4.67701e-09
7.27171e-10
4.64647e-09
8.51938e-10
4.6007e-09
9.13369e-10
4.53534e-09
1.00787e-09
4.44982e-09
1.04456e-09
4.34048e-09
1.10459e-09
4.20835e-09
1.11341e-09
4.05974e-09
1.1006e-09
3.92213e-09
9.65588e-10
3.78665e-09
8.40253e-10
3.69082e-09
3.7333e-10
3.62655e-09
9.11456e-11
3.59392e-09
-1.55396e-10
3.59182e-09
-3.69833e-10
3.62201e-09
-5.91496e-10
3.67025e-09
-7.36027e-10
3.72921e-09
-8.48558e-10
3.78537e-09
-7.95907e-10
3.83657e-09
-6.85144e-10
3.88459e-09
-5.82602e-10
3.93033e-09
-4.91095e-10
3.97438e-09
-4.13652e-10
4.01712e-09
-3.51732e-10
4.0588e-09
-3.05473e-10
4.09961e-09
-2.73804e-10
4.13972e-09
-2.54617e-10
4.17922e-09
-2.45097e-10
4.2182e-09
-2.42023e-10
4.25645e-09
-2.41859e-10
4.29378e-09
-2.41602e-10
4.32985e-09
-2.38627e-10
4.36393e-09
-2.30578e-10
4.39531e-09
-2.16427e-10
4.4233e-09
-1.96043e-10
4.44735e-09
-1.70163e-10
4.46704e-09
-1.40004e-10
4.482e-09
-1.07045e-10
4.49203e-09
-7.30672e-11
4.49719e-09
-4.00539e-11
4.49781e-09
-9.86356e-12
4.49445e-09
1.60315e-11
4.48781e-09
3.66176e-11
4.47869e-09
5.13447e-11
4.46796e-09
6.01178e-11
4.45647e-09
6.32654e-11
4.445e-09
6.14703e-11
4.43424e-09
5.56632e-11
4.42471e-09
4.69682e-11
4.4167e-09
3.65461e-11
2.28438e-11
3.31189e-09
1.89336e-11
3.34763e-09
5.79635e-11
3.40313e-09
9.32584e-11
3.47273e-09
1.21084e-10
3.55085e-09
1.41671e-10
3.63301e-09
1.55467e-10
3.71561e-09
1.63333e-10
3.79561e-09
1.66331e-10
3.8709e-09
1.65743e-10
3.94018e-09
1.62793e-10
4.00259e-09
1.5835e-10
4.0579e-09
1.53249e-10
4.10633e-09
1.48259e-10
4.14811e-09
1.43773e-10
4.1836e-09
1.40132e-10
4.21366e-09
1.3792e-10
4.23887e-09
1.37405e-10
4.25956e-09
1.38571e-10
4.27638e-09
1.41672e-10
4.28982e-09
1.46997e-10
4.30017e-09
1.54579e-10
4.30765e-09
1.64605e-10
4.31236e-09
1.77177e-10
4.31431e-09
1.92479e-10
4.31343e-09
2.1075e-10
4.3096e-09
2.32291e-10
4.30263e-09
2.5747e-10
4.29231e-09
2.86728e-10
4.27841e-09
3.20559e-10
4.26065e-09
3.59545e-10
4.23877e-09
4.04368e-10
4.21254e-09
4.5571e-10
4.18184e-09
5.14462e-10
4.14682e-09
6.0087e-10
4.10612e-09
5.51237e-10
4.06102e-09
3.26687e-10
4.02325e-09
8.81564e-11
4.00369e-09
-1.40913e-10
4.00484e-09
-3.62919e-10
4.02338e-09
-5.67139e-10
4.05555e-09
-7.73116e-10
4.10038e-09
-8.62899e-10
4.15869e-09
-8.88821e-10
4.21962e-09
-8.63607e-10
4.27772e-09
-8.03315e-10
4.33154e-09
-7.45321e-10
4.38091e-09
-6.94988e-10
4.42603e-09
-6.25075e-10
4.46651e-09
-5.7428e-10
4.5026e-09
-5.10632e-10
4.53576e-09
-4.45786e-10
4.56552e-09
-3.83797e-10
4.59461e-09
-3.03162e-10
4.6218e-09
-2.34134e-10
4.65014e-09
-1.40914e-10
4.67863e-09
-5.44264e-11
4.70895e-09
4.26292e-11
4.74143e-09
1.5328e-10
4.77431e-09
2.4091e-10
4.81052e-09
3.74061e-10
4.84668e-09
4.58192e-10
4.88069e-09
5.63154e-10
4.91177e-09
6.469e-10
4.9386e-09
7.14729e-10
4.95985e-09
7.83284e-10
4.97037e-09
8.18191e-10
4.97069e-09
8.58162e-10
4.95732e-09
8.65449e-10
4.93214e-09
8.70987e-10
4.89394e-09
8.60086e-10
4.84396e-09
8.3455e-10
4.78271e-09
8.14738e-10
4.71166e-09
7.73413e-10
4.63206e-09
7.36229e-10
4.54524e-09
6.972e-10
4.45317e-09
6.50371e-10
4.35663e-09
6.08622e-10
4.2572e-09
5.6836e-10
4.15541e-09
5.28865e-10
4.05297e-09
4.90814e-10
3.95031e-09
4.58355e-10
3.84838e-09
4.27843e-10
3.74781e-09
4.01499e-10
3.64915e-09
3.78826e-10
3.55307e-09
3.57575e-10
3.45986e-09
3.40864e-10
3.36962e-09
3.26949e-10
3.28335e-09
3.08374e-10
3.2005e-09
2.94663e-10
3.12201e-09
2.78007e-10
3.04829e-09
2.55122e-10
2.98038e-09
2.30983e-10
2.91838e-09
2.05303e-10
2.86506e-09
1.66647e-10
2.81964e-09
1.35468e-10
2.78568e-09
8.66528e-11
2.76184e-09
4.87829e-11
2.75127e-09
-5.20731e-12
2.75196e-09
-4.6701e-11
2.76691e-09
-1.06509e-10
2.79294e-09
-1.50376e-10
2.83192e-09
-2.08358e-10
2.88115e-09
-2.57423e-10
2.94033e-09
-3.08119e-10
3.00819e-09
-3.62302e-10
3.08265e-09
-4.05823e-10
3.16266e-09
-4.55523e-10
3.24638e-09
-4.94815e-10
3.33184e-09
-5.31929e-10
3.41831e-09
-5.65031e-10
3.50357e-09
-5.90635e-10
3.58724e-09
-6.12246e-10
3.66776e-09
-6.28608e-10
3.74463e-09
-6.35114e-10
3.8173e-09
-6.44692e-10
3.88519e-09
-6.40302e-10
3.94804e-09
-6.34458e-10
4.00593e-09
-6.26204e-10
4.05888e-09
-6.09757e-10
4.10707e-09
-5.92306e-10
4.15092e-09
-5.74144e-10
4.19053e-09
-5.49872e-10
4.22658e-09
-5.26053e-10
4.25934e-09
-5.03078e-10
4.28941e-09
-4.78144e-10
4.31729e-09
-4.54785e-10
4.34338e-09
-4.3236e-10
4.36817e-09
-4.11359e-10
4.39196e-09
-3.93836e-10
4.41485e-09
-3.79118e-10
4.43757e-09
-3.62639e-10
4.4602e-09
-3.51048e-10
4.48222e-09
-3.47835e-10
4.50357e-09
-3.31289e-10
4.52487e-09
-3.28952e-10
4.54457e-09
-3.22506e-10
4.56504e-09
-3.03842e-10
4.58345e-09
-2.94562e-10
4.60195e-09
-2.72481e-10
4.61893e-09
-2.43097e-10
4.63593e-09
-2.09403e-10
4.65217e-09
-1.5617e-10
4.66933e-09
-9.90057e-11
4.68613e-09
-2.5324e-11
4.70529e-09
6.51918e-11
4.72363e-09
1.51271e-10
4.7462e-09
2.75825e-10
4.76672e-09
3.8058e-10
4.78706e-09
4.94236e-10
4.80522e-09
6.20033e-10
4.82008e-09
7.12268e-10
4.8281e-09
8.43887e-10
4.82506e-09
9.16369e-10
4.80786e-09
1.02501e-09
4.77437e-09
1.078e-09
4.72103e-09
1.15789e-09
4.64563e-09
1.18877e-09
4.55323e-09
1.19296e-09
4.46874e-09
1.0501e-09
4.38079e-09
9.28195e-10
4.30839e-09
4.45732e-10
4.25398e-09
1.45586e-10
4.21983e-09
-1.21198e-10
4.20704e-09
-3.57004e-10
4.21802e-09
-6.02446e-10
4.24066e-09
-7.58632e-10
4.2689e-09
-8.76746e-10
4.29602e-09
-8.22983e-10
4.32174e-09
-7.10803e-10
4.3474e-09
-6.08221e-10
4.37364e-09
-5.17301e-10
4.40073e-09
-4.40715e-10
4.42869e-09
-3.79679e-10
4.45738e-09
-3.3416e-10
4.48654e-09
-3.02967e-10
4.51582e-09
-2.83903e-10
4.54491e-09
-2.74194e-10
4.57355e-09
-2.70682e-10
4.60139e-09
-2.69702e-10
4.62808e-09
-2.68299e-10
4.65328e-09
-2.63847e-10
4.67642e-09
-2.53724e-10
4.69696e-09
-2.36965e-10
4.71449e-09
-2.13571e-10
4.72884e-09
-1.84513e-10
4.73986e-09
-1.51032e-10
4.74735e-09
-1.14531e-10
4.75117e-09
-7.68792e-11
4.75143e-09
-4.0315e-11
4.74849e-09
-6.9241e-12
4.74282e-09
2.17028e-11
4.73496e-09
4.4477e-11
4.72551e-09
6.07854e-11
4.71513e-09
7.04995e-11
4.70443e-09
7.39611e-11
4.69399e-09
7.19107e-11
4.68428e-09
6.53684e-11
4.67568e-09
5.55615e-11
4.66835e-09
4.38812e-11
2.80525e-11
3.30986e-09
9.09178e-12
3.33931e-09
2.85506e-11
3.38584e-09
4.67206e-11
3.44579e-09
6.11736e-11
3.51503e-09
7.24476e-11
3.58973e-09
8.07405e-11
3.66674e-09
8.6291e-11
3.74347e-09
8.95976e-11
3.81793e-09
9.12824e-11
3.88877e-09
9.19468e-11
3.95506e-09
9.20642e-11
4.01625e-09
9.20625e-11
4.07218e-09
9.23323e-11
4.12283e-09
9.31227e-11
4.1683e-09
9.46553e-11
4.20896e-09
9.7258e-11
4.24521e-09
1.01159e-10
4.27734e-09
1.06443e-10
4.3057e-09
1.13304e-10
4.3307e-09
1.21999e-10
4.35259e-09
1.3269e-10
4.37162e-09
1.45573e-10
4.38795e-09
1.60852e-10
4.40165e-09
1.78779e-10
4.41275e-09
1.9965e-10
4.42123e-09
2.23814e-10
4.42702e-09
2.51677e-10
4.43004e-09
2.83709e-10
4.4302e-09
3.20391e-10
4.42742e-09
3.62332e-10
4.42154e-09
4.10241e-10
4.41251e-09
4.64741e-10
4.40037e-09
5.26607e-10
4.38586e-09
6.15386e-10
4.36414e-09
5.72959e-10
4.33095e-09
3.59875e-10
4.29758e-09
1.21529e-10
4.27571e-09
-1.19046e-10
4.2681e-09
-3.55304e-10
4.27189e-09
-5.7092e-10
4.28412e-09
-7.85346e-10
4.3071e-09
-8.85887e-10
4.34316e-09
-9.24884e-10
4.38146e-09
-9.01904e-10
4.41688e-09
-8.38724e-10
4.44813e-09
-7.76564e-10
4.47523e-09
-7.22073e-10
4.49877e-09
-6.48604e-10
4.51856e-09
-5.9406e-10
4.53517e-09
-5.27226e-10
4.55025e-09
-4.60863e-10
4.56346e-09
-3.96998e-10
4.57787e-09
-3.17561e-10
4.59232e-09
-2.48582e-10
4.61019e-09
-1.58791e-10
4.63063e-09
-7.48688e-11
4.65551e-09
1.77397e-11
4.68559e-09
1.23185e-10
4.71929e-09
2.07188e-10
4.76016e-09
3.33188e-10
4.80402e-09
4.14319e-10
4.85119e-09
5.15952e-10
4.8992e-09
5.98866e-10
4.94547e-09
6.68447e-10
4.99221e-09
7.36509e-10
5.03373e-09
7.76622e-10
5.07013e-09
8.21726e-10
5.09652e-09
8.39015e-10
5.11405e-09
8.53438e-10
5.12033e-09
8.53792e-10
5.11561e-09
8.3927e-10
5.09993e-09
8.30421e-10
5.07327e-09
8.00068e-10
5.03632e-09
7.73189e-10
4.98997e-09
7.43546e-10
4.93502e-09
7.05316e-10
4.87238e-09
6.71213e-10
4.80398e-09
6.36739e-10
4.72916e-09
6.0368e-10
4.65056e-09
5.694e-10
4.56852e-09
5.40435e-10
4.48411e-09
5.12277e-10
4.39829e-09
4.87358e-10
4.31196e-09
4.65194e-10
4.22613e-09
4.43428e-10
4.14159e-09
4.25424e-10
4.05884e-09
4.09701e-10
3.97917e-09
3.88052e-10
3.90238e-09
3.7145e-10
3.82977e-09
3.50625e-10
3.76147e-09
3.23426e-10
3.69881e-09
2.93651e-10
3.64158e-09
2.62543e-10
3.59241e-09
2.15829e-10
3.55045e-09
1.77447e-10
3.51906e-09
1.18053e-10
3.49696e-09
7.08898e-11
3.48735e-09
4.41132e-12
3.48815e-09
-4.74896e-11
3.50235e-09
-1.207e-10
3.52676e-09
-1.74783e-10
3.56309e-09
-2.44686e-10
3.60834e-09
-3.02661e-10
3.66213e-09
-3.61907e-10
3.72251e-09
-4.2268e-10
3.7876e-09
-4.7091e-10
3.85561e-09
-5.23535e-10
3.92504e-09
-5.64237e-10
3.99352e-09
-6.00408e-10
4.06065e-09
-6.3216e-10
4.12418e-09
-6.5417e-10
4.18419e-09
-6.72262e-10
4.23922e-09
-6.83637e-10
4.28935e-09
-6.85241e-10
4.33397e-09
-6.89315e-10
4.37316e-09
-6.79497e-10
4.40688e-09
-6.68177e-10
4.43557e-09
-6.54902e-10
4.4597e-09
-6.33891e-10
4.47953e-09
-6.12137e-10
4.49559e-09
-5.90209e-10
4.50826e-09
-5.62552e-10
4.5184e-09
-5.36194e-10
4.52635e-09
-5.11038e-10
4.5328e-09
-4.84608e-10
4.53825e-09
-4.60245e-10
4.54305e-09
-4.37177e-10
4.54768e-09
-4.16002e-10
4.55233e-09
-3.98501e-10
4.55703e-09
-3.83831e-10
4.56257e-09
-3.68207e-10
4.56841e-09
-3.56912e-10
4.57447e-09
-3.53924e-10
4.58073e-09
-3.37581e-10
4.5874e-09
-3.35666e-10
4.59307e-09
-3.2821e-10
4.60022e-09
-3.11024e-10
4.60599e-09
-3.00355e-10
4.61276e-09
-2.7928e-10
4.61912e-09
-2.49468e-10
4.62675e-09
-2.17027e-10
4.63523e-09
-1.64648e-10
4.64639e-09
-1.10157e-10
4.6593e-09
-3.82323e-11
4.67718e-09
4.73173e-11
4.6969e-09
1.31543e-10
4.72389e-09
2.48825e-10
4.75273e-09
3.51721e-10
4.78525e-09
4.61687e-10
4.81902e-09
5.86244e-10
4.85433e-09
6.76931e-10
4.88998e-09
8.08218e-10
4.92027e-09
8.86042e-10
4.94246e-09
1.00278e-09
4.95286e-09
1.06757e-09
4.94841e-09
1.16229e-09
4.92518e-09
1.21196e-09
4.88762e-09
1.23049e-09
4.85605e-09
1.08165e-09
4.82104e-09
9.63251e-10
4.78126e-09
4.85528e-10
4.74739e-09
1.79475e-10
4.72301e-09
-9.67916e-11
4.71047e-09
-3.44413e-10
4.71219e-09
-6.04129e-10
4.71821e-09
-7.64617e-10
4.72362e-09
-8.8211e-10
4.72841e-09
-8.2773e-10
4.73406e-09
-7.16401e-10
4.7415e-09
-6.1562e-10
4.7511e-09
-5.26863e-10
4.76287e-09
-4.52466e-10
4.77662e-09
-3.93409e-10
4.79194e-09
-3.49477e-10
4.80826e-09
-3.19286e-10
4.8249e-09
-3.00543e-10
4.84136e-09
-2.90663e-10
4.85726e-09
-2.86582e-10
4.87221e-09
-2.84661e-10
4.88575e-09
-2.81852e-10
4.89756e-09
-2.75657e-10
4.90743e-09
-2.63613e-10
4.91502e-09
-2.44551e-10
4.92029e-09
-2.1885e-10
4.92354e-09
-1.8776e-10
4.92478e-09
-1.52267e-10
4.92382e-09
-1.13577e-10
4.92068e-09
-7.3735e-11
4.91562e-09
-3.5256e-11
4.90901e-09
-3.18567e-13
4.9012e-09
2.95232e-11
4.89249e-09
5.31837e-11
4.88325e-09
7.00197e-11
4.87387e-09
7.98822e-11
4.8647e-09
8.31316e-11
4.85605e-09
8.05596e-11
4.84817e-09
7.32463e-11
4.84124e-09
6.2481e-11
4.83526e-09
4.98704e-11
3.24591e-11
3.30845e-09
6.47631e-13
3.33509e-09
1.92487e-12
3.37812e-09
3.71212e-12
3.43358e-09
5.75091e-12
3.49816e-09
7.85781e-12
3.56884e-09
1.00447e-11
3.64269e-09
1.24176e-11
3.71724e-09
1.50385e-11
3.79059e-09
1.79329e-11
3.86139e-09
2.11419e-11
3.92873e-09
2.47252e-11
3.99203e-09
2.87666e-11
4.05101e-09
3.33525e-11
4.10558e-09
3.85519e-11
4.15577e-09
4.44713e-11
4.20175e-09
5.128e-11
4.2438e-09
5.91029e-11
4.28222e-09
6.80312e-11
4.31726e-09
7.82576e-11
4.34924e-09
9.00173e-11
4.37843e-09
1.035e-10
4.40509e-09
1.18921e-10
4.42939e-09
1.36544e-10
4.4515e-09
1.5667e-10
4.47152e-09
1.79637e-10
4.4895e-09
2.05826e-10
4.50551e-09
2.35672e-10
4.51954e-09
2.6968e-10
4.53168e-09
3.08241e-10
4.54195e-09
3.52067e-10
4.55028e-09
4.01908e-10
4.55679e-09
4.58233e-10
4.56161e-09
5.21795e-10
4.56592e-09
6.11073e-10
4.56197e-09
5.76913e-10
4.54074e-09
3.81103e-10
4.51272e-09
1.49553e-10
4.48993e-09
-9.6258e-11
4.47524e-09
-3.40615e-10
4.46627e-09
-5.61943e-10
4.4608e-09
-7.79878e-10
4.46396e-09
-8.89046e-10
4.47932e-09
-9.40247e-10
4.49633e-09
-9.18912e-10
4.5103e-09
-8.52693e-10
4.52018e-09
-7.86435e-10
4.52616e-09
-7.28049e-10
4.52927e-09
-6.51703e-10
4.52943e-09
-5.94204e-10
4.52753e-09
-5.25317e-10
4.52539e-09
-4.58723e-10
4.52281e-09
-3.94402e-10
4.52303e-09
-3.17784e-10
4.525e-09
-2.50546e-10
4.53227e-09
-1.66059e-10
4.54406e-09
-8.66681e-11
4.56237e-09
-5.70395e-13
4.58817e-09
9.73756e-11
4.6199e-09
1.75443e-10
4.66147e-09
2.9161e-10
4.70863e-09
3.67158e-10
4.76248e-09
4.6208e-10
4.82163e-09
5.39696e-10
4.88207e-09
6.08001e-10
4.94445e-09
6.74098e-10
5.00444e-09
7.16606e-10
5.0642e-09
7.61932e-10
5.11874e-09
7.84455e-10
5.16782e-09
8.04354e-10
5.20872e-09
8.129e-10
5.24098e-09
8.07016e-10
5.26443e-09
8.06984e-10
5.27789e-09
7.86604e-10
5.28174e-09
7.69339e-10
5.2762e-09
7.49078e-10
5.26108e-09
7.20488e-10
5.2372e-09
6.95021e-10
5.20598e-09
6.67926e-10
5.16699e-09
6.42664e-10
5.1218e-09
6.14583e-10
5.07116e-09
5.91122e-10
5.01599e-09
5.67467e-10
4.95719e-09
5.46179e-10
4.89573e-09
5.2667e-10
4.83273e-09
5.06446e-10
4.76923e-09
4.88929e-10
4.70597e-09
4.72968e-10
4.64428e-09
4.49737e-10
4.58431e-09
4.31419e-10
4.52762e-09
4.07323e-10
4.47407e-09
3.76992e-10
4.42527e-09
3.42458e-10
4.38074e-09
3.07087e-10
4.3428e-09
2.53792e-10
4.31054e-09
2.09722e-10
4.28678e-09
1.4182e-10
4.27037e-09
8.73195e-11
4.26396e-09
1.0825e-11
4.26578e-09
-4.92949e-11
4.27828e-09
-1.33197e-10
4.29865e-09
-1.95142e-10
4.32826e-09
-2.74288e-10
4.3641e-09
-3.38499e-10
4.40595e-09
-4.0375e-10
4.4513e-09
-4.68028e-10
4.49888e-09
-5.18491e-10
4.54629e-09
-5.70935e-10
4.59267e-09
-6.10619e-10
4.63553e-09
-6.43272e-10
4.67502e-09
-6.71649e-10
4.70912e-09
-6.88266e-10
4.73843e-09
-7.01568e-10
4.76161e-09
-7.06821e-10
4.77934e-09
-7.02969e-10
4.79093e-09
-7.00903e-10
4.79724e-09
-6.85816e-10
4.79854e-09
-6.69468e-10
4.79564e-09
-6.52006e-10
4.78916e-09
-6.27417e-10
4.77927e-09
-6.02245e-10
4.76675e-09
-5.77687e-10
4.75235e-09
-5.48158e-10
4.737e-09
-5.20856e-10
4.72098e-09
-4.95022e-10
4.70491e-09
-4.68554e-10
4.68919e-09
-4.44536e-10
4.67409e-09
-4.22085e-10
4.65998e-09
-4.0191e-10
4.64696e-09
-3.85493e-10
4.63496e-09
-3.71842e-10
4.6247e-09
-3.57965e-10
4.61534e-09
-3.4758e-10
4.60694e-09
-3.45549e-10
4.59951e-09
-3.30181e-10
4.59302e-09
-3.29217e-10
4.58614e-09
-3.21366e-10
4.58139e-09
-3.06306e-10
4.57594e-09
-2.94932e-10
4.57229e-09
-2.75643e-10
4.56919e-09
-2.46375e-10
4.56836e-09
-2.16201e-10
4.56971e-09
-1.65982e-10
4.57508e-09
-1.1552e-10
4.58389e-09
-4.70279e-11
4.59953e-09
3.16845e-11
4.61906e-09
1.12025e-10
4.64822e-09
2.19658e-10
4.68227e-09
3.17665e-10
4.72417e-09
4.19776e-10
4.77094e-09
5.39464e-10
4.8204e-09
6.27463e-10
4.87294e-09
7.55674e-10
4.92558e-09
8.33378e-10
4.97728e-09
9.51059e-10
5.02155e-09
1.02326e-09
5.05634e-09
1.12746e-09
5.07684e-09
1.19144e-09
5.08701e-09
1.22031e-09
5.1037e-09
1.06495e-09
5.11822e-09
9.48814e-10
5.11314e-09
4.90644e-10
5.10474e-09
1.8787e-10
5.09668e-09
-8.87215e-11
5.09174e-09
-3.39446e-10
5.09166e-09
-6.04022e-10
5.08834e-09
-7.61277e-10
5.07776e-09
-8.71495e-10
5.06595e-09
-8.15882e-10
5.05606e-09
-7.06469e-10
5.04867e-09
-6.08191e-10
5.04395e-09
-5.22108e-10
5.04177e-09
-4.50258e-10
5.04181e-09
-3.93434e-10
5.04355e-09
-3.5121e-10
5.04607e-09
-3.21797e-10
5.04853e-09
-3.03011e-10
5.0507e-09
-2.92831e-10
5.0521e-09
-2.87987e-10
5.05214e-09
-2.84708e-10
5.05024e-09
-2.79953e-10
5.04606e-09
-2.71478e-10
5.04032e-09
-2.57879e-10
5.03416e-09
-2.38387e-10
5.0277e-09
-2.12404e-10
5.02008e-09
-1.80144e-10
5.01109e-09
-1.43269e-10
5.0013e-09
-1.03797e-10
4.99129e-09
-6.37375e-11
4.98147e-09
-2.54333e-11
4.97201e-09
9.15283e-12
4.96291e-09
3.86215e-11
4.95424e-09
6.18535e-11
4.94609e-09
7.81714e-11
4.93857e-09
8.73987e-11
4.93177e-09
8.99336e-11
4.92571e-09
8.66187e-11
4.92041e-09
7.85413e-11
4.91587e-09
6.70175e-11
4.91185e-09
5.38944e-11
3.5426e-11
3.3083e-09
-7.64249e-12
3.33463e-09
-2.43944e-11
3.37728e-09
-3.89193e-11
3.43228e-09
-4.92187e-11
3.4964e-09
-5.62646e-11
3.56667e-09
-6.02484e-11
3.64022e-09
-6.11532e-11
3.71458e-09
-5.9337e-11
3.78788e-09
-5.53633e-11
3.85877e-09
-4.975e-11
3.92636e-09
-4.286e-11
3.99006e-09
-3.49352e-11
4.04961e-09
-2.6191e-11
4.10494e-09
-1.67782e-11
4.15611e-09
-6.69992e-12
4.20329e-09
4.10666e-12
4.24676e-09
1.56284e-11
4.28689e-09
2.79009e-11
4.32399e-09
4.11588e-11
4.35837e-09
5.56371e-11
4.39037e-09
7.15033e-11
4.4203e-09
8.89895e-11
4.44843e-09
1.08411e-10
4.47499e-09
1.30111e-10
4.50017e-09
1.54461e-10
4.52413e-09
1.81863e-10
4.54704e-09
2.12761e-10
4.56911e-09
2.47614e-10
4.59024e-09
2.87109e-10
4.61058e-09
3.31724e-10
4.63053e-09
3.81959e-10
4.65015e-09
4.38617e-10
4.66956e-09
5.02379e-10
4.69033e-09
5.90308e-10
4.70225e-09
5.64994e-10
4.6923e-09
3.91047e-10
4.66993e-09
1.71924e-10
4.6471e-09
-7.34246e-11
4.62667e-09
-3.20184e-10
4.60669e-09
-5.41964e-10
4.58562e-09
-7.58798e-10
4.57086e-09
-8.74293e-10
4.56702e-09
-9.36403e-10
4.56405e-09
-9.15942e-10
4.55782e-09
-8.46468e-10
4.54754e-09
-7.76143e-10
4.53359e-09
-7.14094e-10
4.51741e-09
-6.3552e-10
4.49904e-09
-5.75824e-10
4.47971e-09
-5.0598e-10
4.46138e-09
-4.40379e-10
4.44396e-09
-3.76981e-10
4.43087e-09
-3.04683e-10
4.42108e-09
-2.40759e-10
4.41824e-09
-1.63221e-10
4.42163e-09
-9.00589e-11
4.43322e-09
-1.21701e-11
4.45412e-09
7.6468e-11
4.48271e-09
1.46851e-10
4.52309e-09
2.51227e-10
4.57091e-09
3.19329e-10
4.62741e-09
4.05566e-10
4.6914e-09
4.757e-10
4.75976e-09
5.39629e-10
4.83312e-09
6.00717e-10
4.90682e-09
6.42885e-10
4.98225e-09
6.86477e-10
5.05499e-09
7.11714e-10
5.12577e-09
7.33587e-10
5.19169e-09
7.46988e-10
5.25192e-09
7.46796e-10
5.30589e-09
7.53042e-10
5.35192e-09
7.40585e-10
5.39017e-09
7.31096e-10
5.42042e-09
7.18818e-10
5.4422e-09
6.98684e-10
5.45576e-09
6.81463e-10
5.46151e-09
6.62184e-10
5.46044e-09
6.43737e-10
5.45221e-09
6.22838e-10
5.43767e-09
6.05665e-10
5.41774e-09
5.87413e-10
5.39299e-09
5.70925e-10
5.36428e-09
5.55388e-10
5.3326e-09
5.38126e-10
5.29905e-09
5.22474e-10
5.26433e-09
5.07681e-10
5.22959e-09
4.84473e-10
5.19514e-09
4.65862e-10
5.16263e-09
4.39846e-10
5.13153e-09
4.08099e-10
5.10369e-09
3.70319e-10
5.07834e-09
3.32445e-10
5.05732e-09
2.74832e-10
5.03979e-09
2.27264e-10
5.02772e-09
1.53911e-10
5.02013e-09
9.49233e-11
5.01886e-09
1.21014e-11
5.02244e-09
-5.28622e-11
5.03245e-09
-1.43204e-10
5.04669e-09
-2.09371e-10
5.06601e-09
-2.936e-10
5.08771e-09
-3.60202e-10
5.11184e-09
-4.27869e-10
5.13559e-09
-4.9178e-10
5.15867e-09
-5.41561e-10
5.17827e-09
-5.90531e-10
5.19457e-09
-6.26919e-10
5.20526e-09
-6.53961e-10
5.21118e-09
-6.77568e-10
5.2107e-09
-6.87787e-10
5.20484e-09
-6.95712e-10
5.19239e-09
-6.94366e-10
5.17461e-09
-6.85191e-10
5.15106e-09
-6.77348e-10
5.12359e-09
-6.58344e-10
5.09248e-09
-6.38358e-10
5.05831e-09
-6.17838e-10
5.02169e-09
-5.90797e-10
4.98323e-09
-5.63783e-10
4.94434e-09
-5.38793e-10
4.90583e-09
-5.09645e-10
4.8682e-09
-4.83233e-10
4.8314e-09
-4.58232e-10
4.79596e-09
-4.33121e-10
4.76215e-09
-4.10742e-10
4.73019e-09
-3.90131e-10
4.70035e-09
-3.7209e-10
4.67262e-09
-3.57767e-10
4.64679e-09
-3.46032e-10
4.6235e-09
-3.34685e-10
4.60176e-09
-3.25859e-10
4.58153e-09
-3.25347e-10
4.56293e-09
-3.11608e-10
4.5457e-09
-3.12022e-10
4.52861e-09
-3.043e-10
4.51411e-09
-2.9184e-10
4.4995e-09
-2.80339e-10
4.48725e-09
-2.63409e-10
4.47632e-09
-2.35456e-10
4.46841e-09
-2.08287e-10
4.46368e-09
-1.61233e-10
4.46395e-09
-1.15779e-10
4.46894e-09
-5.19993e-11
4.48207e-09
1.85649e-11
4.50066e-09
9.34413e-11
4.53058e-09
1.89743e-10
4.56729e-09
2.80952e-10
4.61384e-09
3.73227e-10
4.66852e-09
4.84782e-10
4.72918e-09
5.66796e-10
4.79681e-09
6.88039e-10
4.86637e-09
7.63809e-10
4.93814e-09
8.7928e-10
5.00732e-09
9.54041e-10
5.07274e-09
1.06201e-09
5.12875e-09
1.13542e-09
5.17824e-09
1.17084e-09
5.23574e-09
1.00749e-09
5.2917e-09
8.92894e-10
5.31911e-09
4.63269e-10
5.33642e-09
1.70574e-10
5.34678e-09
-9.90665e-11
5.3527e-09
-3.45351e-10
5.35471e-09
-6.06021e-10
5.34627e-09
-7.52829e-10
5.32401e-09
-8.49209e-10
5.29908e-09
-7.90926e-10
5.27618e-09
-6.83536e-10
5.25564e-09
-5.87621e-10
5.23754e-09
-5.03975e-10
5.22162e-09
-4.34319e-10
5.2072e-09
-3.79001e-10
5.19359e-09
-3.37583e-10
5.18093e-09
-3.09139e-10
5.16921e-09
-2.91296e-10
5.15682e-09
-2.80432e-10
5.14244e-09
-2.73618e-10
5.12623e-09
-2.68491e-10
5.10829e-09
-2.62018e-10
5.08904e-09
-2.52229e-10
5.06895e-09
-2.37784e-10
5.04824e-09
-2.1768e-10
5.02753e-09
-1.917e-10
5.00754e-09
-1.6015e-10
4.98863e-09
-1.24365e-10
4.97141e-09
-8.65835e-11
4.95657e-09
-4.88996e-11
4.94392e-09
-1.27841e-11
4.933e-09
2.00751e-11
4.92372e-09
4.79015e-11
4.91605e-09
6.9533e-11
4.90984e-09
8.4382e-11
4.90501e-09
9.22328e-11
4.90133e-09
9.36038e-11
4.89852e-09
8.94141e-11
4.89642e-09
8.0634e-11
4.8949e-09
6.85447e-11
4.89431e-09
5.44977e-11
3.57368e-11
3.3095e-09
-1.71134e-11
3.33795e-09
-5.28387e-11
3.38316e-09
-8.41124e-11
3.44161e-09
-1.07641e-10
3.50942e-09
-1.24084e-10
3.58295e-09
-1.33795e-10
3.65909e-09
-1.37326e-10
3.73533e-09
-1.35581e-10
3.80972e-09
-1.29754e-10
3.88095e-09
-1.20977e-10
3.94813e-09
-1.10046e-10
4.01073e-09
-9.75313e-11
4.06856e-09
-8.40212e-11
4.12174e-09
-6.99483e-11
4.17042e-09
-5.53862e-11
4.21488e-09
-4.03482e-11
4.25558e-09
-2.50767e-11
4.29308e-09
-9.59872e-12
4.32778e-09
6.46161e-12
4.36011e-09
2.331e-11
4.39054e-09
4.10753e-11
4.4195e-09
6.00236e-11
4.44737e-09
8.05451e-11
4.47445e-09
1.03029e-10
4.50103e-09
1.27878e-10
4.52738e-09
1.5552e-10
4.55372e-09
1.86415e-10
4.58028e-09
2.21051e-10
4.60739e-09
2.59999e-10
4.63527e-09
3.03847e-10
4.66406e-09
3.5317e-10
4.69404e-09
4.08638e-10
4.72544e-09
4.70982e-10
4.76007e-09
5.55671e-10
4.78575e-09
5.39322e-10
4.78614e-09
3.90651e-10
4.76947e-09
1.8859e-10
4.74726e-09
-5.12127e-11
4.72224e-09
-2.95167e-10
4.69287e-09
-5.12593e-10
4.65811e-09
-7.24027e-10
4.62718e-09
-8.43361e-10
4.60537e-09
-9.14596e-10
4.58341e-09
-8.93989e-10
4.55785e-09
-8.20905e-10
4.52817e-09
-7.46454e-10
4.49497e-09
-6.80896e-10
4.46018e-09
-6.0072e-10
4.42396e-09
-5.39597e-10
4.38795e-09
-4.69958e-10
4.35422e-09
-4.06636e-10
4.32288e-09
-3.4564e-10
4.29739e-09
-2.79192e-10
4.27681e-09
-2.20173e-10
4.26472e-09
-1.51132e-10
4.26041e-09
-8.57535e-11
4.26575e-09
-1.75263e-11
4.28189e-09
6.03215e-11
4.30708e-09
1.21659e-10
4.34551e-09
2.12787e-10
4.39275e-09
2.72085e-10
4.45016e-09
3.48145e-10
4.51652e-09
4.09327e-10
4.58914e-09
4.67004e-10
4.6688e-09
5.21037e-10
4.75081e-09
5.60869e-10
4.83678e-09
6.00498e-10
4.92227e-09
6.26224e-10
5.00814e-09
6.47729e-10
5.09146e-09
6.63682e-10
5.17139e-09
6.66887e-10
5.24777e-09
6.76692e-10
5.3185e-09
6.69869e-10
5.38363e-09
6.65985e-10
5.44275e-09
6.59698e-10
5.49517e-09
6.46275e-10
5.54087e-09
6.35784e-10
5.57996e-09
6.23094e-10
5.61296e-09
6.10743e-10
5.63977e-09
5.96039e-10
5.66069e-09
5.84743e-10
5.67634e-09
5.71772e-10
5.68703e-09
5.60233e-10
5.69334e-09
5.49066e-10
5.69612e-09
5.35333e-10
5.69635e-09
5.22229e-10
5.69452e-09
5.09497e-10
5.69134e-09
4.87646e-10
5.68719e-09
4.70014e-10
5.68349e-09
4.43549e-10
5.67929e-09
4.1231e-10
5.67643e-09
3.73187e-10
5.67393e-09
3.34968e-10
5.67287e-09
2.75901e-10
5.67263e-09
2.27521e-10
5.67408e-09
1.52478e-10
5.67657e-09
9.24452e-11
5.68093e-09
7.75476e-12
5.68601e-09
-5.79343e-11
5.69231e-09
-1.49496e-10
5.69843e-09
-2.15488e-10
5.70454e-09
-2.99702e-10
5.70853e-09
-3.64181e-10
5.71073e-09
-4.30065e-10
5.70835e-09
-4.89398e-10
5.70225e-09
-5.35459e-10
5.68971e-09
-5.77991e-10
5.67234e-09
-6.09546e-10
5.64823e-09
-6.29855e-10
5.61857e-09
-6.47907e-10
5.58174e-09
-6.50957e-10
5.53895e-09
-6.5292e-10
5.48966e-09
-6.45072e-10
5.43629e-09
-6.31825e-10
5.37885e-09
-6.19897e-10
5.3195e-09
-5.98991e-10
5.25833e-09
-5.77186e-10
5.1961e-09
-5.55603e-10
5.13426e-09
-5.28952e-10
5.07393e-09
-5.03463e-10
5.01556e-09
-4.80418e-10
4.95883e-09
-4.52909e-10
4.9038e-09
-4.282e-10
4.85064e-09
-4.05076e-10
4.80011e-09
-3.82599e-10
4.75248e-09
-3.6312e-10
4.70785e-09
-3.4552e-10
4.6664e-09
-3.30645e-10
4.62791e-09
-3.19287e-10
4.59206e-09
-3.10199e-10
4.55933e-09
-3.01966e-10
4.52865e-09
-2.9519e-10
4.49981e-09
-2.96532e-10
4.47303e-09
-2.84845e-10
4.44782e-09
-2.86835e-10
4.42307e-09
-2.79573e-10
4.40113e-09
-2.69923e-10
4.37945e-09
-2.58678e-10
4.36043e-09
-2.44404e-10
4.34327e-09
-2.18295e-10
4.32956e-09
-1.9458e-10
4.31975e-09
-1.51414e-10
4.3156e-09
-1.11614e-10
4.31713e-09
-5.35123e-11
4.3277e-09
8.01225e-12
4.34496e-09
7.61868e-11
4.37472e-09
1.59984e-10
4.41286e-09
2.4282e-10
4.46227e-09
3.23812e-10
4.52195e-09
4.25101e-10
4.58992e-09
4.98825e-10
4.66752e-09
6.10444e-10
4.75007e-09
6.81265e-10
4.83852e-09
7.90829e-10
4.92775e-09
8.64802e-10
5.01685e-09
9.7291e-10
5.09984e-09
1.05244e-09
5.18085e-09
1.08986e-09
5.27217e-09
9.16206e-10
5.36197e-09
8.03139e-10
5.41691e-09
4.0837e-10
5.45691e-09
1.30595e-10
5.48408e-09
-1.26228e-10
5.50025e-09
-3.61511e-10
5.50441e-09
-6.10181e-10
5.49144e-09
-7.39858e-10
5.4587e-09
-8.1645e-10
5.42147e-09
-7.53685e-10
5.3857e-09
-6.4775e-10
5.35162e-09
-5.53517e-10
5.31938e-09
-4.71706e-10
5.28881e-09
-4.0374e-10
5.25957e-09
-3.49743e-10
5.2313e-09
-3.09312e-10
5.20322e-09
-2.8105e-10
5.17442e-09
-2.62495e-10
5.14469e-09
-2.50701e-10
5.11382e-09
-2.42739e-10
5.08143e-09
-2.36105e-10
5.0482e-09
-2.28778e-10
5.0145e-09
-2.1853e-10
4.9805e-09
-2.03773e-10
4.94714e-09
-1.8432e-10
4.91536e-09
-1.59925e-10
4.8861e-09
-1.30888e-10
4.86009e-09
-9.83561e-11
4.83764e-09
-6.41406e-11
4.81884e-09
-3.01043e-11
4.80382e-09
2.23246e-12
4.79252e-09
3.13747e-11
4.78455e-09
5.58732e-11
4.77942e-09
7.46689e-11
4.77655e-09
8.72569e-11
4.77563e-09
9.31736e-11
4.77607e-09
9.31179e-11
4.77717e-09
8.83099e-11
4.77857e-09
7.92276e-11
4.77992e-09
6.72131e-11
4.78081e-09
5.36166e-11
3.54497e-11
3.31128e-09
-2.83508e-11
3.34516e-09
-8.66755e-11
3.39806e-09
-1.36999e-10
3.46495e-09
-1.74533e-10
3.54067e-09
-1.99785e-10
3.62091e-09
-2.14072e-10
3.70221e-09
-2.18654e-10
3.78167e-09
-2.15055e-10
3.85725e-09
-2.05329e-10
3.92769e-09
-1.91417e-10
3.99225e-09
-1.74605e-10
4.05057e-09
-1.55842e-10
4.10284e-09
-1.36293e-10
4.14957e-09
-1.16679e-10
4.19117e-09
-9.69841e-11
4.22812e-09
-7.73032e-11
4.26134e-09
-5.82915e-11
4.29159e-09
-3.98482e-11
4.31932e-09
-2.12664e-11
4.34526e-09
-2.63496e-12
4.37007e-09
1.62641e-11
4.39429e-09
3.58127e-11
4.41832e-09
5.65111e-11
4.44257e-09
7.87825e-11
4.46738e-09
1.03061e-10
4.49311e-09
1.29796e-10
4.52007e-09
1.59453e-10
4.54859e-09
1.92525e-10
4.57902e-09
2.2957e-10
4.6117e-09
2.71167e-10
4.64694e-09
3.17931e-10
4.68502e-09
3.7056e-10
4.72621e-09
4.29799e-10
4.77254e-09
5.09335e-10
4.81021e-09
5.01657e-10
4.82028e-09
3.80579e-10
4.80957e-09
1.99297e-10
4.78876e-09
-3.03978e-11
4.76032e-09
-2.66733e-10
4.72307e-09
-4.75346e-10
4.67629e-09
-6.77248e-10
4.6305e-09
-7.9757e-10
4.5913e-09
-8.75405e-10
4.55047e-09
-8.53155e-10
4.5054e-09
-7.75835e-10
4.456e-09
-6.97046e-10
4.40319e-09
-6.2809e-10
4.34955e-09
-5.4707e-10
4.29549e-09
-4.85529e-10
4.24314e-09
-4.17601e-10
4.19468e-09
-3.58166e-10
4.15042e-09
-3.01376e-10
4.11373e-09
-2.42501e-10
4.08367e-09
-1.90106e-10
4.06361e-09
-1.31081e-10
4.05279e-09
-7.49411e-11
4.05286e-09
-1.76033e-11
4.06491e-09
4.82605e-11
4.08702e-09
9.95371e-11
4.12342e-09
1.76374e-10
4.16957e-09
2.25934e-10
4.22696e-09
2.90738e-10
4.29428e-09
3.41993e-10
4.36913e-09
3.9215e-10
4.4523e-09
4.37849e-10
4.5394e-09
4.73767e-10
4.63197e-09
5.07921e-10
4.72578e-09
5.32424e-10
4.82159e-09
5.51931e-10
4.91687e-09
5.68425e-10
5.01061e-09
5.73168e-10
5.10284e-09
5.84487e-10
5.19141e-09
5.81327e-10
5.27638e-09
5.81033e-10
5.35731e-09
5.78783e-10
5.43323e-09
5.70381e-10
5.50431e-09
5.64713e-10
5.57085e-09
5.56552e-10
5.63202e-09
5.49564e-10
5.68831e-09
5.39753e-10
5.73998e-09
5.33094e-10
5.78737e-09
5.24369e-10
5.83042e-09
5.17142e-10
5.86936e-09
5.1015e-10
5.90486e-09
4.99827e-10
5.9376e-09
4.89455e-10
5.96797e-09
4.79101e-10
5.99619e-09
4.5942e-10
6.02229e-09
4.4391e-10
6.04745e-09
4.18392e-10
6.07028e-09
3.89493e-10
6.09242e-09
3.51064e-10
6.11262e-09
3.14769e-10
6.13111e-09
2.57416e-10
6.14754e-09
2.11099e-10
6.16163e-09
1.38411e-10
6.17315e-09
8.09336e-11
6.18162e-09
-7.02953e-13
6.18681e-09
-6.31116e-11
6.18769e-09
-1.50367e-10
6.18376e-09
-2.11556e-10
6.17434e-09
-2.9027e-10
6.15815e-09
-3.47987e-10
6.13605e-09
-4.07958e-10
6.10552e-09
-4.58864e-10
6.06846e-09
-4.98404e-10
6.02241e-09
-5.31933e-10
5.96979e-09
-5.56928e-10
5.90926e-09
-5.69321e-10
5.84298e-09
-5.81627e-10
5.77105e-09
-5.79033e-10
5.69558e-09
-5.77449e-10
5.61641e-09
-5.65905e-10
5.53622e-09
-5.51629e-10
5.45437e-09
-5.38043e-10
5.37295e-09
-5.17568e-10
5.29199e-09
-4.96221e-10
5.21186e-09
-4.75464e-10
5.13345e-09
-4.50536e-10
5.05647e-09
-4.26482e-10
4.98115e-09
-4.051e-10
4.90875e-09
-3.80504e-10
4.84027e-09
-3.59715e-10
4.77577e-09
-3.40578e-10
4.71546e-09
-3.22293e-10
4.65923e-09
-3.06899e-10
4.60697e-09
-2.93277e-10
4.55864e-09
-2.82322e-10
4.51383e-09
-2.74484e-10
4.47206e-09
-2.68444e-10
4.43364e-09
-2.63553e-10
4.39744e-09
-2.59001e-10
4.36308e-09
-2.62184e-10
4.33086e-09
-2.52638e-10
4.30007e-09
-2.56072e-10
4.26981e-09
-2.49333e-10
4.24225e-09
-2.42375e-10
4.21509e-09
-2.31536e-10
4.19061e-09
-2.19929e-10
4.16829e-09
-1.95974e-10
4.14962e-09
-1.75906e-10
4.13536e-09
-1.37147e-10
4.12715e-09
-1.03392e-10
4.12538e-09
-5.17309e-11
4.13325e-09
1.55519e-13
4.14883e-09
6.06055e-11
4.17774e-09
1.31082e-10
4.21633e-09
2.04226e-10
4.26732e-09
2.72824e-10
4.33026e-09
3.62164e-10
4.40319e-09
4.25903e-10
4.4881e-09
5.25536e-10
4.58031e-09
5.89066e-10
4.68139e-09
6.89749e-10
4.78633e-09
7.59876e-10
4.89518e-09
8.64068e-10
5.00259e-09
9.45049e-10
5.10966e-09
9.82816e-10
5.22511e-09
8.00802e-10
5.34077e-09
6.8751e-10
5.41825e-09
3.30914e-10
5.47618e-09
7.26697e-11
5.51587e-09
-1.6591e-10
5.53848e-09
-3.84127e-10
5.54158e-09
-6.1329e-10
5.5216e-09
-7.1988e-10
5.47635e-09
-7.71208e-10
5.42439e-09
-7.0172e-10
5.37306e-09
-5.96403e-10
5.3228e-09
-5.03256e-10
5.27403e-09
-4.22926e-10
5.22685e-09
-3.56554e-10
5.18146e-09
-3.04343e-10
5.13718e-09
-2.65018e-10
5.09288e-09
-2.36743e-10
5.04815e-09
-2.17758e-10
5.00283e-09
-2.05374e-10
4.95692e-09
-1.96822e-10
4.91056e-09
-1.89739e-10
4.864e-09
-1.8221e-10
4.81795e-09
-1.72483e-10
4.77343e-09
-1.59248e-10
4.73119e-09
-1.42075e-10
4.69213e-09
-1.20864e-10
4.65718e-09
-9.59365e-11
4.62707e-09
-6.82404e-11
4.60212e-09
-3.91992e-11
4.58237e-09
-1.03595e-11
4.56775e-09
1.68558e-11
4.558e-09
4.11242e-11
4.55262e-09
6.12553e-11
4.55088e-09
7.63985e-11
4.55197e-09
8.61743e-11
4.55532e-09
8.9835e-11
4.55991e-09
8.85531e-11
4.56495e-09
8.32593e-11
4.56988e-09
7.42926e-11
4.57421e-09
6.28817e-11
4.57761e-09
5.02184e-11
3.35555e-11
3.31493e-09
-4.32548e-11
3.35914e-09
-1.30797e-10
3.42604e-09
-2.03807e-10
3.50737e-09
-2.55809e-10
3.59587e-09
-2.88282e-10
3.68605e-09
-3.04305e-10
3.7735e-09
-3.06146e-10
3.85481e-09
-2.9638e-10
3.92813e-09
-2.7865e-10
3.99279e-09
-2.56076e-10
4.04861e-09
-2.30419e-10
4.09578e-09
-2.03016e-10
4.13551e-09
-1.76027e-10
4.16908e-09
-1.50248e-10
4.19723e-09
-1.25133e-10
4.22121e-09
-1.0128e-10
4.24161e-09
-7.86977e-11
4.25918e-09
-5.74173e-11
4.27558e-09
-3.76554e-11
4.29167e-09
-1.8728e-11
4.30789e-09
4.91985e-14
4.32464e-09
1.90601e-11
4.34241e-09
3.87444e-11
4.36161e-09
5.95814e-11
4.38263e-09
8.20398e-11
4.40585e-09
1.06578e-10
4.43165e-09
1.33658e-10
4.46041e-09
1.63764e-10
4.49255e-09
1.97427e-10
4.5285e-09
2.35226e-10
4.56863e-09
2.77796e-10
4.61334e-09
3.2586e-10
4.66292e-09
3.80218e-10
4.71963e-09
4.52627e-10
4.76838e-09
4.52913e-10
4.78827e-09
3.60689e-10
4.78443e-09
2.03135e-10
4.76619e-09
-1.216e-11
4.73561e-09
-2.36163e-10
4.6918e-09
-4.31542e-10
4.63409e-09
-6.1954e-10
4.57368e-09
-7.37169e-10
4.51602e-09
-8.17755e-10
4.45441e-09
-7.91548e-10
4.38764e-09
-7.09064e-10
4.31639e-09
-6.25798e-10
4.24224e-09
-5.53935e-10
4.16872e-09
-4.73541e-10
4.09658e-09
-4.13385e-10
4.02851e-09
-3.49513e-10
3.96658e-09
-2.96231e-10
3.91118e-09
-2.45977e-10
3.86533e-09
-1.96645e-10
3.82792e-09
-1.52699e-10
3.80191e-09
-1.05082e-10
3.78639e-09
-5.9423e-11
3.78264e-09
-1.3866e-11
3.79169e-09
3.91937e-11
3.81142e-09
7.9794e-11
3.84605e-09
1.41732e-10
3.89094e-09
1.81037e-10
3.94776e-09
2.33901e-10
4.01506e-09
2.74687e-10
4.09075e-09
3.16445e-10
4.17553e-09
3.53065e-10
4.26536e-09
3.83924e-10
4.36164e-09
4.11642e-10
4.46047e-09
4.33597e-10
4.56248e-09
4.49936e-10
4.66545e-09
4.6548e-10
4.76826e-09
4.70378e-10
4.87115e-09
4.81617e-10
4.97193e-09
4.80574e-10
5.07076e-09
4.82226e-10
5.16724e-09
4.82327e-10
5.26046e-09
4.77173e-10
5.35021e-09
4.74965e-10
5.43679e-09
4.69969e-10
5.51961e-09
4.66744e-10
5.59877e-09
4.606e-10
5.67388e-09
4.57988e-10
5.7456e-09
4.52628e-10
5.81561e-09
4.4718e-10
5.88313e-09
4.42593e-10
5.94667e-09
4.36235e-10
6.00686e-09
4.29282e-10
6.06429e-09
4.21638e-10
6.11906e-09
4.04636e-10
6.17116e-09
3.91814e-10
6.22113e-09
3.68427e-10
6.26696e-09
3.43653e-10
6.30967e-09
3.08359e-10
6.34837e-09
2.7607e-10
6.38296e-09
2.22829e-10
6.41312e-09
1.80942e-10
6.43695e-09
1.14593e-10
6.45451e-09
6.33889e-11
6.46405e-09
-1.02254e-11
6.46603e-09
-6.50777e-11
6.45846e-09
-1.42795e-10
6.44226e-09
-1.95346e-10
6.41622e-09
-2.64222e-10
6.38001e-09
-3.11781e-10
6.334e-09
-3.61936e-10
6.27643e-09
-4.01295e-10
6.2114e-09
-4.33372e-10
6.13731e-09
-4.57836e-10
6.05722e-09
-4.76842e-10
5.97001e-09
-4.82112e-10
5.87763e-09
-4.89242e-10
5.78034e-09
-4.81744e-10
5.68079e-09
-4.77893e-10
5.58007e-09
-4.65195e-10
5.48025e-09
-4.51803e-10
5.37965e-09
-4.37439e-10
5.28037e-09
-4.18283e-10
5.18279e-09
-3.98633e-10
5.08786e-09
-3.80524e-10
4.99694e-09
-3.59608e-10
4.90996e-09
-3.39493e-10
4.82717e-09
-3.22302e-10
4.74911e-09
-3.02444e-10
4.67587e-09
-2.86473e-10
4.60718e-09
-2.71891e-10
4.54336e-09
-2.58482e-10
4.4842e-09
-2.47741e-10
4.4294e-09
-2.3849e-10
4.37872e-09
-2.31651e-10
4.33159e-09
-2.27359e-10
4.28741e-09
-2.24275e-10
4.24631e-09
-2.22455e-10
4.20717e-09
-2.19866e-10
4.16942e-09
-2.24444e-10
4.13352e-09
-2.16751e-10
4.09857e-09
-2.21134e-10
4.06394e-09
-2.14721e-10
4.0316e-09
-2.1004e-10
3.99964e-09
-1.99586e-10
3.97015e-09
-1.90443e-10
3.94302e-09
-1.68846e-10
3.91958e-09
-1.52461e-10
3.90101e-09
-1.18561e-10
3.88872e-09
-9.1096e-11
3.88358e-09
-4.65781e-11
3.88847e-09
-4.72992e-12
3.90202e-09
4.70622e-11
3.92942e-09
1.03677e-10
3.96768e-09
1.65965e-10
4.01915e-09
2.21356e-10
4.08403e-09
2.9729e-10
4.16019e-09
3.49748e-10
4.25037e-09
4.35358e-10
4.34978e-09
4.89665e-10
4.46082e-09
5.78721e-10
4.57849e-09
6.42222e-10
4.70364e-09
7.38932e-10
4.83061e-09
8.18108e-10
4.96029e-09
8.53166e-10
5.09662e-09
6.64498e-10
5.23194e-09
5.52203e-10
5.32437e-09
2.38494e-10
5.39321e-09
3.83423e-12
5.43869e-09
-2.11402e-10
5.46105e-09
-4.06497e-10
5.45621e-09
-6.0847e-10
5.42246e-09
-6.86156e-10
5.35869e-09
-7.07451e-10
5.28654e-09
-6.29571e-10
5.21498e-09
-5.24838e-10
5.14503e-09
-4.33313e-10
5.07756e-09
-3.55463e-10
5.0129e-09
-2.91884e-10
4.95075e-09
-2.42182e-10
4.89074e-09
-2.04994e-10
4.8324e-09
-1.78389e-10
4.77501e-09
-1.60358e-10
4.71825e-09
-1.48599e-10
4.66209e-09
-1.40648e-10
4.60674e-09
-1.34382e-10
4.55262e-09
-1.28078e-10
4.50041e-09
-1.20272e-10
4.45102e-09
-1.09853e-10
4.40536e-09
-9.64147e-11
4.36423e-09
-7.97312e-11
4.32839e-09
-6.01029e-11
4.29847e-09
-3.83141e-11
4.27472e-09
-1.54562e-11
4.25713e-09
7.22769e-12
4.24547e-09
2.85155e-11
4.23931e-09
4.72927e-11
4.23796e-09
6.26e-11
4.24059e-09
7.37701e-11
4.24629e-09
8.04699e-11
4.25393e-09
8.21846e-11
4.26251e-09
8.0035e-11
4.2713e-09
7.44704e-11
4.27953e-09
6.60787e-11
4.28662e-09
5.57791e-11
4.29232e-09
4.45097e-11
3.00617e-11
3.32249e-09
-6.5689e-11
3.38515e-09
-1.93289e-10
3.47588e-09
-2.94335e-10
3.57842e-09
-3.58265e-10
3.68258e-09
-3.92451e-10
3.78121e-09
-4.02989e-10
3.869e-09
-3.93986e-10
3.94269e-09
-3.70101e-10
4.00188e-09
-3.37853e-10
4.04826e-09
-3.02445e-10
4.08354e-09
-2.65688e-10
4.10968e-09
-2.29154e-10
4.12763e-09
-1.9398e-10
4.13844e-09
-1.61062e-10
4.14492e-09
-1.31609e-10
4.14902e-09
-1.0538e-10
4.15208e-09
-8.17597e-11
4.15502e-09
-6.03531e-11
4.15837e-09
-4.0998e-11
4.16282e-09
-2.31811e-11
4.16904e-09
-6.16388e-12
4.1774e-09
1.0698e-11
4.18827e-09
2.78814e-11
4.20196e-09
4.58906e-11
4.21882e-09
6.51862e-11
4.2392e-09
8.62017e-11
4.26349e-09
1.09366e-10
4.29213e-09
1.35126e-10
4.32559e-09
1.63972e-10
4.36436e-09
1.96455e-10
4.40895e-09
2.33209e-10
4.45984e-09
2.74975e-10
4.51745e-09
3.2261e-10
4.58427e-09
3.85819e-10
4.6443e-09
3.92888e-10
4.67535e-09
3.29644e-10
4.68029e-09
1.98196e-10
4.6663e-09
1.82611e-12
4.63473e-09
-2.04607e-10
4.58487e-09
-3.8169e-10
4.51565e-09
-5.50344e-10
4.43835e-09
-6.59884e-10
4.35778e-09
-7.37192e-10
4.27009e-09
-7.03867e-10
4.17672e-09
-6.15703e-10
4.07991e-09
-5.28987e-10
3.98229e-09
-4.56307e-10
3.88859e-09
-3.7983e-10
3.79965e-09
-3.24437e-10
3.71839e-09
-2.68246e-10
3.6463e-09
-2.24129e-10
3.58346e-09
-1.83136e-10
3.53208e-09
-1.45263e-10
3.49074e-09
-1.11356e-10
3.46171e-09
-7.60588e-11
3.44391e-09
-4.16292e-11
3.4382e-09
-8.16668e-12
3.44556e-09
3.18194e-11
3.46369e-09
6.16475e-11
3.49682e-09
1.08596e-10
3.54025e-09
1.37589e-10
3.5959e-09
1.78237e-10
3.66212e-09
2.08457e-10
3.73728e-09
2.41273e-10
3.8218e-09
2.68538e-10
3.9122e-09
2.93525e-10
4.00954e-09
3.14298e-10
4.11044e-09
3.32707e-10
4.21525e-09
3.45139e-10
4.32213e-09
3.58614e-10
4.42984e-09
3.62693e-10
4.53882e-09
3.72653e-10
4.64684e-09
3.72581e-10
4.75415e-09
3.74933e-10
4.86038e-09
3.76117e-10
4.96455e-09
3.73007e-10
5.06673e-09
3.72786e-10
5.16698e-09
3.69727e-10
5.26481e-09
3.68919e-10
5.3604e-09
3.65021e-10
5.45398e-09
3.64398e-10
5.54481e-09
3.61801e-10
5.6327e-09
3.593e-10
5.71844e-09
3.5683e-10
5.80196e-09
3.52705e-10
5.88292e-09
3.48307e-10
5.9607e-09
3.4384e-10
6.03461e-09
3.3071e-10
6.1051e-09
3.21304e-10
6.1726e-09
3.00919e-10
6.23561e-09
2.80631e-10
6.29487e-09
2.4909e-10
6.34856e-09
2.22378e-10
6.39471e-09
1.76681e-10
6.43351e-09
1.42157e-10
6.46223e-09
8.58803e-11
6.48153e-09
4.41116e-11
6.48855e-09
-1.72355e-11
6.48441e-09
-6.09237e-11
6.46621e-09
-1.24588e-10
6.43619e-09
-1.65311e-10
6.39289e-09
-2.20917e-10
6.33772e-09
-2.56606e-10
6.27234e-09
-2.96554e-10
6.19585e-09
-3.24799e-10
6.11113e-09
-3.48657e-10
6.0162e-09
-3.62907e-10
5.91446e-09
-3.75095e-10
5.80647e-09
-3.74123e-10
5.69512e-09
-3.77894e-10
5.58166e-09
-3.68271e-10
5.46783e-09
-3.64061e-10
5.35394e-09
-3.51304e-10
5.24221e-09
-3.40072e-10
5.13222e-09
-3.27441e-10
5.02632e-09
-3.12379e-10
4.92432e-09
-2.96627e-10
4.82641e-09
-2.826e-10
4.73359e-09
-2.66783e-10
4.64579e-09
-2.51682e-10
4.56304e-09
-2.39542e-10
4.48576e-09
-2.25162e-10
4.41378e-09
-2.14491e-10
4.34667e-09
-2.04782e-10
4.28448e-09
-1.96297e-10
4.22681e-09
-1.90074e-10
4.17322e-09
-1.84911e-10
4.12329e-09
-1.81728e-10
4.07632e-09
-1.80395e-10
4.03166e-09
-1.79614e-10
3.98927e-09
-1.80068e-10
3.94816e-09
-1.78761e-10
3.9076e-09
-1.83888e-10
3.86833e-09
-1.77489e-10
3.82924e-09
-1.82059e-10
3.7902e-09
-1.75684e-10
3.75287e-09
-1.72714e-10
3.71593e-09
-1.62657e-10
3.68122e-09
-1.55728e-10
3.64916e-09
-1.36785e-10
3.62082e-09
-1.24109e-10
3.59788e-09
-9.56133e-11
3.58143e-09
-7.46285e-11
3.57286e-09
-3.79969e-11
3.57456e-09
-6.42329e-12
3.58581e-09
3.58164e-11
3.61116e-09
7.83268e-11
3.64839e-09
1.28732e-10
3.69929e-09
1.70453e-10
3.76485e-09
2.31742e-10
3.84259e-09
2.72014e-10
3.9361e-09
3.41855e-10
4.04044e-09
3.85337e-10
4.15898e-09
4.60194e-10
4.28677e-09
5.14454e-10
4.42564e-09
6.0008e-10
4.56994e-09
6.73832e-10
4.71903e-09
7.04111e-10
4.8699e-09
5.13651e-10
5.01789e-09
4.04216e-10
5.11843e-09
1.37956e-10
5.18978e-09
-6.75143e-11
5.23137e-09
-2.53013e-10
5.24242e-09
-4.17579e-10
5.21717e-09
-5.83253e-10
5.15781e-09
-6.26823e-10
5.06627e-09
-6.15932e-10
4.96737e-09
-5.30691e-10
4.87156e-09
-4.29041e-10
4.78033e-09
-3.42082e-10
4.6947e-09
-2.69835e-10
4.61492e-09
-2.12087e-10
4.54049e-09
-1.67743e-10
4.47071e-09
-1.35193e-10
4.4048e-09
-1.12459e-10
4.34195e-09
-9.74959e-11
4.28166e-09
-8.82886e-11
4.22356e-09
-8.25368e-11
4.16768e-09
-7.84906e-11
4.11432e-09
-7.47043e-11
4.06397e-09
-6.99212e-11
4.01726e-09
-6.31398e-11
3.9751e-09
-5.42557e-11
3.93805e-09
-4.26812e-11
3.90672e-09
-2.87736e-11
3.88163e-09
-1.32261e-11
3.86295e-09
3.22034e-12
3.85061e-09
1.95747e-11
3.84427e-09
3.48514e-11
3.8434e-09
4.81669e-11
3.84722e-09
5.87832e-11
3.85481e-09
6.61871e-11
3.86518e-09
7.01029e-11
3.87691e-09
7.04393e-11
3.88921e-09
6.77344e-11
3.90125e-09
6.24679e-11
3.91219e-09
5.51524e-11
3.9215e-09
4.64654e-11
3.92904e-09
3.69696e-11
2.52737e-11
3.33673e-09
-1.0229e-10
3.43785e-09
-2.94362e-10
3.56176e-09
-4.18072e-10
3.68455e-09
-4.8094e-10
3.79447e-09
-5.02374e-10
3.88308e-09
-4.9168e-10
3.94851e-09
-4.59436e-10
3.9926e-09
-4.14178e-10
4.01782e-09
-3.631e-10
4.0264e-09
-3.11044e-10
4.02276e-09
-2.62017e-10
4.01137e-09
-2.17763e-10
3.99556e-09
-1.78176e-10
3.97782e-09
-1.43324e-10
3.95974e-09
-1.13522e-10
3.94276e-09
-8.83973e-11
3.92805e-09
-6.70442e-11
3.91631e-09
-4.8615e-11
3.9078e-09
-3.24807e-11
3.90263e-09
-1.80085e-11
3.90098e-09
-4.51045e-12
3.90301e-09
8.6791e-12
3.90886e-09
2.20318e-11
3.91875e-09
3.6007e-11
3.93294e-09
5.10018e-11
3.95176e-09
6.73806e-11
3.97563e-09
8.55014e-11
4.00502e-09
1.05741e-10
4.04048e-09
1.28521e-10
4.0826e-09
1.54335e-10
4.13205e-09
1.83771e-10
4.18947e-09
2.1756e-10
4.2555e-09
2.56582e-10
4.33295e-09
3.08381e-10
4.40544e-09
3.20408e-10
4.45027e-09
2.84814e-10
4.46695e-09
1.81523e-10
4.45902e-09
9.74657e-12
4.42656e-09
-1.72162e-10
4.36889e-09
-3.24051e-10
4.28418e-09
-4.65664e-10
4.18336e-09
-5.5909e-10
4.07078e-09
-6.24633e-10
3.94856e-09
-5.81659e-10
3.82294e-09
-4.90088e-10
3.69845e-09
-4.045e-10
3.57866e-09
-3.36507e-10
3.4689e-09
-2.70051e-10
3.36906e-09
-2.24583e-10
3.28142e-09
-1.80594e-10
3.20597e-09
-1.48669e-10
3.14208e-09
-1.1924e-10
3.09069e-09
-9.3876e-11
3.05006e-09
-7.07227e-11
3.02165e-09
-4.76463e-11
3.00434e-09
-2.43297e-11
2.9986e-09
-2.42433e-12
3.00544e-09
2.49721e-11
3.0225e-09
4.45782e-11
3.05398e-09
7.71049e-11
3.09529e-09
9.62696e-11
3.1486e-09
1.24922e-10
3.21205e-09
1.44997e-10
3.28461e-09
1.68707e-10
3.3663e-09
1.86847e-10
3.45436e-09
2.05462e-10
3.5494e-09
2.19256e-10
3.64872e-09
2.33405e-10
3.75226e-09
2.4161e-10
3.85869e-09
2.52196e-10
3.96655e-09
2.54854e-10
4.07655e-09
2.62683e-10
4.18637e-09
2.62776e-10
4.2964e-09
2.64922e-10
4.40628e-09
2.66253e-10
4.51502e-09
2.64281e-10
4.62284e-09
2.6497e-10
4.72963e-09
2.6294e-10
4.83509e-09
2.63475e-10
4.93908e-09
2.61034e-10
5.04187e-09
2.61605e-10
5.14313e-09
2.60554e-10
5.2427e-09
2.59737e-10
5.34055e-09
2.58975e-10
5.43644e-09
2.56797e-10
5.53053e-09
2.54189e-10
5.62257e-09
2.51777e-10
5.71105e-09
2.42207e-10
5.79583e-09
2.36503e-10
5.87609e-09
2.20644e-10
5.94985e-09
2.06857e-10
6.01694e-09
1.81998e-10
6.07647e-09
1.62847e-10
6.12602e-09
1.27143e-10
6.16627e-09
1.01912e-10
6.1936e-09
5.85599e-11
6.20954e-09
2.81895e-11
6.21066e-09
-1.83478e-11
6.19906e-09
-4.93107e-11
6.17113e-09
-9.66436e-11
6.13016e-09
-1.24335e-10
6.07408e-09
-1.6483e-10
6.00527e-09
-1.87793e-10
5.92488e-09
-2.1616e-10
5.83309e-09
-2.33e-10
5.73381e-09
-2.49374e-10
5.62676e-09
-2.55861e-10
5.51545e-09
-2.63778e-10
5.40078e-09
-2.59453e-10
5.2844e-09
-2.61504e-10
5.16787e-09
-2.51741e-10
5.05244e-09
-2.48628e-10
4.93883e-09
-2.37683e-10
4.82867e-09
-2.29913e-10
4.72146e-09
-2.20225e-10
4.6192e-09
-2.10111e-10
4.52172e-09
-1.99139e-10
4.42903e-09
-1.89905e-10
4.34189e-09
-1.79625e-10
4.26004e-09
-1.69832e-10
4.18328e-09
-1.62775e-10
4.11192e-09
-1.53796e-10
4.04553e-09
-1.48093e-10
3.98356e-09
-1.4282e-10
3.92585e-09
-1.3859e-10
3.8718e-09
-1.36036e-10
3.8209e-09
-1.3401e-10
3.77258e-09
-1.33415e-10
3.72611e-09
-1.3393e-10
3.68088e-09
-1.34386e-10
3.63677e-09
-1.35962e-10
3.59309e-09
-1.35073e-10
3.54895e-09
-1.39747e-10
3.50558e-09
-1.34127e-10
3.46165e-09
-1.38127e-10
3.41771e-09
-1.31742e-10
3.37501e-09
-1.30017e-10
3.33305e-09
-1.20687e-10
3.29319e-09
-1.15865e-10
3.25657e-09
-1.00152e-10
3.22377e-09
-9.12912e-11
3.19708e-09
-6.89065e-11
3.17698e-09
-5.45126e-11
3.16552e-09
-2.65196e-11
3.16428e-09
-5.16604e-12
3.17333e-09
2.67714e-11
3.19623e-09
5.54377e-11
3.23176e-09
9.32056e-11
3.28086e-09
1.21353e-10
3.34546e-09
1.67147e-10
3.4226e-09
1.9489e-10
3.51682e-09
2.47647e-10
3.623e-09
2.79171e-10
3.74569e-09
3.37523e-10
3.88008e-09
3.80094e-10
4.02934e-09
4.50848e-10
4.18807e-09
5.15123e-10
4.35312e-09
5.3909e-10
4.51153e-09
3.55254e-10
4.66248e-09
2.53272e-10
4.75993e-09
4.04941e-11
4.82047e-09
-1.2807e-10
4.84289e-09
-2.75468e-10
4.82614e-09
-4.00873e-10
4.76414e-09
-5.21285e-10
4.66616e-09
-5.28875e-10
4.53921e-09
-4.89015e-10
4.41074e-09
-4.02232e-10
4.29208e-09
-3.10381e-10
4.18454e-09
-2.34539e-10
4.08849e-09
-1.73776e-10
4.00324e-09
-1.2682e-10
3.92735e-09
-9.18274e-11
3.85932e-09
-6.71456e-11
3.79766e-09
-5.07797e-11
3.74099e-09
-4.08023e-11
3.68849e-09
-3.57715e-11
3.63919e-09
-3.32214e-11
3.59278e-09
-3.20783e-11
3.54933e-09
-3.12465e-11
3.50911e-09
-2.96936e-11
3.47254e-09
-2.65721e-11
3.44022e-09
-2.1935e-11
3.41271e-09
-1.51747e-11
3.39047e-09
-6.53161e-12
3.37405e-09
3.19323e-12
3.36346e-09
1.3811e-11
3.35861e-09
2.44255e-11
3.35917e-09
3.43011e-11
3.36454e-09
4.27961e-11
3.37394e-09
4.93859e-11
3.38642e-09
5.37119e-11
3.40092e-09
5.56031e-11
3.41629e-09
5.50807e-11
3.43158e-09
5.24455e-11
3.44598e-09
4.80734e-11
3.45879e-09
4.23524e-11
3.46956e-09
3.56931e-11
3.47826e-09
2.82752e-11
1.97502e-11
3.36598e-09
-1.68275e-10
3.52223e-09
-4.50899e-10
3.67132e-09
-5.67414e-10
3.78598e-09
-5.95635e-10
3.86522e-09
-5.81545e-10
3.90202e-09
-5.28507e-10
3.90092e-09
-4.58365e-10
3.87353e-09
-3.86739e-10
3.8297e-09
-3.19262e-10
3.77727e-09
-2.5862e-10
3.72199e-09
-2.06717e-10
3.66814e-09
-1.6391e-10
3.61874e-09
-1.28773e-10
3.57528e-09
-9.9863e-11
3.53809e-09
-7.63242e-11
3.50704e-09
-5.73408e-11
3.48195e-09
-4.19451e-11
3.46256e-09
-2.92223e-11
3.44845e-09
-1.83666e-11
3.4392e-09
-8.75286e-12
3.4346e-09
1.01032e-13
3.43452e-09
8.76629e-12
3.43897e-09
1.75816e-11
3.44809e-09
2.68941e-11
3.46212e-09
3.6977e-11
3.48142e-09
4.80882e-11
3.50644e-09
6.04858e-11
3.53774e-09
7.44481e-11
3.57596e-09
9.02982e-11
3.62187e-09
1.0843e-10
3.67632e-09
1.29336e-10
3.74021e-09
1.53669e-10
3.81456e-09
1.82247e-10
3.90258e-09
2.20369e-10
3.98844e-09
2.34558e-10
4.05028e-09
2.22989e-10
4.08208e-09
1.49721e-10
4.08116e-09
1.06518e-11
4.04533e-09
-1.36365e-10
3.97438e-09
-2.53137e-10
3.86614e-09
-3.57474e-10
3.73197e-09
-4.2496e-10
3.57738e-09
-4.70071e-10
3.41536e-09
-4.19657e-10
3.25887e-09
-3.336e-10
3.11398e-09
-2.59603e-10
2.98322e-09
-2.05736e-10
2.8704e-09
-1.57207e-10
2.7727e-09
-1.26873e-10
2.69066e-09
-9.85323e-11
2.6221e-09
-8.00968e-11
2.56561e-09
-6.27436e-11
2.52084e-09
-4.90989e-11
2.48605e-09
-3.59203e-11
2.46196e-09
-2.35527e-11
2.44776e-09
-1.01345e-11
2.44359e-09
1.75544e-12
2.4506e-09
1.79642e-11
2.46652e-09
2.86499e-11
2.49545e-09
4.81825e-11
2.53304e-09
5.86761e-11
2.58171e-09
7.62466e-11
2.63942e-09
8.72947e-11
2.70585e-09
1.02274e-10
2.78051e-09
1.12195e-10
2.86162e-09
1.24358e-10
2.94914e-09
1.31746e-10
3.04129e-09
1.4127e-10
3.13748e-09
1.4543e-10
3.23706e-09
1.52642e-10
3.33827e-09
1.53668e-10
3.4421e-09
1.58876e-10
3.54624e-09
1.58652e-10
3.65117e-09
1.60012e-10
3.75657e-09
1.60874e-10
3.86144e-09
1.59416e-10
3.96621e-09
1.60211e-10
4.07056e-09
1.58605e-10
4.17448e-09
1.59563e-10
4.2776e-09
1.57925e-10
4.38034e-09
1.58866e-10
4.48234e-09
1.58568e-10
4.58348e-09
1.58605e-10
4.68359e-09
1.58852e-10
4.78222e-09
1.58151e-10
4.87931e-09
1.57079e-10
4.97456e-09
1.565e-10
5.06624e-09
1.50514e-10
5.15453e-09
1.48194e-10
5.23781e-09
1.37344e-10
5.31464e-09
1.30018e-10
5.38372e-09
1.12912e-10
5.44467e-09
1.01891e-10
5.49404e-09
7.77737e-11
5.53329e-09
6.26709e-11
5.55798e-09
3.38682e-11
5.57053e-09
1.56477e-11
5.56695e-09
-1.4765e-11
5.55037e-09
-3.27224e-11
5.51675e-09
-6.3025e-11
5.47065e-09
-7.82258e-11
5.40953e-09
-1.03711e-10
5.33701e-09
-1.15261e-10
5.25366e-09
-1.32813e-10
5.16081e-09
-1.40141e-10
5.06162e-09
-1.50184e-10
4.95686e-09
-1.51103e-10
4.84924e-09
-1.56154e-10
4.74057e-09
-1.50775e-10
4.63159e-09
-1.52519e-10
4.52432e-09
-1.44472e-10
4.41902e-09
-1.43318e-10
4.31675e-09
-1.35412e-10
4.21836e-09
-1.31519e-10
4.12343e-09
-1.25291e-10
4.03335e-09
-1.20024e-10
3.94796e-09
-1.13748e-10
3.86707e-09
-1.09003e-10
3.79119e-09
-1.0374e-10
3.72001e-09
-9.86481e-11
3.65303e-09
-9.5793e-11
3.59052e-09
-9.12867e-11
3.53179e-09
-8.93612e-11
3.4763e-09
-8.7329e-11
3.42372e-09
-8.6018e-11
3.3734e-09
-8.57282e-11
3.32487e-09
-8.54764e-11
3.27755e-09
-8.61024e-11
3.23082e-09
-8.72047e-11
3.18428e-09
-8.784e-11
3.13779e-09
-8.94621e-11
3.09113e-09
-8.84039e-11
3.04329e-09
-9.19016e-11
2.99617e-09
-8.69981e-11
2.94808e-09
-9.00333e-11
2.9005e-09
-8.415e-11
2.854e-09
-8.34983e-11
2.80903e-09
-7.57051e-11
2.76625e-09
-7.30602e-11
2.72752e-09
-6.14017e-11
2.69267e-09
-5.64214e-11
2.66461e-09
-4.08217e-11
2.64292e-09
-3.27946e-11
2.63033e-09
-1.3902e-11
2.62728e-09
-2.096e-12
2.63477e-09
1.92892e-11
2.65495e-09
3.52785e-11
2.68788e-09
6.0286e-11
2.73332e-09
7.5925e-11
2.79431e-09
1.06171e-10
2.86724e-09
1.2198e-10
2.9577e-09
1.57209e-10
3.0604e-09
1.76495e-10
3.18121e-09
2.16744e-10
3.31563e-09
2.457e-10
3.46864e-09
2.97866e-10
3.63563e-09
3.48163e-10
3.80975e-09
3.64993e-10
3.96358e-09
2.01434e-10
4.10156e-09
1.15277e-10
4.17839e-09
-3.63656e-11
4.2084e-09
-1.5812e-10
4.1914e-09
-2.58513e-10
4.12808e-09
-3.37604e-10
4.01483e-09
-4.08073e-10
3.87204e-09
-3.86111e-10
3.71326e-09
-3.30249e-10
3.56547e-09
-2.54438e-10
3.43832e-09
-1.83218e-10
3.33113e-09
-1.27331e-10
3.24213e-09
-8.47572e-11
3.16867e-09
-5.33298e-11
3.10759e-09
-3.07194e-11
3.05642e-09
-1.59592e-11
3.01277e-09
-7.11416e-12
2.97457e-09
-2.58544e-12
2.94028e-09
-1.46164e-12
2.90883e-09
-1.7676e-12
2.87971e-09
-2.94962e-12
2.85275e-09
-4.2849e-12
2.82811e-09
-5.04944e-12
2.80621e-09
-4.677e-12
2.78738e-09
-3.11165e-12
2.7723e-09
-9.33434e-14
2.76144e-09
4.32447e-12
2.75517e-09
9.47043e-12
2.75361e-09
1.53696e-11
2.75669e-09
2.13467e-11
2.76409e-09
2.69064e-11
2.77525e-09
3.16424e-11
2.78941e-09
3.52239e-11
2.8057e-09
3.74284e-11
2.82315e-09
3.81607e-11
2.84078e-09
3.74576e-11
2.85773e-09
3.54999e-11
2.87328e-09
3.2526e-11
2.88686e-09
2.87773e-11
2.89813e-09
2.44197e-11
2.90701e-09
1.9403e-11
1.44097e-11
3.42969e-09
-2.98133e-10
3.61707e-09
-6.38656e-10
3.7189e-09
-6.69707e-10
3.73792e-09
-6.14992e-10
3.68383e-09
-5.27401e-10
3.58429e-09
-4.28916e-10
3.46248e-09
-3.36494e-10
3.33552e-09
-2.59715e-10
3.21575e-09
-1.99468e-10
3.10945e-09
-1.52314e-10
3.0183e-09
-1.15568e-10
2.94179e-09
-8.73857e-11
2.87883e-09
-6.58134e-11
2.82808e-09
-4.91027e-11
2.78788e-09
-3.61124e-11
2.75653e-09
-2.59773e-11
2.73265e-09
-1.80582e-11
2.71524e-09
-1.18095e-11
2.70338e-09
-6.49718e-12
2.69627e-09
-1.63709e-12
2.6937e-09
2.67319e-12
2.69541e-09
7.06917e-12
2.70146e-09
1.15298e-11
2.712e-09
1.6366e-11
2.72731e-09
2.16715e-11
2.7478e-09
2.75936e-11
2.77401e-09
3.42809e-11
2.80657e-09
4.18983e-11
2.84623e-09
5.06451e-11
2.89389e-09
6.07753e-11
2.95061e-09
7.26226e-11
3.01763e-09
8.66611e-11
3.09639e-09
1.03494e-10
3.19055e-09
1.2622e-10
3.28661e-09
1.38513e-10
3.36616e-09
1.43444e-10
3.41472e-09
1.01149e-10
3.41908e-09
6.27018e-12
3.37467e-09
-9.19973e-11
3.28396e-09
-1.62478e-10
3.14737e-09
-2.20936e-10
2.97852e-09
-2.56148e-10
2.78627e-09
-2.77861e-10
2.59823e-09
-2.31633e-10
2.43252e-09
-1.6789e-10
2.29257e-09
-1.19639e-10
2.17584e-09
-8.89909e-11
2.08194e-09
-6.32954e-11
2.00454e-09
-4.94578e-11
1.94232e-09
-3.62912e-11
1.89149e-09
-2.9258e-11
1.85059e-09
-2.18272e-11
1.81846e-09
-1.69635e-11
1.79398e-09
-1.14266e-11
1.77732e-09
-6.88939e-12
1.76828e-09
-1.0877e-12
1.76674e-09
3.30922e-12
1.77396e-09
1.07453e-11
1.78797e-09
1.46567e-11
1.81241e-09
2.3744e-11
1.84351e-09
2.75803e-11
1.88379e-09
3.59818e-11
1.93104e-09
4.00493e-11
1.98582e-09
4.75093e-11
2.04699e-09
5.10338e-11
2.11401e-09
5.73528e-11
2.18605e-09
5.97223e-11
2.26251e-09
6.48308e-11
2.34217e-09
6.57886e-11
2.42518e-09
6.96578e-11
2.50954e-09
6.93302e-11
2.5965e-09
7.19391e-11
2.68387e-09
7.13002e-11
2.7722e-09
7.17061e-11
2.86121e-09
7.188e-11
2.94999e-09
7.06418e-11
3.03916e-09
7.10603e-11
3.12816e-09
6.961e-11
3.21742e-09
7.03117e-11
3.30632e-09
6.9034e-11
3.39552e-09
6.96793e-11
3.48458e-09
6.95096e-11
3.57352e-09
6.96713e-11
3.66223e-09
7.01326e-11
3.7502e-09
7.01618e-11
3.83727e-09
6.99944e-11
3.92323e-09
7.05126e-11
4.00611e-09
6.76092e-11
4.0865e-09
6.77854e-11
4.16198e-09
6.184e-11
4.23212e-09
5.98597e-11
4.29452e-09
5.05034e-11
4.34981e-09
4.65817e-11
4.39382e-09
3.37542e-11
4.42881e-09
2.76666e-11
4.44986e-09
1.28155e-11
4.46015e-09
5.3534e-12
4.45524e-09
-9.86301e-12
4.43937e-09
-1.68565e-11
4.40809e-09
-3.17487e-11
4.36689e-09
-3.70313e-11
4.31262e-09
-4.94424e-11
4.24993e-09
-5.25699e-11
4.17821e-09
-6.10874e-11
4.09998e-09
-6.19084e-11
4.01678e-09
-6.69834e-11
3.93051e-09
-6.48252e-11
3.84212e-09
-6.77627e-11
3.7543e-09
-6.29565e-11
3.66639e-09
-6.46051e-11
3.58102e-09
-5.91096e-11
3.49728e-09
-5.95749e-11
3.41674e-09
-5.48777e-11
3.33926e-09
-5.40383e-11
3.26486e-09
-5.08946e-11
3.19413e-09
-4.92965e-11
3.12707e-09
-4.66904e-11
3.06326e-09
-4.51931e-11
3.00302e-09
-4.35083e-11
2.94609e-09
-4.17128e-11
2.89172e-09
-4.14306e-11
2.84029e-09
-3.98613e-11
2.79092e-09
-3.99925e-11
2.74326e-09
-3.96758e-11
2.69698e-09
-3.97529e-11
2.65154e-09
-4.0294e-11
2.60666e-09
-4.05981e-11
2.56191e-09
-4.1351e-11
2.5169e-09
-4.21986e-11
2.47156e-09
-4.24887e-11
2.42574e-09
-4.36275e-11
2.37981e-09
-4.24613e-11
2.33261e-09
-4.46857e-11
2.28664e-09
-4.10105e-11
2.23982e-09
-4.31939e-11
2.19448e-09
-3.87868e-11
2.15021e-09
-3.92064e-11
2.10847e-09
-3.39396e-11
2.06886e-09
-3.34285e-11
2.03391e-09
-2.64162e-11
2.00246e-09
-2.49438e-11
1.97788e-09
-1.62049e-11
1.95861e-09
-1.35017e-11
1.94802e-09
-3.27826e-12
1.94521e-09
7.29875e-13
1.95217e-09
1.23538e-11
1.96921e-09
1.82592e-11
1.99794e-09
3.1573e-11
2.03663e-09
3.72551e-11
2.0895e-09
5.33283e-11
2.15221e-09
5.92884e-11
2.23127e-09
7.8178e-11
2.3213e-09
8.64969e-11
2.42935e-09
1.08727e-10
2.55143e-09
1.23643e-10
2.69466e-09
1.54671e-10
2.85611e-09
1.86736e-10
3.02417e-09
1.96947e-10
3.15198e-09
7.36055e-11
3.25174e-09
1.54852e-11
3.28435e-09
-6.90289e-11
3.26301e-09
-1.36831e-10
3.19154e-09
-1.87102e-10
3.07519e-09
-2.21295e-10
2.91551e-09
-2.48421e-10
2.74474e-09
-2.15349e-10
2.58064e-09
-1.66141e-10
2.44297e-09
-1.16756e-10
2.33546e-09
-7.5681e-11
2.25354e-09
-4.53874e-11
2.19263e-09
-2.38206e-11
2.1479e-09
-8.57948e-12
2.11551e-09
1.69263e-12
2.09164e-09
7.92265e-12
2.07373e-09
1.08145e-11
2.05955e-09
1.16021e-11
2.04731e-09
1.07774e-11
2.03632e-09
9.22389e-12
2.02608e-09
7.29683e-12
2.01641e-09
5.38899e-12
2.00749e-09
3.864e-12
1.9998e-09
3.01646e-12
1.99374e-09
2.9458e-12
1.98992e-09
3.72717e-12
1.98893e-09
5.31079e-12
1.99099e-09
7.4128e-12
1.99641e-09
9.95128e-12
2.00513e-09
1.26283e-11
2.0169e-09
1.51405e-11
2.03124e-09
1.73085e-11
2.04751e-09
1.89538e-11
2.06499e-09
1.99546e-11
2.08289e-09
2.02602e-11
2.10046e-09
1.9893e-11
2.11702e-09
1.8947e-11
2.13199e-09
1.75524e-11
2.14494e-09
1.58287e-11
2.15558e-09
1.37781e-11
2.16337e-09
1.16178e-11
1.03697e-11
3.50639e-09
-5.04461e-10
3.50422e-09
-6.36528e-10
3.33327e-09
-4.98892e-10
3.08686e-09
-3.68796e-10
2.82038e-09
-2.60975e-10
2.57305e-09
-1.81547e-10
2.36309e-09
-1.26485e-10
2.19218e-09
-8.87908e-11
2.05601e-09
-6.32865e-11
1.9494e-09
-4.56845e-11
1.86699e-09
-3.31453e-11
1.80372e-09
-2.411e-11
1.75545e-09
-1.75241e-11
1.71896e-09
-1.26071e-11
1.69174e-09
-8.88749e-12
1.67179e-09
-6.01346e-12
1.65757e-09
-3.83868e-12
1.64806e-09
-2.29021e-12
1.64247e-09
-9.02e-13
1.64041e-09
4.24756e-13
1.64143e-09
1.65448e-12
1.64553e-09
2.97685e-12
1.65285e-09
4.21897e-12
1.66359e-09
5.62734e-12
1.67807e-09
7.19379e-12
1.6967e-09
8.97184e-12
1.71997e-09
1.10129e-11
1.7485e-09
1.3374e-11
1.78302e-09
1.6127e-11
1.82444e-09
1.93678e-11
1.87384e-09
2.32286e-11
1.9326e-09
2.79176e-11
2.00243e-09
3.36754e-11
2.08692e-09
4.1734e-11
2.17767e-09
4.77784e-11
2.26454e-09
5.65672e-11
2.32358e-09
4.20935e-11
2.3279e-09
1.93005e-12
2.27419e-09
-3.83268e-11
2.17234e-09
-6.06749e-11
2.02873e-09
-7.73744e-11
1.8584e-09
-8.58588e-11
1.67194e-09
-9.14359e-11
1.50763e-09
-6.73354e-11
1.38062e-09
-4.08911e-11
1.28559e-09
-2.46043e-11
1.21306e-09
-1.64554e-11
1.15929e-09
-9.5087e-12
1.11683e-09
-6.99446e-12
1.08435e-09
-3.80697e-12
1.05821e-09
-3.10357e-12
1.03785e-09
-1.45837e-12
1.02201e-09
-1.12202e-12
1.01055e-09
4.86157e-14
1.00318e-09
4.8506e-13
1.00036e-09
1.74087e-12
1.00152e-09
2.1656e-12
1.00828e-09
3.99013e-12
1.01875e-09
4.20076e-12
1.03591e-09
6.60053e-12
1.05675e-09
6.74782e-12
1.08369e-09
9.06422e-12
1.11451e-09
9.24414e-12
1.15058e-09
1.14606e-11
1.19017e-09
1.14619e-11
1.23406e-09
1.3481e-11
1.28063e-09
1.31777e-11
1.33059e-09
1.48979e-11
1.38213e-09
1.42802e-11
1.43624e-09
1.55777e-11
1.49085e-09
1.47526e-11
1.54733e-09
1.54916e-11
1.60385e-09
1.48093e-11
1.66093e-09
1.46465e-11
1.71839e-09
1.44409e-11
1.7755e-09
1.35524e-11
1.83294e-09
1.36319e-11
1.89005e-09
1.25194e-11
1.94756e-09
1.28082e-11
2.00477e-09
1.18415e-11
2.06245e-09
1.20114e-11
2.12025e-09
1.171e-11
2.1783e-09
1.16268e-11
2.23664e-09
1.17856e-11
2.29494e-09
1.18535e-11
2.35307e-09
1.18424e-11
2.41104e-09
1.25162e-11
2.46715e-09
1.14784e-11
2.52227e-09
1.2647e-11
2.57376e-09
1.03185e-11
2.6223e-09
1.12987e-11
2.66496e-09
7.82071e-12
2.70316e-09
8.35354e-12
2.73312e-09
3.77455e-12
2.75722e-09
3.55251e-12
2.771e-09
-9.87192e-13
2.77818e-09
-1.84527e-12
2.774e-09
-5.6898e-12
2.76331e-09
-6.18049e-12
2.74167e-09
-1.01153e-11
2.71483e-09
-1.01922e-11
2.67892e-09
-1.35381e-11
2.63913e-09
-1.27786e-11
2.59309e-09
-1.50512e-11
2.54431e-09
-1.31278e-11
2.49215e-09
-1.48241e-11
2.4394e-09
-1.20789e-11
2.38506e-09
-1.34187e-11
2.33217e-09
-1.007e-11
2.27894e-09
-1.13872e-11
2.22794e-09
-8.12089e-12
2.17763e-09
-9.27083e-12
2.12965e-09
-6.90698e-12
2.08302e-09
-7.41919e-12
2.03844e-09
-6.33152e-12
1.99557e-09
-6.44042e-12
1.95473e-09
-5.86628e-12
1.91538e-09
-5.8487e-12
1.87767e-09
-5.81345e-12
1.84153e-09
-5.58134e-12
1.80616e-09
-6.07031e-12
1.77212e-09
-5.83342e-12
1.73852e-09
-6.3963e-12
1.70538e-09
-6.54781e-12
1.67248e-09
-6.86381e-12
1.63948e-09
-7.30816e-12
1.60641e-09
-7.5357e-12
1.57298e-09
-7.92447e-12
1.53912e-09
-8.34137e-12
1.505e-09
-8.36453e-12
1.47047e-09
-9.08369e-12
1.43625e-09
-8.23542e-12
1.40118e-09
-9.6065e-12
1.36779e-09
-7.60531e-12
1.33385e-09
-9.2377e-12
1.30202e-09
-6.93966e-12
1.27094e-09
-8.10413e-12
1.24269e-09
-5.66756e-12
1.21588e-09
-6.60154e-12
1.19325e-09
-3.75665e-12
1.17279e-09
-4.46184e-12
1.15796e-09
-1.35405e-12
1.14617e-09
-1.68745e-12
1.14123e-09
1.67296e-12
1.14033e-09
1.65716e-12
1.14745e-09
5.25063e-12
1.16011e-09
5.60851e-12
1.18179e-09
9.91385e-12
1.20899e-09
1.00758e-11
1.24704e-09
1.52972e-11
1.29082e-09
1.55333e-11
1.34735e-09
2.16711e-11
1.4111e-09
2.27774e-11
1.48974e-09
3.01195e-11
1.57956e-09
3.38488e-11
1.68935e-09
4.49012e-11
1.81886e-09
5.72355e-11
1.95333e-09
6.24657e-11
2.02508e-09
1.82508e-12
2.05995e-09
-1.94295e-11
2.03534e-09
-4.44703e-11
1.96328e-09
-6.48214e-11
1.85303e-09
-7.6892e-11
1.71387e-09
-8.21671e-11
1.55118e-09
-8.57422e-11
1.40174e-09
-6.59131e-11
1.27954e-09
-4.39268e-11
1.18987e-09
-2.70691e-11
1.12853e-09
-1.43193e-11
1.08858e-09
-5.41511e-12
1.06469e-09
7.74574e-14
1.05215e-09
3.97902e-12
1.04736e-09
6.48491e-12
1.04772e-09
7.57138e-12
1.05074e-09
7.80076e-12
1.05488e-09
7.46502e-12
1.05896e-09
6.70209e-12
1.06239e-09
5.78981e-12
1.06502e-09
4.66545e-12
1.06681e-09
3.60158e-12
1.06799e-09
2.6849e-12
1.06899e-09
2.00687e-12
1.07033e-09
1.60747e-12
1.07254e-09
1.51835e-12
1.07612e-09
1.72917e-12
1.08137e-09
2.16097e-12
1.08854e-09
2.78959e-12
1.09763e-09
3.53471e-12
1.10861e-09
4.1681e-12
1.12112e-09
4.80078e-12
1.13474e-09
5.33038e-12
1.149e-09
5.70376e-12
1.16336e-09
5.89648e-12
1.17734e-09
5.91256e-12
1.19051e-09
5.78643e-12
1.20248e-09
5.5765e-12
1.21298e-09
5.32713e-12
1.22175e-09
5.01378e-12
1.22784e-09
5.52691e-12
7.36983e-12
2.79583e-09
2.15964e-09
1.66101e-09
1.29214e-09
1.0311e-09
8.49527e-10
7.23062e-10
6.3429e-10
5.71019e-10
5.25345e-10
4.92207e-10
4.68104e-10
4.50585e-10
4.37983e-10
4.291e-10
4.23092e-10
4.19258e-10
4.16972e-10
4.16074e-10
4.16504e-10
4.18162e-10
4.21144e-10
4.25367e-10
4.30999e-10
4.38198e-10
4.47174e-10
4.58193e-10
4.71573e-10
4.87706e-10
5.0708e-10
5.30315e-10
5.58238e-10
5.91918e-10
6.33653e-10
6.81426e-10
7.37977e-10
7.80047e-10
7.8195e-10
7.43589e-10
6.82872e-10
6.05446e-10
5.1953e-10
4.28035e-10
3.60647e-10
3.19718e-10
2.95087e-10
2.78612e-10
2.69091e-10
2.62088e-10
2.58276e-10
2.5517e-10
2.53712e-10
2.52593e-10
2.52646e-10
2.53138e-10
2.54888e-10
2.57066e-10
2.61072e-10
2.65292e-10
2.71917e-10
2.78694e-10
2.87793e-10
2.97079e-10
3.08588e-10
3.20106e-10
3.3365e-10
3.46897e-10
3.61871e-10
3.76231e-10
3.91891e-10
4.06728e-10
4.22303e-10
4.37195e-10
4.51922e-10
4.66443e-10
4.80074e-10
4.93785e-10
5.06383e-10
5.19272e-10
5.31194e-10
5.43288e-10
5.55081e-10
5.66791e-10
5.78659e-10
5.90593e-10
6.02515e-10
6.15108e-10
6.2666e-10
6.39374e-10
6.49754e-10
6.61107e-10
6.68974e-10
6.77367e-10
6.81173e-10
6.8475e-10
6.83781e-10
6.8195e-10
6.7627e-10
6.70097e-10
6.59986e-10
6.49796e-10
6.36258e-10
6.23479e-10
6.08427e-10
5.95297e-10
5.8047e-10
5.68389e-10
5.54967e-10
5.44894e-10
5.33504e-10
5.25381e-10
5.16109e-10
5.09202e-10
5.01784e-10
4.95454e-10
4.89017e-10
4.83155e-10
4.7731e-10
4.71499e-10
4.65919e-10
4.59844e-10
4.54001e-10
4.47586e-10
4.41011e-10
4.34111e-10
4.26758e-10
4.19171e-10
4.11191e-10
4.02791e-10
3.94367e-10
3.85224e-10
3.7693e-10
3.67268e-10
3.5961e-10
3.50323e-10
3.43338e-10
3.35194e-10
3.29491e-10
3.22859e-10
3.19078e-10
3.14595e-10
3.13225e-10
3.11524e-10
3.13186e-10
3.14835e-10
3.20081e-10
3.25688e-10
3.35606e-10
3.45691e-10
3.61003e-10
3.76556e-10
3.98251e-10
4.21057e-10
4.51206e-10
4.85084e-10
5.30007e-10
5.87249e-10
6.49704e-10
6.51498e-10
6.32025e-10
5.87501e-10
5.22616e-10
4.45655e-10
3.63416e-10
2.776e-10
2.11624e-10
1.67649e-10
1.40545e-10
1.262e-10
1.20765e-10
1.20826e-10
1.24791e-10
1.31265e-10
1.38827e-10
1.46619e-10
1.54076e-10
1.6077e-10
1.66551e-10
1.71208e-10
1.748e-10
1.77474e-10
1.7947e-10
1.81066e-10
1.82572e-10
1.8429e-10
1.8644e-10
1.89219e-10
1.92744e-10
1.96903e-10
2.01696e-10
2.07019e-10
2.12716e-10
2.18607e-10
2.24514e-10
2.30295e-10
2.35867e-10
2.41189e-10
2.46199e-10
2.51725e-10
)
;

boundaryField
{
    inlet
    {
        type            calculated;
        value           nonuniform List<scalar> 
20
(
-3.3e-09
-3.3e-09
-3.3e-09
-3.3e-09
-3.3e-09
-3.3e-09
-3.3e-09
-3.3e-09
-3.3e-09
-3.3e-09
-3.3e-09
-3.3e-09
-3.3e-09
-3.3e-09
-3.3e-09
-3.3e-09
-3.3e-09
-3.3e-09
-3.3e-09
-3.3e-09
)
;
    }
    outlet
    {
        type            calculated;
        value           nonuniform List<scalar> 
20
(
2.59514e-10
1.30812e-09
2.29798e-09
3.06708e-09
3.64018e-09
4.07528e-09
4.41128e-09
4.66314e-09
4.83085e-09
4.90889e-09
4.894e-09
4.78111e-09
4.57951e-09
4.29581e-09
3.93383e-09
3.48379e-09
2.91235e-09
2.16742e-09
1.23085e-09
2.59093e-10
)
;
    }
    walls
    {
        type            calculated;
        value           uniform 0;
    }
    frontAndBack
    {
        type            empty;
    }
}


// ************************************************************************* //
