/*--------------------------------*- C++ -*----------------------------------*\
| =========                 |                                                 |
| \\      /  F ield         | OpenFOAM: The Open Source CFD Toolbox           |
|  \\    /   O peration     | Version:  2506                                  |
|   \\  /    A nd           | Website:  www.openfoam.com                      |
|    \\/     M anipulation  |                                                 |
\*---------------------------------------------------------------------------*/
FoamFile
{
    version     2.0;
    format      ascii;
    arch        "LSB;label=32;scalar=64";
    class       volScalarField;
    location    "4.81";
    object      s;
}
// * * * * * * * * * * * * * * * * * * * * * * * * * * * * * * * * * * * * * //

dimensions      [0 0 0 0 0 0 0];

internalField   nonuniform List<scalar> 
4000
(
6.92114e-23
-4.2512e-22
2.24828e-21
-1.10641e-20
4.86215e-20
-1.77932e-19
4.77464e-19
-5.65923e-19
-2.18153e-18
1.39942e-17
-3.06698e-17
-2.02416e-17
3.64148e-16
-8.70183e-16
-1.88372e-14
-2.01455e-13
-1.53821e-12
-2.68411e-11
-6.40229e-10
-9.76253e-10
5.39975e-09
1.10353e-07
1.48773e-06
1.44783e-05
0.000112395
0.000744747
0.00437973
0.0213633
0.0627047
0.11886
0.144303
0.146282
0.140784
0.120438
0.0622482
0.0116446
0.00484658
0.00574196
0.00707211
0.00855327
0.0102182
0.0118315
0.0128097
0.0136311
0.0145703
0.0152019
0.0156795
0.0161898
0.0167387
0.0173665
0.0181343
0.0189752
0.0200372
0.0212653
0.0227505
0.0244797
0.0264861
0.0288592
0.0316114
0.0348714
0.0385562
0.0424685
0.0462172
0.0493916
0.0517326
0.0531543
0.0537149
0.0534502
0.0518641
0.0434594
0.0250559
0.00900626
0.00430289
0.00272023
0.00155104
0.000820295
0.000420705
0.00021326
0.000103994
4.57489e-05
1.86172e-05
8.31768e-06
4.05008e-06
1.97281e-06
9.42632e-07
4.30314e-07
1.88252e-07
7.99643e-08
3.31128e-08
1.32819e-08
5.12434e-09
1.90302e-09
6.74947e-10
2.2124e-10
5.04802e-11
-3.76931e-11
-1.51381e-10
-3.38683e-10
-6.12321e-10
-9.90922e-10
-1.01636e-09
-3.23321e-09
-1.64513e-08
-5.27082e-08
-1.2092e-07
-2.39086e-07
-4.1279e-07
-6.18405e-07
-8.58316e-07
-1.09144e-06
-1.21288e-06
-1.12248e-06
-6.30179e-07
3.39606e-07
1.91002e-06
4.00978e-06
4.50918e-05
0.000202844
0.000461164
0.00081318
0.00124603
0.0017016
0.00214839
0.00258854
0.00298262
0.00332625
0.00361494
0.00383717
0.00400954
0.00416036
0.00422682
0.00427352
0.0043553
0.00435751
0.00437071
0.00448418
0.0044438
0.00452645
0.00451639
0.00449058
0.00438216
0.00413992
0.00369945
0.00322309
0.00275607
0.00230991
0.00188592
0.00149272
0.00113602
0.000822933
0.00056332
0.00036168
0.000218134
0.000124325
6.75515e-05
3.5238e-05
1.77444e-05
8.62867e-06
3.96859e-06
1.60328e-06
4.51322e-07
-2.25778e-07
-8.3195e-07
-1.45175e-06
-2.15965e-06
-3.01909e-06
-3.95245e-06
-4.07097e-06
-3.76923e-06
-3.28048e-06
-2.6557e-06
-1.89572e-06
-1.00023e-06
1.2134e-08
3.27021e-06
1.0808e-05
2.20099e-05
3.45078e-05
3.97314e-05
3.39249e-05
2.31124e-05
1.32195e-05
7.47108e-06
5.90263e-06
5.40982e-06
4.99036e-06
4.53072e-06
4.03588e-06
3.52211e-06
3.00622e-06
2.50713e-06
2.04279e-06
1.62696e-06
1.26768e-06
9.67382e-07
7.23779e-07
5.30984e-07
3.80732e-07
2.64251e-07
1.73786e-07
5.41215e-23
-2.47268e-22
8.79707e-22
-2.86607e-21
8.03127e-21
-1.76905e-20
2.40535e-20
9.32638e-21
-1.44676e-19
3.33209e-19
-2.89217e-19
1.39998e-18
-1.7338e-17
9.99332e-17
-3.1576e-16
-4.10804e-15
-2.49179e-14
-4.10714e-13
-7.43383e-12
-4.9159e-11
2.60176e-11
1.64344e-09
2.56176e-08
2.78175e-07
2.38379e-06
1.74267e-05
0.000109058
0.000526213
0.00173943
0.00437739
0.00845164
0.0134548
0.019234
0.0261831
0.0298052
0.0293912
0.028015
0.0255674
0.0227738
0.0199025
0.0167944
0.0140521
0.0116937
0.0101897
0.00901097
0.00809629
0.00734249
0.00675803
0.00627616
0.00588546
0.00558869
0.00533886
0.00517479
0.00503051
0.00501636
0.00511755
0.00537818
0.0059122
0.00658554
0.00774806
0.00920834
0.011171
0.0137324
0.016669
0.0201017
0.0236023
0.027295
0.0307581
0.0340364
0.0362784
0.0363253
0.0355065
0.034966
0.034855
0.0349576
0.0350902
0.0347849
0.0334149
0.029751
0.0203446
0.00867428
0.00304176
0.00163979
0.000955626
0.000521999
0.000261634
0.000121115
5.34223e-05
2.31133e-05
9.80128e-06
4.05053e-06
1.62456e-06
6.36006e-07
2.44307e-07
9.16088e-08
3.19773e-08
6.85889e-09
-8.88358e-09
-3.38661e-08
-8.0695e-08
-1.41155e-07
-2.29424e-07
-3.99425e-07
-7.40609e-07
-1.23621e-06
-1.93319e-06
-2.54136e-06
-2.6371e-06
-1.77082e-06
5.11703e-07
0.000339545
0.00118179
0.00263139
0.0046154
0.00709086
0.00979978
0.0126621
0.0158736
0.0191804
0.0224379
0.0254574
0.0280953
0.0303554
0.0323118
0.0339877
0.0354156
0.0366264
0.0376394
0.0384912
0.0392368
0.0398456
0.0403602
0.0408594
0.0412756
0.0416477
0.042078
0.0423982
0.0427649
0.0430797
0.0433692
0.0436049
0.0437538
0.0437509
0.0436097
0.042935
0.0420756
0.0404691
0.0384491
0.0359129
0.0327672
0.0293532
0.0253687
0.0213142
0.0169907
0.0126681
0.00850795
0.00551453
0.00348094
0.00213874
0.00124784
0.000768543
0.00044814
0.000240537
0.000124978
6.68565e-05
7.23241e-05
0.000675683
0.00171319
0.0027947
0.00378489
0.00462719
0.00532326
0.00591705
0.00647431
0.00706273
0.00773907
0.00854275
0.00947982
0.0104272
0.0111702
0.0115814
0.0116082
0.011257
0.0105884
0.0097413
0.00882269
0.00791261
0.00708154
0.0063488
0.00566402
0.00499312
0.00432898
0.0036828
0.00307341
0.00251872
0.00203056
0.00161237
0.00125898
0.000957811
0.000687633
1.20241e-23
-3.92601e-23
3.57302e-23
1.31155e-22
-9.16153e-22
2.71051e-21
-3.14297e-21
-1.05511e-20
6.30494e-20
-1.276e-19
-9.68336e-20
1.46459e-18
-4.79385e-18
5.61291e-18
1.03097e-17
4.34894e-18
-1.5652e-17
-1.14955e-16
-3.26666e-13
1.00939e-12
2.85542e-13
5.27503e-13
6.91525e-12
7.48068e-11
6.45865e-10
4.56515e-09
2.48731e-08
9.44971e-08
2.82693e-07
5.70814e-07
1.34614e-06
2.72627e-06
5.16507e-06
6.13774e-05
0.00128148
0.00224223
0.00261559
0.00273395
0.00261603
0.00231359
0.00186669
0.00146609
0.00117594
0.000965856
0.000817439
0.000709065
0.000625797
0.000566404
0.00052002
0.000485492
0.000462029
0.000445452
0.000440072
0.000440845
0.000451813
0.000469006
0.000494207
0.000530701
0.000575263
0.000639086
0.000715925
0.000804149
0.00101733
0.00142197
0.00214252
0.00318094
0.00468951
0.00662278
0.00904033
0.0120779
0.0155557
0.0189301
0.0219365
0.0247142
0.0273673
0.0302159
0.0329306
0.0347381
0.0367109
0.0392141
0.0389209
0.0373882
0.0351057
0.031365
0.0239564
0.0138529
0.00551283
0.00267697
0.00163834
0.00101295
0.000598062
0.000331582
0.000172031
8.53034e-05
4.15245e-05
2.00654e-05
9.56295e-06
4.45337e-06
1.91244e-06
5.74322e-07
-1.64319e-07
-3.51943e-07
4.15793e-07
3.2991e-06
1.13337e-05
3.03523e-05
0.000705663
0.00228557
0.00502352
0.00874877
0.0135512
0.0188204
0.0249537
0.0311326
0.0365234
0.0411293
0.0449414
0.0481683
0.0505183
0.0520333
0.0529093
0.0535925
0.0542305
0.0548259
0.0553262
0.0556608
0.0558729
0.0560081
0.0560841
0.0561115
0.0561336
0.0561436
0.0561294
0.0561351
0.0561238
0.0560791
0.0560841
0.0560538
0.0560668
0.0561142
0.0562296
0.0564627
0.056854
0.0573687
0.057879
0.0583738
0.0587698
0.0590351
0.0590657
0.0587736
0.0581377
0.0569274
0.0552856
0.0529874
0.0500843
0.0456625
0.0394581
0.0318868
0.0242798
0.0167954
0.0119092
0.00837087
0.00685511
0.00714621
0.00922409
0.0126342
0.0180183
0.0238552
0.0288462
0.0327551
0.0356237
0.037512
0.0385817
0.0389858
0.0388834
0.0384487
0.0378704
0.0373576
0.0371385
0.0374412
0.0384474
0.0402506
0.0428938
0.046408
0.0501657
0.0529529
0.0548696
0.0560635
0.0564367
0.0558198
0.0542742
0.0521341
0.0497432
0.0473711
0.0452143
0.0433963
0.042022
0.0409753
0.0405129
0.0393463
-4.20888e-24
2.1246e-23
-8.19418e-23
2.35098e-22
-5.01566e-22
5.92743e-22
4.6783e-22
-4.1277e-21
9.24027e-21
-6.83609e-21
-1.12895e-20
-1.36547e-20
3.68893e-19
-1.65764e-18
3.6309e-18
-5.46509e-18
5.68406e-17
-2.48024e-16
2.33929e-14
7.02313e-14
7.5562e-14
-8.6685e-15
-6.62615e-13
-5.921e-12
-4.26326e-11
-3.13001e-10
-1.37407e-09
-7.44279e-10
8.85945e-09
2.99602e-08
7.74586e-08
1.83781e-07
3.89726e-07
5.85236e-07
5.36832e-08
-2.94307e-08
1.80104e-08
1.6886e-07
3.3884e-07
4.57217e-07
4.85204e-07
4.717e-07
4.50457e-07
4.29783e-07
4.16638e-07
4.10422e-07
4.0982e-07
4.20033e-07
4.36502e-07
4.62404e-07
5.00804e-07
5.51071e-07
6.24378e-07
7.19811e-07
8.56044e-07
1.02689e-06
1.24358e-06
1.52776e-06
1.90963e-06
2.48342e-06
3.3287e-06
4.62583e-06
6.59736e-06
9.26942e-06
1.28155e-05
1.72048e-05
2.26479e-05
2.85468e-05
0.000104077
0.000486277
0.0012773
0.00253015
0.00418992
0.00628204
0.00885395
0.0118313
0.0154005
0.0191007
0.0229473
0.0270975
0.0312302
0.0355003
0.037883
0.04052
0.0427291
0.0420925
0.0399743
0.0373175
0.0339117
0.0284377
0.0213244
0.0129786
0.00619048
0.00350547
0.00232104
0.00164959
0.0012628
0.00103534
0.000778599
0.000537945
0.000362671
0.000507711
0.00136528
0.00323827
0.00637653
0.0105911
0.0161228
0.0229927
0.0306095
0.0373903
0.0432629
0.0479541
0.051886
0.0539959
0.0549343
0.0558794
0.0561952
0.05582
0.0549134
0.053582
0.051951
0.0502257
0.0483771
0.0464054
0.0443732
0.0423594
0.0404975
0.0388087
0.0372808
0.0358884
0.0346746
0.0336054
0.0325957
0.0317309
0.0309412
0.0301373
0.0294854
0.028827
0.0282645
0.0277932
0.027445
0.0272964
0.0274135
0.0278333
0.0288849
0.0303395
0.0326169
0.0354109
0.0386591
0.0422726
0.0458404
0.0493803
0.0521798
0.0536484
0.0545222
0.0554697
0.0560192
0.0548367
0.0523675
0.048126
0.0447313
0.0420732
0.0407305
0.040892
0.0430919
0.046786
0.0513241
0.0552149
0.0576917
0.0590667
0.0597393
0.0600268
0.0601666
0.0601886
0.0601071
0.0599262
0.0596557
0.059317
0.058946
0.058594
0.0583295
0.05824
0.0583867
0.058772
0.0594108
0.0609574
0.0637041
0.0673776
0.071637
0.0757483
0.0776616
0.0783074
0.0784915
0.0783219
0.077823
0.077016
0.0759142
0.074554
0.0730664
0.0714739
-1.99197e-24
8.09163e-24
-1.8903e-23
3.07115e-23
-2.00759e-23
-4.26028e-23
9.58533e-23
1.16861e-22
-6.51382e-22
-7.05608e-22
1.27493e-20
-5.77725e-20
1.99288e-19
-7.63847e-19
3.97301e-18
-2.26531e-17
1.15064e-16
-5.31087e-16
2.25937e-15
2.45314e-15
2.75846e-15
6.82796e-15
3.779e-15
1.95711e-14
2.77002e-13
-2.98449e-12
1.92122e-12
7.84342e-11
1.01488e-09
5.05666e-09
8.22262e-09
1.20888e-08
2.54975e-08
-3.63523e-09
-6.13426e-08
-1.28984e-07
-2.04938e-07
-2.11399e-07
-1.89645e-07
-1.53212e-07
-1.16524e-07
-8.85835e-08
-6.98573e-08
-5.77661e-08
-4.99932e-08
-4.4881e-08
-4.13929e-08
-3.91135e-08
-3.75102e-08
-3.64437e-08
-3.5832e-08
-3.55405e-08
-3.57444e-08
-3.63076e-08
-3.74953e-08
-3.86594e-08
-3.88755e-08
-3.81442e-08
-3.78397e-08
-3.93214e-08
-4.54471e-08
-5.90915e-08
-8.1626e-08
-1.08499e-07
-1.24233e-07
-9.70536e-08
1.48494e-08
2.45674e-07
4.87039e-07
5.89711e-07
6.07892e-07
6.54656e-07
8.13186e-07
3.05663e-05
0.000311002
0.000886605
0.00185767
0.00330122
0.0052653
0.00787937
0.0111142
0.015357
0.0197737
0.0244394
0.0292004
0.0338541
0.038399
0.040937
0.0428164
0.0450267
0.0457265
0.0450869
0.0436462
0.0418563
0.0394685
0.0363042
0.0323075
0.0285291
0.0245111
0.0208487
0.0186133
0.0192095
0.0227085
0.0284416
0.0354162
0.0422364
0.0482111
0.0533325
0.0561265
0.0570649
0.0578106
0.0575687
0.0563246
0.0541152
0.0511536
0.0478294
0.0436612
0.0391384
0.0347506
0.0305436
0.0266222
0.0231212
0.0200819
0.0174786
0.0152861
0.0134527
0.0119249
0.0106571
0.00962223
0.00877745
0.00809844
0.0075379
0.00704852
0.00664389
0.00628665
0.00595277
0.00568048
0.00542319
0.00520742
0.00502922
0.00489482
0.00482283
0.00482551
0.0049145
0.00524968
0.00579733
0.00682972
0.00835133
0.0105268
0.0137054
0.0175844
0.0225153
0.0283199
0.0346528
0.040385
0.0457066
0.0502593
0.0533687
0.0547151
0.0554199
0.0565682
0.0576958
0.0588908
0.0600712
0.061211
0.0622011
0.0625528
0.0623177
0.0617167
0.0608585
0.0598612
0.0588223
0.0578011
0.0568118
0.0559191
0.0551759
0.0546298
0.0543213
0.0542775
0.0545037
0.0549827
0.0556829
0.0565751
0.0576442
0.0588973
0.0603205
0.061694
0.0630285
0.064599
0.0669301
0.070199
0.0735898
0.0759732
0.0773441
0.0780016
0.078183
0.0779826
0.0773475
0.0764165
0.0724216
-3.24001e-26
-2.48315e-26
1.35443e-24
-5.20839e-24
1.03583e-23
-4.62934e-25
-5.53267e-23
1.54294e-22
-1.34795e-22
-3.81487e-22
1.74988e-21
-4.55068e-21
1.64102e-20
-9.52765e-20
5.30754e-19
-2.29041e-18
7.34835e-18
-1.6415e-17
-1.18685e-17
-1.19107e-17
9.04825e-17
-1.90043e-16
1.12448e-15
-5.06731e-16
1.14254e-13
6.1355e-13
-1.57471e-12
2.76773e-11
6.27505e-11
1.70257e-10
2.7096e-10
7.74446e-10
2.41281e-09
-7.1038e-09
-1.21708e-08
-1.50524e-08
-1.38781e-08
-1.10182e-08
-8.09078e-09
-5.65665e-09
-3.79241e-09
-2.56369e-09
-1.79946e-09
-1.32391e-09
-1.02662e-09
-8.31577e-10
-6.95689e-10
-6.01888e-10
-5.30859e-10
-4.77707e-10
-4.38766e-10
-4.0983e-10
-3.93793e-10
-3.87292e-10
-3.93214e-10
-7.32366e-10
-1.84458e-09
-3.80812e-09
-6.54405e-09
-1.07242e-08
-1.70708e-08
-2.75804e-08
-4.36326e-08
-6.50016e-08
-8.54708e-08
-1.02641e-07
-1.05868e-07
-8.68315e-08
-4.51157e-08
-8.90102e-09
5.80614e-08
1.05525e-07
3.08834e-07
4.02319e-07
6.43173e-07
8.77686e-07
1.04774e-06
8.98849e-07
3.43964e-06
0.000172937
0.000641732
0.00153957
0.00295648
0.00495469
0.00755649
0.0109302
0.0153182
0.0199271
0.0244524
0.0290879
0.0335842
0.0387669
0.042622
0.0448319
0.0463804
0.0476086
0.0495435
0.0518128
0.0533961
0.0546614
0.0560759
0.0576189
0.059146
0.0604214
0.0611311
0.0611674
0.0604712
0.0588132
0.0561245
0.0525342
0.0484295
0.0431403
0.0374064
0.0315831
0.0259982
0.0209986
0.0167071
0.013129
0.0102343
0.00790795
0.00617069
0.00491462
0.00399412
0.00330274
0.00277623
0.00236916
0.00205076
0.00179947
0.0015982
0.00143416
0.00130136
0.00119122
0.00109596
0.00101696
0.000947494
0.000884518
0.000832417
0.00078457
0.000744312
0.000711108
0.000685432
0.000670053
0.000666138
0.000676197
0.000698717
0.000731964
0.00078651
0.000861999
0.000965045
0.00135706
0.00218476
0.00377305
0.00628372
0.0102504
0.0155103
0.0217933
0.0287454
0.0363116
0.0427757
0.0480267
0.0515595
0.0537157
0.0550746
0.0557008
0.0553953
0.0541425
0.0515099
0.0481408
0.0446479
0.0412702
0.0381326
0.0353001
0.0328001
0.030634
0.0287957
0.0272408
0.0259543
0.0249332
0.0241802
0.0237062
0.023533
0.0236951
0.0242396
0.0252233
0.0267082
0.028752
0.0313929
0.0346295
0.0384048
0.042593
0.0470088
0.0514501
0.0557025
0.0595607
0.0628425
0.0653715
0.0670608
0.0675356
0.0675813
0.0641075
6.7295e-26
-2.70169e-25
6.47218e-25
-9.56204e-25
7.92454e-26
3.43197e-24
-7.44858e-24
5.55971e-24
-2.7962e-24
6.3095e-23
-3.70003e-22
1.3621e-21
-4.63773e-21
1.90175e-20
-9.44935e-20
4.59452e-19
-1.87912e-18
5.93736e-18
-9.89322e-18
-4.15886e-17
-1.45794e-17
-1.75533e-16
2.68319e-16
2.26512e-16
9.51272e-15
5.44548e-14
3.29721e-13
2.43264e-12
3.64115e-12
8.45326e-12
1.20701e-11
1.41817e-10
-1.1646e-10
-1.30822e-09
-1.21432e-09
-9.17072e-10
-6.65192e-10
-4.22875e-10
-2.39327e-10
-1.22452e-10
-5.67286e-11
-2.43467e-11
-9.76512e-12
-3.65266e-12
-1.24636e-12
-6.46262e-14
1.14239e-12
2.73754e-12
4.80177e-12
7.37424e-12
1.04413e-11
1.39725e-11
1.80069e-11
2.2524e-11
2.76714e-11
3.36207e-11
3.9625e-11
4.80029e-11
6.24572e-11
1.05261e-10
-9.87138e-11
-1.20306e-09
-3.9148e-09
-8.96972e-09
-1.64182e-08
-2.73812e-08
-4.48048e-08
-5.98542e-08
-6.80601e-08
-6.2097e-08
-4.31064e-08
4.28536e-09
7.14154e-08
1.3826e-07
2.02956e-07
2.67774e-07
2.66951e-07
3.42989e-07
5.65209e-07
8.72882e-07
1.11039e-06
1.17597e-06
9.50231e-07
1.74842e-06
6.76908e-05
0.000409646
0.0011375
0.00230459
0.00392649
0.00598713
0.00844001
0.0117496
0.0156933
0.0198215
0.0241576
0.0285094
0.032863
0.0365883
0.0395864
0.0416254
0.0429985
0.0437481
0.0439604
0.0435565
0.0423043
0.0401754
0.037086
0.0332301
0.0286384
0.0236699
0.018814
0.0144572
0.010766
0.00778926
0.00564299
0.00414625
0.0030861
0.00232118
0.00176575
0.00135862
0.0010559
0.000830364
0.000661554
0.00053431
0.000438166
0.000364886
0.000308546
0.000264854
0.000230488
0.000203004
0.000181046
0.000163097
0.000147801
0.000135216
0.00012425
0.00011449
0.000106358
9.90128e-05
9.27942e-05
8.76438e-05
8.3554e-05
8.0883e-05
7.96952e-05
8.0428e-05
8.26767e-05
8.62019e-05
9.21329e-05
0.000100567
0.00011234
0.00012976
0.000153567
0.000187976
0.000220174
0.0005431
0.00163213
0.00384959
0.00740045
0.0129532
0.0192774
0.0261258
0.0311146
0.0344834
0.0363213
0.0367459
0.0354415
0.0327319
0.0287112
0.0243905
0.0205112
0.0172421
0.0145668
0.012407
0.0106733
0.00928427
0.00817185
0.00728186
0.00659277
0.00607024
0.00568304
0.00540978
0.00523866
0.00516635
0.00519745
0.00534458
0.00562887
0.00608031
0.0067379
0.00764969
0.00887074
0.0104729
0.0125604
0.0152817
0.0186258
0.0223495
0.0262521
0.0301001
0.0336807
0.0366645
0.0390799
0.040495
3.87795e-27
-1.22197e-26
3.85017e-27
4.1016e-26
-8.27236e-26
-2.24631e-25
1.18687e-24
-1.59169e-24
-3.17949e-24
2.0872e-23
-6.76744e-23
2.31394e-22
-1.0031e-21
4.67529e-21
-1.98531e-20
6.97216e-20
-1.87422e-19
3.12698e-19
1.67582e-19
-1.57333e-18
-8.03312e-19
-1.07424e-17
-1.11944e-17
6.78619e-17
2.03291e-16
1.89743e-15
1.54252e-14
7.18899e-14
1.45347e-13
3.34029e-13
1.60989e-12
1.04402e-11
-6.49938e-11
-7.26777e-11
-3.41003e-11
-4.19565e-12
1.10795e-11
1.67796e-11
1.704e-11
1.5148e-11
1.25106e-11
9.81446e-12
7.30422e-12
4.46266e-12
2.52517e-12
1.46548e-12
9.42501e-13
7.01149e-13
6.7616e-13
7.88947e-13
9.61058e-13
1.15514e-12
1.38266e-12
1.64718e-12
1.97496e-12
2.31402e-12
3.49078e-12
6.20724e-12
1.12686e-11
2.02834e-11
4.47567e-11
6.46281e-11
8.37422e-11
1.0519e-10
2.2175e-10
4.44219e-11
-2.77489e-09
-8.28816e-09
-1.76032e-08
-2.79359e-08
-3.51523e-08
-3.24044e-08
-2.22328e-08
-1.75053e-10
3.39206e-08
7.48306e-08
1.17838e-07
1.80171e-07
2.46934e-07
3.02801e-07
3.13639e-07
3.00316e-07
3.71589e-07
5.57815e-07
7.87998e-07
1.31237e-06
1.77128e-06
2.55669e-06
5.46475e-06
1.90646e-05
9.58253e-05
0.000384405
0.000944007
0.00176137
0.00285251
0.00411265
0.00558529
0.00731246
0.00946003
0.0119079
0.0142603
0.0159273
0.0167213
0.016597
0.0155878
0.0139275
0.0117938
0.0094618
0.00712659
0.00514673
0.00366556
0.00260482
0.00185157
0.00131987
0.000938823
0.000668825
0.000478156
0.000343743
0.000249398
0.000182837
0.000135543
0.000101881
7.76957e-05
6.01267e-05
4.73079e-05
3.78788e-05
3.08949e-05
2.56846e-05
2.17456e-05
1.87194e-05
1.63901e-05
1.45504e-05
1.30192e-05
1.17872e-05
1.07162e-05
9.76581e-06
8.96382e-06
8.23005e-06
7.59122e-06
7.04446e-06
6.5849e-06
6.2474e-06
6.03007e-06
5.97339e-06
6.03865e-06
6.19674e-06
6.54662e-06
7.10324e-06
7.96954e-06
9.34348e-06
1.13745e-05
1.46772e-05
1.9746e-05
2.75965e-05
3.6566e-05
4.34131e-05
0.000113102
0.00105208
0.00293006
0.00608753
0.00900696
0.0112673
0.0124476
0.0125117
0.0113319
0.00940598
0.00711989
0.00517594
0.00383671
0.00294464
0.00233576
0.00190584
0.0015937
0.00136233
0.0011883
0.00105626
0.000955744
0.000879683
0.000823309
0.000783541
0.00075864
0.000748062
0.0007525
0.0007741
0.000816809
0.000886812
0.000993018
0.00114751
0.00136597
0.00166667
0.00206966
0.0025985
0.00327118
0.00409312
0.00505707
0.00614038
0.0073113
0.00853347
0.0096812
0.0113437
-7.35849e-28
2.71643e-27
-5.54263e-27
3.18128e-27
2.20126e-26
-8.1218e-26
1.19443e-25
-7.93629e-26
1.80249e-25
-1.24181e-24
4.30095e-24
-1.02777e-23
2.44835e-23
-9.46003e-23
5.32531e-22
-2.68407e-21
9.62508e-21
-1.77073e-20
-4.75382e-20
4.97075e-19
-5.57359e-19
3.64334e-18
-4.82877e-18
9.36532e-18
1.63716e-17
5.17348e-17
7.36172e-17
2.24362e-15
6.66043e-15
1.97435e-14
8.14791e-13
-2.16944e-12
-4.30672e-12
-4.64883e-12
-2.67869e-12
4.09343e-13
3.92834e-12
5.67811e-12
5.63117e-12
4.53605e-12
3.0442e-12
1.81486e-12
1.02332e-12
5.80048e-13
3.0511e-13
1.1921e-13
2.90733e-14
7.56548e-15
1.98717e-14
5.49423e-14
1.2436e-13
1.75592e-13
1.59698e-13
1.03616e-13
1.69912e-14
-7.25143e-14
-1.0622e-13
-7.58048e-14
1.738e-13
1.26943e-13
4.44771e-12
1.20158e-11
1.96238e-11
3.4059e-11
5.54732e-11
9.65129e-11
1.26422e-10
2.72852e-10
1.60424e-10
-1.65757e-09
-5.16607e-09
-1.01165e-08
-1.48691e-08
-1.61895e-08
-1.3035e-08
-6.71376e-09
6.71094e-09
2.8634e-08
5.57078e-08
9.85645e-08
1.42984e-07
1.84239e-07
2.36439e-07
3.07372e-07
4.01442e-07
5.30269e-07
7.4179e-07
1.02819e-06
1.39301e-06
2.6894e-06
4.22579e-06
5.65704e-06
7.36854e-06
1.06313e-05
1.92772e-05
4.20148e-05
9.47858e-05
0.000193283
0.000351928
0.000564439
0.000819118
0.00107607
0.00130027
0.00145232
0.0014996
0.0014421
0.0012893
0.0010808
0.000855905
0.000644512
0.000464748
0.000323196
0.00021862
0.00014523
9.49645e-05
6.13873e-05
3.90857e-05
2.43036e-05
1.45598e-05
8.14264e-06
3.93032e-06
1.1885e-06
-5.83384e-07
-1.6734e-06
-2.27279e-06
-2.53563e-06
-2.5765e-06
-2.47773e-06
-2.2997e-06
-2.08324e-06
-1.8561e-06
-1.63746e-06
-1.43569e-06
-1.25516e-06
-1.10073e-06
-9.73242e-07
-8.71937e-07
-7.97096e-07
-7.47813e-07
-7.24685e-07
-7.30287e-07
-7.62882e-07
-8.20238e-07
-8.99666e-07
-9.98818e-07
-1.11477e-06
-1.2427e-06
-1.3785e-06
-1.51496e-06
-1.63827e-06
-1.73454e-06
-1.76321e-06
-1.64801e-06
-1.13885e-06
1.25347e-07
2.87492e-06
6.30712e-06
8.8058e-06
8.65388e-06
7.29757e-06
0.000183645
0.000403893
0.00049512
0.00052211
0.000485236
0.000414077
0.000330204
0.000261675
0.000210726
0.000172498
0.000143597
0.000121599
0.00010475
9.17715e-05
8.17379e-05
7.39903e-05
6.80507e-05
6.35781e-05
6.03439e-05
5.82137e-05
5.71392e-05
5.71604e-05
5.84285e-05
6.12488e-05
6.61425e-05
7.39296e-05
8.58343e-05
0.000103594
0.000129601
0.000166654
0.000218067
0.000287538
0.000378546
0.000493635
0.000633558
0.000796357
0.000976668
0.00116534
0.00134612
0.00154794
-2.79037e-29
8.87775e-29
-6.77007e-29
-5.04631e-29
-2.50771e-28
2.88326e-27
-5.31334e-27
-1.02352e-26
8.26686e-26
-2.86836e-25
9.53531e-25
-3.75755e-24
1.58e-23
-6.31855e-23
2.24958e-22
-6.59602e-22
1.35965e-21
-6.29425e-22
-9.23453e-21
3.88704e-20
-8.16621e-20
3.37197e-19
1.06792e-19
-1.12758e-18
4.97681e-18
-7.38037e-18
-3.3564e-17
9.5797e-17
-6.22077e-17
1.80897e-15
4.18562e-14
-2.07873e-13
-1.1553e-13
-1.99593e-14
2.37768e-13
5.49097e-13
8.61659e-13
1.0279e-12
9.98037e-13
8.27058e-13
6.03126e-13
4.31763e-13
3.95641e-13
4.38147e-13
4.90198e-13
5.65361e-13
6.52534e-13
7.16487e-13
7.47569e-13
7.52057e-13
7.03818e-13
5.41382e-13
2.43385e-13
-1.58937e-13
-6.2996e-13
-1.13361e-12
-1.60961e-12
-2.02816e-12
-2.3471e-12
-2.5285e-12
-2.49187e-12
-1.91972e-12
-1.28663e-12
1.16492e-12
2.82215e-12
1.22006e-11
4.20077e-11
8.65107e-11
1.34319e-10
2.10285e-10
3.8816e-10
9.14143e-11
-1.22418e-09
-3.43367e-09
-5.5324e-09
-6.9443e-09
-6.33066e-09
-4.54348e-09
-2.20565e-09
4.20861e-09
1.6448e-08
3.46061e-08
5.9509e-08
9.37366e-08
1.3846e-07
1.94464e-07
2.77956e-07
3.98678e-07
5.06609e-07
6.35005e-07
8.14451e-07
1.03543e-06
1.30514e-06
1.6551e-06
2.16781e-06
2.76225e-06
3.33751e-06
3.7588e-06
3.95516e-06
3.84471e-06
3.46104e-06
2.82057e-06
1.97853e-06
9.41609e-07
-2.31073e-07
-1.44445e-06
-2.62724e-06
-3.73911e-06
-4.73935e-06
-5.59581e-06
-6.29285e-06
-6.82733e-06
-7.20735e-06
-7.44973e-06
-7.57001e-06
-7.59921e-06
-7.54755e-06
-7.41772e-06
-7.21749e-06
-6.95651e-06
-6.65081e-06
-6.34801e-06
-5.99945e-06
-5.4712e-06
-4.88908e-06
-4.30844e-06
-3.75898e-06
-3.25186e-06
-2.80071e-06
-2.4043e-06
-2.06105e-06
-1.76845e-06
-1.51825e-06
-1.3083e-06
-1.13258e-06
-9.87679e-07
-8.71848e-07
-7.84296e-07
-7.26069e-07
-6.9461e-07
-6.80956e-07
-6.78511e-07
-6.83898e-07
-6.99795e-07
-7.34167e-07
-7.89749e-07
-8.75576e-07
-9.95493e-07
-1.15056e-06
-1.33924e-06
-1.55724e-06
-1.75305e-06
-1.89002e-06
-1.93903e-06
-1.83931e-06
-1.48776e-06
-6.55445e-07
3.64181e-07
1.02395e-06
2.51737e-06
3.70224e-06
4.54915e-06
4.81011e-06
4.64216e-06
4.15921e-06
3.57168e-06
2.96405e-06
2.47291e-06
2.10514e-06
1.82444e-06
1.61451e-06
1.46134e-06
1.34842e-06
1.25932e-06
1.18185e-06
1.1106e-06
1.03985e-06
9.67067e-07
8.93346e-07
8.22868e-07
7.6314e-07
7.26217e-07
7.31053e-07
8.07261e-07
1.00053e-06
1.38076e-06
2.04952e-06
3.15157e-06
4.88282e-06
7.48099e-06
1.12335e-05
1.64468e-05
2.33984e-05
3.22731e-05
4.30944e-05
5.56645e-05
6.95294e-05
8.3979e-05
9.80268e-05
0.000112383
2.76067e-30
-1.06289e-29
1.82118e-29
1.78187e-29
-1.81262e-28
4.26122e-28
-3.61385e-28
2.97234e-28
-2.66387e-27
9.55528e-27
-1.52459e-26
-7.19235e-28
9.42934e-26
-4.65528e-25
1.73086e-24
-6.46382e-24
3.19398e-23
-1.8396e-22
9.6677e-22
-3.74061e-21
8.37795e-21
-3.29394e-20
7.25662e-20
-4.74862e-20
-4.36271e-19
3.60492e-18
-1.87612e-17
5.55892e-17
-2.58706e-16
7.86794e-16
-6.47992e-15
-4.99643e-15
-9.82231e-15
8.71228e-15
8.09542e-14
1.18247e-13
1.13041e-13
1.02005e-13
8.61515e-14
6.93081e-14
1.13163e-13
3.24761e-13
1.0147e-12
1.63407e-12
2.16838e-12
2.44028e-12
2.45528e-12
2.35923e-12
2.2458e-12
2.18365e-12
1.84856e-12
1.00936e-12
2.7023e-13
-3.42926e-13
-9.6275e-13
-1.71325e-12
-2.64035e-12
-3.71503e-12
-4.86816e-12
-5.95843e-12
-6.92323e-12
-7.65091e-12
-8.09819e-12
-8.08377e-12
-7.30419e-12
-6.56724e-12
-9.23157e-13
5.48146e-12
2.46565e-11
6.74683e-11
1.24892e-10
1.68204e-10
2.4665e-10
2.62411e-10
-3.36169e-11
-7.3288e-10
-1.5907e-09
-2.27501e-09
-2.47541e-09
-1.97546e-09
-1.1312e-09
-2.85133e-10
1.08333e-09
4.41164e-09
1.01232e-08
1.83571e-08
2.97088e-08
4.60608e-08
6.17228e-08
6.64731e-08
7.11363e-08
7.82664e-08
8.93523e-08
1.05017e-07
1.2794e-07
1.5918e-07
2.0157e-07
2.53554e-07
3.12371e-07
3.67419e-07
4.11203e-07
4.29333e-07
4.11025e-07
3.36731e-07
1.73011e-07
-1.29537e-07
-4.77977e-07
-8.12394e-07
-1.16768e-06
-1.50239e-06
-1.7786e-06
-1.97184e-06
-2.08438e-06
-2.12821e-06
-2.10735e-06
-2.03569e-06
-1.92381e-06
-1.77903e-06
-1.61355e-06
-1.43609e-06
-1.25417e-06
-1.0778e-06
-9.15401e-07
-7.71281e-07
-6.46081e-07
-5.38687e-07
-4.47582e-07
-3.70807e-07
-3.06266e-07
-2.52171e-07
-2.06955e-07
-1.68769e-07
-1.36002e-07
-1.08587e-07
-8.56691e-08
-6.70966e-08
-5.26021e-08
-4.12984e-08
-3.25414e-08
-2.60265e-08
-2.15449e-08
-1.91366e-08
-1.88103e-08
-2.07248e-08
-2.82956e-08
-4.61411e-08
-7.90924e-08
-1.29823e-07
-2.03917e-07
-3.12011e-07
-4.60964e-07
-6.81718e-07
-9.45365e-07
-1.23652e-06
-1.49096e-06
-1.67927e-06
-1.64782e-06
-1.46184e-06
-1.01287e-06
-1.01971e-07
3.22481e-07
5.99946e-07
7.40224e-07
7.61424e-07
6.43802e-07
4.63658e-07
2.64643e-07
1.05945e-07
1.11995e-09
-4.6152e-08
-5.24317e-08
-4.09943e-08
-2.65504e-08
-1.32098e-08
-3.06316e-09
-8.06813e-09
-3.81948e-08
-9.13263e-08
-1.59859e-07
-2.37195e-07
-3.18595e-07
-4.00772e-07
-4.81056e-07
-5.55622e-07
-6.14932e-07
-6.39966e-07
-6.24746e-07
-5.69627e-07
-4.76709e-07
-3.49614e-07
-1.95922e-07
-2.84849e-08
1.35453e-07
2.77159e-07
3.8108e-07
4.33089e-07
4.15922e-07
3.12076e-07
1.08984e-07
-2.48464e-07
4.49007e-30
-8.93388e-29
5.5837e-28
-1.80827e-27
3.03043e-27
-3.43944e-28
-8.96352e-27
1.18015e-26
6.98066e-27
-2.14051e-26
-3.52035e-26
8.74883e-26
5.26777e-26
-1.38742e-25
-4.24027e-25
1.30175e-24
-1.23703e-24
-1.14711e-23
9.88472e-23
-4.58643e-22
1.57089e-21
-4.38801e-21
2.36279e-21
1.97059e-20
-1.12336e-19
4.79461e-19
-1.24921e-18
4.68036e-18
-7.64204e-18
8.47194e-19
-2.66343e-16
-6.25997e-17
-2.11876e-16
2.43023e-15
9.93848e-15
1.26433e-14
1.26064e-14
1.08225e-14
9.68697e-15
2.62755e-14
4.51089e-13
2.3263e-12
7.36044e-12
1.18082e-11
1.63839e-11
1.91226e-11
2.03136e-11
2.04859e-11
1.98389e-11
1.97679e-11
2.0292e-11
3.78846e-11
7.69133e-11
1.10197e-10
1.25634e-10
1.24563e-10
1.08123e-10
8.75567e-11
6.67162e-11
4.5809e-11
2.71743e-11
1.20791e-11
9.40016e-13
-6.9878e-12
-1.29082e-11
-1.63176e-11
-1.70592e-11
-1.62924e-11
-1.4287e-11
-5.61311e-12
5.29861e-12
3.48732e-11
7.27346e-11
1.06681e-10
1.44184e-10
1.60879e-10
1.3158e-10
-1.4545e-11
-2.37639e-10
-4.7759e-10
-6.18191e-10
-5.79489e-10
-3.74665e-10
3.8022e-11
4.15964e-10
8.45344e-10
1.39877e-09
2.07353e-09
2.8857e-09
3.71557e-09
4.59625e-09
5.54791e-09
6.62614e-09
7.86501e-09
9.40442e-09
1.13013e-08
1.37704e-08
1.68907e-08
2.07504e-08
2.50264e-08
2.94521e-08
3.30112e-08
3.4697e-08
3.30127e-08
2.62464e-08
5.82092e-09
-2.12296e-08
-4.49109e-08
-6.91351e-08
-9.25626e-08
-1.14345e-07
-1.33228e-07
-1.48459e-07
-1.59629e-07
-1.65777e-07
-1.67257e-07
-1.64225e-07
-1.57104e-07
-1.4665e-07
-1.3401e-07
-1.20407e-07
-1.06958e-07
-9.41151e-08
-8.19827e-08
-7.0946e-08
-6.07865e-08
-5.12881e-08
-4.23442e-08
-3.40073e-08
-2.64009e-08
-1.9646e-08
-1.3014e-08
-6.91792e-09
-2.47979e-09
2.21449e-11
1.23322e-09
2.08772e-09
3.10501e-09
4.2321e-09
5.58805e-09
5.98846e-09
5.07367e-09
2.24623e-09
-3.05386e-09
-1.08809e-08
-2.09e-08
-3.26599e-08
-4.56912e-08
-5.9303e-08
-7.05349e-08
-9.13337e-08
-1.3362e-07
-2.086e-07
-3.33414e-07
-4.94458e-07
-7.24241e-07
-1.00187e-06
-1.22264e-06
-1.33138e-06
-1.25748e-06
-1.1846e-06
-1.13378e-06
-1.09459e-06
-1.04369e-06
-9.85139e-07
-9.18001e-07
-8.33887e-07
-7.68534e-07
-6.5759e-07
-5.27375e-07
-4.3026e-07
-3.97733e-07
-4.05148e-07
-4.23291e-07
-4.40317e-07
-5.95589e-07
-7.56001e-07
-8.96438e-07
-1.00195e-06
-1.07081e-06
-1.1067e-06
-1.11656e-06
-1.10845e-06
-1.08924e-06
-1.06218e-06
-1.03634e-06
-1.02295e-06
-9.96451e-07
-9.44859e-07
-8.79633e-07
-7.84239e-07
-6.35281e-07
-3.84564e-07
6.31468e-08
8.80912e-07
2.37151e-06
5.11432e-06
1.01496e-05
1.84383e-05
3.70039e-05
-3.64513e-28
1.57582e-27
-3.57732e-27
6.42368e-28
2.19597e-26
-6.97664e-26
7.2445e-26
6.19598e-26
-1.52017e-25
-3.32821e-25
1.11713e-24
6.55659e-26
-3.52858e-24
2.44641e-24
5.34557e-24
-3.09798e-24
-8.23242e-24
-3.21255e-24
1.39766e-23
2.89228e-23
1.69011e-23
1.05207e-22
-1.11735e-23
-1.80644e-21
2.26051e-20
-1.37208e-19
6.49987e-19
-2.10939e-18
7.20445e-18
-1.39157e-17
-5.74891e-18
2.06635e-17
9.22884e-17
5.44223e-17
4.08758e-16
6.5391e-16
7.07367e-16
1.54994e-15
1.44831e-14
4.81483e-13
4.25466e-12
2.01768e-11
5.9977e-11
9.29285e-11
1.29944e-10
1.5508e-10
1.67523e-10
2.40593e-10
4.52342e-10
7.57359e-10
1.16801e-09
1.51202e-09
1.68258e-09
1.65845e-09
1.50296e-09
1.27697e-09
1.02741e-09
7.75446e-10
5.32163e-10
3.30897e-10
2.23059e-10
1.41852e-10
7.56956e-11
2.29423e-11
-1.72482e-11
-4.49104e-11
-6.10229e-11
-6.9246e-11
-7.25212e-11
-7.20128e-11
-6.87957e-11
-5.91462e-11
-4.39547e-11
-2.31173e-11
8.56796e-12
3.55419e-11
5.36787e-11
5.83147e-11
5.68507e-11
4.85574e-11
1.63586e-11
-2.16062e-11
-4.74367e-11
-2.99344e-11
2.54975e-11
1.19874e-10
2.33912e-10
3.59945e-10
4.97276e-10
6.4383e-10
8.01196e-10
9.70048e-10
1.15208e-09
1.34399e-09
1.5599e-09
1.80177e-09
2.09131e-09
2.4353e-09
2.85819e-09
3.35748e-09
3.95996e-09
4.65282e-09
5.42921e-09
6.24408e-09
7.72097e-09
1.11924e-08
1.50456e-08
1.65343e-08
1.7183e-08
1.7249e-08
1.69207e-08
1.647e-08
1.61881e-08
1.62783e-08
1.69529e-08
1.8225e-08
1.99086e-08
2.16282e-08
2.28459e-08
2.33982e-08
2.31694e-08
2.18738e-08
2.01382e-08
1.63805e-08
1.14224e-08
7.96332e-09
6.75527e-09
7.25677e-09
8.94941e-09
1.21227e-08
1.62514e-08
1.98914e-08
2.01224e-08
1.67642e-08
1.25398e-08
8.51344e-09
3.41259e-09
-4.51606e-09
-1.75489e-08
-4.13322e-08
-7.75118e-08
-1.24157e-07
-1.77821e-07
-2.24583e-07
-2.6449e-07
-2.98018e-07
-3.19427e-07
-3.28056e-07
-3.26857e-07
-3.14995e-07
-2.96988e-07
-2.759e-07
-2.60221e-07
-2.64527e-07
-2.7708e-07
-3.11131e-07
-3.91132e-07
-5.16464e-07
-6.66957e-07
-8.18394e-07
-9.12893e-07
-9.60764e-07
-9.80175e-07
-9.68575e-07
-8.87207e-07
-6.73126e-07
-2.14867e-07
2.62651e-08
1.99357e-07
1.1489e-07
-1.53341e-07
-5.49684e-07
-1.00687e-06
-1.4497e-06
-1.84606e-06
-2.31908e-06
-2.32343e-06
-2.28887e-06
-2.20609e-06
-2.07995e-06
-1.92228e-06
-1.74726e-06
-1.56712e-06
-1.38819e-06
-1.20684e-06
-1.00734e-06
-7.55094e-07
-3.83723e-07
2.30623e-07
1.31101e-06
3.25321e-06
6.74874e-06
1.29883e-05
2.39811e-05
4.30169e-05
7.53954e-05
0.000128813
0.000218279
0.000340668
0.000646515
6.52689e-28
2.89778e-27
-3.36648e-26
1.27858e-25
-2.61066e-25
1.66921e-25
5.78298e-25
-1.46819e-24
6.66001e-25
1.75707e-24
1.74943e-24
-1.26764e-23
-2.93704e-24
6.73118e-23
-5.98172e-23
-1.0162e-22
6.19744e-23
2.01159e-22
-6.94817e-24
-5.33481e-22
-9.45828e-22
-1.14472e-21
-1.46104e-21
-1.46386e-21
8.90069e-22
-1.7045e-20
6.88284e-20
-2.03975e-19
2.89478e-19
5.96224e-19
-4.49522e-19
-4.91305e-20
3.65924e-17
9.01448e-18
1.47378e-17
3.30922e-17
5.8948e-18
1.53665e-14
4.30284e-13
9.10344e-12
4.70063e-11
2.21956e-10
5.70004e-10
8.09548e-10
1.09466e-09
1.7212e-09
3.3127e-09
4.74755e-09
5.91414e-09
6.63866e-09
6.47308e-09
5.50871e-09
4.36146e-09
3.47112e-09
2.69764e-09
1.8797e-09
9.71115e-10
4.56548e-12
-9.81525e-10
-1.90092e-09
-2.72423e-09
-3.38297e-09
-3.86889e-09
-4.16986e-09
-4.30095e-09
-4.29162e-09
-4.17049e-09
-3.97019e-09
-3.72131e-09
-3.44231e-09
-3.16106e-09
-2.87801e-09
-2.61201e-09
-2.36027e-09
-2.12189e-09
-1.90096e-09
-1.69263e-09
-1.50437e-09
-1.33989e-09
-1.2006e-09
-1.08505e-09
-9.87473e-10
-9.0162e-10
-8.26892e-10
-7.66873e-10
-7.07772e-10
-6.47877e-10
-5.90829e-10
-5.37157e-10
-4.87402e-10
-4.39883e-10
-3.9277e-10
-3.42943e-10
-2.95078e-10
-2.45116e-10
-1.9917e-10
-1.52331e-10
-1.10878e-10
-7.26874e-11
-5.6853e-11
-5.36332e-11
-9.14789e-11
-1.73899e-10
-2.85353e-10
-4.74102e-10
-7.39017e-10
-6.99622e-10
8.30465e-11
2.95195e-09
7.9008e-09
1.03053e-08
1.26005e-08
1.66092e-08
2.03733e-08
2.4478e-08
2.90955e-08
3.38838e-08
3.7973e-08
3.91005e-08
3.2271e-08
6.23689e-09
-3.43658e-08
-7.49358e-08
-9.68041e-08
-9.72608e-08
-8.43281e-08
-6.50934e-08
-4.16989e-08
-1.41512e-08
1.4807e-08
3.423e-08
3.33831e-08
5.25688e-09
-4.62475e-08
-1.24645e-07
-2.34465e-07
-3.69593e-07
-5.22158e-07
-6.72612e-07
-8.16947e-07
-9.47059e-07
-1.03855e-06
-1.05428e-06
-1.02184e-06
-9.58143e-07
-8.86344e-07
-8.14454e-07
-7.48316e-07
-6.89473e-07
-6.36869e-07
-5.89735e-07
-5.45615e-07
-5.02202e-07
-4.60723e-07
-4.26378e-07
-4.00334e-07
-3.87673e-07
-4.06438e-07
-4.3855e-07
-4.97333e-07
-5.46749e-07
-5.67721e-07
-5.21539e-07
-2.94113e-07
2.53683e-07
1.00316e-06
2.69063e-06
3.58751e-06
3.41653e-06
2.42252e-06
9.55065e-07
-6.9973e-07
-2.32262e-06
-3.77973e-06
-3.9922e-06
1.87671e-05
8.53991e-05
0.000175609
0.000270744
0.000355474
0.000418781
0.000454281
0.000460422
0.000443195
0.000417054
0.000386664
0.000356766
0.000332406
0.000318968
0.000322635
0.000351007
0.000413881
0.00052471
0.000702434
0.000973483
0.00137516
0.00195049
0.00280156
0.00378538
0.00627719
1.41672e-26
-5.72555e-26
1.12789e-25
9.74703e-26
-1.27291e-24
3.98308e-24
-5.28553e-24
-2.27104e-24
1.83223e-23
-7.0112e-24
-7.25586e-23
9.76415e-23
2.22941e-22
-5.63304e-22
-3.66906e-22
1.49455e-21
1.61109e-21
-2.79818e-21
-1.36478e-20
-2.71909e-20
-3.7823e-20
-4.60045e-20
-5.50559e-20
-6.52411e-20
-7.71113e-20
-8.80552e-20
-1.12119e-19
-8.80125e-20
-2.39719e-19
7.2734e-20
-2.36293e-19
-3.35771e-19
3.52844e-18
6.5617e-18
-6.8823e-19
-1.73556e-17
-2.41113e-17
3.86168e-14
1.2133e-12
2.10579e-11
1.79779e-10
1.19385e-09
4.16696e-09
6.61012e-09
1.08346e-08
1.43011e-08
1.71555e-08
1.62961e-08
1.50907e-08
1.31909e-08
5.75216e-09
-8.02889e-09
-2.5664e-08
-4.5509e-08
-6.6556e-08
-8.83803e-08
-1.10497e-07
-1.31991e-07
-1.52e-07
-1.66855e-07
-1.76933e-07
-1.80733e-07
-1.79416e-07
-1.73538e-07
-1.64415e-07
-1.53152e-07
-1.40755e-07
-1.27929e-07
-1.15431e-07
-1.0342e-07
-9.24702e-08
-8.23475e-08
-7.33607e-08
-6.53635e-08
-5.82703e-08
-5.20732e-08
-4.66079e-08
-4.18311e-08
-3.76274e-08
-3.39679e-08
-3.07477e-08
-2.79315e-08
-2.54687e-08
-2.33202e-08
-2.14606e-08
-1.98498e-08
-1.84462e-08
-1.72591e-08
-1.62275e-08
-1.5365e-08
-1.46333e-08
-1.4049e-08
-1.3561e-08
-1.3221e-08
-1.29646e-08
-1.2858e-08
-1.27999e-08
-1.37171e-08
-1.53969e-08
-1.83346e-08
-2.10075e-08
-2.45723e-08
-2.89733e-08
-3.35894e-08
-3.78377e-08
-3.97553e-08
-3.88689e-08
-3.70474e-08
-3.55414e-08
-3.20276e-08
-2.83064e-08
-2.57912e-08
-5.4071e-08
-1.15901e-07
-2.05221e-07
-3.14805e-07
-4.28059e-07
-5.25925e-07
-6.15672e-07
-7.02492e-07
-7.43991e-07
-6.8514e-07
-5.25697e-07
-3.25373e-07
-2.30086e-07
-1.68716e-07
-1.05662e-07
-2.77714e-08
8.65679e-08
1.96357e-07
2.74616e-07
3.06198e-07
2.75308e-07
1.74557e-07
-3.2931e-09
-2.4166e-07
-5.22185e-07
-7.91257e-07
-1.01325e-06
-1.09586e-06
-1.00392e-06
-6.75398e-07
-1.43008e-07
5.71799e-07
1.3917e-06
2.17954e-06
2.85224e-06
3.33278e-06
3.62026e-06
3.67694e-06
3.59372e-06
3.35662e-06
3.07523e-06
2.73685e-06
2.40706e-06
2.06544e-06
1.74291e-06
1.48628e-06
1.42921e-06
1.48034e-06
1.81424e-06
2.54779e-06
3.75498e-06
5.25362e-06
6.43136e-06
6.98687e-06
8.36002e-06
0.000227959
0.000801397
0.00168181
0.00281124
0.0041312
0.00558646
0.00712238
0.0086802
0.0102203
0.0116909
0.0129923
0.0140833
0.0149427
0.0155616
0.0159368
0.016081
0.0160231
0.0157811
0.0153914
0.0149008
0.0143685
0.0138581
0.0134416
0.0132004
0.0132228
0.0136116
0.0144887
0.0159891
0.0182716
0.0213962
0.0257784
0.0299639
0.0401325
-3.83395e-26
-3.68512e-27
7.11593e-25
-2.82586e-24
5.81946e-24
-2.6788e-24
-2.02976e-23
5.61364e-23
-3.5172e-23
-8.29764e-23
-7.68469e-23
1.05395e-21
-6.64262e-22
-6.86974e-21
1.44665e-20
6.26414e-21
-2.25948e-20
-2.65726e-20
3.15994e-20
1.31371e-19
2.16179e-19
2.6888e-19
3.12027e-19
3.48717e-19
3.94142e-19
4.55318e-19
4.72734e-19
5.47332e-19
1.89126e-19
-1.04443e-18
-2.1732e-18
-3.8608e-17
-4.83635e-17
-4.21329e-17
-3.57082e-17
-3.03581e-17
4.65651e-16
2.93907e-11
1.77091e-11
5.7915e-11
1.36498e-09
3.37243e-09
1.79525e-08
3.41589e-08
4.13024e-08
3.43123e-08
1.91501e-08
-9.65453e-09
-3.93815e-08
-7.3417e-08
-1.11604e-07
-1.48452e-07
-2.10022e-07
-2.67465e-07
-3.20484e-07
-3.75642e-07
-4.35427e-07
-4.9599e-07
-5.55794e-07
-6.11244e-07
-6.62043e-07
-7.05515e-07
-7.41293e-07
-7.67901e-07
-7.85397e-07
-7.94026e-07
-7.95015e-07
-7.896e-07
-7.79225e-07
-7.64286e-07
-7.46648e-07
-7.2601e-07
-7.04183e-07
-6.81239e-07
-6.57662e-07
-6.34214e-07
-6.10789e-07
-5.87879e-07
-5.65432e-07
-5.43856e-07
-5.22986e-07
-5.03077e-07
-4.84222e-07
-4.66593e-07
-4.50554e-07
-4.36422e-07
-4.23855e-07
-4.07962e-07
-3.87463e-07
-3.63581e-07
-3.41367e-07
-3.21753e-07
-3.04066e-07
-2.88542e-07
-2.74468e-07
-2.62394e-07
-2.51684e-07
-2.41884e-07
-2.32385e-07
-2.23669e-07
-2.17408e-07
-2.08432e-07
-1.9746e-07
-1.86616e-07
-1.77889e-07
-1.7096e-07
-1.72014e-07
-1.75957e-07
-1.62173e-07
-1.03734e-07
2.93176e-08
2.58532e-07
2.61569e-07
1.25279e-07
-1.22367e-07
-4.56218e-07
-8.24292e-07
-1.14505e-06
-1.29617e-06
-1.18201e-06
-7.74128e-07
-7.77835e-08
8.60123e-07
1.98542e-06
3.1953e-06
4.36649e-06
5.43854e-06
6.60343e-06
1.79088e-05
4.87398e-05
0.000113176
0.000225026
0.000408021
0.000665636
0.00102835
0.00148592
0.00205695
0.00271471
0.00347405
0.0042664
0.00510992
0.00588701
0.00661507
0.0071628
0.00752543
0.00767495
0.00762732
0.00734413
0.00690642
0.00628144
0.00560113
0.00484107
0.00411572
0.00340709
0.00277625
0.002206
0.00171741
0.0013304
0.00111904
0.000991705
0.000976455
0.00102758
0.0012286
0.00186014
0.00333867
0.00569846
0.00891193
0.0127825
0.0169502
0.0210469
0.0249157
0.0285375
0.031907
0.03498
0.037726
0.0401332
0.0422002
0.0439304
0.0453313
0.0464141
0.0471777
0.0476506
0.0478745
0.0478783
0.0477167
0.0474646
0.0472132
0.0470724
0.0471634
0.0476231
0.0485961
0.0502181
0.0525931
0.0557533
0.0596069
0.0639168
0.068326
0.0725987
0.0760356
0.0809082
-3.71374e-25
1.24989e-24
-1.65911e-24
-4.685e-24
3.56241e-23
-1.16764e-22
2.07134e-22
-5.28655e-23
-7.58391e-22
1.67302e-21
4.60676e-22
-6.88934e-21
1.3427e-21
3.26461e-20
-2.35984e-21
-2.12535e-19
3.27498e-20
1.34223e-18
3.9065e-18
6.20184e-18
6.17625e-18
7.02722e-18
8.07015e-18
1.00487e-17
8.3885e-18
8.47254e-18
1.07513e-17
1.99071e-17
5.61048e-17
1.96235e-16
7.10042e-16
2.35552e-15
6.60156e-15
1.57406e-14
3.31778e-14
6.40536e-14
9.98415e-14
3.88015e-10
-3.04285e-09
-1.42148e-08
-2.48546e-08
-4.14557e-09
6.4973e-08
1.36894e-07
1.78675e-07
9.06794e-08
5.22416e-09
-8.00431e-08
-2.1074e-07
-2.02533e-07
7.17867e-09
2.57312e-07
5.65572e-07
9.36211e-07
1.37819e-06
2.04446e-06
3.16365e-06
4.51055e-06
5.97357e-06
7.30003e-06
8.40239e-06
9.12674e-06
9.49957e-06
9.50677e-06
9.24321e-06
8.7537e-06
8.13556e-06
7.42497e-06
6.69509e-06
5.95747e-06
5.25971e-06
4.59495e-06
3.98717e-06
3.43216e-06
2.93004e-06
2.48265e-06
2.08275e-06
1.73014e-06
1.41818e-06
1.14599e-06
9.07871e-07
7.01451e-07
5.23243e-07
3.70079e-07
2.39369e-07
1.28446e-07
3.48733e-08
-4.23394e-08
-1.0475e-07
-1.52849e-07
-1.89092e-07
-2.15008e-07
-2.3269e-07
-2.43256e-07
-2.48068e-07
-2.47773e-07
-2.4298e-07
-2.33942e-07
-2.20965e-07
-2.06068e-07
-2.14049e-07
-2.01425e-07
-1.58094e-07
-9.14441e-08
-2.06511e-09
9.86129e-08
1.94578e-07
2.83503e-07
3.80835e-07
7.6586e-07
4.09823e-06
2.73533e-05
0.000145434
0.000419432
0.000858878
0.00146254
0.00220992
0.00307542
0.00401687
0.00498508
0.00594682
0.00685116
0.00768445
0.00843765
0.009123
0.00977635
0.0104404
0.0111693
0.0120216
0.0130297
0.0142485
0.0156539
0.0173285
0.0191421
0.0211734
0.0232664
0.0254865
0.0276866
0.0299203
0.0320147
0.0340366
0.0357365
0.0372376
0.0383658
0.0392374
0.0397019
0.0398301
0.0394673
0.0387919
0.0375504
0.036034
0.0339667
0.0316794
0.0289682
0.0261054
0.0229715
0.0197146
0.0164414
0.0144888
0.0133496
0.0131724
0.0146179
0.0176997
0.0222357
0.0281799
0.0343539
0.0402432
0.045515
0.0500377
0.0539171
0.0572558
0.060221
0.0628029
0.0649453
0.0667141
0.0681816
0.0694007
0.0704159
0.0712764
0.0720267
0.0726778
0.0732348
0.0737494
0.0742296
0.0746721
0.07507
0.0754196
0.0758777
0.07683
0.077705
0.0783085
0.0789977
0.0798548
0.0809383
0.0822968
0.0839493
0.0858611
0.0879105
0.089844
0.0915443
1.66336e-25
9.47372e-25
-7.83942e-24
2.06e-23
-8.00865e-24
-2.04925e-22
9.9354e-22
-2.24285e-21
6.23449e-22
1.05889e-20
-1.65111e-20
-6.62687e-20
2.19235e-19
3.27742e-19
-2.28363e-18
1.2066e-18
3.75983e-18
2.95712e-18
-6.39508e-19
-6.49588e-18
-7.89398e-18
-6.79314e-18
1.00053e-17
1.38378e-16
9.19931e-16
5.19817e-15
2.68274e-14
1.26793e-13
5.54888e-13
2.29599e-12
9.03292e-12
3.16873e-11
9.17621e-11
2.18183e-10
4.48998e-10
8.27024e-10
1.44228e-09
2.0881e-09
4.08967e-08
1.21617e-07
2.30646e-07
3.91368e-07
7.01149e-07
1.7753e-06
1.51828e-05
0.000268255
0.000685362
0.00120365
0.00189574
0.00280484
0.00363122
0.0043071
0.00484601
0.00522717
0.00543055
0.00547131
0.00540033
0.00520928
0.00494076
0.00458183
0.00418408
0.0037521
0.00332389
0.00290695
0.00252337
0.0021741
0.001861
0.00155953
0.00129206
0.0010628
0.000874561
0.000720178
0.000595518
0.000494137
0.000411224
0.000343428
0.000287425
0.000241374
0.000203193
0.000171812
0.000145911
0.000124705
0.000107448
9.35365e-05
8.25141e-05
7.39846e-05
6.75803e-05
6.31511e-05
6.03391e-05
5.91512e-05
5.92795e-05
6.08389e-05
6.35214e-05
6.75859e-05
7.27265e-05
8.21167e-05
9.75364e-05
0.000134529
0.000190324
0.000300001
0.000480064
0.000800396
0.0011705
0.00164523
0.00220562
0.00293264
0.00381141
0.00495676
0.00631923
0.00799521
0.00990135
0.0121336
0.0147704
0.0177891
0.0209434
0.0241086
0.0271377
0.0299232
0.0323682
0.0344093
0.0360718
0.0373847
0.038467
0.0394392
0.0404316
0.0415653
0.0429149
0.0445208
0.0463799
0.0484301
0.0506139
0.0527929
0.0549478
0.0569138
0.0587209
0.0602719
0.0616369
0.0627261
0.0636177
0.0643261
0.0649357
0.0655585
0.0662681
0.0670078
0.0676905
0.068201
0.0689894
0.0694544
0.0695866
0.0694522
0.0691779
0.0686254
0.067966
0.0669927
0.0655308
0.0634846
0.0609318
0.0579983
0.0566366
0.0563274
0.0575343
0.0589132
0.0604126
0.0618742
0.0631386
0.06412
0.0647515
0.0659641
0.067064
0.0680671
0.069066
0.0700566
0.0710138
0.0718961
0.0726535
0.073239
0.0736608
0.0739333
0.0739949
0.0736948
0.073003
0.0719126
0.0703817
0.068282
0.0654445
0.0615644
0.0561016
0.0496212
0.0439981
0.0401235
0.0381476
0.0377199
0.0381913
0.0388364
0.0390703
0.0385803
0.0373905
0.0356066
0.0339876
0.0309443
4.34555e-24
-1.34995e-23
2.41039e-23
3.38349e-24
-2.78668e-22
1.4209e-21
-4.18731e-21
6.05162e-21
8.54818e-21
-6.73685e-20
1.28438e-19
6.0558e-20
-4.89245e-19
-3.3044e-19
-5.33795e-19
3.0704e-17
-1.09261e-16
-5.15106e-16
-9.76254e-16
-6.94845e-16
1.73546e-15
1.90331e-14
1.43959e-13
9.74181e-13
6.05639e-12
3.53555e-11
1.91321e-10
9.45129e-10
4.31997e-09
1.88167e-08
7.94097e-08
3.01003e-07
8.97754e-07
2.11543e-06
4.24367e-06
7.49488e-06
1.21106e-05
1.8427e-05
0.000981944
0.00288411
0.00587675
0.00997421
0.015585
0.0213226
0.0262975
0.030437
0.0336226
0.0356744
0.0368207
0.0356909
0.0342684
0.0326459
0.0306512
0.0281668
0.0263848
0.0240645
0.0214505
0.0187657
0.0162226
0.013872
0.0119514
0.010566
0.0095964
0.00880233
0.00815858
0.00764757
0.00726
0.00695312
0.00674046
0.00661762
0.00660036
0.00665703
0.0067639
0.00688254
0.00698329
0.00706204
0.00711077
0.00714688
0.00716944
0.0071979
0.00723206
0.00727948
0.00734316
0.00742321
0.00752138
0.00764191
0.00777829
0.00794969
0.0081398
0.00838305
0.00866211
0.00902398
0.00944908
0.00999987
0.0106632
0.0115355
0.0126031
0.0139421
0.0155407
0.017683
0.0211131
0.0251613
0.0278064
0.0303528
0.0329907
0.0358883
0.038903
0.0422673
0.045479
0.0482309
0.0505218
0.0525248
0.0547544
0.0564096
0.0575809
0.0585878
0.0595524
0.0604999
0.0614613
0.0624739
0.0635328
0.0646776
0.0658773
0.0671274
0.0683893
0.0696142
0.0707645
0.0717895
0.0726539
0.0733444
0.0738127
0.0740953
0.0740914
0.0739092
0.0733886
0.0726699
0.0716048
0.0703289
0.0687057
0.0668901
0.0647544
0.0624891
0.0597379
0.0562958
0.0512917
0.0444515
0.037399
0.031712
0.0276099
0.0256254
0.0251431
0.0262572
0.0281631
0.0309038
0.0339359
0.0372714
0.0406808
0.0439922
0.0459109
0.0473082
0.0479204
0.0477867
0.0469366
0.0454572
0.0430873
0.0405493
0.0382314
0.0361799
0.0343619
0.0326754
0.0310262
0.0293169
0.0273956
0.0249239
0.0214398
0.0169375
0.0128476
0.0100713
0.00831116
0.00731948
0.00675405
0.00634196
0.0059023
0.0053514
0.00468528
0.00395678
0.00325102
0.00263138
0.00212036
0.0017222
0.00141741
0.00117536
0.000967938
0.000777747
0.000599707
0.000437508
0.000298787
0.000196534
0.000136647
9.77399e-05
8.66302e-24
-4.12123e-23
1.55022e-22
-4.30663e-22
3.09691e-22
5.8456e-21
-4.40689e-20
1.71316e-19
-2.93722e-19
-6.56308e-19
4.70377e-18
-3.75208e-18
-4.02136e-17
7.96145e-17
3.55047e-16
-8.48112e-16
-1.19425e-14
-8.03729e-14
-9.78145e-14
9.47276e-14
1.88845e-12
1.60598e-11
1.27924e-10
9.69498e-10
7.27515e-09
5.31163e-08
3.45086e-07
1.94112e-06
9.83278e-06
4.74815e-05
0.000231469
0.00113422
0.00392837
0.00946957
0.0189779
0.0333937
0.050763
0.0687864
0.0802155
0.0881815
0.0947665
0.0999745
0.103589
0.10548
0.105556
0.10353
0.0989041
0.0900344
0.0684969
0.038285
0.0166456
0.0144561
0.0163173
0.0233957
0.0341766
0.0421596
0.0437244
0.0437698
0.0430663
0.0413972
0.0387774
0.0350482
0.0295602
0.0223678
0.0165377
0.0132769
0.0122654
0.0124944
0.012892
0.0132822
0.0137514
0.0143033
0.015103
0.0162496
0.0175133
0.0190662
0.0210947
0.0232534
0.0251386
0.0267466
0.0281137
0.0292881
0.0302929
0.031144
0.0318602
0.0324581
0.0329369
0.0333351
0.0336205
0.0338505
0.0339725
0.0340454
0.0340085
0.0339089
0.0336855
0.0333414
0.0328555
0.03221
0.0313794
0.0303425
0.0290423
0.0273036
0.0254253
0.0234936
0.0214745
0.0194291
0.0172565
0.0150098
0.0127956
0.0106952
0.00878786
0.00713547
0.00578542
0.00476116
0.00406157
0.00366397
0.00352731
0.0036033
0.00384203
0.00418507
0.00456727
0.00492845
0.00521828
0.00540243
0.0054613
0.00539121
0.00520014
0.00489805
0.00449986
0.00402592
0.00350147
0.00295602
0.00241893
0.00191787
0.00147338
0.00109899
0.000799254
0.000571104
0.000405721
0.000290985
0.000214141
0.000163657
0.000130339
0.00010766
9.15e-05
0.000171084
0.000177976
0.000209277
0.000187423
0.000227547
0.000298503
0.000531026
0.000870995
0.00148198
0.0023104
0.00358598
0.00540496
0.00773497
0.00835382
0.008177
0.00782801
0.00729026
0.00651279
0.0054798
0.00424414
0.00298385
0.00190022
0.00110688
0.00059931
0.000309055
0.000157458
8.32103e-05
4.77518e-05
3.02622e-05
2.08105e-05
1.51525e-05
1.15436e-05
9.10991e-06
7.38746e-06
6.1077e-06
5.08625e-06
4.21394e-06
3.43982e-06
2.75052e-06
2.1501e-06
1.64558e-06
1.23919e-06
9.27499e-07
6.92812e-07
5.17608e-07
3.85621e-07
2.83755e-07
2.03071e-07
1.38354e-07
8.69337e-08
4.73423e-08
1.83934e-08
-1.29416e-09
-1.53126e-08
-2.80648e-08
)
;

boundaryField
{
    inlet
    {
        type            uniformFixedValue;
        uniformValue    table;
        uniformValueCoeffs
        {
            values          
4
(
(0 1)
(0.15 1)
(0.151 0)
(1 0)
)
;
        }
        value           uniform 0;
    }
    outlet
    {
        type            inletOutlet;
        inletValue      uniform 0;
        value           nonuniform List<scalar> 
20
(
1.73786e-07
0.000687633
0.0393463
0.0714739
0.0724216
0.0641075
0.040495
0.0113437
0.00154794
0.000112383
-2.48464e-07
3.70039e-05
0.000646515
0.00627719
0.0401325
0.0809082
0.0915443
0.0309443
9.77399e-05
-2.80648e-08
)
;
    }
    walls
    {
        type            zeroGradient;
    }
    frontAndBack
    {
        type            empty;
    }
}


// ************************************************************************* //
