/*--------------------------------*- C++ -*----------------------------------*\
| =========                 |                                                 |
| \\      /  F ield         | OpenFOAM: The Open Source CFD Toolbox           |
|  \\    /   O peration     | Version:  2506                                  |
|   \\  /    A nd           | Website:  www.openfoam.com                      |
|    \\/     M anipulation  |                                                 |
\*---------------------------------------------------------------------------*/
FoamFile
{
    version     2.0;
    format      ascii;
    arch        "LSB;label=32;scalar=64";
    class       volScalarField;
    location    "2.15";
    object      s;
}
// * * * * * * * * * * * * * * * * * * * * * * * * * * * * * * * * * * * * * //

dimensions      [0 0 0 0 0 0 0];

internalField   nonuniform List<scalar> 
4000
(
6.01851e-12
6.8588e-12
9.02501e-12
1.22942e-11
1.67538e-11
2.26781e-11
3.04681e-11
4.07167e-11
5.43069e-11
7.25113e-11
9.71182e-11
1.30597e-10
1.76291e-10
2.38628e-10
3.23342e-10
4.37731e-10
5.91038e-10
7.95035e-10
1.065e-09
1.42121e-09
1.89126e-09
2.51318e-09
3.33979e-09
4.44412e-09
5.92585e-09
7.91882e-09
1.0597e-08
1.4189e-08
1.89609e-08
2.52973e-08
3.34711e-08
4.54114e-08
6.39971e-08
9.30451e-08
1.3899e-07
2.12628e-07
3.21589e-07
4.94454e-07
7.91857e-07
1.26746e-06
2.04552e-06
3.32643e-06
5.50768e-06
9.34904e-06
1.61851e-05
2.84131e-05
4.93317e-05
8.33063e-05
0.000134523
0.000206839
0.000312224
0.000451666
0.000649346
0.000779845
0.000779917
0.000701975
0.000601365
0.000499067
0.000424639
0.00032273
0.000187332
7.26018e-05
1.62525e-05
3.62064e-06
1.04649e-06
3.22243e-07
7.66095e-08
1.47664e-08
4.11246e-09
8.32636e-10
-3.97852e-10
-4.07933e-10
-3.31304e-10
-2.78241e-10
-2.13341e-10
-1.53474e-10
-1.05321e-10
-6.97794e-11
-4.48721e-11
-2.81424e-11
-1.72974e-11
-1.05374e-11
-6.36966e-12
-3.90065e-12
-2.45658e-12
-1.69155e-12
-1.39167e-12
-1.88907e-12
-6.63354e-12
-3.28529e-11
-9.38912e-11
-3.26483e-10
-2.88443e-09
-2.7709e-08
-1.16706e-07
-4.03243e-07
-1.12581e-06
-4.76357e-06
-9.19084e-06
-3.58143e-05
-0.00014394
-0.000564969
-0.000591054
0.00845212
0.00529738
-0.0560267
-0.282075
-0.775208
-1.46063
-2.14944
-2.93897
-3.46115
-3.69912
-3.64937
-3.44846
-3.12679
-2.75238
-2.24169
-1.45838
-0.66113
-0.180178
-0.0310643
-0.00600379
-0.0013622
2.3236e-06
0.000138227
7.78425e-05
3.61998e-05
1.4164e-05
5.34335e-06
2.11938e-06
8.65548e-07
3.55855e-07
1.42787e-07
5.42763e-08
1.90685e-08
5.94941e-09
1.40889e-09
-1.68782e-11
-3.43637e-10
-3.30365e-10
-2.46507e-10
-1.66861e-10
-1.11949e-10
-7.82758e-11
-5.98376e-11
-5.10264e-11
-1.08018e-10
-1.22808e-09
-5.42805e-09
-4.13241e-11
1.09257e-07
3.50992e-07
3.29186e-06
6.04607e-06
-5.1513e-06
-4.22937e-05
-5.32273e-05
-1.65211e-05
5.94628e-05
2.06644e-05
-0.00228182
0.0246004
0.104532
0.276
0.494136
0.746401
0.862382
0.841324
0.759212
0.655345
0.560653
0.474743
0.374868
0.228524
0.0291357
-0.241545
-0.558415
-0.759031
-0.860642
-0.912924
-0.929371
-0.917498
-0.881676
-0.824909
-0.750735
-0.662954
-0.563595
-0.442956
-0.273742
-0.083698
0.126322
0.369052
0.663591
1.03799
1.53363
2.18295
2.65353
3.15257
2.2628
9.26249e-16
1.45901e-15
4.04491e-15
8.28444e-15
1.60922e-14
2.99979e-14
5.38219e-14
9.35649e-14
1.58756e-13
2.64229e-13
4.32718e-13
6.98789e-13
1.11474e-12
1.75936e-12
2.75082e-12
4.26551e-12
6.56543e-12
1.00376e-11
1.52489e-11
2.30333e-11
3.46631e-11
5.21634e-11
7.87828e-11
1.19605e-10
1.82298e-10
2.77985e-10
4.22196e-10
6.35844e-10
9.4503e-10
1.38632e-09
1.95176e-09
2.14128e-09
1.76444e-09
1.15715e-09
6.37166e-10
3.02336e-10
1.27959e-10
5.34492e-11
3.20006e-11
3.48047e-11
5.20473e-11
8.50988e-11
1.43739e-10
2.49294e-10
4.40941e-10
7.86654e-10
1.38074e-09
2.34754e-09
3.82047e-09
5.96436e-09
9.18535e-09
1.36544e-08
1.98259e-08
2.43886e-08
2.67562e-08
2.71549e-08
2.99768e-08
8.9826e-08
1.55438e-06
0.000144925
0.000275469
0.00022837
0.000123342
4.55978e-05
9.58233e-06
1.36582e-06
2.74719e-07
6.50653e-08
6.49346e-09
-9.88427e-09
-1.09506e-08
-9.01223e-09
-6.70277e-09
-4.44239e-09
-2.85956e-09
-1.80439e-09
-1.12168e-09
-6.89408e-10
-4.18908e-10
-2.51835e-10
-1.50183e-10
-8.97717e-11
-5.39287e-11
-3.33086e-11
-2.16418e-11
-1.59564e-11
-1.48378e-11
-2.18641e-11
-5.39056e-11
-1.60174e-10
-3.15001e-10
-3.21117e-10
-4.25201e-09
-4.13457e-08
-1.50576e-07
-5.16535e-07
-2.23278e-06
-5.19169e-06
-1.69982e-05
-0.000110486
-0.000249528
-0.00017287
-0.000119512
-0.000858409
-0.0532994
-0.197456
-0.391581
-0.532014
-0.596185
-0.588453
-0.528791
-0.455723
-0.390697
-0.342345
-0.315458
-0.300839
-0.294577
-0.554259
-1.35252
-1.33362
-0.871969
-0.357104
-0.0853856
-0.00790406
-0.000955161
0.000432643
0.000372984
0.000171934
7.30288e-05
2.84918e-05
1.14598e-05
4.68896e-06
1.88082e-06
7.21809e-07
2.68687e-07
9.61575e-08
3.03963e-08
7.92524e-09
9.40883e-10
-7.50254e-10
-8.96729e-10
-7.00858e-10
-4.90625e-10
-3.42111e-10
-2.44264e-10
-1.49135e-10
-4.83912e-11
-2.02398e-10
-5.08596e-09
-2.36328e-08
-4.02283e-08
-7.03434e-08
4.1856e-08
-7.0955e-07
-1.83906e-05
-5.58407e-05
-7.11356e-05
-2.97239e-05
1.61796e-05
-4.34005e-05
-0.00014464
0.0204428
0.0961543
0.187937
0.269459
0.295495
0.278521
0.233129
0.172979
0.116029
0.0695643
0.0231907
-0.0305711
-0.10523
-0.205019
-0.324669
-0.450401
-0.562041
-0.639806
-0.670534
-0.651082
-0.58792
-0.486104
-0.35816
-0.278287
-0.226486
-0.158345
-0.0784647
0.000387846
0.0749314
0.130367
0.173304
0.218322
0.283737
0.407961
0.653303
1.15553
2.26123
3.66041
4.18521
-3.70273e-16
-3.41326e-16
-1.78901e-16
-1.83524e-17
1.2864e-18
2.96557e-19
-8.40289e-19
2.12118e-17
1.02409e-16
2.98555e-16
6.9416e-16
1.40918e-15
2.60584e-15
4.52861e-15
7.79252e-15
1.32465e-14
2.22077e-14
3.67152e-14
5.98696e-14
9.63065e-14
1.52824e-13
2.39155e-13
3.68795e-13
5.59742e-13
8.34882e-13
1.22175e-12
1.75069e-12
2.44988e-12
3.33575e-12
4.39886e-12
5.36707e-12
5.04077e-12
3.55439e-12
1.91325e-12
7.39493e-13
9.94429e-14
-1.09283e-13
-1.16163e-13
-8.4572e-14
-5.70837e-14
-3.63757e-14
-2.13581e-14
-1.01747e-14
-7.7031e-16
-8.84949e-15
1.65321e-14
-3.91728e-13
-3.83469e-13
-3.39141e-12
-4.64831e-12
-2.05347e-11
-3.17185e-11
-9.8093e-11
-1.49814e-10
-3.39984e-10
-4.14362e-10
-3.26914e-10
8.51176e-08
1.71409e-06
9.43545e-06
0.000147667
0.000236533
0.000205455
0.000129298
5.74445e-05
1.72522e-05
2.21041e-06
-2.92844e-07
-2.93121e-07
-1.95181e-07
-1.17444e-07
-7.12579e-08
-4.31177e-08
-2.61088e-08
-1.57407e-08
-9.45046e-09
-5.66413e-09
-3.40399e-09
-2.05408e-09
-1.24684e-09
-7.64239e-10
-4.78712e-10
-3.07829e-10
-2.08596e-10
-1.52807e-10
-1.30522e-10
-1.40163e-10
-2.14989e-10
-4.58485e-10
-1.07974e-09
-1.81556e-09
-3.13851e-10
-5.51678e-09
-7.40908e-08
-2.98337e-07
-1.33033e-06
-5.37483e-06
-1.22119e-05
-8.53535e-05
-0.000263579
-0.000312958
-6.5706e-05
-0.000400469
-0.0401389
-0.177038
-0.386611
-0.591852
-0.712195
-0.710717
-0.654484
-0.539384
-0.422633
-0.333938
-0.28103
-0.252553
-0.23391
-0.236129
-0.140236
-0.61478
-1.17774
-1.19725
-0.851967
-0.389354
-0.105256
-0.00692195
0.000521072
0.000871924
0.000546534
0.000251754
0.000107362
4.07984e-05
1.437e-05
4.74074e-06
1.48227e-06
4.41064e-07
1.10376e-07
4.53616e-09
-1.86679e-08
-1.8703e-08
-1.40175e-08
-9.51469e-09
-6.19676e-09
-3.95403e-09
-2.34662e-09
-1.05141e-09
6.4144e-12
5.53533e-10
-4.14767e-10
-3.09677e-08
-1.2398e-07
-3.69178e-07
-1.07848e-06
-5.61289e-06
-3.17738e-05
-7.59964e-05
-0.000117603
-9.57937e-05
-2.2548e-05
-5.57573e-05
-0.000162231
0.0216734
0.0921244
0.203778
0.300495
0.343807
0.333455
0.281726
0.189005
0.0868232
0.00329332
-0.0573761
-0.117309
-0.190731
-0.285674
-0.402889
-0.534002
-0.661955
-0.765135
-0.82347
-0.823717
-0.77045
-0.666436
-0.528155
-0.375545
-0.224692
-0.0852563
0.0399443
0.134537
0.163893
0.16938
0.166979
0.156026
0.12478
0.0785729
0.0502242
0.0702399
0.366294
1.95667
4.0967
4.29994
5.09328e-17
4.29387e-17
7.91311e-18
2.77469e-18
3.49986e-18
6.37544e-20
-1.53334e-17
-4.83734e-17
-1.01022e-16
-1.70208e-16
-2.39517e-16
-2.81259e-16
-2.26697e-16
-7.53723e-17
-2.68829e-17
-7.49007e-18
2.48788e-18
1.32506e-17
3.81052e-17
9.44161e-17
2.06404e-16
4.08952e-16
7.38991e-16
1.21081e-15
1.71306e-15
1.4047e-15
-1.9399e-15
-1.26815e-14
-3.93199e-14
-9.68892e-14
-2.07578e-13
-3.5218e-13
-4.33423e-13
-4.30314e-13
-3.8738e-13
-3.17553e-13
-1.76319e-13
-5.62057e-14
-5.02808e-15
-8.49288e-16
-1.94181e-16
-2.61739e-17
4.15269e-17
2.06393e-16
-5.83067e-17
-2.12533e-17
-1.06683e-16
-1.1363e-17
-7.25641e-17
-1.28633e-16
-6.55295e-16
-9.89022e-16
-1.59954e-14
-1.33054e-12
-3.29182e-11
-1.49106e-10
2.32514e-10
1.00563e-07
7.15108e-07
1.76987e-06
9.05738e-06
0.000117566
0.000166447
0.000150048
0.000100829
5.18036e-05
1.92735e-05
4.58394e-06
-2.53619e-08
-7.16741e-07
-6.04349e-07
-3.59437e-07
-1.98971e-07
-1.13827e-07
-6.78824e-08
-4.14643e-08
-2.56513e-08
-1.60566e-08
-1.01753e-08
-6.54457e-09
-4.29393e-09
-2.911e-09
-2.04822e-09
-1.53419e-09
-1.2474e-09
-1.17019e-09
-1.32387e-09
-1.95401e-09
-3.65537e-09
-7.24214e-09
-1.04688e-08
2.7578e-09
2.5921e-08
-5.86063e-08
-5.69752e-07
-3.80816e-06
-1.18157e-05
-5.67424e-05
-0.000253162
-0.000378735
-0.000124932
7.07174e-05
-0.0343524
-0.165864
-0.381206
-0.601934
-0.740653
-0.753671
-0.687095
-0.551763
-0.411267
-0.302026
-0.22622
-0.17637
-0.14035
-0.11008
-0.0826594
-0.0459507
-0.0916142
-0.673342
-1.08403
-1.05234
-0.731142
-0.34004
-0.0912852
-0.00453065
0.00084464
0.000920833
0.00051048
0.000239851
0.000104671
4.09814e-05
1.40142e-05
3.9748e-06
7.40747e-07
-1.07391e-07
-1.99359e-07
-1.48196e-07
-9.86085e-08
-6.89118e-08
-4.59331e-08
-2.54393e-08
-9.69856e-09
3.63204e-10
4.47568e-09
6.7109e-09
5.84091e-09
-1.37593e-08
-1.93139e-07
-8.79151e-07
-3.28032e-06
-1.6674e-05
-5.34359e-05
-0.000113348
-0.000151688
-0.00015514
-8.84208e-05
-7.96888e-05
-0.00017728
0.0242064
0.0985038
0.209936
0.319094
0.363841
0.344268
0.263623
0.130402
-0.0208662
-0.156901
-0.255955
-0.321401
-0.381877
-0.454399
-0.547487
-0.659276
-0.776376
-0.87662
-0.934754
-0.934056
-0.877556
-0.750947
-0.578741
-0.38798
-0.202057
-0.038394
0.0910016
0.156015
0.161969
0.156346
0.137971
0.106288
0.0724544
0.0403258
0.0159398
0.00647312
0.00526685
0.0951918
1.98688
4.13865
4.22261
-5.93337e-18
-3.50998e-18
-1.30634e-18
-1.04421e-18
1.00796e-18
6.632e-18
1.56105e-17
2.6176e-17
3.57666e-17
4.16579e-17
4.06786e-17
3.2133e-17
1.79158e-17
8.08259e-18
4.72311e-18
6.36638e-19
-9.60366e-18
-3.0007e-17
-6.30642e-17
-1.08931e-16
-1.65609e-16
-2.21036e-16
-2.73723e-16
-2.93068e-16
-2.12126e-16
-1.42862e-16
-3.61e-16
-2.20423e-15
-6.83086e-15
-1.62659e-14
-3.54564e-14
-5.21139e-14
-4.60585e-14
-2.67767e-14
-1.17959e-14
-4.2372e-15
-1.17242e-15
-1.87836e-16
2.14643e-16
7.21787e-17
2.75979e-17
3.42813e-18
-6.64428e-18
-1.29117e-17
1.976e-17
4.39326e-17
4.52408e-17
5.41683e-17
4.88816e-17
5.34391e-17
1.18969e-16
1.53064e-16
-5.31748e-15
-4.9193e-13
-1.76444e-11
-8.74875e-11
1.9637e-10
5.23051e-08
5.88338e-07
1.10926e-06
-3.18969e-06
-1.14213e-05
2.41139e-05
5.49925e-05
5.91426e-05
4.06174e-05
2.20128e-05
7.3849e-06
4.76096e-07
-1.53669e-06
-1.66864e-06
-1.16892e-06
-7.18471e-07
-4.29965e-07
-2.64078e-07
-1.68266e-07
-1.10621e-07
-7.47487e-08
-5.16748e-08
-3.64551e-08
-2.62806e-08
-1.95517e-08
-1.50276e-08
-1.22072e-08
-1.06273e-08
-1.04302e-08
-1.18956e-08
-1.66947e-08
-2.80593e-08
-4.84541e-08
-6.02507e-08
-7.58097e-09
2.3883e-07
1.55792e-07
-2.07453e-06
-1.02081e-05
-3.88901e-05
-0.00021492
-0.000425558
-0.000326618
0.00018764
-0.0305097
-0.158252
-0.378158
-0.611673
-0.768647
-0.794058
-0.727008
-0.581603
-0.422576
-0.289752
-0.193275
-0.122216
-0.068991
-0.0271684
0.00647402
0.037106
0.0590085
0.119135
-0.125387
-0.663316
-0.945524
-0.86793
-0.569151
-0.257956
-0.0651815
-0.00195247
0.00101291
0.000700837
0.000322154
0.000122094
4.10481e-05
1.21869e-05
1.9625e-06
-1.0664e-06
-1.37592e-06
-9.64962e-07
-5.99852e-07
-3.54828e-07
-1.47883e-07
-3.72753e-09
5.17784e-08
6.35918e-08
6.406e-08
6.254e-08
6.59188e-08
3.93574e-08
-3.23459e-07
-1.36379e-06
-9.01342e-06
-3.61036e-05
-8.49582e-05
-0.000149044
-0.000186417
-0.000173215
-0.000149
-6.97922e-05
-0.000163169
0.0272027
0.109867
0.224406
0.332194
0.380104
0.348623
0.243556
0.0744003
-0.113332
-0.290225
-0.435148
-0.538016
-0.607359
-0.670057
-0.740213
-0.821642
-0.907316
-0.981156
-1.01844
-1.00947
-0.951817
-0.818049
-0.62937
-0.413979
-0.20104
-0.0166827
0.115063
0.153736
0.150854
0.133805
0.0987574
0.060732
0.0308873
0.0131491
0.00503446
0.00183271
0.000615402
0.00145181
0.0739224
1.82609
3.97804
3.69207
-4.54937e-19
5.13984e-19
2.57728e-19
-4.66743e-19
-2.09886e-18
-4.31826e-18
-6.35828e-18
-7.60998e-18
-7.77836e-18
-6.96657e-18
-5.37717e-18
-3.47271e-18
-1.49914e-18
7.71831e-19
4.43196e-18
1.02471e-17
1.81086e-17
2.71242e-17
3.5808e-17
4.25053e-17
4.58561e-17
4.29987e-17
2.9224e-17
5.35794e-18
-9.12478e-18
1.70715e-17
4.53847e-17
-6.47131e-17
-4.56479e-16
-9.1266e-16
-1.19377e-15
-8.42734e-16
-3.20331e-16
-4.55039e-17
6.07101e-17
1.53236e-16
2.91566e-16
1.52401e-16
2.99266e-17
-1.66342e-17
-1.01361e-17
-1.31797e-18
1.44547e-18
-1.39601e-19
-5.29917e-18
-1.12324e-17
-2.07007e-17
-3.39003e-17
-4.58526e-17
-3.72281e-17
-5.28745e-17
-4.66342e-17
-4.91579e-16
-2.41275e-14
-4.65933e-13
-1.63178e-11
-9.93179e-11
2.63608e-10
5.70796e-08
6.28062e-07
1.5262e-06
-1.25422e-05
-6.60508e-05
-9.07353e-05
-8.16133e-05
-5.41563e-05
-3.16008e-05
-1.96345e-05
-1.34969e-05
-9.45213e-06
-6.3997e-06
-4.25209e-06
-2.77351e-06
-1.81459e-06
-1.21385e-06
-8.35668e-07
-5.9044e-07
-4.27198e-07
-3.15093e-07
-2.36312e-07
-1.80571e-07
-1.41937e-07
-1.14844e-07
-9.76721e-08
-8.82807e-08
-8.85894e-08
-1.00992e-07
-1.36664e-07
-2.12418e-07
-3.27566e-07
-3.72649e-07
-1.19039e-08
1.02915e-06
-7.03005e-07
-1.02213e-05
-3.05094e-05
-0.000191635
-0.000493347
-0.000502674
-0.000116727
-0.0281765
-0.154963
-0.380683
-0.623966
-0.794781
-0.831347
-0.764094
-0.609026
-0.431724
-0.279254
-0.165537
-0.0827475
-0.0154396
0.0407294
0.0866718
0.122212
0.150984
0.168876
0.196695
0.184911
-0.126026
-0.564689
-0.755064
-0.657959
-0.415344
-0.184084
-0.0450341
-0.000992164
0.000827607
0.000354796
4.80073e-05
-4.56811e-05
-5.36978e-05
-3.47852e-05
-1.6917e-05
-7.07316e-06
-2.87542e-06
-7.48152e-07
5.07412e-07
1.01382e-06
9.54392e-07
8.21793e-07
6.96119e-07
6.04679e-07
5.44631e-07
5.21611e-07
5.62143e-07
-2.14015e-06
-1.0875e-05
-4.71957e-05
-0.000111551
-0.000170378
-0.000208728
-0.000195526
-0.000129975
0.000157132
-7.77441e-05
0.0302078
0.124594
0.246627
0.349012
0.39361
0.34618
0.215082
0.0185395
-0.196623
-0.392013
-0.556093
-0.6856
-0.781567
-0.85252
-0.917049
-0.983011
-1.03919
-1.06212
-1.06361
-1.04919
-0.988197
-0.856888
-0.666092
-0.439429
-0.208626
-0.00797877
0.123247
0.146034
0.138003
0.108118
0.0668286
0.0311226
0.00990485
0.00283143
0.000869322
0.000203162
9.67673e-05
-6.63046e-05
0.000915236
0.0478044
1.44308
3.5863
2.0131
1.32154e-18
-7.00545e-20
1.92777e-19
6.21799e-19
1.16692e-18
1.5847e-18
1.7279e-18
1.62074e-18
1.3465e-18
9.9432e-19
5.42815e-19
-1.0594e-19
-1.11054e-18
-2.54523e-18
-4.32208e-18
-6.15634e-18
-7.68748e-18
-8.6024e-18
-8.71118e-18
-8.06426e-18
-6.56758e-18
-4.14771e-18
-1.618e-18
-3.60581e-18
8.51398e-18
1.8545e-17
3.08464e-17
7.37225e-17
1.77517e-16
2.98616e-16
3.80795e-16
4.08156e-16
3.18597e-16
1.62891e-16
4.02955e-17
-2.5696e-17
-8.13351e-17
-6.5785e-17
-2.31707e-17
-5.61876e-19
2.13041e-18
2.39039e-19
-4.90744e-19
3.29246e-19
1.09859e-18
2.19129e-18
4.67176e-18
1.02433e-17
1.7049e-17
1.30834e-17
1.31057e-17
1.26777e-17
3.77e-17
-3.97461e-15
-8.14527e-14
-1.17405e-12
-2.13861e-11
-1.32239e-10
1.63776e-09
1.20781e-07
8.86662e-07
1.7682e-06
-4.06683e-05
-0.000159488
-0.000260817
-0.00027995
-0.000218759
-0.000135775
-7.9009e-05
-4.71617e-05
-2.93718e-05
-1.90636e-05
-1.28012e-05
-8.85233e-06
-6.29073e-06
-4.58319e-06
-3.40951e-06
-2.5869e-06
-1.99446e-06
-1.55906e-06
-1.23912e-06
-1.0108e-06
-8.47141e-07
-7.44155e-07
-6.91951e-07
-7.08325e-07
-8.13606e-07
-1.08709e-06
-1.61687e-06
-2.32367e-06
-2.53656e-06
-6.77449e-07
1.3669e-07
-1.72586e-05
-5.07714e-05
-0.000174194
-0.000589081
-0.000698522
-0.000389225
-0.0279329
-0.155714
-0.390609
-0.641292
-0.819455
-0.864458
-0.796836
-0.632998
-0.440002
-0.271095
-0.146234
-0.0572636
0.0130311
0.0783183
0.137779
0.18632
0.219712
0.239804
0.247088
0.244508
0.233807
0.171461
-0.115195
-0.427452
-0.549144
-0.467791
-0.294196
-0.132343
-0.0345962
-0.00227935
0.000426259
7.08659e-05
-0.00013574
-0.000155091
-0.000128139
-7.40784e-05
-3.20349e-05
-7.64279e-06
4.4277e-06
9.23248e-06
8.73806e-06
7.51195e-06
6.37992e-06
5.49006e-06
4.96477e-06
4.72491e-06
4.73686e-06
6.24072e-06
-4.20128e-07
-3.33091e-05
-0.000100674
-0.000169091
-0.00018981
-0.000143161
-3.44176e-05
0.000179717
0.0023456
0.0375726
0.141064
0.27624
0.369221
0.404293
0.353333
0.184385
-0.0332983
-0.262181
-0.456366
-0.609252
-0.727088
-0.82089
-0.902105
-0.971294
-1.03086
-1.07296
-1.07929
-1.07299
-1.05168
-0.995409
-0.870287
-0.68219
-0.453251
-0.215233
-0.00514457
0.125227
0.139806
0.126742
0.0884622
0.0449359
0.0138422
0.0026793
0.000527875
3.48788e-05
-5.39356e-05
-4.11446e-05
-3.78056e-05
-8.95147e-05
0.000478837
0.023203
1.04167
2.76448
-0.865056
-5.12488e-19
-1.16487e-19
-2.03181e-19
-3.30814e-19
-4.21449e-19
-4.29549e-19
-3.73298e-19
-2.8992e-19
-1.89005e-19
-5.21245e-20
1.65027e-19
4.90633e-19
9.0631e-19
1.3323e-18
1.67171e-18
1.84951e-18
1.8427e-18
1.67241e-18
1.39223e-18
1.06709e-18
7.02483e-19
3.82642e-19
1.3554e-19
8.43092e-20
-1.2502e-18
-1.16155e-18
3.45591e-18
1.18871e-17
1.01082e-17
-7.18889e-18
-2.95295e-17
-5.9228e-17
-7.31322e-17
-5.49883e-17
-2.33326e-17
9.71687e-20
1.92664e-17
2.12854e-17
1.03754e-17
1.71457e-18
-5.75084e-19
-3.16138e-19
-1.50091e-20
-1.02843e-19
-2.07771e-19
-3.5699e-19
-8.25525e-19
-2.11002e-18
-4.21775e-18
-3.32132e-18
-2.75782e-18
-2.38344e-18
4.52781e-18
1.21516e-16
-4.0843e-15
-7.11066e-14
-1.22477e-12
-1.4631e-11
-7.80578e-11
2.88759e-09
1.6027e-07
9.14354e-07
1.0475e-06
-9.46337e-05
-0.000330638
-0.000581947
-0.000689188
-0.000581669
-0.00038418
-0.000236737
-0.000150804
-0.000100134
-6.90844e-05
-4.93414e-05
-3.62324e-05
-2.71865e-05
-2.07453e-05
-1.61027e-05
-1.26881e-05
-1.01361e-05
-8.24143e-06
-6.88279e-06
-5.91392e-06
-5.32797e-06
-5.0801e-06
-5.31449e-06
-6.20232e-06
-8.3238e-06
-1.21266e-05
-1.66848e-05
-1.86361e-05
-1.76494e-05
-5.26881e-05
-0.000166071
-0.000312657
-0.000727981
-0.00103807
-0.000699484
-0.0305617
-0.16234
-0.407493
-0.666984
-0.843375
-0.891927
-0.822907
-0.651267
-0.44486
-0.263018
-0.130426
-0.0413583
0.0243587
0.0855434
0.151331
0.215148
0.264837
0.29141
0.296491
0.284192
0.255951
0.224816
0.210842
0.132299
-0.084147
-0.293988
-0.372327
-0.319841
-0.207407
-0.0998788
-0.031872
-0.0055648
-0.000260023
-0.000167866
-6.4682e-05
-1.95796e-05
7.50336e-06
3.92359e-05
6.08103e-05
6.80679e-05
6.43414e-05
5.73939e-05
4.99981e-05
4.43687e-05
4.06415e-05
3.96269e-05
4.16189e-05
4.74108e-05
5.12403e-05
4.10879e-05
-7.72433e-05
-9.94318e-05
0.000107457
0.000553386
0.000759912
0.000874765
0.00794166
0.0519945
0.160954
0.305618
0.391197
0.409649
0.342923
0.163401
-0.0888755
-0.311119
-0.490239
-0.607663
-0.690329
-0.744936
-0.791237
-0.854563
-0.932972
-0.9791
-1.00976
-1.02179
-1.00412
-0.942404
-0.826702
-0.656291
-0.443098
-0.213523
-0.00559917
0.125867
0.137795
0.12028
0.0761363
0.0316203
0.00590087
0.000572484
-6.74452e-05
-0.000101455
-6.24756e-05
-3.95094e-05
-2.94341e-05
-4.87899e-05
-8.42384e-05
8.34437e-06
0.0092633
0.714575
1.74976
-3.84885
9.41691e-20
9.45567e-20
1.01896e-19
1.20932e-19
1.17938e-19
9.59062e-20
6.84614e-20
3.87237e-20
-2.75711e-21
-6.75067e-20
-1.59697e-19
-2.6644e-19
-3.61073e-19
-4.16938e-19
-4.23955e-19
-3.87498e-19
-3.24484e-19
-2.51759e-19
-1.81697e-19
-1.17766e-19
-6.29504e-20
-4.07358e-20
-7.7063e-20
-3.60582e-19
-1.17108e-18
-2.01831e-18
-3.64738e-18
-6.23918e-18
-7.8153e-18
-6.65889e-18
-3.29714e-18
3.35462e-18
1.05126e-17
1.18867e-17
7.17033e-18
1.54149e-18
-3.93445e-18
-5.76192e-18
-3.50333e-18
-8.85063e-19
1.45229e-19
1.96712e-19
8.59818e-20
5.44786e-20
5.08584e-20
5.7914e-20
1.15713e-19
3.23534e-19
7.52521e-19
6.17055e-19
4.50978e-19
3.23004e-19
1.78212e-18
-7.89923e-17
-2.63085e-15
1.59324e-14
1.68552e-13
-2.88673e-13
-3.48787e-11
-1.79879e-10
4.82362e-09
2.35241e-07
9.76935e-07
3.84903e-07
-0.0001763
-0.000634413
-0.00122037
-0.00161252
-0.00155436
-0.00115762
-0.000781453
-0.000536472
-0.000382089
-0.000279114
-0.000207754
-0.000157451
-0.000121397
-9.53882e-05
-7.62503e-05
-6.19152e-05
-5.12918e-05
-4.37227e-05
-3.84383e-05
-3.54845e-05
-3.47014e-05
-3.71179e-05
-4.40109e-05
-5.93237e-05
-8.50189e-05
-0.00011285
-0.000143661
-0.000230451
-0.000618994
-0.00103349
-0.00129566
-0.0018145
-0.00134056
-0.0378133
-0.17673
-0.431957
-0.699804
-0.866887
-0.910928
-0.840165
-0.660871
-0.443947
-0.252856
-0.116396
-0.0301424
0.0257539
0.0737369
0.130932
0.201617
0.272028
0.319981
0.333956
0.320729
0.284342
0.232068
0.181362
0.158134
0.153106
0.0928559
-0.0489995
-0.182116
-0.237577
-0.21108
-0.146294
-0.0792673
-0.0330801
-0.00983598
-0.00191769
3.72827e-05
0.000579211
0.000537814
0.000474095
0.000447843
0.00041545
0.000377644
0.000341061
0.000309909
0.000292093
0.000287804
0.000304742
0.000351841
0.000444539
0.000514592
0.000458837
0.000718135
0.00306081
0.00510794
0.00560816
0.0042516
0.0182888
0.0753957
0.190511
0.334087
0.416737
0.41488
0.325842
0.121595
-0.128058
-0.351729
-0.492819
-0.571602
-0.623428
-0.613189
-0.59859
-0.600145
-0.632384
-0.69207
-0.755207
-0.802569
-0.819102
-0.792184
-0.713277
-0.580137
-0.40049
-0.195315
-0.00112875
0.12706
0.139911
0.118465
0.0697863
0.024476
0.00254087
-9.63613e-05
-0.000199604
-0.000124609
-6.59722e-05
-3.71871e-05
-2.0942e-05
-1.56386e-05
-2.79059e-05
-0.000115131
-0.000578953
0.00267905
0.467581
0.893747
-4.56795
-8.14479e-21
-3.73468e-20
-3.5701e-20
-3.46895e-20
-2.76091e-20
-1.82313e-20
-9.03498e-21
2.59146e-21
2.0343e-20
4.47412e-20
7.15051e-20
9.28195e-20
1.01981e-19
9.76323e-20
8.3858e-20
6.59854e-20
4.85846e-20
3.37023e-20
2.14458e-20
1.19128e-20
9.79878e-21
2.00104e-20
3.5921e-20
4.41955e-20
2.8049e-20
-1.11167e-19
-2.56479e-19
-1.00441e-19
3.46595e-19
7.75755e-19
8.18791e-19
1.30858e-19
-1.31485e-18
-2.28889e-18
-1.84919e-18
-6.90554e-19
6.88653e-19
1.36644e-18
9.81033e-19
3.0775e-19
-3.50397e-20
-8.31022e-20
-4.88703e-20
-2.54722e-20
-1.54057e-20
-1.10638e-20
-1.44638e-20
-3.88924e-20
-1.0413e-19
-9.10097e-20
-6.33503e-20
-2.16688e-20
-6.93572e-19
1.5503e-17
3.00836e-16
-5.32871e-16
3.63297e-14
8.53451e-13
1.24171e-12
-1.38578e-10
-8.6978e-10
3.18236e-09
3.49755e-07
1.40145e-06
-2.89161e-06
-0.000278816
-0.00107363
-0.00239902
-0.00354958
-0.00396117
-0.00355499
-0.00272546
-0.00200004
-0.00148856
-0.00112903
-0.000868
-0.00067544
-0.000534433
-0.000430839
-0.000354046
-0.000298034
-0.000258817
-0.000232351
-0.000219177
-0.000218986
-0.000238411
-0.000286145
-0.000385354
-0.000538459
-0.000689582
-0.00121098
-0.00222779
-0.00322189
-0.00323753
-0.00378118
-0.00329325
-0.0518175
-0.20424
-0.463464
-0.739149
-0.890766
-0.923419
-0.848521
-0.660044
-0.434127
-0.238359
-0.102349
-0.0215204
0.0238643
0.0553478
0.0934323
0.153672
0.235065
0.313171
0.351197
0.348554
0.316311
0.250165
0.175342
0.114958
0.0804964
0.0854538
0.0915041
0.059017
-0.0208293
-0.101455
-0.141698
-0.133902
-0.101876
-0.0626132
-0.0318516
-0.0130455
-0.00378692
0.000214771
0.00184219
0.00236676
0.00231046
0.00214723
0.00199154
0.0018744
0.00179951
0.00180437
0.00189507
0.00212947
0.00261473
0.00344306
0.00423039
0.00792314
0.0163408
0.0226169
0.0222057
0.0190901
0.0386258
0.113124
0.234929
0.367492
0.441925
0.422402
0.304557
0.068442
-0.176515
-0.375991
-0.479438
-0.524744
-0.496146
-0.435677
-0.377098
-0.33191
-0.313477
-0.333151
-0.387277
-0.452097
-0.507857
-0.535134
-0.51739
-0.445134
-0.319293
-0.155346
0.0129378
0.131091
0.14511
0.120755
0.0682005
0.0213138
0.00121125
-0.000310319
-0.000227475
-0.000129322
-5.72971e-05
-2.1641e-05
-1.00152e-05
-6.02681e-06
-4.58431e-06
-1.78742e-05
-0.000236732
-0.00285336
0.00254499
0.27907
0.120314
-4.29581
-2.88082e-22
9.54988e-21
9.71583e-21
8.27855e-21
5.51976e-21
2.55528e-21
-6.71646e-22
-5.2485e-21
-1.14807e-20
-1.8214e-20
-2.33544e-20
-2.51211e-20
-2.32432e-20
-1.9043e-20
-1.4289e-20
-1.00696e-20
-6.80634e-21
-4.38132e-21
-2.61289e-21
-1.66695e-21
-1.76015e-21
-7.53371e-22
6.83545e-21
2.85336e-20
6.78526e-20
1.23693e-19
1.93688e-19
2.25089e-19
1.73704e-19
5.1364e-20
-4.61752e-20
-2.85909e-20
1.99004e-19
4.69045e-19
4.71137e-19
2.34966e-19
-9.59333e-20
-2.93446e-19
-2.41367e-19
-8.75544e-20
7.41914e-21
2.70309e-20
1.81907e-20
9.20468e-21
4.55025e-21
2.35776e-21
1.69678e-21
3.51101e-21
1.0915e-20
9.95216e-21
6.12127e-21
-4.46141e-21
1.13087e-19
-8.38017e-19
-4.13725e-17
-4.43923e-17
1.43713e-15
1.15166e-13
2.68688e-12
6.70922e-12
-2.52895e-10
-1.61291e-09
-5.38194e-10
3.59734e-07
1.78422e-06
-1.07836e-05
-0.000365419
-0.00170676
-0.00408098
-0.00681996
-0.00894202
-0.00961565
-0.00881015
-0.00720546
-0.005608
-0.00435457
-0.00341633
-0.00273084
-0.00222895
-0.00185783
-0.0015909
-0.00140959
-0.00129501
-0.00125011
-0.0012747
-0.0014032
-0.00168285
-0.00217964
-0.00295885
-0.00474177
-0.00731787
-0.00902862
-0.00863917
-0.00756246
-0.0139052
-0.0764063
-0.24986
-0.507736
-0.778
-0.916243
-0.929425
-0.845264
-0.644798
-0.412154
-0.216589
-0.0865044
-0.0144757
0.0209792
0.0388998
0.0566743
0.0936232
0.164579
0.261164
0.34123
0.359621
0.343332
0.279862
0.187865
0.104206
0.0491012
0.0210316
0.0185075
0.0371543
0.050074
0.0372003
-0.00262689
-0.0485121
-0.0764712
-0.0779933
-0.0622881
-0.041275
-0.0218397
-0.00761329
0.00147356
0.00708793
0.00923006
0.00966475
0.0095508
0.00937755
0.00935134
0.00953345
0.0101578
0.0113107
0.0133974
0.0169581
0.0225642
0.0345609
0.0535773
0.0662867
0.0629243
0.0583058
0.0828816
0.162689
0.297249
0.407299
0.462016
0.42048
0.267145
0.0209721
-0.237059
-0.382943
-0.4617
-0.434689
-0.369492
-0.288025
-0.209959
-0.146196
-0.0957783
-0.0665297
-0.0705601
-0.111333
-0.173002
-0.234345
-0.271253
-0.263596
-0.201435
-0.090886
0.0403668
0.140395
0.153484
0.126594
0.0701783
0.020856
0.000817986
-0.000371345
-0.000233953
-0.000115617
-3.50209e-05
-7.35906e-06
-1.54439e-06
-5.04374e-07
-3.74838e-07
-1.28152e-06
-1.82784e-05
-0.000435282
-0.00774811
-0.0290323
-0.0674227
-1.03329
-3.00909
2.11431e-22
-1.64177e-21
-2.11338e-21
-1.65261e-21
-8.45306e-22
7.60843e-23
1.23231e-21
2.78124e-21
4.48611e-21
5.80812e-21
6.26386e-21
5.748e-21
4.59268e-21
3.31098e-21
2.24549e-21
1.47246e-21
9.4694e-22
5.88594e-22
3.54489e-22
1.9788e-22
-9.91939e-23
-8.89621e-22
-1.90709e-21
-2.05727e-21
-3.26304e-22
1.94528e-21
-2.19647e-21
-1.55869e-20
-2.63433e-20
-2.02498e-20
-5.4341e-21
-1.71975e-21
-4.01391e-20
-1.06224e-19
-1.23142e-19
-7.29632e-20
6.17133e-21
5.84208e-20
5.4502e-20
2.21104e-20
-1.24286e-21
-7.31936e-21
-5.34902e-21
-2.69219e-21
-1.17922e-21
-4.7045e-22
-1.41444e-22
-9.61779e-23
-6.36502e-22
-4.03258e-22
2.19834e-22
2.96262e-21
-1.02799e-20
-7.26639e-20
4.32054e-19
-4.92315e-17
-1.03106e-16
2.99339e-15
3.39694e-13
4.53094e-12
8.17287e-12
-2.86782e-10
-3.36404e-09
-8.5227e-09
4.20098e-07
2.14965e-06
-2.13737e-05
-0.000397337
-0.00216993
-0.0060085
-0.0116286
-0.0172372
-0.02118
-0.0227302
-0.021802
-0.0191429
-0.0158412
-0.0128049
-0.0104478
-0.00875597
-0.0076207
-0.00690809
-0.00651147
-0.00644147
-0.00670689
-0.00746591
-0.00892763
-0.0112254
-0.0153908
-0.0208427
-0.022892
-0.0222728
-0.0179238
-0.0365051
-0.118447
-0.310748
-0.56842
-0.815689
-0.940245
-0.931269
-0.825341
-0.609855
-0.374528
-0.186122
-0.0677941
-0.0082204
0.0171158
0.0263634
0.0309076
0.0446641
0.0878077
0.175249
0.286199
0.35649
0.354702
0.31258
0.217176
0.11457
0.0413447
0.00670052
6.84304e-05
-0.00010703
0.00307029
0.0150834
0.0258333
0.0237679
0.00701377
-0.013409
-0.0270781
-0.0287907
-0.0198436
-0.00563819
0.00888975
0.0208864
0.0292705
0.0340974
0.036554
0.0378385
0.0390223
0.0409384
0.0438954
0.0489661
0.0567039
0.0687451
0.0873397
0.11389
0.142947
0.155236
0.142972
0.126074
0.152343
0.232075
0.3575
0.448892
0.468846
0.4028
0.2095
-0.0431827
-0.264477
-0.394311
-0.404252
-0.359776
-0.268282
-0.179871
-0.106974
-0.0475043
0.00340629
0.050535
0.0870651
0.0983571
0.0739529
0.0226876
-0.0342106
-0.0700818
-0.0631267
-0.00674393
0.0815666
0.156526
0.16538
0.135439
0.0751149
0.0222678
0.00088312
-0.000375451
-0.000227943
-9.93778e-05
-1.9375e-05
-1.77976e-06
-1.49857e-07
5.11561e-08
5.02341e-08
2.44567e-08
-1.38345e-06
-3.25829e-05
-0.000747064
-0.0268575
-0.172709
-0.815748
-2.6199
-1.0393
-3.813e-23
1.47598e-22
3.41024e-22
2.41146e-22
1.92847e-23
-2.72654e-22
-6.49283e-22
-1.07868e-21
-1.43214e-21
-1.57481e-21
-1.46344e-21
-1.1695e-21
-8.25357e-22
-5.3858e-22
-3.41068e-22
-2.1429e-22
-1.33605e-22
-8.00311e-23
-4.15173e-23
-2.58739e-24
4.77596e-23
3.76249e-23
-2.41216e-22
-1.00898e-21
-2.3485e-21
-3.99369e-21
-4.93892e-21
-3.45547e-21
-3.40134e-23
2.02705e-21
1.41431e-21
1.13178e-21
8.84468e-21
2.50774e-20
3.22084e-20
2.14296e-20
2.39645e-21
-1.09643e-20
-1.17457e-20
-5.273e-21
7.89355e-23
1.72199e-21
1.33928e-21
6.6957e-22
2.63696e-22
7.43902e-23
-1.99667e-23
-7.86106e-23
-9.87693e-23
-2.04522e-22
-3.50834e-22
-9.13021e-22
9.64327e-23
1.17535e-20
9.53942e-19
9.21376e-19
-9.74809e-17
6.01668e-17
5.5626e-15
1.92654e-13
5.14002e-12
1.7109e-11
-2.63863e-11
-4.35955e-09
-1.7625e-08
1.6132e-07
2.41869e-06
-2.39482e-06
-0.000307245
-0.00227137
-0.0077253
-0.0167911
-0.0276973
-0.0381215
-0.0456623
-0.0499029
-0.0501258
-0.0472759
-0.0426341
-0.0374151
-0.0329911
-0.0299654
-0.0284256
-0.0284698
-0.0299818
-0.0332409
-0.0383278
-0.0447683
-0.0509804
-0.0527543
-0.0489679
-0.0478985
-0.0793506
-0.185738
-0.392495
-0.648196
-0.857314
-0.956361
-0.920162
-0.77969
-0.549996
-0.320404
-0.147279
-0.0481941
-0.00462925
0.0112505
0.017738
0.0160078
0.0174426
0.0331637
0.0864452
0.192066
0.309758
0.354783
0.334842
0.25491
0.142086
0.0496478
0.00506298
-0.000480627
-0.000520295
-0.000444489
-0.000302703
0.0006048
0.00609481
0.0128633
0.0147357
0.0109448
0.00891791
0.0108443
0.0213732
0.038646
0.0591165
0.0792932
0.0971538
0.112056
0.123779
0.132992
0.141966
0.153319
0.168093
0.189041
0.21594
0.248094
0.28154
0.30469
0.30027
0.263543
0.231144
0.24223
0.3286
0.423179
0.48745
0.469312
0.359382
0.14075
-0.125682
-0.28975
-0.370638
-0.343419
-0.272752
-0.182262
-0.098567
-0.0454319
-0.0101145
0.0209439
0.057338
0.103174
0.149684
0.177952
0.173085
0.139173
0.0963342
0.0719307
0.0852926
0.132522
0.179519
0.180989
0.146659
0.0823355
0.0254512
0.00124968
-0.000357565
-0.000220216
-8.84398e-05
-1.20704e-05
-6.60544e-07
1.19918e-07
8.21355e-08
4.56581e-08
2.99454e-08
-1.041e-07
-5.18917e-06
-8.45899e-05
-0.000905297
-0.0890317
-0.538223
-1.88674
-3.50888
-0.169987
4.44114e-24
1.58834e-23
-2.21455e-23
-1.57505e-24
6.04786e-23
1.49251e-22
2.54917e-22
3.50233e-22
3.97592e-22
3.79219e-22
3.08936e-22
2.18994e-22
1.39623e-22
8.47355e-23
5.13499e-23
3.1303e-23
1.88121e-23
1.02764e-23
3.57914e-24
-1.24199e-24
1.53489e-24
2.3772e-23
6.11674e-23
8.20712e-23
7.91971e-23
1.28056e-22
3.26274e-22
5.11442e-22
3.27993e-22
-7.86469e-23
-1.91509e-22
-2.33837e-22
-1.86966e-21
-5.83514e-21
-8.18631e-21
-5.97229e-21
-1.42777e-21
1.95633e-21
2.50156e-21
1.24951e-21
5.87415e-23
-3.61099e-22
-2.9955e-22
-1.47885e-22
-5.14024e-23
-6.3568e-24
1.68212e-23
3.52051e-23
5.53383e-23
8.94211e-23
1.33588e-22
1.46416e-22
5.95318e-22
-4.73031e-21
2.47735e-19
-4.05442e-18
-4.72992e-17
4.13831e-17
5.95736e-15
1.39508e-13
3.83237e-13
1.79552e-12
7.7269e-12
-2.66269e-11
-4.11702e-09
-2.01238e-08
4.60056e-08
2.84432e-06
1.17946e-05
-0.00013468
-0.00195682
-0.00808529
-0.0199475
-0.0368043
-0.0555483
-0.0733063
-0.0874332
-0.0958807
-0.100293
-0.100561
-0.0967823
-0.0926868
-0.0900698
-0.0896383
-0.0912148
-0.0946121
-0.0986621
-0.101357
-0.100087
-0.0954698
-0.10226
-0.150387
-0.28247
-0.491119
-0.739403
-0.896171
-0.953146
-0.877521
-0.696704
-0.459233
-0.247325
-0.103374
-0.0317377
-0.00461357
0.00414518
0.00719126
0.00664241
0.00582385
0.0100185
0.0282539
0.0933117
0.214285
0.326221
0.341061
0.290055
0.182049
0.0722578
0.00956407
-0.000241252
-0.00044106
-0.000341019
-0.000261418
-0.000248513
-0.000233854
0.000128336
0.0023241
0.00622478
0.00885663
0.0143135
0.0271936
0.0492628
0.0817288
0.121905
0.165758
0.210091
0.251998
0.290862
0.326715
0.359032
0.391722
0.4259
0.462663
0.496208
0.518352
0.518497
0.48169
0.416625
0.360319
0.368562
0.426857
0.493196
0.504584
0.442961
0.276707
0.0408037
-0.177803
-0.312473
-0.321447
-0.274166
-0.190927
-0.108931
-0.0502135
-0.018366
-0.00359035
0.00916342
0.0262045
0.0581992
0.110128
0.171165
0.217105
0.229271
0.210563
0.182939
0.172086
0.187063
0.207831
0.200534
0.159373
0.0914698
0.0301577
0.00197576
-0.000325832
-0.000214027
-8.64035e-05
-9.93838e-06
-2.40011e-07
1.33455e-07
6.94395e-08
3.36828e-08
1.93191e-08
1.35157e-08
7.75033e-07
-1.03558e-06
-0.000195785
-0.00244285
-0.260088
-1.27685
-3.00754
-3.44644
-0.0788083
-3.57029e-25
-1.02881e-23
-1.01555e-23
-1.6718e-23
-3.45219e-23
-5.93613e-23
-8.45524e-23
-1.00252e-22
-9.93176e-23
-8.33576e-23
-6.04221e-23
-3.86813e-23
-2.27675e-23
-1.31311e-23
-7.7022e-24
-4.54289e-24
-2.58143e-24
-1.22774e-24
-2.98663e-25
-1.32116e-25
-1.10286e-24
-1.66305e-24
3.75884e-24
2.0866e-23
4.89882e-23
7.46993e-23
6.86245e-23
1.55719e-23
-2.33645e-23
6.59944e-24
3.37164e-23
4.20458e-23
3.7085e-22
1.3051e-21
1.99345e-21
1.58111e-21
5.21312e-22
-3.29921e-22
-5.4003e-22
-3.04353e-22
-3.9212e-23
6.78725e-23
6.21958e-23
3.03579e-23
8.98909e-24
-1.02931e-24
-6.33736e-24
-1.10355e-23
-1.70649e-23
-2.49507e-23
-3.76718e-23
6.01852e-25
-2.88857e-22
3.33204e-21
-1.08527e-19
6.84867e-19
-1.45338e-17
-8.02272e-18
5.15498e-15
5.9556e-14
7.24124e-14
-5.55001e-13
-2.56894e-12
-5.30303e-12
-2.23839e-11
-1.37079e-09
-3.12926e-08
-6.12617e-08
3.65562e-06
1.81881e-05
1.9632e-06
-0.00114339
-0.00640436
-0.0189975
-0.0394639
-0.0656956
-0.0938819
-0.120191
-0.142376
-0.157012
-0.173642
-0.177564
-0.175247
-0.173294
-0.172217
-0.171312
-0.169718
-0.16645
-0.167062
-0.1876
-0.260961
-0.402023
-0.623283
-0.8078
-0.930211
-0.904634
-0.781237
-0.564218
-0.338729
-0.163603
-0.0626277
-0.0199916
-0.00514104
0.00103375
0.00254922
0.002326
0.00178175
0.00242264
0.00716633
0.0291289
0.106927
0.236688
0.323945
0.314003
0.227061
0.108685
0.0222413
0.000541207
-0.00036256
-0.000269852
-0.000141873
-6.69283e-05
-7.33412e-05
-0.000117302
-0.000141102
3.9781e-06
0.00061031
0.00236908
0.00705006
0.0192626
0.0447823
0.0880781
0.148939
0.2233
0.305641
0.389373
0.470646
0.543039
0.613276
0.67146
0.715055
0.742832
0.746362
0.721188
0.662643
0.573519
0.509723
0.498927
0.527219
0.541495
0.496381
0.364111
0.154176
-0.0790622
-0.225866
-0.296737
-0.269607
-0.201169
-0.116009
-0.0535333
-0.0208041
-0.00858952
-0.00271846
0.00175775
0.00659507
0.0190795
0.0530844
0.114919
0.189889
0.248603
0.270609
0.261631
0.245201
0.239609
0.238829
0.221305
0.173282
0.102315
0.0365211
0.00321394
-0.000277369
-0.00021355
-9.18019e-05
-1.09501e-05
-2.20199e-07
1.23462e-07
5.80533e-08
2.48021e-08
1.0206e-08
3.86934e-09
2.40766e-08
3.69614e-06
3.73009e-05
-0.000107075
-0.0237695
-0.594576
-2.15306
-3.638
-3.14619
-0.0351357
1.41777e-26
2.65996e-24
5.34371e-24
8.17951e-24
1.33306e-23
1.97111e-23
2.47872e-23
2.60098e-23
2.28092e-23
1.70406e-23
1.11436e-23
6.55536e-24
3.62781e-24
2.01327e-24
1.1426e-24
6.4617e-25
3.42096e-25
1.4054e-25
3.4879e-26
4.44715e-26
3.80248e-26
-3.57926e-25
-1.34469e-24
-2.46959e-24
-3.63982e-24
-5.87899e-24
-8.88668e-24
-7.74114e-24
-2.12754e-24
-3.77054e-24
-9.37035e-24
-9.70592e-24
-7.01557e-23
-2.79061e-22
-4.64317e-22
-3.99613e-22
-1.60725e-22
5.07243e-23
1.19384e-22
7.69145e-23
1.69868e-23
-1.10228e-23
-1.23646e-23
-6.11162e-24
-1.52513e-24
6.51338e-25
1.82249e-24
2.90142e-24
4.28891e-24
5.63931e-24
7.5341e-24
-5.60614e-24
9.27516e-23
-1.52254e-21
2.91532e-20
3.32321e-19
-6.50613e-19
-5.96323e-17
-9.85129e-17
4.65272e-16
2.92341e-14
8.94328e-13
2.58914e-12
3.17808e-12
-5.06877e-12
-3.2681e-11
-4.13277e-10
-2.29716e-08
-7.79116e-08
4.37908e-06
2.28254e-05
2.2349e-05
-0.000255529
-0.00349298
-0.0135669
-0.0334506
-0.0631169
-0.0984868
-0.135657
-0.169777
-0.199954
-0.22296
-0.248544
-0.253462
-0.256987
-0.260053
-0.26631
-0.280637
-0.320732
-0.408154
-0.567589
-0.726672
-0.873394
-0.889955
-0.800786
-0.614595
-0.391922
-0.205756
-0.0884324
-0.0330369
-0.0125096
-0.00412004
-0.000128174
0.00104941
0.00114186
0.000850126
0.000618626
0.00149049
0.00686911
0.0336171
0.123178
0.25173
0.307117
0.265822
0.155809
0.0487788
0.0029329
-0.000256303
-0.000232282
-0.0001141
-2.34521e-05
-2.68836e-06
-3.95144e-06
-2.04914e-05
-5.08392e-05
-7.46969e-05
-0.00010191
-8.28872e-05
0.000885695
0.00556062
0.0207637
0.0551232
0.114643
0.199765
0.305247
0.422218
0.540783
0.65025
0.739927
0.79614
0.817387
0.814527
0.800953
0.755531
0.685986
0.625061
0.600746
0.585022
0.528729
0.408833
0.209698
-0.00935936
-0.159694
-0.247005
-0.239976
-0.197092
-0.124325
-0.0614828
-0.0238135
-0.00981632
-0.00440395
-0.00143784
0.000423082
0.0017211
0.00487348
0.0166037
0.0556296
0.129945
0.217636
0.28352
0.308281
0.30192
0.286166
0.269069
0.2404
0.18855
0.114696
0.0444951
0.00524611
-0.000188416
-0.000220705
-0.000103003
-1.46472e-05
-4.68102e-07
1.0265e-07
4.95127e-08
1.75457e-08
4.26122e-09
-1.21521e-09
5.13727e-09
1.97419e-07
1.23151e-05
0.000101811
0.000158494
-0.09171
-1.05592
-2.82434
-3.62811
-2.49617
-0.0136632
1.36549e-27
-4.99043e-25
-1.61147e-24
-2.71729e-24
-4.18166e-24
-5.71385e-24
-6.56556e-24
-6.21797e-24
-4.8847e-24
-3.28117e-24
-1.96144e-24
-1.07683e-24
-5.67406e-25
-3.03985e-25
-1.65851e-25
-8.92396e-26
-4.38187e-26
-1.55708e-26
-3.81735e-27
-2.07335e-27
1.26777e-26
4.11951e-26
-3.84355e-27
-2.35157e-25
-6.02211e-25
-8.03178e-25
-4.00722e-25
3.75482e-25
4.996e-25
1.0636e-24
2.71028e-24
2.94614e-24
1.31094e-23
5.72539e-23
1.03974e-22
9.72123e-23
4.53859e-23
-6.22593e-24
-2.69072e-23
-1.99661e-23
-6.25357e-24
1.25834e-24
2.38773e-24
1.27448e-24
2.9812e-25
-1.82405e-25
-4.3689e-25
-6.60137e-25
-9.10319e-25
-1.0492e-24
-6.89982e-25
4.52165e-24
-5.34918e-23
5.63066e-22
-3.48778e-21
8.96583e-20
2.99953e-18
-2.79135e-17
-1.27995e-16
3.1936e-16
6.75452e-15
5.38845e-14
4.61398e-13
1.49066e-12
1.87602e-12
-7.5956e-12
-2.17329e-10
-1.27012e-09
-2.7262e-08
-4.49095e-08
4.56259e-06
1.82728e-05
4.66938e-05
8.99528e-06
-0.000849971
-0.00650608
-0.0218848
-0.0489387
-0.0856665
-0.128663
-0.172508
-0.215827
-0.255263
-0.292862
-0.326084
-0.359925
-0.40321
-0.466736
-0.564862
-0.676021
-0.81063
-0.826476
-0.753244
-0.588971
-0.37978
-0.204147
-0.0917232
-0.0385295
-0.0166437
-0.00687151
-0.00224032
-7.87707e-05
0.000720599
0.000735954
0.000563418
0.000292604
0.000274759
0.00121061
0.0075224
0.0404099
0.138461
0.253242
0.275804
0.204713
0.0898452
0.0128887
0.000116309
-0.000224218
-0.000122274
-2.56945e-05
-5.47316e-07
3.89087e-07
1.00335e-07
-1.0011e-06
-6.54411e-06
-2.67238e-05
-6.70616e-05
-0.000150647
-0.000171112
-9.46111e-05
0.0029012
0.0162215
0.0494932
0.110311
0.199466
0.311648
0.435272
0.556398
0.660067
0.727965
0.75418
0.750945
0.725544
0.677043
0.620137
0.569924
0.505467
0.377502
0.189922
0.00431866
-0.128654
-0.195948
-0.196871
-0.165247
-0.108318
-0.0557855
-0.0232651
-0.0103787
-0.00490608
-0.0021961
-0.000727149
7.60655e-05
0.000386386
0.00102774
0.00399486
0.0173259
0.0646164
0.154261
0.254603
0.323793
0.344566
0.331123
0.303141
0.263516
0.204809
0.128431
0.0542557
0.00842612
-2.74789e-05
-0.000233801
-0.000117328
-2.10386e-05
-9.46834e-07
6.61721e-08
4.08379e-08
1.2917e-08
2.02069e-09
-3.12536e-10
-4.90772e-10
3.0169e-08
9.42909e-07
4.18512e-05
0.000201928
0.000362021
-0.200039
-1.46594
-3.04037
-3.34891
-1.57934
-0.00468763
-3.98817e-28
7.53902e-26
3.76855e-25
7.30493e-25
1.12764e-24
1.47866e-24
1.592e-24
1.38442e-24
9.85155e-25
6.0051e-25
3.32139e-25
1.72287e-25
8.69727e-26
4.48555e-26
2.33544e-26
1.1909e-26
5.43619e-27
1.64635e-27
2.64796e-28
-3.00885e-28
-1.17013e-27
2.61098e-27
1.95012e-26
4.80451e-26
8.3374e-26
1.26189e-25
1.39152e-25
5.72344e-26
-3.59218e-26
-2.1286e-25
-7.09279e-25
-9.48305e-25
-2.54254e-24
-1.13725e-23
-2.25644e-23
-2.29612e-23
-1.21506e-23
1.926e-25
6.09477e-24
5.22404e-24
2.095e-24
6.80156e-26
-4.35893e-25
-2.80506e-25
-7.72514e-26
3.13246e-26
8.63535e-26
1.26664e-25
1.50744e-25
1.26418e-25
-1.03857e-25
-4.46268e-24
4.05021e-23
-1.93758e-22
-1.85884e-21
3.46814e-22
-3.36898e-19
-2.04102e-17
-7.17765e-17
5.15406e-16
3.96478e-15
2.55576e-14
3.74353e-14
-1.50775e-13
-1.19104e-12
-5.77703e-12
-3.12502e-11
-1.29481e-10
-5.36403e-10
-2.02537e-08
-3.87179e-08
2.58208e-06
1.62962e-05
4.85259e-05
7.8401e-05
-1.95027e-05
-0.00149198
-0.0100538
-0.0295008
-0.0618303
-0.103511
-0.152909
-0.205608
-0.262447
-0.322574
-0.388004
-0.457997
-0.551116
-0.664849
-0.667258
-0.600532
-0.451612
-0.285849
-0.150029
-0.0685146
-0.0319797
-0.0150724
-0.00679355
-0.00271138
-0.00077369
8.74892e-05
0.000475899
0.000440747
0.000299781
0.00015249
6.16986e-05
0.000141374
0.00107836
0.0083933
0.0483545
0.149887
0.238484
0.23289
0.14029
0.0398835
0.00177562
-0.000220088
-0.000144067
-4.48642e-05
-2.26648e-06
2.46504e-07
1.54634e-07
1.05568e-07
1.88246e-08
-3.51299e-07
-3.13856e-06
-1.42671e-05
-6.69296e-05
-0.000132921
-0.000318341
-0.000417643
0.000120979
0.00619033
0.0261506
0.0681534
0.1349
0.220452
0.313273
0.401072
0.467817
0.502727
0.501856
0.472585
0.4266
0.357532
0.244953
0.0967215
-0.0466877
-0.126918
-0.156659
-0.151595
-0.12185
-0.0775135
-0.03913
-0.0174663
-0.00844181
-0.00430266
-0.0020859
-0.000902985
-0.000353439
-0.000126148
-3.1684e-05
9.39177e-05
0.000702559
0.00420785
0.0209722
0.0797442
0.186959
0.298589
0.362209
0.365831
0.337923
0.289006
0.223506
0.143826
0.0658852
0.0132519
0.000275551
-0.000250993
-0.000135191
-3.11262e-05
-1.69543e-06
1.80543e-08
3.34441e-08
1.08821e-08
1.44011e-09
-9.45961e-10
-5.14251e-09
-1.91652e-09
2.39777e-07
7.4728e-06
0.000110681
0.000331294
0.000213405
-0.308041
-1.63292
-2.85117
-2.61598
-0.72388
-0.00140408
8.77111e-29
-9.54095e-27
-7.43627e-26
-1.69522e-25
-2.71063e-25
-3.49311e-25
-3.58867e-25
-2.90477e-25
-1.88901e-25
-1.05236e-25
-5.43773e-26
-2.68586e-26
-1.29944e-26
-6.41429e-27
-3.16821e-27
-1.52913e-27
-6.51823e-28
-1.65618e-28
-1.06451e-29
3.19289e-29
-5.89946e-29
-5.86575e-28
-9.795e-28
2.63476e-28
2.34154e-27
8.2544e-28
-6.59569e-27
-9.27267e-27
2.50942e-29
3.71035e-26
1.71037e-25
2.94031e-25
5.44228e-25
2.22871e-24
4.82263e-24
5.36069e-24
3.18142e-24
2.57699e-25
-1.38398e-24
-1.37883e-24
-6.69267e-25
-1.18259e-25
7.06813e-26
6.58924e-26
2.48318e-26
-8.03805e-28
-1.30624e-26
-1.89397e-26
-1.28785e-26
2.2917e-26
-5.48567e-26
3.71451e-24
-2.72842e-23
8.08915e-23
1.26179e-21
-1.39238e-21
-8.17433e-20
-7.23111e-18
-9.71809e-18
5.64165e-16
3.64793e-15
-1.29234e-14
-9.32163e-14
-2.2225e-13
-3.95076e-13
-7.65817e-13
-1.42076e-12
-4.92273e-12
-9.48554e-11
-6.0822e-10
-1.46543e-08
4.75343e-09
1.14936e-06
1.37606e-05
3.82172e-05
9.1362e-05
0.000122376
-2.41166e-05
-0.002018
-0.0119443
-0.0322818
-0.0644548
-0.105234
-0.152934
-0.204609
-0.255203
-0.294198
-0.313932
-0.282793
-0.209651
-0.125619
-0.0667388
-0.0343186
-0.0171895
-0.00833548
-0.0038444
-0.00165224
-0.000615731
-0.000101583
0.000164785
0.000233956
0.000174396
9.13254e-05
4.33528e-05
2.18997e-05
1.24036e-05
7.94311e-05
0.000892633
0.00823842
0.0517057
0.152454
0.218309
0.183432
0.0845027
0.0120889
8.30418e-05
-0.000172304
-7.62257e-05
-9.44487e-06
-2.19967e-07
1.01303e-07
6.28385e-08
3.9385e-08
3.59385e-08
6.05318e-10
-1.59954e-07
-6.18763e-07
-8.04697e-06
-3.69383e-05
-0.000173116
-0.000327421
-0.000634637
-0.00118731
-0.00116578
0.0027114
0.015905
0.0414433
0.0780054
0.118753
0.150758
0.164332
0.151065
0.112063
0.0489675
-0.0395058
-0.108975
-0.126601
-0.121134
-0.101134
-0.0699345
-0.0377357
-0.0168877
-0.00834184
-0.00444361
-0.00240487
-0.00125753
-0.000624682
-0.000295269
-0.000130853
-5.12839e-05
-1.31278e-05
6.95023e-06
8.10466e-05
0.000693083
0.0049988
0.0266215
0.100515
0.224414
0.341111
0.377921
0.369506
0.330032
0.255821
0.166588
0.0808912
0.0202864
0.000821256
-0.000266574
-0.000155573
-4.7096e-05
-3.10943e-06
-6.46255e-08
3.01702e-08
1.05692e-08
1.63113e-09
-3.31324e-10
-3.23322e-09
-7.45225e-09
1.87326e-09
4.84575e-07
1.86497e-05
0.000176933
0.000485107
-0.000443801
-0.38993
-1.57158
-2.38416
-1.71885
-0.179248
-0.0003579
-1.6131e-29
8.94488e-28
1.07155e-26
2.85932e-26
4.80705e-26
6.1892e-26
6.16991e-26
4.72817e-26
2.85478e-26
1.47434e-26
7.21082e-27
3.41806e-27
1.58717e-27
7.49341e-28
3.51876e-28
1.61705e-28
6.50871e-29
1.41672e-29
5.49014e-31
5.26265e-31
1.2338e-29
1.41698e-29
-1.12097e-28
-4.64028e-28
-9.32e-28
-1.17174e-27
-6.08218e-28
4.20848e-28
2.01468e-28
-5.12342e-27
-3.16277e-26
-6.92823e-26
-1.10218e-25
-3.6982e-25
-8.50784e-25
-1.03114e-24
-6.8471e-25
-1.20085e-25
2.51311e-25
2.99555e-25
1.7403e-25
5.20719e-26
-2.9125e-27
-1.21121e-26
-7.28367e-27
-2.79097e-27
-6.89332e-28
-6.69499e-28
-4.82596e-27
-2.834e-26
8.77772e-26
-1.69277e-24
1.03716e-23
-2.22052e-23
-3.93434e-22
-1.28981e-22
3.79094e-20
1.49598e-18
-4.24349e-18
-6.83743e-17
-1.03931e-16
2.15713e-16
-2.63109e-15
-9.2979e-15
-1.46687e-14
-2.21836e-14
-7.41606e-14
-4.84262e-13
-2.86411e-12
-2.74805e-11
-2.58383e-10
-3.86522e-09
1.74058e-08
4.93601e-07
5.23029e-06
2.74468e-05
5.98289e-05
0.00012404
0.000126514
-5.6985e-06
-0.00104083
-0.00632135
-0.016195
-0.029671
-0.0436315
-0.0528604
-0.0514213
-0.0383417
-0.0195637
-0.00937686
-0.00461983
-0.00235302
-0.00119194
-0.000589034
-0.000279339
-0.00011144
-1.9191e-06
6.14801e-05
8.98218e-05
6.42961e-05
3.21292e-05
1.64928e-05
8.81478e-06
4.75752e-06
2.4896e-06
2.12205e-06
2.67243e-05
0.000409965
0.00458279
0.0341436
0.108507
0.143261
0.0990503
0.0313888
0.00194313
-0.000159662
-9.36881e-05
-2.23796e-05
-1.36029e-06
2.21421e-08
2.86274e-08
9.44356e-09
3.15514e-09
7.74633e-09
8.96475e-09
5.11636e-09
2.97343e-08
-1.03301e-07
-1.96196e-06
-2.54628e-05
-8.11213e-05
-0.000303052
-0.000773397
-0.00121894
-0.0019601
-0.00328728
-0.00456299
-0.00596509
-0.00631211
-0.00744241
-0.0121169
-0.0211809
-0.0360908
-0.0497288
-0.0516145
-0.0403024
-0.023083
-0.0125853
-0.00694562
-0.0038549
-0.00212546
-0.00117265
-0.000639485
-0.00034653
-0.00018728
-0.000100118
-5.22471e-05
-2.60229e-05
-1.20591e-05
-5.31717e-06
-2.53021e-06
1.15996e-06
3.69976e-05
0.000467883
0.00447856
0.029622
0.11561
0.248189
0.3494
0.360671
0.322264
0.24542
0.155133
0.0747122
0.0211562
0.00134143
-0.000262507
-0.00016353
-5.61679e-05
-5.11101e-06
-2.08777e-07
2.76926e-08
9.83739e-09
1.28955e-09
-1.45599e-09
-1.07883e-08
-2.81145e-08
-3.33818e-08
9.30792e-07
1.0128e-05
6.16028e-05
0.000242094
0.000483601
-0.0166198
-0.391519
-1.11883
-1.3706
-0.701551
-0.0436887
-7.82329e-05
)
;

boundaryField
{
    inlet
    {
        type            uniformFixedValue;
        uniformValue    table;
        uniformValueCoeffs
        {
            values          
4
(
(0 1)
(0.15 1)
(0.151 0)
(1 0)
)
;
        }
        value           uniform 0;
    }
    outlet
    {
        type            inletOutlet;
        inletValue      uniform 0;
        value           nonuniform List<scalar> 
200
(
0
0
0
0
0
0
0
0
0
0
0
0
0
0
0
0
0
0
0
0
0
0
0
0
0
0
0
0
0
0
0
0
0
0
0
0
0
0
0
0
0
0
0
0
0
0
0
0
0
0
0
0
0
0
0
0
0
0
0
0
0
0
0
0
0
0
0
0
0
0
0
0
1.74058e-08
4.93601e-07
5.23029e-06
2.74468e-05
5.98289e-05
0.00012404
0.000126514
-5.6985e-06
-0.00104083
-0.00632135
-0.016195
-0.029671
-0.0436315
-0.0528604
-0.0514213
-0.0383417
-0.0195637
0
0
0
0
0
0
0
0
0
0
0
0
0
0
0
0
0
0
0
0
0
0.108507
0.143261
0.0990503
0.0313888
0.00194313
-0.000159662
-9.36881e-05
-2.23796e-05
-1.36029e-06
2.21421e-08
2.86274e-08
9.44356e-09
3.15514e-09
7.74633e-09
8.96475e-09
5.11636e-09
2.97343e-08
-1.03301e-07
-1.96196e-06
-2.54628e-05
-8.11213e-05
-0.000303052
-0.000773397
-0.00121894
-0.0019601
-0.00328728
-0.00456299
-0.00596509
-0.00631211
-0.00744241
-0.0121169
-0.0211809
-0.0360908
-0.0497288
-0.0516145
0
0
0
0
0
0
0
0
0
0
0
0
0
0
0
0
0
0
0
0
0.029622
0.11561
0.248189
0.3494
0.360671
0.322264
0.24542
0.155133
0.0747122
0.0211562
0.00134143
-0.000262507
-0.00016353
-5.61679e-05
-5.11101e-06
-2.08777e-07
2.76926e-08
9.83739e-09
1.28955e-09
-1.45599e-09
-1.07883e-08
-2.81145e-08
-3.33818e-08
9.30792e-07
1.0128e-05
6.16028e-05
0.000242094
0.000483601
-0.0166198
-0.391519
-1.11883
-1.3706
-0.701551
-0.0436887
-7.82329e-05
)
;
    }
    walls
    {
        type            zeroGradient;
    }
    frontAndBack
    {
        type            empty;
    }
}


// ************************************************************************* //
