/*--------------------------------*- C++ -*----------------------------------*\
| =========                 |                                                 |
| \\      /  F ield         | OpenFOAM: The Open Source CFD Toolbox           |
|  \\    /   O peration     | Version:  2506                                  |
|   \\  /    A nd           | Website:  www.openfoam.com                      |
|    \\/     M anipulation  |                                                 |
\*---------------------------------------------------------------------------*/
FoamFile
{
    version     2.0;
    format      ascii;
    arch        "LSB;label=32;scalar=64";
    class       surfaceScalarField;
    location    "0.5";
    object      phi;
}
// * * * * * * * * * * * * * * * * * * * * * * * * * * * * * * * * * * * * * //

dimensions      [0 3 -1 0 0 0 0];

oriented        oriented;

internalField   nonuniform List<scalar> 
7780
(
2.08108e-09
4.18588e-10
1.64727e-09
4.33926e-10
1.34961e-09
2.97527e-10
1.16551e-09
1.84019e-10
1.05548e-09
1.10009e-10
9.87493e-10
6.7978e-11
9.42375e-10
4.51043e-11
9.1006e-10
3.23086e-11
8.85313e-10
2.47445e-11
8.65378e-10
1.99347e-11
8.48768e-10
1.66098e-11
8.34632e-10
1.41363e-11
8.22426e-10
1.22051e-11
8.1177e-10
1.06564e-11
8.0237e-10
9.39946e-12
7.93988e-10
8.3819e-12
7.86417e-10
7.56971e-12
7.7945e-10
6.96628e-12
7.7288e-10
6.56868e-12
7.66504e-10
6.37492e-12
7.60113e-10
6.3901e-12
7.5349e-10
6.62125e-12
7.4641e-10
7.07848e-12
7.38632e-10
7.77698e-12
7.29893e-10
8.73814e-12
7.19901e-10
9.99093e-12
7.08323e-10
1.1577e-11
6.94744e-10
1.35779e-11
6.78656e-10
1.60867e-11
6.59378e-10
1.92772e-11
6.35909e-10
2.34662e-11
6.06628e-10
2.92768e-11
5.68921e-10
3.76966e-11
5.11882e-10
5.70236e-11
4.60472e-10
5.13917e-11
4.39425e-10
2.1038e-11
4.35645e-10
3.78767e-12
4.38366e-10
-2.69208e-12
4.49241e-10
-1.08289e-11
4.72044e-10
-2.27512e-11
5.20469e-10
-4.83873e-11
5.77182e-10
-5.6705e-11
6.28214e-10
-5.10532e-11
6.75387e-10
-4.72094e-11
7.16803e-10
-4.14558e-11
7.54413e-10
-3.76473e-11
7.90436e-10
-3.60599e-11
8.19841e-10
-2.94401e-11
8.48322e-10
-2.85032e-11
8.73385e-10
-2.50771e-11
8.93532e-10
-2.01598e-11
9.12915e-10
-1.93841e-11
9.23909e-10
-1.09806e-11
9.34312e-10
-1.03757e-11
9.34737e-10
-3.89944e-13
9.31236e-10
3.5363e-12
9.19718e-10
1.15486e-11
8.9861e-10
2.11329e-11
8.7698e-10
2.16534e-11
8.40417e-10
3.65934e-11
8.05903e-10
3.45596e-11
7.66106e-10
3.98637e-11
7.24987e-10
4.12072e-11
6.8661e-10
3.848e-11
6.46213e-10
4.05055e-11
6.11951e-10
3.43635e-11
5.77136e-10
3.49047e-11
5.48143e-10
2.90694e-11
5.20481e-10
2.77253e-11
4.96287e-10
2.42462e-11
4.75451e-10
2.08788e-11
4.55324e-10
2.01651e-11
4.38731e-10
1.66311e-11
4.23442e-10
1.53328e-11
4.0942e-10
1.40761e-11
3.97536e-10
1.19528e-11
3.86927e-10
1.06935e-11
3.77323e-10
9.70562e-12
3.69351e-10
8.08937e-12
3.62718e-10
6.76234e-12
3.57212e-10
5.64198e-12
3.53015e-10
4.33535e-12
3.5e-10
3.14983e-12
3.48122e-10
2.00572e-12
3.47591e-10
6.51858e-13
3.47965e-10
-2.61647e-13
3.49125e-10
-1.05582e-12
3.5171e-10
-2.48986e-12
3.54835e-10
-3.0391e-12
3.5827e-10
-3.36167e-12
3.63156e-10
-4.82482e-12
3.68216e-10
-5.00985e-12
3.73441e-10
-5.18729e-12
3.80104e-10
-6.63378e-12
3.85889e-10
-5.76399e-12
3.93658e-10
-7.7547e-12
4.00201e-10
-6.53285e-12
4.09272e-10
-9.06481e-12
4.16694e-10
-7.41882e-12
4.27507e-10
-1.08099e-11
4.36852e-10
-9.34409e-12
4.48397e-10
-1.15436e-11
4.59914e-10
-1.15164e-11
4.70943e-10
-1.10268e-11
4.84089e-10
-1.31419e-11
4.95759e-10
-1.16641e-11
5.09414e-10
-1.36468e-11
5.21886e-10
-1.24611e-11
5.34623e-10
-1.27224e-11
5.46711e-10
-1.20689e-11
5.5845e-10
-1.17164e-11
5.68918e-10
-1.04395e-11
5.79107e-10
-1.01564e-11
5.86529e-10
-7.38411e-12
5.94996e-10
-8.42182e-12
6.01028e-10
-5.98e-12
6.06189e-10
-5.10265e-12
6.11186e-10
-4.93317e-12
6.14639e-10
-3.38486e-12
6.17567e-10
-2.85796e-12
6.20603e-10
-2.96578e-12
6.22925e-10
-2.2533e-12
6.24862e-10
-1.86902e-12
6.27338e-10
-2.40658e-12
6.29806e-10
-2.39352e-12
6.32656e-10
-2.76573e-12
6.36063e-10
-3.30795e-12
6.39923e-10
-3.74539e-12
6.44802e-10
-4.75363e-12
6.51389e-10
-6.4575e-12
6.57968e-10
-6.46121e-12
6.66172e-10
-8.112e-12
6.77211e-10
-1.09919e-11
6.88022e-10
-1.08215e-11
7.00955e-10
-1.30071e-11
7.17854e-10
-1.70377e-11
7.32616e-10
-1.49549e-11
7.51886e-10
-1.95034e-11
7.70407e-10
-1.87719e-11
7.90137e-10
-1.99747e-11
8.09396e-10
-1.94678e-11
8.26857e-10
-1.76112e-11
8.40937e-10
-1.4156e-11
8.52304e-10
-1.13647e-11
8.53977e-10
-1.60548e-12
8.54823e-10
-7.33304e-13
8.39992e-10
1.4965e-11
8.22045e-10
1.80835e-11
7.9542e-10
2.67513e-11
7.61213e-10
3.4322e-11
7.26833e-10
3.44858e-11
6.83221e-10
4.37175e-11
6.43796e-10
3.95298e-11
5.98542e-10
4.53539e-11
5.57859e-10
4.07646e-11
5.12981e-10
4.49327e-11
4.70982e-10
4.20255e-11
4.26118e-10
4.48571e-11
3.82398e-10
4.368e-11
3.38827e-10
4.35312e-11
3.39044e-10
-2.41573e-13
3.40586e-10
-1.54144e-12
3.43842e-10
-3.24109e-12
3.50613e-10
-6.75764e-12
3.68859e-10
-1.82456e-11
3.97529e-10
-2.86826e-11
4.47173e-10
-4.96671e-11
4.98349e-10
-5.11957e-11
5.44911e-10
-4.65765e-11
5.89116e-10
-4.42139e-11
6.30596e-10
-4.14834e-11
6.6833e-10
-3.7734e-11
7.01362e-10
-3.30305e-11
7.29087e-10
-2.77215e-11
7.51302e-10
-2.2212e-11
7.68159e-10
-1.68546e-11
7.80119e-10
-1.19574e-11
7.87837e-10
-7.71677e-12
7.9211e-10
-4.27325e-12
7.9349e-10
-1.38134e-12
7.92746e-10
7.4363e-13
7.9044e-10
2.30363e-12
7.87108e-10
3.33018e-12
7.83295e-10
3.81121e-12
7.79371e-10
3.92199e-12
7.75617e-10
3.75151e-12
7.7224e-10
3.37553e-12
7.69379e-10
2.85895e-12
7.67121e-10
2.256e-12
7.65513e-10
1.60726e-12
7.646e-10
9.1186e-13
7.64268e-10
3.30453e-13
7.64498e-10
-2.3093e-13
7.65235e-10
-7.37206e-13
7.66336e-10
-1.10215e-12
7.67768e-10
-1.43228e-12
7.69389e-10
-1.62156e-12
7.70994e-10
-1.60638e-12
7.72186e-10
-1.19372e-12
3.18527e-13
2.63516e-09
2.83498e-10
2.58951e-09
4.79678e-10
2.44535e-09
4.41744e-10
2.28174e-09
3.47683e-10
2.13575e-09
2.55988e-10
2.01935e-09
1.84368e-10
1.9287e-09
1.35734e-10
1.85663e-09
1.04378e-10
1.79779e-09
8.35896e-11
1.74871e-09
6.90065e-11
1.70713e-09
5.81906e-11
1.6715e-09
4.97677e-11
1.64073e-09
4.29767e-11
1.614e-09
3.73922e-11
1.59064e-09
3.27598e-11
1.57009e-09
2.89272e-11
1.55186e-09
2.58008e-11
1.53547e-09
2.33569e-11
1.52046e-09
2.15826e-11
1.50636e-09
2.04771e-11
1.4927e-09
2.00498e-11
1.479e-09
2.03164e-11
1.46478e-09
2.12988e-11
1.44953e-09
2.30275e-11
1.43273e-09
2.55452e-11
1.41381e-09
2.89126e-11
1.39216e-09
3.32194e-11
1.36712e-09
3.86198e-11
1.33789e-09
4.532e-11
1.30351e-09
5.36582e-11
1.26278e-09
6.41919e-11
1.21418e-09
7.78745e-11
1.15545e-09
9.64209e-11
1.08095e-09
1.31518e-10
1.01318e-09
1.19147e-10
9.79419e-10
5.47906e-11
9.71935e-10
1.12619e-11
9.84047e-10
-1.48045e-11
1.01553e-09
-4.2293e-11
1.07075e-09
-7.79152e-11
1.15804e-09
-1.356e-10
1.25735e-09
-1.55948e-10
1.35443e-09
-1.48107e-10
1.44669e-09
-1.39477e-10
1.53059e-09
-1.25395e-10
1.60758e-09
-1.14688e-10
1.6795e-09
-1.08044e-10
1.74166e-09
-9.16708e-11
1.79968e-09
-8.65991e-11
1.85092e-09
-7.63815e-11
1.89434e-09
-6.36385e-11
1.93208e-09
-5.71755e-11
1.95891e-09
-3.78542e-11
1.97902e-09
-3.05147e-11
1.98536e-09
-6.74961e-12
1.9814e-09
7.49682e-12
1.96478e-09
2.81763e-11
1.93302e-09
5.2901e-11
1.89238e-09
6.23109e-11
1.8332e-09
9.5807e-11
1.76859e-09
9.92074e-11
1.6947e-09
1.138e-10
1.61595e-09
1.20031e-10
1.53666e-09
1.17832e-10
1.45496e-09
1.22249e-10
1.37826e-09
1.11082e-10
1.30228e-09
1.10886e-10
1.23299e-09
9.83217e-11
1.16725e-09
9.34077e-11
1.1071e-09
8.43294e-11
1.0523e-09
7.55982e-11
1.00068e-09
7.17179e-11
9.54327e-10
6.29175e-11
9.11592e-10
5.80206e-11
8.72106e-10
5.35334e-11
8.36531e-10
4.75194e-11
8.04171e-10
4.30628e-11
7.74699e-10
3.92025e-11
7.48516e-10
3.43092e-11
7.25506e-10
2.98176e-11
7.0543e-10
2.57651e-11
6.88404e-10
2.14066e-11
6.74315e-10
1.72786e-11
6.63087e-10
1.32666e-11
6.5486e-10
8.90584e-12
6.49348e-10
5.27376e-12
6.46383e-10
1.92969e-12
6.46167e-10
-2.25345e-12
6.47908e-10
-4.76243e-12
6.51433e-10
-6.87092e-12
6.57311e-10
-1.069e-11
6.64979e-10
-1.2667e-11
6.74251e-10
-1.44508e-11
6.859e-10
-1.82755e-11
6.98649e-10
-1.8508e-11
7.14129e-10
-2.32301e-11
7.30787e-10
-2.3188e-11
7.49842e-10
-2.81168e-11
7.70147e-10
-2.77211e-11
7.93266e-10
-3.39263e-11
8.17461e-10
-3.35371e-11
8.44138e-10
-3.82179e-11
8.72245e-10
-3.9621e-11
9.01664e-10
-4.04432e-11
9.32915e-10
-4.43901e-11
9.63431e-10
-4.21786e-11
9.94971e-10
-4.51833e-11
1.02507e-09
-4.25617e-11
1.05432e-09
-4.19663e-11
1.08184e-09
-3.95868e-11
1.10738e-09
-3.72406e-11
1.13066e-09
-3.37172e-11
1.15225e-09
-3.1738e-11
1.17083e-09
-2.59496e-11
1.18867e-09
-2.62493e-11
1.20374e-09
-2.1034e-11
1.21721e-09
-1.85526e-11
1.22972e-09
-1.74256e-11
1.24049e-09
-1.41381e-11
1.25049e-09
-1.28291e-11
1.26036e-09
-1.28197e-11
1.26958e-09
-1.14584e-11
1.27871e-09
-1.09849e-11
1.2886e-09
-1.22914e-11
1.29897e-09
-1.27678e-11
1.31031e-09
-1.41207e-11
1.32289e-09
-1.59062e-11
1.33685e-09
-1.77214e-11
1.35283e-09
-2.07512e-11
1.37131e-09
-2.49376e-11
1.39125e-09
-2.63999e-11
1.41409e-09
-3.09334e-11
1.44074e-09
-3.76223e-11
1.46872e-09
-3.87988e-11
1.50035e-09
-4.46599e-11
1.53606e-09
-5.27908e-11
1.57172e-09
-5.06952e-11
1.61134e-09
-5.92419e-11
1.65091e-09
-5.8482e-11
1.6907e-09
-5.99139e-11
1.72887e-09
-5.77949e-11
1.76283e-09
-5.17086e-11
1.7908e-09
-4.22329e-11
1.81115e-09
-3.17717e-11
1.81842e-09
-8.87813e-12
1.81638e-09
1.3616e-12
1.79554e-09
3.58857e-11
1.76347e-09
5.02505e-11
1.71689e-09
7.34438e-11
1.65597e-09
9.53284e-11
1.58752e-09
1.03026e-10
1.50589e-09
1.25407e-10
1.42248e-09
1.23001e-10
1.33101e-09
1.36849e-10
1.24082e-09
1.30972e-10
1.14532e-09
1.40418e-10
1.05098e-09
1.36349e-10
9.5518e-10
1.40627e-10
8.64289e-10
1.34533e-10
7.79937e-10
1.27867e-10
7.45912e-10
3.37919e-11
7.27913e-10
1.64741e-11
7.22347e-10
2.33937e-12
7.308e-10
-1.52021e-11
7.61284e-10
-4.87304e-11
8.15888e-10
-8.32955e-11
8.99444e-10
-1.33238e-10
9.93481e-10
-1.45249e-10
1.08799e-09
-1.41106e-10
1.18054e-09
-1.3677e-10
1.26822e-09
-1.29179e-10
1.34831e-09
-1.17823e-10
1.41862e-09
-1.03349e-10
1.47781e-09
-8.69151e-11
1.52536e-09
-6.97568e-11
1.56146e-09
-5.2955e-11
1.58692e-09
-3.74104e-11
1.60288e-09
-2.36753e-11
1.61069e-09
-1.20716e-11
1.61173e-09
-2.42215e-12
1.60796e-09
4.51767e-12
1.60055e-09
9.71802e-12
1.59079e-09
1.30882e-11
1.5797e-09
1.49051e-11
1.56815e-09
1.5474e-11
1.55683e-09
1.50727e-11
1.54625e-09
1.39547e-11
1.53676e-09
1.23453e-11
1.52858e-09
1.04379e-11
1.5218e-09
8.39084e-12
1.51638e-09
6.33161e-12
1.51232e-09
4.38562e-12
1.50949e-09
2.59709e-12
1.50773e-09
1.02343e-12
1.50686e-09
-2.3134e-13
1.50672e-09
-1.2922e-12
1.50705e-09
-1.95415e-12
1.50759e-09
-2.14169e-12
1.50805e-09
-1.65956e-12
8.02826e-14
2.61173e-09
1.71912e-10
2.71292e-09
3.78485e-10
2.73129e-09
4.23502e-10
2.68715e-09
3.91966e-10
2.61188e-09
3.31313e-10
2.52544e-09
2.70811e-10
2.44177e-09
2.19374e-10
2.36626e-09
1.79876e-10
2.2996e-09
1.5025e-10
2.24114e-09
1.27476e-10
2.18991e-09
1.09422e-10
2.145e-09
9.4676e-11
2.1056e-09
8.23816e-11
2.07097e-09
7.20228e-11
2.04046e-09
6.3268e-11
2.01348e-09
5.59094e-11
1.98946e-09
4.98243e-11
1.96785e-09
4.4961e-11
1.94813e-09
4.13038e-11
1.92975e-09
3.88592e-11
1.91215e-09
3.76468e-11
1.89477e-09
3.76965e-11
1.87702e-09
3.90477e-11
1.8583e-09
4.17491e-11
1.83798e-09
4.58635e-11
1.81542e-09
5.14779e-11
1.78992e-09
5.87195e-11
1.76076e-09
6.77806e-11
1.72714e-09
7.89419e-11
1.68817e-09
9.26263e-11
1.64289e-09
1.09477e-10
1.59027e-09
1.30488e-10
1.52938e-09
1.57305e-10
1.45807e-09
2.02819e-10
1.39333e-09
1.83883e-10
1.35835e-09
8.97551e-11
1.35453e-09
1.50621e-11
1.3786e-09
-3.88953e-11
1.42946e-09
-9.31727e-11
1.50682e-09
-1.55264e-10
1.61075e-09
-2.39478e-10
1.72468e-09
-2.69798e-10
1.83856e-09
-2.61916e-10
1.94726e-09
-2.48117e-10
2.04707e-09
-2.25171e-10
2.13851e-09
-2.06116e-10
2.2225e-09
-1.92041e-10
2.29638e-09
-1.65564e-10
2.36419e-09
-1.54431e-10
2.42347e-09
-1.35676e-10
2.47371e-09
-1.13894e-10
2.51595e-09
-9.94292e-11
2.5475e-09
-6.94248e-11
2.56958e-09
-5.26119e-11
2.57912e-09
-1.6308e-11
2.57662e-09
9.98554e-12
2.56083e-09
4.39708e-11
2.5302e-09
8.3539e-11
2.48791e-09
1.04613e-10
2.42895e-09
1.54788e-10
2.3603e-09
1.67876e-10
2.28082e-09
1.93321e-10
2.19384e-09
2.07042e-10
2.10242e-09
2.0929e-10
2.0074e-09
2.17296e-10
1.91346e-09
2.05033e-10
1.81981e-09
2.04531e-10
1.73025e-09
1.8786e-10
1.64416e-09
1.79461e-10
1.56281e-09
1.6563e-10
1.48679e-09
1.51568e-10
1.41475e-09
1.43709e-10
1.34807e-09
1.29564e-10
1.28587e-09
1.20208e-10
1.22783e-09
1.11566e-10
1.17439e-09
1.00976e-10
1.12515e-09
9.23296e-11
1.07995e-09
8.4444e-11
1.03898e-09
7.53154e-11
1.00233e-09
6.65165e-11
9.69861e-10
5.82809e-11
9.41695e-10
4.96083e-11
9.17811e-10
4.11891e-11
8.98189e-10
3.29049e-11
8.82884e-10
2.42179e-11
8.71537e-10
1.66239e-11
8.63861e-10
9.60578e-12
8.60166e-10
1.43938e-12
8.60167e-10
-4.76585e-12
8.63493e-10
-1.01995e-11
8.70465e-10
-1.76657e-11
8.80499e-10
-2.27046e-11
8.93304e-10
-2.7259e-11
9.09611e-10
-3.4586e-11
9.28167e-10
-3.70661e-11
9.50377e-10
-4.54419e-11
9.74721e-10
-4.75337e-11
1.00255e-09
-5.59459e-11
1.03231e-09
-5.74862e-11
1.06569e-09
-6.73006e-11
1.10068e-09
-6.85313e-11
1.13842e-09
-7.59575e-11
1.17761e-09
-7.88039e-11
1.21788e-09
-8.07132e-11
1.25929e-09
-8.57947e-11
1.30003e-09
-8.29206e-11
1.34073e-09
-8.58894e-11
1.37988e-09
-8.17066e-11
1.4174e-09
-7.94926e-11
1.45289e-09
-7.5073e-11
1.48596e-09
-7.03145e-11
1.51661e-09
-6.43596e-11
1.54493e-09
-6.00624e-11
1.57056e-09
-5.15757e-11
1.59456e-09
-5.02464e-11
1.6162e-09
-4.26673e-11
1.63617e-09
-3.85087e-11
1.65488e-09
-3.61305e-11
1.67226e-09
-3.1508e-11
1.68889e-09
-2.94422e-11
1.70521e-09
-2.91136e-11
1.72119e-09
-2.74131e-11
1.73733e-09
-2.71046e-11
1.75407e-09
-2.90073e-11
1.77153e-09
-3.02138e-11
1.79009e-09
-3.26683e-11
1.81001e-09
-3.58274e-11
1.83157e-09
-3.92852e-11
1.8552e-09
-4.43926e-11
1.88115e-09
-5.08746e-11
1.90916e-09
-5.43749e-11
1.93994e-09
-6.16491e-11
1.974e-09
-7.16005e-11
2.0098e-09
-7.44952e-11
2.04882e-09
-8.35697e-11
2.09046e-09
-9.43258e-11
2.13275e-09
-9.29035e-11
2.17686e-09
-1.03307e-10
2.22051e-09
-1.02123e-10
2.26269e-09
-1.02112e-10
2.302e-09
-9.7169e-11
2.3357e-09
-8.54897e-11
2.36241e-09
-6.90438e-11
2.37961e-09
-4.90568e-11
2.38465e-09
-1.39868e-11
2.3781e-09
7.87487e-12
2.354e-09
5.99837e-11
2.31608e-09
8.8194e-11
2.263e-09
1.26573e-10
2.19418e-09
1.64208e-10
2.11414e-09
1.83121e-10
2.0198e-09
2.1979e-10
1.91855e-09
2.24279e-10
1.80768e-09
2.47725e-10
1.69332e-09
2.4533e-10
1.57298e-09
2.60734e-10
1.45092e-09
2.58404e-10
1.32811e-09
2.63392e-10
1.21264e-09
2.4997e-10
1.10533e-09
2.35162e-10
1.03973e-09
9.94081e-11
9.99803e-10
5.64251e-11
9.82899e-10
1.92577e-11
9.9064e-10
-2.29358e-11
1.02995e-09
-8.80465e-11
1.10071e-09
-1.54066e-10
1.20278e-09
-2.35322e-10
1.31827e-09
-2.60766e-10
1.43603e-09
-2.58882e-10
1.55124e-09
-2.52002e-10
1.65987e-09
-2.37825e-10
1.75867e-09
-2.16633e-10
1.84526e-09
-1.89948e-10
1.91821e-09
-1.59864e-10
1.97695e-09
-1.285e-10
2.02172e-09
-9.77216e-11
2.05335e-09
-6.90293e-11
2.07314e-09
-4.34595e-11
2.08271e-09
-2.16348e-11
2.08408e-09
-3.78634e-12
2.07868e-09
9.91859e-12
2.06848e-09
1.99262e-11
2.05501e-09
2.65603e-11
2.03964e-09
3.02818e-11
2.02351e-09
3.16044e-11
2.00754e-09
3.10388e-11
1.99243e-09
2.9066e-11
1.97866e-09
2.61216e-11
1.96651e-09
2.25842e-11
1.95613e-09
1.877e-11
1.94753e-09
1.49332e-11
1.94065e-09
1.12705e-11
1.93533e-09
7.91627e-12
1.93138e-09
4.96776e-12
1.92865e-09
2.4994e-12
1.92682e-09
5.33348e-13
1.92571e-09
-8.4172e-13
1.92509e-09
-1.52077e-12
1.92486e-09
-1.43259e-12
-1.54593e-13
2.56398e-09
1.07871e-10
2.6703e-09
2.7223e-10
2.74702e-09
3.4683e-10
2.78025e-09
3.58842e-10
2.7743e-09
3.37285e-10
2.74489e-09
3.00244e-10
2.70183e-09
2.62419e-10
2.65315e-09
2.28523e-10
2.60433e-09
1.99057e-10
2.55778e-09
1.74031e-10
2.51448e-09
1.52728e-10
2.47481e-09
1.34354e-10
2.43876e-09
1.18427e-10
2.40616e-09
1.04628e-10
2.3767e-09
9.27223e-11
2.35006e-09
8.25566e-11
2.32584e-09
7.4044e-11
2.30365e-09
6.71513e-11
2.28307e-09
6.18846e-11
2.26365e-09
5.82763e-11
2.24492e-09
5.63704e-11
2.22639e-09
5.62257e-11
2.20753e-09
5.79153e-11
2.18776e-09
6.15188e-11
2.16649e-09
6.71281e-11
2.14311e-09
7.48596e-11
2.11696e-09
8.48712e-11
2.08735e-09
9.73844e-11
2.05358e-09
1.12712e-10
2.01491e-09
1.31298e-10
1.97062e-09
1.53773e-10
1.92007e-09
1.81029e-10
1.86297e-09
2.14404e-10
1.79825e-09
2.67527e-10
1.73952e-09
2.42607e-10
1.70647e-09
1.2279e-10
1.70395e-09
1.75568e-11
1.73148e-09
-6.64608e-11
1.78746e-09
-1.49191e-10
1.86844e-09
-2.36271e-10
1.97033e-09
-3.41368e-10
2.07985e-09
-3.79274e-10
2.19054e-09
-3.7254e-10
2.29654e-09
-3.54038e-10
2.39434e-09
-3.22906e-10
2.48398e-09
-2.95713e-10
2.56601e-09
-2.74039e-10
2.63867e-09
-2.38191e-10
2.70523e-09
-2.20985e-10
2.76287e-09
-1.93296e-10
2.81243e-09
-1.63433e-10
2.85347e-09
-1.40456e-10
2.88507e-09
-1.01018e-10
2.90716e-09
-7.47081e-11
2.91859e-09
-2.77407e-11
2.91889e-09
9.68006e-12
2.90749e-09
5.53691e-11
2.88327e-09
1.07766e-10
2.84758e-09
1.40309e-10
2.79801e-09
2.04381e-10
2.73764e-09
2.28258e-10
2.66615e-09
2.64815e-10
2.58574e-09
2.8745e-10
2.49834e-09
2.96684e-10
2.40545e-09
3.10167e-10
2.31012e-09
3.00332e-10
2.21324e-09
3.01386e-10
2.11743e-09
2.83637e-10
2.02349e-09
2.7336e-10
1.93258e-09
2.56506e-10
1.84589e-09
2.38229e-10
1.76283e-09
2.26748e-10
1.68464e-09
2.07743e-10
1.61097e-09
1.93885e-10
1.54177e-09
1.80793e-10
1.47746e-09
1.65309e-10
1.41789e-09
1.51948e-10
1.36305e-09
1.39321e-10
1.31315e-09
1.25262e-10
1.26838e-09
1.11331e-10
1.22869e-09
9.80134e-11
1.19426e-09
8.40571e-11
1.16514e-09
7.03186e-11
1.14136e-09
5.66883e-11
1.12304e-09
4.25206e-11
1.10998e-09
2.96682e-11
1.10197e-09
1.76039e-11
1.09946e-09
3.92736e-12
1.10171e-09
-7.02656e-12
1.10857e-09
-1.70784e-11
1.12015e-09
-2.92594e-11
1.13588e-09
-3.8448e-11
1.15524e-09
-4.66338e-11
1.17887e-09
-5.82252e-11
1.20529e-09
-6.34838e-11
1.23573e-09
-7.58875e-11
1.26838e-09
-8.01896e-11
1.30447e-09
-9.2039e-11
1.34204e-09
-9.50682e-11
1.38267e-09
-1.07924e-10
1.42402e-09
-1.09881e-10
1.4671e-09
-1.1904e-10
1.51039e-09
-1.221e-10
1.55357e-09
-1.23892e-10
1.59652e-09
-1.2874e-10
1.63785e-09
-1.24253e-10
1.67795e-09
-1.25986e-10
1.71584e-09
-1.19598e-10
1.75143e-09
-1.15087e-10
1.78471e-09
-1.08362e-10
1.81543e-09
-1.01035e-10
1.84386e-09
-9.27963e-11
1.8701e-09
-8.63121e-11
1.89418e-09
-7.5658e-11
1.91684e-09
-7.29154e-11
1.93782e-09
-6.36512e-11
1.95764e-09
-5.83301e-11
1.9767e-09
-5.51999e-11
1.99507e-09
-4.98744e-11
2.01317e-09
-4.75433e-11
2.03142e-09
-4.73542e-11
2.04983e-09
-4.58122e-11
2.06885e-09
-4.61049e-11
2.08877e-09
-4.8904e-11
2.10972e-09
-5.11487e-11
2.132e-09
-5.49392e-11
2.1558e-09
-5.9628e-11
2.18135e-09
-6.4834e-11
2.20889e-09
-7.19446e-11
2.23847e-09
-8.0461e-11
2.27017e-09
-8.60509e-11
2.3042e-09
-9.56326e-11
2.34076e-09
-1.08068e-10
2.37878e-09
-1.12379e-10
2.41912e-09
-1.23754e-10
2.46071e-09
-1.3575e-10
2.50277e-09
-1.34797e-10
2.54491e-09
-1.45286e-10
2.58597e-09
-1.43062e-10
2.62438e-09
-1.40437e-10
2.6593e-09
-1.32052e-10
2.68825e-09
-1.14443e-10
2.71041e-09
-9.12532e-11
2.72334e-09
-6.20623e-11
2.72595e-09
-1.66834e-11
2.71696e-09
1.6788e-11
2.69401e-09
8.28768e-11
2.65737e-09
1.24807e-10
2.6069e-09
1.77047e-10
2.54126e-09
2.29872e-10
2.46325e-09
2.61164e-10
2.37077e-09
3.12287e-10
2.26843e-09
3.26631e-10
2.15481e-09
3.6133e-10
2.03406e-09
3.66054e-10
1.9062e-09
3.88571e-10
1.77396e-09
3.9062e-10
1.64071e-09
3.96591e-10
1.51654e-09
3.74111e-10
1.40062e-09
3.51087e-10
1.32187e-09
1.78188e-10
1.27347e-09
1.04843e-10
1.25553e-09
3.72192e-11
1.26958e-09
-3.69829e-11
1.32118e-09
-1.39641e-10
1.40672e-09
-2.39619e-10
1.52231e-09
-3.5094e-10
1.64868e-09
-3.87166e-10
1.7747e-09
-3.84931e-10
1.89562e-09
-3.72948e-10
2.00775e-09
-3.49977e-10
2.1084e-09
-3.173e-10
2.19579e-09
-2.77341e-10
2.26894e-09
-2.33025e-10
2.32766e-09
-1.87212e-10
2.37234e-09
-1.42397e-10
2.4039e-09
-1.00578e-10
2.42364e-09
-6.31946e-11
2.43316e-09
-3.11451e-11
2.43423e-09
-4.84315e-12
2.42849e-09
1.56631e-11
2.41771e-09
3.07136e-11
2.40346e-09
4.08209e-11
2.38712e-09
4.6621e-11
2.3699e-09
4.88314e-11
2.35275e-09
4.81894e-11
2.33641e-09
4.5404e-11
2.32141e-09
4.11256e-11
2.30807e-09
3.59248e-11
2.29656e-09
3.02819e-11
2.28691e-09
2.45825e-11
2.27906e-09
1.91212e-11
2.27287e-09
1.41069e-11
2.26815e-09
9.68067e-12
2.26472e-09
5.93357e-12
2.26233e-09
2.91887e-12
2.2608e-09
6.88426e-13
2.25998e-09
-7.03488e-13
2.25979e-09
-1.24221e-12
-6.192e-13
2.53706e-09
7.07251e-11
2.61753e-09
1.91719e-10
2.69994e-09
2.64382e-10
2.76388e-09
2.9494e-10
2.80388e-09
2.97268e-10
2.82075e-09
2.83421e-10
2.82042e-09
2.62778e-10
2.8093e-09
2.39601e-10
2.79159e-09
2.1674e-10
2.77023e-09
1.95399e-10
2.74729e-09
1.75672e-10
2.72408e-09
1.57569e-10
2.7013e-09
1.41207e-10
2.67934e-09
1.26587e-10
2.65838e-09
1.13687e-10
2.63843e-09
1.02501e-10
2.61944e-09
9.30368e-11
2.60127e-09
8.53261e-11
2.58372e-09
7.94254e-11
2.56658e-09
7.54166e-11
2.54957e-09
7.33792e-11
2.53238e-09
7.34167e-11
2.51464e-09
7.56578e-11
2.49593e-09
8.02285e-11
2.47579e-09
8.72638e-11
2.45373e-09
9.69212e-11
2.4292e-09
1.09396e-10
2.40165e-09
1.24938e-10
2.37048e-09
1.43878e-10
2.33512e-09
1.66656e-10
2.29504e-09
1.93852e-10
2.24985e-09
2.26223e-10
2.19942e-09
2.64826e-10
2.14306e-09
3.23883e-10
2.09135e-09
2.94314e-10
2.05998e-09
1.54151e-10
2.05487e-09
2.26413e-11
2.07757e-09
-8.91945e-11
2.12651e-09
-1.98188e-10
2.19703e-09
-3.06839e-10
2.28384e-09
-4.28225e-10
2.37707e-09
-4.7251e-10
2.47306e-09
-4.68493e-10
2.56561e-09
-4.46536e-10
2.6514e-09
-4.08637e-10
2.7302e-09
-3.74462e-10
2.80233e-09
-3.4612e-10
2.86746e-09
-3.03277e-10
2.9257e-09
-2.792e-10
2.97666e-09
-2.44238e-10
3.02117e-09
-2.07909e-10
3.05791e-09
-1.77182e-10
3.08709e-09
-1.30176e-10
3.10797e-09
-9.55818e-11
3.12056e-09
-4.03275e-11
3.124e-09
6.23052e-12
3.11824e-09
6.11318e-11
3.10242e-09
1.236e-10
3.07676e-09
1.65984e-10
3.04034e-09
2.40815e-10
2.99388e-09
2.74727e-10
2.93719e-09
3.21508e-10
2.87148e-09
3.53138e-10
2.79753e-09
3.70606e-10
2.71689e-09
3.90759e-10
2.63125e-09
3.85927e-10
2.54217e-09
3.90418e-10
2.45143e-09
3.74334e-10
2.36056e-09
3.642e-10
2.27068e-09
3.46359e-10
2.1834e-09
3.255e-10
2.09872e-09
3.11423e-10
2.01803e-09
2.88442e-10
1.94139e-09
2.70553e-10
1.86903e-09
2.53181e-10
1.80155e-09
2.32818e-10
1.73894e-09
2.14598e-10
1.6814e-09
1.96904e-10
1.62914e-09
1.77561e-10
1.58245e-09
1.58049e-10
1.54131e-09
1.39179e-10
1.50595e-09
1.1942e-10
1.47643e-09
9.98256e-11
1.4528e-09
8.02953e-11
1.43524e-09
6.00523e-11
1.42355e-09
4.13281e-11
1.4175e-09
2.36162e-11
1.4175e-09
3.89576e-12
1.42277e-09
-1.23241e-11
1.43316e-09
-2.74856e-11
1.44864e-09
-4.47665e-11
1.46863e-09
-5.8449e-11
1.49235e-09
-7.03725e-11
1.52039e-09
-8.62784e-11
1.55096e-09
-9.4063e-11
1.5852e-09
-1.10144e-10
1.62103e-09
-1.16025e-10
1.65952e-09
-1.30538e-10
1.69854e-09
-1.34088e-10
1.73944e-09
-1.48831e-10
1.77989e-09
-1.50331e-10
1.82081e-09
-1.59966e-10
1.86074e-09
-1.62026e-10
1.89956e-09
-1.6271e-10
1.93708e-09
-1.66266e-10
1.97248e-09
-1.59651e-10
2.006e-09
-1.59508e-10
2.03723e-09
-1.50829e-10
2.06608e-09
-1.43939e-10
2.09288e-09
-1.35166e-10
2.11741e-09
-1.2558e-10
2.1402e-09
-1.1559e-10
2.16126e-09
-1.07387e-10
2.18089e-09
-9.52997e-11
2.19954e-09
-9.15773e-11
2.21725e-09
-8.1373e-11
2.23437e-09
-7.54654e-11
2.25126e-09
-7.21059e-11
2.26805e-09
-6.6674e-11
2.28503e-09
-6.45382e-11
2.30255e-09
-6.48916e-11
2.32066e-09
-6.39221e-11
2.33971e-09
-6.5154e-11
2.35986e-09
-6.906e-11
2.38127e-09
-7.2555e-11
2.40414e-09
-7.78066e-11
2.42857e-09
-8.40702e-11
2.45473e-09
-9.10045e-11
2.48271e-09
-9.9943e-11
2.51234e-09
-1.10116e-10
2.54403e-09
-1.17755e-10
2.5776e-09
-1.29209e-10
2.61282e-09
-1.43247e-10
2.64907e-09
-1.48532e-10
2.68681e-09
-1.61363e-10
2.72473e-09
-1.7351e-10
2.76279e-09
-1.72676e-10
2.79972e-09
-1.8204e-10
2.83522e-09
-1.78393e-10
2.86754e-09
-1.72617e-10
2.89637e-09
-1.6078e-10
2.91963e-09
-1.37653e-10
2.93709e-09
-1.08704e-10
2.94658e-09
-7.15962e-11
2.94802e-09
-1.81857e-11
2.93936e-09
2.53651e-11
2.92039e-09
1.01784e-10
2.8895e-09
1.55647e-10
2.84715e-09
2.19385e-10
2.79141e-09
2.85618e-10
2.72381e-09
3.28778e-10
2.64256e-09
3.93549e-10
2.55026e-09
4.18932e-10
2.44572e-09
4.65849e-10
2.33198e-09
4.79761e-10
2.20933e-09
5.11178e-10
2.08046e-09
5.19436e-10
1.94962e-09
5.27392e-10
1.82959e-09
4.94131e-10
1.71848e-09
4.62221e-10
1.64338e-09
2.53327e-10
1.60095e-09
1.47295e-10
1.59283e-09
4.53602e-11
1.61997e-09
-6.41142e-11
1.6861e-09
-2.05773e-10
1.78389e-09
-3.37418e-10
1.90655e-09
-4.73622e-10
2.03419e-09
-5.14845e-10
2.1569e-09
-5.07672e-10
2.27109e-09
-4.87181e-10
2.37423e-09
-4.53142e-10
2.46471e-09
-4.07803e-10
2.54171e-09
-3.54362e-10
2.60507e-09
-2.96388e-10
2.65512e-09
-2.37261e-10
2.69261e-09
-1.7988e-10
2.7186e-09
-1.26553e-10
2.73437e-09
-7.89501e-11
2.74135e-09
-3.81148e-11
2.74105e-09
-4.52973e-12
2.73494e-09
2.1783e-11
2.72447e-09
4.11908e-11
2.71098e-09
5.43123e-11
2.69568e-09
6.19285e-11
2.67959e-09
6.4926e-11
2.66356e-09
6.42284e-11
2.64823e-09
6.07348e-11
2.63408e-09
5.52755e-11
2.62142e-09
4.85852e-11
2.61042e-09
4.12866e-11
2.60112e-09
3.38825e-11
2.59348e-09
2.6757e-11
2.5874e-09
2.01842e-11
2.58274e-09
1.43465e-11
2.57931e-09
9.35509e-12
2.57696e-09
5.26896e-12
2.57553e-09
2.11672e-12
2.57492e-09
-8.84177e-14
2.57506e-09
-1.39177e-12
-1.47855e-12
2.52316e-09
4.75028e-11
2.58133e-09
1.3348e-10
2.65293e-09
1.92709e-10
2.72243e-09
2.25421e-10
2.78128e-09
2.38441e-10
2.82641e-09
2.38336e-10
2.85874e-09
2.30455e-10
2.87994e-09
2.18389e-10
2.89234e-09
2.04334e-10
2.89838e-09
1.89347e-10
2.89988e-09
1.74179e-10
2.89797e-09
1.59483e-10
2.89353e-09
1.45657e-10
2.88724e-09
1.32876e-10
2.87957e-09
1.21355e-10
2.87083e-09
1.11245e-10
2.8612e-09
1.02663e-10
2.85081e-09
9.57148e-11
2.83972e-09
9.05182e-11
2.82791e-09
8.72266e-11
2.81535e-09
8.59343e-11
2.80196e-09
8.68027e-11
2.78758e-09
9.00353e-11
2.772e-09
9.58083e-11
2.75496e-09
1.04308e-10
2.73614e-09
1.15741e-10
2.71518e-09
1.30349e-10
2.6917e-09
1.48419e-10
2.66528e-09
1.70302e-10
2.6355e-09
1.96432e-10
2.602e-09
2.27347e-10
2.56454e-09
2.63684e-10
2.52307e-09
3.06296e-10
2.47712e-09
3.69829e-10
2.43376e-09
3.37669e-10
2.40389e-09
1.84014e-10
2.39395e-09
3.25616e-11
2.40726e-09
-1.02527e-10
2.44273e-09
-2.33711e-10
2.49566e-09
-3.59836e-10
2.56111e-09
-4.93733e-10
2.6327e-09
-5.44148e-10
2.70898e-09
-5.44778e-10
2.78345e-09
-5.20985e-10
2.85284e-09
-4.7799e-10
2.91673e-09
-4.3831e-10
2.97529e-09
-4.04639e-10
3.02923e-09
-3.57174e-10
3.07642e-09
-3.2634e-10
3.1184e-09
-2.862e-10
3.15525e-09
-2.44728e-10
3.18591e-09
-2.0783e-10
3.21115e-09
-1.554e-10
3.22989e-09
-1.14319e-10
3.24293e-09
-5.33667e-11
3.24925e-09
-8.99276e-14
3.24916e-09
6.12333e-11
3.24205e-09
1.30726e-10
3.22747e-09
1.80583e-10
3.20547e-09
2.62832e-10
3.17528e-09
3.04936e-10
3.13665e-09
3.60142e-10
3.09006e-09
3.9972e-10
3.03523e-09
4.25403e-10
2.97354e-09
4.52409e-10
2.90541e-09
4.54005e-10
2.83261e-09
4.63174e-10
2.75605e-09
4.50861e-10
2.67755e-09
4.42681e-10
2.59808e-09
4.25824e-10
2.51943e-09
4.04157e-10
2.442e-09
3.88864e-10
2.36734e-09
3.63137e-10
2.29581e-09
3.42117e-10
2.22792e-09
3.21104e-10
2.16445e-09
2.96331e-10
2.1055e-09
2.73587e-10
2.05144e-09
2.50997e-10
2.00249e-09
2.26545e-10
1.95899e-09
2.01558e-10
1.92089e-09
1.77283e-10
1.88842e-09
1.51881e-10
1.86158e-09
1.26636e-10
1.84039e-09
1.01447e-10
1.82501e-09
7.5388e-11
1.81522e-09
5.10771e-11
1.81073e-09
2.80566e-11
1.81194e-09
2.64343e-12
1.818e-09
-1.84192e-11
1.82881e-09
-3.83241e-11
1.8442e-09
-6.01839e-11
1.86365e-09
-7.7921e-11
1.88623e-09
-9.29742e-11
1.9125e-09
-1.12563e-10
1.94056e-09
-1.22144e-10
1.97145e-09
-1.41047e-10
2.00307e-09
-1.47652e-10
2.03635e-09
-1.6382e-10
2.06926e-09
-1.67003e-10
2.10296e-09
-1.8254e-10
2.13542e-09
-1.8279e-10
2.1675e-09
-1.92053e-10
2.19799e-09
-1.92515e-10
2.22707e-09
-1.91792e-10
2.25454e-09
-1.9373e-10
2.28015e-09
-1.85268e-10
2.30401e-09
-1.83363e-10
2.3262e-09
-1.73028e-10
2.34658e-09
-1.64325e-10
2.3657e-09
-1.54294e-10
2.38332e-09
-1.43205e-10
2.40004e-09
-1.32319e-10
2.41575e-09
-1.2311e-10
2.43089e-09
-1.10451e-10
2.44556e-09
-1.0627e-10
2.46002e-09
-9.5852e-11
2.47442e-09
-8.98836e-11
2.48902e-09
-8.67247e-11
2.50396e-09
-8.16473e-11
2.51942e-09
-8.00231e-11
2.53567e-09
-8.11575e-11
2.55271e-09
-8.09934e-11
2.57086e-09
-8.33187e-11
2.59016e-09
-8.83678e-11
2.61073e-09
-9.31427e-11
2.63272e-09
-9.98017e-11
2.65615e-09
-1.07511e-10
2.6811e-09
-1.1598e-10
2.70754e-09
-1.26411e-10
2.73524e-09
-1.37846e-10
2.76486e-09
-1.47413e-10
2.7954e-09
-1.59793e-10
2.82713e-09
-1.74977e-10
2.85933e-09
-1.80704e-10
2.89229e-09
-1.94244e-10
2.92459e-09
-2.05693e-10
2.95674e-09
-2.04672e-10
2.98702e-09
-2.1216e-10
3.01577e-09
-2.06967e-10
3.04128e-09
-1.97974e-10
3.06371e-09
-1.83092e-10
3.08145e-09
-1.55304e-10
3.09474e-09
-1.21958e-10
3.10178e-09
-7.86479e-11
3.10326e-09
-1.97025e-11
3.09684e-09
3.17215e-11
3.08363e-09
1.14934e-10
3.06111e-09
1.78115e-10
3.03006e-09
2.50411e-10
2.98822e-09
3.27465e-10
2.93624e-09
3.80776e-10
2.87241e-09
4.57396e-10
2.79781e-09
4.93531e-10
2.71114e-09
5.52501e-10
2.61438e-09
5.76499e-10
2.50717e-09
6.18336e-10
2.39259e-09
6.3395e-10
2.27493e-09
6.45029e-10
2.16977e-09
5.99301e-10
2.07445e-09
5.57575e-10
2.01408e-09
3.13728e-10
1.98672e-09
1.74677e-10
1.99419e-09
3.79137e-11
2.03631e-09
-1.06228e-10
2.11466e-09
-2.84112e-10
2.21851e-09
-4.41281e-10
2.33906e-09
-5.94196e-10
2.45799e-09
-6.33806e-10
2.5675e-09
-6.1723e-10
2.66555e-09
-5.85271e-10
2.75089e-09
-5.38524e-10
2.8231e-09
-4.80033e-10
2.88232e-09
-4.13602e-10
2.92919e-09
-3.43263e-10
2.96463e-09
-2.727e-10
2.98976e-09
-2.05001e-10
3.00581e-09
-1.42597e-10
3.01409e-09
-8.72124e-11
3.01587e-09
-3.98846e-11
3.0124e-09
-1.0451e-12
3.00483e-09
2.93623e-11
2.99425e-09
5.17845e-11
2.98164e-09
6.69367e-11
2.96785e-09
7.57181e-11
2.95364e-09
7.91444e-11
2.9396e-09
7.82739e-11
2.9262e-09
7.41375e-11
2.91379e-09
6.76875e-11
2.90261e-09
5.97708e-11
2.89278e-09
5.1111e-11
2.88437e-09
4.22957e-11
2.87735e-09
3.37745e-11
2.87167e-09
2.58693e-11
2.86722e-09
1.87943e-11
2.8639e-09
1.26768e-11
2.86158e-09
7.57792e-12
2.86019e-09
3.51063e-12
2.85964e-09
4.62588e-13
2.85989e-09
-1.6516e-12
-2.51866e-12
2.51584e-09
3.16294e-11
2.55898e-09
9.02812e-11
2.61795e-09
1.33681e-10
2.68246e-09
1.60901e-10
2.74541e-09
1.75506e-10
2.80267e-09
1.81113e-10
2.85251e-09
1.8064e-10
2.89466e-09
1.76236e-10
2.92965e-09
1.69338e-10
2.95822e-09
1.60773e-10
2.98108e-09
1.5132e-10
2.99903e-09
1.41541e-10
3.01284e-09
1.31843e-10
3.02304e-09
1.22678e-10
3.03007e-09
1.14325e-10
3.03431e-09
1.07002e-10
3.03608e-09
1.00895e-10
3.03564e-09
9.61599e-11
3.0332e-09
9.29512e-11
3.02889e-09
9.15343e-11
3.02291e-09
9.19147e-11
3.01534e-09
9.43688e-11
3.00623e-09
9.91492e-11
2.99555e-09
1.06485e-10
2.98326e-09
1.166e-10
2.96925e-09
1.29748e-10
2.95338e-09
1.4622e-10
2.93545e-09
1.66343e-10
2.91526e-09
1.90497e-10
2.89256e-09
2.19127e-10
2.86716e-09
2.52744e-10
2.83894e-09
2.91908e-10
2.8079e-09
3.37333e-10
2.7739e-09
4.03831e-10
2.74018e-09
3.71382e-10
2.71248e-09
2.11716e-10
2.69764e-09
4.73889e-11
2.70062e-09
-1.05523e-10
2.72105e-09
-2.54192e-10
2.75481e-09
-3.93655e-10
2.79783e-09
-5.3682e-10
2.84715e-09
-5.93521e-10
2.90299e-09
-6.00652e-10
2.95856e-09
-5.76568e-10
3.01062e-09
-5.30025e-10
3.05859e-09
-4.86258e-10
3.10266e-09
-4.48678e-10
3.14315e-09
-3.97628e-10
3.17895e-09
-3.62109e-10
3.21065e-09
-3.17863e-10
3.23874e-09
-2.728e-10
3.26232e-09
-2.31397e-10
3.28259e-09
-1.75662e-10
3.29835e-09
-1.30081e-10
3.31097e-09
-6.59834e-11
3.31939e-09
-8.51153e-12
3.32423e-09
5.64053e-11
3.32515e-09
1.29827e-10
3.32129e-09
1.84486e-10
3.31335e-09
2.70779e-10
3.29964e-09
3.18651e-10
3.27998e-09
3.79832e-10
3.25424e-09
4.25466e-10
3.22134e-09
4.58287e-10
3.18237e-09
4.91351e-10
3.13667e-09
4.99667e-10
3.08595e-09
5.13868e-10
3.03019e-09
5.066e-10
2.97125e-09
5.01611e-10
2.90975e-09
4.87341e-10
2.84742e-09
4.66506e-10
2.78489e-09
4.5143e-10
2.72366e-09
4.24411e-10
2.66435e-09
4.0147e-10
2.60764e-09
3.77862e-10
2.55438e-09
3.49634e-10
2.5048e-09
3.23209e-10
2.4594e-09
2.96433e-10
2.41834e-09
2.67628e-10
2.38203e-09
2.37875e-10
2.35034e-09
2.08962e-10
2.32343e-09
1.78762e-10
2.30121e-09
1.48811e-10
2.28362e-09
1.18987e-10
2.27075e-09
8.82017e-11
2.26235e-09
5.94202e-11
2.25808e-09
3.2269e-11
2.25829e-09
2.38738e-12
2.26209e-09
-2.22665e-11
2.26952e-09
-4.57902e-11
2.28023e-09
-7.09261e-11
2.29394e-09
-9.16513e-11
2.30965e-09
-1.0871e-10
2.32796e-09
-1.30887e-10
2.34713e-09
-1.41329e-10
2.36808e-09
-1.62007e-10
2.38898e-09
-1.68568e-10
2.41066e-09
-1.85503e-10
2.43144e-09
-1.87797e-10
2.45232e-09
-2.03422e-10
2.47174e-09
-2.02207e-10
2.49052e-09
-2.10841e-10
2.50777e-09
-2.0977e-10
2.52398e-09
-2.07994e-10
2.53888e-09
-2.08631e-10
2.55279e-09
-1.99181e-10
2.5656e-09
-1.96172e-10
2.57782e-09
-1.85251e-10
2.58918e-09
-1.75688e-10
2.60036e-09
-1.65483e-10
2.61103e-09
-1.53887e-10
2.62183e-09
-1.43127e-10
2.63247e-09
-1.33761e-10
2.64346e-09
-1.21456e-10
2.65458e-09
-1.17408e-10
2.6662e-09
-1.07495e-10
2.67827e-09
-1.01978e-10
2.69093e-09
-9.94147e-11
2.70433e-09
-9.50782e-11
2.71848e-09
-9.42025e-11
2.73355e-09
-9.62587e-11
2.74953e-09
-9.7012e-11
2.76664e-09
-1.00454e-10
2.7848e-09
-1.06554e-10
2.80413e-09
-1.12492e-10
2.82467e-09
-1.20357e-10
2.84639e-09
-1.29237e-10
2.86929e-09
-1.38899e-10
2.8932e-09
-1.50359e-10
2.9182e-09
-1.62875e-10
2.94428e-09
-1.73533e-10
2.97057e-09
-1.86128e-10
2.99768e-09
-2.02116e-10
3.02465e-09
-2.07688e-10
3.05169e-09
-2.21259e-10
3.07744e-09
-2.31372e-10
3.10282e-09
-2.29942e-10
3.12591e-09
-2.35116e-10
3.14753e-09
-2.28447e-10
3.16617e-09
-2.16467e-10
3.18238e-09
-1.99181e-10
3.19496e-09
-1.678e-10
3.20462e-09
-1.31564e-10
3.20991e-09
-8.39215e-11
3.21215e-09
-2.19624e-11
3.20892e-09
3.49129e-11
3.20232e-09
1.21478e-10
3.18938e-09
1.91016e-10
3.17112e-09
2.68653e-10
3.14514e-09
3.53447e-10
3.11157e-09
4.14371e-10
3.06883e-09
5.00161e-10
3.01676e-09
5.4561e-10
2.9539e-09
6.15358e-10
2.88112e-09
6.49257e-10
2.79753e-09
7.01903e-10
2.70563e-09
7.2579e-10
2.61012e-09
7.40519e-10
2.5284e-09
6.81043e-10
2.45707e-09
6.28937e-10
2.41736e-09
3.53471e-10
2.40861e-09
1.83445e-10
2.43206e-09
1.44798e-11
2.4863e-09
-1.60457e-10
2.57068e-09
-3.68478e-10
2.67207e-09
-5.42683e-10
2.78058e-09
-7.02726e-10
2.8816e-09
-7.34863e-10
2.97005e-09
-7.05722e-10
3.04529e-09
-6.60555e-10
3.10727e-09
-6.0055e-10
3.1565e-09
-5.29289e-10
3.19389e-09
-4.51017e-10
3.22074e-09
-3.70113e-10
3.23841e-09
-2.9037e-10
3.2483e-09
-2.14887e-10
3.25179e-09
-1.4608e-10
3.25019e-09
-8.55986e-11
3.24467e-09
-3.43493e-11
3.23624e-09
7.39956e-12
3.22576e-09
3.98607e-11
3.21394e-09
6.36157e-11
3.20139e-09
7.94938e-11
3.18861e-09
8.85048e-11
3.176e-09
9.17649e-11
3.16385e-09
9.0423e-11
3.15241e-09
8.5583e-11
3.14185e-09
7.82549e-11
3.13228e-09
6.93397e-11
3.12378e-09
5.96119e-11
3.11637e-09
4.97028e-11
3.11005e-09
4.00948e-11
3.10479e-09
3.11324e-11
3.10053e-09
2.30465e-11
3.09723e-09
1.59745e-11
3.09483e-09
9.97713e-12
3.09329e-09
5.05841e-12
3.09255e-09
1.19347e-12
3.09261e-09
-1.71433e-12
-3.43838e-12
2.5119e-09
1.97021e-11
2.54559e-09
5.65612e-11
2.59444e-09
8.47996e-11
2.6516e-09
1.03726e-10
2.71184e-09
1.15285e-10
2.7715e-09
1.21483e-10
2.8283e-09
1.2386e-10
2.88099e-09
1.23557e-10
2.92895e-09
1.21373e-10
2.97191e-09
1.17811e-10
3.00988e-09
1.13347e-10
3.04301e-09
1.08418e-10
3.07148e-09
1.03377e-10
3.09559e-09
9.85637e-11
3.11565e-09
9.42637e-11
3.13195e-09
9.07031e-11
3.14477e-09
8.80753e-11
3.15438e-09
8.65485e-11
3.16104e-09
8.62931e-11
3.16498e-09
8.75918e-11
3.16647e-09
9.04237e-11
3.16573e-09
9.5105e-11
3.16293e-09
1.01956e-10
3.15819e-09
1.11223e-10
3.15165e-09
1.23138e-10
3.1434e-09
1.37996e-10
3.13349e-09
1.5613e-10
3.12193e-09
1.77901e-10
3.1087e-09
2.03725e-10
3.09376e-09
2.34071e-10
3.07705e-09
2.6945e-10
3.05857e-09
3.10382e-10
3.03842e-09
3.57488e-10
3.01682e-09
4.25431e-10
2.99344e-09
3.94764e-10
2.96902e-09
2.36135e-10
2.95066e-09
6.57429e-11
2.9447e-09
-9.95786e-11
2.95154e-09
-2.61062e-10
2.9678e-09
-4.09968e-10
2.99041e-09
-5.59489e-10
3.01938e-09
-6.22559e-10
3.05625e-09
-6.37566e-10
3.094e-09
-6.14333e-10
3.12939e-09
-5.6541e-10
3.16178e-09
-5.18638e-10
3.19131e-09
-4.78181e-10
3.21826e-09
-4.24556e-10
3.24207e-09
-3.859e-10
3.26298e-09
-3.38745e-10
3.28174e-09
-2.91545e-10
3.29756e-09
-2.47213e-10
3.31202e-09
-1.90119e-10
3.32392e-09
-1.41978e-10
3.33503e-09
-7.71016e-11
3.34439e-09
-1.78717e-11
3.35285e-09
4.796e-11
3.36048e-09
1.22219e-10
3.36608e-09
1.78933e-10
3.37037e-09
2.66502e-10
3.37157e-09
3.17438e-10
3.37002e-09
3.8143e-10
3.36464e-09
4.30872e-10
3.35394e-09
4.6897e-10
3.33876e-09
5.0651e-10
3.31753e-09
5.2088e-10
3.29177e-09
5.39613e-10
3.26057e-09
5.37797e-10
3.2257e-09
5.36483e-10
3.18725e-09
5.25811e-10
3.14671e-09
5.07079e-10
3.10474e-09
4.9345e-10
3.0626e-09
4.66595e-10
3.02107e-09
4.43055e-10
2.98086e-09
4.18126e-10
2.94279e-09
3.87757e-10
2.90715e-09
3.58898e-10
2.87452e-09
3.29088e-10
2.84499e-09
2.97177e-10
2.81901e-09
2.63858e-10
2.79642e-09
2.31532e-10
2.77724e-09
1.979e-10
2.76126e-09
1.64742e-10
2.74831e-09
1.31874e-10
2.73841e-09
9.80339e-11
2.7313e-09
6.64627e-11
2.72657e-09
3.69421e-11
2.72445e-09
4.45731e-12
2.7241e-09
-2.19581e-11
2.72569e-09
-4.74251e-11
2.72871e-09
-7.39799e-11
2.73321e-09
-9.61784e-11
2.73825e-09
-1.13771e-10
2.74449e-09
-1.37139e-10
2.75055e-09
-1.47408e-10
2.75729e-09
-1.68754e-10
2.76336e-09
-1.74651e-10
2.76953e-09
-1.91671e-10
2.77464e-09
-1.92912e-10
2.77953e-09
-2.08322e-10
2.78323e-09
-2.05906e-10
2.78653e-09
-2.1414e-10
2.78884e-09
-2.12084e-10
2.79088e-09
-2.10036e-10
2.79234e-09
-2.10089e-10
2.79394e-09
-2.00787e-10
2.79536e-09
-1.97589e-10
2.7974e-09
-1.87292e-10
2.79964e-09
-1.77928e-10
2.80282e-09
-1.68676e-10
2.80653e-09
-1.57596e-10
2.81137e-09
-1.47977e-10
2.8169e-09
-1.39309e-10
2.82368e-09
-1.28249e-10
2.8312e-09
-1.2494e-10
2.8399e-09
-1.16219e-10
2.84956e-09
-1.11659e-10
2.86019e-09
-1.10079e-10
2.87192e-09
-1.06842e-10
2.88462e-09
-1.06931e-10
2.89834e-09
-1.10022e-10
2.91305e-09
-1.11759e-10
2.92885e-09
-1.16288e-10
2.94556e-09
-1.23295e-10
2.96326e-09
-1.30208e-10
2.98189e-09
-1.39004e-10
3.00134e-09
-1.48703e-10
3.02156e-09
-1.59144e-10
3.04242e-09
-1.7124e-10
3.06389e-09
-1.84363e-10
3.08557e-09
-1.95249e-10
3.10717e-09
-2.07757e-10
3.12877e-09
-2.23754e-10
3.14978e-09
-2.28727e-10
3.17029e-09
-2.41774e-10
3.18902e-09
-2.50067e-10
3.20722e-09
-2.48079e-10
3.22292e-09
-2.5072e-10
3.23734e-09
-2.42765e-10
3.24919e-09
-2.28199e-10
3.25936e-09
-2.09247e-10
3.26707e-09
-1.75419e-10
3.27335e-09
-1.37791e-10
3.27713e-09
-8.76833e-11
3.28025e-09
-2.50902e-11
3.28035e-09
3.47933e-11
3.28032e-09
1.21468e-10
3.27689e-09
1.94408e-10
3.27138e-09
2.74141e-10
3.26153e-09
3.6331e-10
3.2471e-09
4.28821e-10
3.22678e-09
5.20503e-10
3.19938e-09
5.73035e-10
3.16342e-09
6.51319e-10
3.11871e-09
6.93956e-10
3.06419e-09
7.56407e-10
3.00083e-09
7.89131e-10
2.93389e-09
8.07452e-10
2.88167e-09
7.33282e-10
2.83977e-09
6.70868e-10
2.82299e-09
3.7027e-10
2.83261e-09
1.73837e-10
2.86901e-09
-2.19133e-11
2.92977e-09
-2.21207e-10
3.01231e-09
-4.51012e-10
3.10244e-09
-6.32825e-10
3.19013e-09
-7.90433e-10
3.26602e-09
-8.10781e-10
3.32791e-09
-7.67657e-10
3.37638e-09
-7.09062e-10
3.41229e-09
-6.365e-10
3.43671e-09
-5.53741e-10
3.45112e-09
-4.65445e-10
3.45725e-09
-3.76247e-10
3.45668e-09
-2.89801e-10
3.4509e-09
-2.09104e-10
3.44133e-09
-1.36505e-10
3.42924e-09
-7.34926e-11
3.41567e-09
-2.07657e-11
3.40144e-09
2.16439e-11
3.38714e-09
5.41665e-11
3.37321e-09
7.75579e-11
3.35993e-09
9.27843e-11
3.34746e-09
1.00979e-10
3.33588e-09
1.03348e-10
3.32521e-09
1.01099e-10
3.31544e-09
9.53579e-11
3.30656e-09
8.71353e-11
3.29856e-09
7.73414e-11
3.29142e-09
6.67572e-11
3.2851e-09
5.60178e-11
3.27959e-09
4.56013e-11
3.27488e-09
3.5846e-11
3.27094e-09
2.69833e-11
3.26776e-09
1.91513e-11
3.26533e-09
1.24057e-11
3.26365e-09
6.74202e-12
3.26271e-09
2.12894e-12
3.2625e-09
-1.50859e-12
-4.14495e-12
2.50983e-09
9.85434e-12
2.53801e-09
2.83566e-11
2.58009e-09
4.2699e-11
2.63117e-09
5.26352e-11
2.68729e-09
5.91886e-11
2.74545e-09
6.33505e-11
2.80352e-09
6.58142e-11
2.86e-09
6.70811e-11
2.91386e-09
6.7504e-11
2.96436e-09
6.73134e-11
3.01098e-09
6.67289e-11
3.05342e-09
6.59779e-11
3.09154e-09
6.52618e-11
3.12532e-09
6.47788e-11
3.15487e-09
6.47175e-11
3.18033e-09
6.52427e-11
3.2019e-09
6.65055e-11
3.21979e-09
6.86541e-11
3.23423e-09
7.18544e-11
3.2455e-09
7.63215e-11
3.25388e-09
8.20478e-11
3.25964e-09
8.93437e-11
3.26296e-09
9.86259e-11
3.26414e-09
1.1004e-10
3.26345e-09
1.23832e-10
3.2611e-09
1.40339e-10
3.25731e-09
1.59926e-10
3.25224e-09
1.82968e-10
3.24604e-09
2.09921e-10
3.23882e-09
2.41294e-10
3.23066e-09
2.77611e-10
3.22166e-09
3.19377e-10
3.212e-09
3.67152e-10
3.20231e-09
4.35125e-10
3.18922e-09
4.07856e-10
3.16913e-09
2.56222e-10
3.14914e-09
8.57324e-11
3.13659e-09
-8.70364e-11
3.1325e-09
-2.56995e-10
3.13425e-09
-4.11753e-10
3.13959e-09
-5.64886e-10
3.15102e-09
-6.34039e-10
3.171e-09
-6.57594e-10
3.19243e-09
-6.3579e-10
3.21218e-09
-5.85163e-10
3.2296e-09
-5.36053e-10
3.24484e-09
-4.93405e-10
3.2584e-09
-4.38103e-10
3.26993e-09
-3.97407e-10
3.27971e-09
-3.48518e-10
3.28868e-09
-3.00504e-10
3.29618e-09
-2.54708e-10
3.30407e-09
-1.98008e-10
3.3112e-09
-1.49111e-10
3.31967e-09
-8.55781e-11
3.32858e-09
-2.67862e-11
3.33896e-09
3.75797e-11
3.35101e-09
1.10199e-10
3.36342e-09
1.6655e-10
3.37831e-09
2.51615e-10
3.39227e-09
3.03497e-10
3.40578e-09
3.6797e-10
3.41872e-09
4.17948e-10
3.42856e-09
4.59131e-10
3.43596e-09
4.99104e-10
3.43862e-09
5.18216e-10
3.43781e-09
5.40407e-10
3.43191e-09
5.43699e-10
3.42263e-09
5.45768e-10
3.40944e-09
5.39023e-10
3.39339e-09
5.23165e-10
3.37506e-09
5.11824e-10
3.35535e-09
4.86365e-10
3.33504e-09
4.63422e-10
3.31478e-09
4.38437e-10
3.29523e-09
4.07362e-10
3.27667e-09
3.77499e-10
3.25974e-09
3.46054e-10
3.24436e-09
3.12572e-10
3.231e-09
2.77205e-10
3.21966e-09
2.42853e-10
3.21008e-09
2.07427e-10
3.2019e-09
1.72868e-10
3.19489e-09
1.38813e-10
3.18905e-09
1.0381e-10
3.18414e-09
7.13042e-11
3.17959e-09
4.14289e-11
3.17549e-09
8.50929e-12
3.17106e-09
-1.75772e-11
3.16663e-09
-4.30302e-11
3.16149e-09
-6.88599e-11
3.15604e-09
-9.07549e-11
3.14945e-09
-1.07203e-10
3.14245e-09
-1.30152e-10
3.13416e-09
-1.39127e-10
3.12536e-09
-1.59963e-10
3.11533e-09
-1.64628e-10
3.1048e-09
-1.81144e-10
3.09323e-09
-1.81345e-10
3.08136e-09
-1.96453e-10
3.06879e-09
-1.93343e-10
3.05631e-09
-2.01657e-10
3.04361e-09
-1.99386e-10
3.0316e-09
-1.98023e-10
3.01986e-09
-1.98355e-10
3.00946e-09
-1.90388e-10
2.99983e-09
-1.87952e-10
2.99197e-09
-1.79433e-10
2.9853e-09
-1.71264e-10
2.9806e-09
-1.63983e-10
2.97734e-09
-1.54336e-10
2.97611e-09
-1.46756e-10
2.97634e-09
-1.39545e-10
2.97858e-09
-1.30505e-10
2.98211e-09
-1.28483e-10
2.98742e-09
-1.21555e-10
2.99415e-09
-1.18408e-10
3.00221e-09
-1.18165e-10
3.01168e-09
-1.16346e-10
3.02231e-09
-1.17593e-10
3.03406e-09
-1.21814e-10
3.04684e-09
-1.24577e-10
3.06065e-09
-1.3014e-10
3.07522e-09
-1.37894e-10
3.09055e-09
-1.45572e-10
3.10653e-09
-1.55003e-10
3.12297e-09
-1.65154e-10
3.13979e-09
-1.75972e-10
3.15683e-09
-1.88291e-10
3.17374e-09
-2.01286e-10
3.19052e-09
-2.12057e-10
3.20661e-09
-2.2387e-10
3.22206e-09
-2.39232e-10
3.2365e-09
-2.43193e-10
3.24997e-09
-2.55253e-10
3.26129e-09
-2.61377e-10
3.272e-09
-2.58759e-10
3.28015e-09
-2.58811e-10
3.2873e-09
-2.4984e-10
3.29238e-09
-2.3319e-10
3.29656e-09
-2.13337e-10
3.29941e-09
-1.78205e-10
3.30226e-09
-1.40595e-10
3.30439e-09
-8.97905e-11
3.30802e-09
-2.87234e-11
3.31103e-09
3.17644e-11
3.31675e-09
1.15725e-10
3.32143e-09
1.89702e-10
3.32737e-09
2.68185e-10
3.33293e-09
3.57747e-10
3.33675e-09
4.25031e-10
3.33788e-09
5.19399e-10
3.33475e-09
5.76186e-10
3.32609e-09
6.59994e-10
3.31067e-09
7.09379e-10
3.28733e-09
7.79734e-10
3.25559e-09
8.20867e-10
3.2207e-09
8.42343e-10
3.20096e-09
7.5303e-10
3.1909e-09
6.80959e-10
3.19675e-09
3.6443e-10
3.22228e-09
1.48315e-10
3.26701e-09
-6.66518e-11
3.32794e-09
-2.82131e-10
3.40102e-09
-5.24092e-10
3.47241e-09
-7.04224e-10
3.53274e-09
-8.50775e-10
3.57862e-09
-8.5668e-10
3.6108e-09
-7.99872e-10
3.63095e-09
-7.29248e-10
3.64046e-09
-6.46037e-10
3.64044e-09
-5.53748e-10
3.63297e-09
-4.5799e-10
3.62008e-09
-3.63357e-10
3.60308e-09
-2.72812e-10
3.58343e-09
-1.89446e-10
3.56244e-09
-1.15511e-10
3.54122e-09
-5.22734e-11
3.52063e-09
-1.65599e-13
3.50129e-09
4.0996e-11
3.48361e-09
7.18512e-11
3.46779e-09
9.33843e-11
3.45384e-09
1.06747e-10
3.4416e-09
1.13216e-10
3.43089e-09
1.14065e-10
3.42152e-09
1.10474e-10
3.41333e-09
1.03552e-10
3.40614e-09
9.43254e-11
3.3998e-09
8.36811e-11
3.39419e-09
7.2368e-11
3.38922e-09
6.09915e-11
3.38483e-09
4.99899e-11
3.38101e-09
3.96696e-11
3.37774e-09
3.02514e-11
3.37502e-09
2.18641e-11
3.37288e-09
1.45476e-11
3.37134e-09
8.27947e-12
3.37046e-09
3.01589e-12
3.3702e-09
-1.25777e-12
-4.84396e-12
2.5089e-09
9.36189e-13
2.53444e-09
2.80084e-12
2.57304e-09
4.0731e-12
2.62073e-09
4.94717e-12
2.67409e-09
5.84148e-12
2.73054e-09
6.93666e-12
2.78811e-09
8.25834e-12
2.84536e-09
9.83567e-12
2.90116e-09
1.17034e-11
2.9546e-09
1.38739e-11
3.00497e-09
1.63576e-11
3.05178e-09
1.91728e-11
3.09469e-09
2.23457e-11
3.13355e-09
2.59187e-11
3.16832e-09
2.99494e-11
3.19906e-09
3.45062e-11
3.22589e-09
3.96716e-11
3.249e-09
4.55403e-11
3.26863e-09
5.2225e-11
3.28512e-09
5.98371e-11
3.29848e-09
6.8685e-11
3.30893e-09
7.88969e-11
3.31703e-09
9.05155e-11
3.32317e-09
1.03902e-10
3.3276e-09
1.19401e-10
3.33058e-09
1.37357e-10
3.33242e-09
1.58088e-10
3.33342e-09
1.81963e-10
3.33384e-09
2.09507e-10
3.33385e-09
2.41276e-10
3.33366e-09
2.778e-10
3.33346e-09
3.19581e-10
3.33348e-09
3.67129e-10
3.33473e-09
4.33881e-10
3.33143e-09
4.11159e-10
3.31643e-09
2.7123e-10
3.29655e-09
1.05617e-10
3.27972e-09
-7.02139e-11
3.2674e-09
-2.44687e-10
3.25756e-09
-4.01942e-10
3.24861e-09
-5.55978e-10
3.24494e-09
-6.30419e-10
3.24973e-09
-6.62425e-10
3.25596e-09
-6.42046e-10
3.26073e-09
-5.89943e-10
3.26351e-09
-5.38833e-10
3.26457e-09
-4.94452e-10
3.26473e-09
-4.38251e-10
3.26376e-09
-3.9642e-10
3.26217e-09
-3.46922e-10
3.26101e-09
-2.99337e-10
3.25977e-09
-2.53469e-10
3.26051e-09
-1.98754e-10
3.26214e-09
-1.50758e-10
3.26698e-09
-9.04284e-11
3.2742e-09
-3.40091e-11
3.28495e-09
2.68265e-11
3.29963e-09
9.5532e-11
3.31694e-09
1.49258e-10
3.33925e-09
2.29325e-10
3.36336e-09
2.7943e-10
3.38908e-09
3.42276e-10
3.4157e-09
3.91339e-10
3.44234e-09
4.32498e-10
3.46943e-09
4.7201e-10
3.49316e-09
4.94483e-10
3.51504e-09
5.18513e-10
3.53274e-09
5.25995e-10
3.54788e-09
5.30631e-10
3.55931e-09
5.27608e-10
3.56762e-09
5.1489e-10
3.57325e-09
5.0624e-10
3.57663e-09
4.83028e-10
3.57851e-09
4.61595e-10
3.5794e-09
4.37603e-10
3.57967e-09
4.07136e-10
3.57956e-09
3.77651e-10
3.57967e-09
3.45977e-10
3.57977e-09
3.12478e-10
3.58021e-09
2.76752e-10
3.5814e-09
2.41633e-10
3.58274e-09
2.06037e-10
3.58356e-09
1.71985e-10
3.58379e-09
1.38522e-10
3.58344e-09
1.04087e-10
3.58241e-09
7.22716e-11
3.57981e-09
4.39784e-11
3.57554e-09
1.27304e-11
3.56895e-09
-1.10189e-11
3.56043e-09
-3.45302e-11
3.54906e-09
-5.75175e-11
3.5356e-09
-7.73041e-11
3.51929e-09
-9.09094e-11
3.50086e-09
-1.11733e-10
3.47996e-09
-1.18232e-10
3.45726e-09
-1.37269e-10
3.4327e-09
-1.40071e-10
3.40697e-09
-1.55415e-10
3.38017e-09
-1.54551e-10
3.35295e-09
-1.6923e-10
3.32551e-09
-1.65906e-10
3.29859e-09
-1.74744e-10
3.2722e-09
-1.72992e-10
3.24737e-09
-1.73192e-10
3.22361e-09
-1.74593e-10
3.20224e-09
-1.69016e-10
3.18246e-09
-1.68171e-10
3.16544e-09
-1.62415e-10
3.15043e-09
-1.56262e-10
3.13823e-09
-1.51784e-10
3.12821e-09
-1.44319e-10
3.12096e-09
-1.39512e-10
3.11577e-09
-1.34359e-10
3.1132e-09
-1.27946e-10
3.11234e-09
-1.27636e-10
3.11375e-09
-1.22975e-10
3.11691e-09
-1.21594e-10
3.12168e-09
-1.22957e-10
3.1281e-09
-1.22789e-10
3.1358e-09
-1.25326e-10
3.14467e-09
-1.30721e-10
3.15456e-09
-1.34506e-10
3.16539e-09
-1.41015e-10
3.1768e-09
-1.49335e-10
3.18874e-09
-1.57546e-10
3.20103e-09
-1.67308e-10
3.21341e-09
-1.77554e-10
3.22579e-09
-1.88353e-10
3.23789e-09
-2.00394e-10
3.24931e-09
-2.12722e-10
3.26024e-09
-2.22993e-10
3.26995e-09
-2.33586e-10
3.27848e-09
-2.47782e-10
3.28566e-09
-2.50394e-10
3.2915e-09
-2.61105e-10
3.29498e-09
-2.64858e-10
3.29785e-09
-2.61615e-10
3.29825e-09
-2.59175e-10
3.29798e-09
-2.4952e-10
3.29621e-09
-2.31365e-10
3.29431e-09
-2.11374e-10
3.2922e-09
-1.76043e-10
3.29138e-09
-1.39734e-10
3.29145e-09
-8.98499e-11
3.29497e-09
-3.22402e-11
3.29983e-09
2.68847e-11
3.30967e-09
1.05861e-10
3.32109e-09
1.78262e-10
3.33623e-09
2.53037e-10
3.35423e-09
3.39746e-10
3.37416e-09
4.05118e-10
3.39481e-09
4.9877e-10
3.41394e-09
5.57076e-10
3.43088e-09
6.43068e-10
3.44346e-09
6.96802e-10
3.45049e-09
7.72704e-10
3.45041e-09
8.2094e-10
3.44802e-09
8.44737e-10
3.46052e-09
7.40549e-10
3.4815e-09
6.59986e-10
3.50759e-09
3.38342e-10
3.54524e-09
1.10673e-10
3.59313e-09
-1.14565e-10
3.64819e-09
-3.37207e-10
3.70542e-09
-5.8133e-10
3.75261e-09
-7.51415e-10
3.78151e-09
-8.79691e-10
3.79464e-09
-8.69818e-10
3.79587e-09
-8.01116e-10
3.78718e-09
-7.20577e-10
3.77054e-09
-6.29418e-10
3.74907e-09
-5.32289e-10
3.72385e-09
-4.32785e-10
3.6953e-09
-3.34809e-10
3.66526e-09
-2.42777e-10
3.6352e-09
-1.59393e-10
3.60617e-09
-8.64879e-11
3.57897e-09
-2.50741e-11
3.55417e-09
2.4635e-11
3.53214e-09
6.30355e-11
3.51299e-09
9.10024e-11
3.49668e-09
1.09696e-10
3.48309e-09
1.20347e-10
3.4719e-09
1.24404e-10
3.46276e-09
1.23209e-10
3.45529e-09
1.17941e-10
3.44917e-09
1.09679e-10
3.4441e-09
9.9397e-11
3.43984e-09
8.7937e-11
3.43621e-09
7.6002e-11
3.43305e-09
6.41498e-11
3.43029e-09
5.27498e-11
3.42789e-09
4.20717e-11
3.42582e-09
3.23263e-11
3.42407e-09
2.3612e-11
3.42268e-09
1.59391e-11
3.42169e-09
9.26261e-12
3.42121e-09
3.49719e-12
3.42145e-09
-1.50018e-12
-6.08263e-12
2.50881e-09
-7.89267e-12
2.53406e-09
-2.24647e-11
2.57233e-09
-3.42227e-11
2.6197e-09
-4.24194e-11
2.67277e-09
-4.72094e-11
2.72896e-09
-4.92209e-11
2.78634e-09
-4.91009e-11
2.84347e-09
-4.72933e-11
2.89925e-09
-4.4081e-11
2.9528e-09
-3.96731e-11
3.00341e-09
-3.42609e-11
3.05062e-09
-2.80314e-11
3.0941e-09
-2.11369e-11
3.13371e-09
-1.36862e-11
3.16941e-09
-5.75047e-12
3.20127e-09
2.6388e-12
3.22945e-09
1.14988e-11
3.25412e-09
2.08697e-11
3.27551e-09
3.08302e-11
3.29387e-09
4.14769e-11
3.30955e-09
5.30032e-11
3.32287e-09
6.55741e-11
3.33409e-09
7.92947e-11
3.34358e-09
9.44085e-11
3.35174e-09
1.11242e-10
3.35898e-09
1.30117e-10
3.36565e-09
1.51417e-10
3.372e-09
1.75612e-10
3.3783e-09
2.03201e-10
3.38479e-09
2.34785e-10
3.39176e-09
2.7083e-10
3.39959e-09
3.11755e-10
3.40856e-09
3.5816e-10
3.41988e-09
4.2256e-10
3.42585e-09
4.05197e-10
3.41646e-09
2.80624e-10
3.39807e-09
1.24013e-10
3.37882e-09
-5.09589e-11
3.36037e-09
-2.26245e-10
3.34115e-09
-3.82747e-10
3.32003e-09
-5.34883e-10
3.30284e-09
-6.13271e-10
3.29327e-09
-6.52888e-10
3.28464e-09
-6.33438e-10
3.27448e-09
-5.79803e-10
3.26254e-09
-5.26887e-10
3.24928e-09
-4.81189e-10
3.23593e-09
-4.24888e-10
3.22236e-09
-3.82838e-10
3.20934e-09
-3.33903e-10
3.198e-09
-2.87995e-10
3.18796e-09
-2.4343e-10
3.18137e-09
-1.92173e-10
3.17719e-09
-1.46597e-10
3.17783e-09
-9.10751e-11
3.1825e-09
-3.86833e-11
3.1924e-09
1.69241e-11
3.20807e-09
7.98703e-11
3.22814e-09
1.292e-10
3.25525e-09
2.02237e-10
3.28621e-09
2.48495e-10
3.32155e-09
3.06961e-10
3.36e-09
3.52899e-10
3.3992e-09
3.93304e-10
3.4402e-09
4.31007e-10
3.47991e-09
4.54776e-10
3.5203e-09
4.78111e-10
3.55838e-09
4.87905e-10
3.59431e-09
4.94703e-10
3.62714e-09
4.94788e-10
3.65717e-09
4.8489e-10
3.68459e-09
4.78848e-10
3.70933e-09
4.58324e-10
3.73191e-09
4.39055e-10
3.75275e-09
4.16803e-10
3.77194e-09
3.87983e-10
3.78956e-09
3.60069e-10
3.80618e-09
3.29384e-10
3.82151e-09
2.97153e-10
3.83578e-09
2.62458e-10
3.84879e-09
2.28583e-10
3.86124e-09
1.93536e-10
3.87153e-09
1.61639e-10
3.88004e-09
1.29943e-10
3.88664e-09
9.74372e-11
3.89077e-09
6.80851e-11
3.89198e-09
4.27295e-11
3.88992e-09
1.47686e-11
3.884e-09
-5.11891e-12
3.8746e-09
-2.51465e-11
3.86062e-09
-4.35509e-11
3.84299e-09
-5.96779e-11
3.82105e-09
-6.89758e-11
3.79538e-09
-8.60663e-11
3.76612e-09
-8.89685e-11
3.73371e-09
-1.04865e-10
3.69873e-09
-1.05092e-10
3.66174e-09
-1.18429e-10
3.62347e-09
-1.16284e-10
3.5844e-09
-1.30157e-10
3.54534e-09
-1.26847e-10
3.50696e-09
-1.36366e-10
3.46956e-09
-1.35589e-10
3.4343e-09
-1.37932e-10
3.40062e-09
-1.40916e-10
3.3701e-09
-1.38493e-10
3.34173e-09
-1.39806e-10
3.31683e-09
-1.37512e-10
3.29451e-09
-1.33945e-10
3.27558e-09
-1.32858e-10
3.25939e-09
-1.28131e-10
3.24649e-09
-1.26612e-10
3.23603e-09
-1.23905e-10
3.2286e-09
-1.20521e-10
3.22315e-09
-1.22191e-10
3.22027e-09
-1.20106e-10
3.21936e-09
-1.20699e-10
3.22018e-09
-1.23799e-10
3.22275e-09
-1.25387e-10
3.22663e-09
-1.29234e-10
3.23163e-09
-1.35752e-10
3.23756e-09
-1.40471e-10
3.24427e-09
-1.47768e-10
3.25133e-09
-1.56428e-10
3.25866e-09
-1.64905e-10
3.26601e-09
-1.74676e-10
3.27309e-09
-1.84654e-10
3.27977e-09
-1.95035e-10
3.28572e-09
-2.0634e-10
3.29055e-09
-2.17555e-10
3.29451e-09
-2.26952e-10
3.29685e-09
-2.35928e-10
3.29761e-09
-2.48552e-10
3.29681e-09
-2.49602e-10
3.29443e-09
-2.58734e-10
3.28964e-09
-2.60074e-10
3.28434e-09
-2.5631e-10
3.27681e-09
-2.51627e-10
3.26902e-09
-2.41694e-10
3.26038e-09
-2.22688e-10
3.25235e-09
-2.03311e-10
3.24519e-09
-1.68844e-10
3.24045e-09
-1.34969e-10
3.23803e-09
-8.74276e-11
3.24053e-09
-3.47482e-11
3.24613e-09
2.12789e-11
3.25905e-09
9.29223e-11
3.27622e-09
1.61081e-10
3.29944e-09
2.29802e-10
3.32723e-09
3.11954e-10
3.3588e-09
3.73559e-10
3.39443e-09
4.63154e-10
3.43197e-09
5.19556e-10
3.47101e-09
6.04033e-10
3.50809e-09
6.59726e-10
3.54252e-09
7.38273e-10
3.57202e-09
7.91435e-10
3.60037e-09
8.16382e-10
3.64188e-09
6.99052e-10
3.68989e-09
6.11988e-10
3.73206e-09
2.96155e-10
3.77705e-09
6.5678e-11
3.82324e-09
-1.60794e-10
3.86723e-09
-3.81196e-10
3.90337e-09
-6.17494e-10
3.92106e-09
-7.69116e-10
3.91518e-09
-8.7381e-10
3.89631e-09
-8.50951e-10
3.86915e-09
-7.73951e-10
3.83483e-09
-6.8625e-10
3.79615e-09
-5.90741e-10
3.75514e-09
-4.91295e-10
3.71373e-09
-3.91375e-10
3.67341e-09
-2.94495e-10
3.63495e-09
-2.04327e-10
3.59913e-09
-1.23583e-10
3.56655e-09
-5.39158e-11
3.5376e-09
3.86898e-12
3.5125e-09
4.97296e-11
3.49126e-09
8.42694e-11
3.47371e-09
1.08544e-10
3.45955e-09
1.23863e-10
3.44856e-09
1.31333e-10
3.4402e-09
1.32769e-10
3.43399e-09
1.29418e-10
3.42952e-09
1.2241e-10
3.42639e-09
1.12806e-10
3.42425e-09
1.01544e-10
3.42279e-09
8.93963e-11
3.42182e-09
7.69788e-11
3.4212e-09
6.47699e-11
3.42078e-09
5.31683e-11
3.42041e-09
4.24379e-11
3.42007e-09
3.26748e-11
3.41977e-09
2.39054e-11
3.41961e-09
1.6101e-11
3.41969e-09
9.17846e-12
3.42017e-09
3.0224e-12
3.42128e-09
-2.61494e-12
-8.08743e-12
2.50952e-09
-1.74338e-11
2.53685e-09
-4.98181e-11
2.5779e-09
-7.52904e-11
2.62799e-09
-9.25154e-11
2.68323e-09
-1.02434e-10
2.7407e-09
-1.06653e-10
2.79829e-09
-1.0667e-10
2.85457e-09
-1.03569e-10
2.90856e-09
-9.80734e-11
2.95956e-09
-9.06792e-11
3.00711e-09
-8.1803e-11
3.05092e-09
-7.18431e-11
3.09089e-09
-6.11136e-11
3.12705e-09
-4.98452e-11
3.15951e-09
-3.82055e-11
3.18844e-09
-2.62923e-11
3.21408e-09
-1.41402e-11
3.23669e-09
-1.74061e-12
3.25656e-09
1.09604e-11
3.27399e-09
2.40446e-11
3.28934e-09
3.7647e-11
3.30298e-09
5.19321e-11
3.31522e-09
6.70573e-11
3.32639e-09
8.32329e-11
3.33688e-09
1.00751e-10
3.34705e-09
1.19953e-10
3.35722e-09
1.41247e-10
3.36773e-09
1.65095e-10
3.37898e-09
1.91946e-10
3.3915e-09
2.22264e-10
3.40564e-09
2.56695e-10
3.42148e-09
2.95918e-10
3.4392e-09
3.40435e-10
3.46017e-09
4.01589e-10
3.47517e-09
3.90199e-10
3.47197e-09
2.83827e-10
3.45624e-09
1.39751e-10
3.43595e-09
-3.06623e-11
3.41281e-09
-2.03109e-10
3.3856e-09
-3.55547e-10
3.35347e-09
-5.02773e-10
3.3234e-09
-5.83226e-10
3.29942e-09
-6.28942e-10
3.27558e-09
-6.09616e-10
3.25011e-09
-5.54348e-10
3.22315e-09
-4.99924e-10
3.19547e-09
-4.53505e-10
3.1687e-09
-3.98112e-10
3.14281e-09
-3.56946e-10
3.11881e-09
-3.09897e-10
3.09779e-09
-2.66984e-10
3.07947e-09
-2.25115e-10
3.06596e-09
-1.78675e-10
3.05624e-09
-1.36893e-10
3.05266e-09
-8.75052e-11
3.05446e-09
-4.04851e-11
3.06279e-09
8.5942e-12
3.07826e-09
6.44008e-11
3.09945e-09
1.08019e-10
3.12918e-09
1.72531e-10
3.1641e-09
2.13591e-10
3.20502e-09
2.66054e-10
3.25085e-09
3.07085e-10
3.29944e-09
3.44721e-10
3.35157e-09
3.78875e-10
3.40409e-09
4.02244e-10
3.45773e-09
4.24465e-10
3.50988e-09
4.3575e-10
3.56133e-09
4.43249e-10
3.61049e-09
4.45634e-10
3.65798e-09
4.37413e-10
3.70368e-09
4.3317e-10
3.74601e-09
4.16016e-10
3.78567e-09
3.99415e-10
3.82305e-09
3.79445e-10
3.85808e-09
3.53e-10
3.89065e-09
3.27534e-10
3.92133e-09
2.98711e-10
3.94973e-09
2.68727e-10
3.97607e-09
2.36092e-10
3.99953e-09
2.05092e-10
4.021e-09
1.72016e-10
4.04033e-09
1.42258e-10
4.05702e-09
1.13195e-10
4.07047e-09
8.39486e-11
4.08026e-09
5.82626e-11
4.08638e-09
3.65923e-11
4.0883e-09
1.28417e-11
4.08558e-09
-2.41092e-12
4.07853e-09
-1.80918e-11
4.06588e-09
-3.08962e-11
4.04859e-09
-4.23932e-11
4.0261e-09
-4.64761e-11
3.99865e-09
-5.86135e-11
3.96679e-09
-5.71027e-11
3.93061e-09
-6.86851e-11
3.89121e-09
-6.56931e-11
3.84886e-09
-7.60824e-11
3.80482e-09
-7.22403e-11
3.75927e-09
-8.46112e-11
3.7136e-09
-8.11825e-11
3.66833e-09
-9.10929e-11
3.62405e-09
-9.13092e-11
3.58201e-09
-9.58937e-11
3.54163e-09
-1.00537e-10
3.50474e-09
-1.016e-10
3.47021e-09
-1.05278e-10
3.4394e-09
-1.06702e-10
3.41139e-09
-1.05934e-10
3.38708e-09
-1.08546e-10
3.3658e-09
-1.06852e-10
3.34798e-09
-1.08796e-10
3.33271e-09
-1.08634e-10
3.32066e-09
-1.0848e-10
3.31069e-09
-1.12224e-10
3.3034e-09
-1.12819e-10
3.29808e-09
-1.15395e-10
3.29445e-09
-1.20182e-10
3.29251e-09
-1.23461e-10
3.29175e-09
-1.28498e-10
3.29193e-09
-1.3596e-10
3.29284e-09
-1.41421e-10
3.2943e-09
-1.4926e-10
3.29581e-09
-1.5797e-10
3.29728e-09
-1.66404e-10
3.29842e-09
-1.7584e-10
3.29894e-09
-1.85189e-10
3.29868e-09
-1.94776e-10
3.2973e-09
-2.04959e-10
3.29446e-09
-2.1471e-10
3.29045e-09
-2.22933e-10
3.28456e-09
-2.3004e-10
3.27685e-09
-2.40843e-10
3.26753e-09
-2.40283e-10
3.25656e-09
-2.47762e-10
3.24332e-09
-2.4684e-10
3.22978e-09
-2.42773e-10
3.21442e-09
-2.36259e-10
3.19926e-09
-2.26523e-10
3.18398e-09
-2.07388e-10
3.17005e-09
-1.89359e-10
3.15799e-09
-1.56761e-10
3.14933e-09
-1.26296e-10
3.14424e-09
-8.23388e-11
3.1453e-09
-3.5815e-11
3.15093e-09
1.56436e-11
3.16538e-09
7.84513e-11
3.18584e-09
1.40619e-10
3.21429e-09
2.01342e-10
3.2498e-09
2.76442e-10
3.29146e-09
3.31904e-10
3.33988e-09
4.14739e-10
3.3915e-09
4.6795e-10
3.44694e-09
5.48593e-10
3.5029e-09
6.03764e-10
3.55934e-09
6.8182e-10
3.61338e-09
7.37394e-10
3.66766e-09
7.62104e-10
3.7332e-09
6.33513e-10
3.80257e-09
5.42629e-10
3.8556e-09
2.43111e-10
3.90316e-09
1.80938e-11
3.94332e-09
-2.00957e-10
3.97225e-09
-4.10134e-10
3.98391e-09
-6.29169e-10
3.97174e-09
-7.56973e-10
3.93279e-09
-8.3487e-10
3.88093e-09
-7.99086e-10
3.82421e-09
-7.17218e-10
3.7657e-09
-6.2772e-10
3.70761e-09
-5.32642e-10
3.65172e-09
-4.35398e-10
3.5995e-09
-3.39158e-10
3.55205e-09
-2.47044e-10
3.50983e-09
-1.62118e-10
3.47302e-09
-8.67865e-11
3.44161e-09
-2.25262e-11
3.41545e-09
3.00174e-11
3.39425e-09
7.09154e-11
3.37764e-09
1.00865e-10
3.36515e-09
1.21028e-10
3.35609e-09
1.32905e-10
3.35045e-09
1.36981e-10
3.34724e-09
1.35981e-10
3.34599e-09
1.30667e-10
3.34621e-09
1.22186e-10
3.34746e-09
1.11561e-10
3.34935e-09
9.96566e-11
3.35157e-09
8.71799e-11
3.35387e-09
7.46801e-11
3.35607e-09
6.25708e-11
3.35808e-09
5.1163e-11
3.35986e-09
4.06534e-11
3.36143e-09
3.11078e-11
3.36283e-09
2.25045e-11
3.36417e-09
1.47645e-11
3.36558e-09
7.76242e-12
3.36726e-09
1.34532e-12
3.36937e-09
-4.72523e-12
-1.09733e-11
2.5113e-09
-2.87605e-11
2.54346e-09
-8.20048e-11
2.59049e-09
-1.22353e-10
2.646e-09
-1.48033e-10
2.70494e-09
-1.61355e-10
2.76375e-09
-1.65421e-10
2.82018e-09
-1.63083e-10
2.87303e-09
-1.56416e-10
2.92174e-09
-1.46784e-10
2.9661e-09
-1.3504e-10
3.00612e-09
-1.21822e-10
3.04197e-09
-1.07702e-10
3.07394e-09
-9.30803e-11
3.10233e-09
-7.82332e-11
3.12747e-09
-6.33508e-11
3.14972e-09
-4.85378e-11
3.16941e-09
-3.38299e-11
3.18688e-09
-1.92147e-11
3.20249e-09
-4.64409e-12
3.21657e-09
9.96215e-12
3.22948e-09
2.47361e-11
3.24159e-09
3.98165e-11
3.25327e-09
5.53812e-11
3.26485e-09
7.16487e-11
3.2767e-09
8.89001e-11
3.28917e-09
1.07476e-10
3.30263e-09
1.27783e-10
3.31744e-09
1.50292e-10
3.33389e-09
1.75485e-10
3.35231e-09
2.0385e-10
3.37301e-09
2.35986e-10
3.39633e-09
2.72598e-10
3.42232e-09
3.14447e-10
3.45254e-09
3.71375e-10
3.47667e-09
3.66072e-10
3.48048e-09
2.80014e-10
3.46863e-09
1.51607e-10
3.44852e-09
-1.05428e-11
3.42174e-09
-1.76333e-10
3.38739e-09
-3.21198e-10
3.34485e-09
-4.60246e-10
3.30198e-09
-5.40372e-10
3.26315e-09
-5.90131e-10
3.22356e-09
-5.70048e-10
3.18246e-09
-5.1326e-10
3.14051e-09
-4.57971e-10
3.09881e-09
-4.11806e-10
3.05939e-09
-3.58685e-10
3.02224e-09
-3.19789e-10
2.98848e-09
-2.76137e-10
2.95908e-09
-2.37593e-10
2.93375e-09
-1.99792e-10
2.91443e-09
-1.59364e-10
2.90007e-09
-1.22544e-10
2.89284e-09
-8.02861e-11
2.89197e-09
-3.96273e-11
2.89851e-09
2.05712e-12
2.91309e-09
4.9829e-11
2.93422e-09
8.68938e-11
2.9648e-09
1.41969e-10
3.00146e-09
1.76947e-10
3.04517e-09
2.22357e-10
3.09487e-09
2.57395e-10
3.14868e-09
2.90916e-10
3.20713e-09
3.20425e-10
3.26716e-09
3.42208e-10
3.32974e-09
3.61869e-10
3.39192e-09
3.73563e-10
3.45453e-09
3.80636e-10
3.51574e-09
3.84419e-10
3.57476e-09
3.78396e-10
3.63225e-09
3.75686e-10
3.68699e-09
3.61291e-10
3.73897e-09
3.47452e-10
3.78795e-09
3.30487e-10
3.83413e-09
3.06856e-10
3.87788e-09
2.8379e-10
3.91886e-09
2.5772e-10
3.95645e-09
2.31113e-10
3.99101e-09
2.01495e-10
4.02238e-09
1.737e-10
4.0501e-09
1.44255e-10
4.07561e-09
1.16712e-10
4.09788e-09
9.08906e-11
4.1162e-09
6.56048e-11
4.13076e-09
4.36818e-11
4.14143e-09
2.59251e-11
4.14765e-09
6.6241e-12
4.14927e-09
-4.01781e-12
4.14649e-09
-1.52987e-11
4.13804e-09
-2.24335e-11
4.12483e-09
-2.91726e-11
4.10636e-09
-2.79971e-11
4.08245e-09
-3.46876e-11
4.05395e-09
-2.85978e-11
4.02049e-09
-3.52229e-11
3.98351e-09
-2.87211e-11
3.94278e-09
-3.53481e-11
3.89985e-09
-2.9311e-11
3.85452e-09
-3.9282e-11
3.80861e-09
-3.52764e-11
3.76238e-09
-4.48664e-11
3.7167e-09
-4.5624e-11
3.67278e-09
-5.19726e-11
3.63005e-09
-5.78092e-11
3.59047e-09
-6.20261e-11
3.55282e-09
-6.7622e-11
3.51893e-09
-7.28095e-11
3.48789e-09
-7.48937e-11
3.46038e-09
-8.10316e-11
3.4356e-09
-8.20813e-11
3.414e-09
-8.71886e-11
3.39493e-09
-8.95654e-11
3.37908e-09
-9.26264e-11
3.36504e-09
-9.81943e-11
3.35348e-09
-1.01256e-10
3.34366e-09
-1.05582e-10
3.33527e-09
-1.11802e-10
3.32833e-09
-1.16535e-10
3.3223e-09
-1.22489e-10
3.31691e-09
-1.30588e-10
3.31196e-09
-1.365e-10
3.30723e-09
-1.44556e-10
3.30221e-09
-1.52981e-10
3.29682e-09
-1.61037e-10
3.29075e-09
-1.69799e-10
3.28375e-09
-1.78197e-10
3.27565e-09
-1.86684e-10
3.26616e-09
-1.95465e-10
3.25499e-09
-2.03532e-10
3.24247e-09
-2.10412e-10
3.22802e-09
-2.15578e-10
3.21167e-09
-2.24485e-10
3.19385e-09
-2.22458e-10
3.17447e-09
-2.28383e-10
3.15317e-09
-2.25544e-10
3.1319e-09
-2.21502e-10
3.10935e-09
-2.13713e-10
3.08753e-09
-2.04697e-10
3.06634e-09
-1.8619e-10
3.04718e-09
-1.70188e-10
3.03079e-09
-1.40366e-10
3.01859e-09
-1.14098e-10
3.011e-09
-7.47464e-11
3.01043e-09
-3.52575e-11
3.01559e-09
1.04815e-11
3.03056e-09
6.34614e-11
3.05281e-09
1.1836e-10
3.08428e-09
1.69865e-10
3.12451e-09
2.36219e-10
3.1723e-09
2.84112e-10
3.22906e-09
3.57979e-10
3.2914e-09
4.05619e-10
3.36042e-09
4.79565e-10
3.43275e-09
5.31433e-10
3.50723e-09
6.07323e-10
3.57978e-09
6.64847e-10
3.65269e-09
6.89192e-10
3.73417e-09
5.52036e-10
3.81821e-09
4.58583e-10
3.87689e-09
1.84408e-10
3.92121e-09
-2.62458e-11
3.94899e-09
-2.28717e-10
3.95764e-09
-4.18805e-10
3.94176e-09
-6.13303e-10
3.89816e-09
-7.13392e-10
3.82656e-09
-7.63272e-10
3.74495e-09
-7.17469e-10
3.66287e-09
-6.35126e-10
3.58378e-09
-5.48608e-10
3.51021e-09
-4.59056e-10
3.44377e-09
-3.68942e-10
3.38542e-09
-2.80798e-10
3.3356e-09
-1.97225e-10
3.29422e-09
-1.20746e-10
3.26083e-09
-5.34151e-11
3.23478e-09
3.50138e-12
3.21535e-09
4.94344e-11
3.20172e-09
8.45254e-11
3.19308e-09
1.09491e-10
3.18858e-09
1.25511e-10
3.18751e-09
1.33964e-10
3.18929e-09
1.352e-10
3.19302e-09
1.32243e-10
3.19817e-09
1.25519e-10
3.20422e-09
1.16142e-10
3.21071e-09
1.05071e-10
3.21727e-09
9.30891e-11
3.22364e-09
8.08212e-11
3.22958e-09
6.87413e-11
3.23496e-09
5.71907e-11
3.23972e-09
4.64005e-11
3.24388e-09
3.64966e-11
3.24749e-09
2.74981e-11
3.25066e-09
1.93397e-11
3.25352e-09
1.18966e-11
3.25629e-09
4.99958e-12
3.25918e-09
-1.54931e-12
3.26249e-09
-8.04012e-12
-1.50122e-11
2.51476e-09
-4.35591e-11
2.55541e-09
-1.22704e-10
2.61175e-09
-1.78747e-10
2.67419e-09
-2.10486e-10
2.73592e-09
-2.23065e-10
2.79281e-09
-2.22279e-10
2.84312e-09
-2.13368e-10
2.88653e-09
-1.99824e-10
2.92355e-09
-1.83809e-10
2.95494e-09
-1.66422e-10
2.98144e-09
-1.48327e-10
3.00391e-09
-1.30169e-10
3.02305e-09
-1.12226e-10
3.0395e-09
-9.46755e-11
3.05376e-09
-7.76164e-11
3.0663e-09
-6.1082e-11
3.07753e-09
-4.50564e-11
3.0878e-09
-2.9489e-11
3.09746e-09
-1.43028e-11
3.10685e-09
5.75737e-13
3.11625e-09
1.53337e-11
3.126e-09
3.00585e-11
3.13643e-09
4.4955e-11
3.14783e-09
6.02424e-11
3.16053e-09
7.61971e-11
3.17485e-09
9.31511e-11
3.19114e-09
1.11496e-10
3.20974e-09
1.31686e-10
3.23101e-09
1.54219e-10
3.25523e-09
1.79628e-10
3.28268e-09
2.08526e-10
3.31366e-09
2.41617e-10
3.34839e-09
2.79726e-10
3.38839e-09
3.31373e-10
3.42221e-09
3.32254e-10
3.43429e-09
2.6793e-10
3.42796e-09
1.57949e-10
3.40952e-09
7.89867e-12
3.38032e-09
-1.47131e-10
3.33979e-09
-2.80662e-10
3.28756e-09
-4.08022e-10
3.23223e-09
-4.8506e-10
3.17852e-09
-5.36433e-10
3.12325e-09
-5.14795e-10
3.06695e-09
-4.56968e-10
3.01094e-09
-4.01962e-10
2.95666e-09
-3.5753e-10
2.90642e-09
-3.0844e-10
2.8601e-09
-2.73463e-10
2.81878e-09
-2.34819e-10
2.78314e-09
-2.01959e-10
2.75279e-09
-1.6945e-10
2.72936e-09
-1.35944e-10
2.71176e-09
-1.04952e-10
2.70188e-09
-7.04121e-11
2.69894e-09
-3.66944e-11
2.70381e-09
-2.8128e-12
2.71712e-09
3.65214e-11
2.73737e-09
6.66542e-11
2.76741e-09
1.11944e-10
2.80395e-09
1.40419e-10
2.84806e-09
1.78255e-10
2.89867e-09
2.06792e-10
2.95418e-09
2.35414e-10
3.01499e-09
2.59611e-10
3.07824e-09
2.78955e-10
3.14484e-09
2.9526e-10
3.21191e-09
3.06481e-10
3.27991e-09
3.12624e-10
3.34726e-09
3.1706e-10
3.41311e-09
3.12546e-10
3.47765e-09
3.11152e-10
3.53944e-09
2.99508e-10
3.59868e-09
2.88219e-10
3.65508e-09
2.74104e-10
3.7076e-09
2.54348e-10
3.75644e-09
2.34928e-10
3.80205e-09
2.12092e-10
3.84393e-09
1.89224e-10
3.8821e-09
1.63299e-10
3.91657e-09
1.39207e-10
3.94706e-09
1.13738e-10
3.97416e-09
8.95808e-11
3.99781e-09
6.72231e-11
4.01766e-09
4.57492e-11
4.03394e-09
2.74001e-11
4.0467e-09
1.31831e-11
4.05542e-09
-2.08418e-12
4.06034e-09
-8.91252e-12
4.0616e-09
-1.65355e-11
4.05805e-09
-1.88653e-11
4.05042e-09
-2.15255e-11
4.03855e-09
-1.61029e-11
4.02206e-09
-1.81938e-11
4.00195e-09
-8.47625e-12
3.97679e-09
-1.0061e-11
3.94825e-09
-1.81856e-13
3.9157e-09
-2.79037e-12
3.88058e-09
5.80669e-12
3.84239e-09
-1.09804e-12
3.80303e-09
4.08765e-12
3.76249e-09
-4.33252e-12
3.72175e-09
-4.88345e-12
3.6818e-09
-1.20165e-11
3.64216e-09
-1.8168e-11
3.60489e-09
-2.4764e-11
3.56881e-09
-3.15372e-11
3.53556e-09
-3.95539e-11
3.50451e-09
-4.38438e-11
3.47641e-09
-5.29301e-11
3.45039e-09
-5.60595e-11
3.42703e-09
-6.38305e-11
3.40568e-09
-6.8217e-11
3.38694e-09
-7.38828e-11
3.36954e-09
-8.07898e-11
3.3542e-09
-8.59193e-11
3.3402e-09
-9.15866e-11
3.32721e-09
-9.8812e-11
3.31526e-09
-1.04601e-10
3.30384e-09
-1.11077e-10
3.29264e-09
-1.19403e-10
3.28153e-09
-1.25414e-10
3.27027e-09
-1.33319e-10
3.25839e-09
-1.4112e-10
3.24581e-09
-1.48488e-10
3.23229e-09
-1.56291e-10
3.21759e-09
-1.63505e-10
3.2016e-09
-1.70701e-10
3.18408e-09
-1.77942e-10
3.16482e-09
-1.84267e-10
3.1442e-09
-1.89788e-10
3.12176e-09
-1.93123e-10
3.09752e-09
-2.00233e-10
3.07212e-09
-1.97051e-10
3.0454e-09
-2.01663e-10
3.01726e-09
-1.97405e-10
2.98952e-09
-1.93771e-10
2.96115e-09
-1.85346e-10
2.934e-09
-1.7755e-10
2.90821e-09
-1.60395e-10
2.88499e-09
-1.46977e-10
2.86531e-09
-1.20681e-10
2.85036e-09
-9.91489e-11
2.84076e-09
-6.51547e-11
2.83868e-09
-3.31905e-11
2.84311e-09
6.0424e-12
2.85784e-09
4.87252e-11
2.88067e-09
9.55182e-11
2.91335e-09
1.37176e-10
2.95588e-09
1.9369e-10
3.00694e-09
2.33048e-10
3.06844e-09
2.96472e-10
3.13707e-09
3.36994e-10
3.21425e-09
4.02383e-10
3.29654e-09
4.49137e-10
3.38409e-09
5.19767e-10
3.47221e-09
5.76721e-10
3.56131e-09
6.0009e-10
3.6538e-09
4.59537e-10
3.74353e-09
3.68842e-10
3.79982e-09
1.28105e-10
3.83452e-09
-6.09627e-11
3.84533e-09
-2.39533e-10
3.83018e-09
-4.03662e-10
3.78455e-09
-5.67684e-10
3.70948e-09
-6.38326e-10
3.60796e-09
-6.61754e-10
3.50068e-09
-6.10184e-10
3.39801e-09
-5.32443e-10
3.30343e-09
-4.54001e-10
3.21935e-09
-3.74954e-10
3.14703e-09
-2.96606e-10
3.0869e-09
-2.20651e-10
3.03873e-09
-1.4906e-10
3.00182e-09
-8.38404e-11
2.97509e-09
-2.66938e-11
2.95731e-09
2.12649e-11
2.94717e-09
5.95528e-11
2.94337e-09
8.8302e-11
2.94467e-09
1.08176e-10
2.94993e-09
1.20237e-10
2.95833e-09
1.25562e-10
2.9685e-09
1.25014e-10
2.98003e-09
1.20708e-10
2.9922e-09
1.13348e-10
3.00447e-09
1.03877e-10
3.0164e-09
9.31405e-11
3.02768e-09
8.18154e-11
3.03807e-09
7.04289e-11
3.04744e-09
5.93707e-11
3.05573e-09
4.89067e-11
3.06294e-09
3.9196e-11
3.06913e-09
3.03004e-11
3.07444e-09
2.21907e-11
3.07902e-09
1.47612e-11
3.08307e-09
7.84443e-12
3.08684e-09
1.22791e-12
3.09064e-09
-5.34336e-12
3.09485e-09
-1.22497e-11
-1.99389e-11
2.52124e-09
-6.48572e-11
2.57562e-09
-1.77154e-10
2.64406e-09
-2.4725e-10
2.71188e-09
-2.78333e-10
2.77067e-09
-2.81836e-10
2.81696e-09
-2.68541e-10
2.85139e-09
-2.47783e-10
2.87588e-09
-2.24309e-10
2.89226e-09
-2.0019e-10
2.90279e-09
-1.76959e-10
2.90951e-09
-1.55044e-10
2.91363e-09
-1.34283e-10
2.91609e-09
-1.14693e-10
2.91766e-09
-9.62437e-11
2.91889e-09
-7.88489e-11
2.92021e-09
-6.24034e-11
2.92195e-09
-4.68005e-11
2.92439e-09
-3.19322e-11
2.92778e-09
-1.76889e-11
2.93231e-09
-3.95356e-12
2.93822e-09
9.42292e-12
2.9457e-09
2.25712e-11
2.95499e-09
3.56664e-11
2.9663e-09
4.89246e-11
2.97989e-09
6.26071e-11
2.99602e-09
7.70214e-11
3.01498e-09
9.25289e-11
3.03711e-09
1.09549e-10
3.06277e-09
1.28558e-10
3.09231e-09
1.50089e-10
3.12607e-09
1.74762e-10
3.16438e-09
2.03306e-10
3.20753e-09
2.36577e-10
3.25718e-09
2.81718e-10
3.30132e-09
2.88113e-10
3.32345e-09
2.458e-10
3.325e-09
1.56404e-10
3.31056e-09
2.23445e-11
3.28103e-09
-1.17593e-10
3.23622e-09
-2.35839e-10
3.17605e-09
-3.47858e-10
3.10966e-09
-4.18671e-10
3.042e-09
-4.68786e-10
2.97211e-09
-4.44919e-10
2.90218e-09
-3.87046e-10
2.83431e-09
-3.34095e-10
2.77017e-09
-2.93398e-10
2.71213e-09
-2.50399e-10
2.65974e-09
-2.21073e-10
2.61385e-09
-1.88927e-10
2.57469e-09
-1.62799e-10
2.5417e-09
-1.36475e-10
2.51613e-09
-1.10382e-10
2.49685e-09
-8.56767e-11
2.48542e-09
-5.8982e-11
2.48107e-09
-3.23537e-11
2.48449e-09
-6.23305e-12
2.49631e-09
2.47161e-11
2.51501e-09
4.79593e-11
2.54336e-09
8.36062e-11
2.57821e-09
1.05577e-10
2.6207e-09
1.35769e-10
2.66974e-09
1.57755e-10
2.72402e-09
1.81137e-10
2.78381e-09
1.99819e-10
2.84654e-09
2.16218e-10
2.91293e-09
2.28856e-10
2.98041e-09
2.3899e-10
3.04916e-09
2.43862e-10
3.11773e-09
2.48487e-10
3.18512e-09
2.45145e-10
3.25146e-09
2.44815e-10
3.31509e-09
2.35885e-10
3.37605e-09
2.27262e-10
3.43393e-09
2.16228e-10
3.48781e-09
2.00462e-10
3.53762e-09
1.85103e-10
3.58339e-09
1.66313e-10
3.62474e-09
1.4787e-10
3.66167e-09
1.26352e-10
3.69432e-09
1.06546e-10
3.72258e-09
8.5455e-11
3.7468e-09
6.53367e-11
3.7673e-09
4.67201e-11
3.78406e-09
2.89879e-11
3.79755e-09
1.39221e-11
3.80814e-09
2.62163e-12
3.81552e-09
-9.43843e-12
3.82035e-09
-1.37177e-11
3.82286e-09
-1.90267e-11
3.82237e-09
-1.83529e-11
3.81952e-09
-1.86429e-11
3.81418e-09
-1.07505e-11
3.80538e-09
-9.3884e-12
3.79452e-09
2.39875e-12
3.78e-09
4.45805e-12
3.76339e-09
1.64366e-11
3.74304e-09
1.75652e-11
3.72114e-09
2.77111e-11
3.69566e-09
2.43768e-11
3.66906e-09
3.06856e-11
3.6402e-09
2.45354e-11
3.61036e-09
2.49537e-11
3.5803e-09
1.80408e-11
3.54941e-09
1.27254e-11
3.51963e-09
5.02138e-12
3.48987e-09
-1.78412e-12
3.46168e-09
-1.13537e-11
3.43441e-09
-1.65735e-11
3.40875e-09
-2.72661e-11
3.38455e-09
-3.18553e-11
3.36213e-09
-4.14106e-11
3.34082e-09
-4.69055e-11
3.32127e-09
-5.43321e-11
3.3023e-09
-6.18204e-11
3.28471e-09
-6.83249e-11
3.26783e-09
-7.47082e-11
3.25136e-09
-8.23378e-11
3.2354e-09
-8.8649e-11
3.21948e-09
-9.51642e-11
3.20331e-09
-1.03246e-10
3.18686e-09
-1.08974e-10
3.16987e-09
-1.16352e-10
3.15196e-09
-1.23224e-10
3.13311e-09
-1.29653e-10
3.1131e-09
-1.36298e-10
3.09179e-09
-1.422e-10
3.06911e-09
-1.48024e-10
3.04488e-09
-1.53709e-10
3.01898e-09
-1.58363e-10
2.99182e-09
-1.62614e-10
2.96306e-09
-1.64356e-10
2.93271e-09
-1.69869e-10
2.9016e-09
-1.65931e-10
2.86946e-09
-1.69522e-10
2.83645e-09
-1.644e-10
2.80419e-09
-1.61511e-10
2.77192e-09
-1.53077e-10
2.74125e-09
-1.46889e-10
2.71253e-09
-1.3169e-10
2.68677e-09
-1.21218e-10
2.66505e-09
-9.89777e-11
2.64833e-09
-8.24306e-11
2.63741e-09
-5.42441e-11
2.6341e-09
-2.98932e-11
2.63772e-09
2.41044e-12
2.6516e-09
3.48288e-11
2.67401e-09
7.31009e-11
2.70636e-09
1.04816e-10
2.74911e-09
1.50934e-10
2.80083e-09
1.81324e-10
2.86386e-09
2.33442e-10
2.93495e-09
2.6589e-10
3.01614e-09
3.21188e-10
3.10399e-09
3.61286e-10
3.19922e-09
4.24528e-10
3.29689e-09
4.79049e-10
3.39545e-09
5.01523e-10
3.49241e-09
3.62571e-10
3.5823e-09
2.78939e-10
3.63199e-09
7.841e-11
3.65297e-09
-8.19537e-11
3.6436e-09
-2.3018e-10
3.603e-09
-3.63075e-10
3.52822e-09
-4.92909e-10
3.42471e-09
-5.34833e-10
3.29881e-09
-5.35862e-10
3.17234e-09
-4.83704e-10
3.05565e-09
-4.15746e-10
2.95185e-09
-3.50179e-10
2.86282e-09
-2.85901e-10
2.78927e-09
-2.23033e-10
2.73105e-09
-1.62415e-10
2.68739e-09
-1.05393e-10
2.65704e-09
-5.34975e-11
2.63847e-09
-8.1329e-12
2.62996e-09
2.97632e-11
2.62972e-09
5.97676e-11
2.63605e-09
8.19569e-11
2.64735e-09
9.68664e-11
2.66223e-09
1.05343e-10
2.67947e-09
1.08304e-10
2.69774e-09
1.06736e-10
2.71648e-09
1.01965e-10
2.73497e-09
9.48611e-11
2.75266e-09
8.61864e-11
2.76918e-09
7.6626e-11
2.78426e-09
6.67291e-11
2.79778e-09
5.69136e-11
2.80967e-09
4.74784e-11
2.81997e-09
3.86148e-11
2.82875e-09
3.04176e-11
2.83615e-09
2.28959e-11
2.84236e-09
1.59811e-11
2.84759e-09
9.53422e-12
2.85209e-09
3.35103e-12
2.85614e-09
-2.82375e-12
2.86012e-09
-9.32364e-12
2.86452e-09
-1.6652e-11
-2.51004e-11
2.53353e-09
-9.84661e-11
2.60887e-09
-2.52529e-10
2.6888e-09
-3.2722e-10
2.75317e-09
-3.4269e-10
2.79519e-09
-3.23864e-10
2.81629e-09
-2.89625e-10
2.82113e-09
-2.52629e-10
2.81502e-09
-2.182e-10
2.80264e-09
-1.87818e-10
2.78707e-09
-1.61384e-10
2.77036e-09
-1.38337e-10
2.75398e-09
-1.17905e-10
2.7388e-09
-9.95153e-11
2.72535e-09
-8.27908e-11
2.71394e-09
-6.74405e-11
2.70477e-09
-5.32316e-11
2.69795e-09
-3.99809e-11
2.69355e-09
-2.75399e-11
2.69165e-09
-1.57821e-11
2.69227e-09
-4.58022e-12
2.69548e-09
6.20789e-12
2.70135e-09
1.67042e-11
2.70996e-09
2.7054e-11
2.72143e-09
3.74494e-11
2.73592e-09
4.81157e-11
2.75363e-09
5.9309e-11
2.77482e-09
7.13341e-11
2.79982e-09
8.45507e-11
2.829e-09
9.93752e-11
2.86279e-09
1.16291e-10
2.90167e-09
1.35878e-10
2.94612e-09
1.58859e-10
2.99657e-09
1.86123e-10
3.05486e-09
2.23426e-10
3.10916e-09
2.33813e-10
3.14287e-09
2.12099e-10
3.15495e-09
1.44329e-10
3.14745e-09
2.9848e-11
3.12048e-09
-9.06065e-11
3.07417e-09
-1.89528e-10
3.00872e-09
-2.82404e-10
2.93344e-09
-3.43392e-10
2.85348e-09
-3.88836e-10
2.77082e-09
-3.62278e-10
2.68986e-09
-3.06089e-10
2.61349e-09
-2.5774e-10
2.54333e-09
-2.23233e-10
2.48138e-09
-1.88451e-10
2.42657e-09
-1.66263e-10
2.37932e-09
-1.41686e-10
2.33934e-09
-1.22816e-10
2.30593e-09
-1.03073e-10
2.27991e-09
-8.43664e-11
2.26019e-09
-6.59648e-11
2.248e-09
-4.67981e-11
2.24268e-09
-2.70262e-11
2.24469e-09
-8.24448e-12
2.25469e-09
1.47212e-11
2.27121e-09
3.14438e-11
2.29688e-09
5.79404e-11
2.32874e-09
7.37242e-11
2.36799e-09
9.65239e-11
2.41349e-09
1.12255e-10
2.46425e-09
1.3037e-10
2.52036e-09
1.43705e-10
2.57965e-09
1.56918e-10
2.64258e-09
1.65921e-10
2.70695e-09
1.74605e-10
2.7727e-09
1.78102e-10
2.83856e-09
1.82619e-10
2.9034e-09
1.80302e-10
2.96733e-09
1.80876e-10
3.02861e-09
1.74609e-10
3.08717e-09
1.68708e-10
3.14247e-09
1.60922e-10
3.19356e-09
1.49376e-10
3.24027e-09
1.38389e-10
3.28238e-09
1.24196e-10
3.31954e-09
1.10709e-10
3.35162e-09
9.42635e-11
3.3788e-09
7.93427e-11
3.40107e-09
6.31682e-11
3.41876e-09
4.76358e-11
3.43231e-09
3.31712e-11
3.44198e-09
1.93324e-11
3.44844e-09
7.47358e-12
3.45248e-09
-1.38989e-12
3.45402e-09
-1.09554e-11
3.45417e-09
-1.38463e-11
3.45332e-09
-1.81559e-11
3.45137e-09
-1.63808e-11
3.44893e-09
-1.6186e-11
3.44641e-09
-8.21382e-12
3.44269e-09
-5.65576e-12
3.43916e-09
5.93692e-12
3.43394e-09
9.69125e-12
3.42864e-09
2.1747e-11
3.42123e-09
2.49724e-11
3.41345e-09
3.54962e-11
3.40293e-09
3.49086e-11
3.39168e-09
4.19375e-11
3.37808e-09
3.81387e-11
3.36322e-09
3.98136e-11
3.3472e-09
3.40595e-11
3.32949e-09
3.04381e-11
3.31161e-09
2.29079e-11
3.29249e-09
1.73313e-11
3.27353e-09
7.61048e-12
3.25432e-09
2.64579e-12
3.2353e-09
-8.245e-12
3.21656e-09
-1.31139e-11
3.19829e-09
-2.31356e-11
3.18019e-09
-2.88016e-11
3.16281e-09
-3.69484e-11
3.14514e-09
-4.41391e-11
3.12796e-09
-5.11437e-11
3.11074e-09
-5.74906e-11
3.09322e-09
-6.48186e-11
3.07559e-09
-7.10172e-11
3.05745e-09
-7.70255e-11
3.03853e-09
-8.43416e-11
3.01892e-09
-8.93732e-11
2.99839e-09
-9.58278e-11
2.97663e-09
-1.01476e-10
2.95369e-09
-1.06724e-10
2.9294e-09
-1.12026e-10
2.90371e-09
-1.16508e-10
2.87658e-09
-1.20903e-10
2.84792e-09
-1.25038e-10
2.81768e-09
-1.28118e-10
2.78626e-09
-1.31183e-10
2.7535e-09
-1.31587e-10
2.71933e-09
-1.35685e-10
2.68477e-09
-1.31368e-10
2.64943e-09
-1.34171e-10
2.61372e-09
-1.28699e-10
2.57897e-09
-1.26758e-10
2.54473e-09
-1.18853e-10
2.51231e-09
-1.14473e-10
2.48228e-09
-1.01678e-10
2.45532e-09
-9.42727e-11
2.43272e-09
-7.63974e-11
2.41506e-09
-6.47854e-11
2.4034e-09
-4.25925e-11
2.39906e-09
-2.55705e-11
2.40177e-09
-3.1186e-13
2.41427e-09
2.23076e-11
2.43537e-09
5.19893e-11
2.46604e-09
7.41382e-11
2.50721e-09
1.09746e-10
2.55729e-09
1.31237e-10
2.61905e-09
1.71677e-10
2.68934e-09
1.9559e-10
2.77084e-09
2.39685e-10
2.86031e-09
2.71803e-10
2.95914e-09
3.25693e-10
3.06246e-09
3.75728e-10
3.16662e-09
3.97357e-10
3.2628e-09
2.66387e-10
3.34683e-09
1.94899e-10
3.38572e-09
3.95159e-11
3.39029e-09
-8.65278e-11
3.35984e-09
-1.99752e-10
3.29511e-09
-2.98366e-10
3.19526e-09
-3.93074e-10
3.07011e-09
-4.09711e-10
2.9289e-09
-3.94667e-10
2.79278e-09
-3.47579e-10
2.67098e-09
-2.93946e-10
2.56566e-09
-2.44843e-10
2.47782e-09
-1.98038e-10
2.40752e-09
-1.52709e-10
2.35415e-09
-1.09035e-10
2.31661e-09
-6.78452e-11
2.29337e-09
-3.02523e-11
2.28267e-09
2.55921e-12
2.28248e-09
2.99474e-11
2.29071e-09
5.15176e-11
2.30539e-09
6.72648e-11
2.32469e-09
7.75591e-11
2.347e-09
8.30219e-11
2.37091e-09
8.43805e-11
2.3952e-09
8.24417e-11
2.41906e-09
7.81071e-11
2.44182e-09
7.21004e-11
2.46299e-09
6.50139e-11
2.48226e-09
5.73585e-11
2.49945e-09
4.95412e-11
2.5145e-09
4.18638e-11
2.52744e-09
3.45332e-11
2.53839e-09
2.76715e-11
2.54749e-09
2.13198e-11
2.55494e-09
1.54498e-11
2.56095e-09
9.96869e-12
2.56577e-09
4.71422e-12
2.56967e-09
-5.51973e-13
2.57297e-09
-6.12512e-12
2.5761e-09
-1.24527e-11
2.57967e-09
-2.0225e-11
-2.95079e-11
2.55746e-09
-1.56007e-10
2.65906e-09
-3.54048e-10
2.73653e-09
-4.04697e-10
2.77444e-09
-3.80464e-10
2.77513e-09
-3.24482e-10
2.75218e-09
-2.66739e-10
2.71559e-09
-2.16061e-10
2.673e-09
-1.75618e-10
2.62984e-09
-1.44667e-10
2.58897e-09
-1.20513e-10
2.55164e-09
-1.01002e-10
2.51841e-09
-8.4679e-11
2.4895e-09
-7.06035e-11
2.46489e-09
-5.81851e-11
2.44448e-09
-4.7032e-11
2.42812e-09
-3.68684e-11
2.41563e-09
-2.74975e-11
2.40687e-09
-1.87794e-11
2.4017e-09
-1.06154e-11
2.40003e-09
-2.91061e-12
2.40172e-09
4.52067e-12
2.40671e-09
1.17069e-11
2.415e-09
1.87641e-11
2.42659e-09
2.58513e-11
2.44157e-09
3.31333e-11
2.4601e-09
4.07815e-11
2.48241e-09
4.90193e-11
2.50884e-09
5.81205e-11
2.5398e-09
6.84076e-11
2.57583e-09
8.02626e-11
2.61754e-09
9.417e-11
2.66563e-09
1.10765e-10
2.72085e-09
1.30897e-10
2.78536e-09
1.58921e-10
2.84837e-09
1.70795e-10
2.89426e-09
1.66214e-10
2.91891e-09
1.19688e-10
2.92072e-09
2.80501e-11
2.8985e-09
-6.83683e-11
2.85271e-09
-1.43731e-10
2.78373e-09
-2.13414e-10
2.70082e-09
-2.60493e-10
2.60937e-09
-2.97389e-10
2.51569e-09
-2.68611e-10
2.42696e-09
-2.1738e-10
2.34646e-09
-1.77245e-10
2.27482e-09
-1.51608e-10
2.21318e-09
-1.26809e-10
2.15945e-09
-1.12537e-10
2.11364e-09
-9.58741e-11
2.07489e-09
-8.40747e-11
2.04256e-09
-7.07444e-11
2.01708e-09
-5.88855e-11
1.99753e-09
-4.64245e-11
1.98484e-09
-3.41134e-11
1.97852e-09
-2.07064e-11
1.97885e-09
-8.57725e-12
1.98656e-09
7.00878e-12
2.00021e-09
1.77929e-11
2.02234e-09
3.58106e-11
2.05013e-09
4.59351e-11
2.0849e-09
6.17559e-11
2.1254e-09
7.17558e-11
2.17102e-09
8.47337e-11
2.22158e-09
9.31392e-11
2.27543e-09
1.03053e-10
2.33266e-09
1.08677e-10
2.3916e-09
1.15656e-10
2.45186e-09
1.17834e-10
2.51249e-09
1.21973e-10
2.57222e-09
1.20575e-10
2.63121e-09
1.21877e-10
2.68769e-09
1.18133e-10
2.74153e-09
1.14869e-10
2.79214e-09
1.10312e-10
2.83849e-09
1.03023e-10
2.88041e-09
9.64676e-11
2.91747e-09
8.714e-11
2.94933e-09
7.88422e-11
2.97569e-09
6.78897e-11
2.99675e-09
5.82716e-11
3.01243e-09
4.7475e-11
3.02303e-09
3.70223e-11
3.02902e-09
2.718e-11
3.03079e-09
1.75766e-11
3.02896e-09
9.31599e-12
3.02482e-09
2.76408e-12
3.01838e-09
-4.49428e-12
3.01106e-09
-6.50591e-12
3.00339e-09
-1.04759e-11
2.99593e-09
-8.90553e-12
2.98936e-09
-9.59521e-12
2.98461e-09
-3.45158e-12
2.98072e-09
-1.75763e-12
2.97927e-09
7.39956e-12
2.97853e-09
1.04443e-11
2.98004e-09
2.02504e-11
2.98162e-09
2.33948e-11
2.98473e-09
3.23968e-11
2.98672e-09
3.29301e-11
2.98923e-09
3.9429e-11
2.99016e-09
3.72177e-11
2.99034e-09
3.96398e-11
2.98921e-09
3.51922e-11
2.98626e-09
3.33903e-11
2.98236e-09
2.68195e-11
2.97664e-09
2.30546e-11
2.96988e-09
1.43717e-11
2.96195e-09
1.0586e-11
2.95273e-09
9.75798e-13
2.94303e-09
-3.39739e-12
2.9324e-09
-1.25055e-11
2.92102e-09
-1.74087e-11
2.90921e-09
-2.51329e-11
2.89618e-09
-3.11046e-11
2.88264e-09
-3.76028e-11
2.86821e-09
-4.30521e-11
2.85265e-09
-4.92589e-11
2.8362e-09
-5.45687e-11
2.81858e-09
-5.94032e-11
2.79954e-09
-6.53089e-11
2.77927e-09
-6.91159e-11
2.75757e-09
-7.41366e-11
2.73426e-09
-7.81731e-11
2.70943e-09
-8.19043e-11
2.68299e-09
-8.5594e-11
2.65496e-09
-8.84802e-11
2.62538e-09
-9.13181e-11
2.59419e-09
-9.38543e-11
2.5615e-09
-9.54155e-11
2.52764e-09
-9.73109e-11
2.49267e-09
-9.661e-11
2.45639e-09
-9.93997e-11
2.42009e-09
-9.50605e-11
2.38312e-09
-9.72019e-11
2.34629e-09
-9.18727e-11
2.31045e-09
-9.09243e-11
2.27561e-09
-8.40308e-11
2.24259e-09
-8.14734e-11
2.21233e-09
-7.14282e-11
2.18502e-09
-6.69866e-11
2.16226e-09
-5.36531e-11
2.1441e-09
-4.6653e-11
2.13197e-09
-3.04842e-11
2.12657e-09
-2.01834e-11
2.1281e-09
-1.86499e-12
2.13861e-09
1.17819e-11
2.15755e-09
3.30336e-11
2.18524e-09
4.64229e-11
2.22327e-09
7.17027e-11
2.26967e-09
8.48299e-11
2.32775e-09
1.13582e-10
2.39434e-09
1.28984e-10
2.47291e-09
1.61111e-10
2.56056e-09
1.84138e-10
2.65978e-09
2.26475e-10
2.76617e-09
2.69329e-10
2.87373e-09
2.89803e-10
2.96534e-09
1.74781e-10
3.03943e-09
1.2081e-10
3.06526e-09
1.36756e-11
3.05314e-09
-7.44053e-11
3.00396e-09
-1.50593e-10
2.92044e-09
-2.14861e-10
2.80394e-09
-2.76603e-10
2.66842e-09
-2.74219e-10
2.52508e-09
-2.51346e-10
2.3923e-09
-2.14804e-10
2.27683e-09
-1.7848e-10
2.17926e-09
-1.47259e-10
2.0995e-09
-1.18268e-10
2.03712e-09
-9.03053e-11
1.9913e-09
-6.32037e-11
1.96088e-09
-3.74165e-11
1.94434e-09
-1.37136e-11
1.94008e-09
6.82391e-12
1.9459e-09
2.41209e-11
1.95969e-09
3.77192e-11
1.97942e-09
4.7529e-11
2.00319e-09
5.37719e-11
2.02936e-09
5.68511e-11
2.05647e-09
5.72589e-11
2.08337e-09
5.55454e-11
2.10918e-09
5.22876e-11
2.13331e-09
4.79739e-11
2.15532e-09
4.30045e-11
2.17496e-09
3.7714e-11
2.19214e-09
3.23637e-11
2.20687e-09
2.71412e-11
2.21923e-09
2.21695e-11
2.22939e-09
1.75139e-11
2.23754e-09
1.31749e-11
2.24388e-09
9.10645e-12
2.24863e-09
5.21885e-12
2.252e-09
1.34297e-12
2.2543e-09
-2.85145e-12
2.25579e-09
-7.60728e-12
2.2569e-09
-1.35682e-11
2.2584e-09
-2.17295e-11
-3.18374e-11
2.602e-09
-2.57873e-10
2.70451e-09
-4.56562e-10
2.72966e-09
-4.29683e-10
2.69423e-09
-3.44848e-10
2.62817e-09
-2.58384e-10
2.54908e-09
-1.87675e-10
2.47064e-09
-1.37644e-10
2.39944e-09
-1.04432e-10
2.33683e-09
-8.20601e-11
2.28253e-09
-6.62164e-11
2.23584e-09
-5.43106e-11
2.19601e-09
-4.48503e-11
2.16238e-09
-3.69772e-11
2.13439e-09
-3.01927e-11
2.11155e-09
-2.41891e-11
2.09344e-09
-1.87621e-11
2.07971e-09
-1.37684e-11
2.07004e-09
-9.10842e-12
2.0642e-09
-4.7817e-12
2.06213e-09
-8.37803e-13
2.06343e-09
3.21102e-12
2.06807e-09
7.06665e-12
2.076e-09
1.08348e-11
2.08718e-09
1.46727e-11
2.10164e-09
1.86694e-11
2.11954e-09
2.28818e-11
2.14111e-09
2.74415e-11
2.1667e-09
3.25262e-11
2.19677e-09
3.83423e-11
2.2319e-09
4.51257e-11
2.27286e-09
5.32098e-11
2.32059e-09
6.30355e-11
2.37622e-09
7.52641e-11
2.44244e-09
9.26981e-11
2.51051e-09
1.02728e-10
2.5673e-09
1.09426e-10
2.60444e-09
8.25528e-11
2.61472e-09
1.77897e-11
2.59562e-09
-4.92541e-11
2.54856e-09
-9.66631e-11
2.47456e-09
-1.39407e-10
2.38285e-09
-1.68783e-10
2.27909e-09
-1.93639e-10
2.1766e-09
-1.66139e-10
2.08528e-09
-1.26074e-10
2.0068e-09
-9.87779e-11
1.93926e-09
-8.40736e-11
1.88236e-09
-6.99173e-11
1.83289e-09
-6.30741e-11
1.79078e-09
-5.37671e-11
1.75475e-09
-4.80509e-11
1.72448e-09
-4.04839e-11
1.70006e-09
-3.44677e-11
1.68095e-09
-2.73268e-11
1.66774e-09
-2.09082e-11
1.66025e-09
-1.32199e-11
1.65853e-09
-6.86221e-12
1.66344e-09
2.09535e-12
1.67351e-09
7.71893e-12
1.69128e-09
1.80373e-11
1.71396e-09
2.32413e-11
1.74313e-09
3.25759e-11
1.77728e-09
3.75985e-11
1.81639e-09
4.56077e-11
1.85978e-09
4.9733e-11
1.90661e-09
5.62121e-11
1.95638e-09
5.88902e-11
2.00819e-09
6.38273e-11
2.0612e-09
6.48128e-11
2.11502e-09
6.8137e-11
2.16812e-09
6.7459e-11
2.22093e-09
6.90614e-11
2.27163e-09
6.74279e-11
2.32016e-09
6.6332e-11
2.36593e-09
6.45379e-11
2.4079e-09
6.10462e-11
2.44599e-09
5.83779e-11
2.47952e-09
5.36038e-11
2.50832e-09
5.00262e-11
2.53184e-09
4.43592e-11
2.55028e-09
3.98092e-11
2.56344e-09
3.43031e-11
2.57147e-09
2.89766e-11
2.57471e-09
2.3931e-11
2.57348e-09
1.88128e-11
2.56873e-09
1.40772e-11
2.56097e-09
1.05281e-11
2.55064e-09
5.85486e-12
2.53915e-09
4.98908e-12
2.52696e-09
1.73177e-12
2.51521e-09
2.8627e-12
2.50438e-09
1.24437e-12
2.49612e-09
4.82012e-12
2.48983e-09
4.55444e-12
2.48694e-09
1.03006e-11
2.48618e-09
1.12146e-11
2.48923e-09
1.72184e-11
2.49422e-09
1.84195e-11
2.5025e-09
2.41263e-11
2.51149e-09
2.39481e-11
2.52259e-09
2.83364e-11
2.53343e-09
2.63888e-11
2.54466e-09
2.84258e-11
2.55513e-09
2.47234e-11
2.56447e-09
2.40629e-11
2.57277e-09
1.85332e-11
2.57942e-09
1.64137e-11
2.58443e-09
9.36592e-12
2.58803e-09
7.00326e-12
2.58899e-09
2.14824e-14
2.58816e-09
-2.56033e-12
2.5859e-09
-1.02292e-11
2.58187e-09
-1.3373e-11
2.57625e-09
-1.94993e-11
2.56844e-09
-2.32863e-11
2.55899e-09
-2.81436e-11
2.54768e-09
-3.173e-11
2.53431e-09
-3.58867e-11
2.51915e-09
-3.94014e-11
2.50206e-09
-4.23168e-11
2.48283e-09
-4.60776e-11
2.46181e-09
-4.81053e-11
2.4388e-09
-5.11385e-11
2.41382e-09
-5.31984e-11
2.38702e-09
-5.51132e-11
2.35839e-09
-5.69742e-11
2.32808e-09
-5.81814e-11
2.29619e-09
-5.94282e-11
2.26276e-09
-6.04282e-11
2.22801e-09
-6.06692e-11
2.1922e-09
-6.14942e-11
2.15569e-09
-6.01031e-11
2.11801e-09
-6.17194e-11
2.08087e-09
-5.79203e-11
2.04312e-09
-5.94624e-11
2.0062e-09
-5.49656e-11
1.97017e-09
-5.491e-11
1.93576e-09
-4.96421e-11
1.90299e-09
-4.87246e-11
1.87338e-09
-4.18369e-11
1.84636e-09
-3.99935e-11
1.82406e-09
-3.13812e-11
1.80572e-09
-2.83334e-11
1.79339e-09
-1.81776e-11
1.78676e-09
-1.35727e-11
1.78691e-09
-2.02989e-12
1.79465e-09
4.01559e-12
1.81052e-09
1.7147e-11
1.8338e-09
2.31231e-11
1.86698e-09
3.85045e-11
1.90741e-09
4.43856e-11
1.9592e-09
6.17729e-11
2.01884e-09
6.93301e-11
2.09083e-09
8.9107e-11
2.17258e-09
1.02382e-10
2.26844e-09
1.30615e-10
2.3755e-09
1.62269e-10
2.48511e-09
1.80199e-10
2.56801e-09
9.18906e-11
2.6288e-09
6.00214e-11
2.64162e-09
8.6052e-13
2.61601e-09
-4.87906e-11
2.55516e-09
-8.97527e-11
2.46354e-09
-1.23253e-10
2.34399e-09
-1.57074e-10
2.21459e-09
-1.44842e-10
2.08691e-09
-1.23683e-10
1.97383e-09
-1.01731e-10
1.87827e-09
-8.29228e-11
1.79898e-09
-6.79598e-11
1.73502e-09
-5.42975e-11
1.6858e-09
-4.10804e-11
1.65069e-09
-2.80741e-11
1.62871e-09
-1.54354e-11
1.61843e-09
-3.42299e-12
1.61897e-09
6.28395e-12
1.62807e-09
1.50179e-11
1.64393e-09
2.1859e-11
1.66475e-09
2.67029e-11
1.68882e-09
2.9696e-11
1.71462e-09
3.10536e-11
1.74083e-09
3.10372e-11
1.76644e-09
2.99396e-11
1.79067e-09
2.8059e-11
1.81299e-09
2.56514e-11
1.83307e-09
2.29274e-11
1.85072e-09
2.00583e-11
1.86592e-09
1.7174e-11
1.8787e-09
1.43623e-11
1.88918e-09
1.16828e-11
1.89753e-09
9.17342e-12
1.90391e-09
6.79166e-12
1.90852e-09
4.49632e-12
1.9115e-09
2.24372e-12
1.91288e-09
-3.57334e-14
1.91307e-09
-3.04482e-12
1.91207e-09
-6.60529e-12
1.91016e-09
-1.16623e-11
1.90798e-09
-1.95478e-11
-3.00191e-11
2.63293e-09
-3.90746e-10
2.5983e-09
-4.21801e-10
2.46593e-09
-2.97213e-10
2.31103e-09
-1.89845e-10
2.16912e-09
-1.16476e-10
2.05391e-09
-7.24852e-11
1.96384e-09
-4.75959e-11
1.89272e-09
-3.3319e-11
1.83543e-09
-2.47703e-11
1.78852e-09
-1.93105e-11
1.74971e-09
-1.55039e-11
1.71748e-09
-1.26224e-11
1.6908e-09
-1.02962e-11
1.66893e-09
-8.3274e-12
1.65134e-09
-6.59961e-12
1.63762e-09
-5.0372e-12
1.62743e-09
-3.5786e-12
1.62039e-09
-2.07559e-12
1.61646e-09
-8.44768e-13
1.61527e-09
3.43232e-13
1.61692e-09
1.56606e-12
1.62116e-09
2.81765e-12
1.62807e-09
3.9234e-12
1.6376e-09
5.15034e-12
1.64979e-09
6.47695e-12
1.66478e-09
7.8879e-12
1.68279e-09
9.42614e-12
1.70415e-09
1.11658e-11
1.7293e-09
1.31879e-11
1.75885e-09
1.55809e-11
1.79357e-09
1.84872e-11
1.83451e-09
2.2093e-11
1.88306e-09
2.67031e-11
1.94233e-09
3.34258e-11
2.00664e-09
3.84202e-11
2.06884e-09
4.72312e-11
2.11432e-09
3.7078e-11
2.12644e-09
5.68098e-12
2.10387e-09
-2.66715e-11
2.0515e-09
-4.42845e-11
1.97211e-09
-6.00065e-11
1.87425e-09
-7.09104e-11
1.76272e-09
-8.21138e-11
1.66115e-09
-6.45849e-11
1.57939e-09
-4.433e-11
1.5138e-09
-3.32026e-11
1.45846e-09
-2.87477e-11
1.41234e-09
-2.38158e-11
1.37147e-09
-2.22165e-11
1.33654e-09
-1.88465e-11
1.30585e-09
-1.73707e-11
1.27989e-09
-1.45314e-11
1.2582e-09
-1.27846e-11
1.24095e-09
-1.00848e-11
1.22814e-09
-8.11553e-12
1.22014e-09
-5.22603e-12
1.2166e-09
-3.33029e-12
1.21859e-09
9.38978e-14
1.22449e-09
1.8167e-12
1.23694e-09
5.57468e-12
1.25305e-09
7.11625e-12
1.27489e-09
1.07266e-11
1.30039e-09
1.2083e-11
1.33055e-09
1.54232e-11
1.36382e-09
1.64486e-11
1.40067e-09
1.93429e-11
1.43961e-09
1.99235e-11
1.48108e-09
2.23309e-11
1.5234e-09
2.24689e-11
1.56724e-09
2.42731e-11
1.61062e-09
2.40594e-11
1.65451e-09
2.51516e-11
1.69706e-09
2.48501e-11
1.73846e-09
2.49083e-11
1.77823e-09
2.47485e-11
1.81536e-09
2.38916e-11
1.85011e-09
2.36044e-11
1.88146e-09
2.223e-11
1.90977e-09
2.16884e-11
1.93403e-09
2.00744e-11
1.95472e-09
1.90904e-11
1.97141e-09
1.75796e-11
1.98415e-09
1.62239e-11
1.99303e-09
1.50447e-11
1.99829e-09
1.35433e-11
2.00029e-09
1.2088e-11
1.99963e-09
1.12001e-11
1.99613e-09
9.36243e-12
1.99163e-09
9.50561e-12
1.98575e-09
7.62565e-12
1.98007e-09
8.56904e-12
1.97428e-09
7.04574e-12
1.97032e-09
8.80672e-12
1.96695e-09
7.94387e-12
1.96759e-09
9.67936e-12
1.9696e-09
9.22186e-12
1.97562e-09
1.12162e-11
1.98333e-09
1.0727e-11
1.99471e-09
1.27616e-11
2.007e-09
1.1669e-11
2.02201e-09
1.33409e-11
2.03699e-09
1.14291e-11
2.05288e-09
1.2542e-11
2.06779e-09
9.82745e-12
2.08198e-09
9.8813e-12
2.09463e-09
5.90388e-12
2.10573e-09
5.32046e-12
2.11449e-09
6.20809e-13
2.12133e-09
1.79415e-13
2.12554e-09
-4.17236e-12
2.12787e-09
-4.88303e-12
2.12674e-09
-9.0823e-12
2.12347e-09
-1.00822e-11
2.11703e-09
-1.30414e-11
2.10805e-09
-1.42941e-11
2.09639e-09
-1.64726e-11
2.08244e-09
-1.77647e-11
2.06591e-09
-1.93508e-11
2.04716e-09
-2.06381e-11
2.02636e-09
-2.15184e-11
2.00314e-09
-2.28586e-11
1.97832e-09
-2.32819e-11
1.95144e-09
-2.42752e-11
1.92291e-09
-2.46812e-11
1.89288e-09
-2.50897e-11
1.86137e-09
-2.54813e-11
1.82871e-09
-2.55408e-11
1.79495e-09
-2.56828e-11
1.76022e-09
-2.57082e-11
1.72488e-09
-2.53499e-11
1.68886e-09
-2.54825e-11
1.6531e-09
-2.4357e-11
1.61634e-09
-2.49654e-11
1.58121e-09
-2.28041e-11
1.54532e-09
-2.35936e-11
1.51143e-09
-2.1088e-11
1.47793e-09
-2.14287e-11
1.44698e-09
-1.8717e-11
1.41699e-09
-1.87644e-11
1.39072e-09
-1.55905e-11
1.36607e-09
-1.53627e-11
1.34634e-09
-1.16755e-11
1.32916e-09
-1.11611e-11
1.3179e-09
-6.93577e-12
1.31039e-09
-6.0716e-12
1.30952e-09
-1.17568e-12
1.31371e-09
-1.84584e-13
1.32538e-09
5.4611e-12
1.34207e-09
6.42219e-12
1.36772e-09
1.28328e-11
1.39837e-09
1.37152e-11
1.4394e-09
2.07267e-11
1.48632e-09
2.23965e-11
1.54501e-09
3.04009e-11
1.61261e-09
3.47715e-11
1.69616e-09
4.706e-11
1.79589e-09
6.25476e-11
1.90194e-09
7.41568e-11
1.96682e-09
2.70193e-11
2.00928e-09
1.75712e-11
2.01177e-09
-1.61343e-12
1.98131e-09
-1.83187e-11
1.92296e-09
-3.13966e-11
1.84155e-09
-4.1838e-11
1.73894e-09
-5.44747e-11
1.63828e-09
-4.41952e-11
1.54777e-09
-3.31831e-11
1.47186e-09
-2.58237e-11
1.40955e-09
-2.06262e-11
1.35847e-09
-1.68741e-11
1.3176e-09
-1.34211e-11
1.28657e-09
-1.00451e-11
1.26527e-09
-6.76314e-12
1.25295e-09
-3.10509e-12
1.24936e-09
1.66077e-13
1.25274e-09
2.90951e-12
1.26225e-09
5.50815e-12
1.27647e-09
7.63672e-12
1.29417e-09
9.01098e-12
1.31403e-09
9.8281e-12
1.33492e-09
1.016e-11
1.35588e-09
1.00858e-11
1.37612e-09
9.69401e-12
1.39511e-09
9.07422e-12
1.41245e-09
8.3027e-12
1.42794e-09
7.44185e-12
1.44146e-09
6.54126e-12
1.453e-09
5.6341e-12
1.46264e-09
4.72363e-12
1.47048e-09
3.84481e-12
1.47657e-09
3.08775e-12
1.48104e-09
2.31787e-12
1.484e-09
1.53595e-12
1.48554e-09
7.00784e-13
1.48579e-09
-2.76475e-13
1.48435e-09
-1.61359e-12
1.48123e-09
-3.48116e-12
1.47593e-09
-6.35974e-12
1.46786e-09
-1.14809e-11
-1.99584e-11
2.1089e-09
1.68724e-09
1.38992e-09
1.20001e-09
1.08352e-09
1.01102e-09
9.63411e-10
9.30083e-10
9.05309e-10
8.85997e-10
8.70492e-10
8.5787e-10
8.47573e-10
8.39246e-10
8.32646e-10
8.27609e-10
8.2403e-10
8.21955e-10
8.21111e-10
8.21455e-10
8.23022e-10
8.2584e-10
8.29765e-10
8.34917e-10
8.41396e-10
8.49286e-10
8.58715e-10
8.69884e-10
8.83075e-10
8.9866e-10
9.17152e-10
9.3925e-10
9.65959e-10
9.99393e-10
1.03782e-09
1.08507e-09
1.12217e-09
1.12786e-09
1.10121e-09
1.05694e-09
9.96956e-10
9.2606e-10
8.4395e-10
7.79354e-10
7.35e-10
7.01766e-10
6.72985e-10
6.49137e-10
6.26892e-10
6.08019e-10
5.90625e-10
5.76074e-10
5.63272e-10
5.53172e-10
5.45044e-10
5.39807e-10
5.36466e-10
5.36549e-10
5.38354e-10
5.43916e-10
5.51017e-10
5.61725e-10
5.73788e-10
5.89187e-10
6.05609e-10
6.24921e-10
6.44812e-10
6.67107e-10
6.89538e-10
7.13771e-10
7.37788e-10
7.62895e-10
7.87696e-10
8.12551e-10
8.3724e-10
8.61067e-10
8.846e-10
9.06755e-10
9.28364e-10
9.4836e-10
9.67374e-10
9.84881e-10
1.00104e-09
1.01602e-09
1.02951e-09
1.04154e-09
1.05269e-09
1.06201e-09
1.07148e-09
1.07907e-09
1.08761e-09
1.09463e-09
1.10342e-09
1.11135e-09
1.12102e-09
1.13024e-09
1.14146e-09
1.15219e-09
1.16496e-09
1.17664e-09
1.18999e-09
1.20143e-09
1.21398e-09
1.22382e-09
1.2337e-09
1.23961e-09
1.24493e-09
1.24555e-09
1.24573e-09
1.24155e-09
1.23666e-09
1.22756e-09
1.21746e-09
1.2044e-09
1.19008e-09
1.17359e-09
1.1558e-09
1.13642e-09
1.11575e-09
1.09421e-09
1.07132e-09
1.04801e-09
1.02371e-09
9.99005e-10
9.73894e-10
9.48394e-10
9.22839e-10
8.97147e-10
8.71436e-10
8.46091e-10
8.2062e-10
7.96281e-10
7.71338e-10
7.48557e-10
7.24987e-10
7.03918e-10
6.82505e-10
6.63798e-10
6.45038e-10
6.2945e-10
6.14087e-10
6.02413e-10
5.91254e-10
5.84322e-10
5.78256e-10
5.77084e-10
5.76902e-10
5.8236e-10
5.88774e-10
6.01594e-10
6.15293e-10
6.36002e-10
6.5838e-10
6.88764e-10
7.2352e-10
7.70569e-10
8.33111e-10
9.07268e-10
9.34298e-10
9.51892e-10
9.50312e-10
9.32034e-10
9.00679e-10
8.58877e-10
8.04427e-10
7.60244e-10
7.27058e-10
7.01227e-10
6.80594e-10
6.63715e-10
6.50294e-10
6.40253e-10
6.33497e-10
6.30401e-10
6.30577e-10
6.33497e-10
6.39013e-10
6.46656e-10
6.55672e-10
6.65503e-10
6.75665e-10
6.85752e-10
6.95446e-10
7.04521e-10
7.12823e-10
7.20265e-10
7.26806e-10
7.3244e-10
7.37164e-10
7.4101e-10
7.44098e-10
7.46416e-10
7.47953e-10
7.48655e-10
7.48379e-10
7.46765e-10
7.43284e-10
7.36924e-10
7.25442e-10
)
;

boundaryField
{
    inlet
    {
        type            calculated;
        value           nonuniform List<scalar> 
20
(
-2.5e-09
-2.5e-09
-2.5e-09
-2.5e-09
-2.5e-09
-2.5e-09
-2.5e-09
-2.5e-09
-2.5e-09
-2.5e-09
-2.5e-09
-2.5e-09
-2.5e-09
-2.5e-09
-2.5e-09
-2.5e-09
-2.5e-09
-2.5e-09
-2.5e-09
-2.5e-09
)
;
    }
    outlet
    {
        type            calculated;
        value           nonuniform List<scalar> 
20
(
7.71867e-10
1.50829e-09
1.92509e-09
2.26025e-09
2.57592e-09
2.86093e-09
3.09353e-09
3.26321e-09
3.3709e-09
3.42269e-09
3.42328e-09
3.37225e-09
3.26653e-09
3.09977e-09
2.86968e-09
2.58408e-09
2.26073e-09
1.90616e-09
1.4578e-09
7.05483e-10
)
;
    }
    walls
    {
        type            calculated;
        value           uniform 0;
    }
    frontAndBack
    {
        type            empty;
    }
}


// ************************************************************************* //
