/*--------------------------------*- C++ -*----------------------------------*\
| =========                 |                                                 |
| \\      /  F ield         | OpenFOAM: The Open Source CFD Toolbox           |
|  \\    /   O peration     | Version:  2506                                  |
|   \\  /    A nd           | Website:  www.openfoam.com                      |
|    \\/     M anipulation  |                                                 |
\*---------------------------------------------------------------------------*/
FoamFile
{
    version     2.0;
    format      ascii;
    arch        "LSB;label=32;scalar=64";
    class       volScalarField;
    location    "0.000863879";
    object      s;
}
// * * * * * * * * * * * * * * * * * * * * * * * * * * * * * * * * * * * * * //

dimensions      [0 0 0 0 0 0 0];

internalField   nonuniform List<scalar> 
4000
(
0.0323855
1.35264e-06
-4.3165e-07
-4.7412e-09
-1.91578e-11
-7.63586e-14
-2.88279e-16
5.71057e-19
3.34644e-19
-6.28933e-21
-5.65654e-22
1.8426e-23
9.81464e-25
-3.1797e-26
-1.48544e-27
3.00829e-29
1.56631e-30
-2.13725e-32
-1.21257e-33
1.12042e-35
6.89174e-37
-1.06284e-38
-4.32164e-40
8.54723e-42
2.73608e-43
-6.03606e-45
-1.79942e-46
3.20614e-48
1.05151e-49
-1.28587e-51
-5.18657e-53
3.35821e-55
1.99599e-56
-3.72669e-59
-5.57581e-60
-9.11697e-63
1.14833e-63
5.57975e-66
-1.99582e-67
-1.84098e-69
2.95198e-71
4.98849e-73
-2.98801e-75
-1.13128e-76
-1.44933e-79
1.95146e-80
1.56064e-82
-2.23127e-84
-4.17851e-86
5.33684e-89
7.42843e-90
6.2706e-92
-5.46638e-94
-1.7645e-95
-1.87365e-97
-1.01398e-99
-8.46175e-102
-3.43749e-103
-9.8995e-105
-2.01703e-106
-3.39851e-108
-5.37316e-110
-8.52479e-112
-1.38143e-113
-2.24001e-115
-3.50912e-117
-5.27653e-119
-7.50986e-121
-1.02376e-122
-1.33404e-124
-1.67394e-126
-2.02902e-128
-2.36587e-130
-2.66109e-132
-2.87393e-134
-2.96999e-136
-2.93394e-138
-2.76378e-140
-2.47587e-142
-2.10873e-144
-1.70603e-146
-1.30977e-148
-9.54119e-151
-6.59197e-153
-4.31669e-155
-2.68139e-157
-1.57916e-159
-8.8046e-162
-4.6573e-164
-2.33607e-166
-1.10882e-168
-4.99829e-171
-2.13772e-173
-8.66674e-176
-3.34838e-178
-1.22796e-180
-4.31038e-183
-1.44402e-185
-4.65933e-188
-1.44607e-190
-4.36679e-193
-1.28475e-195
-3.72025e-198
-1.06651e-200
-3.04859e-203
-8.76866e-206
-2.55177e-208
-7.57278e-211
-2.30283e-213
-7.21268e-216
-2.33596e-218
-7.8462e-221
-2.74115e-223
-9.96744e-226
-3.78303e-228
-1.49802e-230
-6.1936e-233
-2.67517e-235
-1.20604e-237
-5.67524e-240
-2.78725e-242
-1.42718e-244
-7.61372e-247
-4.23078e-249
-2.44593e-251
-1.47016e-253
-9.17912e-256
-5.94658e-258
-3.99439e-260
-2.78032e-262
-2.00106e-264
-1.4887e-266
-1.1442e-268
-9.06113e-271
-7.39036e-273
-6.20632e-275
-5.34532e-277
-4.72485e-279
-4.27319e-281
-3.94938e-283
-3.7221e-285
-3.56901e-287
-3.4728e-289
-3.42094e-291
-3.40015e-293
-3.39905e-295
-3.40922e-297
-3.41066e-299
-3.39779e-301
-3.34832e-303
-3.24203e-305
-3.08683e-307
-2.85995e-309
-2.58041e-311
-2.24208e-313
-1.87509e-315
-1.56749e-317
0
0
0
0
0
0
0
0
0
0
0
0
0
0
0
0
0
0
0
0
0
0
0
0
0
0
0
0
0
0
0
0
0
0
0
0
0
0
0
0
0
0
0
0.0324824
1.40483e-06
-4.49809e-07
-5.03983e-09
-2.14521e-11
-9.14246e-14
-3.79399e-16
1.31347e-19
3.83024e-19
-6.62577e-21
-6.77491e-22
1.99269e-23
1.14581e-24
-3.60426e-26
-1.77512e-27
3.39231e-29
1.89204e-30
-2.37565e-32
-1.48221e-33
1.13659e-35
8.36898e-37
-1.14754e-38
-5.2846e-40
9.43168e-42
3.33866e-43
-6.88061e-45
-2.21698e-46
3.69354e-48
1.30756e-49
-1.48783e-51
-6.5538e-53
3.75873e-55
2.58308e-56
-2.96909e-59
-7.73208e-60
-2.06588e-62
1.78464e-63
1.14806e-65
-3.32185e-67
-3.80888e-69
4.83191e-71
9.98626e-73
-3.80987e-75
-2.09966e-76
-5.93615e-79
3.28665e-80
3.14774e-82
-3.22021e-84
-7.20694e-86
-1.32084e-89
1.15093e-89
1.10748e-91
-6.6162e-94
-2.67479e-95
-3.13642e-97
-2.14456e-99
-2.0561e-101
-5.88523e-103
-1.52945e-104
-3.02257e-106
-5.04336e-108
-7.86046e-110
-1.21492e-111
-1.89323e-113
-2.9293e-115
-4.37089e-117
-6.23983e-119
-8.41847e-121
-1.08255e-122
-1.3251e-124
-1.55333e-126
-1.75e-128
-1.88866e-130
-1.95861e-132
-1.94514e-134
-1.84528e-136
-1.67181e-138
-1.44433e-140
-1.18782e-142
-9.30301e-145
-6.93907e-147
-4.92856e-149
-3.33569e-151
-2.15215e-153
-1.32389e-155
-7.77638e-158
-4.36328e-160
-2.33696e-162
-1.19789e-164
-5.87807e-167
-2.75794e-169
-1.24154e-171
-5.36248e-174
-2.22103e-176
-8.86339e-179
-3.39854e-181
-1.26037e-183
-4.51288e-186
-1.57078e-188
-5.31266e-191
-1.75983e-193
-5.71993e-196
-1.8367e-198
-5.85303e-201
-1.86437e-203
-5.95226e-206
-1.92022e-208
-6.26805e-211
-2.0838e-213
-7.06952e-216
-2.45639e-218
-8.75496e-221
-3.21176e-223
-1.21024e-225
-4.71908e-228
-1.89224e-230
-7.84438e-233
-3.36339e-235
-1.48749e-237
-6.81072e-240
-3.23031e-242
-1.58291e-244
-8.0353e-247
-4.23689e-249
-2.31386e-251
-1.31299e-253
-7.74812e-256
-4.75683e-258
-3.05525e-260
-2.05474e-262
-1.42828e-264
-1.05108e-266
-8.16944e-269
-6.45121e-271
-5.44859e-273
-4.83446e-275
-4.19477e-277
-3.9856e-279
-3.69091e-281
-3.53284e-283
-3.37394e-285
-3.17681e-287
-2.94923e-289
-2.72357e-291
-2.23363e-293
-2.05696e-295
-1.21082e-297
-8.47745e-300
-7.56804e-302
-7.38621e-304
-7.1491e-306
-6.81254e-308
-6.34463e-310
-5.76024e-312
-5.05572e-314
-4.25627e-316
0
0
0
0
0
0
0
0
0
0
0
0
0
0
0
0
0
0
0
0
0
0
0
0
0
0
0
0
0
0
0
0
0
0
0
0
0
0
0
0
0
0
0
0
0.0325719
1.41385e-06
-4.52814e-07
-5.09059e-09
-2.17435e-11
-9.29957e-14
-3.87265e-16
1.33427e-19
3.93518e-19
-6.79456e-21
-6.99193e-22
2.05254e-23
1.18803e-24
-3.72678e-26
-1.84855e-27
3.51437e-29
1.97871e-30
-2.46245e-32
-1.55708e-33
1.17236e-35
8.83276e-37
-1.19522e-38
-5.60903e-40
9.8894e-42
3.56447e-43
-7.27048e-45
-2.38405e-46
3.92654e-48
1.41871e-49
-1.59032e-51
-7.20207e-53
4.00158e-55
2.89631e-56
-2.63229e-59
-9.01336e-60
-2.79844e-62
2.17237e-63
1.5494e-65
-4.2689e-67
-5.51039e-69
6.47967e-71
1.55806e-72
-4.17836e-75
-3.44741e-76
-1.46796e-78
5.48138e-80
6.5111e-82
-4.76386e-84
-1.4283e-85
-2.78196e-88
2.18364e-89
2.59785e-91
-7.57968e-94
-5.34702e-95
-7.15079e-97
-5.65505e-99
-5.4212e-101
-1.30605e-102
-3.28238e-104
-6.51238e-106
-1.09878e-107
-1.72864e-109
-2.69996e-111
-4.26974e-113
-6.75669e-115
-1.04453e-116
-1.56077e-118
-2.23363e-120
-3.07454e-122
-4.06985e-124
-5.19891e-126
-6.42346e-128
-7.65614e-130
-8.80965e-132
-9.75763e-134
-1.03735e-135
-1.05697e-137
-1.03024e-139
-9.58682e-142
-8.50984e-144
-7.20017e-146
-5.80243e-148
-4.45289e-150
-3.25334e-152
-2.26188e-154
-1.49719e-156
-9.43665e-159
-5.65889e-161
-3.23266e-163
-1.75987e-165
-9.12308e-168
-4.51249e-170
-2.13097e-172
-9.60757e-175
-4.14998e-177
-1.71629e-179
-6.82828e-182
-2.61533e-184
-9.69472e-187
-3.48631e-189
-1.22357e-191
-4.21009e-194
-1.42893e-196
-4.81108e-199
-1.61762e-201
-5.45953e-204
-1.86351e-206
-6.45549e-209
-2.28308e-211
-8.27209e-214
-3.08222e-216
-1.184e-218
-4.70383e-221
-1.93285e-223
-8.25136e-226
-3.65182e-228
-1.67951e-230
-8.03256e-233
-3.99085e-235
-2.06188e-237
-1.10789e-239
-6.18395e-242
-3.58566e-244
-2.16008e-246
-1.35032e-248
-8.75585e-251
-5.88509e-253
-4.09636e-255
-2.95135e-257
-2.19922e-259
-1.69087e-261
-1.34166e-263
-1.0976e-265
-9.2251e-268
-7.96823e-270
-7.06343e-272
-6.39198e-274
-5.91543e-276
-5.56925e-278
-5.32752e-280
-5.1614e-282
-5.04923e-284
-4.97367e-286
-4.92157e-288
-4.87237e-290
-4.82629e-292
-4.7553e-294
-4.67475e-296
-4.57775e-298
-4.43162e-300
-4.22187e-302
-3.96619e-304
-3.66215e-306
-3.31326e-308
-2.922e-310
-2.50325e-312
-2.07034e-314
-1.55729e-316
0
0
0
0
0
0
0
0
0
0
0
0
0
0
0
0
0
0
0
0
0
0
0
0
0
0
0
0
0
0
0
0
0
0
0
0
0
0
0
0
0
0
0.032662
1.42274e-06
-4.55563e-07
-5.13174e-09
-2.19305e-11
-9.38022e-14
-3.90285e-16
1.53704e-19
4.0028e-19
-6.91421e-21
-7.11871e-22
2.09568e-23
1.21548e-24
-3.81068e-26
-1.89661e-27
3.60325e-29
2.03765e-30
-2.53045e-32
-1.60979e-33
1.20901e-35
9.18153e-37
-1.24004e-38
-5.86786e-40
1.03223e-41
3.7585e-43
-7.63426e-45
-2.53557e-46
4.14916e-48
1.52517e-49
-1.69062e-51
-7.85704e-53
4.24208e-55
3.23196e-56
-2.15343e-59
-1.04424e-59
-3.7072e-62
2.65227e-63
2.10187e-65
-5.3968e-67
-7.62279e-69
8.10107e-71
2.1586e-72
-4.01785e-75
-4.69224e-76
-2.32026e-78
7.17638e-80
9.09278e-82
-5.76761e-84
-1.89083e-85
-4.40293e-88
2.76562e-89
3.34271e-91
-8.94549e-94
-6.61965e-95
-8.7595e-97
-6.79374e-99
-6.39176e-101
-1.52459e-102
-3.74506e-104
-7.22535e-106
-1.182e-107
-1.80288e-109
-2.73013e-111
-4.18792e-113
-6.42104e-115
-9.57902e-117
-1.37742e-118
-1.88924e-120
-2.48809e-122
-3.1449e-124
-3.8335e-126
-4.51946e-128
-5.13702e-130
-5.63977e-132
-5.96054e-134
-6.04789e-136
-5.88669e-138
-5.48721e-140
-4.88988e-142
-4.16553e-144
-3.39149e-146
-2.63815e-148
-1.96143e-150
-1.39408e-152
-9.47171e-155
-6.15832e-157
-3.83271e-159
-2.28164e-161
-1.3018e-163
-7.11972e-166
-3.7292e-168
-1.87537e-170
-9.05686e-173
-4.1985e-175
-1.87559e-177
-8.05939e-180
-3.34903e-182
-1.34489e-184
-5.24914e-187
-1.99278e-189
-7.40734e-192
-2.7037e-194
-9.75031e-197
-3.49121e-199
-1.24847e-201
-4.48002e-204
-1.62276e-206
-5.95581e-209
-2.22521e-211
-8.48959e-214
-3.31754e-216
-1.33053e-218
-5.49014e-221
-2.33052e-223
-1.02118e-225
-4.6113e-228
-2.14937e-230
-1.03466e-232
-5.1394e-235
-2.63609e-237
-1.39647e-239
-7.63448e-242
-4.30757e-244
-2.50917e-246
-1.50783e-248
-9.34761e-251
-5.97671e-253
-3.93958e-255
-2.67725e-257
-1.87552e-259
-1.35203e-261
-1.00381e-263
-7.67426e-266
-6.02108e-268
-4.85591e-270
-4.02085e-272
-3.3994e-274
-2.94556e-276
-2.59839e-278
-2.33371e-280
-2.12675e-282
-1.96022e-284
-1.82345e-286
-1.70811e-288
-1.60308e-290
-1.51318e-292
-1.41955e-294
-1.33368e-296
-1.25087e-298
-1.16925e-300
-1.08595e-302
-9.97663e-305
-9.02635e-307
-8.02632e-309
-6.97752e-311
-5.91835e-313
-4.85962e-315
-3.11324e-317
0
0
0
0
0
0
0
0
0
0
0
0
0
0
0
0
0
0
0
0
0
0
0
0
0
0
0
0
0
0
0
0
0
0
0
0
0
0
0
0
0
0
0.0327528
1.43354e-06
-4.5898e-07
-5.18376e-09
-2.22021e-11
-9.51714e-14
-3.96757e-16
1.58835e-19
4.09158e-19
-7.05626e-21
-7.29628e-22
2.14671e-23
1.25069e-24
-3.91434e-26
-1.95814e-27
3.70915e-29
2.11157e-30
-2.60834e-32
-1.67497e-33
1.24535e-35
9.60098e-37
-1.28792e-38
-6.17517e-40
1.07942e-41
3.98584e-43
-8.04364e-45
-2.71378e-46
4.40297e-48
1.65147e-49
-1.80594e-51
-8.6441e-53
4.50665e-55
3.63803e-56
-1.42759e-59
-1.21551e-59
-4.87266e-62
3.21287e-63
2.78363e-65
-6.76568e-67
-1.043e-68
1.01079e-70
3.01414e-72
-3.09455e-75
-6.57343e-76
-3.8425e-78
9.8526e-80
1.38897e-81
-6.99236e-84
-2.77612e-85
-8.72719e-88
3.89871e-89
5.11802e-91
-8.23865e-94
-9.34532e-95
-1.28871e-96
-1.0343e-98
-9.64877e-101
-2.16283e-102
-5.18274e-104
-9.8651e-106
-1.59441e-107
-2.40207e-109
-3.59951e-111
-5.47904e-113
-8.3623e-115
-1.24801e-116
-1.80172e-118
-2.49509e-120
-3.33121e-122
-4.2906e-124
-5.35201e-126
-6.48058e-128
-7.59721e-130
-8.62713e-132
-9.45913e-134
-9.98577e-136
-1.01344e-137
-9.86935e-140
-9.20601e-142
-8.21992e-144
-7.02198e-146
-5.73595e-148
-4.4806e-150
-3.34698e-152
-2.39043e-154
-1.63352e-156
-1.06844e-158
-6.68493e-161
-4.00725e-163
-2.30235e-165
-1.26723e-167
-6.69564e-170
-3.3984e-172
-1.65673e-174
-7.78501e-177
-3.5224e-179
-1.54189e-181
-6.52999e-184
-2.68941e-186
-1.07864e-188
-4.23784e-191
-1.63635e-193
-6.24524e-196
-2.36708e-198
-8.96293e-201
-3.40524e-203
-1.30589e-205
-5.07249e-208
-2.0051e-210
-8.09056e-213
-3.34256e-215
-1.41694e-217
-6.17875e-220
-2.77187e-222
-1.28388e-224
-6.13017e-227
-3.023e-229
-1.54075e-231
-8.10999e-234
-4.41262e-236
-2.4824e-238
-1.44269e-240
-8.66252e-243
-5.37493e-245
-3.44313e-247
-2.27654e-249
-1.55273e-251
-1.09165e-253
-7.90783e-256
-5.89794e-258
-4.51967e-260
-3.55878e-262
-2.87677e-264
-2.37915e-266
-2.01361e-268
-1.74133e-270
-1.53127e-272
-1.37103e-274
-1.24388e-276
-1.142e-278
-1.05792e-280
-9.86095e-283
-9.22745e-285
-8.65121e-287
-8.0999e-289
-7.57691e-291
-7.04362e-293
-6.52891e-295
-6.03753e-297
-5.53055e-299
-5.02038e-301
-4.51121e-303
-4.00269e-305
-3.50006e-307
-3.00423e-309
-2.52592e-311
-2.06986e-313
-1.6493e-315
-1.53503e-317
0
0
0
0
0
0
0
0
0
0
0
0
0
0
0
0
0
0
0
0
0
0
0
0
0
0
0
0
0
0
0
0
0
0
0
0
0
0
0
0
0
0.0328443
1.44497e-06
-4.62589e-07
-5.23817e-09
-2.24871e-11
-9.66109e-14
-4.03616e-16
1.62306e-19
4.18137e-19
-7.20186e-21
-7.47829e-22
2.19876e-23
1.28678e-24
-4.02095e-26
-2.02171e-27
3.81859e-29
2.18854e-30
-2.68943e-32
-1.74352e-33
1.28331e-35
1.00468e-36
-1.3387e-38
-6.50594e-40
1.12998e-41
4.23382e-43
-8.48749e-45
-2.91104e-46
4.68083e-48
1.79342e-49
-1.93263e-51
-9.54188e-53
4.78382e-55
4.10636e-56
-4.22555e-60
-1.41392e-59
-6.32166e-62
3.86558e-63
3.63501e-65
-8.33353e-67
-1.38972e-68
1.2245e-70
4.05965e-72
-1.15149e-75
-8.82214e-76
-5.84681e-78
1.28804e-79
1.97661e-81
-8.0342e-84
-3.80701e-85
-1.42463e-87
5.15142e-89
7.14675e-91
-6.90166e-94
-1.23297e-94
-1.74018e-96
-1.41762e-98
-1.31022e-100
-2.82708e-102
-6.63476e-104
-1.24311e-105
-1.97739e-107
-2.93009e-109
-4.31972e-111
-6.47666e-113
-9.74642e-115
-1.43528e-116
-2.04598e-118
-2.80035e-120
-3.69965e-122
-4.72245e-124
-5.84754e-126
-7.04081e-128
-8.22126e-130
-9.31453e-132
-1.02062e-133
-1.07849e-135
-1.09753e-137
-1.07364e-139
-1.00789e-141
-9.07497e-144
-7.83423e-146
-6.48114e-148
-5.13907e-150
-3.90592e-152
-2.84522e-154
-1.9879e-156
-1.3326e-158
-8.56627e-161
-5.28866e-163
-3.13679e-165
-1.78655e-167
-9.78978e-170
-5.16452e-172
-2.62245e-174
-1.28611e-176
-6.0853e-179
-2.7905e-181
-1.24016e-183
-5.36783e-186
-2.26571e-188
-9.37841e-191
-3.81876e-193
-1.53792e-195
-6.15344e-198
-2.45967e-200
-9.86353e-203
-3.99039e-205
-1.63403e-207
-6.80246e-210
-2.88733e-212
-1.25309e-214
-5.57169e-217
-2.54396e-219
-1.1929e-221
-5.76311e-224
-2.86452e-226
-1.46719e-228
-7.74859e-231
-4.21632e-233
-2.36553e-235
-1.36863e-237
-8.15919e-240
-5.01212e-242
-3.17293e-244
-2.06821e-246
-1.38775e-248
-9.5805e-251
-6.80023e-253
-4.96074e-255
-3.71694e-257
-2.85519e-259
-2.24837e-261
-1.81366e-263
-1.49393e-265
-1.25676e-267
-1.07803e-269
-9.38795e-272
-8.30687e-274
-7.43542e-276
-6.72254e-278
-6.12258e-280
-5.60154e-282
-5.13748e-284
-4.71455e-286
-4.31693e-288
-3.94655e-290
-3.58944e-292
-3.25485e-294
-2.93224e-296
-2.62789e-298
-2.33852e-300
-2.06373e-302
-1.8026e-304
-1.55608e-306
-1.32303e-308
-1.10605e-310
-9.05166e-313
-7.2325e-315
-6.13366e-317
0
0
0
0
0
0
0
0
0
0
0
0
0
0
0
0
0
0
0
0
0
0
0
0
0
0
0
0
0
0
0
0
0
0
0
0
0
0
0
0
0
0.0329363
1.45683e-06
-4.6634e-07
-5.29498e-09
-2.27885e-11
-9.81524e-14
-4.11064e-16
1.63644e-19
4.27568e-19
-7.35213e-21
-7.67048e-22
2.2528e-23
1.32473e-24
-4.1326e-26
-2.08888e-27
3.93329e-29
2.27022e-30
-2.77442e-32
-1.81666e-33
1.32256e-35
1.05251e-36
-1.39234e-38
-6.86402e-40
1.18403e-41
4.50492e-43
-8.96782e-45
-3.12921e-46
4.98376e-48
1.95227e-49
-2.07076e-51
-1.05581e-52
5.06878e-55
4.64136e-56
9.18074e-60
-1.64201e-59
-8.10193e-62
4.61955e-63
4.67801e-65
-1.01435e-66
-1.81727e-68
1.45561e-70
5.34837e-72
2.11418e-75
-1.15625e-75
-8.5072e-78
1.64338e-79
2.72562e-81
-8.8293e-84
-5.07739e-85
-2.17161e-87
6.63924e-89
9.68035e-91
-4.04903e-94
-1.58574e-94
-2.28433e-96
-1.88262e-98
-1.72452e-100
-3.60056e-102
-8.29402e-104
-1.53195e-105
-2.40154e-107
-3.5055e-109
-5.0936e-111
-7.53654e-113
-1.1204e-114
-1.63166e-116
-2.30206e-118
-3.12302e-120
-4.0956e-122
-5.19985e-124
-6.41732e-126
-7.717e-128
-9.01853e-130
-1.02461e-131
-1.12792e-133
-1.19963e-135
-1.23092e-137
-1.21618e-139
-1.15519e-141
-1.05421e-143
-9.24015e-146
-7.77481e-148
-6.28105e-150
-4.87235e-152
-3.62887e-154
-2.59687e-156
-1.78617e-158
-1.18028e-160
-7.50388e-163
-4.59142e-165
-2.70294e-167
-1.53363e-169
-8.39278e-172
-4.42918e-174
-2.26142e-176
-1.11602e-178
-5.34626e-181
-2.48626e-183
-1.12764e-185
-4.99438e-188
-2.17155e-190
-9.29665e-193
-3.93885e-195
-1.65865e-197
-6.97822e-200
-2.94482e-202
-1.2531e-204
-5.39368e-207
-2.35799e-209
-1.04993e-211
-4.77399e-214
-2.22096e-216
-1.05942e-218
-5.18244e-221
-2.60749e-223
-1.34767e-225
-7.16577e-228
-3.92199e-230
-2.20811e-232
-1.27963e-234
-7.63439e-237
-4.68539e-239
-2.95805e-241
-1.92122e-243
-1.28263e-245
-8.79926e-248
-6.19966e-250
-4.48276e-252
-3.32483e-254
-2.52771e-256
-1.96615e-258
-1.5643e-260
-1.27198e-262
-1.05372e-264
-8.89298e-267
-7.63311e-269
-6.63587e-271
-5.84597e-273
-5.19743e-275
-4.65604e-277
-4.19231e-279
-3.78408e-281
-3.41784e-283
-3.08387e-285
-2.77335e-287
-2.4876e-289
-2.21866e-291
-1.97129e-293
-1.74316e-295
-1.53267e-297
-1.3395e-299
-1.16274e-301
-1.00105e-303
-8.53859e-306
-7.19465e-308
-5.98047e-310
-4.88485e-312
-3.91211e-314
-3.06379e-316
0
0
0
0
0
0
0
0
0
0
0
0
0
0
0
0
0
0
0
0
0
0
0
0
0
0
0
0
0
0
0
0
0
0
0
0
0
0
0
0
0
0.0330289
1.46899e-06
-4.70195e-07
-5.35366e-09
-2.31029e-11
-9.97732e-14
-4.18963e-16
1.63617e-19
4.37403e-19
-7.50688e-21
-7.87165e-22
2.30875e-23
1.36442e-24
-4.24895e-26
-2.15941e-27
4.05294e-29
2.35632e-30
-2.86306e-32
-1.89416e-33
1.36301e-35
1.10348e-36
-1.44873e-38
-7.24868e-40
1.24143e-41
4.79879e-43
-9.48333e-45
-3.36816e-46
5.31077e-48
2.12811e-49
-2.2196e-51
-1.16948e-52
5.35556e-55
5.24535e-56
2.64796e-59
-1.90157e-59
-1.02584e-61
5.48227e-63
5.93976e-65
-1.22032e-66
-2.33596e-68
1.69923e-70
6.90787e-72
7.04532e-75
-1.48362e-75
-1.19309e-77
2.05103e-79
3.65366e-81
-9.24942e-84
-6.60118e-85
-3.13723e-87
8.36128e-89
1.27394e-90
4.69193e-95
-1.99271e-94
-2.9208e-96
-2.42767e-98
-2.20487e-100
-4.47616e-102
-1.01396e-103
-1.84784e-105
-2.8568e-107
-4.11052e-109
-5.8902e-111
-8.60422e-113
-1.26382e-114
-1.81993e-116
-2.54017e-118
-3.41301e-120
-4.43819e-122
-5.59703e-124
-6.87347e-126
-8.23981e-128
-9.61809e-130
-1.09333e-131
-1.20631e-133
-1.28816e-135
-1.32929e-137
-1.32304e-139
-1.26817e-141
-1.16989e-143
-1.03835e-145
-8.86278e-148
-7.27612e-150
-5.74606e-152
-4.36474e-154
-3.19133e-156
-2.24681e-158
-1.5225e-160
-9.94441e-163
-6.26239e-165
-3.80159e-167
-2.2282e-169
-1.26195e-171
-6.90504e-174
-3.6616e-176
-1.88017e-178
-9.3864e-181
-4.55649e-183
-2.16015e-185
-1.00141e-187
-4.56212e-190
-2.04825e-192
-9.1064e-195
-4.02539e-197
-1.77787e-199
-7.87473e-202
-3.51531e-204
-1.58626e-206
-7.26328e-209
-3.38361e-211
-1.60762e-213
-7.80438e-216
-3.87889e-218
-1.97413e-220
-1.03165e-222
-5.5294e-225
-3.04374e-227
-1.72168e-229
-1.00009e-231
-5.96914e-234
-3.66135e-236
-2.30615e-238
-1.49158e-240
-9.90643e-243
-6.75061e-245
-4.71819e-247
-3.38027e-249
-2.48051e-251
-1.8634e-253
-1.43188e-255
-1.12347e-257
-8.99678e-260
-7.34707e-262
-6.0994e-264
-5.14716e-266
-4.40726e-268
-3.8144e-270
-3.33766e-272
-2.9415e-274
-2.60685e-276
-2.31792e-278
-2.06276e-280
-1.83438e-282
-1.62769e-284
-1.43842e-286
-1.26691e-288
-1.10932e-290
-9.67618e-293
-8.4013e-295
-7.25861e-297
-6.24051e-299
-5.33655e-301
-4.53469e-303
-3.82607e-305
-3.19749e-307
-2.6439e-309
-2.15539e-311
-1.72843e-313
-1.3621e-315
-1.49893e-317
0
0
0
0
0
0
0
0
0
0
0
0
0
0
0
0
0
0
0
0
0
0
0
0
0
0
0
0
0
0
0
0
0
0
0
0
0
0
0
0
0.033122
1.4814e-06
-4.74134e-07
-5.41392e-09
-2.34283e-11
-1.01462e-13
-4.27248e-16
1.62584e-19
4.47627e-19
-7.66594e-21
-8.08137e-22
2.36659e-23
1.40582e-24
-4.36986e-26
-2.23324e-27
4.1774e-29
2.44679e-30
-2.9552e-32
-1.97595e-33
1.40459e-35
1.15753e-36
-1.50772e-38
-7.65946e-40
1.30203e-41
5.1151e-43
-1.00324e-44
-3.62767e-46
5.66061e-48
2.32084e-49
-2.37831e-51
-1.29528e-52
5.63804e-55
5.9201e-56
4.81994e-59
-2.19413e-59
-1.28355e-61
6.46036e-63
7.44689e-65
-1.45236e-66
-2.95685e-68
1.95075e-70
8.76853e-72
1.40064e-74
-1.86894e-75
-1.62334e-77
2.51146e-79
4.78096e-81
-9.16208e-84
-8.39669e-85
-4.34783e-87
1.03243e-88
1.63591e-90
6.86845e-94
-2.45488e-94
-3.6515e-96
-3.05324e-98
-2.75002e-100
-5.44988e-102
-1.216e-103
-2.18818e-105
-3.3385e-107
-4.73802e-109
-6.69938e-111
-9.66569e-113
-1.40304e-114
-1.99768e-116
-2.75755e-118
-3.66748e-120
-4.72508e-122
-5.91274e-124
-7.21645e-126
-8.61183e-128
-1.00247e-129
-1.13823e-131
-1.25643e-133
-1.34448e-135
-1.39251e-137
-1.3933e-139
-1.34484e-141
-1.25137e-143
-1.12221e-145
-9.6951e-148
-8.07039e-150
-6.47365e-152
-5.00391e-154
-3.72967e-156
-2.68163e-158
-1.85923e-160
-1.24476e-162
-8.04927e-165
-5.02721e-167
-3.03688e-169
-1.77591e-171
-1.00521e-173
-5.52337e-176
-2.94416e-178
-1.52817e-180
-7.72538e-183
-3.81926e-185
-1.84882e-187
-8.80403e-190
-4.13538e-192
-1.92465e-194
-8.90913e-197
-4.12064e-199
-1.91098e-201
-8.92716e-204
-4.21266e-206
-2.01526e-208
-9.79764e-211
-4.85191e-213
-2.45172e-215
-1.26643e-217
-6.68887e-220
-3.62133e-222
-2.00765e-224
-1.14117e-226
-6.65384e-229
-3.97738e-231
-2.4386e-233
-1.53377e-235
-9.88836e-238
-6.53458e-240
-4.42597e-242
-3.07009e-244
-2.18011e-246
-1.58385e-248
-1.1763e-250
-8.9255e-253
-6.91343e-255
-5.45691e-257
-4.38684e-259
-3.58874e-261
-2.97845e-263
-2.50748e-265
-2.13736e-267
-1.83814e-269
-1.59496e-271
-1.39153e-273
-1.21876e-275
-1.06945e-277
-9.38018e-280
-8.21328e-282
-7.16961e-284
-6.23011e-286
-5.3932e-288
-4.64163e-290
-3.97991e-292
-3.39796e-294
-2.889e-296
-2.44674e-298
-2.06389e-300
-1.7329e-302
-1.44762e-304
-1.2007e-306
-9.87965e-309
-8.03886e-311
-6.45335e-313
-5.07653e-315
-4.49131e-317
0
0
0
0
0
0
0
0
0
0
0
0
0
0
0
0
0
0
0
0
0
0
0
0
0
0
0
0
0
0
0
0
0
0
0
0
0
0
0
0
0.0332156
1.49402e-06
-4.78148e-07
-5.47561e-09
-2.37635e-11
-1.03211e-13
-4.35879e-16
1.60743e-19
4.58232e-19
-7.82919e-21
-8.29937e-22
2.42629e-23
1.44889e-24
-4.49522e-26
-2.31031e-27
4.30653e-29
2.54153e-30
-3.05069e-32
-2.06193e-33
1.44717e-35
1.21457e-36
-1.56913e-38
-8.09558e-40
1.36561e-41
5.45314e-43
-1.06129e-44
-3.90714e-46
6.03164e-48
2.53011e-49
-2.54587e-51
-1.4331e-52
5.91008e-55
6.6663e-56
7.48245e-59
-2.52078e-59
-1.58751e-61
7.55919e-63
9.22562e-65
-1.71123e-66
-3.69108e-68
2.20449e-70
1.0961e-71
2.33935e-74
-2.31677e-75
-2.15359e-77
3.02447e-79
6.12781e-81
-8.42681e-84
-1.04809e-84
-5.82895e-87
1.25334e-88
2.05703e-90
1.53364e-93
-2.97288e-94
-4.47737e-96
-3.75883e-98
-3.35798e-100
-6.5168e-102
-1.43423e-103
-2.55022e-105
-3.84196e-107
-5.38114e-109
-7.51178e-111
-1.07086e-112
-1.5365e-114
-2.16312e-116
-2.9524e-118
-3.88515e-120
-4.95614e-122
-6.14876e-124
-7.45061e-126
-8.8405e-128
-1.02487e-129
-1.16059e-131
-1.27964e-133
-1.36982e-135
-1.42142e-137
-1.42704e-139
-1.38433e-141
-1.29668e-143
-1.17254e-145
-1.02318e-147
-8.61773e-150
-7.00666e-152
-5.49944e-154
-4.16964e-156
-3.05511e-158
-2.16257e-160
-1.48088e-162
-9.81218e-165
-6.29136e-167
-3.9086e-169
-2.35495e-171
-1.3759e-173
-7.81695e-176
-4.31599e-178
-2.3241e-180
-1.22086e-182
-6.28027e-185
-3.16754e-187
-1.57318e-189
-7.71363e-192
-3.74965e-194
-1.81349e-196
-8.76386e-199
-4.24567e-201
-2.07078e-203
-1.01954e-205
-5.08371e-208
-2.57335e-210
-1.32512e-212
-6.95323e-215
-3.72398e-217
-2.03629e-219
-1.13938e-221
-6.51797e-224
-3.81636e-226
-2.28814e-228
-1.40402e-230
-8.82073e-233
-5.67446e-235
-3.73514e-237
-2.51552e-239
-1.73313e-241
-1.2206e-243
-8.78374e-246
-6.45442e-248
-4.8391e-250
-3.69934e-252
-2.88111e-254
-2.28217e-256
-1.8374e-258
-1.50235e-260
-1.24383e-262
-1.04259e-264
-8.8309e-267
-7.5345e-269
-6.4743e-271
-5.58575e-273
-4.83105e-275
-4.18139e-277
-3.61401e-279
-3.11601e-281
-2.67692e-283
-2.2887e-285
-1.94893e-287
-1.65034e-289
-1.39256e-291
-1.17056e-293
-9.80569e-296
-8.19052e-298
-6.82258e-300
-5.66582e-302
-4.69001e-304
-3.86319e-306
-3.16444e-308
-2.57029e-310
-2.06538e-312
-1.63164e-314
-1.19626e-316
0
0
0
0
0
0
0
0
0
0
0
0
0
0
0
0
0
0
0
0
0
0
0
0
0
0
0
0
0
0
0
0
0
0
0
0
0
0
0
0
0.0333098
1.50685e-06
-4.82231e-07
-5.53866e-09
-2.41081e-11
-1.05019e-13
-4.44841e-16
1.58212e-19
4.69216e-19
-7.99668e-21
-8.52545e-22
2.48788e-23
1.4936e-24
-4.62505e-26
-2.39054e-27
4.44029e-29
2.64044e-30
-3.14939e-32
-2.15197e-33
1.49058e-35
1.2745e-36
-1.63273e-38
-8.5559e-40
1.43191e-41
5.81185e-43
-1.12221e-44
-4.20559e-46
6.42179e-48
2.75518e-49
-2.72111e-51
-1.58257e-52
6.16586e-55
7.48315e-56
1.06756e-58
-2.88198e-59
-1.94137e-61
8.7825e-63
1.13009e-64
-1.99736e-66
-4.54985e-68
2.45387e-70
1.35169e-71
3.56392e-74
-2.83165e-75
-2.79679e-77
3.5893e-79
7.71506e-81
-6.8934e-84
-1.28702e-84
-7.60585e-87
1.49925e-88
2.54007e-90
2.60427e-93
-3.54699e-94
-5.39865e-96
-4.54322e-98
-4.0262e-100
-7.67143e-102
-1.6673e-103
-2.9312e-105
-4.3627e-107
-6.03356e-109
-8.31918e-111
-1.17227e-112
-1.66297e-114
-2.315e-116
-3.1238e-118
-4.06593e-120
-5.133e-122
-6.30928e-124
-7.58374e-126
-8.938e-128
-1.03072e-129
-1.16263e-131
-1.2786e-133
-1.36711e-135
-1.41895e-137
-1.42694e-139
-1.3887e-141
-1.307e-143
-1.18946e-145
-1.04636e-147
-8.8996e-150
-7.31964e-152
-5.82202e-154
-4.48123e-156
-3.33925e-158
-2.40836e-160
-1.6834e-162
-1.14058e-164
-7.49262e-167
-4.77756e-169
-2.95974e-171
-1.78134e-173
-1.04429e-175
-5.96029e-178
-3.32294e-180
-1.81016e-182
-9.66919e-185
-5.07076e-187
-2.62121e-189
-1.33885e-191
-6.78353e-194
-3.42067e-196
-1.72356e-198
-8.70392e-201
-4.42284e-203
-2.26705e-205
-1.17571e-207
-6.18294e-210
-3.30341e-212
-1.79599e-214
-9.95093e-217
-5.62059e-219
-3.24296e-221
-1.90991e-223
-1.14928e-225
-7.06907e-228
-4.44224e-230
-2.85297e-232
-1.87278e-234
-1.2556e-236
-8.59724e-239
-6.01072e-241
-4.2877e-243
-3.11934e-245
-2.31283e-247
-1.74632e-249
-1.34189e-251
-1.04841e-253
-8.31559e-256
-6.69074e-258
-5.45683e-260
-4.49832e-262
-3.74757e-264
-3.14935e-266
-2.66213e-268
-2.2628e-270
-1.92883e-272
-1.64631e-274
-1.40497e-276
-1.19647e-278
-1.01595e-280
-8.59258e-283
-7.23224e-285
-6.06266e-287
-5.05563e-289
-4.20215e-291
-3.48126e-293
-2.87629e-295
-2.37191e-297
-1.9529e-299
-1.60539e-301
-1.31773e-303
-1.07854e-305
-8.79849e-308
-7.13543e-310
-5.73923e-312
-4.55041e-314
-3.43528e-316
0
0
0
0
0
0
0
0
0
0
0
0
0
0
0
0
0
0
0
0
0
0
0
0
0
0
0
0
0
0
0
0
0
0
0
0
0
0
0
0
0.0334046
1.51989e-06
-4.86386e-07
-5.60309e-09
-2.44621e-11
-1.06885e-13
-4.54074e-16
1.25995e-19
4.71565e-19
-4.10136e-21
-7.61923e-22
1.58697e-23
1.18529e-24
-3.06214e-26
-1.83374e-27
3.68095e-29
2.19203e-30
-2.99235e-32
-1.98838e-33
2.08534e-35
1.41755e-36
-1.60242e-38
-8.93858e-40
1.5102e-41
6.19833e-43
-1.18493e-44
-4.52099e-46
6.82905e-48
2.99493e-49
-2.90263e-51
-1.74296e-52
6.40009e-55
8.3678e-56
1.44259e-58
-3.27738e-59
-2.34792e-61
1.01318e-62
1.36952e-64
-2.31082e-66
-5.54433e-68
2.6913e-70
1.64692e-71
5.1225e-74
-3.41835e-75
-3.56712e-77
4.20464e-79
9.56478e-81
-4.39819e-84
-1.55808e-84
-9.7041e-87
1.77046e-88
3.08763e-90
3.91453e-93
-4.17731e-94
-6.41507e-96
-5.40472e-98
-4.75179e-100
-8.90788e-102
-1.91382e-103
-3.32841e-105
-4.89646e-107
-6.68954e-109
-9.11438e-111
-1.26993e-112
-1.78152e-114
-2.45247e-116
-3.27141e-118
-4.21067e-120
-5.25847e-122
-6.40011e-124
-7.62568e-126
-8.91936e-128
-1.02214e-129
-1.14712e-131
-1.25672e-133
-1.34032e-135
-1.38943e-137
-1.39741e-139
-1.36213e-141
-1.28594e-143
-1.17576e-145
-1.04083e-147
-8.92319e-150
-7.4103e-152
-5.96186e-154
-4.64975e-156
-3.51706e-158
-2.57962e-160
-1.83701e-162
-1.27034e-164
-8.53349e-167
-5.57405e-169
-3.54391e-171
-2.19302e-173
-1.32409e-175
-7.79737e-178
-4.49225e-180
-2.5329e-182
-1.40228e-184
-7.6319e-187
-4.09836e-189
-2.17651e-191
-1.14721e-193
-6.0199e-196
-3.15641e-198
-1.65832e-200
-8.76184e-203
-4.66635e-205
-2.51192e-207
-1.3696e-209
-7.5767e-212
-4.25925e-214
-2.43627e-216
-1.41844e-218
-8.42129e-221
-5.09502e-223
-3.14406e-225
-1.97962e-227
-1.27119e-229
-8.32736e-232
-5.56539e-234
-3.79198e-236
-2.63378e-238
-1.86437e-240
-1.34402e-242
-9.8629e-245
-7.36248e-247
-5.58637e-249
-4.30549e-251
-3.36759e-253
-2.66919e-255
-2.14218e-257
-1.73956e-259
-1.42542e-261
-1.17851e-263
-9.81297e-266
-8.20855e-268
-6.89526e-270
-5.8028e-272
-4.88533e-274
-4.10962e-276
-3.44805e-278
-2.88382e-280
-2.40203e-282
-1.99133e-284
-1.64436e-286
-1.35135e-288
-1.10734e-290
-9.04924e-293
-7.38075e-295
-6.01396e-297
-4.89804e-299
-3.98849e-301
-3.2482e-303
-2.643e-305
-2.14812e-307
-1.73991e-309
-1.40104e-311
-1.11448e-313
-8.80229e-316
0
0
0
0
0
0
0
0
0
0
0
0
0
0
0
0
0
0
0
0
0
0
0
0
0
0
0
0
0
0
0
0
0
0
0
0
0
0
0
0
0.0334999
1.53314e-06
-4.90617e-07
-5.669e-09
-2.48261e-11
-1.0881e-13
-4.63688e-16
1.21473e-19
4.83117e-19
-4.17764e-21
-7.83004e-22
1.62575e-23
1.22223e-24
-3.14863e-26
-1.89782e-27
3.79507e-29
2.27764e-30
-3.09004e-32
-2.07517e-33
2.15639e-35
1.48709e-36
-1.66395e-38
-9.43606e-40
1.58163e-41
6.59428e-43
-1.25046e-44
-4.85259e-46
7.24959e-48
3.24765e-49
-3.08894e-51
-1.91316e-52
6.60847e-55
9.31485e-56
1.87403e-58
-3.70546e-59
-2.80862e-61
1.16058e-62
1.64273e-64
-2.65124e-66
-6.68559e-68
2.90799e-70
1.98534e-71
7.06991e-74
-4.08195e-75
-4.48057e-77
4.86841e-79
1.17008e-80
-7.59063e-85
-1.86288e-84
-1.21501e-86
2.06717e-88
3.70214e-90
5.47956e-93
-4.86367e-94
-7.52588e-96
-6.34124e-98
-5.53162e-100
-1.022e-101
-2.17238e-103
-3.73918e-105
-5.43916e-107
-7.34372e-109
-9.89093e-111
-1.36312e-112
-1.89141e-114
-2.57499e-116
-3.39534e-118
-4.32069e-120
-5.33598e-122
-6.42776e-124
-7.5871e-126
-8.80058e-128
-1.00136e-129
-1.117e-131
-1.2177e-133
-1.29384e-135
-1.33783e-137
-1.34378e-139
-1.30999e-141
-1.23862e-143
-1.13594e-145
-1.01024e-147
-8.71532e-150
-7.29535e-152
-5.92646e-154
-4.67522e-156
-3.58329e-158
-2.66801e-160
-1.93224e-162
-1.36132e-164
-9.33464e-167
-6.2351e-169
-4.06118e-171
-2.57937e-173
-1.60114e-175
-9.71146e-178
-5.77171e-180
-3.3625e-182
-1.92605e-184
-1.08599e-186
-6.04777e-189
-3.33354e-191
-1.82468e-193
-9.94616e-196
-5.41718e-198
-2.95565e-200
-1.6208e-202
-8.95235e-205
-4.99281e-207
-2.81716e-209
-1.61061e-211
-9.34371e-214
-5.50679e-216
-3.29836e-218
-2.01097e-220
-1.24737e-222
-7.87747e-225
-5.06685e-227
-3.31786e-229
-2.21231e-231
-1.50217e-233
-1.03796e-235
-7.29764e-238
-5.21922e-240
-3.79443e-242
-2.80286e-244
-2.10219e-246
-1.59966e-248
-1.23417e-250
-9.64561e-253
-7.62612e-255
-6.0944e-257
-4.91969e-259
-4.00129e-261
-3.27873e-263
-2.70186e-265
-2.23437e-267
-1.85335e-269
-1.53893e-271
-1.27741e-273
-1.05899e-275
-8.7536e-278
-7.21213e-280
-5.91785e-282
-4.83432e-284
-3.93456e-286
-3.1886e-288
-2.57767e-290
-2.07942e-292
-1.67545e-294
-1.34984e-296
-1.08815e-298
-8.7819e-301
-7.09914e-303
-5.74479e-305
-4.65344e-307
-3.76567e-309
-3.03666e-311
-2.42426e-313
-1.92243e-315
-1.43824e-317
0
0
0
0
0
0
0
0
0
0
0
0
0
0
0
0
0
0
0
0
0
0
0
0
0
0
0
0
0
0
0
0
0
0
0
0
0
0
0
0.0335957
1.54665e-06
-4.94936e-07
-5.73657e-09
-2.52007e-11
-1.10797e-13
-4.73621e-16
1.16568e-19
4.95096e-19
-4.25515e-21
-8.04816e-22
1.66568e-23
1.26048e-24
-3.23788e-26
-1.96425e-27
3.91266e-29
2.36646e-30
-3.1902e-32
-2.16523e-33
2.22864e-35
1.55918e-36
-1.72662e-38
-9.9522e-40
1.65475e-41
7.00541e-43
-1.31771e-44
-5.19748e-46
7.68049e-48
3.51123e-49
-3.2783e-51
-2.09155e-52
6.78817e-55
1.03156e-55
2.35971e-58
-4.16323e-59
-3.32292e-61
1.31992e-62
1.95096e-64
-3.01777e-66
-7.98453e-68
3.09378e-70
2.37086e-71
9.47045e-74
-4.82805e-75
-5.5556e-77
5.57756e-79
1.41491e-80
4.2302e-84
-2.20302e-84
-1.49716e-86
2.38944e-88
4.38584e-90
7.31399e-93
-5.6056e-94
-8.72982e-96
-7.35028e-98
-6.36234e-100
-1.16013e-101
-2.44151e-103
-4.16074e-105
-5.98674e-107
-7.99094e-109
-1.06428e-110
-1.45115e-112
-1.99198e-114
-2.68218e-116
-3.49584e-118
-4.39753e-120
-5.36913e-122
-6.39877e-124
-7.47855e-126
-8.59726e-128
-9.70544e-130
-1.07516e-131
-1.16517e-133
-1.23206e-135
-1.26921e-137
-1.27158e-139
-1.23807e-141
-1.17075e-143
-1.07539e-145
-9.59355e-148
-8.31523e-150
-7.00469e-152
-5.73636e-154
-4.56971e-156
-3.54306e-158
-2.67358e-160
-1.9659e-162
-1.40875e-164
-9.84422e-167
-6.71295e-169
-4.47207e-171
-2.91048e-173
-1.85446e-175
-1.15664e-177
-7.07991e-180
-4.25498e-182
-2.5177e-184
-1.46836e-186
-8.46661e-189
-4.83608e-191
-2.7446e-193
-1.55159e-195
-8.76407e-198
-4.95768e-200
-2.81699e-202
-1.61097e-204
-9.29257e-207
-5.41664e-209
-3.19479e-211
-1.9093e-213
-1.15732e-215
-7.11819e-218
-4.44847e-220
-2.82359e-222
-1.82144e-224
-1.19451e-226
-7.96075e-229
-5.39239e-231
-3.71267e-233
-2.59644e-235
-1.84422e-237
-1.33001e-239
-9.73227e-242
-7.22257e-244
-5.43239e-246
-4.13809e-248
-3.19025e-250
-2.4871e-252
-1.95827e-254
-1.55591e-256
-1.2468e-258
-1.00519e-260
-8.15389e-263
-6.64314e-265
-5.4265e-267
-4.44162e-269
-3.63703e-271
-2.97552e-273
-2.43052e-275
-1.97926e-277
-1.60663e-279
-1.29903e-281
-1.04606e-283
-8.3951e-286
-6.71255e-288
-5.35644e-290
-4.26801e-292
-3.39912e-294
-2.70915e-296
-2.1626e-298
-1.73042e-300
-1.38893e-302
-1.11808e-304
-9.0288e-307
-7.30215e-309
-5.89969e-311
-4.72948e-313
-3.75133e-315
-2.87835e-317
0
0
0
0
0
0
0
0
0
0
0
0
0
0
0
0
0
0
0
0
0
0
0
0
0
0
0
0
0
0
0
0
0
0
0
0
0
0
0
0.0336922
1.56056e-06
-4.99376e-07
-5.80631e-09
-2.55891e-11
-1.12862e-13
-4.83975e-16
1.10672e-19
5.07531e-19
-4.33338e-21
-8.27427e-22
1.70655e-23
1.30006e-24
-3.32958e-26
-2.03298e-27
4.0334e-29
2.45834e-30
-3.29266e-32
-2.25836e-33
2.30201e-35
1.63367e-36
-1.79009e-38
-1.04848e-39
1.72912e-41
7.42924e-43
-1.38619e-44
-5.55288e-46
8.11803e-48
3.78299e-49
-3.46885e-51
-2.27603e-52
6.93829e-55
1.13575e-55
2.8937e-58
-4.64569e-59
-3.88731e-61
1.49015e-62
2.29449e-64
-3.40892e-66
-9.45174e-68
3.23669e-70
2.80796e-71
1.24019e-73
-5.66293e-75
-6.81391e-77
6.32747e-79
1.6938e-80
1.08046e-83
-2.58004e-84
-1.81973e-86
2.73701e-88
5.14054e-90
9.43103e-93
-6.40214e-94
-1.00248e-95
-8.42879e-98
-7.24033e-100
-1.30448e-101
-2.71958e-103
-4.5901e-105
-6.53486e-107
-8.62585e-109
-1.13637e-110
-1.53337e-112
-2.08261e-114
-2.77365e-116
-3.57321e-118
-4.4427e-120
-5.36138e-122
-6.31937e-124
-7.30988e-126
-8.3239e-128
-9.31702e-130
-1.02423e-131
-1.10249e-133
-1.15904e-135
-1.18829e-137
-1.18611e-139
-1.15201e-141
-1.08809e-143
-9.9968e-146
-8.93333e-148
-7.76815e-150
-6.5757e-152
-5.42042e-154
-4.35379e-156
-3.40957e-158
-2.60346e-160
-1.94062e-162
-1.41227e-164
-1.00417e-166
-6.98013e-169
-4.74882e-171
-3.16216e-173
-2.06505e-175
-1.32251e-177
-8.3254e-180
-5.1542e-182
-3.1459e-184
-1.89509e-186
-1.12979e-188
-6.67785e-191
-3.92385e-193
-2.29729e-195
-1.34378e-197
-7.86958e-200
-4.62635e-202
-2.73512e-204
-1.62928e-206
-9.79569e-209
-5.95091e-211
-3.65769e-213
-2.27649e-215
-1.43536e-217
-9.17884e-220
-5.95141e-222
-3.91454e-224
-2.61275e-226
-1.76897e-228
-1.21505e-230
-8.46711e-233
-5.98223e-235
-4.28485e-237
-3.11032e-239
-2.28669e-241
-1.70194e-243
-1.28152e-245
-9.7558e-248
-7.50357e-250
-5.82619e-252
-4.56183e-254
-3.59872e-256
-2.85905e-258
-2.28232e-260
-1.8309e-262
-1.47348e-264
-1.18803e-266
-9.58987e-269
-7.74057e-271
-6.23969e-273
-5.02119e-275
-4.02817e-277
-3.22182e-279
-2.56743e-281
-2.03862e-283
-1.61389e-285
-1.27359e-287
-1.00361e-289
-7.902e-292
-6.22324e-294
-4.90862e-296
-3.88121e-298
-3.07967e-300
-2.45469e-302
-1.96586e-304
-1.58281e-306
-1.27979e-308
-1.03655e-310
-8.35068e-313
-6.67668e-315
-5.76047e-317
0
0
0
0
0
0
0
0
0
0
0
0
0
0
0
0
0
0
0
0
0
0
0
0
0
0
0
0
0
0
0
0
0
0
0
0
0
0
0
0.0337892
1.57489e-06
-5.03964e-07
-5.87827e-09
-2.59838e-11
-1.14936e-13
-4.94177e-16
1.08764e-19
5.20573e-19
-4.4131e-21
-8.50593e-22
1.74936e-23
1.34119e-24
-3.4243e-26
-2.10421e-27
4.15803e-29
2.55363e-30
-3.39743e-32
-2.35471e-33
2.37649e-35
1.71056e-36
-1.8541e-38
-1.10326e-39
1.80452e-41
7.86401e-43
-1.45547e-44
-5.91618e-46
8.55876e-48
4.06013e-49
-3.65867e-51
-2.46406e-52
7.06004e-55
1.24237e-55
3.46559e-58
-5.14531e-59
-4.49422e-61
1.66948e-62
2.67225e-64
-3.8225e-66
-1.10975e-67
3.32218e-70
3.30193e-71
1.59617e-73
-6.59345e-75
-8.28104e-77
7.11093e-79
2.00966e-80
1.92247e-83
-2.99509e-84
-2.18542e-86
3.10899e-88
5.96678e-90
1.18375e-92
-7.25148e-94
-1.14071e-95
-9.57243e-98
-8.16125e-100
-1.45422e-101
-3.00467e-103
-5.02355e-105
-7.07987e-107
-9.24472e-109
-1.2051e-110
-1.60969e-112
-2.16366e-114
-2.85062e-116
-3.63018e-118
-4.46128e-120
-5.32123e-122
-6.20265e-124
-7.10015e-126
-8.00709e-128
-8.884e-130
-9.68858e-132
-1.03547e-133
-1.08185e-135
-1.10336e-137
-1.09673e-139
-1.06202e-141
-1.00135e-143
-9.19639e-146
-8.22675e-148
-7.17204e-150
-6.09618e-152
-5.05415e-154
-4.08975e-156
-3.23205e-158
-2.49485e-160
-1.88327e-162
-1.39033e-164
-1.00474e-166
-7.11079e-169
-4.93445e-171
-3.35764e-173
-2.24451e-175
-1.47406e-177
-9.53108e-180
-6.0705e-182
-3.81706e-184
-2.37199e-186
-1.46022e-188
-8.92001e-191
-5.41989e-193
-3.28262e-195
-1.98569e-197
-1.20228e-199
-7.30314e-202
-4.45778e-204
-2.73873e-206
-1.69616e-208
-1.05996e-210
-6.69192e-213
-4.27117e-215
-2.75737e-217
-1.80219e-219
-1.19233e-221
-7.98838e-224
-5.42128e-226
-3.72565e-228
-2.59287e-230
-1.82744e-232
-1.30357e-234
-9.4101e-237
-6.87179e-239
-5.07355e-241
-3.78546e-243
-2.85241e-245
-2.16926e-247
-1.66394e-249
-1.28633e-251
-1.00123e-253
-7.83978e-256
-6.17317e-258
-4.87813e-260
-3.86912e-262
-3.07536e-264
-2.44717e-266
-1.94806e-268
-1.55002e-270
-1.2313e-272
-9.76361e-275
-7.71899e-277
-6.0858e-279
-4.78254e-281
-3.74716e-283
-2.92924e-285
-2.28473e-287
-1.77815e-289
-1.38379e-291
-1.07804e-293
-8.4169e-296
-6.59281e-298
-5.18771e-300
-4.10572e-302
-3.27072e-304
-2.62543e-306
-2.12264e-308
-1.72456e-310
-1.39768e-312
-1.12743e-314
-8.64638e-317
0
0
0
0
0
0
0
0
0
0
0
0
0
0
0
0
0
0
0
0
0
0
0
0
0
0
0
0
0
0
0
0
0
0
0
0
0
0
0
0.033887
1.59045e-06
-5.08985e-07
-5.95777e-09
-2.64446e-11
-1.17449e-13
-5.07045e-16
9.2161e-20
5.34684e-19
-4.48797e-21
-8.76258e-22
1.79106e-23
1.38427e-24
-3.52101e-26
-2.1784e-27
4.284e-29
2.65147e-30
-3.50268e-32
-2.4529e-33
2.44921e-35
1.78798e-36
-1.91599e-38
-1.15781e-39
1.87765e-41
8.29244e-43
-1.52308e-44
-6.27289e-46
8.98727e-48
4.33134e-49
-3.84257e-51
-2.64809e-52
7.16297e-55
1.34716e-55
4.04428e-58
-5.64354e-59
-5.11981e-61
1.85306e-62
3.07629e-64
-4.25239e-66
-1.29161e-67
3.33556e-70
3.85569e-71
2.02386e-73
-7.62184e-75
-9.97405e-77
7.91555e-79
2.36228e-80
2.95522e-83
-3.44547e-84
-2.59152e-86
3.50084e-88
6.85169e-90
1.44475e-92
-8.14442e-94
-1.28513e-95
-1.07518e-97
-9.09535e-100
-1.60492e-101
-3.29058e-103
-5.45334e-105
-7.60155e-107
-9.81224e-109
-1.26478e-110
-1.67086e-112
-2.22038e-114
-2.88978e-116
-3.6315e-118
-4.40157e-120
-5.17582e-122
-5.94846e-124
-6.71587e-126
-7.47206e-128
-8.18378e-130
-8.81298e-132
-9.30469e-134
-9.60858e-136
-9.69085e-138
-9.53236e-140
-9.14235e-142
-8.54633e-144
-7.79065e-146
-6.92676e-148
-6.01069e-150
-5.09351e-152
-4.2175e-154
-3.4147e-156
-2.70541e-158
-2.09812e-160
-1.59456e-162
-1.18786e-164
-8.68195e-167
-6.22864e-169
-4.39137e-171
-3.04314e-173
-2.07608e-175
-1.39466e-177
-9.24171e-180
-6.04453e-182
-3.90918e-184
-2.50252e-186
-1.58883e-188
-1.00191e-190
-6.2864e-193
-3.92989e-195
-2.4554e-197
-1.53508e-199
-9.61893e-202
-6.05003e-204
-3.82407e-206
-2.43274e-208
-1.5585e-210
-1.00671e-212
-6.55912e-215
-4.31318e-217
-2.86441e-219
-1.92109e-221
-1.30155e-223
-8.9106e-226
-6.16276e-228
-4.30621e-230
-3.04026e-232
-2.16757e-234
-1.56065e-236
-1.13435e-238
-8.31994e-241
-6.15556e-243
-4.59149e-245
-3.45116e-247
-2.61258e-249
-1.9905e-251
-1.52524e-253
-1.17439e-255
-9.08577e-258
-7.0481e-260
-5.48559e-262
-4.27574e-264
-3.33647e-266
-2.6038e-268
-2.03167e-270
-1.58279e-272
-1.23163e-274
-9.55815e-277
-7.40372e-279
-5.71827e-281
-4.40736e-283
-3.38984e-285
-2.60474e-287
-2.00474e-289
-1.54453e-291
-1.19097e-293
-9.2055e-296
-7.14311e-298
-5.57372e-300
-4.37939e-302
-3.46953e-304
-2.77623e-306
-2.24506e-308
-1.83166e-310
-1.49612e-312
-1.22267e-314
-1.0094e-316
0
0
0
0
0
0
0
0
0
0
0
0
0
0
0
0
0
0
0
0
0
0
0
0
0
0
0
0
0
0
0
0
0
0
0
0
0
0
0
0.0339855
1.60653e-06
-5.14051e-07
-6.03566e-09
-2.6819e-11
-1.19128e-13
-5.13597e-16
1.19353e-19
5.47832e-19
-4.57183e-21
-8.96599e-22
1.83874e-23
1.42487e-24
-3.61679e-26
-2.2482e-27
4.41245e-29
2.74718e-30
-3.61042e-32
-2.55049e-33
2.52966e-35
1.86761e-36
-1.98636e-38
-1.21575e-39
1.96076e-41
8.7634e-43
-1.59815e-44
-6.66834e-46
9.46118e-48
4.63316e-49
-4.04043e-51
-2.85131e-52
7.23694e-55
1.46183e-55
4.70226e-58
-6.18501e-59
-5.82049e-61
2.05493e-62
3.54093e-64
-4.72908e-66
-1.50731e-67
3.24225e-70
4.5271e-71
2.58763e-73
-8.86204e-75
-1.21544e-76
8.79558e-79
2.80901e-80
4.49535e-83
-4.00331e-84
-3.13108e-86
3.96565e-88
7.98665e-90
1.83385e-92
-9.22994e-94
-1.46992e-95
-1.23261e-97
-1.03779e-99
-1.80283e-101
-3.65101e-103
-5.98924e-105
-8.27536e-107
-1.05871e-108
-1.35278e-110
-1.77313e-112
-2.338e-114
-3.02089e-116
-3.76876e-118
-4.53908e-120
-5.30711e-122
-6.07331e-124
-6.83532e-126
-7.59291e-128
-8.31399e-130
-8.9641e-132
-9.48906e-134
-9.83867e-136
-9.97851e-138
-9.88437e-140
-9.56219e-142
-9.02934e-144
-8.32755e-146
-7.5019e-148
-6.60533e-150
-5.68754e-152
-4.79159e-154
-3.95229e-156
-3.19397e-158
-2.5294e-160
-1.96535e-162
-1.49819e-164
-1.12188e-166
-8.2529e-169
-5.97282e-171
-4.25232e-173
-2.98347e-175
-2.06288e-177
-1.40833e-179
-9.49695e-182
-6.33791e-184
-4.18928e-186
-2.7481e-188
-1.79131e-190
-1.16273e-192
-7.53218e-195
-4.87203e-197
-3.15188e-199
-2.04347e-201
-1.32933e-203
-8.68896e-206
-5.71288e-208
-3.78155e-210
-2.52228e-212
-1.6962e-214
-1.15054e-216
-7.87655e-219
-5.44238e-221
-3.79626e-223
-2.67368e-225
-1.90095e-227
-1.36427e-229
-9.88288e-232
-7.22279e-234
-5.32448e-236
-3.95754e-238
-2.9643e-240
-2.23646e-242
-1.69853e-244
-1.29774e-246
-9.96865e-249
-7.69298e-251
-5.95989e-253
-4.631e-255
-3.60808e-257
-2.81422e-259
-2.1975e-261
-1.71572e-263
-1.33866e-265
-1.04299e-267
-8.11173e-270
-6.29239e-272
-4.8685e-274
-3.75463e-276
-2.88701e-278
-2.21317e-280
-1.69194e-282
-1.29093e-284
-9.8272e-287
-7.46061e-289
-5.66538e-291
-4.31029e-293
-3.29443e-295
-2.53085e-297
-1.95715e-299
-1.52518e-301
-1.2002e-303
-9.5601e-306
-7.72422e-308
-6.32827e-310
-5.21866e-312
-4.31475e-314
-3.46298e-316
0
0
0
0
0
0
0
0
0
0
0
0
0
0
0
0
0
0
0
0
0
0
0
0
0
0
0
0
0
0
0
0
0
0
0
0
0
0
0
0.0340855
1.62846e-06
-5.21125e-07
-6.1544e-09
-2.77453e-11
-1.25547e-13
-5.55636e-16
-9.04277e-20
5.67383e-19
-4.63841e-21
-9.4975e-22
1.86434e-23
1.48856e-24
-3.74179e-26
-2.36343e-27
4.56193e-29
2.88973e-30
-3.7344e-32
-2.69327e-33
2.58562e-35
1.97243e-36
-2.02486e-38
-1.283e-39
2.01166e-41
9.21612e-43
-1.6545e-44
-7.01622e-46
9.80315e-48
4.87338e-49
-4.18849e-51
-3.00459e-52
7.28655e-55
1.54335e-55
5.1395e-58
-6.56684e-59
-6.31301e-61
2.20468e-62
3.89946e-64
-5.10061e-66
-1.68446e-67
3.08067e-70
5.06395e-71
3.04759e-73
-9.74851e-75
-1.36585e-76
9.32422e-79
3.06552e-80
5.18485e-83
-4.29257e-84
-3.35998e-86
4.1888e-88
8.3792e-90
1.81157e-92
-9.77477e-94
-1.5358e-95
-1.278e-97
-1.07626e-99
-1.86851e-101
-3.75267e-103
-6.09371e-105
-8.31861e-107
-1.05066e-108
-1.32565e-110
-1.71395e-112
-2.22649e-114
-2.82681e-116
-3.45766e-118
-4.07325e-120
-4.651e-122
-5.18995e-124
-5.69188e-126
-6.15397e-128
-6.55571e-130
-6.86982e-132
-7.06288e-134
-7.10837e-136
-6.99385e-138
-6.71976e-140
-6.30522e-142
-5.77757e-144
-5.17369e-146
-4.53017e-148
-3.882e-150
-3.2583e-152
-2.68092e-154
-2.16422e-156
-1.71571e-158
-1.33655e-160
-1.02424e-162
-7.72463e-165
-5.73989e-167
-4.2041e-169
-3.03854e-171
-2.16819e-173
-1.52915e-175
-1.06657e-177
-7.36534e-180
-5.03981e-182
-3.42071e-184
-2.30549e-186
-1.54452e-188
-1.0298e-190
-6.8399e-193
-4.52785e-195
-2.99397e-197
-1.97949e-199
-1.30941e-201
-8.6768e-204
-5.76126e-206
-3.83847e-208
-2.56586e-210
-1.72306e-212
-1.1622e-214
-7.88043e-217
-5.37208e-219
-3.68308e-221
-2.53967e-223
-1.76191e-225
-1.22969e-227
-8.63405e-230
-6.10007e-232
-4.33467e-234
-3.09857e-236
-2.2274e-238
-1.60981e-240
-1.16949e-242
-8.53664e-245
-6.25942e-247
-4.60871e-249
-3.40574e-251
-2.52531e-253
-1.87728e-255
-1.39971e-257
-1.04486e-259
-7.81809e-262
-5.85283e-264
-4.38727e-266
-3.28855e-268
-2.46691e-270
-1.84925e-272
-1.38694e-274
-1.03913e-276
-7.78895e-279
-5.83329e-281
-4.37132e-283
-3.27536e-285
-2.45831e-287
-1.8503e-289
-1.39654e-291
-1.05687e-293
-8.02386e-296
-6.1164e-298
-4.68983e-300
-3.6279e-302
-2.83782e-304
-2.25064e-306
-1.81708e-308
-1.49655e-310
-1.24879e-312
-1.04683e-314
-8.66344e-317
0
0
0
0
0
0
0
0
0
0
0
0
0
0
0
0
0
0
0
0
0
0
0
0
0
0
0
0
0
0
0
0
0
0
0
0
0
0
0
0.0341759
1.59102e-06
-5.06976e-07
-5.87653e-09
-2.53159e-11
-1.08154e-13
-4.42567e-16
5.36555e-19
5.07505e-19
-4.927e-21
-8.18711e-22
1.85893e-23
1.32771e-24
-3.50948e-26
-2.07184e-27
4.25915e-29
2.51252e-30
-3.52727e-32
-2.31554e-33
2.54829e-35
1.69508e-36
-2.02535e-38
-1.11086e-39
1.93492e-41
8.03154e-43
-1.54593e-44
-6.10134e-46
9.15163e-48
4.23846e-49
-3.96899e-51
-2.6087e-52
8.13207e-55
1.34414e-55
3.59307e-58
-5.76823e-59
-5.15053e-61
2.00351e-62
3.42862e-64
-4.93606e-66
-1.57302e-67
3.66583e-70
4.94867e-71
2.82331e-73
-9.76449e-75
-1.30373e-76
9.83111e-79
2.9303e-80
2.90214e-83
-4.18416e-84
-2.90685e-86
4.13502e-88
7.26115e-90
7.07893e-93
-8.97384e-94
-1.21353e-95
-8.37903e-98
-6.04663e-100
-1.19991e-101
-2.51512e-103
-3.92988e-105
-5.04682e-107
-6.01748e-109
-7.32609e-111
-9.30611e-113
-1.19321e-114
-1.48746e-116
-1.7788e-118
-2.04542e-120
-2.2868e-122
-2.51107e-124
-2.72791e-126
-2.93735e-128
-3.13024e-130
-3.29014e-132
-3.39856e-134
-3.44039e-136
-3.40732e-138
-3.29851e-140
-3.12101e-142
-2.88727e-144
-2.61315e-146
-2.31564e-148
-2.01075e-150
-1.71237e-152
-1.43139e-154
-1.17539e-156
-9.4892e-159
-7.53741e-161
-5.89539e-163
-4.5438e-165
-3.45323e-167
-2.59024e-169
-1.91855e-171
-1.40479e-173
-1.01731e-175
-7.29513e-178
-5.18258e-180
-3.6525e-182
-2.55465e-184
-1.7761e-186
-1.22775e-188
-8.4536e-191
-5.79847e-193
-3.97123e-195
-2.71421e-197
-1.85499e-199
-1.26742e-201
-8.67507e-204
-5.94437e-206
-4.08647e-208
-2.81576e-210
-1.94846e-212
-1.35283e-214
-9.43827e-217
-6.61265e-219
-4.65658e-221
-3.2946e-223
-2.34288e-225
-1.67434e-227
-1.20225e-229
-8.6752e-232
-6.28634e-234
-4.57519e-236
-3.34202e-238
-2.44946e-240
-1.8005e-242
-1.32646e-244
-9.78997e-247
-7.23389e-249
-5.34737e-251
-3.95315e-253
-2.91873e-255
-2.15337e-257
-1.5838e-259
-1.163e-261
-8.50334e-264
-6.20065e-266
-4.49823e-268
-3.25229e-270
-2.33802e-272
-1.6748e-274
-1.19277e-276
-8.46754e-279
-5.9799e-281
-4.2139e-283
-2.95826e-285
-2.0755e-287
-1.45322e-289
-1.01971e-291
-7.16183e-294
-5.06085e-296
-3.59318e-298
-2.57637e-300
-1.86352e-302
-1.36727e-304
-1.02033e-306
-7.81178e-309
-6.19725e-311
-5.10363e-313
-4.23104e-315
-2.89006e-317
0
0
0
0
0
0
0
0
0
0
0
0
0
0
0
0
0
0
0
0
0
0
0
0
0
0
0
0
0
0
0
0
0
0
0
0
0
0
0
)
;

boundaryField
{
    inlet
    {
        type            uniformFixedValue;
        uniformValue    table;
        uniformValueCoeffs
        {
            values          
4
(
(0 1)
(0.15 1)
(0.151 0)
(1 0)
)
;
        }
        value           uniform 1;
    }
    outlet
    {
        type            inletOutlet;
        inletValue      uniform 0;
        value           uniform 0;
    }
    walls
    {
        type            zeroGradient;
    }
    frontAndBack
    {
        type            empty;
    }
}


// ************************************************************************* //
