/*--------------------------------*- C++ -*----------------------------------*\
| =========                 |                                                 |
| \\      /  F ield         | OpenFOAM: The Open Source CFD Toolbox           |
|  \\    /   O peration     | Version:  2506                                  |
|   \\  /    A nd           | Website:  www.openfoam.com                      |
|    \\/     M anipulation  |                                                 |
\*---------------------------------------------------------------------------*/
FoamFile
{
    version     2.0;
    format      ascii;
    arch        "LSB;label=32;scalar=64";
    class       volScalarField;
    location    "1.15";
    object      p;
}
// * * * * * * * * * * * * * * * * * * * * * * * * * * * * * * * * * * * * * //

dimensions      [0 2 -2 0 0 0 0];

internalField   nonuniform List<scalar> 
4000
(
-0.00262483
-0.00270548
-0.00274313
-0.00275287
-0.00275298
-0.00274755
-0.00273815
-0.00272638
-0.00271341
-0.00269982
-0.00268591
-0.0026718
-0.0026576
-0.00264333
-0.00262903
-0.0026147
-0.00260034
-0.00258594
-0.00257148
-0.00255696
-0.00254235
-0.00252765
-0.00251284
-0.00249791
-0.00248285
-0.00246767
-0.00245234
-0.00243688
-0.00242129
-0.00240559
-0.00238979
-0.00237392
-0.00235806
-0.00234262
-0.002327
-0.00231165
-0.00229787
-0.00228598
-0.00227582
-0.00226778
-0.00226234
-0.00226171
-0.00226525
-0.00227076
-0.00227794
-0.00228634
-0.00229573
-0.00230636
-0.00231687
-0.0023276
-0.00233816
-0.00234744
-0.0023558
-0.00236142
-0.00236517
-0.00236494
-0.0023611
-0.00235334
-0.00234026
-0.00232402
-0.00230196
-0.00227646
-0.0022473
-0.00221484
-0.0021804
-0.0021436
-0.00210606
-0.00206736
-0.00202865
-0.00198988
-0.00195154
-0.00191418
-0.00187767
-0.00184238
-0.00180835
-0.00177562
-0.00174433
-0.00171448
-0.00168605
-0.00165904
-0.00163343
-0.00160914
-0.00158614
-0.00156434
-0.00154367
-0.00152408
-0.00150548
-0.00148779
-0.00147098
-0.00145498
-0.00143972
-0.00142519
-0.0014113
-0.00139801
-0.0013853
-0.00137312
-0.00136142
-0.00135014
-0.00133922
-0.00132862
-0.00131829
-0.00130816
-0.00129823
-0.00128844
-0.00127876
-0.0012692
-0.00125969
-0.00125028
-0.00124093
-0.00123169
-0.00122258
-0.00121365
-0.00120494
-0.00119658
-0.00118852
-0.001181
-0.00117398
-0.00116756
-0.00116187
-0.00115689
-0.00115268
-0.00114931
-0.00114674
-0.00114494
-0.00114399
-0.00114379
-0.00114433
-0.00114558
-0.00114746
-0.00114986
-0.00115284
-0.0011561
-0.00115962
-0.00116361
-0.00116759
-0.00117157
-0.00117582
-0.00117933
-0.00118263
-0.00118497
-0.00118618
-0.00118576
-0.00118324
-0.00117788
-0.00116976
-0.00115693
-0.00114123
-0.0011201
-0.00109518
-0.00106641
-0.00103355
-0.000998452
-0.000960185
-0.000920909
-0.000880157
-0.000839536
-0.000798919
-0.000759481
-0.000721561
-0.000686236
-0.000652734
-0.000623524
-0.000596951
-0.000572724
-0.000550552
-0.000530594
-0.000512434
-0.000496961
-0.000483067
-0.000469648
-0.000456398
-0.000443084
-0.000429497
-0.00041551
-0.000401078
-0.00038621
-0.000370956
-0.000355391
-0.000339602
-0.000323677
-0.000307697
-0.000291723
-0.000275805
-0.000259971
-0.000244233
-0.000228586
-0.00021302
-0.000197493
-0.000181979
-0.000166461
-0.000150926
-0.000135351
-0.00011972
-0.000104016
-8.82313e-05
-7.2364e-05
-5.64261e-05
-4.04217e-05
-2.43598e-05
-8.20439e-06
-0.00271653
-0.00273777
-0.00275166
-0.0027541
-0.00275046
-0.00274405
-0.00273521
-0.00272429
-0.00271203
-0.00269898
-0.00268545
-0.00267162
-0.00265761
-0.00264349
-0.0026293
-0.00261506
-0.00260078
-0.00258644
-0.00257204
-0.00255757
-0.00254301
-0.00252835
-0.00251357
-0.00249868
-0.00248365
-0.00246848
-0.00245316
-0.00243769
-0.00242208
-0.00240633
-0.00239045
-0.00237448
-0.00235843
-0.00234276
-0.00232676
-0.00231081
-0.00229695
-0.00228528
-0.00227571
-0.00226875
-0.00226491
-0.0022658
-0.00227017
-0.00227603
-0.00228324
-0.00229151
-0.0023006
-0.00231065
-0.00232034
-0.00233011
-0.00233954
-0.00234759
-0.00235466
-0.00235898
-0.00236132
-0.00236019
-0.00235587
-0.00234814
-0.00233568
-0.00232049
-0.00230012
-0.00227658
-0.0022497
-0.00221959
-0.00218752
-0.00215299
-0.00211754
-0.00208077
-0.00204372
-0.00200646
-0.00196932
-0.00193271
-0.00189667
-0.0018616
-0.00182761
-0.00179473
-0.00176312
-0.00173285
-0.00170389
-0.00167629
-0.00165003
-0.00162507
-0.00160136
-0.00157886
-0.00155748
-0.00153718
-0.00151788
-0.00149948
-0.00148196
-0.00146526
-0.00144927
-0.00143401
-0.00141941
-0.00140537
-0.00139192
-0.00137891
-0.00136644
-0.00135434
-0.00134268
-0.00133131
-0.00132028
-0.00130948
-0.00129889
-0.00128849
-0.00127821
-0.0012681
-0.00125807
-0.00124821
-0.00123846
-0.0012289
-0.00121955
-0.00121046
-0.0012017
-0.00119337
-0.00118545
-0.00117816
-0.00117145
-0.00116542
-0.00116017
-0.00115569
-0.00115201
-0.00114918
-0.00114718
-0.00114597
-0.0011456
-0.00114595
-0.00114698
-0.0011486
-0.00115072
-0.00115328
-0.0011563
-0.00115951
-0.00116292
-0.00116665
-0.00117027
-0.00117371
-0.00117738
-0.00118002
-0.00118243
-0.00118373
-0.00118381
-0.00118225
-0.00117857
-0.00117212
-0.00116283
-0.00114958
-0.00113374
-0.00111309
-0.00108904
-0.00106159
-0.00103033
-0.00099706
-0.00096066
-0.000923273
-0.000884222
-0.000845165
-0.000805817
-0.000767361
-0.000729936
-0.000694706
-0.000659701
-0.000629
-0.000601077
-0.000575557
-0.000552265
-0.000531538
-0.000512938
-0.000497249
-0.000483139
-0.000469497
-0.000456075
-0.000442652
-0.000428997
-0.000414964
-0.000400498
-0.000385604
-0.000370326
-0.000354735
-0.000338919
-0.000322967
-0.00030696
-0.000290964
-0.000275026
-0.000259177
-0.000243428
-0.000227771
-0.000212192
-0.000196686
-0.000181213
-0.000165756
-0.000150279
-0.000134762
-0.000119187
-0.000103547
-8.78356e-05
-7.20463e-05
-5.61771e-05
-4.02376e-05
-2.42377e-05
-8.15991e-06
-0.00275881
-0.0027518
-0.00275339
-0.00275286
-0.00274795
-0.00274107
-0.00273219
-0.00272175
-0.0027101
-0.00269758
-0.00268452
-0.00267108
-0.00265736
-0.00264347
-0.00262945
-0.00261535
-0.00260118
-0.00258694
-0.00257263
-0.00255823
-0.00254374
-0.00252914
-0.00251443
-0.00249958
-0.0024846
-0.00246947
-0.00245419
-0.00243875
-0.00242315
-0.0024074
-0.0023915
-0.00237549
-0.00235938
-0.00234359
-0.00232754
-0.00231164
-0.00229794
-0.00228672
-0.00227789
-0.00227196
-0.00226927
-0.00227082
-0.0022751
-0.00228053
-0.00228712
-0.00229463
-0.00230279
-0.00231157
-0.0023197
-0.00232795
-0.0023357
-0.00234186
-0.0023468
-0.00234939
-0.00235013
-0.00234802
-0.00234303
-0.00233519
-0.00232341
-0.0023093
-0.00229089
-0.00226966
-0.00224541
-0.00221808
-0.00218876
-0.00215686
-0.0021238
-0.00208914
-0.0020539
-0.00201812
-0.00198217
-0.00194655
-0.00191121
-0.00187661
-0.00184287
-0.00181005
-0.00177835
-0.00174785
-0.00171855
-0.00169051
-0.00166377
-0.00163827
-0.00161401
-0.00159094
-0.00156899
-0.00154812
-0.00152826
-0.0015093
-0.00149123
-0.00147396
-0.00145742
-0.00144157
-0.00142637
-0.00141175
-0.00139771
-0.00138413
-0.00137105
-0.00135836
-0.00134608
-0.0013341
-0.00132245
-0.00131103
-0.00129986
-0.00128888
-0.00127807
-0.00126745
-0.00125698
-0.00124672
-0.00123666
-0.00122685
-0.00121733
-0.00120818
-0.00119944
-0.00119122
-0.0011835
-0.00117647
-0.0011701
-0.00116445
-0.0011596
-0.00115553
-0.00115227
-0.00114984
-0.00114819
-0.00114729
-0.00114714
-0.00114763
-0.0011487
-0.00115028
-0.00115228
-0.00115465
-0.00115734
-0.00116014
-0.00116302
-0.00116611
-0.001169
-0.00117161
-0.00117411
-0.00117568
-0.00117673
-0.00117663
-0.0011752
-0.00117211
-0.00116695
-0.00115924
-0.00114933
-0.00113587
-0.00112008
-0.00110027
-0.00107749
-0.0010518
-0.00102264
-0.000991636
-0.000957544
-0.000922401
-0.000885337
-0.000848057
-0.000810111
-0.000772764
-0.000735898
-0.000701064
-0.000665242
-0.000633732
-0.000604919
-0.000578462
-0.000554377
-0.00053318
-0.000514336
-0.000498404
-0.000483953
-0.000469989
-0.000456328
-0.000442743
-0.000428969
-0.000414839
-0.000400291
-0.000385322
-0.000369974
-0.000354315
-0.000338435
-0.000322423
-0.000306363
-0.000290322
-0.000274349
-0.000258473
-0.000242708
-0.00022705
-0.000211484
-0.000195989
-0.000180551
-0.000165126
-0.00014969
-0.000134222
-0.000118703
-0.000103122
-8.74668e-05
-7.17377e-05
-5.59306e-05
-4.00561e-05
-2.41214e-05
-8.15504e-06
-0.0027784
-0.00276389
-0.00275685
-0.00275298
-0.00274695
-0.00273889
-0.00272961
-0.00271956
-0.00270821
-0.00269595
-0.00268328
-0.00267025
-0.00265688
-0.00264327
-0.00262951
-0.00261561
-0.0026016
-0.00258751
-0.00257332
-0.00255903
-0.00254465
-0.00253015
-0.00251553
-0.00250079
-0.0024859
-0.00247087
-0.00245568
-0.00244033
-0.00242483
-0.00240918
-0.00239338
-0.00237749
-0.00236152
-0.00234584
-0.00233
-0.00231444
-0.00230109
-0.00229033
-0.00228209
-0.00227679
-0.00227459
-0.00227605
-0.00227972
-0.00228435
-0.00228995
-0.0022963
-0.00230307
-0.0023101
-0.00231647
-0.00232275
-0.00232803
-0.00233186
-0.00233442
-0.00233495
-0.0023337
-0.00233013
-0.00232413
-0.00231579
-0.00230439
-0.00229104
-0.00227442
-0.00225538
-0.00223376
-0.00220938
-0.00218304
-0.00215417
-0.00212396
-0.00209194
-0.00205903
-0.00202528
-0.00199102
-0.00195682
-0.00192258
-0.00188881
-0.00185565
-0.00182319
-0.00179166
-0.00176116
-0.00173173
-0.00170346
-0.00167639
-0.00165051
-0.00162583
-0.00160231
-0.00157989
-0.00155854
-0.0015382
-0.00151875
-0.00150019
-0.00148242
-0.00146537
-0.00144901
-0.00143329
-0.00141813
-0.00140354
-0.00138942
-0.00137578
-0.00136251
-0.00134965
-0.00133709
-0.00132486
-0.00131287
-0.00130114
-0.00128964
-0.00127834
-0.00126728
-0.00125642
-0.00124584
-0.00123554
-0.00122557
-0.00121599
-0.00120686
-0.00119823
-0.0011902
-0.00118275
-0.00117603
-0.00117001
-0.00116474
-0.00116027
-0.00115656
-0.00115361
-0.00115144
-0.00114998
-0.00114918
-0.00114901
-0.00114938
-0.00115022
-0.00115147
-0.00115303
-0.00115484
-0.0011568
-0.00115873
-0.00116069
-0.00116275
-0.00116451
-0.00116578
-0.00116671
-0.00116673
-0.00116604
-0.00116419
-0.00116099
-0.00115621
-0.00114955
-0.00114076
-0.00112998
-0.00111634
-0.00110066
-0.00108185
-0.00106054
-0.00103682
-0.00101008
-0.000981599
-0.000950229
-0.000917655
-0.000882998
-0.000847817
-0.000811625
-0.000775667
-0.000739656
-0.000705473
-0.000669484
-0.000637698
-0.000608505
-0.000581561
-0.000557033
-0.000535578
-0.000516564
-0.000500363
-0.000485549
-0.000471237
-0.000457288
-0.000443472
-0.000429504
-0.000415205
-0.000400506
-0.000385403
-0.000369933
-0.000354168
-0.000338194
-0.000322102
-0.000305975
-0.00028988
-0.000273865
-0.000257959
-0.000242173
-0.000226504
-0.000210936
-0.000195447
-0.000180013
-0.000164602
-0.000149189
-0.000133752
-0.00011827
-0.000102731
-8.71249e-05
-7.14474e-05
-5.56989e-05
-3.98897e-05
-2.40174e-05
-8.17095e-06
-0.00279092
-0.00277418
-0.00276244
-0.00275519
-0.00274713
-0.00273773
-0.0027279
-0.00271768
-0.00270641
-0.00269443
-0.00268218
-0.00266943
-0.00265631
-0.00264301
-0.00262953
-0.00261586
-0.00260206
-0.00258814
-0.00257411
-0.00255998
-0.00254573
-0.00253137
-0.00251689
-0.00250228
-0.00248754
-0.00247265
-0.00245762
-0.00244244
-0.00242712
-0.00241166
-0.00239608
-0.00238043
-0.00236474
-0.00234934
-0.00233388
-0.00231881
-0.00230589
-0.00229555
-0.00228774
-0.00228277
-0.00228066
-0.00228168
-0.00228453
-0.0022882
-0.0022926
-0.00229751
-0.0023026
-0.00230757
-0.00231229
-0.00231609
-0.00231862
-0.00232002
-0.00232012
-0.00231843
-0.00231505
-0.00230975
-0.00230253
-0.00229342
-0.00228197
-0.00226892
-0.00225358
-0.00223626
-0.00221688
-0.00219518
-0.00217165
-0.00214589
-0.00211868
-0.00208964
-0.00205945
-0.00202819
-0.00199611
-0.00196376
-0.00193108
-0.00189854
-0.00186634
-0.00183458
-0.00180353
-0.0017733
-0.00174398
-0.00171567
-0.00168846
-0.00166235
-0.00163736
-0.00161348
-0.00159068
-0.00156893
-0.00154817
-0.00152829
-0.00150929
-0.00149107
-0.00147355
-0.00145672
-0.0014405
-0.00142482
-0.0014097
-0.00139503
-0.00138083
-0.001367
-0.00135357
-0.00134044
-0.00132766
-0.00131513
-0.00130288
-0.0012909
-0.00127915
-0.00126772
-0.00125655
-0.00124573
-0.00123528
-0.00122525
-0.0012157
-0.00120669
-0.00119825
-0.00119047
-0.00118333
-0.00117694
-0.00117127
-0.00116633
-0.00116216
-0.00115871
-0.00115595
-0.00115387
-0.0011524
-0.00115148
-0.00115106
-0.00115107
-0.00115142
-0.00115204
-0.00115286
-0.00115378
-0.00115479
-0.00115562
-0.00115644
-0.0011571
-0.0011573
-0.00115698
-0.00115618
-0.00115444
-0.00115187
-0.00114819
-0.00114318
-0.00113673
-0.00112864
-0.00111877
-0.00110717
-0.00109338
-0.00107784
-0.00105995
-0.00104007
-0.00101823
-0.000993883
-0.000967927
-0.000939439
-0.000909619
-0.000877698
-0.000844932
-0.000810878
-0.000776634
-0.000741877
-0.000708587
-0.000673026
-0.000641366
-0.000612184
-0.000585123
-0.00056042
-0.000538841
-0.000519692
-0.000503227
-0.000488045
-0.000473344
-0.000459032
-0.000444894
-0.000430641
-0.000416088
-0.000401164
-0.000385864
-0.000370226
-0.000354317
-0.000338224
-0.000322036
-0.000305832
-0.000289675
-0.00027361
-0.000257664
-0.000241845
-0.000226148
-0.000210555
-0.000195047
-0.000179597
-0.000164177
-0.000148764
-0.000133334
-0.00011787
-0.000102358
-8.6788e-05
-7.11565e-05
-5.5463e-05
-3.97185e-05
-2.39082e-05
-8.18309e-06
-0.00279947
-0.00278152
-0.0027674
-0.00275775
-0.00274806
-0.00273766
-0.00272713
-0.00271637
-0.00270505
-0.00269329
-0.00268125
-0.00266871
-0.00265583
-0.00264285
-0.00262961
-0.00261615
-0.00260258
-0.00258886
-0.00257501
-0.00256104
-0.00254697
-0.00253278
-0.00251846
-0.00250403
-0.00248947
-0.00247479
-0.00245996
-0.00244501
-0.00242993
-0.00241475
-0.00239947
-0.00238415
-0.00236885
-0.00235382
-0.00233883
-0.00232433
-0.00231186
-0.00230187
-0.00229434
-0.00228947
-0.00228719
-0.00228761
-0.00228953
-0.00229209
-0.00229516
-0.00229848
-0.00230174
-0.00230465
-0.00230727
-0.00230856
-0.0023087
-0.00230771
-0.0023054
-0.00230149
-0.00229607
-0.00228908
-0.00228054
-0.00227057
-0.00225876
-0.00224564
-0.00223107
-0.00221497
-0.00219733
-0.00217777
-0.00215658
-0.00213355
-0.00210916
-0.00208306
-0.00205567
-0.00202709
-0.00199748
-0.00196731
-0.00193656
-0.00190564
-0.00187477
-0.00184408
-0.00181384
-0.00178419
-0.00175525
-0.00172715
-0.0017
-0.00167382
-0.00164868
-0.00162458
-0.0016015
-0.00157943
-0.00155831
-0.00153806
-0.00151867
-0.00150004
-0.00148209
-0.0014648
-0.00144812
-0.00143194
-0.00141632
-0.0014011
-0.00138637
-0.00137198
-0.00135801
-0.00134433
-0.00133102
-0.00131798
-0.00130527
-0.00129286
-0.00128075
-0.00126902
-0.00125763
-0.00124668
-0.00123618
-0.00122618
-0.00121675
-0.00120792
-0.00119972
-0.00119222
-0.00118539
-0.00117931
-0.00117393
-0.00116924
-0.00116526
-0.00116191
-0.00115916
-0.00115698
-0.00115528
-0.00115402
-0.00115313
-0.00115253
-0.00115215
-0.00115192
-0.00115176
-0.00115157
-0.00115142
-0.00115112
-0.00115056
-0.00114959
-0.00114806
-0.00114609
-0.00114352
-0.00114004
-0.00113566
-0.00113021
-0.00112354
-0.00111557
-0.00110621
-0.00109538
-0.00108313
-0.00106922
-0.00105381
-0.0010367
-0.00101814
-0.000997979
-0.000975782
-0.000952163
-0.000926444
-0.000899343
-0.000870244
-0.000840045
-0.000808382
-0.000776071
-0.000742971
-0.000710808
-0.000676208
-0.000645004
-0.000616123
-0.000589236
-0.000564578
-0.000542982
-0.00052373
-0.000507
-0.00049143
-0.00047629
-0.000461539
-0.000446989
-0.000432359
-0.000417467
-0.000402246
-0.000386691
-0.00037084
-0.000354758
-0.000338527
-0.000322233
-0.000305947
-0.000289723
-0.000273602
-0.000257607
-0.000241743
-0.000226
-0.000210362
-0.000194808
-0.000179316
-0.00016386
-0.000148419
-0.000132971
-0.000117502
-0.000101999
-8.64515e-05
-7.0857e-05
-5.52135e-05
-3.95321e-05
-2.3786e-05
-8.18259e-06
-0.00280526
-0.0027867
-0.00277133
-0.0027601
-0.00274923
-0.00273803
-0.00272691
-0.00271576
-0.00270433
-0.00269258
-0.00268056
-0.00266822
-0.00265562
-0.00264285
-0.00262977
-0.00261651
-0.00260319
-0.00258968
-0.00257601
-0.00256223
-0.00254834
-0.00253434
-0.00252022
-0.002506
-0.00249166
-0.00247721
-0.00246265
-0.00244797
-0.0024332
-0.00241834
-0.00240343
-0.00238852
-0.00237365
-0.00235906
-0.00234459
-0.00233066
-0.00231863
-0.00230892
-0.00230154
-0.00229661
-0.00229399
-0.00229368
-0.00229458
-0.00229596
-0.00229762
-0.00229929
-0.00230069
-0.00230162
-0.00230185
-0.00230089
-0.00229878
-0.00229548
-0.0022909
-0.00228494
-0.00227766
-0.00226911
-0.00225932
-0.00224837
-0.00223618
-0.002223
-0.00220864
-0.00219327
-0.002177
-0.00215907
-0.00213962
-0.00211882
-0.00209687
-0.00207343
-0.00204868
-0.00202271
-0.00199563
-0.0019678
-0.0019392
-0.00191019
-0.00188095
-0.00185162
-0.00182252
-0.00179378
-0.00176549
-0.00173786
-0.00171101
-0.00168499
-0.00165987
-0.00163569
-0.00161245
-0.00159015
-0.00156877
-0.00154821
-0.00152848
-0.00150949
-0.00149115
-0.00147345
-0.00145632
-0.00143968
-0.00142356
-0.00140784
-0.00139259
-0.00137767
-0.00136319
-0.00134899
-0.0013352
-0.00132171
-0.0013086
-0.00129585
-0.00128346
-0.00127153
-0.00126001
-0.00124902
-0.00123856
-0.00122868
-0.00121942
-0.00121081
-0.00120287
-0.00119564
-0.00118907
-0.00118322
-0.00117801
-0.00117343
-0.00116947
-0.00116603
-0.00116309
-0.00116059
-0.00115846
-0.00115663
-0.00115505
-0.00115364
-0.00115234
-0.00115108
-0.00114979
-0.00114841
-0.00114689
-0.00114526
-0.00114314
-0.00114057
-0.0011375
-0.0011339
-0.00112962
-0.00112447
-0.00111842
-0.00111138
-0.00110326
-0.001094
-0.00108357
-0.00107196
-0.00105917
-0.00104526
-0.00102998
-0.00101349
-0.000996157
-0.000977487
-0.000957132
-0.000935599
-0.000912406
-0.000887864
-0.000861504
-0.000833886
-0.000804734
-0.000774641
-0.00074318
-0.000712458
-0.000679308
-0.000648846
-0.000620489
-0.000593993
-0.000569555
-0.000548016
-0.000528681
-0.000511659
-0.000495662
-0.000480026
-0.000464758
-0.000449705
-0.000434606
-0.000419294
-0.000403707
-0.000387845
-0.000371743
-0.000355465
-0.000339089
-0.000322689
-0.000306323
-0.000290033
-0.000273853
-0.000257804
-0.000241884
-0.000226077
-0.000210368
-0.000194741
-0.000179177
-0.000163653
-0.000148153
-0.000132659
-0.00011716
-0.000101645
-8.61054e-05
-7.05375e-05
-5.49386e-05
-3.93201e-05
-2.36429e-05
-8.16661e-06
-0.00280912
-0.00279034
-0.00277422
-0.00276203
-0.00275036
-0.00273857
-0.00272702
-0.00271559
-0.00270402
-0.00269224
-0.00268026
-0.00266805
-0.00265561
-0.00264297
-0.0026301
-0.00261707
-0.0026039
-0.00259057
-0.0025771
-0.00256351
-0.00254982
-0.00253603
-0.00252213
-0.00250813
-0.00249404
-0.00247986
-0.00246559
-0.00245123
-0.00243681
-0.00242233
-0.00240783
-0.00239337
-0.00237898
-0.00236487
-0.00235094
-0.00233758
-0.00232594
-0.00231644
-0.0023091
-0.00230399
-0.00230091
-0.00229978
-0.00229961
-0.00229974
-0.00229994
-0.00229993
-0.00229947
-0.00229837
-0.00229637
-0.00229326
-0.002289
-0.00228356
-0.00227694
-0.00226914
-0.00226021
-0.00225027
-0.00223935
-0.00222755
-0.00221492
-0.00220149
-0.00218728
-0.00217236
-0.00215687
-0.00214017
-0.00212223
-0.00210326
-0.00208322
-0.00206199
-0.00203957
-0.00201601
-0.00199133
-0.0019658
-0.00193942
-0.00191245
-0.00188505
-0.00185736
-0.00182962
-0.00180208
-0.00177471
-0.00174781
-0.0017215
-0.00169585
-0.00167096
-0.00164687
-0.00162362
-0.00160122
-0.00157966
-0.00155888
-0.00153888
-0.00151958
-0.0015009
-0.00148282
-0.0014653
-0.00144822
-0.00143166
-0.00141546
-0.00139973
-0.00138433
-0.00136938
-0.00135472
-0.00134052
-0.00132665
-0.00131322
-0.00130022
-0.00128764
-0.00127561
-0.00126406
-0.00125311
-0.00124275
-0.00123302
-0.00122396
-0.00121556
-0.00120784
-0.00120079
-0.00119437
-0.00118861
-0.00118341
-0.00117876
-0.0011746
-0.00117088
-0.00116752
-0.00116448
-0.00116169
-0.00115909
-0.00115663
-0.00115425
-0.00115187
-0.00114946
-0.00114694
-0.00114427
-0.0011414
-0.00113825
-0.00113465
-0.00113059
-0.00112602
-0.00112086
-0.001115
-0.00110834
-0.00110084
-0.00109243
-0.00108308
-0.00107276
-0.00106147
-0.00104925
-0.00103611
-0.0010221
-0.00100716
-0.000991302
-0.000974831
-0.0009575
-0.000938813
-0.000919121
-0.000898167
-0.000875975
-0.000852186
-0.000827073
-0.000800408
-0.000772659
-0.000742988
-0.000713866
-0.000682496
-0.000653041
-0.000625395
-0.000599443
-0.000575354
-0.000553921
-0.000534501
-0.000517137
-0.000500649
-0.000484456
-0.000468594
-0.000452949
-0.000437295
-0.000421486
-0.000405474
-0.000389261
-0.000372882
-0.000356399
-0.000339879
-0.000323379
-0.000306941
-0.000290588
-0.000274351
-0.000258246
-0.00024226
-0.000226369
-0.000210564
-0.000194835
-0.000179167
-0.000163544
-0.000147953
-0.000132385
-0.000116831
-0.000101284
-8.57365e-05
-7.01857e-05
-5.46273e-05
-3.90728e-05
-2.34715e-05
-8.13283e-06
-0.00281153
-0.00279269
-0.00277617
-0.00276343
-0.00275127
-0.00273912
-0.0027273
-0.00271568
-0.00270402
-0.00269223
-0.00268029
-0.00266817
-0.00265585
-0.00264333
-0.00263063
-0.00261776
-0.00260474
-0.00259158
-0.0025783
-0.0025649
-0.00255141
-0.00253782
-0.00252415
-0.00251039
-0.00249657
-0.00248267
-0.00246871
-0.0024547
-0.00244065
-0.00242659
-0.00241254
-0.00239855
-0.00238467
-0.00237106
-0.00235767
-0.00234485
-0.00233358
-0.00232423
-0.00231684
-0.00231145
-0.00230784
-0.00230583
-0.00230454
-0.0023034
-0.00230211
-0.0023004
-0.00229809
-0.00229499
-0.00229091
-0.00228574
-0.00227946
-0.00227208
-0.00226364
-0.00225422
-0.00224386
-0.0022327
-0.00222081
-0.00220828
-0.0021952
-0.00218154
-0.00216746
-0.00215282
-0.00213771
-0.00212183
-0.00210517
-0.00208764
-0.00206913
-0.00204971
-0.00202928
-0.00200782
-0.00198533
-0.00196196
-0.00193772
-0.00191279
-0.00188731
-0.0018614
-0.00183522
-0.00180905
-0.00178291
-0.00175697
-0.00173142
-0.00170636
-0.0016819
-0.0016581
-0.00163499
-0.00161264
-0.00159104
-0.00157013
-0.00154994
-0.00153041
-0.00151145
-0.00149306
-0.0014752
-0.00145774
-0.0014408
-0.00142419
-0.00140805
-0.00139223
-0.00137688
-0.00136185
-0.00134732
-0.00133316
-0.0013195
-0.00130633
-0.00129366
-0.00128159
-0.00127008
-0.00125921
-0.00124898
-0.0012394
-0.00123049
-0.00122223
-0.00121461
-0.00120761
-0.00120118
-0.00119531
-0.00118992
-0.00118496
-0.00118039
-0.00117614
-0.00117214
-0.00116836
-0.00116472
-0.00116118
-0.00115769
-0.0011542
-0.00115066
-0.00114701
-0.00114322
-0.00113922
-0.00113497
-0.00113039
-0.00112538
-0.00111991
-0.00111392
-0.00110734
-0.00110008
-0.0010921
-0.00108335
-0.0010738
-0.00106343
-0.00105226
-0.00104032
-0.00102763
-0.00101426
-0.00100026
-0.000985631
-0.000970412
-0.000954701
-0.000938415
-0.000921247
-0.000903207
-0.000884236
-0.000864182
-0.000842772
-0.000820052
-0.000795804
-0.000770288
-0.000742872
-0.000715354
-0.00068588
-0.000657641
-0.000630859
-0.000605562
-0.000581908
-0.000560599
-0.000541074
-0.000523298
-0.000506246
-0.000489428
-0.0004729
-0.000456585
-0.000440303
-0.000423937
-0.000407453
-0.000390854
-0.00037418
-0.000357489
-0.000340838
-0.000324268
-0.000307763
-0.000291329
-0.000275031
-0.00025888
-0.000242823
-0.00022683
-0.000210905
-0.000195048
-0.000179251
-0.000163501
-0.000147792
-0.000132125
-0.000116496
-0.0001009
-8.53336e-05
-6.97927e-05
-5.4273e-05
-3.87854e-05
-2.3269e-05
-8.07823e-06
-0.00281275
-0.00279389
-0.00277722
-0.00276425
-0.00275189
-0.00273957
-0.00272764
-0.00271595
-0.00270427
-0.00269249
-0.0026806
-0.00266856
-0.00265633
-0.00264393
-0.00263135
-0.00261862
-0.00260574
-0.00259273
-0.00257961
-0.00256639
-0.00255308
-0.0025397
-0.00252625
-0.00251274
-0.00249919
-0.00248559
-0.00247196
-0.0024583
-0.00244464
-0.00243101
-0.00241742
-0.00240392
-0.00239056
-0.00237746
-0.0023646
-0.00235232
-0.00234138
-0.00233214
-0.00232465
-0.00231892
-0.00231471
-0.00231178
-0.00230937
-0.00230693
-0.00230413
-0.00230073
-0.00229658
-0.00229153
-0.00228549
-0.00227838
-0.00227023
-0.00226111
-0.00225107
-0.00224022
-0.00222863
-0.00221644
-0.00220374
-0.00219058
-0.0021771
-0.00216322
-0.00214914
-0.00213468
-0.00211992
-0.00210469
-0.0020889
-0.00207243
-0.00205523
-0.0020373
-0.00201852
-0.00199885
-0.00197828
-0.00195686
-0.00193461
-0.00191163
-0.00188804
-0.00186392
-0.00183942
-0.00181467
-0.00178994
-0.00176521
-0.00174064
-0.00171639
-0.00169256
-0.00166923
-0.00164647
-0.00162432
-0.00160282
-0.00158192
-0.00156166
-0.00154199
-0.00152285
-0.00150423
-0.00148611
-0.00146838
-0.00145113
-0.0014342
-0.00141774
-0.00140161
-0.00138596
-0.00137066
-0.00135589
-0.00134155
-0.00132776
-0.0013145
-0.0013018
-0.00128975
-0.00127829
-0.00126749
-0.00125734
-0.00124784
-0.00123897
-0.0012307
-0.00122301
-0.00121586
-0.00120919
-0.00120299
-0.00119718
-0.00119169
-0.00118647
-0.00118147
-0.00117664
-0.00117193
-0.00116729
-0.00116268
-0.00115806
-0.00115338
-0.00114862
-0.00114372
-0.00113865
-0.00113335
-0.00112777
-0.00112185
-0.00111553
-0.00110875
-0.00110148
-0.00109363
-0.00108517
-0.00107605
-0.00106625
-0.00105575
-0.00104458
-0.00103274
-0.0010203
-0.0010073
-0.000993801
-0.000979887
-0.000965551
-0.00095089
-0.000935912
-0.000920541
-0.000904648
-0.000888113
-0.000870908
-0.000852791
-0.00083357
-0.000813117
-0.000791212
-0.000767947
-0.000742824
-0.000717016
-0.000689506
-0.000662628
-0.000636829
-0.000612259
-0.000589086
-0.000567898
-0.000548228
-0.000529965
-0.000512271
-0.000494761
-0.000477499
-0.000460449
-0.000443482
-0.000426533
-0.000409554
-0.000392527
-0.000375534
-0.000358615
-0.000341819
-0.00032525
-0.000308754
-0.000292207
-0.000275802
-0.000259613
-0.000243487
-0.000227369
-0.000211306
-0.000195309
-0.000179367
-0.000163473
-0.000147633
-0.00013185
-0.000116134
-0.000100482
-8.48903e-05
-6.93565e-05
-5.38765e-05
-3.84605e-05
-2.30418e-05
-8.00148e-06
-0.00281286
-0.00279405
-0.00277742
-0.00276448
-0.00275215
-0.00273987
-0.00272798
-0.00271634
-0.00270471
-0.002693
-0.00268118
-0.00266921
-0.00265707
-0.00264475
-0.00263228
-0.00261965
-0.00260689
-0.00259402
-0.00258104
-0.00256798
-0.00255485
-0.00254166
-0.00252842
-0.00251515
-0.00250186
-0.00248855
-0.00247525
-0.00246195
-0.00244868
-0.00243548
-0.00242236
-0.00240936
-0.00239651
-0.00238392
-0.0023716
-0.00235983
-0.00234921
-0.00234005
-0.00233243
-0.00232633
-0.0023215
-0.00231764
-0.00231408
-0.00231033
-0.00230601
-0.00230092
-0.00229497
-0.00228805
-0.00228014
-0.00227122
-0.00226137
-0.00225069
-0.00223924
-0.00222717
-0.00221455
-0.00220151
-0.00218812
-0.00217445
-0.00216064
-0.00214657
-0.00213247
-0.00211814
-0.00210364
-0.00208887
-0.00207372
-0.00205811
-0.00204196
-0.00202522
-0.00200779
-0.00198963
-0.0019707
-0.001951
-0.00193054
-0.00190937
-0.00188757
-0.0018652
-0.00184239
-0.00181918
-0.00179586
-0.00177244
-0.00174903
-0.00172576
-0.00170275
-0.00168009
-0.00165784
-0.00163608
-0.00161483
-0.00159409
-0.00157391
-0.00155423
-0.00153503
-0.0015163
-0.00149804
-0.00148013
-0.00146269
-0.00144557
-0.00142891
-0.00141259
-0.00139676
-0.00138131
-0.00136641
-0.00135198
-0.00133813
-0.00132484
-0.00131214
-0.00130008
-0.00128864
-0.00127784
-0.00126768
-0.00125812
-0.00124915
-0.00124069
-0.00123272
-0.00122517
-0.00121801
-0.00121123
-0.00120475
-0.00119849
-0.00119242
-0.00118649
-0.00118067
-0.0011749
-0.00116916
-0.0011634
-0.00115761
-0.00115173
-0.00114575
-0.00113962
-0.00113331
-0.00112678
-0.00111996
-0.00111282
-0.00110531
-0.00109735
-0.00108894
-0.00108
-0.00107049
-0.00106042
-0.00104975
-0.00103849
-0.00102668
-0.00101433
-0.00100154
-0.000988328
-0.000974791
-0.000961005
-0.000946975
-0.000932808
-0.000918497
-0.00090396
-0.000889193
-0.000873978
-0.000858344
-0.000841974
-0.000824779
-0.000806449
-0.000786796
-0.000765767
-0.000742882
-0.000718908
-0.000693388
-0.000667962
-0.000643225
-0.000619421
-0.000596742
-0.000575645
-0.000555769
-0.000536941
-0.000518539
-0.000500274
-0.000482211
-0.000464371
-0.000446645
-0.000429107
-0.000411691
-0.00039422
-0.00037688
-0.000359783
-0.000342876
-0.000326152
-0.000309545
-0.000293005
-0.000276585
-0.000260352
-0.00024415
-0.000227881
-0.000211661
-0.000195519
-0.000179434
-0.000163398
-0.000147426
-0.000131521
-0.000115722
-0.000100018
-8.44031e-05
-6.88801e-05
-5.34449e-05
-3.81061e-05
-2.28068e-05
-7.91568e-06
-0.00281186
-0.00279317
-0.00277676
-0.0027641
-0.00275205
-0.00274001
-0.00272832
-0.00271685
-0.00270536
-0.00269375
-0.00268202
-0.00267013
-0.00265806
-0.00264581
-0.00263341
-0.00262087
-0.0026082
-0.00259543
-0.00258258
-0.00256965
-0.00255668
-0.00254367
-0.00253063
-0.00251759
-0.00250454
-0.00249152
-0.00247852
-0.00246557
-0.00245269
-0.00243991
-0.00242725
-0.00241473
-0.0024024
-0.00239032
-0.00237853
-0.00236727
-0.00235697
-0.00234789
-0.00234014
-0.00233365
-0.00232819
-0.00232341
-0.00231872
-0.00231364
-0.00230779
-0.00230102
-0.00229329
-0.00228456
-0.00227489
-0.0022643
-0.00225291
-0.00224085
-0.00222819
-0.0022151
-0.00220161
-0.00218788
-0.00217396
-0.00215989
-0.00214582
-0.00213159
-0.00211746
-0.00210322
-0.00208893
-0.00207451
-0.00205985
-0.00204491
-0.00202957
-0.00201379
-0.00199747
-0.00198056
-0.00196302
-0.00194479
-0.00192592
-0.00190637
-0.00188621
-0.00186549
-0.0018443
-0.00182269
-0.00180079
-0.00177871
-0.00175654
-0.00173438
-0.00171232
-0.00169047
-0.0016689
-0.00164768
-0.00162686
-0.00160644
-0.00158647
-0.00156693
-0.00154782
-0.00152912
-0.00151083
-0.0014929
-0.00147539
-0.00145822
-0.00144148
-0.00142511
-0.00140921
-0.00139372
-0.00137878
-0.00136435
-0.0013505
-0.00133721
-0.00132446
-0.00131231
-0.00130076
-0.00128984
-0.00127949
-0.00126964
-0.00126029
-0.00125141
-0.00124296
-0.00123487
-0.00122706
-0.00121946
-0.00121209
-0.0012049
-0.00119783
-0.00119086
-0.00118394
-0.00117705
-0.00117017
-0.00116325
-0.00115629
-0.00114924
-0.00114209
-0.0011348
-0.00112734
-0.00111967
-0.00111173
-0.00110349
-0.0010949
-0.00108591
-0.00107651
-0.00106663
-0.00105625
-0.00104538
-0.00103401
-0.00102214
-0.00100984
-0.000997118
-0.000984085
-0.000970762
-0.000957254
-0.000943631
-0.00092991
-0.000916195
-0.000902493
-0.000888709
-0.000874924
-0.000860865
-0.00084663
-0.000831858
-0.000816493
-0.000800121
-0.000782711
-0.000763858
-0.000743189
-0.000721116
-0.000697545
-0.000673616
-0.000649991
-0.000626953
-0.000604746
-0.000583681
-0.000563501
-0.000544008
-0.000524857
-0.000505806
-0.000486879
-0.000468221
-0.000449788
-0.000431578
-0.000413569
-0.000395726
-0.000378135
-0.000360831
-0.000343771
-0.000326925
-0.000310249
-0.000293693
-0.000277241
-0.000260885
-0.000244554
-0.000228209
-0.000211891
-0.000195618
-0.000179392
-0.000163225
-0.000147142
-0.000131117
-0.000115263
-9.95129e-05
-8.3877e-05
-6.83673e-05
-5.29773e-05
-3.77145e-05
-2.25064e-05
-7.77488e-06
-0.00280967
-0.00279114
-0.00277518
-0.00276312
-0.00275161
-0.00274003
-0.0027287
-0.00271751
-0.00270623
-0.00269477
-0.00268314
-0.00267132
-0.0026593
-0.00264709
-0.00263475
-0.00262226
-0.00260965
-0.00259696
-0.00258421
-0.0025714
-0.00255855
-0.0025457
-0.00253284
-0.00252
-0.00250719
-0.00249442
-0.00248172
-0.0024691
-0.00245658
-0.0024442
-0.00243197
-0.00241992
-0.0024081
-0.00239652
-0.00238527
-0.00237452
-0.00236456
-0.00235561
-0.00234775
-0.0023409
-0.00233482
-0.00232913
-0.00232332
-0.00231689
-0.00230949
-0.00230103
-0.00229156
-0.00228109
-0.00226976
-0.00225764
-0.00224488
-0.00223162
-0.00221795
-0.00220402
-0.00218986
-0.00217558
-0.00216126
-0.00214688
-0.00213261
-0.00211828
-0.00210414
-0.00208997
-0.00207584
-0.00206168
-0.00204741
-0.00203298
-0.00201828
-0.00200327
-0.00198785
-0.00197197
-0.00195559
-0.00193862
-0.0019211
-0.00190298
-0.00188429
-0.00186508
-0.00184538
-0.00182526
-0.00180478
-0.00178405
-0.00176316
-0.00174218
-0.00172115
-0.00170022
-0.00167946
-0.00165892
-0.00163865
-0.0016187
-0.00159911
-0.00157986
-0.00156097
-0.00154243
-0.00152426
-0.00150642
-0.00148898
-0.00147187
-0.00145518
-0.00143886
-0.00142298
-0.00140752
-0.00139254
-0.00137807
-0.00136421
-0.00135099
-0.00133828
-0.00132596
-0.00131408
-0.00130281
-0.0012921
-0.0012818
-0.00127189
-0.00126236
-0.00125317
-0.0012443
-0.00123565
-0.00122708
-0.00121863
-0.00121039
-0.00120229
-0.00119425
-0.00118623
-0.00117823
-0.00117022
-0.00116219
-0.00115412
-0.00114598
-0.00113774
-0.00112939
-0.00112089
-0.00111218
-0.00110325
-0.00109404
-0.00108452
-0.00107463
-0.00106437
-0.00105369
-0.00104259
-0.00103107
-0.00101914
-0.0010068
-0.000994146
-0.000981163
-0.000967991
-0.00095463
-0.000941207
-0.000927772
-0.000914362
-0.000901062
-0.000887914
-0.000874798
-0.000861868
-0.000848818
-0.000835819
-0.000822473
-0.000808789
-0.000794338
-0.00077897
-0.000762165
-0.000743882
-0.000723739
-0.000702031
-0.000679612
-0.000657105
-0.000634782
-0.000612988
-0.00059187
-0.000571292
-0.000551067
-0.000531012
-0.000511078
-0.000491323
-0.000471846
-0.000452666
-0.000433796
-0.000415251
-0.000397035
-0.000379165
-0.000361643
-0.000344428
-0.000327472
-0.000310717
-0.000294104
-0.00027759
-0.000261141
-0.000244718
-0.000228294
-0.00021188
-0.000195496
-0.000179159
-0.00016289
-0.000146717
-0.000130638
-0.000114727
-9.89486e-05
-8.33139e-05
-6.78319e-05
-5.24963e-05
-3.73145e-05
-2.22155e-05
-7.63091e-06
-0.00280603
-0.00278779
-0.00277262
-0.00276155
-0.00275091
-0.00274
-0.0027292
-0.00271842
-0.0027074
-0.00269611
-0.00268458
-0.00267282
-0.00266079
-0.00264858
-0.00263627
-0.00262382
-0.00261122
-0.00259856
-0.00258589
-0.00257317
-0.00256043
-0.00254771
-0.002535
-0.00252234
-0.00250974
-0.0024972
-0.00248476
-0.00247244
-0.00246025
-0.00244823
-0.00243641
-0.00242481
-0.00241348
-0.00240241
-0.0023917
-0.00238148
-0.00237191
-0.00236316
-0.00235527
-0.0023481
-0.00234144
-0.00233486
-0.00232793
-0.00232012
-0.00231112
-0.00230095
-0.00228978
-0.00227764
-0.00226478
-0.00225128
-0.00223734
-0.00222308
-0.00220859
-0.00219399
-0.00217931
-0.00216464
-0.00215003
-0.00213544
-0.00212105
-0.00210665
-0.00209252
-0.00207841
-0.00206443
-0.00205047
-0.0020365
-0.00202246
-0.00200826
-0.00199386
-0.00197917
-0.00196412
-0.00194869
-0.00193278
-0.00191641
-0.00189952
-0.00188213
-0.00186426
-0.00184592
-0.00182717
-0.00180803
-0.00178859
-0.001769
-0.0017492
-0.00172921
-0.00170927
-0.00168939
-0.00166961
-0.00165001
-0.00163065
-0.00161154
-0.00159271
-0.00157416
-0.00155591
-0.00153796
-0.00152033
-0.00150305
-0.00148611
-0.00146954
-0.00145335
-0.00143756
-0.00142216
-0.0014072
-0.00139272
-0.00137877
-0.0013653
-0.00135229
-0.00133969
-0.00132754
-0.00131591
-0.00130467
-0.00129366
-0.00128299
-0.00127268
-0.00126264
-0.0012528
-0.00124315
-0.0012336
-0.00122418
-0.00121488
-0.00120569
-0.00119654
-0.00118744
-0.00117837
-0.00116931
-0.00116025
-0.00115117
-0.00114204
-0.00113284
-0.00112354
-0.00111411
-0.00110451
-0.0010947
-0.00108464
-0.00107432
-0.00106366
-0.00105269
-0.00104135
-0.00102966
-0.00101762
-0.00100526
-0.000992575
-0.000979678
-0.000966532
-0.000953309
-0.000939976
-0.000926685
-0.000913455
-0.000900358
-0.000887439
-0.00087479
-0.000862255
-0.000850068
-0.000837883
-0.000825963
-0.000813875
-0.000801718
-0.000789017
-0.000775615
-0.000760992
-0.000745007
-0.000726709
-0.000706889
-0.000686019
-0.000664582
-0.000642858
-0.000621375
-0.000600066
-0.000578936
-0.00055786
-0.00053685
-0.000515999
-0.000495377
-0.000475074
-0.000455157
-0.000435668
-0.000416628
-0.000398038
-0.000379889
-0.000362156
-0.000344785
-0.00032771
-0.000310863
-0.000294175
-0.00027759
-0.000261064
-0.000244562
-0.000228064
-0.000211577
-0.000195117
-0.000178708
-0.000162375
-0.000146141
-0.000130075
-0.000114114
-9.83291e-05
-8.27179e-05
-6.72777e-05
-5.20045e-05
-3.69076e-05
-2.19236e-05
-7.47651e-06
-0.00280046
-0.00278288
-0.00276896
-0.00275945
-0.00275007
-0.00274008
-0.00272999
-0.00271972
-0.00270898
-0.0026978
-0.00268637
-0.00267468
-0.00266255
-0.00265022
-0.00263791
-0.00262546
-0.00261286
-0.00260021
-0.00258756
-0.00257489
-0.00256224
-0.00254962
-0.00253705
-0.00252454
-0.00251211
-0.00249977
-0.00248756
-0.00247549
-0.00246359
-0.0024519
-0.00244045
-0.00242927
-0.0024184
-0.00240783
-0.00239769
-0.00238804
-0.00237895
-0.00237052
-0.00236269
-0.00235528
-0.00234809
-0.00234065
-0.00233261
-0.00232335
-0.00231266
-0.00230077
-0.00228793
-0.00227422
-0.00225997
-0.00224527
-0.00223035
-0.00221529
-0.00220018
-0.0021851
-0.00217007
-0.00215514
-0.00214034
-0.00212564
-0.00211119
-0.00209677
-0.00208267
-0.00206862
-0.00205476
-0.00204096
-0.00202723
-0.00201349
-0.00199969
-0.00198576
-0.00197166
-0.00195728
-0.00194262
-0.00192757
-0.00191217
-0.00189632
-0.00188004
-0.00186334
-0.00184621
-0.00182868
-0.00181079
-0.00179258
-0.00177412
-0.00175542
-0.00173656
-0.00171762
-0.00169864
-0.00167967
-0.0016608
-0.0016421
-0.00162357
-0.00160526
-0.00158717
-0.00156928
-0.0015516
-0.00153422
-0.00151713
-0.00150039
-0.00148398
-0.00146796
-0.00145224
-0.00143683
-0.00142174
-0.00140714
-0.00139302
-0.00137929
-0.00136594
-0.00135295
-0.00134031
-0.00132803
-0.00131605
-0.00130434
-0.00129289
-0.0012817
-0.00127071
-0.00125989
-0.00124922
-0.00123868
-0.00122826
-0.00121795
-0.00120774
-0.0011976
-0.00118752
-0.0011775
-0.00116751
-0.00115754
-0.00114757
-0.00113758
-0.00112754
-0.00111742
-0.00110718
-0.00109681
-0.00108625
-0.00107547
-0.00106447
-0.00105317
-0.00104162
-0.00102975
-0.0010176
-0.00100516
-0.000992503
-0.000979579
-0.000966547
-0.00095333
-0.000940137
-0.000926886
-0.000913773
-0.000900763
-0.000887973
-0.000875399
-0.000863197
-0.000851157
-0.000839603
-0.000828139
-0.000817137
-0.000806127
-0.000795327
-0.000784226
-0.00077272
-0.00076021
-0.0007466
-0.000730267
-0.000712284
-0.000692766
-0.000672266
-0.00065113
-0.000629812
-0.000608093
-0.000586212
-0.000564164
-0.000542145
-0.000520344
-0.000498841
-0.000477738
-0.000457134
-0.000437084
-0.000417597
-0.000398663
-0.000380256
-0.000362325
-0.000344799
-0.0003276
-0.000310655
-0.000293885
-0.000277227
-0.000260632
-0.000244066
-0.000227515
-0.00021098
-0.000194479
-0.000178038
-0.000161682
-0.00014544
-0.000129371
-0.000113421
-9.76595e-05
-8.20874e-05
-6.67003e-05
-5.14965e-05
-3.64871e-05
-2.16183e-05
-7.31261e-06
-0.00279213
-0.00277577
-0.00276413
-0.002757
-0.00274933
-0.00274055
-0.00273129
-0.00272162
-0.00271119
-0.0027
-0.00268847
-0.00267668
-0.0026645
-0.00265209
-0.00263964
-0.00262709
-0.00261445
-0.00260179
-0.00258915
-0.00257652
-0.00256393
-0.00255139
-0.00253891
-0.00252652
-0.00251423
-0.00250205
-0.00249002
-0.00247817
-0.00246651
-0.0024551
-0.00244396
-0.00243315
-0.0024227
-0.00241262
-0.00240307
-0.00239404
-0.00238555
-0.00237762
-0.00237002
-0.00236247
-0.00235479
-0.00234651
-0.00233734
-0.00232652
-0.00231405
-0.0023004
-0.00228597
-0.00227082
-0.00225539
-0.00223971
-0.00222404
-0.00220841
-0.00219288
-0.0021775
-0.00216226
-0.00214718
-0.00213232
-0.00211757
-0.00210313
-0.00208873
-0.00207469
-0.00206071
-0.00204696
-0.0020333
-0.00201977
-0.00200626
-0.00199277
-0.0019792
-0.00196555
-0.00195169
-0.00193766
-0.0019233
-0.00190868
-0.0018937
-0.00187834
-0.00186263
-0.00184653
-0.00183007
-0.00181326
-0.00179615
-0.00177874
-0.0017611
-0.00174326
-0.00172528
-0.00170721
-0.00168909
-0.00167099
-0.00165296
-0.001635
-0.00161717
-0.00159948
-0.00158197
-0.00156463
-0.00154756
-0.00153071
-0.00151415
-0.00149784
-0.00148185
-0.00146609
-0.00145067
-0.00143551
-0.00142074
-0.00140627
-0.00139214
-0.0013783
-0.00136476
-0.0013515
-0.00133852
-0.00132577
-0.00131328
-0.00130097
-0.00128889
-0.00127697
-0.00126522
-0.00125362
-0.00124216
-0.00123082
-0.00121961
-0.0012085
-0.00119749
-0.00118658
-0.00117573
-0.00116494
-0.0011542
-0.00114347
-0.00113275
-0.00112199
-0.00111117
-0.00110027
-0.00108924
-0.00107806
-0.00106669
-0.00105514
-0.00104332
-0.00103133
-0.00101905
-0.00100659
-0.00099388
-0.000981044
-0.000967994
-0.000954933
-0.000941729
-0.000928641
-0.000915523
-0.000902626
-0.000889843
-0.000877355
-0.000865086
-0.000853279
-0.000841641
-0.000830611
-0.000819717
-0.000809464
-0.000799333
-0.000789691
-0.000780008
-0.000770279
-0.000759843
-0.000748758
-0.000734378
-0.000718094
-0.000699848
-0.000680178
-0.000659393
-0.000638015
-0.000615629
-0.000592776
-0.000569647
-0.000546583
-0.00052383
-0.000501477
-0.000479647
-0.000458447
-0.000437922
-0.000418058
-0.000398836
-0.000380211
-0.00036211
-0.000344446
-0.00032713
-0.000310092
-0.000293244
-0.000276519
-0.000259868
-0.000243258
-0.000226672
-0.000210116
-0.000193606
-0.000177165
-0.000160821
-0.000144604
-0.000128545
-0.000112645
-9.69321e-05
-8.14126e-05
-6.60884e-05
-5.09591e-05
-3.60376e-05
-2.12801e-05
-7.1378e-06
-0.00277984
-0.00276553
-0.00275843
-0.00275473
-0.00274907
-0.00274202
-0.00273363
-0.00272417
-0.00271382
-0.00270257
-0.00269082
-0.00267879
-0.00266647
-0.00265394
-0.00264132
-0.00262864
-0.00261594
-0.00260324
-0.00259058
-0.00257797
-0.00256542
-0.00255293
-0.00254052
-0.00252822
-0.00251603
-0.00250397
-0.00249208
-0.00248038
-0.00246891
-0.0024577
-0.00244682
-0.0024363
-0.00242623
-0.00241659
-0.00240761
-0.00239924
-0.00239153
-0.00238433
-0.00237716
-0.00236956
-0.00236145
-0.00235231
-0.00234197
-0.00232945
-0.00231508
-0.00229973
-0.00228386
-0.00226751
-0.00225115
-0.00223478
-0.00221862
-0.00220264
-0.00218689
-0.00217136
-0.00215606
-0.00214096
-0.00212611
-0.00211141
-0.00209703
-0.0020827
-0.00206875
-0.00205485
-0.00204123
-0.00202768
-0.00201432
-0.00200099
-0.00198774
-0.00197445
-0.00196115
-0.00194768
-0.00193413
-0.00192031
-0.00190631
-0.001892
-0.00187739
-0.00186248
-0.00184722
-0.00183165
-0.00181574
-0.00179956
-0.00178307
-0.00176635
-0.00174941
-0.00173228
-0.00171502
-0.00169767
-0.00168026
-0.00166286
-0.00164545
-0.00162814
-0.00161088
-0.00159378
-0.00157676
-0.00155996
-0.00154327
-0.00152683
-0.00151056
-0.00149456
-0.0014787
-0.00146313
-0.00144773
-0.00143262
-0.00141773
-0.00140311
-0.00138871
-0.00137455
-0.00136061
-0.00134691
-0.00133339
-0.0013201
-0.00130697
-0.00129406
-0.0012813
-0.00126872
-0.0012563
-0.00124403
-0.0012319
-0.00121992
-0.00120806
-0.00119633
-0.00118471
-0.00117319
-0.00116175
-0.00115037
-0.00113902
-0.0011277
-0.00111636
-0.00110498
-0.00109354
-0.00108199
-0.00107033
-0.0010585
-0.00104656
-0.00103437
-0.00102208
-0.00100954
-0.000996898
-0.000984047
-0.000971164
-0.000958094
-0.000945107
-0.000931992
-0.000919079
-0.000906132
-0.000893486
-0.000880928
-0.000868736
-0.000856727
-0.00084526
-0.000833934
-0.000823313
-0.000812836
-0.000803145
-0.000793665
-0.000784935
-0.000776423
-0.000768282
-0.000759848
-0.00075143
-0.000738946
-0.000724169
-0.000707035
-0.00068795
-0.000667201
-0.000645469
-0.00062212
-0.000598075
-0.000573809
-0.000549733
-0.000526102
-0.000503005
-0.000480585
-0.00045893
-0.000438057
-0.000417919
-0.000398499
-0.000379722
-0.000361496
-0.000343729
-0.000326329
-0.000309206
-0.000292284
-0.000275505
-0.000258815
-0.000242177
-0.000225579
-0.000209025
-0.00019253
-0.000176116
-0.00015981
-0.000143639
-0.000127627
-0.000111789
-9.61392e-05
-8.06858e-05
-6.54328e-05
-5.03804e-05
-3.55428e-05
-2.08858e-05
-6.94756e-06
-0.00276058
-0.00275314
-0.00275448
-0.00275431
-0.00275016
-0.00274442
-0.00273668
-0.00272719
-0.0027166
-0.0027052
-0.00269321
-0.00268087
-0.00266829
-0.00265556
-0.00264278
-0.00262998
-0.00261721
-0.00260447
-0.00259179
-0.00257918
-0.00256665
-0.00255419
-0.00254183
-0.00252958
-0.00251745
-0.00250547
-0.00249366
-0.00248206
-0.0024707
-0.00245963
-0.0024489
-0.00243859
-0.00242877
-0.00241947
-0.00241098
-0.00240324
-0.00239647
-0.00239028
-0.00238375
-0.00237619
-0.00236765
-0.00235761
-0.00234603
-0.00233168
-0.00231545
-0.00229859
-0.00228159
-0.00226439
-0.00224745
-0.0022307
-0.00221433
-0.00219822
-0.00218244
-0.00216692
-0.00215168
-0.00213665
-0.00212191
-0.00210732
-0.00209307
-0.00207887
-0.00206504
-0.00205126
-0.00203777
-0.00202435
-0.00201114
-0.00199796
-0.00198492
-0.00197183
-0.00195881
-0.00194564
-0.00193244
-0.00191902
-0.00190547
-0.00189167
-0.00187761
-0.00186331
-0.00184868
-0.00183379
-0.00181858
-0.00180311
-0.00178735
-0.00177135
-0.00175511
-0.00173868
-0.00172208
-0.00170536
-0.00168852
-0.00167166
-0.00165472
-0.00163784
-0.00162094
-0.00160414
-0.00158735
-0.00157072
-0.00155412
-0.0015377
-0.00152135
-0.00150526
-0.00148922
-0.0014734
-0.00145767
-0.00144217
-0.0014268
-0.00141166
-0.00139666
-0.00138188
-0.00136726
-0.00135287
-0.00133862
-0.00132461
-0.00131075
-0.00129711
-0.00128363
-0.00127035
-0.00125723
-0.0012443
-0.00123153
-0.00121893
-0.00120648
-0.00119417
-0.00118201
-0.00116995
-0.001158
-0.00114613
-0.00113432
-0.00112255
-0.00111078
-0.001099
-0.00108718
-0.00107528
-0.00106331
-0.00105119
-0.00103902
-0.00102661
-0.0010142
-0.00100155
-0.000988883
-0.000976021
-0.000963212
-0.000950226
-0.000937398
-0.000924439
-0.000911751
-0.000899006
-0.000886627
-0.000874289
-0.000862382
-0.000850593
-0.000839408
-0.000828313
-0.000817987
-0.000807779
-0.000798451
-0.000789373
-0.000781243
-0.000773555
-0.000766671
-0.000760053
-0.000754354
-0.000743642
-0.000730019
-0.00071366
-0.000694795
-0.000673701
-0.000651257
-0.000626697
-0.000601349
-0.000576021
-0.0005511
-0.000526798
-0.000503161
-0.000480363
-0.000458445
-0.00043738
-0.000417124
-0.000397613
-0.000378756
-0.000360457
-0.000342629
-0.000325182
-0.00030801
-0.000291039
-0.000274223
-0.000257508
-0.00024086
-0.000224269
-0.000207736
-0.000191276
-0.00017491
-0.00015866
-0.000142553
-0.000126609
-0.000110845
-9.52713e-05
-7.98967e-05
-6.47255e-05
-4.97558e-05
-3.49957e-05
-2.04273e-05
-6.73961e-06
-0.00271854
-0.00273828
-0.00275191
-0.00275516
-0.0027528
-0.0027477
-0.0027402
-0.00273052
-0.00271945
-0.00270757
-0.00269519
-0.00268253
-0.00266971
-0.00265683
-0.00264393
-0.00263106
-0.00261824
-0.00260548
-0.00259279
-0.00258018
-0.00256765
-0.0025552
-0.00254286
-0.00253062
-0.00251851
-0.00250655
-0.00249476
-0.00248318
-0.00247184
-0.0024608
-0.00245011
-0.00243984
-0.00243009
-0.00242093
-0.00241265
-0.00240525
-0.0023994
-0.0023945
-0.00238869
-0.00238122
-0.00237226
-0.00236141
-0.00234866
-0.00233264
-0.0023149
-0.00229696
-0.00227925
-0.00226162
-0.00224448
-0.00222764
-0.0022113
-0.00219526
-0.00217961
-0.00216422
-0.00214915
-0.0021343
-0.00211974
-0.00210532
-0.00209125
-0.00207725
-0.00206359
-0.00204998
-0.00203667
-0.00202339
-0.00201037
-0.00199734
-0.0019845
-0.00197159
-0.0019588
-0.00194586
-0.00193294
-0.00191981
-0.00190659
-0.00189315
-0.00187949
-0.0018656
-0.00185142
-0.001837
-0.00182225
-0.00180727
-0.00179199
-0.00177647
-0.00176071
-0.00174472
-0.00172856
-0.00171224
-0.00169577
-0.00167924
-0.00166259
-0.00164597
-0.00162925
-0.00161261
-0.00159591
-0.00157932
-0.00156269
-0.00154621
-0.00152971
-0.00151331
-0.00149696
-0.00148079
-0.00146464
-0.00144868
-0.00143277
-0.00141709
-0.00140148
-0.00138609
-0.00137082
-0.0013558
-0.00134089
-0.00132625
-0.00131175
-0.00129751
-0.00128343
-0.00126959
-0.00125593
-0.00124249
-0.00122924
-0.00121619
-0.00120333
-0.00119063
-0.00117812
-0.00116572
-0.00115348
-0.00114133
-0.00112926
-0.00111726
-0.00110528
-0.00109331
-0.00108132
-0.00106928
-0.00105721
-0.00104501
-0.0010328
-0.00102037
-0.00100799
-0.000995375
-0.000982821
-0.000970062
-0.00095742
-0.000944596
-0.00093198
-0.000919222
-0.000906776
-0.000894246
-0.000882125
-0.000869978
-0.000858357
-0.000846766
-0.000835817
-0.000824902
-0.000814773
-0.000804722
-0.000795567
-0.000786652
-0.000778765
-0.00077144
-0.000765237
-0.000759962
-0.000756687
-0.000747507
-0.000734596
-0.000718558
-0.000699471
-0.000677704
-0.000654259
-0.000628474
-0.00060197
-0.000575817
-0.000550333
-0.000525654
-0.000501791
-0.000478862
-0.000456866
-0.000435772
-0.000415532
-0.000396036
-0.000377192
-0.000358894
-0.00034106
-0.000323598
-0.000306416
-0.000289447
-0.000272626
-0.000255908
-0.00023927
-0.000222702
-0.000206207
-0.000189797
-0.000173491
-0.000157313
-0.000141282
-0.00012542
-0.000109741
-9.4255e-05
-7.89716e-05
-6.38987e-05
-4.9031e-05
-3.43578e-05
-1.99085e-05
-6.5061e-06
-0.00262411
-0.00270286
-0.00274121
-0.00275274
-0.00275488
-0.00275134
-0.00274363
-0.00273333
-0.00272166
-0.00270931
-0.0026966
-0.00268371
-0.00267075
-0.00265778
-0.00264483
-0.00263193
-0.0026191
-0.00260635
-0.00259366
-0.00258104
-0.0025685
-0.00255605
-0.0025437
-0.00253146
-0.00251934
-0.00250736
-0.00249555
-0.00248393
-0.00247255
-0.00246146
-0.0024507
-0.00244035
-0.00243051
-0.00242127
-0.00241289
-0.00240541
-0.00239984
-0.00239554
-0.00239038
-0.00238303
-0.00237381
-0.00236244
-0.00234893
-0.00233197
-0.00231347
-0.00229501
-0.00227701
-0.0022593
-0.00224221
-0.0022255
-0.00220933
-0.00219347
-0.00217805
-0.00216287
-0.00214805
-0.00213344
-0.00211914
-0.00210498
-0.00209111
-0.00207729
-0.00206382
-0.0020504
-0.0020373
-0.0020242
-0.00201138
-0.00199852
-0.00198589
-0.00197317
-0.00196059
-0.00194786
-0.00193517
-0.00192229
-0.00190932
-0.00189615
-0.00188277
-0.00186917
-0.00185528
-0.00184116
-0.00182672
-0.00181203
-0.00179703
-0.00178177
-0.00176625
-0.00175049
-0.00173452
-0.00171835
-0.00170201
-0.00168557
-0.00166896
-0.00165235
-0.00163559
-0.00161887
-0.00160203
-0.00158526
-0.0015684
-0.00155163
-0.00153479
-0.00151805
-0.00150128
-0.00148464
-0.00146799
-0.00145151
-0.00143508
-0.00141883
-0.00140265
-0.00138671
-0.00137087
-0.00135531
-0.00133987
-0.00132473
-0.00130975
-0.00129508
-0.00128058
-0.00126638
-0.00125238
-0.00123866
-0.00122515
-0.00121188
-0.00119884
-0.00118599
-0.00117335
-0.00116086
-0.00114855
-0.00113634
-0.00112424
-0.00111222
-0.00110023
-0.00108827
-0.0010763
-0.0010643
-0.00105228
-0.00104014
-0.00102802
-0.00101569
-0.00100344
-0.000990947
-0.000978567
-0.000965968
-0.000953527
-0.000940895
-0.000928502
-0.000915954
-0.000903745
-0.000891422
-0.000879543
-0.000867601
-0.000856219
-0.000844805
-0.000834067
-0.000823301
-0.00081332
-0.000803367
-0.000794294
-0.000785414
-0.00077755
-0.000770253
-0.000764183
-0.000759418
-0.000757504
-0.000749183
-0.000736526
-0.000720432
-0.000700865
-0.000678378
-0.000653929
-0.000627211
-0.00060001
-0.00057336
-0.000547496
-0.000522538
-0.000498697
-0.000475885
-0.000454055
-0.000433116
-0.000412994
-0.000393594
-0.000374825
-0.000356613
-0.000338853
-0.000321453
-0.000304334
-0.000287422
-0.000270652
-0.000253984
-0.000237393
-0.000220875
-0.000204434
-0.000188086
-0.000171849
-0.000155746
-0.000139797
-0.000124019
-0.000108426
-9.30272e-05
-7.78312e-05
-6.28424e-05
-4.80773e-05
-3.35475e-05
-1.92536e-05
-6.15481e-06
)
;

boundaryField
{
    inlet
    {
        type            zeroGradient;
    }
    outlet
    {
        type            fixedValue;
        value           uniform 0;
    }
    walls
    {
        type            zeroGradient;
    }
    frontAndBack
    {
        type            empty;
    }
}


// ************************************************************************* //
