/*--------------------------------*- C++ -*----------------------------------*\
| =========                 |                                                 |
| \\      /  F ield         | OpenFOAM: The Open Source CFD Toolbox           |
|  \\    /   O peration     | Version:  2506                                  |
|   \\  /    A nd           | Website:  www.openfoam.com                      |
|    \\/     M anipulation  |                                                 |
\*---------------------------------------------------------------------------*/
FoamFile
{
    version     2.0;
    format      ascii;
    arch        "LSB;label=32;scalar=64";
    class       surfaceScalarField;
    location    "3.5";
    object      phi;
}
// * * * * * * * * * * * * * * * * * * * * * * * * * * * * * * * * * * * * * //

dimensions      [0 3 -1 0 0 0 0];

oriented        oriented;

internalField   nonuniform List<scalar> 
7780
(
2.08107e-09
4.18594e-10
1.64721e-09
4.3398e-10
1.34948e-09
2.97597e-10
1.16529e-09
1.84105e-10
1.05516e-09
1.10121e-10
9.87027e-10
6.81158e-11
9.41744e-10
4.52675e-11
9.09234e-10
3.25039e-11
8.84251e-10
2.49803e-11
8.64027e-10
2.02225e-11
8.47061e-10
1.6966e-11
8.32479e-10
1.45819e-11
8.19713e-10
1.27649e-11
8.08356e-10
1.13567e-11
7.9809e-10
1.02656e-11
7.88653e-10
9.43557e-12
7.7982e-10
8.83155e-12
7.71388e-10
8.43066e-12
7.63163e-10
8.22329e-12
7.54962e-10
8.19925e-12
7.46608e-10
8.35269e-12
7.37923e-10
8.68316e-12
7.28726e-10
9.19481e-12
7.18826e-10
9.89763e-12
7.08015e-10
1.08088e-11
6.96057e-10
1.19563e-11
6.82667e-10
1.33881e-11
6.67498e-10
1.51674e-11
6.50098e-10
1.73987e-11
6.29845e-10
2.0251e-11
6.05823e-10
2.40184e-11
5.7655e-10
2.92675e-11
5.39632e-10
3.69077e-11
4.84985e-10
5.46315e-11
4.35618e-10
4.93505e-11
4.14256e-10
2.13526e-11
4.0876e-10
5.5025e-12
4.09882e-10
-1.09713e-12
4.18949e-10
-9.02589e-12
4.39878e-10
-2.08859e-11
4.8552e-10
-4.56119e-11
5.40588e-10
-5.50648e-11
5.92092e-10
-5.15248e-11
6.41336e-10
-4.92742e-11
6.86064e-10
-4.47569e-11
7.27709e-10
-4.16684e-11
7.68103e-10
-4.04167e-11
8.02037e-10
-3.39541e-11
8.34651e-10
-3.26237e-11
8.63622e-10
-2.89767e-11
8.87378e-10
-2.37581e-11
9.09696e-10
-2.23119e-11
9.22964e-10
-1.32484e-11
9.34941e-10
-1.19454e-11
9.36271e-10
-1.2936e-12
9.32961e-10
3.34734e-12
9.21029e-10
1.19636e-11
8.98982e-10
2.20719e-11
8.75983e-10
2.30248e-11
8.37706e-10
3.83095e-11
8.01285e-10
3.64723e-11
7.59498e-10
4.18622e-11
7.1642e-10
4.31787e-11
6.76165e-10
4.0367e-11
6.34199e-10
4.20947e-11
5.98417e-10
3.59047e-11
5.62427e-10
3.61026e-11
5.32249e-10
3.0284e-11
5.03598e-10
2.87489e-11
4.78391e-10
2.52891e-11
4.56502e-10
2.19579e-11
4.35306e-10
2.12559e-11
4.17328e-10
1.80321e-11
4.00408e-10
1.69734e-11
3.84476e-10
1.59923e-11
3.70279e-10
1.42682e-11
3.57062e-10
1.33039e-11
3.44639e-10
1.25284e-11
3.33586e-10
1.11769e-11
3.23701e-10
1.00228e-11
3.14851e-10
9.00027e-12
3.07159e-10
7.84649e-12
3.00521e-10
6.791e-12
2.9482e-10
5.84845e-12
2.90074e-10
4.88516e-12
2.85853e-10
4.35213e-12
2.81975e-10
3.99927e-12
2.78742e-10
3.34322e-12
2.75507e-10
3.33506e-12
2.72083e-10
3.51057e-12
2.69065e-10
3.09149e-12
2.65751e-10
3.37377e-12
2.62173e-10
3.62664e-12
2.58985e-10
3.22599e-12
2.5521e-10
3.80487e-12
2.52191e-10
3.04172e-12
2.48732e-10
3.47606e-12
2.46195e-10
2.54862e-12
2.43407e-10
2.79801e-12
2.41995e-10
1.41784e-12
2.40606e-10
1.3944e-12
2.40496e-10
1.13321e-13
2.41132e-10
-6.33115e-13
2.42447e-10
-1.31219e-12
2.45377e-10
-2.92678e-12
2.48991e-10
-3.61066e-12
2.54447e-10
-5.45052e-12
2.60951e-10
-6.49683e-12
2.69111e-10
-8.14974e-12
2.78749e-10
-9.62452e-12
2.90062e-10
-1.12952e-11
3.02901e-10
-1.28145e-11
3.17713e-10
-1.4781e-11
3.33541e-10
-1.57888e-11
3.51798e-10
-1.82072e-11
3.70918e-10
-1.90613e-11
3.91275e-10
-2.02887e-11
4.1285e-10
-2.14937e-11
4.34737e-10
-2.17986e-11
4.57141e-10
-2.23094e-11
4.79934e-10
-2.2693e-11
5.01993e-10
-2.1958e-11
5.23146e-10
-2.10517e-11
5.43782e-10
-2.05337e-11
5.63162e-10
-1.92758e-11
5.81374e-10
-1.81015e-11
5.98418e-10
-1.69267e-11
6.14119e-10
-1.5575e-11
6.29006e-10
-1.47546e-11
6.43841e-10
-1.47009e-11
6.57059e-10
-1.30929e-11
6.70387e-10
-1.32258e-11
6.85241e-10
-1.47928e-11
6.98723e-10
-1.34787e-11
7.13381e-10
-1.47238e-11
7.31255e-10
-1.80142e-11
7.46231e-10
-1.51857e-11
7.65221e-10
-1.92535e-11
7.82949e-10
-1.80185e-11
8.01499e-10
-1.88377e-11
8.19223e-10
-1.79744e-11
8.34836e-10
-1.57978e-11
8.46797e-10
-1.20629e-11
8.55842e-10
-9.06072e-12
8.54949e-10
9.49983e-13
8.53477e-10
1.57914e-12
8.3593e-10
1.76808e-11
8.15697e-10
2.03709e-11
7.87129e-10
2.86972e-11
7.51378e-10
3.58689e-11
7.15824e-10
3.56636e-11
6.71723e-10
4.42095e-11
6.32161e-10
3.9671e-11
5.87311e-10
4.49562e-11
5.47275e-10
4.01208e-11
5.03091e-10
4.42426e-11
4.6184e-10
4.12792e-11
4.17672e-10
4.41541e-11
3.74267e-10
4.33633e-11
3.30993e-10
4.32401e-11
3.28464e-10
2.50575e-12
3.26537e-10
1.93119e-12
3.2571e-10
8.46525e-13
3.27299e-10
-1.56988e-12
3.3887e-10
-1.15683e-11
3.59009e-10
-2.01541e-11
3.96847e-10
-3.78659e-11
4.36525e-10
-3.97051e-11
4.73631e-10
-3.71263e-11
5.10341e-10
-3.67237e-11
5.46325e-10
-3.59915e-11
5.80506e-10
-3.41836e-11
6.11737e-10
-3.12307e-11
6.39123e-10
-2.73827e-11
6.62125e-10
-2.29996e-11
6.80575e-10
-1.84466e-11
6.94608e-10
-1.40304e-11
7.0461e-10
-1.00016e-11
7.11162e-10
-6.55142e-12
7.14955e-10
-3.7947e-12
7.16504e-10
-1.55084e-12
7.16431e-10
7.07096e-14
7.15378e-10
1.05026e-12
7.13888e-10
1.48572e-12
7.12414e-10
1.47107e-12
7.11305e-10
1.10571e-12
7.10808e-10
4.93811e-13
7.1106e-10
-2.54732e-13
7.1216e-10
-1.1028e-12
7.13938e-10
-1.78029e-12
7.16339e-10
-2.40241e-12
7.19211e-10
-2.87379e-12
7.22363e-10
-3.15268e-12
7.25584e-10
-3.2217e-12
7.28661e-10
-3.07784e-12
7.31375e-10
-2.71509e-12
7.33481e-10
-2.10687e-12
7.34656e-10
-1.17616e-12
7.34272e-10
3.82242e-13
3.64625e-12
2.63514e-09
2.83524e-10
2.58942e-09
4.79803e-10
2.44512e-09
4.41956e-10
2.28129e-09
3.47981e-10
2.135e-09
2.56406e-10
2.0182e-09
1.84898e-10
1.92707e-09
1.36382e-10
1.8544e-09
1.0517e-10
1.79483e-09
8.45566e-11
1.74486e-09
7.01931e-11
1.70217e-09
5.96551e-11
1.66517e-09
5.15823e-11
1.63271e-09
4.5224e-11
1.60391e-09
4.01596e-11
1.57804e-09
3.6132e-11
1.5545e-09
3.29751e-11
1.53275e-09
3.05794e-11
1.51232e-09
2.88685e-11
1.49274e-09
2.77959e-11
1.47362e-09
2.73243e-11
1.45454e-09
2.74278e-11
1.43513e-09
2.80929e-11
1.41501e-09
2.93186e-11
1.39379e-09
3.11181e-11
1.37107e-09
3.35232e-11
1.34644e-09
3.65903e-11
1.31941e-09
4.04147e-11
1.28945e-09
4.51317e-11
1.2559e-09
5.095e-11
1.21796e-09
5.81891e-11
1.17463e-09
6.73504e-11
1.12463e-09
7.92633e-11
1.0661e-09
9.54285e-11
9.94185e-10
1.26538e-10
9.29382e-10
1.14144e-10
8.96282e-10
5.4442e-11
8.88268e-10
1.35085e-11
8.99285e-10
-1.21131e-11
9.29839e-10
-3.95591e-11
9.84171e-10
-7.51686e-11
1.07076e-09
-1.32133e-10
1.17138e-09
-1.55628e-10
1.27246e-09
-1.5258e-10
1.37094e-09
-1.47769e-10
1.46283e-09
-1.36684e-10
1.54884e-09
-1.27729e-10
1.63019e-09
-1.21825e-10
1.70205e-09
-1.0588e-10
1.76906e-09
-9.97058e-11
1.82856e-09
-8.85291e-11
1.8794e-09
-7.46643e-11
1.92353e-09
-6.64823e-11
1.95554e-09
-4.53e-11
1.97954e-09
-3.59689e-11
1.98864e-09
-1.04048e-11
1.98593e-09
6.06207e-12
1.96942e-09
2.84798e-11
1.93656e-09
5.49517e-11
1.89375e-09
6.58527e-11
1.83141e-09
1.00679e-10
1.76284e-09
1.05084e-10
1.68436e-09
1.20398e-10
1.60055e-09
1.27052e-10
1.5159e-09
1.25074e-10
1.42875e-09
1.29296e-10
1.34648e-09
1.18209e-10
1.26517e-09
1.17405e-10
1.19022e-09
1.05198e-10
1.11887e-09
1.00046e-10
1.053e-09
9.10822e-11
9.92166e-10
8.2709e-11
9.34199e-10
7.91424e-11
8.80855e-10
7.13059e-11
8.3045e-10
6.73253e-11
7.82556e-10
6.38551e-11
7.37665e-10
5.91509e-11
6.95175e-10
5.5806e-11
6.54898e-10
5.28351e-11
6.1724e-10
4.88794e-11
5.82205e-10
4.51126e-11
5.49713e-10
4.15518e-11
5.19871e-10
3.77457e-11
4.92581e-10
3.41331e-11
4.67697e-10
3.07768e-11
4.45067e-10
2.75518e-11
4.2423e-10
2.52207e-11
4.04822e-10
2.34337e-11
3.86701e-10
2.14888e-11
3.69328e-10
2.07295e-11
3.5247e-10
2.03866e-11
3.36087e-10
1.94883e-11
3.19979e-10
1.9493e-11
3.0418e-10
1.94342e-11
2.88913e-10
1.84991e-11
2.74274e-10
1.84489e-11
2.60646e-10
1.6674e-11
2.48335e-10
1.57898e-11
2.37752e-10
1.31346e-11
2.29371e-10
1.11819e-11
2.23549e-10
7.2429e-12
2.20804e-10
4.1431e-12
2.21647e-10
-7.26125e-13
2.25811e-10
-4.79298e-12
2.34181e-10
-9.67899e-12
2.46938e-10
-1.56792e-11
2.64058e-10
-2.0727e-11
2.85923e-10
-2.73126e-11
3.12329e-10
-3.28991e-11
3.43412e-10
-3.92291e-11
3.79018e-10
-4.52254e-11
4.19027e-10
-5.12985e-11
4.63139e-10
-5.69199e-11
5.11282e-10
-6.29165e-11
5.62382e-10
-6.68798e-11
6.17007e-10
-7.28206e-11
6.73387e-10
-7.54273e-11
7.31258e-10
-7.81431e-11
7.90183e-10
-8.0401e-11
8.48683e-10
-8.02798e-11
9.06426e-10
-8.00293e-11
9.63014e-10
-7.92546e-11
1.01739e-09
-7.63041e-11
1.0692e-09
-7.28368e-11
1.11853e-09
-6.98454e-11
1.16483e-09
-6.5561e-11
1.20824e-09
-6.15062e-11
1.24892e-09
-5.76014e-11
1.28703e-09
-5.36966e-11
1.32334e-09
-5.10753e-11
1.35857e-09
-4.99391e-11
1.39204e-09
-4.6563e-11
1.42543e-09
-4.66059e-11
1.46007e-09
-4.94174e-11
1.49384e-09
-4.72446e-11
1.5294e-09
-5.02864e-11
1.56745e-09
-5.60856e-11
1.60401e-09
-5.18064e-11
1.64341e-09
-5.87585e-11
1.68172e-09
-5.6466e-11
1.71937e-09
-5.66512e-11
1.75462e-09
-5.33981e-11
1.78494e-09
-4.62765e-11
1.80864e-09
-3.58837e-11
1.82418e-09
-2.46673e-11
1.82574e-09
-6.25179e-13
1.81839e-09
8.97857e-12
1.79175e-09
4.43981e-11
1.75388e-09
5.83441e-11
1.7017e-09
8.09864e-11
1.63562e-09
1.02046e-10
1.56257e-09
1.08801e-10
1.47712e-09
1.2972e-10
1.39058e-09
1.26273e-10
1.29685e-09
1.38718e-10
1.2051e-09
1.3188e-10
1.10807e-09
1.41265e-10
1.01265e-09
1.36668e-10
9.15756e-10
1.41012e-10
8.23134e-10
1.35947e-10
7.36691e-10
1.29671e-10
6.95651e-10
4.35593e-11
6.68035e-10
2.95697e-11
6.50686e-10
1.82136e-11
6.45594e-10
3.5326e-12
6.5921e-10
-2.51841e-11
6.93866e-10
-5.48189e-11
7.54103e-10
-9.81192e-11
8.25824e-10
-1.11445e-10
9.01341e-10
-1.12661e-10
9.78571e-10
-1.13969e-10
1.0547e-09
-1.12137e-10
1.12681e-09
-1.06298e-10
1.19236e-09
-9.67813e-11
1.24951e-09
-8.45349e-11
1.29721e-09
-7.07003e-11
1.33515e-09
-5.63858e-11
1.36367e-09
-4.25396e-11
1.38358e-09
-2.99124e-11
1.39604e-09
-1.90081e-11
1.40235e-09
-1.00943e-11
1.40389e-09
-3.09446e-12
1.40236e-09
1.60144e-12
1.39895e-09
4.46634e-12
1.39477e-09
5.669e-12
1.39076e-09
5.48188e-12
1.38762e-09
4.24142e-12
1.38579e-09
2.32941e-12
1.38549e-09
4.48668e-14
1.38677e-09
-2.38777e-12
1.38947e-09
-4.48001e-12
1.39321e-09
-6.13925e-12
1.39755e-09
-7.21536e-12
1.40203e-09
-7.63455e-12
1.40619e-09
-7.38357e-12
1.40961e-09
-6.49344e-12
1.41191e-09
-5.02182e-12
1.41278e-09
-2.97312e-12
1.4119e-09
-3.043e-13
1.40902e-09
3.26067e-12
8.54593e-12
2.6117e-09
1.7196e-10
2.71283e-09
3.78677e-10
2.73105e-09
4.2386e-10
2.68668e-09
3.92499e-10
2.61102e-09
3.32118e-10
2.52405e-09
2.71867e-10
2.43971e-09
2.20696e-10
2.36335e-09
1.81518e-10
2.29564e-09
1.52269e-10
2.23588e-09
1.29959e-10
2.18306e-09
1.12479e-10
2.1362e-09
9.84399e-11
2.09442e-09
8.70031e-11
2.05692e-09
7.76625e-11
2.02297e-09
7.00843e-11
1.99191e-09
6.40375e-11
1.96312e-09
5.93602e-11
1.93606e-09
5.59346e-11
1.91018e-09
5.36765e-11
1.88498e-09
5.25215e-11
1.85998e-09
5.24231e-11
1.83472e-09
5.33522e-11
1.80874e-09
5.52987e-11
1.78159e-09
5.8274e-11
1.75279e-09
6.23168e-11
1.72188e-09
6.75015e-11
1.68835e-09
7.39488e-11
1.65164e-09
8.18397e-11
1.61115e-09
9.14397e-11
1.56621e-09
1.03134e-10
1.51607e-09
1.17485e-10
1.46001e-09
1.35325e-10
1.3974e-09
1.58027e-10
1.3266e-09
1.97331e-10
1.26366e-09
1.77076e-10
1.23016e-09
8.79341e-11
1.22755e-09
1.60988e-11
1.25296e-09
-3.75454e-11
1.30571e-09
-9.23246e-11
1.38579e-09
-1.55227e-10
1.49361e-09
-2.39908e-10
1.61344e-09
-2.75392e-10
1.73525e-09
-2.74323e-10
1.8536e-09
-2.66078e-10
1.96436e-09
-2.47418e-10
2.06744e-09
-2.30813e-10
2.16329e-09
-2.17679e-10
2.24913e-09
-1.91729e-10
2.32759e-09
-1.78179e-10
2.39701e-09
-1.57963e-10
2.45642e-09
-1.34093e-10
2.50654e-09
-1.16622e-10
2.54463e-09
-8.34039e-11
2.5719e-09
-6.3247e-11
2.58509e-09
-2.36062e-11
2.58493e-09
6.21594e-12
2.56998e-09
4.34341e-11
2.53875e-09
8.61883e-11
2.49449e-09
1.10128e-10
2.43215e-09
1.63036e-10
2.35885e-09
1.78412e-10
2.2735e-09
2.05789e-10
2.17959e-09
2.20993e-10
2.08035e-09
2.24359e-10
1.97667e-09
2.32993e-10
1.87351e-09
2.21389e-10
1.77013e-09
2.20782e-10
1.67038e-09
2.04924e-10
1.57364e-09
1.96747e-10
1.48115e-09
1.83509e-10
1.39337e-09
1.7042e-10
1.30895e-09
1.63508e-10
1.22897e-09
1.5124e-10
1.15246e-09
1.43799e-10
1.07903e-09
1.37276e-10
1.00892e-09
1.29275e-10
9.41769e-10
1.22983e-10
8.77529e-10
1.17117e-10
8.16463e-10
1.09995e-10
7.58773e-10
1.02857e-10
7.04525e-10
9.58521e-11
6.53927e-10
8.83893e-11
6.06987e-10
8.1108e-11
5.6365e-10
7.41364e-11
5.2378e-10
6.7433e-11
4.87004e-10
6.2e-11
4.52895e-10
5.75429e-11
4.21123e-10
5.32586e-11
3.9117e-10
5.06789e-11
3.62709e-10
4.8842e-11
3.35522e-10
4.66699e-11
3.09488e-10
4.55218e-11
2.84595e-10
4.43225e-11
2.61095e-10
4.19944e-11
2.39201e-10
4.03397e-11
2.19424e-10
3.64486e-11
2.02186e-10
3.30268e-11
1.88162e-10
2.71574e-11
1.77842e-10
2.15031e-11
1.72052e-10
1.3034e-11
1.71271e-10
4.92668e-12
1.76024e-10
-5.47637e-12
1.87319e-10
-1.60845e-11
2.05218e-10
-2.7576e-11
2.30209e-10
-4.06668e-11
2.62273e-10
-5.27893e-11
3.01804e-10
-6.68426e-11
3.4848e-10
-7.95745e-11
4.02192e-10
-9.29418e-11
4.62598e-10
-1.05632e-10
5.29169e-10
-1.1787e-10
6.01231e-10
-1.28983e-10
6.78115e-10
-1.39803e-10
7.58578e-10
-1.47344e-10
8.42277e-10
-1.5652e-10
9.27458e-10
-1.60609e-10
1.01333e-09
-1.64016e-10
1.09907e-09
-1.66141e-10
1.18318e-09
-1.6438e-10
1.26491e-09
-1.61752e-10
1.34374e-09
-1.58078e-10
1.41873e-09
-1.51269e-10
1.48959e-09
-1.43676e-10
1.5563e-09
-1.36529e-10
1.6186e-09
-1.27835e-10
1.67674e-09
-1.19627e-10
1.73102e-09
-1.11867e-10
1.78187e-09
-1.04533e-10
1.83002e-09
-9.92222e-11
1.87612e-09
-9.60283e-11
1.92026e-09
-9.06824e-11
1.96359e-09
-8.98817e-11
2.00717e-09
-9.29279e-11
2.04986e-09
-8.98304e-11
2.09352e-09
-9.38227e-11
2.13785e-09
-1.00294e-10
2.18114e-09
-9.4981e-11
2.22487e-09
-1.02408e-10
2.26691e-09
-9.84594e-11
2.30638e-09
-9.61374e-11
2.34204e-09
-8.91125e-11
2.37119e-09
-7.55124e-11
2.39253e-09
-5.73395e-11
2.40359e-09
-3.58217e-11
2.40205e-09
8.30192e-13
2.38786e-09
2.31336e-11
2.35605e-09
7.62008e-11
2.30999e-09
1.04431e-10
2.24858e-09
1.42435e-10
2.17146e-09
1.79224e-10
2.08335e-09
1.96968e-10
1.9813e-09
2.31806e-10
1.87292e-09
2.34687e-10
1.75564e-09
2.56e-10
1.63569e-09
2.51831e-10
1.50975e-09
2.67173e-10
1.38312e-09
2.63266e-10
1.25568e-09
2.68409e-10
1.13494e-09
2.56668e-10
1.02162e-09
2.42987e-10
9.44952e-10
1.20249e-10
8.9058e-10
8.3969e-11
8.56293e-10
5.25198e-11
8.44185e-10
1.56501e-11
8.60638e-10
-4.16381e-11
9.06454e-10
-1.00645e-10
9.82394e-10
-1.74078e-10
1.07404e-09
-2.03116e-10
1.17175e-09
-2.10393e-10
1.27096e-09
-2.13205e-10
1.36756e-09
-2.08752e-10
1.45795e-09
-1.96702e-10
1.5393e-09
-1.78136e-10
1.60965e-09
-1.54891e-10
1.66796e-09
-1.29014e-10
1.71404e-09
-1.02454e-10
1.74839e-09
-7.68852e-11
1.7721e-09
-5.36179e-11
1.78666e-09
-3.3556e-11
1.79378e-09
-1.7209e-11
1.79544e-09
-4.75078e-12
1.79325e-09
3.79781e-12
1.78891e-09
8.81381e-12
1.78384e-09
1.07401e-11
1.77919e-09
1.0137e-11
1.77579e-09
7.64522e-12
1.77418e-09
3.93215e-12
1.77457e-09
-3.42983e-13
1.7768e-09
-4.61315e-12
1.78062e-09
-8.3042e-12
1.78552e-09
-1.10438e-11
1.79091e-09
-1.26005e-11
1.79614e-09
-1.28686e-11
1.80062e-09
-1.18626e-11
1.80383e-09
-9.70401e-12
1.80537e-09
-6.56444e-12
1.805e-09
-2.6072e-12
1.80263e-09
2.06018e-12
1.79845e-09
7.43685e-12
1.40749e-11
2.56396e-09
1.07931e-10
2.67025e-09
2.72465e-10
2.74684e-09
3.47314e-10
2.77983e-09
3.5961e-10
2.77355e-09
3.38427e-10
2.74364e-09
3.01786e-10
2.69991e-09
2.64417e-10
2.65036e-09
2.3104e-10
2.60045e-09
2.02165e-10
2.55255e-09
1.77866e-10
2.50759e-09
1.57439e-10
2.4659e-09
1.40127e-10
2.42744e-09
1.25466e-10
2.39195e-09
1.13158e-10
2.35906e-09
1.02971e-10
2.32838e-09
9.47243e-11
2.29946e-09
8.82796e-11
2.27186e-09
8.3527e-11
2.24516e-09
8.0381e-11
2.2189e-09
7.87732e-11
2.19267e-09
7.8654e-11
2.16603e-09
7.99932e-11
2.13855e-09
8.27816e-11
2.10978e-09
8.70358e-11
2.0793e-09
9.28034e-11
2.04663e-09
1.00171e-10
2.0113e-09
1.09278e-10
1.97281e-09
1.20323e-10
1.93066e-09
1.33591e-10
1.88432e-09
1.49473e-10
1.83331e-09
1.68501e-10
1.77722e-09
1.91406e-10
1.71599e-09
2.19257e-10
1.64873e-09
2.64586e-10
1.58937e-09
2.36425e-10
1.55753e-09
1.19758e-10
1.55762e-09
1.59858e-11
1.58899e-09
-6.89452e-11
1.65017e-09
-1.5354e-10
1.73795e-09
-2.43037e-10
1.84854e-09
-3.50492e-10
1.9683e-09
-3.9512e-10
2.09024e-09
-3.96198e-10
2.20823e-09
-3.84004e-10
2.31838e-09
-3.57516e-10
2.42037e-09
-3.32767e-10
2.51444e-09
-3.11717e-10
2.5992e-09
-2.76469e-10
2.67572e-09
-2.5468e-10
2.74325e-09
-2.2547e-10
2.80146e-09
-1.9229e-10
2.85003e-09
-1.6518e-10
2.88794e-09
-1.2131e-10
2.91512e-09
-9.04281e-11
2.93028e-09
-3.87727e-11
2.93312e-09
3.37019e-12
2.9229e-09
5.36518e-11
2.89851e-09
1.10593e-10
2.8613e-09
1.47352e-10
2.80871e-09
2.15638e-10
2.74386e-09
2.43278e-10
2.66635e-09
2.83303e-10
2.57843e-09
3.08917e-10
2.48206e-09
3.20716e-10
2.37879e-09
3.36251e-10
2.27185e-09
3.28304e-10
2.16195e-09
3.30654e-10
2.05223e-09
3.146e-10
1.94326e-09
3.0567e-10
1.83627e-09
2.90457e-10
1.73241e-09
2.74235e-10
1.6311e-09
2.64778e-10
1.53345e-09
2.48869e-10
1.43901e-09
2.38223e-10
1.34765e-09
2.28644e-10
1.25966e-09
2.17293e-10
1.17484e-09
2.07838e-10
1.09328e-09
1.98719e-10
1.01527e-09
1.88059e-10
9.4114e-10
1.77038e-10
8.71069e-10
1.65966e-10
8.05421e-10
1.54069e-10
7.44374e-10
1.42171e-10
6.88031e-10
1.30481e-10
6.36449e-10
1.19005e-10
5.89366e-10
1.09067e-10
5.46416e-10
1.00474e-10
5.07413e-10
9.22431e-11
4.71682e-10
8.63928e-11
4.38812e-10
8.16959e-11
4.08636e-10
7.68315e-11
3.80775e-10
7.337e-11
3.55061e-10
7.00263e-11
3.31962e-10
6.50841e-11
3.11145e-10
6.11501e-11
2.93686e-10
5.39029e-11
2.79321e-10
4.73885e-11
2.69391e-10
3.70852e-11
2.63703e-10
2.71897e-11
2.63975e-10
1.27622e-11
2.69813e-10
-9.09443e-13
2.82803e-10
-1.84655e-11
3.03056e-10
-3.63356e-11
3.31061e-10
-5.558e-11
3.6767e-10
-7.72742e-11
4.12318e-10
-9.74377e-11
4.65879e-10
-1.20404e-10
5.27515e-10
-1.41212e-10
5.97125e-10
-1.62555e-10
6.74069e-10
-1.82581e-10
7.57449e-10
-2.01255e-10
8.46315e-10
-2.17857e-10
9.39633e-10
-2.33129e-10
1.03575e-09
-2.43473e-10
1.13414e-09
-2.54919e-10
1.23275e-09
-2.5923e-10
1.33066e-09
-2.61944e-10
1.42689e-09
-2.62384e-10
1.52003e-09
-2.57538e-10
1.60942e-09
-2.5115e-10
1.69457e-09
-2.43235e-10
1.77474e-09
-2.31448e-10
1.84992e-09
-2.18842e-10
1.92016e-09
-2.06763e-10
1.98551e-09
-1.93166e-10
2.04637e-09
-1.80462e-10
2.10315e-09
-1.68639e-10
2.15643e-09
-1.57798e-10
2.20689e-09
-1.49682e-10
2.25513e-09
-1.44259e-10
2.30154e-09
-1.37067e-10
2.34678e-09
-1.35083e-10
2.39181e-09
-1.37879e-10
2.43579e-09
-1.33692e-10
2.47993e-09
-1.37814e-10
2.52348e-09
-1.43656e-10
2.56591e-09
-1.37208e-10
2.60708e-09
-1.4339e-10
2.64601e-09
-1.37224e-10
2.68125e-09
-1.31251e-10
2.71206e-09
-1.19862e-10
2.736e-09
-9.94587e-11
2.75235e-09
-7.37375e-11
2.75869e-09
-4.22434e-11
2.75412e-09
5.30138e-12
2.73698e-09
4.01977e-11
2.70533e-09
1.07786e-10
2.65933e-09
1.50398e-10
2.59892e-09
2.02851e-10
2.52286e-09
2.55299e-10
2.43413e-09
2.85718e-10
2.33076e-09
3.35199e-10
2.21758e-09
3.47878e-10
2.09336e-09
3.80198e-10
1.96224e-09
3.82919e-10
1.8246e-09
4.04781e-10
1.68335e-09
4.04458e-10
1.54102e-09
4.10692e-10
1.40737e-09
3.90296e-10
1.28107e-09
3.69297e-10
1.1879e-09
2.13451e-10
1.12191e-09
1.49982e-10
1.08354e-09
9.09174e-11
1.07505e-09
2.41471e-11
1.10255e-09
-6.91354e-11
1.16413e-09
-1.62237e-10
1.25755e-09
-2.67516e-10
1.3653e-09
-3.10897e-10
1.47659e-09
-3.21714e-10
1.5865e-09
-3.23147e-10
1.69096e-09
-3.13235e-10
1.78673e-09
-2.92497e-10
1.87147e-09
-2.62887e-10
1.94371e-09
-2.27136e-10
2.00283e-09
-1.8814e-10
2.049e-09
-1.48614e-10
2.083e-09
-1.10878e-10
2.10614e-09
-7.6749e-11
2.12008e-09
-4.74882e-11
2.1267e-09
-2.38212e-11
2.12796e-09
-6.00132e-12
2.12568e-09
6.09319e-12
2.12156e-09
1.29388e-11
2.11706e-09
1.52418e-11
2.11334e-09
1.38706e-11
2.11119e-09
9.7948e-12
2.1111e-09
4.02464e-12
2.1132e-09
-2.44155e-12
2.11731e-09
-8.72088e-12
2.12303e-09
-1.40249e-11
2.12977e-09
-1.77881e-11
2.13685e-09
-1.96811e-11
2.14355e-09
-1.95727e-11
2.14921e-09
-1.75258e-11
2.15327e-09
-1.377e-11
2.15535e-09
-8.64916e-12
2.15529e-09
-2.5407e-12
2.15314e-09
4.20455e-12
2.14929e-09
1.12817e-11
1.92259e-11
2.53705e-09
7.07901e-11
2.6175e-09
1.9198e-10
2.69984e-09
2.64931e-10
2.76363e-09
2.95862e-10
2.80341e-09
2.98639e-10
2.81988e-09
2.8535e-10
2.819e-09
2.65323e-10
2.80723e-09
2.42776e-10
2.78867e-09
2.20698e-10
2.76623e-09
2.00307e-10
2.74198e-09
1.8169e-10
2.7172e-09
1.64917e-10
2.69256e-09
1.50111e-10
2.6684e-09
1.37312e-10
2.64486e-09
1.26511e-10
2.62191e-09
1.17676e-10
2.59942e-09
1.10765e-10
2.57722e-09
1.05732e-10
2.55506e-09
1.02536e-10
2.5327e-09
1.01138e-10
2.50984e-09
1.01513e-10
2.48617e-09
1.03656e-10
2.46138e-09
1.07576e-10
2.4351e-09
1.13313e-10
2.40697e-09
1.20934e-10
2.37659e-09
1.30547e-10
2.34356e-09
1.42306e-10
2.30746e-09
1.56426e-10
2.26786e-09
1.73191e-10
2.22436e-09
1.92972e-10
2.17661e-09
2.16244e-10
2.1244e-09
2.43612e-10
2.06775e-09
2.75905e-10
2.00587e-09
3.26464e-10
1.95076e-09
2.91523e-10
1.91953e-09
1.50986e-10
1.9175e-09
1.79841e-11
1.94565e-09
-9.71292e-11
2.00228e-09
-2.10213e-10
2.08266e-09
-3.23475e-10
2.18157e-09
-4.49438e-10
2.2878e-09
-5.01358e-10
2.39677e-09
-5.0514e-10
2.50201e-09
-4.89204e-10
2.59988e-09
-4.55335e-10
2.69004e-09
-4.22883e-10
2.77275e-09
-3.94394e-10
2.84752e-09
-3.51202e-10
2.91455e-09
-3.21692e-10
2.97324e-09
-2.84131e-10
3.02439e-09
-2.43408e-10
3.06692e-09
-2.07685e-10
3.1009e-09
-1.55282e-10
3.12566e-09
-1.15178e-10
3.14112e-09
-5.42345e-11
3.14649e-09
-2.00498e-12
3.14166e-09
5.8489e-11
3.12568e-09
1.2658e-10
3.09879e-09
1.74259e-10
3.05987e-09
2.5458e-10
3.00953e-09
2.9363e-10
2.94741e-09
3.45423e-10
2.87466e-09
3.81652e-10
2.79195e-09
4.03398e-10
2.70072e-09
4.27436e-10
2.6027e-09
4.26275e-10
2.49933e-09
4.33967e-10
2.39264e-09
4.21246e-10
2.28405e-09
4.14216e-10
2.17476e-09
3.99704e-10
2.06641e-09
3.82563e-10
1.95901e-09
3.72154e-10
1.85399e-09
3.53891e-10
1.75135e-09
3.40859e-10
1.65132e-09
3.2869e-10
1.55442e-09
3.14223e-10
1.46059e-09
3.01698e-10
1.37008e-09
2.89275e-10
1.2832e-09
2.74975e-10
1.2004e-09
2.59875e-10
1.12187e-09
2.44516e-10
1.04811e-09
2.27848e-10
9.79388e-10
2.10884e-10
9.15968e-10
1.93881e-10
8.58126e-10
1.76818e-10
8.05724e-10
1.61438e-10
7.58521e-10
1.47645e-10
7.16634e-10
1.341e-10
6.79245e-10
1.23755e-10
6.45949e-10
1.14968e-10
6.1667e-10
1.06091e-10
5.90772e-10
9.92509e-11
5.67835e-10
9.29476e-11
5.48571e-10
8.43359e-11
5.31987e-10
7.7725e-11
5.19728e-10
6.6154e-11
5.10784e-10
5.63268e-11
5.07121e-10
4.07447e-11
5.07843e-10
2.64657e-11
5.15508e-10
5.09553e-12
5.28996e-10
-1.43982e-11
5.50488e-10
-3.99575e-11
5.79681e-10
-6.55282e-11
6.17221e-10
-9.31197e-11
6.64108e-10
-1.24163e-10
7.19304e-10
-1.52635e-10
7.83842e-10
-1.84944e-10
8.56401e-10
-2.13776e-10
9.36669e-10
-2.42829e-10
1.02374e-09
-2.69655e-10
1.11629e-09
-2.93818e-10
1.21315e-09
-3.1473e-10
1.31298e-09
-3.3297e-10
1.4139e-09
-3.4441e-10
1.51532e-09
-3.56362e-10
1.61509e-09
-3.5902e-10
1.71234e-09
-3.59216e-10
1.80617e-09
-3.56248e-10
1.89542e-09
-3.46812e-10
1.97964e-09
-3.35406e-10
2.05865e-09
-3.22271e-10
2.13202e-09
-3.04847e-10
2.20005e-09
-2.86897e-10
2.26305e-09
-2.69773e-10
2.32132e-09
-2.51437e-10
2.37543e-09
-2.34569e-10
2.42592e-09
-2.19128e-10
2.47343e-09
-2.05309e-10
2.51861e-09
-1.94872e-10
2.56197e-09
-1.87621e-10
2.60393e-09
-1.79042e-10
2.64483e-09
-1.75979e-10
2.68559e-09
-1.78599e-10
2.72526e-09
-1.73288e-10
2.76465e-09
-1.77079e-10
2.80277e-09
-1.81615e-10
2.8398e-09
-1.74043e-10
2.87467e-09
-1.78047e-10
2.90718e-09
-1.6953e-10
2.93568e-09
-1.59572e-10
2.95995e-09
-1.43995e-10
2.97793e-09
-1.17368e-10
2.98944e-09
-8.52395e-11
2.99234e-09
-4.51783e-11
2.98656e-09
1.10088e-11
2.96994e-09
5.6737e-11
2.94225e-09
1.35401e-10
2.90187e-09
1.9073e-10
2.84916e-09
2.5554e-10
2.7822e-09
3.22261e-10
2.70262e-09
3.65312e-10
2.60861e-09
4.29221e-10
2.50299e-09
4.53487e-10
2.3847e-09
4.98466e-10
2.25686e-09
5.10704e-10
2.12068e-09
5.40917e-10
1.97817e-09
5.46907e-10
1.83397e-09
5.54847e-10
1.70026e-09
5.2399e-10
1.57478e-09
4.94794e-10
1.48313e-09
3.05135e-10
1.42207e-09
2.11069e-10
1.39354e-09
1.19466e-10
1.39944e-09
1.82659e-11
1.44497e-09
-1.14658e-10
1.52476e-09
-2.42039e-10
1.6339e-09
-3.76674e-10
1.75236e-09
-4.2939e-10
1.86943e-09
-4.38831e-10
1.981e-09
-4.34755e-10
2.08382e-09
-4.16089e-10
2.17558e-09
-3.84295e-10
2.25485e-09
-3.42174e-10
2.32094e-09
-2.93237e-10
2.37388e-09
-2.41087e-10
2.41431e-09
-1.89036e-10
2.44334e-09
-1.39898e-10
2.46246e-09
-9.58575e-11
2.4734e-09
-5.84142e-11
2.47801e-09
-2.84101e-11
2.47812e-09
-6.1045e-12
2.47548e-09
8.74329e-12
2.47166e-09
1.67729e-11
2.46797e-09
1.89462e-11
2.46541e-09
1.64316e-11
2.46469e-09
1.05195e-11
2.46617e-09
2.54891e-12
2.46991e-09
-6.18094e-12
2.47569e-09
-1.4496e-11
2.48305e-09
-2.13926e-11
2.49141e-09
-2.61477e-11
2.50006e-09
-2.83359e-11
2.50829e-09
-2.78051e-11
2.51543e-09
-2.4667e-11
2.52092e-09
-1.92683e-11
2.5244e-09
-1.21285e-11
2.52571e-09
-3.85801e-12
2.52499e-09
4.92556e-12
2.52264e-09
1.36284e-11
2.29457e-11
2.52316e-09
4.75702e-11
2.58131e-09
1.33753e-10
2.65288e-09
1.93292e-10
2.72231e-09
2.26418e-10
2.78102e-09
2.39948e-10
2.82596e-09
2.40447e-10
2.85803e-09
2.3324e-10
2.87885e-09
2.21968e-10
2.89076e-09
2.08802e-10
2.89623e-09
1.94813e-10
2.89701e-09
1.80902e-10
2.89426e-09
1.6767e-10
2.88887e-09
1.55508e-10
2.8815e-09
1.44683e-10
2.8726e-09
1.35414e-10
2.86244e-09
1.2783e-10
2.8512e-09
1.22011e-10
2.83892e-09
1.18001e-10
2.82562e-09
1.15835e-10
2.81125e-09
1.15512e-10
2.79569e-09
1.17071e-10
2.7788e-09
1.20544e-10
2.7604e-09
1.25977e-10
2.74026e-09
1.33452e-10
2.71812e-09
1.43073e-10
2.69369e-09
1.54974e-10
2.66666e-09
1.69337e-10
2.63669e-09
1.86394e-10
2.60344e-09
2.06433e-10
2.56661e-09
2.298e-10
2.52594e-09
2.56919e-10
2.48126e-09
2.88286e-10
2.43259e-09
3.24574e-10
2.3792e-09
3.79845e-10
2.33028e-09
3.40442e-10
2.29916e-09
1.82105e-10
2.29184e-09
2.52802e-11
2.31091e-09
-1.16232e-10
2.35496e-09
-2.54306e-10
2.4189e-09
-3.87485e-10
2.49754e-09
-5.28139e-10
2.58261e-09
-5.86468e-10
2.67158e-09
-5.94116e-10
2.75762e-09
-5.75225e-10
2.83721e-09
-5.34901e-10
2.91007e-09
-4.95709e-10
2.97655e-09
-4.60834e-10
3.03642e-09
-4.11047e-10
3.09e-09
-3.75249e-10
3.13664e-09
-3.30746e-10
3.17738e-09
-2.84117e-10
3.21127e-09
-2.41559e-10
3.23907e-09
-1.83064e-10
3.2598e-09
-1.35894e-10
3.27422e-09
-6.86551e-11
3.28131e-09
-9.1015e-12
3.28143e-09
5.8377e-11
3.27384e-09
1.34191e-10
3.25812e-09
1.90004e-10
3.23409e-09
2.7863e-10
3.20079e-09
3.26953e-10
3.15778e-09
3.88443e-10
3.10537e-09
4.34056e-10
3.04306e-09
4.65676e-10
2.97197e-09
4.98474e-10
2.89246e-09
5.05734e-10
2.80606e-09
5.2032e-10
2.71373e-09
5.13539e-10
2.61718e-09
5.10735e-10
2.51742e-09
4.99441e-10
2.41628e-09
4.837e-10
2.31415e-09
4.74291e-10
2.2127e-09
4.55355e-10
2.11235e-09
4.41225e-10
2.01366e-09
4.27407e-10
1.91741e-09
4.10497e-10
1.82372e-09
3.95427e-10
1.73296e-09
3.80068e-10
1.64549e-09
3.62466e-10
1.56183e-09
3.43556e-10
1.48213e-09
3.24224e-10
1.40691e-09
3.03062e-10
1.33649e-09
2.81285e-10
1.27117e-09
2.59154e-10
1.21143e-09
2.36517e-10
1.15724e-09
2.15579e-10
1.10852e-09
1.96322e-10
1.06575e-09
1.76837e-10
1.02807e-09
1.61396e-10
9.95255e-10
1.47754e-10
9.67298e-10
1.34021e-10
9.435e-10
1.23026e-10
9.23196e-10
1.13232e-10
9.07324e-10
1.00191e-10
8.94346e-10
9.06903e-11
8.86329e-10
7.41609e-11
8.81727e-10
6.0921e-11
8.82981e-10
3.94844e-11
8.88713e-10
2.07295e-11
9.02138e-10
-8.33218e-12
9.21606e-10
-3.38688e-11
9.49775e-10
-6.81272e-11
9.85982e-10
-1.01737e-10
1.03094e-09
-1.38075e-10
1.08548e-09
-1.78706e-10
1.14825e-09
-2.15415e-10
1.22006e-09
-2.56759e-10
1.29925e-09
-2.92962e-10
1.38505e-09
-3.28638e-10
1.47634e-09
-3.60958e-10
1.57136e-09
-3.88846e-10
1.6688e-09
-4.12192e-10
1.76704e-09
-4.31227e-10
1.86422e-09
-4.4161e-10
1.95968e-09
-4.51841e-10
2.05142e-09
-4.50793e-10
2.13874e-09
-4.46563e-10
2.22099e-09
-4.38537e-10
2.29736e-09
-4.2322e-10
2.36775e-09
-4.05838e-10
2.43235e-09
-3.86908e-10
2.49112e-09
-3.63668e-10
2.54473e-09
-3.40545e-10
2.59369e-09
-3.18766e-10
2.63857e-09
-2.96334e-10
2.68006e-09
-2.76083e-10
2.71881e-09
-2.57884e-10
2.75547e-09
-2.41987e-10
2.79065e-09
-2.30063e-10
2.8247e-09
-2.21688e-10
2.85795e-09
-2.12314e-10
2.89064e-09
-2.08692e-10
2.92353e-09
-2.11502e-10
2.95532e-09
-2.0505e-10
2.98681e-09
-2.08498e-10
3.0168e-09
-2.11496e-10
3.04592e-09
-2.03019e-10
3.07257e-09
-2.04519e-10
3.09715e-09
-1.93916e-10
3.11801e-09
-1.80241e-10
3.13537e-09
-1.61195e-10
3.1476e-09
-1.29488e-10
3.15499e-09
-9.25838e-11
3.15571e-09
-4.58926e-11
3.15045e-09
1.62237e-11
3.13675e-09
7.03827e-11
3.11559e-09
1.56495e-10
3.08437e-09
2.21892e-10
3.0437e-09
2.96196e-10
2.99116e-09
3.748e-10
2.92742e-09
4.29066e-10
2.85061e-09
5.06047e-10
2.76195e-09
5.4214e-10
2.6601e-09
6.00299e-10
2.54728e-09
6.23481e-10
2.42386e-09
6.64286e-10
2.29228e-09
6.78438e-10
2.15791e-09
6.89183e-10
2.03578e-09
6.46115e-10
1.92315e-09
6.07447e-10
1.84564e-09
3.82677e-10
1.80079e-09
2.55946e-10
1.79081e-09
1.29471e-10
1.81654e-09
-7.44222e-12
1.88147e-09
-1.79571e-10
1.97657e-09
-3.37145e-10
2.09457e-09
-4.94698e-10
2.21532e-09
-5.50177e-10
2.32949e-09
-5.53048e-10
2.43421e-09
-5.39533e-10
2.5274e-09
-5.09332e-10
2.60787e-09
-4.64804e-10
2.67516e-09
-4.09488e-10
2.72942e-09
-3.47516e-10
2.77133e-09
-2.83004e-10
2.80197e-09
-2.19676e-10
2.82275e-09
-1.60665e-10
2.83527e-09
-1.08365e-10
2.84125e-09
-6.43748e-11
2.84239e-09
-2.9534e-11
2.84035e-09
-4.03981e-12
2.83658e-09
1.25221e-11
2.83242e-09
2.0949e-11
2.82893e-09
2.24549e-11
2.82689e-09
1.84763e-11
2.82683e-09
1.05849e-11
2.82899e-09
3.96572e-13
2.83334e-09
-1.05333e-11
2.83965e-09
-2.08e-11
2.84748e-09
-2.92243e-11
2.85628e-09
-3.49516e-11
2.86541e-09
-3.74765e-11
2.87423e-09
-3.66304e-11
2.88213e-09
-3.25689e-11
2.8886e-09
-2.57411e-11
2.89329e-09
-1.68235e-11
2.89606e-09
-6.63277e-12
2.89701e-09
3.97339e-12
2.89649e-09
1.41457e-11
2.48438e-11
2.51583e-09
3.16977e-11
2.55897e-09
9.05592e-11
2.61794e-09
1.34272e-10
2.68243e-09
1.61912e-10
2.74536e-09
1.77036e-10
2.80258e-09
1.83257e-10
2.85236e-09
1.83482e-10
2.89446e-09
1.79877e-10
2.92937e-09
1.73887e-10
2.9578e-09
1.66373e-10
2.98059e-09
1.58107e-10
2.99854e-09
1.49722e-10
3.01237e-09
1.4169e-10
3.02262e-09
1.34428e-10
3.0298e-09
1.28237e-10
3.03429e-09
1.23341e-10
3.03639e-09
1.19905e-10
3.03634e-09
1.18048e-10
3.03428e-09
1.17896e-10
3.03036e-09
1.1943e-10
3.0246e-09
1.22829e-10
3.01702e-09
1.28126e-10
3.00758e-09
1.3542e-10
2.99617e-09
1.44854e-10
2.98267e-09
1.56572e-10
2.9669e-09
1.70744e-10
2.94865e-09
1.87585e-10
2.92769e-09
2.07353e-10
2.90377e-09
2.3035e-10
2.87666e-09
2.56909e-10
2.84617e-09
2.87411e-10
2.81217e-09
3.22286e-10
2.77462e-09
3.62116e-10
2.73303e-09
4.21436e-10
2.69291e-09
3.80568e-10
2.66283e-09
2.12176e-10
2.64954e-09
3.85631e-11
2.65738e-09
-1.24095e-10
2.68557e-09
-2.82537e-10
2.72938e-09
-4.31356e-10
2.78428e-09
-5.83107e-10
2.84524e-09
-6.4749e-10
2.9115e-09
-6.60408e-10
2.97586e-09
-6.39596e-10
3.03492e-09
-5.93944e-10
3.08838e-09
-5.49147e-10
3.13663e-09
-5.09065e-10
3.1798e-09
-4.54188e-10
3.21809e-09
-4.13512e-10
3.25122e-09
-3.63857e-10
3.28016e-09
-3.13039e-10
3.30418e-09
-2.65562e-10
3.32455e-09
-2.03424e-10
3.34019e-09
-1.51529e-10
3.35246e-09
-8.0923e-11
3.36042e-09
-1.70654e-11
3.36457e-09
5.42389e-11
3.36453e-09
1.34242e-10
3.35951e-09
1.95068e-10
3.34998e-09
2.88184e-10
3.33402e-09
3.42936e-10
3.31129e-09
4.11202e-10
3.28144e-09
4.63908e-10
3.2431e-09
5.04001e-10
3.19703e-09
5.44514e-10
3.14238e-09
5.60343e-10
3.08053e-09
5.82135e-10
3.01136e-09
5.82679e-10
2.93654e-09
5.85544e-10
2.85664e-09
5.79345e-10
2.7734e-09
5.66961e-10
2.68733e-09
5.60389e-10
2.60012e-09
5.42595e-10
2.51246e-09
5.28913e-10
2.42516e-09
5.14749e-10
2.33919e-09
4.9651e-10
2.25477e-09
4.7988e-10
2.17246e-09
4.62412e-10
2.0926e-09
4.42346e-10
2.01577e-09
4.20398e-10
1.94204e-09
3.97947e-10
1.8719e-09
3.7318e-10
1.80561e-09
3.47533e-10
1.74348e-09
3.21237e-10
1.68601e-09
2.93923e-10
1.63331e-09
2.68225e-10
1.58541e-09
2.44166e-10
1.54313e-09
2.19068e-10
1.50573e-09
1.98752e-10
1.4733e-09
1.8014e-10
1.44595e-09
1.6134e-10
1.42319e-09
1.45761e-10
1.4042e-09
1.32189e-10
1.39018e-09
1.14193e-10
1.37924e-09
1.01613e-10
1.37371e-09
7.96783e-11
1.3717e-09
6.29276e-11
1.37591e-09
3.52588e-11
1.38463e-09
1.20059e-11
1.40151e-09
-2.52159e-11
1.42451e-09
-5.68739e-11
1.45654e-09
-1.00163e-10
1.49662e-09
-1.41815e-10
1.54547e-09
-1.86926e-10
1.60355e-09
-2.36788e-10
1.66936e-09
-2.81233e-10
1.74321e-09
-3.30616e-10
1.82327e-09
-3.73028e-10
1.90825e-09
-4.13626e-10
1.99691e-09
-4.49631e-10
2.08707e-09
-4.79015e-10
2.17744e-09
-5.02583e-10
2.26618e-09
-5.19982e-10
2.35167e-09
-5.27125e-10
2.4332e-09
-5.33398e-10
2.50922e-09
-5.26837e-10
2.57921e-09
-5.16586e-10
2.64288e-09
-5.02249e-10
2.69989e-09
-4.80269e-10
2.7505e-09
-4.56497e-10
2.79532e-09
-4.31773e-10
2.83473e-09
-4.03134e-10
2.86969e-09
-3.75551e-10
2.90085e-09
-3.4997e-10
2.92896e-09
-3.24479e-10
2.95481e-09
-3.0196e-10
2.97906e-09
-2.82156e-10
3.00238e-09
-2.65319e-10
3.02523e-09
-2.52929e-10
3.04777e-09
-2.44247e-10
3.07003e-09
-2.3459e-10
3.09292e-09
-2.31615e-10
3.11568e-09
-2.3429e-10
3.13782e-09
-2.27195e-10
3.15986e-09
-2.30522e-10
3.18042e-09
-2.32e-10
3.20049e-09
-2.22991e-10
3.21816e-09
-2.22052e-10
3.2343e-09
-2.09901e-10
3.24738e-09
-1.93162e-10
3.25801e-09
-1.71676e-10
3.26498e-09
-1.36331e-10
3.26897e-09
-9.65049e-11
3.26847e-09
-4.53679e-11
3.26485e-09
1.98304e-11
3.25544e-09
7.97569e-11
3.24228e-09
1.69608e-10
3.22221e-09
2.41917e-10
3.19599e-09
3.22399e-10
3.16102e-09
4.09771e-10
3.11732e-09
4.72793e-10
3.06303e-09
5.60362e-10
2.99801e-09
6.07171e-10
2.92059e-09
6.7771e-10
2.8319e-09
7.12148e-10
2.7314e-09
7.6475e-10
2.62131e-09
7.88486e-10
2.50736e-09
8.03114e-10
2.4071e-09
7.46384e-10
2.31722e-09
6.97353e-10
2.26143e-09
4.38499e-10
2.23822e-09
2.79181e-10
2.24936e-09
1.18359e-10
2.29437e-09
-5.24284e-11
2.37446e-09
-2.59648e-10
2.47747e-09
-4.40156e-10
2.59432e-09
-6.11561e-10
2.70738e-09
-6.63279e-10
2.80969e-09
-6.55411e-10
2.89973e-09
-6.29635e-10
2.9766e-09
-5.86259e-10
3.04017e-09
-5.28423e-10
3.09089e-09
-4.60248e-10
3.12964e-09
-3.86286e-10
3.15757e-09
-3.10941e-10
3.17606e-09
-2.38168e-10
3.18669e-09
-1.71284e-10
3.19111e-09
-1.12763e-10
3.19092e-09
-6.41663e-11
3.18763e-09
-2.6224e-11
3.18257e-09
1.03433e-12
3.17695e-09
1.81621e-11
3.17173e-09
2.6185e-11
3.16768e-09
2.65259e-11
3.16531e-09
2.08498e-11
3.16495e-09
1.09558e-11
3.16668e-09
-1.33005e-12
3.17041e-09
-1.42602e-11
3.17588e-09
-2.62686e-11
3.18271e-09
-3.60552e-11
3.19043e-09
-4.26736e-11
3.19851e-09
-4.55655e-11
3.20643e-09
-4.45571e-11
3.2137e-09
-3.98442e-11
3.21991e-09
-3.19586e-11
3.22479e-09
-2.17016e-11
3.2282e-09
-1.00457e-11
3.2302e-09
1.9709e-12
3.23104e-09
1.33031e-11
2.51959e-11
2.5119e-09
1.97704e-11
2.54559e-09
5.68374e-11
2.59445e-09
8.53815e-11
2.65163e-09
1.04714e-10
2.71191e-09
1.1677e-10
2.77165e-09
1.2355e-10
2.82857e-09
1.26588e-10
2.88142e-09
1.27034e-10
2.92961e-09
1.25694e-10
2.97288e-09
1.23095e-10
3.01127e-09
1.19722e-10
3.04495e-09
1.16046e-10
3.07418e-09
1.12463e-10
3.09929e-09
1.09317e-10
3.12062e-09
1.06899e-10
3.13852e-09
1.05445e-10
3.15328e-09
1.05141e-10
3.16519e-09
1.06138e-10
3.17448e-09
1.08609e-10
3.18135e-09
1.12559e-10
3.18595e-09
1.18226e-10
3.18841e-09
1.25659e-10
3.18882e-09
1.35012e-10
3.18717e-09
1.46503e-10
3.18344e-09
1.60304e-10
3.17757e-09
1.76613e-10
3.16946e-09
1.95689e-10
3.15899e-09
2.17827e-10
3.14599e-09
2.43349e-10
3.13031e-09
2.72581e-10
3.11185e-09
3.05874e-10
3.09049e-09
3.43641e-10
3.06618e-09
3.86424e-10
3.03874e-09
4.4888e-10
3.00974e-09
4.09572e-10
2.98257e-09
2.39341e-10
2.96457e-09
5.65567e-11
2.96179e-09
-1.21329e-10
2.97424e-09
-2.95017e-10
2.99789e-09
-4.55055e-10
3.02911e-09
-6.14392e-10
3.0661e-09
-6.84541e-10
3.10958e-09
-7.03938e-10
3.15213e-09
-6.82162e-10
3.19045e-09
-6.32265e-10
3.22427e-09
-5.8295e-10
3.25401e-09
-5.3879e-10
3.28011e-09
-4.80265e-10
3.30269e-09
-4.36078e-10
3.32184e-09
-3.82991e-10
3.33855e-09
-3.29731e-10
3.35221e-09
-2.79219e-10
3.36452e-09
-2.15733e-10
3.37439e-09
-1.61394e-10
3.38365e-09
-9.01863e-11
3.39136e-09
-2.47815e-11
3.39841e-09
4.72029e-11
3.40492e-09
1.27717e-10
3.40915e-09
1.90891e-10
3.4121e-09
2.85298e-10
3.41221e-09
3.42824e-10
3.4091e-09
4.14365e-10
3.40156e-09
4.71463e-10
3.38788e-09
5.1766e-10
3.36855e-09
5.63817e-10
3.34176e-09
5.87115e-10
3.30867e-09
6.15212e-10
3.26813e-09
6.23202e-10
3.22166e-09
6.3202e-10
3.16921e-09
6.31812e-10
3.1122e-09
6.24006e-10
3.05107e-09
6.21554e-10
2.98724e-09
6.0647e-10
2.92152e-09
5.9469e-10
2.85477e-09
5.81551e-10
2.788e-09
5.63335e-10
2.7215e-09
5.46426e-10
2.65593e-09
5.28014e-10
2.59159e-09
5.06706e-10
2.52912e-09
4.82871e-10
2.46853e-09
4.58527e-10
2.41021e-09
4.31469e-10
2.35432e-09
4.03365e-10
2.30109e-09
3.74403e-10
2.25098e-09
3.43959e-10
2.20413e-09
3.15009e-10
2.16064e-09
2.87592e-10
2.12153e-09
2.5812e-10
2.08622e-09
2.34009e-10
2.05524e-09
2.11081e-10
2.02874e-09
1.87791e-10
2.00673e-09
1.6774e-10
1.98839e-09
1.50498e-10
1.97519e-09
1.27369e-10
1.96517e-09
1.11614e-10
1.96078e-09
8.4053e-11
1.95997e-09
6.372e-11
1.96554e-09
2.96755e-11
1.97545e-09
2.09653e-12
1.99354e-09
-4.33129e-11
2.01745e-09
-8.07967e-11
2.05011e-09
-1.32821e-10
2.09019e-09
-1.81903e-10
2.13843e-09
-2.35171e-10
2.19477e-09
-2.93124e-10
2.25774e-09
-3.4421e-10
2.32702e-09
-3.99904e-10
2.40083e-09
-4.46848e-10
2.47738e-09
-4.90177e-10
2.55545e-09
-5.27713e-10
2.63257e-09
-5.56149e-10
2.70765e-09
-5.77678e-10
2.77876e-09
-5.91112e-10
2.84477e-09
-5.93155e-10
2.90496e-09
-5.93619e-10
2.95841e-09
-5.80316e-10
3.00486e-09
-5.63067e-10
3.04441e-09
-5.41837e-10
3.07725e-09
-5.13152e-10
3.10405e-09
-4.83332e-10
3.12578e-09
-4.53558e-10
3.14322e-09
-4.20622e-10
3.15742e-09
-3.89808e-10
3.16908e-09
-3.61678e-10
3.17906e-09
-3.34505e-10
3.1882e-09
-3.1113e-10
3.19712e-09
-2.91092e-10
3.20636e-09
-2.74579e-10
3.21618e-09
-2.62755e-10
3.22636e-09
-2.54446e-10
3.23768e-09
-2.45922e-10
3.2496e-09
-2.43551e-10
3.26147e-09
-2.4618e-10
3.27346e-09
-2.39206e-10
3.28552e-09
-2.42592e-10
3.29626e-09
-2.42726e-10
3.30698e-09
-2.3365e-10
3.31559e-09
-2.30579e-10
3.32336e-09
-2.17565e-10
3.32894e-09
-1.98617e-10
3.33324e-09
-1.75848e-10
3.33544e-09
-1.38419e-10
3.33657e-09
-9.75626e-11
3.33556e-09
-4.43216e-11
3.3339e-09
2.14896e-11
3.32913e-09
8.44992e-11
3.32447e-09
1.74243e-10
3.31609e-09
2.50272e-10
3.305e-09
3.33469e-10
3.28879e-09
4.25981e-10
3.26698e-09
4.94632e-10
3.23794e-09
5.89442e-10
3.20033e-09
6.44799e-10
3.15239e-09
7.25659e-10
3.09408e-09
7.70446e-10
3.0242e-09
8.34611e-10
2.94402e-09
8.68646e-10
2.85934e-09
8.87784e-10
2.78932e-09
8.16423e-10
2.72982e-09
7.56878e-10
2.69971e-09
4.68635e-10
2.69932e-09
2.79587e-10
2.72969e-09
8.80101e-11
2.78914e-09
-1.11858e-10
2.87658e-09
-3.47069e-10
2.9777e-09
-5.41277e-10
3.08241e-09
-7.16286e-10
3.17797e-09
-7.5887e-10
3.26027e-09
-7.37768e-10
3.32897e-09
-6.98393e-10
3.38426e-09
-6.4161e-10
3.42701e-09
-5.71225e-10
3.45843e-09
-4.91703e-10
3.47983e-09
-4.07712e-10
3.49259e-09
-3.23709e-10
3.49819e-09
-2.43774e-10
3.49826e-09
-1.71337e-10
3.49434e-09
-1.08837e-10
3.48786e-09
-5.76686e-11
3.48003e-09
-1.83708e-11
3.47184e-09
9.24456e-12
3.46414e-09
2.58812e-11
3.45756e-09
3.27782e-11
3.45255e-09
3.15588e-11
3.44933e-09
2.40715e-11
3.44802e-09
1.22774e-11
3.44855e-09
-1.85008e-12
3.45073e-09
-1.64429e-11
3.45431e-09
-2.98431e-11
3.45894e-09
-4.06903e-11
3.46426e-09
-4.79996e-11
3.46989e-09
-5.11994e-11
3.47546e-09
-5.01308e-11
3.48064e-09
-4.50292e-11
3.48517e-09
-3.64937e-11
3.48888e-09
-2.5417e-11
3.4917e-09
-1.28711e-11
3.49368e-09
-3.37463e-15
3.49494e-09
1.2033e-11
2.46679e-11
2.50983e-09
9.92201e-12
2.53801e-09
2.86274e-11
2.58011e-09
4.32622e-11
2.63124e-09
5.35797e-11
2.68743e-09
6.05922e-11
2.74573e-09
6.52811e-11
2.804e-09
6.83358e-11
2.86078e-09
7.02611e-11
2.91506e-09
7.14164e-11
2.96611e-09
7.20448e-11
3.01345e-09
7.23762e-11
3.05684e-09
7.26544e-11
3.0962e-09
7.3105e-11
3.13158e-09
7.39364e-11
3.16314e-09
7.53419e-11
3.19109e-09
7.74953e-11
3.21568e-09
8.05507e-11
3.23716e-09
8.465e-11
3.25583e-09
8.99459e-11
3.27185e-09
9.65373e-11
3.28545e-09
1.04619e-10
3.29687e-09
1.14238e-10
3.30625e-09
1.25635e-10
3.31363e-09
1.39117e-10
3.31912e-09
1.54811e-10
3.32277e-09
1.7296e-10
3.32458e-09
1.93878e-10
3.32451e-09
2.17901e-10
3.32247e-09
2.45386e-10
3.31841e-09
2.76636e-10
3.31232e-09
3.11964e-10
3.30412e-09
3.51844e-10
3.2937e-09
3.9684e-10
3.28128e-09
4.61301e-10
3.26474e-09
4.26116e-10
3.24243e-09
2.61656e-10
3.22192e-09
7.70686e-11
3.21062e-09
-1.1004e-10
3.20931e-09
-2.93728e-10
3.21477e-09
-4.6056e-10
3.2243e-09
-6.23969e-10
3.23903e-09
-6.99328e-10
3.26094e-09
-7.25893e-10
3.28256e-09
-7.03815e-10
3.30086e-09
-6.50573e-10
3.3156e-09
-5.97675e-10
3.32725e-09
-5.50434e-10
3.3366e-09
-4.89595e-10
3.34371e-09
-4.43175e-10
3.34898e-09
-3.88249e-10
3.35349e-09
-3.34233e-10
3.35675e-09
-2.82474e-10
3.36075e-09
-2.19736e-10
3.36441e-09
-1.65063e-10
3.36992e-09
-9.56987e-11
3.3764e-09
-3.12655e-11
3.38486e-09
3.8746e-11
3.39544e-09
1.17147e-10
3.40698e-09
1.79393e-10
3.42122e-09
2.71067e-10
3.43477e-09
3.29297e-10
3.44834e-09
4.00859e-10
3.46121e-09
4.58611e-10
3.47067e-09
5.08193e-10
3.47712e-09
5.5735e-10
3.47801e-09
5.86218e-10
3.47433e-09
6.18884e-10
3.46417e-09
6.33366e-10
3.44892e-09
6.47272e-10
3.42786e-09
6.52894e-10
3.40192e-09
6.49984e-10
3.37143e-09
6.52098e-10
3.33727e-09
6.40683e-10
3.30021e-09
6.31809e-10
3.26104e-09
6.2078e-10
3.22061e-09
6.03839e-10
3.17917e-09
5.87915e-10
3.13742e-09
5.69805e-10
3.09553e-09
5.48621e-10
3.05421e-09
5.24194e-10
3.01344e-09
4.99279e-10
2.97347e-09
4.71406e-10
2.93435e-09
4.42421e-10
2.8962e-09
4.12482e-10
2.85935e-09
3.8073e-10
2.82392e-09
3.50365e-10
2.78998e-09
3.2146e-10
2.75856e-09
2.89476e-10
2.72921e-09
2.63301e-10
2.70281e-09
2.37424e-10
2.67951e-09
2.11049e-10
2.65985e-09
1.87355e-10
2.64314e-09
1.67182e-10
2.63109e-09
1.3939e-10
2.62195e-09
1.20733e-10
2.61815e-09
8.78283e-11
2.61775e-09
6.4104e-11
2.62333e-09
2.40845e-11
2.63327e-09
-7.84511e-12
2.65029e-09
-6.03387e-11
2.67243e-09
-1.02947e-10
2.70225e-09
-1.62639e-10
2.73813e-09
-2.17795e-10
2.78078e-09
-2.77819e-10
2.8295e-09
-3.41849e-10
2.8831e-09
-3.97817e-10
2.94057e-09
-4.57381e-10
3.00042e-09
-5.067e-10
3.06042e-09
-5.50188e-10
3.11959e-09
-5.86892e-10
3.17537e-09
-6.11941e-10
3.22705e-09
-6.29379e-10
3.27288e-09
-6.36956e-10
3.3124e-09
-6.32691e-10
3.34497e-09
-6.26208e-10
3.37035e-09
-6.05725e-10
3.38854e-09
-5.81288e-10
3.40008e-09
-5.53412e-10
3.40578e-09
-5.18885e-10
3.40665e-09
-4.84247e-10
3.404e-09
-4.50951e-10
3.39875e-09
-4.15411e-10
3.39181e-09
-3.82927e-10
3.38392e-09
-3.53835e-10
3.37607e-09
-3.26699e-10
3.36903e-09
-3.04125e-10
3.36324e-09
-2.85323e-10
3.35899e-09
-2.70346e-10
3.35622e-09
-2.59999e-10
3.35473e-09
-2.52966e-10
3.35536e-09
-2.46546e-10
3.35613e-09
-2.44326e-10
3.35768e-09
-2.47743e-10
3.35964e-09
-2.41182e-10
3.36187e-09
-2.44829e-10
3.36303e-09
-2.43885e-10
3.36463e-09
-2.35236e-10
3.36458e-09
-2.30472e-10
3.36441e-09
-2.17326e-10
3.36298e-09
-1.971e-10
3.36142e-09
-1.742e-10
3.35929e-09
-1.36203e-10
3.35783e-09
-9.60419e-11
3.35623e-09
-4.26865e-11
3.3567e-09
2.10151e-11
3.35707e-09
8.41117e-11
3.36e-09
1.71303e-10
3.36193e-09
2.48332e-10
3.36536e-09
3.30024e-10
3.36785e-09
4.23489e-10
3.36776e-09
4.94751e-10
3.36385e-09
5.9338e-10
3.35445e-09
6.54226e-10
3.33787e-09
7.42265e-10
3.31294e-09
7.95381e-10
3.27806e-09
8.69475e-10
3.23307e-09
9.13629e-10
3.18374e-09
9.37123e-10
3.14949e-09
8.5069e-10
3.12519e-09
7.81202e-10
3.12202e-09
4.71818e-10
3.14295e-09
2.58671e-10
3.18817e-09
4.2804e-11
3.2551e-09
-1.78773e-10
3.34056e-09
-4.32515e-10
3.42964e-09
-6.30359e-10
3.51213e-09
-7.98788e-10
3.58184e-09
-8.28606e-10
3.63749e-09
-7.93463e-10
3.67967e-09
-7.40617e-10
3.70973e-09
-6.71718e-10
3.72952e-09
-5.91061e-10
3.74069e-09
-5.02903e-10
3.74457e-09
-4.11611e-10
3.74244e-09
-3.21596e-10
3.73582e-09
-2.37161e-10
3.72632e-09
-1.61828e-10
3.71522e-09
-9.77366e-11
3.70355e-09
-4.5982e-11
3.69212e-09
-6.93237e-12
3.68154e-09
1.98395e-11
3.67232e-09
3.51168e-11
3.66476e-09
4.03533e-11
3.65898e-09
3.73566e-11
3.65495e-09
2.8111e-11
3.65256e-09
1.46763e-11
3.6516e-09
-8.93386e-13
3.65184e-09
-1.66719e-11
3.65297e-09
-3.09736e-11
3.65472e-09
-4.24455e-11
3.65684e-09
-5.01258e-11
3.65911e-09
-5.34742e-11
3.66135e-09
-5.23698e-11
3.6634e-09
-4.70884e-11
3.66519e-09
-3.82821e-11
3.66667e-09
-2.69038e-11
3.66787e-09
-1.40672e-11
3.66883e-09
-9.65965e-13
3.66961e-09
1.12457e-11
2.3917e-11
2.5089e-09
1.00293e-12
2.53444e-09
3.06405e-12
2.57307e-09
4.61208e-12
2.62081e-09
5.83848e-12
2.67427e-09
7.14656e-12
2.73088e-09
8.70453e-12
2.7887e-09
1.05324e-11
2.84631e-09
1.26589e-11
2.9026e-09
1.5121e-11
2.95671e-09
1.79356e-11
3.00797e-09
2.11179e-11
3.05593e-09
2.46927e-11
3.10034e-09
2.86932e-11
3.14111e-09
3.31653e-11
3.17828e-09
3.81712e-11
3.21199e-09
4.37877e-11
3.24244e-09
5.01043e-11
3.26986e-09
5.7225e-11
3.29453e-09
6.52734e-11
3.3167e-09
7.4372e-11
3.33665e-09
8.46609e-11
3.35448e-09
9.64045e-11
3.37037e-09
1.09747e-10
3.38467e-09
1.24818e-10
3.39752e-09
1.41959e-10
3.409e-09
1.61476e-10
3.41919e-09
1.83686e-10
3.42813e-09
2.08958e-10
3.43581e-09
2.37708e-10
3.44228e-09
2.70169e-10
3.44763e-09
3.06608e-10
3.45176e-09
3.47715e-10
3.45452e-09
3.94081e-10
3.45657e-09
4.59254e-10
3.45265e-09
4.30037e-10
3.43659e-09
2.77721e-10
3.41577e-09
9.78989e-11
3.39843e-09
-9.271e-11
3.38595e-09
-2.81255e-10
3.37588e-09
-4.50519e-10
3.36631e-09
-6.14438e-10
3.36094e-09
-6.94007e-10
3.36277e-09
-7.27762e-10
3.3646e-09
-7.05679e-10
3.36379e-09
-6.49771e-10
3.3602e-09
-5.94075e-10
3.35442e-09
-5.44646e-10
3.34759e-09
-4.82755e-10
3.33977e-09
-4.3534e-10
3.33163e-09
-3.80102e-10
3.32433e-09
-3.26937e-10
3.31749e-09
-2.75633e-10
3.31328e-09
-2.15534e-10
3.31064e-09
-1.62436e-10
3.31197e-09
-9.70353e-11
3.31642e-09
-3.57255e-11
3.32517e-09
3.00028e-11
3.33859e-09
1.03739e-10
3.35538e-09
1.62612e-10
3.37799e-09
2.48491e-10
3.40283e-09
3.04493e-10
3.42979e-09
3.73931e-10
3.45808e-09
4.30341e-10
3.48667e-09
4.79601e-10
3.5159e-09
5.28124e-10
3.5416e-09
5.60515e-10
3.56507e-09
5.95413e-10
3.58374e-09
6.14685e-10
3.59901e-09
6.32012e-10
3.60941e-09
6.42513e-10
3.61542e-09
6.44017e-10
3.61728e-09
6.50278e-10
3.61534e-09
6.42673e-10
3.61014e-09
6.37079e-10
3.60226e-09
6.28737e-10
3.59224e-09
6.13925e-10
3.58031e-09
5.99901e-10
3.56703e-09
5.83123e-10
3.55239e-09
5.63284e-10
3.53713e-09
5.39461e-10
3.52134e-09
5.15054e-10
3.5049e-09
4.87804e-10
3.48787e-09
4.59383e-10
3.47025e-09
4.3003e-10
3.45221e-09
3.98689e-10
3.43382e-09
3.68677e-10
3.41507e-09
3.40143e-10
3.39679e-09
3.07688e-10
3.37861e-09
2.81425e-10
3.3616e-09
2.54378e-10
3.3457e-09
2.26907e-10
3.33196e-09
2.01054e-10
3.31975e-09
1.79355e-10
3.31091e-09
1.48204e-10
3.30408e-09
1.2754e-10
3.30151e-09
9.03871e-11
3.30162e-09
6.39786e-11
3.30667e-09
1.9026e-11
3.31503e-09
-1.62182e-11
3.32914e-09
-7.44491e-11
3.34699e-09
-1.20805e-10
3.37059e-09
-1.86245e-10
3.39818e-09
-2.45383e-10
3.43034e-09
-3.09987e-10
3.46579e-09
-3.77298e-10
3.50377e-09
-4.35803e-10
3.5426e-09
-4.96211e-10
3.58125e-09
-5.45357e-10
3.61723e-09
-5.86173e-10
3.64994e-09
-6.19617e-10
3.6771e-09
-6.39109e-10
3.69865e-09
-6.50942e-10
3.71324e-09
-6.51556e-10
3.72117e-09
-6.4064e-10
3.72186e-09
-6.26904e-10
3.71575e-09
-5.99633e-10
3.70312e-09
-5.68681e-10
3.68507e-09
-5.35393e-10
3.66311e-09
-4.9696e-10
3.63845e-09
-4.59633e-10
3.61228e-09
-4.24806e-10
3.58533e-09
-3.885e-10
3.55849e-09
-3.5613e-10
3.53279e-09
-3.2818e-10
3.50918e-09
-3.03137e-10
3.48804e-09
-2.83021e-10
3.4694e-09
-2.66717e-10
3.45328e-09
-2.54233e-10
3.43939e-09
-2.46116e-10
3.42754e-09
-2.41117e-10
3.41778e-09
-2.36787e-10
3.40886e-09
-2.35403e-10
3.40086e-09
-2.39745e-10
3.39353e-09
-2.33852e-10
3.38662e-09
-2.37922e-10
3.37892e-09
-2.36194e-10
3.37212e-09
-2.28426e-10
3.36413e-09
-2.22464e-10
3.35673e-09
-2.0988e-10
3.34898e-09
-1.89295e-10
3.34215e-09
-1.67315e-10
3.33614e-09
-1.30139e-10
3.33234e-09
-9.21954e-11
3.33028e-09
-4.06008e-11
3.33242e-09
1.88814e-11
3.33647e-09
8.00528e-11
3.34613e-09
1.61628e-10
3.35759e-09
2.36864e-10
3.37275e-09
3.1484e-10
3.39086e-09
4.05384e-10
3.41066e-09
4.74977e-10
3.43053e-09
5.73534e-10
3.44817e-09
6.36619e-10
3.46223e-09
7.28217e-10
3.47037e-09
7.87252e-10
3.47126e-09
8.68592e-10
3.46328e-09
9.21618e-10
3.45177e-09
9.48633e-10
3.45512e-09
8.47354e-10
3.46725e-09
7.69081e-10
3.48981e-09
4.4927e-10
3.52863e-09
2.19859e-10
3.5831e-09
-1.16688e-11
3.65003e-09
-2.45704e-10
3.72422e-09
-5.067e-10
3.792e-09
-6.9814e-10
3.84461e-09
-8.51408e-10
3.88246e-09
-8.66473e-10
3.90655e-09
-8.17582e-10
3.91858e-09
-7.52669e-10
3.92156e-09
-6.74728e-10
3.91734e-09
-5.86871e-10
3.90748e-09
-4.93068e-10
3.89396e-09
-3.98107e-10
3.87874e-09
-3.06381e-10
3.863e-09
-2.21429e-10
3.84714e-09
-1.45969e-10
3.83159e-09
-8.21902e-11
3.81691e-09
-3.13075e-11
3.80359e-09
6.39187e-12
3.79207e-09
3.13729e-11
3.78253e-09
4.46647e-11
3.77498e-09
4.79036e-11
3.76922e-09
4.31265e-11
3.76494e-09
3.23988e-11
3.76181e-09
1.78124e-11
3.75951e-09
1.41718e-12
3.75774e-09
-1.4902e-11
3.75628e-09
-2.95175e-11
3.75497e-09
-4.11357e-11
3.7537e-09
-4.88551e-11
3.75242e-09
-5.21909e-11
3.75111e-09
-5.10687e-11
3.74982e-09
-4.57941e-11
3.74859e-09
-3.70572e-11
3.74752e-09
-2.58319e-11
3.74666e-09
-1.32164e-11
3.7461e-09
-4.07495e-13
3.74599e-09
1.1359e-11
2.3135e-11
2.50881e-09
-7.82683e-12
2.53407e-09
-2.22113e-11
2.57237e-09
-3.37115e-11
2.61979e-09
-4.15873e-11
2.67297e-09
-4.60113e-11
2.72933e-09
-4.76268e-11
2.78697e-09
-4.70899e-11
2.84448e-09
-4.48491e-11
2.90079e-09
-4.11906e-11
2.95505e-09
-3.63267e-11
3.00662e-09
-3.04501e-11
3.05506e-09
-2.37499e-11
3.10014e-09
-1.63862e-11
3.14178e-09
-8.47371e-12
3.18003e-09
-8.23048e-14
3.21505e-09
8.7685e-12
3.24706e-09
1.81005e-11
3.2763e-09
2.7975e-11
3.30308e-09
3.84978e-11
3.32766e-09
4.9792e-11
3.3503e-09
6.20208e-11
3.37133e-09
7.53705e-11
3.39101e-09
9.00649e-11
3.4095e-09
1.06328e-10
3.42704e-09
1.24417e-10
3.44384e-09
1.44674e-10
3.46006e-09
1.67462e-10
3.47587e-09
1.93152e-10
3.49151e-09
2.22061e-10
3.50697e-09
2.54706e-10
3.52184e-09
2.91743e-10
3.53617e-09
3.33383e-10
3.55036e-09
3.7989e-10
3.56549e-09
4.44125e-10
3.57359e-09
4.21943e-10
3.56456e-09
2.8675e-10
3.54518e-09
1.17284e-10
3.524e-09
-7.15278e-11
3.50272e-09
-2.59982e-10
3.4796e-09
-4.27413e-10
3.4534e-09
-5.88263e-10
3.42989e-09
-6.70541e-10
3.41292e-09
-7.10819e-10
3.3959e-09
-6.8869e-10
3.37677e-09
-6.30652e-10
3.35558e-09
-5.72878e-10
3.33311e-09
-5.22169e-10
3.3109e-09
-4.60535e-10
3.28899e-09
-4.13421e-10
3.2683e-09
-3.59409e-10
3.25001e-09
-3.08654e-10
3.23381e-09
-2.59436e-10
3.22193e-09
-2.03668e-10
3.21333e-09
-1.53843e-10
3.21045e-09
-9.41715e-11
3.2125e-09
-3.7778e-11
3.22068e-09
2.18247e-11
3.23554e-09
8.8889e-11
3.25566e-09
1.42501e-10
3.28383e-09
2.2035e-10
3.31663e-09
2.71727e-10
3.3546e-09
3.35983e-10
3.39646e-09
3.88493e-10
3.43968e-09
4.36397e-10
3.48521e-09
4.82589e-10
3.52982e-09
5.15907e-10
3.5755e-09
5.49725e-10
3.6192e-09
5.70984e-10
3.66077e-09
5.90441e-10
3.69905e-09
6.04248e-10
3.73413e-09
6.08967e-10
3.76621e-09
6.1824e-10
3.79529e-09
6.13635e-10
3.82132e-09
6.11099e-10
3.84447e-09
6.05667e-10
3.8651e-09
5.93355e-10
3.88349e-09
5.81557e-10
3.89999e-09
5.66663e-10
3.91432e-09
5.48978e-10
3.927e-09
5.26785e-10
3.93854e-09
5.03492e-10
3.94809e-09
4.78212e-10
3.95601e-09
4.51408e-10
3.96207e-09
4.23895e-10
3.96642e-09
3.94267e-10
3.96903e-09
3.65995e-10
3.9698e-09
3.39309e-10
3.96927e-09
3.08164e-10
3.96706e-09
2.83575e-10
3.96428e-09
2.57118e-10
3.96049e-09
2.30659e-10
3.95707e-09
2.04439e-10
3.95339e-09
1.83007e-10
3.9511e-09
1.50477e-10
3.94933e-09
1.29292e-10
3.94983e-09
8.98796e-11
3.9516e-09
6.22012e-11
3.95628e-09
1.43388e-11
3.96268e-09
-2.26308e-11
3.97243e-09
-8.42052e-11
3.98397e-09
-1.32345e-10
3.99853e-09
-2.00812e-10
4.0144e-09
-2.61248e-10
4.03205e-09
-3.2764e-10
4.04962e-09
-3.94877e-10
4.06693e-09
-4.53115e-10
4.08163e-09
-5.10907e-10
4.09326e-09
-5.57e-10
4.09933e-09
-5.92248e-10
4.09994e-09
-6.20233e-10
4.09357e-09
-6.32739e-10
4.08111e-09
-6.38492e-10
4.06178e-09
-6.32235e-10
4.03625e-09
-6.15124e-10
4.00359e-09
-5.94252e-10
3.96503e-09
-5.61081e-10
3.92167e-09
-5.25328e-10
3.87539e-09
-4.89134e-10
3.82802e-09
-4.49625e-10
3.7804e-09
-4.12043e-10
3.73341e-09
-3.77855e-10
3.68795e-09
-3.43067e-10
3.64538e-09
-3.13585e-10
3.6062e-09
-2.89032e-10
3.57056e-09
-2.6754e-10
3.5384e-09
-2.50896e-10
3.50951e-09
-2.37862e-10
3.48377e-09
-2.28512e-10
3.46082e-09
-2.23163e-10
3.44018e-09
-2.20482e-10
3.42184e-09
-2.18439e-10
3.40465e-09
-2.18207e-10
3.38841e-09
-2.23504e-10
3.37304e-09
-2.18478e-10
3.35817e-09
-2.23055e-10
3.3428e-09
-2.20818e-10
3.32867e-09
-2.14299e-10
3.31385e-09
-2.07633e-10
3.3002e-09
-1.96211e-10
3.28704e-09
-1.76109e-10
3.2757e-09
-1.5594e-10
3.26638e-09
-1.20786e-10
3.26051e-09
-8.62926e-11
3.25792e-09
-3.80014e-11
3.26114e-09
1.56614e-11
3.26819e-09
7.29968e-11
3.2833e-09
1.46513e-10
3.30314e-09
2.17011e-10
3.32932e-09
2.88642e-10
3.36026e-09
3.74453e-10
3.39499e-09
4.4026e-10
3.43355e-09
5.3499e-10
3.47359e-09
5.96602e-10
3.51469e-09
6.87131e-10
3.55325e-09
7.48705e-10
3.58841e-09
8.33433e-10
3.61649e-09
8.93544e-10
3.64145e-09
9.23678e-10
3.68029e-09
8.08519e-10
3.72628e-09
7.23092e-10
3.7709e-09
4.04651e-10
3.82252e-09
1.68237e-10
3.87988e-09
-6.90323e-11
3.93939e-09
-3.05232e-10
3.99475e-09
-5.62058e-10
4.0337e-09
-7.37085e-10
4.04959e-09
-8.6731e-10
4.04889e-09
-8.65797e-10
4.03883e-09
-8.07523e-10
4.02265e-09
-7.36503e-10
4.00071e-09
-6.528e-10
3.97486e-09
-5.61021e-10
3.94761e-09
-4.6582e-10
3.92046e-09
-3.70967e-10
3.89443e-09
-2.80365e-10
3.87036e-09
-1.97365e-10
3.84885e-09
-1.24474e-10
3.83014e-09
-6.34953e-11
3.81434e-09
-1.55108e-11
3.80138e-09
1.93391e-11
3.79102e-09
4.17411e-11
3.78295e-09
5.27263e-11
3.77683e-09
5.40173e-11
3.77211e-09
4.78388e-11
3.76836e-09
3.61591e-11
3.76512e-09
2.10552e-11
3.76202e-09
4.52858e-12
3.75875e-09
-1.1629e-11
3.75514e-09
-2.59043e-11
3.75112e-09
-3.71183e-11
3.74674e-09
-4.4473e-11
3.74213e-09
-4.75728e-11
3.73748e-09
-4.64179e-11
3.73306e-09
-4.13757e-11
3.72909e-09
-3.30869e-11
3.72568e-09
-2.24293e-11
3.72301e-09
-1.05474e-11
3.72131e-09
1.2978e-12
3.72092e-09
1.17479e-11
2.18524e-11
2.50952e-09
-1.73699e-11
2.53686e-09
-4.95765e-11
2.57794e-09
-7.48106e-11
2.6281e-09
-9.17478e-11
2.68345e-09
-1.01349e-10
2.7411e-09
-1.0524e-10
2.79896e-09
-1.0493e-10
2.85563e-09
-1.01512e-10
2.91015e-09
-9.57187e-11
2.96188e-09
-8.80572e-11
3.01038e-09
-7.89501e-11
3.05543e-09
-6.88055e-11
3.09701e-09
-5.79583e-11
3.13518e-09
-4.66524e-11
3.17016e-09
-3.50541e-11
3.20218e-09
-2.32532e-11
3.23155e-09
-1.12705e-11
3.2586e-09
9.17e-13
3.28367e-09
1.34341e-11
3.30708e-09
2.63731e-11
3.32919e-09
3.99148e-11
3.35025e-09
5.43044e-11
3.37054e-09
6.97723e-11
3.39033e-09
8.65396e-11
3.40983e-09
1.0492e-10
3.42927e-09
1.25227e-10
3.44894e-09
1.47794e-10
3.46909e-09
1.72992e-10
3.48989e-09
2.0126e-10
3.51145e-09
2.33141e-10
3.53403e-09
2.69166e-10
3.55768e-09
3.09734e-10
3.58229e-09
3.5528e-10
3.60913e-09
4.1729e-10
3.62826e-09
4.02813e-10
3.62659e-09
2.88432e-10
3.60995e-09
1.33928e-10
3.58665e-09
-4.82255e-11
3.5585e-09
-2.3183e-10
3.5243e-09
-3.93227e-10
3.48357e-09
-5.47551e-10
3.44354e-09
-6.30538e-10
3.40873e-09
-6.76034e-10
3.37363e-09
-6.53615e-10
3.33689e-09
-5.93921e-10
3.29894e-09
-5.34929e-10
3.26085e-09
-4.84067e-10
3.22448e-09
-4.24158e-10
3.18983e-09
-3.78769e-10
3.15801e-09
-3.27586e-10
3.13012e-09
-2.80767e-10
3.10586e-09
-2.35188e-10
3.08741e-09
-1.85224e-10
3.07368e-09
-1.40127e-10
3.06706e-09
-8.75656e-11
3.06675e-09
-3.74777e-11
3.07392e-09
1.46608e-11
3.08919e-09
7.3621e-11
3.11109e-09
1.20612e-10
3.14259e-09
1.88873e-10
3.1802e-09
2.34137e-10
3.22479e-09
2.91417e-10
3.27525e-09
3.3804e-10
3.32948e-09
3.82183e-10
3.38827e-09
4.23801e-10
3.44843e-09
4.55736e-10
3.51044e-09
4.87708e-10
3.57162e-09
5.09804e-10
3.63276e-09
5.29296e-10
3.69226e-09
5.44757e-10
3.7509e-09
5.50339e-10
3.8083e-09
5.6087e-10
3.86285e-09
5.59121e-10
3.91529e-09
5.58699e-10
3.96551e-09
5.55496e-10
4.01316e-09
5.45767e-10
4.0589e-09
5.35858e-10
4.10354e-09
5.2205e-10
4.1458e-09
5.06724e-10
4.1852e-09
4.87382e-10
4.22178e-09
4.66897e-10
4.25601e-09
4.43933e-10
4.28826e-09
4.19097e-10
4.31774e-09
3.94339e-10
4.34474e-09
3.67216e-10
4.36916e-09
3.41522e-10
4.39086e-09
3.17573e-10
4.41007e-09
2.88907e-10
4.42641e-09
2.67197e-10
4.44083e-09
2.42674e-10
4.45251e-09
2.1896e-10
4.46289e-09
1.94045e-10
4.47127e-09
1.74613e-10
4.4788e-09
1.42944e-10
4.4851e-09
1.22985e-10
4.49108e-09
8.38958e-11
4.49638e-09
5.68921e-11
4.5018e-09
8.91074e-12
4.50669e-09
-2.75206e-11
4.51162e-09
-8.91426e-11
4.51578e-09
-1.36512e-10
4.51957e-09
-2.04598e-10
4.52157e-09
-2.63252e-10
4.52215e-09
-3.28221e-10
4.51903e-09
-3.91761e-10
4.51256e-09
-4.46639e-10
4.49966e-09
-4.98006e-10
4.48044e-09
-5.37781e-10
4.45312e-09
-5.64933e-10
4.41919e-09
-5.86298e-10
4.37809e-09
-5.91647e-10
4.33079e-09
-5.91198e-10
4.27651e-09
-5.77957e-10
4.21698e-09
-5.55594e-10
4.15278e-09
-5.30058e-10
4.0865e-09
-4.9481e-10
4.01904e-09
-4.57875e-10
3.95166e-09
-4.21759e-10
3.88553e-09
-3.83501e-10
3.82119e-09
-3.47731e-10
3.75962e-09
-3.1633e-10
3.70182e-09
-2.85294e-10
3.64849e-09
-2.60272e-10
3.59946e-09
-2.40031e-10
3.55505e-09
-2.23148e-10
3.51493e-09
-2.10811e-10
3.47879e-09
-2.01742e-10
3.44632e-09
-1.96069e-10
3.41693e-09
-1.93779e-10
3.38991e-09
-1.93461e-10
3.36518e-09
-1.93703e-10
3.34165e-09
-1.94665e-10
3.31899e-09
-2.00836e-10
3.29729e-09
-1.96777e-10
3.2761e-09
-2.0186e-10
3.25464e-09
-1.99351e-10
3.23467e-09
-1.94329e-10
3.21445e-09
-1.87409e-10
3.19586e-09
-1.77613e-10
3.17847e-09
-1.58711e-10
3.16358e-09
-1.41038e-10
3.15168e-09
-1.08873e-10
3.14414e-09
-7.87398e-11
3.1411e-09
-3.49542e-11
3.14503e-09
1.17257e-11
3.15427e-09
6.37491e-11
3.17308e-09
1.27695e-10
3.19847e-09
1.91609e-10
3.23237e-09
2.54743e-10
3.27379e-09
3.33035e-10
3.32169e-09
3.92366e-10
3.37657e-09
4.80123e-10
3.43448e-09
5.38701e-10
3.49599e-09
6.2563e-10
3.55758e-09
6.87114e-10
3.6193e-09
7.71726e-10
3.67852e-09
8.34329e-10
3.73726e-09
8.6493e-10
3.80788e-09
7.37897e-10
3.88299e-09
6.47967e-10
3.94398e-09
3.43655e-10
4.00145e-09
1.10746e-10
4.05367e-09
-1.21262e-10
4.0973e-09
-3.48872e-10
4.12782e-09
-5.92574e-10
4.13606e-09
-7.45329e-10
4.11595e-09
-8.47205e-10
4.08011e-09
-8.29964e-10
4.03659e-09
-7.64013e-10
3.98879e-09
-6.88699e-10
3.94059e-09
-6.04575e-10
3.89425e-09
-5.14673e-10
3.85097e-09
-4.22541e-10
3.812e-09
-3.31995e-10
3.77803e-09
-2.46399e-10
3.74929e-09
-1.68638e-10
3.72575e-09
-1.00958e-10
3.70716e-09
-4.49171e-11
3.69296e-09
-1.32976e-12
3.68249e-09
2.97959e-11
3.67492e-09
4.93003e-11
3.66971e-09
5.79342e-11
3.66624e-09
5.74548e-11
3.6635e-09
5.05712e-11
3.66097e-09
3.86783e-11
3.65818e-09
2.38575e-11
3.65475e-09
7.97137e-12
3.65045e-09
-7.32112e-12
3.6452e-09
-2.06518e-11
3.63908e-09
-3.09917e-11
3.63228e-09
-3.76755e-11
3.62512e-09
-4.0409e-11
3.61796e-09
-3.92548e-11
3.61119e-09
-3.45983e-11
3.60518e-09
-2.70787e-11
3.6003e-09
-1.75468e-11
3.59681e-09
-7.05932e-12
3.59489e-09
3.21242e-12
3.59457e-09
1.20737e-11
1.99625e-11
2.51131e-09
-2.86996e-11
2.54347e-09
-8.17778e-11
2.59054e-09
-1.21909e-10
2.64612e-09
-1.47336e-10
2.70518e-09
-1.60391e-10
2.76417e-09
-1.64196e-10
2.82088e-09
-1.61617e-10
2.87412e-09
-1.54745e-10
2.92335e-09
-1.44954e-10
2.96841e-09
-1.33117e-10
3.00934e-09
-1.1988e-10
3.04637e-09
-1.05836e-10
3.07982e-09
-9.14109e-11
3.11006e-09
-7.68953e-11
3.13749e-09
-6.24812e-11
3.1625e-09
-4.82668e-11
3.1855e-09
-3.42683e-11
3.20685e-09
-2.0437e-11
3.22695e-09
-6.66366e-12
3.24614e-09
7.18394e-12
3.26474e-09
2.1307e-11
3.28311e-09
3.59335e-11
3.30156e-09
5.13207e-11
3.32037e-09
6.77254e-11
3.33984e-09
8.54556e-11
3.36022e-09
1.04847e-10
3.38176e-09
1.26251e-10
3.4047e-09
1.50048e-10
3.42928e-09
1.76674e-10
3.45577e-09
2.06646e-10
3.48442e-09
2.40519e-10
3.51534e-09
2.78812e-10
3.54858e-09
3.2204e-10
3.58548e-09
3.8039e-10
3.61455e-09
3.73747e-10
3.6205e-09
2.82493e-10
3.60783e-09
1.46599e-10
3.58407e-09
-2.44639e-11
3.551e-09
-1.98753e-10
3.50799e-09
-3.50213e-10
3.45425e-09
-4.93821e-10
3.39877e-09
-5.75082e-10
3.34708e-09
-6.24366e-10
3.29482e-09
-6.01372e-10
3.24166e-09
-5.40765e-10
3.18847e-09
-4.81749e-10
3.13649e-09
-4.3208e-10
3.08791e-09
-3.75564e-10
3.04262e-09
-3.33482e-10
3.00181e-09
-2.86775e-10
2.96638e-09
-2.45342e-10
2.93599e-09
-2.04814e-10
2.9126e-09
-1.61839e-10
2.89508e-09
-1.22619e-10
2.88562e-09
-7.81142e-11
2.88341e-09
-3.52738e-11
2.88948e-09
8.58832e-12
2.90451e-09
5.85971e-11
2.92697e-09
9.8162e-11
2.9599e-09
1.55961e-10
2.99985e-09
1.94207e-10
3.04789e-09
2.43389e-10
3.103e-09
2.82943e-10
3.16338e-09
3.21807e-10
3.22963e-09
3.57559e-10
3.29874e-09
3.86617e-10
3.37177e-09
4.14674e-10
3.44572e-09
4.35842e-10
3.5216e-09
4.53413e-10
3.59743e-09
4.68925e-10
3.67212e-09
4.75651e-10
3.7464e-09
4.86611e-10
3.81903e-09
4.86514e-10
3.89002e-09
4.87739e-10
3.95962e-09
4.85943e-10
4.02784e-09
4.77566e-10
4.09438e-09
4.69349e-10
4.15921e-09
4.57248e-10
4.22208e-09
4.43842e-10
4.28316e-09
4.26295e-10
4.34101e-09
4.09013e-10
4.39631e-09
3.88589e-10
4.44869e-09
3.66669e-10
4.49804e-09
3.44946e-10
4.54441e-09
3.20811e-10
4.58803e-09
2.97874e-10
4.62857e-09
2.77007e-10
4.6663e-09
2.51155e-10
4.7008e-09
2.3269e-10
4.73258e-09
2.10882e-10
4.76034e-09
1.91205e-10
4.78537e-09
1.69022e-10
4.807e-09
1.52987e-10
4.82567e-09
1.24285e-10
4.84149e-09
1.07169e-10
4.85428e-09
7.11026e-11
4.86432e-09
4.68551e-11
4.87159e-09
1.6372e-12
4.87569e-09
-3.16259e-11
4.87609e-09
-8.95408e-11
4.87266e-09
-1.33083e-10
4.86462e-09
-1.96561e-10
4.85088e-09
-2.49518e-10
4.83157e-09
-3.0891e-10
4.80436e-09
-3.64549e-10
4.77059e-09
-4.12871e-10
4.72835e-09
-4.55755e-10
4.68005e-09
-4.89473e-10
4.62459e-09
-5.09474e-10
4.56249e-09
-5.24189e-10
4.49283e-09
-5.21982e-10
4.41719e-09
-5.15562e-10
4.33585e-09
-4.96618e-10
4.251e-09
-4.70735e-10
4.16301e-09
-4.42075e-10
4.07531e-09
-4.07108e-10
3.98951e-09
-3.72077e-10
3.90633e-09
-3.38581e-10
3.82655e-09
-3.03718e-10
3.75094e-09
-2.72135e-10
3.68054e-09
-2.45957e-10
3.61615e-09
-2.20942e-10
3.55779e-09
-2.01932e-10
3.50481e-09
-1.87066e-10
3.45702e-09
-1.75379e-10
3.41391e-09
-1.67717e-10
3.37488e-09
-1.62735e-10
3.33939e-09
-1.60593e-10
3.30671e-09
-1.61102e-10
3.27613e-09
-1.62883e-10
3.24758e-09
-1.65157e-10
3.22008e-09
-1.67158e-10
3.19324e-09
-1.73987e-10
3.16736e-09
-1.70886e-10
3.14188e-09
-1.76379e-10
3.11631e-09
-1.73773e-10
3.09234e-09
-1.70353e-10
3.06847e-09
-1.63549e-10
3.04653e-09
-1.55673e-10
3.02634e-09
-1.38519e-10
3.00909e-09
-1.23791e-10
2.99553e-09
-9.53078e-11
2.9869e-09
-7.01041e-11
2.9836e-09
-3.16623e-11
2.98798e-09
7.34169e-12
2.9987e-09
5.30194e-11
3.01988e-09
1.06508e-10
3.04892e-09
1.62559e-10
3.08774e-09
2.15923e-10
3.13589e-09
2.84886e-10
3.19209e-09
3.36165e-10
3.25783e-09
4.14391e-10
3.32956e-09
4.66983e-10
3.40835e-09
5.46832e-10
3.49026e-09
6.05201e-10
3.57398e-09
6.88012e-10
3.65569e-09
7.52602e-10
3.73741e-09
7.83201e-10
3.82832e-09
6.46986e-10
3.92299e-09
5.53281e-10
3.99472e-09
2.71915e-10
4.05384e-09
5.16059e-11
4.09787e-09
-1.65318e-10
4.12358e-09
-3.74586e-10
4.12452e-09
-5.93513e-10
4.09602e-09
-7.16826e-10
4.03708e-09
-7.88269e-10
3.96536e-09
-7.58247e-10
3.89017e-09
-6.88815e-10
3.81534e-09
-6.13845e-10
3.74447e-09
-5.33682e-10
3.68016e-09
-4.50346e-10
3.62396e-09
-3.66323e-10
3.57644e-09
-2.8447e-10
3.53763e-09
-2.07588e-10
3.5071e-09
-1.38125e-10
3.48415e-09
-7.80222e-11
3.46782e-09
-2.8614e-11
3.45702e-09
9.45416e-12
3.45052e-09
3.62656e-11
3.44716e-09
5.26456e-11
3.44595e-09
5.91481e-11
3.4458e-09
5.76018e-11
3.44572e-09
5.06249e-11
3.44509e-09
3.9293e-11
3.44339e-09
2.55528e-11
3.4403e-09
1.10686e-11
3.43568e-09
-2.70206e-12
3.42962e-09
-1.4585e-11
3.42236e-09
-2.37226e-11
3.41427e-09
-2.95858e-11
3.40584e-09
-3.19709e-11
3.39757e-09
-3.0982e-11
3.38998e-09
-2.69988e-11
3.38352e-09
-2.06247e-11
3.37862e-09
-1.26451e-11
3.37557e-09
-4.00065e-12
3.37451e-09
4.26709e-12
3.37549e-09
1.10872e-11
1.64e-11
2.51477e-09
-4.35022e-11
2.55543e-09
-1.22495e-10
2.61181e-09
-1.78346e-10
2.67433e-09
-2.09867e-10
2.73619e-09
-2.22232e-10
2.79328e-09
-2.21249e-10
2.84386e-09
-2.12178e-10
2.88764e-09
-1.98525e-10
2.92515e-09
-1.82466e-10
2.95715e-09
-1.65118e-10
2.98445e-09
-1.47173e-10
3.00791e-09
-1.293e-10
3.02829e-09
-1.11787e-10
3.04622e-09
-9.48277e-11
3.06227e-09
-7.85351e-11
3.07694e-09
-6.29353e-11
3.09065e-09
-4.79842e-11
3.1038e-09
-3.35839e-11
3.11672e-09
-1.95933e-11
3.12975e-09
-5.84072e-12
3.14317e-09
7.87928e-12
3.1573e-09
2.1809e-11
3.17241e-09
3.62004e-11
3.18881e-09
5.13247e-11
3.20678e-09
6.7481e-11
3.22663e-09
8.49994e-11
3.24864e-09
1.04235e-10
3.27311e-09
1.25574e-10
3.30033e-09
1.49452e-10
3.3306e-09
1.76376e-10
3.36421e-09
2.06909e-10
3.40137e-09
2.41653e-10
3.44218e-09
2.81227e-10
3.48826e-09
3.3431e-10
3.52702e-09
3.34991e-10
3.54142e-09
2.68099e-10
3.53433e-09
1.53694e-10
3.51193e-09
-2.0642e-12
3.47573e-09
-1.62548e-10
3.4256e-09
-3.00074e-10
3.36165e-09
-4.2987e-10
3.29373e-09
-5.07173e-10
3.22695e-09
-5.57602e-10
3.1592e-09
-5.33636e-10
3.09157e-09
-4.73142e-10
3.02546e-09
-4.15641e-10
2.96226e-09
-3.68881e-10
2.90432e-09
-3.17623e-10
2.85136e-09
-2.80516e-10
2.80445e-09
-2.39868e-10
2.76417e-09
-2.05068e-10
2.73008e-09
-1.70736e-10
2.70378e-09
-1.35546e-10
2.68411e-09
-1.02962e-10
2.67296e-09
-6.69675e-11
2.66951e-09
-3.18338e-11
2.67463e-09
3.47162e-12
2.68898e-09
4.42516e-11
2.71104e-09
7.61151e-11
2.74379e-09
1.23226e-10
2.78392e-09
1.54095e-10
2.83263e-09
1.9469e-10
2.88891e-09
2.2667e-10
2.9513e-09
2.59424e-10
3.0203e-09
2.88552e-10
3.09319e-09
3.13722e-10
3.17104e-09
3.36821e-10
3.25103e-09
3.55837e-10
3.33374e-09
3.70697e-10
3.41775e-09
3.84913e-10
3.50224e-09
3.91158e-10
3.58738e-09
4.01483e-10
3.67188e-09
4.02025e-10
3.75607e-09
4.03575e-10
3.83921e-09
4.0283e-10
3.92019e-09
3.96589e-10
3.9991e-09
3.90457e-10
4.0763e-09
3.80043e-10
4.15134e-09
3.68796e-10
4.22421e-09
3.53416e-10
4.29449e-09
3.38707e-10
4.36213e-09
3.20922e-10
4.42674e-09
3.02027e-10
4.48895e-09
2.82715e-10
4.54798e-09
2.6176e-10
4.60405e-09
2.41795e-10
4.65708e-09
2.2396e-10
4.70667e-09
2.01569e-10
4.75291e-09
1.86464e-10
4.79625e-09
1.67553e-10
4.83554e-09
1.51935e-10
4.8718e-09
1.32791e-10
4.90439e-09
1.20417e-10
4.93286e-09
9.58245e-11
4.95771e-09
8.23367e-11
4.97757e-09
5.12488e-11
4.99319e-09
3.12385e-11
5.00271e-09
-7.88552e-12
5.00724e-09
-3.61509e-11
5.00438e-09
-8.66822e-11
4.99494e-09
-1.23652e-10
4.97726e-09
-1.78873e-10
4.95093e-09
-2.23194e-10
4.91596e-09
-2.73928e-10
4.87034e-09
-3.18931e-10
4.81604e-09
-3.58571e-10
4.75143e-09
-3.9113e-10
4.67895e-09
-4.16995e-10
4.59811e-09
-4.28623e-10
4.51061e-09
-4.36676e-10
4.4167e-09
-4.28054e-10
4.31753e-09
-4.16387e-10
4.2143e-09
-3.93379e-10
4.11077e-09
-3.67203e-10
4.0081e-09
-3.39405e-10
3.90915e-09
-3.08154e-10
3.81443e-09
-2.77348e-10
3.72488e-09
-2.49029e-10
3.64195e-09
-2.20795e-10
3.56577e-09
-1.95958e-10
3.49624e-09
-1.76436e-10
3.43344e-09
-1.58166e-10
3.37694e-09
-1.45456e-10
3.32595e-09
-1.36092e-10
3.28004e-09
-1.29483e-10
3.23848e-09
-1.26177e-10
3.20058e-09
-1.24844e-10
3.16568e-09
-1.25708e-10
3.13304e-09
-1.28467e-10
3.102e-09
-1.31849e-10
3.07253e-09
-1.35678e-10
3.04377e-09
-1.3839e-10
3.01531e-09
-1.45525e-10
2.98767e-09
-1.43237e-10
2.96023e-09
-1.48932e-10
2.93277e-09
-1.46312e-10
2.90685e-09
-1.44431e-10
2.88129e-09
-1.37993e-10
2.85774e-09
-1.32129e-10
2.83628e-09
-1.17067e-10
2.81796e-09
-1.05474e-10
2.80371e-09
-8.10741e-11
2.79462e-09
-6.10179e-11
2.79134e-09
-2.83841e-11
2.79595e-09
2.71834e-12
2.8075e-09
4.14591e-11
2.82979e-09
8.42092e-11
2.86068e-09
1.31658e-10
2.90193e-09
1.7467e-10
2.95363e-09
2.33181e-10
3.01445e-09
2.7534e-10
3.08646e-09
3.42388e-10
3.16623e-09
3.8721e-10
3.25527e-09
4.57787e-10
3.35008e-09
5.10392e-10
3.45053e-09
5.87556e-10
3.55202e-09
6.51102e-10
3.65472e-09
6.80496e-10
3.76122e-09
5.40473e-10
3.86548e-09
4.49017e-10
3.93723e-09
2.00139e-10
3.98843e-09
3.86863e-13
4.01595e-09
-1.92848e-10
4.01676e-09
-3.75402e-10
3.985e-09
-5.6176e-10
3.92027e-09
-6.52103e-10
3.82499e-09
-6.9299e-10
3.72049e-09
-6.53746e-10
3.6176e-09
-5.8591e-10
3.52028e-09
-5.16505e-10
3.43185e-09
-4.45225e-10
3.35449e-09
-3.72965e-10
3.28933e-09
-3.01138e-10
3.23651e-09
-2.31642e-10
3.19551e-09
-1.66578e-10
3.16529e-09
-1.07915e-10
3.14453e-09
-5.72758e-11
3.13169e-09
-1.57946e-11
3.12514e-09
1.59805e-11
3.12324e-09
3.81359e-11
3.12457e-09
5.12978e-11
3.12757e-09
5.61357e-11
3.13084e-09
5.43365e-11
3.13367e-09
4.77844e-11
3.13523e-09
3.77298e-11
3.13501e-09
2.57563e-11
3.1328e-09
1.32798e-11
3.12859e-09
1.50278e-12
3.12263e-09
-8.61642e-12
3.11531e-09
-1.63993e-11
3.10717e-09
-2.14413e-11
3.09881e-09
-2.36064e-11
3.09084e-09
-2.30109e-11
3.08385e-09
-1.99983e-11
3.07832e-09
-1.50993e-11
3.07467e-09
-8.9931e-12
3.07316e-09
-2.48335e-12
3.0739e-09
3.52514e-12
3.07694e-09
8.04161e-12
1.06754e-11
2.52125e-09
-6.48054e-11
2.57565e-09
-1.76966e-10
2.64413e-09
-2.46898e-10
2.71204e-09
-2.77804e-10
2.77097e-09
-2.81146e-10
2.81747e-09
-2.67714e-10
2.85216e-09
-2.4686e-10
2.877e-09
-2.23353e-10
2.89379e-09
-1.99265e-10
2.90482e-09
-1.76154e-10
2.91213e-09
-1.54479e-10
2.91694e-09
-1.34102e-10
2.9202e-09
-1.15054e-10
2.92269e-09
-9.73173e-11
2.92497e-09
-8.08169e-11
2.92747e-09
-6.54406e-11
2.93054e-09
-5.10499e-11
2.93444e-09
-3.7485e-11
2.93941e-09
-2.45677e-11
2.94567e-09
-1.21034e-11
2.95342e-09
1.23068e-13
2.96288e-09
1.23484e-11
2.97427e-09
2.48095e-11
2.98783e-09
3.776e-11
3.00383e-09
5.14767e-11
3.02257e-09
6.62638e-11
3.04435e-09
8.24509e-11
3.06951e-09
1.00402e-10
3.09843e-09
1.20534e-10
3.13147e-09
1.43332e-10
3.16901e-09
1.69363e-10
3.21138e-09
1.99283e-10
3.25878e-09
2.33824e-10
3.31295e-09
2.80141e-10
3.36097e-09
2.86977e-10
3.38508e-09
2.43992e-10
3.386e-09
1.52777e-10
3.36791e-09
1.60335e-11
3.33185e-09
-1.26484e-10
3.27824e-09
-2.46455e-10
3.20756e-09
-3.59193e-10
3.13e-09
-4.2961e-10
3.05097e-09
-4.78589e-10
2.9706e-09
-4.5327e-10
2.89155e-09
-3.941e-10
2.81588e-09
-3.39976e-10
2.7451e-09
-2.98105e-10
2.68152e-09
-2.54039e-10
2.62449e-09
-2.23492e-10
2.57484e-09
-1.90217e-10
2.53268e-09
-1.62916e-10
2.49745e-09
-1.35504e-10
2.47029e-09
-1.08402e-10
2.45007e-09
-8.27476e-11
2.43831e-09
-5.52072e-11
2.43423e-09
-2.77624e-11
2.43851e-09
-8.026e-13
2.45179e-09
3.09758e-11
2.47259e-09
5.5326e-11
2.50376e-09
9.20705e-11
2.54218e-09
1.15678e-10
2.58915e-09
1.47735e-10
2.64365e-09
1.72176e-10
2.70454e-09
1.98533e-10
2.77224e-09
2.20854e-10
2.84435e-09
2.41604e-10
2.92178e-09
2.59378e-10
3.00213e-09
2.75476e-10
3.08573e-09
2.87091e-10
3.17132e-09
2.99314e-10
3.2581e-09
3.04377e-10
3.34626e-09
3.13319e-10
3.43416e-09
3.14142e-10
3.52196e-09
3.15782e-10
3.60937e-09
3.15424e-10
3.69547e-09
3.10496e-10
3.77993e-09
3.05991e-10
3.86253e-09
2.97444e-10
3.94277e-09
2.88565e-10
4.02068e-09
2.75492e-10
4.0962e-09
2.63172e-10
4.16896e-09
2.48135e-10
4.23859e-09
2.32376e-10
4.30503e-09
2.16255e-10
4.3679e-09
1.98882e-10
4.42757e-09
1.82119e-10
4.48432e-09
1.6722e-10
4.53728e-09
1.4863e-10
4.58727e-09
1.36509e-10
4.63449e-09
1.20365e-10
4.6779e-09
1.08565e-10
4.71818e-09
9.25431e-11
4.75497e-09
8.36505e-11
4.78714e-09
6.36762e-11
4.81555e-09
5.39356e-11
4.83789e-09
2.89207e-11
4.85524e-09
1.38999e-11
4.86485e-09
-1.75005e-11
4.86793e-09
-3.92246e-11
4.86109e-09
-7.98429e-11
4.84573e-09
-1.08292e-10
4.8193e-09
-1.52432e-10
4.7821e-09
-1.85998e-10
4.73394e-09
-2.25766e-10
4.67353e-09
-2.58506e-10
4.60311e-09
-2.88152e-10
4.52142e-09
-3.0943e-10
4.43097e-09
-3.26536e-10
4.33243e-09
-3.30072e-10
4.228e-09
-3.32232e-10
4.11978e-09
-3.19811e-10
4.01028e-09
-3.06878e-10
3.90139e-09
-2.84477e-10
3.79566e-09
-2.61465e-10
3.69347e-09
-2.37204e-10
3.59724e-09
-2.11918e-10
3.50735e-09
-1.87458e-10
3.4243e-09
-1.65981e-10
3.34898e-09
-1.45474e-10
3.28109e-09
-1.28065e-10
3.22008e-09
-1.1544e-10
3.16571e-09
-1.03801e-10
3.11716e-09
-9.69279e-11
3.07353e-09
-9.24754e-11
3.03424e-09
-9.02026e-11
2.99847e-09
-9.04152e-11
2.96549e-09
-9.18747e-11
2.93467e-09
-9.48938e-11
2.9053e-09
-9.91032e-11
2.87683e-09
-1.03379e-10
2.84923e-09
-1.08075e-10
2.82185e-09
-1.11007e-10
2.79428e-09
-1.1795e-10
2.76723e-09
-1.16175e-10
2.74004e-09
-1.21736e-10
2.71278e-09
-1.19055e-10
2.68682e-09
-1.18464e-10
2.66131e-09
-1.12493e-10
2.63769e-09
-1.08519e-10
2.6163e-09
-9.56833e-11
2.59797e-09
-8.71569e-11
2.58384e-09
-6.69627e-11
2.57476e-09
-5.19482e-11
2.57161e-09
-2.52473e-11
2.57617e-09
-1.85334e-12
2.58786e-09
2.97539e-11
2.61004e-09
6.20199e-11
2.64109e-09
1.00597e-10
2.68249e-09
1.3326e-10
2.73486e-09
1.80809e-10
2.79681e-09
2.13383e-10
2.87087e-09
2.68319e-10
2.95382e-09
3.04253e-10
3.04782e-09
3.6379e-10
3.14945e-09
4.08748e-10
3.25937e-09
4.77638e-10
3.37244e-09
5.38021e-10
3.48719e-09
5.65739e-10
3.6011e-09
4.26554e-10
3.70841e-09
3.41699e-10
3.77528e-09
1.33247e-10
3.81321e-09
-3.75542e-11
3.81972e-09
-1.99361e-10
3.79276e-09
-3.48457e-10
3.72796e-09
-4.96979e-10
3.62974e-09
-5.53895e-10
3.50408e-09
-5.67343e-10
3.37397e-09
-5.23634e-10
3.25063e-09
-4.62567e-10
3.13781e-09
-4.03664e-10
3.03819e-09
-3.45582e-10
2.95327e-09
-2.88013e-10
2.88352e-09
-2.31369e-10
2.82862e-09
-1.76724e-10
2.78758e-09
-1.25533e-10
2.75896e-09
-7.93008e-11
2.74101e-09
-3.93369e-11
2.7318e-09
-6.59633e-12
2.72933e-09
1.84246e-11
2.73167e-09
3.57771e-11
2.73705e-09
4.58932e-11
2.74368e-09
4.94898e-11
2.75018e-09
4.78227e-11
2.75569e-09
4.22795e-11
2.75939e-09
3.40287e-11
2.76085e-09
2.42936e-11
2.75994e-09
1.41894e-11
2.75679e-09
4.65208e-12
2.75174e-09
-3.56407e-12
2.74531e-09
-9.96546e-12
2.73812e-09
-1.42513e-11
2.73085e-09
-1.6329e-11
2.72414e-09
-1.63005e-11
2.7186e-09
-1.44477e-11
2.7147e-09
-1.12041e-11
2.71282e-09
-7.11255e-12
2.71317e-09
-2.83064e-12
2.71584e-09
8.56831e-13
2.72088e-09
2.99323e-12
3.00551e-12
2.53354e-09
-9.84206e-11
2.6089e-09
-2.52367e-10
2.68889e-09
-3.26927e-10
2.75336e-09
-3.42265e-10
2.79553e-09
-3.23322e-10
2.81684e-09
-2.89014e-10
2.82195e-09
-2.51968e-10
2.81612e-09
-2.1753e-10
2.80406e-09
-1.87212e-10
2.78883e-09
-1.60919e-10
2.77247e-09
-1.38114e-10
2.75642e-09
-1.18052e-10
2.74154e-09
-1.00178e-10
2.72834e-09
-8.41239e-11
2.71713e-09
-6.96071e-11
2.70808e-09
-5.63859e-11
2.70127e-09
-4.42469e-11
2.69678e-09
-3.29933e-11
2.69464e-09
-2.24372e-11
2.69493e-09
-1.2391e-11
2.6977e-09
-2.65473e-12
2.70306e-09
6.98891e-12
2.71113e-09
1.67345e-11
2.7221e-09
2.67943e-11
2.73617e-09
3.74008e-11
2.75362e-09
4.88119e-11
2.77476e-09
6.13025e-11
2.79998e-09
7.51823e-11
2.8297e-09
9.08148e-11
2.86439e-09
1.0864e-10
2.90455e-09
1.29194e-10
2.95069e-09
1.53142e-10
3.00322e-09
1.81294e-10
3.064e-09
2.19355e-10
3.12061e-09
2.30373e-10
3.15561e-09
2.08991e-10
3.16721e-09
1.41184e-10
3.15687e-09
2.63834e-11
3.12481e-09
-9.44155e-11
3.0718e-09
-1.93432e-10
2.99851e-09
-2.85895e-10
2.91503e-09
-3.46128e-10
2.8269e-09
-3.90474e-10
2.73704e-09
-3.63417e-10
2.6501e-09
-3.07179e-10
2.56887e-09
-2.58753e-10
2.49472e-09
-2.23959e-10
2.42957e-09
-1.88892e-10
2.3722e-09
-1.66122e-10
2.32301e-09
-1.41024e-10
2.28161e-09
-1.21516e-10
2.2473e-09
-1.01207e-10
2.22086e-09
-8.19606e-11
2.20117e-09
-6.30678e-11
2.18943e-09
-4.34689e-11
2.18496e-09
-2.32978e-11
2.18825e-09
-4.08947e-12
2.19995e-09
1.92838e-11
2.21863e-09
3.66492e-11
2.24699e-09
6.37216e-11
2.28214e-09
8.05344e-11
2.3254e-09
1.04473e-10
2.37577e-09
1.21813e-10
2.43242e-09
1.41878e-10
2.49559e-09
1.57677e-10
2.56333e-09
1.73854e-10
2.63629e-09
1.86413e-10
2.71249e-09
1.99256e-10
2.79206e-09
2.07515e-10
2.87394e-09
2.17422e-10
2.95722e-09
2.21097e-10
3.04221e-09
2.28329e-10
3.12722e-09
2.2914e-10
3.21228e-09
2.3072e-10
3.297e-09
2.30709e-10
3.38046e-09
2.27043e-10
3.46243e-09
2.24021e-10
3.5425e-09
2.17385e-10
3.62003e-09
2.11033e-10
3.69469e-09
2.00817e-10
3.76644e-09
1.914e-10
3.83498e-09
1.79578e-10
3.90018e-09
1.6716e-10
3.96201e-09
1.54411e-10
4.02024e-09
1.40648e-10
4.07514e-09
1.27239e-10
4.12695e-09
1.15435e-10
4.17511e-09
1.00506e-10
4.22043e-09
9.12249e-11
4.26301e-09
7.78261e-11
4.30222e-09
6.93936e-11
4.33843e-09
5.63601e-11
4.37168e-09
5.04223e-11
4.40034e-09
3.50371e-11
4.42559e-09
2.86994e-11
4.4445e-09
1.00226e-11
4.45837e-09
4.5037e-14
4.46389e-09
-2.30212e-11
4.4624e-09
-3.77253e-11
4.4499e-09
-6.73391e-11
4.4282e-09
-8.65925e-11
4.3942e-09
-1.18423e-10
4.34886e-09
-1.4065e-10
4.29176e-09
-1.68665e-10
4.22249e-09
-1.89225e-10
4.14336e-09
-2.0902e-10
4.05422e-09
-2.20279e-10
3.95782e-09
-2.30126e-10
3.8559e-09
-2.28142e-10
3.7507e-09
-2.27015e-10
3.64503e-09
-2.14124e-10
3.54105e-09
-2.02882e-10
3.44079e-09
-1.84203e-10
3.34617e-09
-1.6684e-10
3.25732e-09
-1.48337e-10
3.17586e-09
-1.30458e-10
3.1018e-09
-1.13393e-10
3.03507e-09
-9.92415e-11
2.97594e-09
-8.63429e-11
2.92374e-09
-7.58721e-11
2.87764e-09
-6.93446e-11
2.83718e-09
-6.33432e-11
2.80136e-09
-6.11224e-11
2.76924e-09
-6.03649e-11
2.74017e-09
-6.11513e-11
2.71336e-09
-6.36092e-11
2.68813e-09
-6.66495e-11
2.66391e-09
-7.06776e-11
2.6401e-09
-7.52979e-11
2.61629e-09
-7.95601e-11
2.59247e-09
-8.42465e-11
2.56822e-09
-8.67511e-11
2.54314e-09
-9.28706e-11
2.51815e-09
-9.11703e-11
2.49255e-09
-9.61354e-11
2.46673e-09
-9.32378e-11
2.44179e-09
-9.35273e-11
2.4173e-09
-8.80069e-11
2.3944e-09
-8.56311e-11
2.3737e-09
-7.49989e-11
2.3558e-09
-6.92709e-11
2.34203e-09
-5.32124e-11
2.33294e-09
-4.28821e-11
2.32968e-09
-2.20033e-11
2.33361e-09
-5.79808e-12
2.34459e-09
1.87579e-11
2.36539e-09
4.12104e-11
2.39497e-09
7.09943e-11
2.43443e-09
9.37904e-11
2.48488e-09
1.30347e-10
2.54483e-09
1.53423e-10
2.61725e-09
1.95885e-10
2.6991e-09
2.22393e-10
2.79322e-09
2.69666e-10
2.89647e-09
3.0549e-10
3.01028e-09
3.6382e-10
3.12965e-09
4.18643e-10
3.25087e-09
4.44518e-10
3.36486e-09
3.12563e-10
3.46715e-09
2.39395e-10
3.52342e-09
7.69692e-11
3.54411e-09
-5.82502e-11
3.52754e-09
-1.82801e-10
3.47324e-09
-2.94179e-10
3.37902e-09
-4.02791e-10
3.25426e-09
-4.29154e-10
3.10826e-09
-4.21365e-10
2.96362e-09
-3.79004e-10
2.83058e-09
-3.29525e-10
2.71188e-09
-2.84953e-10
2.60914e-09
-2.42823e-10
2.52299e-09
-2.01845e-10
2.45334e-09
-1.61694e-10
2.39949e-09
-1.22855e-10
2.36023e-09
-8.62717e-11
2.33397e-09
-5.30392e-11
2.31879e-09
-2.41611e-11
2.31265e-09
-4.69107e-13
2.31337e-09
1.76862e-11
2.31886e-09
3.02735e-11
2.32717e-09
3.75646e-11
2.33653e-09
4.01203e-11
2.34553e-09
3.88109e-11
2.35319e-09
3.46131e-11
2.35879e-09
2.84285e-11
2.36194e-09
2.11396e-11
2.36258e-09
1.35565e-11
2.36089e-09
6.34472e-12
2.35726e-09
6.46907e-14
2.35225e-09
-4.94938e-12
2.3465e-09
-8.49673e-12
2.34067e-09
-1.05028e-11
2.33542e-09
-1.10429e-11
2.3313e-09
-1.03244e-11
2.32878e-09
-8.68129e-12
2.32817e-09
-6.51056e-12
2.32967e-09
-4.33059e-12
2.3334e-09
-2.86948e-12
2.33949e-09
-3.10227e-12
-5.61928e-12
2.55747e-09
-1.5597e-10
2.6591e-09
-3.53916e-10
2.73664e-09
-4.04468e-10
2.77468e-09
-3.80175e-10
2.77555e-09
-3.24119e-10
2.75279e-09
-2.66318e-10
2.71642e-09
-2.15624e-10
2.67407e-09
-1.7519e-10
2.63114e-09
-1.44287e-10
2.59046e-09
-1.20239e-10
2.55325e-09
-1.00904e-10
2.52005e-09
-8.48511e-11
2.49102e-09
-7.11525e-11
2.46612e-09
-5.92284e-11
2.44521e-09
-4.86915e-11
2.42808e-09
-3.92589e-11
2.41454e-09
-3.07107e-11
2.40441e-09
-2.28676e-11
2.39755e-09
-1.55778e-11
2.39386e-09
-8.70182e-12
2.3933e-09
-2.10059e-12
2.39583e-09
4.45611e-12
2.40151e-09
1.10555e-11
2.41045e-09
1.78503e-11
2.42283e-09
2.50192e-11
2.43888e-09
3.27609e-11
2.45891e-09
4.12632e-11
2.48334e-09
5.07533e-11
2.51264e-09
6.15073e-11
2.5474e-09
7.38872e-11
2.58824e-09
8.83442e-11
2.6359e-09
1.05481e-10
2.6911e-09
1.26089e-10
2.75601e-09
1.54449e-10
2.81959e-09
1.66794e-10
2.86586e-09
1.6272e-10
2.89008e-09
1.16979e-10
2.89007e-09
2.64007e-11
2.86474e-09
-6.90702e-11
2.81502e-09
-1.43704e-10
2.74165e-09
-2.12516e-10
2.65432e-09
-2.58798e-10
2.55863e-09
-2.94791e-10
2.46147e-09
-2.66273e-10
2.37009e-09
-2.15808e-10
2.28755e-09
-1.76224e-10
2.21434e-09
-1.5076e-10
2.1515e-09
-1.26057e-10
2.09692e-09
-1.11545e-10
2.0506e-09
-9.46975e-11
2.01166e-09
-8.25809e-11
1.97946e-09
-6.90087e-11
1.95438e-09
-5.68939e-11
1.93554e-09
-4.42292e-11
1.9238e-09
-3.17307e-11
1.91867e-09
-1.81781e-11
1.92044e-09
-5.86137e-12
1.92986e-09
9.86887e-12
1.94553e-09
2.09853e-11
1.97e-09
3.92484e-11
2.00059e-09
4.99498e-11
2.03869e-09
6.63697e-11
2.08319e-09
7.73063e-11
2.13367e-09
9.1396e-11
2.19006e-09
1.01275e-10
2.25095e-09
1.1295e-10
2.31661e-09
1.20741e-10
2.3856e-09
1.30254e-10
2.45772e-09
1.35377e-10
2.53228e-09
1.42862e-10
2.60816e-09
1.45203e-10
2.68581e-09
1.50683e-10
2.76353e-09
1.51413e-10
2.84135e-09
1.52905e-10
2.91876e-09
1.53303e-10
2.99479e-09
1.5102e-10
3.06927e-09
1.4955e-10
3.14162e-09
1.45033e-10
3.21132e-09
1.41333e-10
3.27778e-09
1.34341e-10
3.34093e-09
1.28234e-10
3.40033e-09
1.20152e-10
3.45588e-09
1.11603e-10
3.50751e-09
1.02772e-10
3.55506e-09
9.31048e-11
3.59882e-09
8.35027e-11
3.63913e-09
7.51487e-11
3.67555e-09
6.41266e-11
3.70906e-09
5.77439e-11
3.73963e-09
4.72869e-11
3.76718e-09
4.18715e-11
3.79182e-09
3.17434e-11
3.81407e-09
2.81935e-11
3.83211e-09
1.70116e-11
3.84737e-09
1.34512e-11
3.85683e-09
5.79653e-13
3.86198e-09
-5.0995e-12
3.85937e-09
-2.04033e-11
3.85046e-09
-2.88014e-11
3.83118e-09
-4.80481e-11
3.80355e-09
-5.89594e-11
3.76444e-09
-7.93052e-11
3.71535e-09
-9.15546e-11
3.6558e-09
-1.09108e-10
3.58628e-09
-1.19705e-10
3.50893e-09
-1.31662e-10
3.42461e-09
-1.35953e-10
3.33584e-09
-1.41346e-10
3.24499e-09
-1.37275e-10
3.1538e-09
-1.35814e-10
3.06513e-09
-1.25439e-10
2.98033e-09
-1.18074e-10
2.90116e-09
-1.05016e-10
2.82872e-09
-9.43872e-11
2.76289e-09
-8.24949e-11
2.70452e-09
-7.20862e-11
2.65325e-09
-6.21156e-11
2.60855e-09
-5.45358e-11
2.57023e-09
-4.80181e-11
2.53739e-09
-4.30375e-11
2.50903e-09
-4.09822e-11
2.48458e-09
-3.89048e-11
2.46302e-09
-3.95734e-11
2.44346e-09
-4.08136e-11
2.42529e-09
-4.29876e-11
2.40778e-09
-4.61058e-11
2.39039e-09
-4.92708e-11
2.37269e-09
-5.29723e-11
2.35422e-09
-5.68251e-11
2.33474e-09
-6.00777e-11
2.3143e-09
-6.38041e-11
2.29277e-09
-6.52172e-11
2.26976e-09
-6.98544e-11
2.24642e-09
-6.78202e-11
2.22199e-09
-7.17124e-11
2.19725e-09
-6.84975e-11
2.17294e-09
-6.92241e-11
2.14911e-09
-6.41844e-11
2.12652e-09
-6.30574e-11
2.10612e-09
-5.46257e-11
2.08816e-09
-5.13319e-11
2.07425e-09
-3.93217e-11
2.06451e-09
-3.31635e-11
2.06042e-09
-1.79321e-11
2.06275e-09
-8.15041e-12
2.07194e-09
9.54703e-12
2.08996e-09
2.31725e-11
2.1165e-09
4.44305e-11
2.15203e-09
5.82425e-11
2.19828e-09
8.40806e-11
2.25344e-09
9.82466e-11
2.32102e-09
1.28289e-10
2.398e-09
1.45403e-10
2.48801e-09
1.79639e-10
2.58833e-09
2.05168e-10
2.70154e-09
2.50599e-10
2.82325e-09
2.96934e-10
2.94727e-09
3.20494e-10
3.05592e-09
2.03924e-10
3.14725e-09
1.48063e-10
3.18887e-09
3.53395e-11
3.19046e-09
-5.9842e-11
3.15186e-09
-1.44209e-10
3.07471e-09
-2.17054e-10
2.95938e-09
-2.87492e-10
2.82006e-09
-2.89865e-10
2.66857e-09
-2.69893e-10
2.52474e-09
-2.35189e-10
2.39613e-09
-2.00923e-10
2.28363e-09
-1.72448e-10
2.18749e-09
-1.4667e-10
2.10756e-09
-1.219e-10
2.04339e-09
-9.75062e-11
1.99421e-09
-7.36678e-11
1.9589e-09
-5.09549e-11
1.93598e-09
-3.01116e-11
1.92363e-09
-1.18107e-11
1.92002e-09
3.12714e-12
1.92299e-09
1.47104e-11
1.93047e-09
2.27881e-11
1.94055e-09
2.74652e-11
1.95158e-09
2.90899e-11
1.96218e-09
2.82032e-11
1.97137e-09
2.54145e-11
1.97849e-09
2.13095e-11
1.98317e-09
1.64562e-11
1.98535e-09
1.13737e-11
1.98521e-09
6.49193e-12
1.98312e-09
2.14996e-12
1.97959e-09
-1.41149e-12
1.97524e-09
-4.14711e-12
1.97066e-09
-5.92242e-12
1.96643e-09
-6.80478e-12
1.96305e-09
-6.94715e-12
1.96094e-09
-6.57055e-12
1.9604e-09
-5.96725e-12
1.96163e-09
-5.56758e-12
1.96484e-09
-6.08111e-12
1.97037e-09
-8.63212e-12
-1.35556e-11
2.60202e-09
-2.57851e-10
2.70457e-09
-4.56473e-10
2.72981e-09
-4.29543e-10
2.6945e-09
-3.44679e-10
2.6286e-09
-2.58184e-10
2.54971e-09
-1.87449e-10
2.47146e-09
-1.37407e-10
2.40046e-09
-1.04196e-10
2.33801e-09
-8.18438e-11
2.28382e-09
-6.6048e-11
2.23714e-09
-5.42279e-11
2.19719e-09
-4.49028e-11
2.16326e-09
-3.72238e-11
2.13473e-09
-3.06996e-11
2.11106e-09
-2.5026e-11
2.0918e-09
-1.99963e-11
2.07654e-09
-1.54587e-11
2.06497e-09
-1.12936e-11
2.05681e-09
-7.42361e-12
2.0519e-09
-3.79519e-12
2.05023e-09
-4.31808e-13
2.05159e-09
3.10153e-12
2.05597e-09
6.66778e-12
2.06352e-09
1.02939e-11
2.07439e-09
1.41527e-11
2.08876e-09
1.83871e-11
2.10696e-09
2.30631e-11
2.12939e-09
2.83155e-11
2.15659e-09
3.43024e-11
2.18919e-09
4.12893e-11
2.22795e-09
4.95807e-11
2.27381e-09
5.96182e-11
2.32789e-09
7.20051e-11
2.39285e-09
8.94889e-11
2.45995e-09
9.96959e-11
2.51609e-09
1.06585e-10
2.55259e-09
8.04923e-11
2.5619e-09
1.7096e-11
2.54158e-09
-4.8732e-11
2.49325e-09
-9.53653e-11
2.41811e-09
-1.3737e-10
2.32549e-09
-1.66169e-10
2.2211e-09
-1.90415e-10
2.11834e-09
-1.63528e-10
2.02694e-09
-1.24419e-10
1.94844e-09
-9.77375e-11
1.88092e-09
-8.32481e-11
1.82408e-09
-6.92319e-11
1.77481e-09
-6.2278e-11
1.73304e-09
-5.29292e-11
1.69752e-09
-4.7067e-11
1.66794e-09
-3.94295e-11
1.64434e-09
-3.33084e-11
1.62622e-09
-2.61153e-11
1.61411e-09
-1.96298e-11
1.60785e-09
-1.19185e-11
1.60748e-09
-5.49361e-12
1.61385e-09
3.48748e-12
1.62559e-09
9.24622e-12
1.6452e-09
1.96386e-11
1.67003e-09
2.51081e-11
1.70171e-09
3.46839e-11
1.73886e-09
4.01497e-11
1.78158e-09
4.86537e-11
1.82936e-09
5.34869e-11
1.8815e-09
6.07897e-11
1.9377e-09
6.4521e-11
1.99726e-09
7.06809e-11
2.0595e-09
7.31128e-11
2.12427e-09
7.80865e-11
2.1902e-09
7.92602e-11
2.25792e-09
8.29494e-11
2.32577e-09
8.35575e-11
2.39381e-09
8.48624e-11
2.46153e-09
8.55784e-11
2.52794e-09
8.46125e-11
2.59296e-09
8.4533e-11
2.65581e-09
8.21747e-11
2.71618e-09
8.09461e-11
2.77326e-09
7.7245e-11
2.82701e-09
7.44582e-11
2.87686e-09
7.02752e-11
2.92264e-09
6.58172e-11
2.96422e-09
6.11866e-11
3.00137e-09
5.59541e-11
3.03431e-09
5.05814e-11
3.0634e-09
4.60828e-11
3.08813e-09
3.94245e-11
3.10967e-09
3.62283e-11
3.12772e-09
2.9262e-11
3.14277e-09
2.68393e-11
3.15465e-09
1.98825e-11
3.16433e-09
1.85321e-11
3.17023e-09
1.11342e-11
3.17397e-09
9.72726e-12
3.17304e-09
1.52416e-12
3.16851e-09
-5.55433e-13
3.15744e-09
-9.32713e-12
3.14173e-09
-1.30792e-11
3.11781e-09
-2.41109e-11
3.08774e-09
-2.8878e-11
3.04869e-09
-4.02547e-11
3.00256e-09
-4.54177e-11
2.94881e-09
-5.53464e-11
2.88863e-09
-5.95196e-11
2.82355e-09
-6.657e-11
2.75504e-09
-6.74432e-11
2.68485e-09
-7.11453e-11
2.61541e-09
-6.78254e-11
2.54762e-09
-6.8007e-11
2.48403e-09
-6.18343e-11
2.42503e-09
-5.90657e-11
2.37199e-09
-5.19574e-11
2.32519e-09
-4.7573e-11
2.28436e-09
-4.16591e-11
2.24967e-09
-3.73809e-11
2.22055e-09
-3.29861e-11
2.19619e-09
-3.01655e-11
2.17608e-09
-2.79052e-11
2.15931e-09
-2.6262e-11
2.14484e-09
-2.65142e-11
2.13217e-09
-2.62444e-11
2.12036e-09
-2.77724e-11
2.10871e-09
-2.91754e-11
2.09675e-09
-3.10382e-11
2.08393e-09
-3.32935e-11
2.06993e-09
-3.52789e-11
2.05448e-09
-3.75272e-11
2.03735e-09
-3.97018e-11
2.01855e-09
-4.12773e-11
1.99815e-09
-4.34028e-11
1.97639e-09
-4.34618e-11
1.95277e-09
-4.62338e-11
1.92886e-09
-4.39128e-11
1.90359e-09
-4.64488e-11
1.87833e-09
-4.32502e-11
1.85318e-09
-4.40879e-11
1.82889e-09
-3.99117e-11
1.80554e-09
-3.97212e-11
1.78464e-09
-3.37512e-11
1.76575e-09
-3.24643e-11
1.751e-09
-2.45994e-11
1.73975e-09
-2.19329e-11
1.73405e-09
-1.22517e-11
1.73373e-09
-7.85113e-12
1.74005e-09
3.20572e-12
1.75383e-09
9.36915e-12
1.77574e-09
2.24969e-11
1.80526e-09
2.87066e-11
1.84498e-09
4.43373e-11
1.89242e-09
5.07836e-11
1.95186e-09
6.8835e-11
2.01994e-09
7.73056e-11
2.10135e-09
9.82152e-11
2.19365e-09
1.12854e-10
2.30139e-09
1.42852e-10
2.42173e-09
1.76597e-10
2.54583e-09
1.96397e-10
2.64339e-09
1.06377e-10
2.71857e-09
7.28844e-11
2.74375e-09
1.01697e-11
2.72784e-09
-4.39273e-11
2.6731e-09
-8.94783e-11
2.58339e-09
-1.2735e-10
2.46108e-09
-1.65209e-10
2.32526e-09
-1.54071e-10
2.18851e-09
-1.33158e-10
2.06477e-09
-1.11465e-10
1.95728e-09
-9.34424e-11
1.86466e-09
-7.9821e-11
1.78598e-09
-6.79875e-11
1.72073e-09
-5.66362e-11
1.66845e-09
-4.52179e-11
1.62864e-09
-3.38489e-11
1.60048e-09
-2.27878e-11
1.58286e-09
-1.24863e-11
1.57414e-09
-3.08804e-12
1.57315e-09
4.11089e-12
1.57784e-09
1.00183e-11
1.58643e-09
1.4195e-11
1.59729e-09
1.66027e-11
1.60895e-09
1.74179e-11
1.62023e-09
1.69213e-11
1.63022e-09
1.5418e-11
1.63833e-09
1.32025e-11
1.64421e-09
1.05787e-11
1.64776e-09
7.81915e-12
1.64913e-09
5.13034e-12
1.64854e-09
2.73324e-12
1.64641e-09
7.23335e-13
1.64338e-09
-1.11065e-12
1.63984e-09
-2.38635e-12
1.63627e-09
-3.22557e-12
1.63306e-09
-3.74294e-12
1.63057e-09
-4.07635e-12
1.62904e-09
-4.4333e-12
1.62868e-09
-5.20813e-12
1.6297e-09
-7.10818e-12
1.63248e-09
-1.1417e-11
-1.82289e-11
2.63294e-09
-3.90739e-10
2.59836e-09
-4.2176e-10
2.46608e-09
-2.97162e-10
2.31129e-09
-1.89789e-10
2.16953e-09
-1.16413e-10
2.05447e-09
-7.24126e-11
1.96456e-09
-4.75165e-11
1.89359e-09
-3.32356e-11
1.83643e-09
-2.4687e-11
1.78961e-09
-1.9234e-11
1.75082e-09
-1.5444e-11
1.71851e-09
-1.25928e-11
1.6916e-09
-1.03137e-11
1.66931e-09
-8.41157e-12
1.65106e-09
-6.77192e-12
1.63638e-09
-5.32005e-12
1.62492e-09
-3.99857e-12
1.61635e-09
-2.73307e-12
1.61043e-09
-1.50553e-12
1.60712e-09
-4.87284e-13
1.60614e-09
5.51221e-13
1.6076e-09
1.63828e-12
1.61147e-09
2.79784e-12
1.61785e-09
3.9083e-12
1.62688e-09
5.1245e-12
1.63874e-09
6.52502e-12
1.65371e-09
8.09084e-12
1.67216e-09
9.86427e-12
1.69456e-09
1.18977e-11
1.72153e-09
1.43139e-11
1.75387e-09
1.72418e-11
1.79261e-09
2.08804e-11
1.83911e-09
2.54968e-11
1.89642e-09
3.21757e-11
1.95896e-09
3.71596e-11
2.01968e-09
4.58692e-11
2.06411e-09
3.60628e-11
2.07575e-09
5.47241e-12
2.05323e-09
-2.62025e-11
2.00136e-09
-4.34792e-11
1.9229e-09
-5.89042e-11
1.82632e-09
-6.95796e-11
1.71641e-09
-8.05101e-11
1.61631e-09
-6.34454e-11
1.53561e-09
-4.37333e-11
1.47074e-09
-3.28773e-11
1.41595e-09
-2.84753e-11
1.37029e-09
-2.35921e-11
1.32994e-09
-2.19383e-11
1.29558e-09
-1.85704e-11
1.26554e-09
-1.70435e-11
1.2403e-09
-1.42025e-11
1.21941e-09
-1.24239e-11
1.20301e-09
-9.72733e-12
1.19111e-09
-7.73973e-12
1.18405e-09
-4.86088e-12
1.1815e-09
-2.95037e-12
1.18449e-09
4.82456e-13
1.19152e-09
2.20854e-12
1.20516e-09
5.99232e-12
1.22265e-09
7.60379e-12
1.24606e-09
1.12649e-11
1.27344e-09
1.27469e-11
1.30587e-09
1.62067e-11
1.34191e-09
1.74309e-11
1.38213e-09
2.05423e-11
1.42521e-09
2.14187e-11
1.4717e-09
2.41672e-11
1.52007e-09
2.47113e-11
1.57114e-09
2.69924e-11
1.62307e-09
2.73029e-11
1.67699e-09
2.90113e-11
1.73116e-09
2.93598e-11
1.78587e-09
3.01307e-11
1.8407e-09
3.07231e-11
1.89468e-09
3.06087e-11
1.94807e-09
3.11188e-11
1.99978e-09
3.04422e-11
2.05005e-09
3.0645e-11
2.09769e-09
2.95699e-11
2.14299e-09
2.91236e-11
2.18521e-09
2.80234e-11
2.22417e-09
2.68434e-11
2.25972e-09
2.56217e-11
2.29155e-09
2.41344e-11
2.31965e-09
2.24933e-11
2.34446e-09
2.12875e-11
2.36499e-09
1.89203e-11
2.38293e-09
1.83072e-11
2.39686e-09
1.53649e-11
2.40859e-09
1.51317e-11
2.4164e-09
1.20925e-11
2.423e-09
1.19508e-11
2.42506e-09
9.09649e-12
2.426e-09
8.81186e-12
2.4222e-09
5.3439e-12
2.41661e-09
5.05225e-12
2.40614e-09
1.16297e-12
2.39259e-09
4.8797e-13
2.37329e-09
-4.79926e-12
2.35025e-09
-5.82622e-12
2.32063e-09
-1.06271e-11
2.28681e-09
-1.15875e-11
2.24766e-09
-1.61843e-11
2.20519e-09
-1.70389e-11
2.15946e-09
-2.08314e-11
2.11269e-09
-2.06713e-11
2.06495e-09
-2.33929e-11
2.01908e-09
-2.19365e-11
1.97446e-09
-2.33759e-11
1.93383e-09
-2.11876e-11
1.89627e-09
-2.14956e-11
1.86351e-09
-1.9174e-11
1.8347e-09
-1.87513e-11
1.81014e-09
-1.7075e-11
1.78915e-09
-1.6379e-11
1.77155e-09
-1.53754e-11
1.75647e-09
-1.50661e-11
1.74329e-09
-1.47211e-11
1.73139e-09
-1.43596e-11
1.71978e-09
-1.49058e-11
1.70841e-09
-1.48761e-11
1.69636e-09
-1.57291e-11
1.68338e-09
-1.62138e-11
1.66923e-09
-1.68966e-11
1.65358e-09
-1.76618e-11
1.63642e-09
-1.81365e-11
1.61762e-09
-1.87361e-11
1.59715e-09
-1.9249e-11
1.57531e-09
-1.94517e-11
1.55196e-09
-2.00666e-11
1.52799e-09
-1.94967e-11
1.5022e-09
-2.04575e-11
1.47715e-09
-1.88701e-11
1.45059e-09
-1.99061e-11
1.42522e-09
-1.78955e-11
1.39955e-09
-1.84423e-11
1.37575e-09
-1.61312e-11
1.35234e-09
-1.63305e-11
1.33205e-09
-1.34853e-11
1.31292e-09
-1.33555e-11
1.29827e-09
-9.96785e-12
1.28585e-09
-9.53112e-12
1.27893e-09
-5.34539e-12
1.27565e-09
-4.57902e-12
1.27867e-09
1.70701e-13
1.28684e-09
1.18761e-12
1.30242e-09
6.90255e-12
1.32318e-09
7.92601e-12
1.35315e-09
1.4354e-11
1.38847e-09
1.54434e-11
1.43463e-09
2.26499e-11
1.4873e-09
2.4618e-11
1.55252e-09
3.29875e-11
1.62756e-09
3.78021e-11
1.71968e-09
5.07163e-11
1.82928e-09
6.70008e-11
1.94631e-09
7.9371e-11
2.02164e-09
3.10596e-11
2.07369e-09
2.08495e-11
2.08357e-09
3.07945e-13
2.05772e-09
-1.80603e-11
2.00082e-09
-3.25712e-11
1.91767e-09
-4.41913e-11
1.81024e-09
-5.77919e-11
1.70326e-09
-4.71044e-11
1.60574e-09
-3.56481e-11
1.52244e-09
-2.81759e-11
1.45215e-09
-2.31614e-11
1.39213e-09
-1.98021e-11
1.34113e-09
-1.69889e-11
1.29873e-09
-1.42306e-11
1.26482e-09
-1.13046e-11
1.23931e-09
-8.33211e-12
1.2219e-09
-5.37064e-12
1.21174e-09
-2.32021e-12
1.20837e-09
2.89725e-13
1.21002e-09
2.46175e-12
1.21585e-09
4.18934e-12
1.22448e-09
5.55789e-12
1.23477e-09
6.31752e-12
1.24563e-09
6.55102e-12
1.25617e-09
6.38017e-12
1.2657e-09
5.8895e-12
1.27377e-09
5.13331e-12
1.28008e-09
4.26803e-12
1.28449e-09
3.40678e-12
1.2871e-09
2.52103e-12
1.28814e-09
1.69248e-12
1.28789e-09
9.73532e-13
1.28648e-09
3.08921e-13
1.28433e-09
-2.36479e-13
1.28178e-09
-6.79512e-13
1.27911e-09
-1.06671e-12
1.2765e-09
-1.46845e-12
1.27408e-09
-2.01563e-12
1.2719e-09
-3.02278e-12
1.26961e-09
-4.81723e-12
1.26665e-09
-8.46089e-12
-1.48569e-11
2.10891e-09
1.68729e-09
1.39002e-09
1.20016e-09
1.08374e-09
1.01131e-09
9.63778e-10
9.30534e-10
9.05843e-10
8.86607e-10
8.71162e-10
8.58569e-10
8.48255e-10
8.39843e-10
8.33071e-10
8.27751e-10
8.23752e-10
8.21019e-10
8.19514e-10
8.19028e-10
8.1958e-10
8.2122e-10
8.24019e-10
8.27929e-10
8.33055e-10
8.39583e-10
8.47676e-10
8.57543e-10
8.69444e-10
8.83762e-10
9.01009e-10
9.21894e-10
9.47398e-10
9.79582e-10
1.01675e-09
1.06264e-09
1.09872e-09
1.10421e-09
1.07802e-09
1.03456e-09
9.75676e-10
9.06112e-10
8.25606e-10
7.6215e-10
7.18394e-10
6.85486e-10
6.56978e-10
6.33355e-10
6.11387e-10
5.92791e-10
5.75724e-10
5.61501e-10
5.4906e-10
5.39318e-10
5.31566e-10
5.26694e-10
5.23733e-10
5.24205e-10
5.26402e-10
5.3238e-10
5.39968e-10
5.51213e-10
5.63936e-10
5.80116e-10
5.97516e-10
6.18023e-10
6.39404e-10
6.63531e-10
6.88199e-10
7.15146e-10
7.42401e-10
7.7136e-10
8.00662e-10
8.3073e-10
8.61383e-10
8.91914e-10
9.22948e-10
9.53299e-10
9.83849e-10
1.01332e-09
1.04236e-09
1.0703e-09
1.09706e-09
1.12262e-09
1.14669e-09
1.16912e-09
1.19036e-09
1.20923e-09
1.22749e-09
1.24281e-09
1.25791e-09
1.26998e-09
1.28191e-09
1.29099e-09
1.29979e-09
1.30513e-09
1.31018e-09
1.31135e-09
1.31185e-09
1.30705e-09
1.30124e-09
1.29062e-09
1.27904e-09
1.26286e-09
1.24582e-09
1.22499e-09
1.20432e-09
1.18093e-09
1.15898e-09
1.1356e-09
1.1144e-09
1.09289e-09
1.07371e-09
1.05494e-09
1.03784e-09
1.02144e-09
1.00604e-09
9.90951e-10
9.76203e-10
9.61817e-10
9.46885e-10
9.31983e-10
9.1623e-10
8.99994e-10
8.83077e-10
8.65398e-10
8.47249e-10
8.28505e-10
8.09255e-10
7.89808e-10
7.69754e-10
7.50276e-10
7.29842e-10
7.10997e-10
6.91116e-10
6.73244e-10
6.54821e-10
6.38705e-10
6.22385e-10
6.08906e-10
5.95556e-10
5.85593e-10
5.76068e-10
5.7073e-10
5.66159e-10
5.66336e-10
5.67528e-10
5.74428e-10
5.82347e-10
5.96688e-10
6.12114e-10
6.34744e-10
6.59342e-10
6.92309e-10
7.30092e-10
7.80794e-10
8.47787e-10
9.27156e-10
9.58227e-10
9.791e-10
9.79444e-10
9.61428e-10
9.28903e-10
8.84755e-10
8.26997e-10
7.79912e-10
7.44265e-10
7.16086e-10
6.92919e-10
6.73113e-10
6.56124e-10
6.41897e-10
6.306e-10
6.22278e-10
6.16919e-10
6.14611e-10
6.14912e-10
6.17384e-10
6.21582e-10
6.27146e-10
6.33468e-10
6.40022e-10
6.46404e-10
6.52295e-10
6.57429e-10
6.61698e-10
6.65105e-10
6.67627e-10
6.69321e-10
6.70295e-10
6.70606e-10
6.70371e-10
6.69693e-10
6.68628e-10
6.67161e-10
6.65147e-10
6.62125e-10
6.57309e-10
6.48848e-10
)
;

boundaryField
{
    inlet
    {
        type            calculated;
        value           nonuniform List<scalar> 
20
(
-2.5e-09
-2.5e-09
-2.5e-09
-2.5e-09
-2.5e-09
-2.5e-09
-2.5e-09
-2.5e-09
-2.5e-09
-2.5e-09
-2.5e-09
-2.5e-09
-2.5e-09
-2.5e-09
-2.5e-09
-2.5e-09
-2.5e-09
-2.5e-09
-2.5e-09
-2.5e-09
)
;
    }
    outlet
    {
        type            calculated;
        value           nonuniform List<scalar> 
20
(
7.30625e-10
1.40412e-09
1.79292e-09
2.14414e-09
2.51892e-09
2.89459e-09
3.23069e-09
3.49547e-09
3.67036e-09
3.74677e-09
3.7222e-09
3.59645e-09
3.37905e-09
3.08266e-09
2.72855e-09
2.34811e-09
1.97831e-09
1.63716e-09
1.26327e-09
6.33991e-10
)
;
    }
    walls
    {
        type            calculated;
        value           uniform 0;
    }
    frontAndBack
    {
        type            empty;
    }
}


// ************************************************************************* //
