/*--------------------------------*- C++ -*----------------------------------*\
| =========                 |                                                 |
| \\      /  F ield         | OpenFOAM: The Open Source CFD Toolbox           |
|  \\    /   O peration     | Version:  2506                                  |
|   \\  /    A nd           | Website:  www.openfoam.com                      |
|    \\/     M anipulation  |                                                 |
\*---------------------------------------------------------------------------*/
FoamFile
{
    version     2.0;
    format      ascii;
    arch        "LSB;label=32;scalar=64";
    class       volScalarField;
    location    "1.55679";
    object      s;
}
// * * * * * * * * * * * * * * * * * * * * * * * * * * * * * * * * * * * * * //

dimensions      [0 0 0 0 0 0 0];

internalField   nonuniform List<scalar> 
4000
(
-1.91754e-17
2.36658e-16
-3.13703e-15
-2.42142e-12
-1.51493e-10
-1.15512e-08
6.59136e-08
3.82574e-06
6.74208e-05
0.00103704
0.00869471
0.050302
0.156428
0.273194
0.29283
0.274385
0.214049
0.111081
0.0303847
0.0039156
0.00283487
0.00231855
0.00172153
0.0012142
0.000844578
0.000594496
0.000426672
0.00030812
0.000218193
0.000142449
8.1653e-05
4.18021e-05
2.12869e-05
1.3003e-05
1.0226e-05
8.96223e-06
7.5675e-06
6.31673e-06
6.34301e-06
8.56278e-06
1.59812e-05
0.000598611
0.00165308
0.00258262
0.00302322
0.00308169
0.00295277
0.00244482
0.00197122
0.00145821
0.000939981
0.000555028
0.000237896
8.39626e-05
2.93967e-05
1.03298e-05
2.88635e-06
-1.47684e-07
-1.21543e-06
-1.36576e-06
-1.1087e-06
-7.41632e-07
-4.17938e-07
-1.95149e-07
-7.21598e-08
-1.71145e-08
6.27129e-10
3.22157e-09
1.75019e-09
3.36097e-10
-2.68649e-10
-3.41585e-10
-2.38826e-10
-1.29446e-10
-5.91622e-11
-2.35015e-11
-8.37092e-12
-2.69884e-12
-7.89219e-13
-2.10602e-13
-5.17822e-14
-1.19074e-14
-2.61943e-15
-5.63881e-16
-1.19404e-16
-1.63575e-17
2.24654e-18
2.53577e-18
1.65099e-18
1.15987e-18
8.34159e-19
3.62513e-19
2.04094e-20
-2.24708e-20
-2.49572e-21
-4.75017e-21
-4.46839e-20
-1.74743e-19
-2.89217e-19
-4.12734e-19
-6.14851e-19
-7.12968e-19
-1.88246e-18
-6.63563e-18
-1.82989e-17
-4.35872e-17
-7.57402e-17
-8.34433e-17
1.49917e-16
1.91262e-15
6.03911e-15
2.36825e-14
3.77523e-14
4.7715e-14
6.72101e-14
7.8956e-14
8.35689e-14
8.29092e-14
7.21116e-14
5.98007e-14
4.73824e-14
3.39678e-14
2.30042e-14
1.5526e-14
9.87327e-15
6.31978e-15
4.188e-15
2.79291e-15
1.72893e-15
8.99075e-16
2.53116e-16
-1.70193e-17
-1.02262e-16
-8.89428e-17
-7.34411e-17
-5.53968e-17
-2.39792e-17
-8.81189e-18
-3.63637e-18
-3.28943e-18
-4.69027e-18
-3.98215e-18
-3.49645e-18
-2.97588e-18
-1.94539e-18
-7.80522e-19
-8.37222e-20
1.1152e-19
1.09434e-19
8.0316e-20
4.62285e-20
2.34504e-20
6.33598e-21
2.95115e-22
3.53985e-22
1.58333e-21
1.80319e-21
1.35149e-21
7.03738e-22
3.25113e-22
-1.07779e-21
-3.58881e-22
-2.33134e-23
1.86128e-23
-4.34076e-23
-4.19544e-22
3.11998e-21
1.25059e-20
2.08191e-20
2.5667e-20
2.61253e-20
2.27023e-20
1.71285e-20
1.1345e-20
6.62957e-21
3.40845e-21
1.52398e-21
5.788e-22
1.81021e-22
4.34863e-23
6.8201e-24
2.31061e-25
-1.81642e-25
-3.27456e-26
1.51105e-27
1.34246e-27
2.08277e-28
6.85738e-30
-1.27808e-30
9.51162e-31
6.99726e-30
1.27816e-29
1.53332e-29
1.40099e-29
1.02223e-29
6.05237e-30
2.89189e-30
1.07936e-30
2.84199e-31
1.55278e-32
-4.61901e-17
1.48748e-16
-2.92779e-16
-2.21977e-13
-8.77561e-12
-2.04365e-09
-1.15817e-09
1.38647e-07
2.32928e-06
4.43035e-05
0.000440758
0.00222893
0.00647806
0.0132061
0.0205783
0.0271388
0.0317895
0.0348261
0.0378745
0.0425383
0.0518132
0.0675399
0.0938949
0.136253
0.1942
0.259779
0.305386
0.305253
0.288601
0.239672
0.156176
0.0747742
0.0263169
0.0157444
0.0145931
0.0161298
0.017792
0.0206848
0.0259611
0.0347894
0.052546
0.0740403
0.0935661
0.108696
0.118451
0.123484
0.125372
0.123667
0.119973
0.114515
0.106868
0.0981632
0.0866713
0.0738565
0.0577775
0.0425342
0.0302874
0.0209789
0.0142491
0.00933988
0.0059799
0.00370942
0.00222852
0.00129493
0.00072182
0.000387211
0.000198237
9.68064e-05
4.46606e-05
1.92812e-05
7.66593e-06
2.73059e-06
8.26312e-07
1.8255e-07
6.63379e-09
-2.18466e-08
-1.58891e-08
-7.73129e-09
-3.04241e-09
-1.02289e-09
-3.0177e-10
-7.94145e-11
-1.89368e-11
-4.16784e-12
-8.59888e-13
-1.69716e-13
-3.23472e-14
-5.93095e-15
-1.07399e-15
-1.96803e-16
-3.37882e-17
1.72932e-17
2.21419e-17
9.79105e-18
-8.75117e-19
-1.44501e-17
-3.5512e-17
-1.2181e-17
2.94272e-18
1.40961e-17
3.4683e-17
1.09912e-16
8.4377e-16
7.35761e-15
4.50225e-14
1.38823e-13
3.81681e-13
6.39901e-13
1.11734e-12
2.13572e-12
3.0771e-12
8.08991e-12
1.97599e-11
2.86613e-11
3.59124e-11
4.00556e-11
4.22749e-11
4.26609e-11
4.02838e-11
3.59978e-11
3.05828e-11
2.46657e-11
1.91566e-11
1.43593e-11
1.01866e-11
6.90494e-12
4.46636e-12
2.70476e-12
1.51371e-12
7.71663e-13
3.26571e-13
1.24522e-13
5.44634e-14
2.92056e-14
1.98498e-14
1.81278e-14
1.49597e-14
1.29307e-14
9.06285e-15
5.59602e-15
3.02625e-15
1.4009e-15
5.3955e-16
1.69608e-16
3.78786e-17
6.35989e-18
-2.80489e-18
-1.00807e-17
-2.15591e-17
-1.9437e-17
-1.28066e-17
-6.83282e-18
-2.49961e-18
-3.77952e-19
1.67348e-19
4.62517e-20
-1.29247e-19
-1.73686e-19
-1.22665e-19
-6.12869e-20
-1.27624e-20
8.01394e-21
4.92873e-21
9.76785e-22
-5.54779e-22
5.93101e-21
4.47382e-20
8.22075e-20
7.24981e-20
2.80888e-21
-9.63973e-20
-1.76802e-19
-2.05548e-19
-1.81696e-19
-1.2863e-19
-7.39477e-20
-3.41725e-20
-1.21407e-20
-2.87682e-21
-1.35145e-22
2.47088e-22
1.28082e-22
3.18375e-23
2.277e-24
-1.41825e-24
-6.57744e-25
-1.41849e-25
-9.71703e-27
4.95094e-27
2.09718e-27
-9.3654e-29
-4.77301e-28
-3.0792e-28
-9.87175e-29
3.50182e-29
8.4587e-29
7.68856e-29
4.74612e-29
2.11812e-29
4.00352e-30
-1.51497e-17
7.53753e-18
1.72936e-16
-2.20781e-14
-7.7977e-13
-8.37774e-11
-7.31621e-10
3.66286e-09
1.01778e-07
4.44029e-07
1.02239e-06
1.78028e-06
2.82315e-06
4.59047e-06
8.29587e-06
1.88914e-05
0.000121298
0.000620171
0.00171639
0.00332983
0.00561598
0.00891982
0.0139472
0.0218829
0.0339858
0.0506371
0.0703752
0.0944989
0.122466
0.151592
0.175803
0.193723
0.221929
0.241772
0.245488
0.249876
0.250873
0.246976
0.240571
0.237383
0.241832
0.247067
0.252579
0.257535
0.261218
0.264419
0.267501
0.270971
0.274513
0.278123
0.281597
0.284584
0.28676
0.28789
0.287624
0.284752
0.277355
0.261896
0.237261
0.204529
0.169151
0.132295
0.0954872
0.0629389
0.0407248
0.0267084
0.0173454
0.0110796
0.00680996
0.00395025
0.00215938
0.00111761
0.000552396
0.000259547
0.000115262
4.83383e-05
1.91593e-05
7.18522e-06
2.54935e-06
8.53911e-07
2.69006e-07
7.92811e-08
2.16958e-08
5.45892e-09
1.24671e-09
2.53877e-10
4.47266e-11
6.33855e-12
5.4144e-13
-4.52679e-14
-3.98077e-14
-1.41274e-14
-4.0632e-15
-9.27691e-16
2.25083e-16
1.35953e-15
2.74663e-15
5.86366e-15
1.25289e-14
3.03259e-14
8.15412e-14
2.41071e-13
6.25539e-13
1.44336e-12
2.9113e-12
5.31594e-12
1.18165e-11
2.82861e-11
5.6978e-11
1.03529e-10
1.55288e-10
2.01519e-10
2.54481e-10
3.05749e-10
3.83227e-10
4.43507e-10
4.73612e-10
4.64608e-10
4.1995e-10
3.57848e-10
2.95971e-10
2.42903e-10
2.01073e-10
1.65943e-10
1.31363e-10
1.00647e-10
7.52237e-11
5.48578e-11
3.94891e-11
2.86973e-11
2.00754e-11
1.45602e-11
1.08557e-11
8.01881e-12
5.87331e-12
4.29717e-12
2.91203e-12
1.98685e-12
1.24435e-12
7.52639e-13
4.43648e-13
2.51471e-13
1.35975e-13
7.02018e-14
3.63037e-14
1.89304e-14
9.79382e-15
5.02853e-15
2.54117e-15
1.24718e-15
5.88958e-16
2.55977e-16
9.02792e-17
4.25121e-18
-2.10187e-17
-1.15961e-17
-6.32699e-19
4.07472e-18
4.131e-18
2.59545e-18
9.82803e-19
2.2027e-19
-1.75805e-20
-2.99554e-20
-1.03488e-20
-9.1896e-21
-2.68862e-19
-9.83502e-19
-2.07207e-18
-3.24707e-18
-4.12262e-18
-4.43228e-18
-4.13425e-18
-3.39022e-18
-2.4609e-18
-1.58373e-18
-9.00474e-19
-4.47924e-19
-1.91177e-19
-6.7268e-20
-1.76552e-20
-2.16823e-21
8.9976e-22
7.68582e-22
3.37496e-22
1.1111e-22
2.97133e-23
6.57456e-24
1.17153e-24
1.39118e-25
-1.04868e-26
-3.25398e-26
-3.84597e-26
-3.59521e-26
-2.74869e-26
-1.748e-26
-9.28921e-27
-4.07268e-27
-1.42186e-27
-2.17353e-28
1.24998e-17
-9.40992e-17
4.12002e-16
-2.27531e-15
-3.88665e-13
1.07032e-11
-6.38945e-11
2.14166e-10
4.38343e-09
1.85847e-08
-8.28797e-09
-1.13176e-07
-1.20766e-07
-9.63212e-08
-1.36807e-07
-1.9002e-07
-2.60183e-07
-3.75677e-07
4.37655e-08
1.07984e-06
3.12135e-06
7.18923e-06
1.58037e-05
3.51856e-05
8.03549e-05
0.000218676
0.000827675
0.00309986
0.00823683
0.0177789
0.0323581
0.0540957
0.0880439
0.129622
0.169923
0.206029
0.240713
0.266202
0.272518
0.266371
0.249218
0.227257
0.20818
0.190818
0.17714
0.16867
0.164597
0.165678
0.170362
0.178863
0.191629
0.208082
0.229914
0.253846
0.27657
0.299419
0.321702
0.34333
0.369156
0.38343
0.380701
0.369453
0.34959
0.318304
0.267628
0.21132
0.154885
0.103587
0.0611136
0.0349807
0.0206542
0.0121671
0.00689359
0.00364934
0.00182588
0.000884064
0.000417237
0.000191253
8.50543e-05
3.6732e-05
1.53831e-05
6.21722e-06
2.40655e-06
8.84792e-07
3.06379e-07
9.89534e-08
2.94665e-08
7.95834e-09
1.89206e-09
3.72994e-10
5.03071e-11
-1.21506e-12
-3.8243e-12
-1.75507e-12
-5.44437e-13
-1.48933e-13
7.82589e-15
1.17217e-13
2.87862e-13
6.40186e-13
1.15465e-12
1.3866e-12
5.64687e-13
-2.20639e-12
-1.36341e-11
-2.79797e-11
-3.85713e-11
-2.57059e-12
7.49914e-11
2.11024e-10
4.24301e-10
6.44003e-10
3.66595e-10
-7.13186e-10
-2.53221e-09
-4.61506e-09
-6.20966e-09
-7.3779e-09
-8.48526e-09
-9.1554e-09
-8.49506e-09
-6.59728e-09
-4.43292e-09
-2.67886e-09
-1.59267e-09
-8.89767e-10
-4.44003e-10
-1.72454e-10
-1.79549e-11
6.30209e-11
9.18131e-11
9.25062e-11
8.13746e-11
6.59734e-11
5.14644e-11
3.95031e-11
2.94428e-11
2.25367e-11
1.67301e-11
1.26456e-11
9.52032e-12
6.96061e-12
4.84707e-12
3.14691e-12
1.76259e-12
9.3292e-13
4.68648e-13
2.26504e-13
1.05027e-13
4.64944e-14
1.97339e-14
7.92514e-15
3.03041e-15
1.09219e-15
3.43087e-16
4.5205e-17
-9.54967e-17
-1.26332e-16
-8.94322e-17
-5.16696e-17
-2.31951e-17
-7.79933e-18
-1.74722e-18
-1.22244e-20
-1.29969e-21
-7.0202e-19
-2.03017e-18
-3.90709e-18
-5.76551e-18
-6.327e-18
-5.05881e-18
-2.55279e-18
-4.19026e-20
1.5255e-18
1.88761e-18
1.43912e-18
7.47183e-19
2.06121e-19
-6.39076e-20
-1.26441e-19
-9.44148e-20
-4.75496e-20
-1.68144e-20
-3.57124e-21
2.42555e-22
6.91897e-22
4.19627e-22
1.79637e-22
6.1931e-23
1.78108e-23
4.89961e-24
1.71405e-24
8.05325e-25
3.66208e-25
1.04956e-25
-2.22732e-26
-5.78106e-26
-4.86269e-26
-2.86311e-26
-9.10339e-27
9.94054e-18
-4.04552e-17
8.4037e-17
-1.84543e-16
-4.21267e-13
9.09811e-12
-2.03617e-11
6.46345e-11
8.80624e-10
-1.99115e-09
-8.54414e-09
-1.3997e-08
-1.91762e-08
-3.12514e-08
-6.70425e-08
-1.47463e-07
-2.63115e-07
-3.47609e-07
-3.24355e-07
-1.86681e-07
-4.25597e-08
2.32667e-07
8.58652e-07
1.84017e-06
3.46272e-06
6.12717e-06
9.67878e-06
1.49108e-05
2.74601e-05
6.01346e-05
0.000176727
0.00143171
0.00603182
0.0169366
0.0341488
0.0524539
0.065658
0.0693006
0.0651435
0.056647
0.0458737
0.0367272
0.0302869
0.0260172
0.0234777
0.0222033
0.0218682
0.0226185
0.0242069
0.0268372
0.0307781
0.0361293
0.0436931
0.0536527
0.0674607
0.0865798
0.114909
0.152714
0.198217
0.250472
0.305005
0.351503
0.380234
0.400589
0.402135
0.391355
0.368951
0.330613
0.270795
0.204529
0.141593
0.0869369
0.047046
0.0257903
0.0146299
0.00825084
0.00446502
0.00234359
0.00122243
0.000639072
0.000332156
0.000169659
8.42991e-05
4.03807e-05
1.84783e-05
7.99406e-06
3.23793e-06
1.21775e-06
4.20886e-07
1.31881e-07
3.65066e-08
8.4232e-09
1.34827e-09
-2.74673e-11
-1.38649e-10
-7.53617e-11
-3.00095e-11
-1.17984e-11
-8.19597e-12
-1.49487e-11
-8.15106e-11
-2.89018e-10
-8.47698e-10
-1.58705e-09
-2.90253e-09
-4.76892e-09
-7.59994e-09
-1.14272e-08
-1.74014e-08
-2.59065e-08
-3.70918e-08
-6.36491e-08
-1.8199e-07
-3.5129e-07
-5.24135e-07
-6.39498e-07
-6.78956e-07
-6.71516e-07
-6.12708e-07
-5.29412e-07
-4.37177e-07
-3.45997e-07
-2.62437e-07
-1.9084e-07
-1.32688e-07
-8.91775e-08
-5.74728e-08
-3.51198e-08
-2.01751e-08
-1.09927e-08
-5.8932e-09
-3.11143e-09
-1.60485e-09
-7.88231e-10
-3.52245e-10
-1.27111e-10
-1.82069e-11
2.91193e-11
4.36971e-11
4.29858e-11
3.60925e-11
2.75734e-11
1.98265e-11
1.36429e-11
9.14415e-12
5.96428e-12
3.7323e-12
2.26341e-12
1.32966e-12
7.56995e-13
4.17732e-13
2.22935e-13
1.14244e-13
5.62543e-14
2.58938e-14
1.02286e-14
3.70171e-15
1.3099e-15
5.80288e-16
3.20613e-16
1.68328e-16
7.04569e-17
2.19936e-17
3.24813e-18
-5.69319e-19
4.20291e-18
1.45835e-17
2.6287e-17
3.85228e-17
5.5499e-17
7.6791e-17
9.65026e-17
1.05739e-16
1.01928e-16
8.63754e-17
6.48554e-17
4.2858e-17
2.48641e-17
1.25753e-17
5.44739e-18
1.93499e-18
4.94129e-19
3.27434e-20
-5.70248e-20
-4.55656e-20
-2.34397e-20
-9.7226e-21
-3.45237e-21
-1.0686e-21
-2.83625e-22
-5.45896e-23
6.17006e-24
1.8603e-23
1.6977e-23
1.192e-23
7.12617e-24
3.70436e-24
1.66344e-24
6.30524e-25
1.17631e-25
2.04805e-18
-4.67701e-18
7.31189e-19
-1.2604e-17
-1.90985e-13
3.45543e-12
-1.50919e-11
3.67003e-11
8.19152e-11
-4.64124e-10
-4.71628e-10
-8.1977e-11
4.0624e-10
8.96974e-10
5.66164e-10
-3.41023e-09
-8.14156e-09
-8.74125e-09
-8.08894e-09
-6.36055e-09
1.18525e-10
9.4163e-09
2.30371e-08
5.15721e-08
1.09858e-07
2.36195e-07
5.56038e-07
1.25583e-06
2.93919e-06
7.0249e-06
1.71239e-05
2.89887e-05
4.89554e-05
8.88801e-05
0.000195497
0.00053978
0.00107249
0.0016091
0.00207256
0.00232998
0.00230634
0.00216858
0.00202333
0.00191121
0.00186334
0.00188512
0.00197854
0.00217877
0.00248787
0.00295149
0.00362958
0.00458027
0.00596456
0.00790528
0.01075
0.0148509
0.0208825
0.0307116
0.0455357
0.0688843
0.105938
0.159173
0.219455
0.280229
0.335024
0.377466
0.407089
0.419479
0.412739
0.393002
0.355751
0.294887
0.224281
0.156213
0.0978532
0.0542562
0.0302541
0.0179073
0.0109356
0.00668532
0.00405794
0.00246186
0.00149383
0.000898019
0.000527239
0.000297868
0.000160205
8.15702e-05
3.9074e-05
1.75354e-05
7.34913e-06
2.86419e-06
1.03241e-06
3.41295e-07
1.0129e-07
2.56604e-08
4.38471e-09
-9.06222e-10
-2.34793e-09
-4.46197e-09
-1.37267e-08
-4.6813e-08
-8.89717e-08
-1.14074e-07
-1.6144e-07
-2.51802e-07
-4.12932e-07
-6.56476e-07
-1.00333e-06
-1.41879e-06
-1.92671e-06
-2.5612e-06
-3.29971e-06
-3.73384e-06
-3.87381e-06
-3.6545e-06
-3.22775e-06
-2.70484e-06
-2.26763e-06
-1.82618e-06
-1.45053e-06
-1.159e-06
-9.33867e-07
-7.59497e-07
-6.23607e-07
-5.08926e-07
-4.06227e-07
-3.13826e-07
-2.31829e-07
-1.6053e-07
-1.01046e-07
-6.29815e-08
-3.92424e-08
-2.42722e-08
-1.50245e-08
-9.3691e-09
-5.87097e-09
-3.72708e-09
-2.39364e-09
-1.55281e-09
-1.01339e-09
-6.54763e-10
-4.14064e-10
-2.53205e-10
-1.47165e-10
-8.3597e-11
-4.61116e-11
-2.47035e-11
-1.27713e-11
-6.32567e-12
-2.9976e-12
-1.31826e-12
-5.31144e-13
-1.86362e-13
-4.74843e-14
-1.76305e-15
5.02166e-15
2.91236e-15
7.41005e-16
-1.0522e-16
-2.87867e-16
-2.03585e-16
-5.80376e-17
-6.05765e-19
3.92056e-17
6.84799e-17
9.63717e-17
1.51641e-16
1.87414e-16
2.34177e-16
2.92478e-16
3.42394e-16
3.31459e-16
3.05638e-16
2.57494e-16
2.11165e-16
1.49258e-16
9.40805e-17
5.36528e-17
2.77519e-17
1.2887e-17
5.21899e-18
1.71717e-18
3.63221e-19
-4.76239e-20
-1.12772e-19
-8.385e-20
-4.71133e-20
-2.26588e-20
-9.76096e-21
-3.91314e-21
-1.49129e-21
-5.31119e-22
-1.59152e-22
-2.23855e-23
1.96228e-23
2.50265e-23
1.8781e-23
1.13331e-23
4.43464e-24
3.21221e-18
-1.99256e-17
6.49249e-17
-1.79437e-16
-6.01796e-15
-3.71741e-14
-3.46064e-13
1.11907e-12
-1.02387e-11
-3.95637e-12
-1.10984e-12
2.38224e-11
9.58845e-11
1.70777e-10
2.29168e-10
2.51912e-10
2.96759e-10
4.34502e-10
6.0896e-10
7.46713e-10
7.79706e-10
5.49959e-10
7.2832e-10
1.43748e-09
3.34504e-09
8.23395e-09
2.24659e-08
6.15404e-08
1.89369e-07
4.67088e-07
1.13297e-06
2.78149e-06
6.42304e-06
1.4912e-05
2.84081e-05
4.02156e-05
5.59787e-05
7.91169e-05
0.000103187
0.000121128
0.000127582
0.000129355
0.000131628
0.000137435
0.000150022
0.000171628
0.000204786
0.000256286
0.000331702
0.000443159
0.000608298
0.000849046
0.00120782
0.00172901
0.00250196
0.00364097
0.00531824
0.00782581
0.0114174
0.0167584
0.0260244
0.0426704
0.069271
0.110469
0.166037
0.229134
0.293719
0.350423
0.393284
0.424236
0.437146
0.430241
0.4102
0.371843
0.311458
0.241861
0.174981
0.118475
0.0743242
0.0459066
0.030185
0.0208331
0.0147192
0.0104443
0.00732927
0.00503256
0.00335896
0.00216956
0.00134373
0.000792511
0.000443726
0.000235489
0.00011853
5.68066e-05
2.59074e-05
1.12973e-05
4.70283e-06
1.87044e-06
6.96778e-07
1.71351e-07
-1.09302e-07
-3.44176e-07
-6.6627e-07
-1.37983e-06
-2.37899e-06
-3.49965e-06
-4.82097e-06
-6.24262e-06
-7.70773e-06
-8.93595e-06
-9.93621e-06
-1.063e-05
-1.02881e-05
-9.42724e-06
-7.86026e-06
-6.53566e-06
-5.39981e-06
-4.27273e-06
-3.19221e-06
-2.30457e-06
-1.66573e-06
-1.25616e-06
-1.02829e-06
-9.16082e-07
-8.13007e-07
-7.5104e-07
-7.14121e-07
-6.77943e-07
-6.29883e-07
-5.68579e-07
-4.71938e-07
-3.79211e-07
-2.96949e-07
-2.26575e-07
-1.6962e-07
-1.25386e-07
-9.1233e-08
-6.55401e-08
-4.62286e-08
-3.18507e-08
-2.13756e-08
-1.38662e-08
-8.6475e-09
-5.15018e-09
-2.89475e-09
-1.53219e-09
-7.53428e-10
-3.39031e-10
-1.36336e-10
-4.66569e-11
-1.17138e-11
-4.7527e-13
1.89736e-12
1.60197e-12
1.0562e-12
5.52273e-13
2.65883e-13
1.24053e-13
5.56364e-14
2.41826e-14
1.0557e-14
4.52372e-15
1.7272e-15
6.2351e-16
2.19188e-16
1.53475e-17
-8.34089e-17
-1.25129e-16
-6.99874e-17
1.39632e-17
6.3261e-17
5.33373e-17
2.21239e-17
-2.83983e-17
-6.8605e-17
-9.91185e-17
-9.73014e-17
-7.3709e-17
-4.37378e-17
-1.96454e-17
-5.42257e-18
6.85882e-19
2.15973e-18
1.78091e-18
1.03473e-18
4.71606e-19
1.60264e-19
2.50521e-20
-1.79788e-20
-2.32385e-20
-1.76039e-20
-1.1144e-20
-6.40763e-21
-3.42912e-21
-1.70808e-21
-7.79696e-22
-3.1505e-22
-1.03727e-22
-1.98935e-23
9.88261e-24
3.33473e-18
-1.45201e-17
4.24314e-17
-1.12759e-16
2.3381e-16
-1.75983e-14
1.76816e-14
-2.77014e-13
-6.49217e-13
-7.70495e-13
1.51192e-12
4.83225e-12
5.39086e-12
6.06843e-12
1.37184e-11
2.35849e-11
3.55093e-11
5.2035e-11
7.04581e-11
8.6136e-11
9.8802e-11
8.95731e-11
7.55239e-11
7.06446e-11
1.15443e-10
2.97264e-10
9.35549e-10
2.9711e-09
9.62783e-09
2.72744e-08
7.3994e-08
2.08027e-07
5.6181e-07
1.60267e-06
3.08247e-06
4.34058e-06
5.60234e-06
7.28089e-06
9.17165e-06
1.09701e-05
1.22563e-05
1.35118e-05
1.52194e-05
1.79105e-05
2.24262e-05
2.98466e-05
4.13551e-05
5.92741e-05
8.73937e-05
0.000131939
0.000202013
0.000309983
0.000476233
0.000721943
0.00108261
0.00161305
0.00238964
0.00352723
0.00515224
0.00751123
0.0110339
0.0159648
0.0229282
0.035091
0.0558747
0.0885051
0.136619
0.194888
0.258149
0.320967
0.375599
0.413254
0.442103
0.457704
0.451586
0.43331
0.401036
0.349494
0.289772
0.230161
0.177444
0.134459
0.101116
0.075535
0.0570877
0.043758
0.0334723
0.0252094
0.0184575
0.0130642
0.0089434
0.005914
0.00375549
0.00229087
0.0013397
0.000757906
0.000415721
0.000223374
0.000117093
5.91326e-05
2.77348e-05
1.02999e-05
4.43592e-07
-5.46797e-06
-9.54491e-06
-1.25803e-05
-1.53973e-05
-1.81218e-05
-2.07286e-05
-2.32882e-05
-2.4018e-05
-2.20364e-05
-1.74393e-05
-1.10028e-05
-3.32929e-06
7.30488e-06
3.51943e-05
6.09504e-05
7.59275e-05
7.90632e-05
7.29768e-05
6.11843e-05
4.72604e-05
3.38529e-05
2.21818e-05
1.32982e-05
7.182e-06
3.29733e-06
1.01708e-06
-1.96955e-07
-7.47523e-07
-9.13365e-07
-8.78939e-07
-7.54078e-07
-6.04323e-07
-4.62182e-07
-3.4021e-07
-2.4291e-07
-1.68528e-07
-1.13567e-07
-7.42743e-08
-4.69373e-08
-2.85417e-08
-1.65933e-08
-9.12855e-09
-4.70598e-09
-2.22353e-09
-9.23834e-10
-3.03646e-10
-4.61698e-11
3.70155e-11
4.82513e-11
3.52738e-11
2.15822e-11
1.20714e-11
6.15624e-12
2.84301e-12
1.18254e-12
4.54823e-13
1.65848e-13
5.84562e-14
1.45848e-14
-1.7582e-15
-4.74732e-15
-5.18639e-15
-4.90145e-15
-4.46118e-15
-3.71963e-15
-2.9678e-15
-2.65772e-15
-2.94161e-15
-3.51917e-15
-3.9968e-15
-4.11505e-15
-3.81593e-15
-3.18997e-15
-2.36998e-15
-1.57577e-15
-9.49628e-16
-5.19666e-16
-2.56616e-16
-1.12156e-16
-4.13255e-17
-1.09398e-17
-9.59267e-20
2.53455e-18
2.3385e-18
1.53347e-18
8.4719e-19
4.1251e-19
1.78325e-19
6.63581e-20
1.85753e-20
1.01251e-21
-3.78314e-21
-3.92747e-21
-2.82685e-21
-1.71538e-21
-9.35891e-22
-3.46367e-22
-5.39163e-20
1.44057e-18
-1.29575e-17
7.39268e-17
-3.10159e-16
8.58401e-16
6.41803e-16
-5.50222e-15
-5.53727e-15
1.1703e-14
8.96964e-14
1.03479e-13
1.12772e-13
1.21658e-13
1.35636e-13
1.50659e-13
1.91417e-13
3.08835e-13
5.29386e-13
8.30308e-13
1.31106e-12
2.10896e-12
2.5965e-12
2.8161e-12
2.74154e-12
8.27012e-12
3.7345e-11
1.4973e-10
5.43681e-10
1.74698e-09
5.30471e-09
1.63785e-08
4.88445e-08
1.4995e-07
3.08576e-07
4.48044e-07
5.95577e-07
8.00171e-07
1.06563e-06
1.39353e-06
1.76186e-06
2.25949e-06
2.99335e-06
4.14804e-06
6.18415e-06
9.87314e-06
1.60445e-05
2.52634e-05
4.08549e-05
6.88252e-05
0.000115224
0.000189468
0.000305932
0.000484526
0.000754325
0.00115379
0.00173822
0.00257033
0.00372731
0.00531958
0.00749305
0.010453
0.01436
0.0194626
0.026894
0.037991
0.0553826
0.0818806
0.122148
0.17341
0.232112
0.291978
0.3492
0.400166
0.436767
0.457132
0.479764
0.48174
0.472323
0.453546
0.423352
0.382232
0.339136
0.297114
0.258027
0.222716
0.190896
0.162169
0.135543
0.110748
0.0873523
0.0645748
0.045361
0.031055
0.0208666
0.0138803
0.00911653
0.00593196
0.00376411
0.00232944
0.00141524
0.00085442
0.000515602
0.000311079
0.000187547
0.000113192
7.134e-05
5.26374e-05
5.19154e-05
6.41222e-05
0.000217934
0.000461239
0.000722322
0.000941942
0.00109119
0.00115234
0.00110359
0.000972013
0.000798224
0.000617732
0.000453832
0.000317578
0.00021211
0.00013523
8.20048e-05
4.69158e-05
2.4888e-05
1.1761e-05
4.40227e-06
5.9487e-07
-1.14093e-06
-1.73921e-06
-1.76612e-06
-1.54062e-06
-1.23709e-06
-9.40069e-07
-6.84324e-07
-4.80798e-07
-3.26957e-07
-2.15262e-07
-1.37085e-07
-8.41498e-08
-4.95405e-08
-2.77439e-08
-1.4575e-08
-6.98859e-09
-2.86761e-09
-8.06884e-10
9.09258e-11
3.79827e-10
3.90184e-10
2.97682e-10
1.9391e-10
1.11764e-10
5.6656e-11
2.57839e-11
1.1011e-11
4.40009e-12
1.61753e-12
4.39853e-13
1.78836e-14
-1.03828e-13
-1.15974e-13
-9.95897e-14
-8.38132e-14
-7.11699e-14
-6.00864e-14
-5.077e-14
-4.4171e-14
-4.033e-14
-3.75768e-14
-3.42471e-14
-2.9645e-14
-2.40503e-14
-1.82263e-14
-1.29189e-14
-8.58713e-15
-5.36387e-15
-3.1495e-15
-1.73385e-15
-8.88741e-16
-4.18088e-16
-1.7516e-16
-6.04225e-17
-1.22605e-17
4.30571e-18
7.61524e-18
6.39081e-18
4.28105e-18
2.5234e-18
1.35285e-18
6.65702e-19
2.9799e-19
1.17202e-19
3.63543e-20
4.65842e-21
-5.05466e-21
-6.15743e-21
-4.74375e-21
-2.50682e-21
-6.2065e-20
3.17291e-19
-1.10634e-18
3.67052e-18
-1.11793e-17
2.2764e-17
-1.68383e-17
-1.24467e-16
6.46765e-17
1.18866e-15
1.40866e-15
1.66157e-15
1.96987e-15
2.39076e-15
2.73531e-15
2.2035e-15
4.03277e-16
-2.9007e-15
-8.95807e-15
-1.96262e-14
-3.29271e-14
-3.84177e-14
-3.34487e-14
-7.38112e-15
1.48158e-13
5.29604e-13
2.41462e-12
1.00617e-11
3.85332e-11
1.33572e-10
4.40171e-10
1.45649e-09
4.66267e-09
1.51976e-08
3.32407e-08
5.16845e-08
7.56792e-08
1.14719e-07
1.75837e-07
2.70967e-07
4.19673e-07
6.74939e-07
1.11572e-06
1.76794e-06
2.97939e-06
5.50535e-06
1.02689e-05
1.89294e-05
3.38014e-05
5.83604e-05
9.80369e-05
0.000160886
0.000259481
0.000411509
0.000643266
0.000989887
0.0015009
0.00223472
0.00326069
0.0046641
0.00652976
0.00898767
0.0121501
0.0159716
0.0207351
0.0270473
0.0349165
0.0452802
0.0619354
0.0858559
0.118949
0.16278
0.213083
0.268352
0.32412
0.374386
0.419613
0.457798
0.478409
0.494679
0.514575
0.521752
0.519168
0.510515
0.495972
0.474937
0.447797
0.418072
0.386141
0.352177
0.316276
0.27805
0.23808
0.198565
0.16039
0.125719
0.0945042
0.0670057
0.0452473
0.031828
0.0233868
0.0178474
0.013911
0.0110928
0.00919727
0.00803288
0.00749286
0.00738504
0.00752627
0.00778439
0.00789394
0.0077206
0.00723705
0.00648362
0.00556359
0.00457168
0.00360418
0.00273235
0.00199382
0.00140189
0.000950627
0.000621463
0.0003912
0.000236429
0.000136357
7.42062e-05
3.72548e-05
1.63479e-05
5.25242e-06
-1.21937e-07
-2.33832e-06
-2.91893e-06
-2.74357e-06
-2.27633e-06
-1.75395e-06
-1.28248e-06
-8.98821e-07
-6.06841e-07
-3.95379e-07
-2.48436e-07
-1.50071e-07
-8.66715e-08
-4.73355e-08
-2.39519e-08
-1.07215e-08
-3.67489e-09
-2.47699e-10
1.17898e-09
1.56423e-09
1.45734e-09
1.16858e-09
8.4757e-10
5.69583e-10
3.55576e-10
2.05534e-10
1.08332e-10
5.14045e-11
2.13821e-11
6.96908e-12
1.59171e-12
8.95105e-14
-2.97527e-13
-3.73904e-13
-3.39365e-13
-2.83015e-13
-2.36681e-13
-2.01261e-13
-1.73032e-13
-1.51794e-13
-1.33621e-13
-1.1458e-13
-9.3795e-14
-7.26384e-14
-5.31141e-14
-3.67292e-14
-2.4089e-14
-1.50265e-14
-8.93029e-15
-5.05377e-15
-2.71279e-15
-1.36874e-15
-6.37146e-16
-2.62347e-16
-8.49674e-17
-1.0419e-17
1.4652e-17
1.85495e-17
1.50911e-17
1.02865e-17
6.28213e-18
3.51993e-18
1.82016e-18
8.62416e-19
3.65275e-19
1.2924e-19
2.92777e-20
-5.95522e-21
-1.37575e-20
-1.21806e-20
-7.18418e-21
-6.53319e-21
3.64403e-20
-1.71357e-19
7.97063e-19
-2.4965e-18
2.53693e-18
-6.29526e-18
-1.62113e-17
2.62334e-17
1.64822e-16
1.82058e-16
1.26586e-16
7.38311e-17
3.87354e-17
3.57904e-17
-1.27118e-16
-3.92266e-16
-7.01492e-16
-1.5176e-15
-3.67531e-15
-6.19573e-15
-6.71206e-15
-4.50576e-15
1.18326e-14
8.04828e-14
2.88093e-13
8.1938e-13
2.09456e-12
6.25852e-12
1.93492e-11
5.94915e-11
1.89326e-10
5.96245e-10
1.93174e-09
4.59596e-09
8.47446e-09
1.52202e-08
2.8241e-08
5.18536e-08
9.31948e-08
1.73395e-07
3.51789e-07
7.04488e-07
1.38309e-06
2.69247e-06
5.13633e-06
9.43633e-06
1.67525e-05
2.88688e-05
4.86491e-05
8.08603e-05
0.000132932
0.000216538
0.000348679
0.000553949
0.000865395
0.00132895
0.00200369
0.00295827
0.00427605
0.00604824
0.0083795
0.0113864
0.0151521
0.0197371
0.0252584
0.0316319
0.0388964
0.0480136
0.0596837
0.0752648
0.0971587
0.126003
0.162038
0.20466
0.2513
0.299549
0.349138
0.393731
0.433461
0.468855
0.499171
0.518419
0.533617
0.549131
0.565805
0.57021
0.568435
0.561989
0.550307
0.53292
0.508725
0.475358
0.436153
0.392413
0.346769
0.300089
0.254973
0.212313
0.174423
0.141602
0.114709
0.0932512
0.0766592
0.0641483
0.0546495
0.047341
0.0414048
0.0362388
0.0314925
0.0269499
0.022585
0.0184508
0.0146431
0.0112755
0.00841249
0.00607945
0.00425581
0.00288478
0.00189263
0.00120096
0.000735783
0.000433588
0.000244114
0.000129808
6.37028e-05
2.72838e-05
8.56122e-06
-1.00743e-07
-3.46336e-06
-4.25357e-06
-3.84134e-06
-3.23637e-06
-2.43882e-06
-1.73682e-06
-1.18319e-06
-7.74159e-07
-4.86776e-07
-2.93581e-07
-1.68882e-07
-9.15157e-08
-4.59528e-08
-2.0464e-08
-6.89953e-09
-1.5774e-10
2.51811e-09
3.02521e-09
2.8675e-09
2.54094e-09
2.086e-09
1.61407e-09
1.19043e-09
8.40899e-10
5.67941e-10
3.65805e-10
2.2271e-10
1.27024e-10
6.70812e-11
3.25127e-11
1.40851e-11
5.52007e-12
1.74301e-12
1.18093e-13
-2.96466e-13
-3.41222e-13
-3.20744e-13
-3.16807e-13
-3.05727e-13
-2.81792e-13
-2.43602e-13
-1.96002e-13
-1.47157e-13
-1.03603e-13
-6.87458e-14
-4.31967e-14
-2.58008e-14
-1.46908e-14
-7.97837e-15
-4.11557e-15
-1.99239e-15
-8.80463e-16
-3.30744e-16
-8.03562e-17
1.87724e-17
4.69216e-17
4.56216e-17
3.49389e-17
2.3562e-17
1.45195e-17
8.28939e-18
4.39202e-18
2.14256e-18
9.41853e-19
3.53497e-19
9.43585e-20
-2.8532e-21
-2.86824e-20
-2.77439e-20
-2.01062e-20
-1.0512e-20
-1.15183e-19
8.3337e-19
-3.56003e-18
9.37794e-18
-3.33416e-18
-7.29025e-17
5.86186e-16
-2.56885e-15
-1.44174e-15
3.18779e-15
1.34259e-14
1.64252e-14
1.17492e-14
8.16572e-15
6.15332e-15
6.08598e-15
8.17805e-15
1.04792e-14
1.0346e-14
4.8518e-15
-7.39009e-15
-2.38908e-14
-3.75662e-14
-4.89944e-14
-2.83511e-14
1.23741e-13
6.92524e-13
1.93746e-12
3.98569e-12
8.39961e-12
2.24737e-11
5.89864e-11
1.61068e-10
4.52163e-10
1.11907e-09
2.69434e-09
6.07497e-09
1.42564e-08
3.34095e-08
7.63488e-08
1.69433e-07
3.78306e-07
8.49784e-07
1.92213e-06
4.12901e-06
7.78568e-06
1.37811e-05
2.35447e-05
3.96737e-05
6.64579e-05
0.000110677
0.00018322
0.000300731
0.000485494
0.000765316
0.00117544
0.00175867
0.00255761
0.00362216
0.00498935
0.00674298
0.00907709
0.0120382
0.0157516
0.0203421
0.0259232
0.0325543
0.0402044
0.0488593
0.058603
0.0697643
0.0830997
0.0996028
0.120168
0.145588
0.175945
0.210746
0.249339
0.290382
0.332042
0.372661
0.412158
0.447826
0.479566
0.508464
0.533367
0.552718
0.567329
0.579334
0.587455
0.58767
0.584037
0.575276
0.560209
0.538103
0.509337
0.473407
0.430634
0.384764
0.339
0.294716
0.253642
0.21641
0.183464
0.154796
0.129944
0.108449
0.0897539
0.0734033
0.0591123
0.0466868
0.0360412
0.0271154
0.0198369
0.014093
0.00971544
0.00649428
0.00420479
0.00263379
0.00159344
0.000928465
0.000517679
0.000272384
0.000133003
5.82297e-05
2.02998e-05
2.07962e-06
-4.47518e-06
-5.38811e-06
-4.95629e-06
-4.23923e-06
-3.28028e-06
-2.36245e-06
-1.60863e-06
-1.04086e-06
-6.41187e-07
-3.76398e-07
-2.09741e-07
-1.09715e-07
-5.17745e-08
-2.00303e-08
-6.10419e-09
-4.92722e-10
1.6887e-09
2.56256e-09
2.80149e-09
2.55734e-09
2.25805e-09
1.8769e-09
1.49518e-09
1.16584e-09
8.95267e-10
6.73246e-10
4.94606e-10
3.52294e-10
2.41782e-10
1.5854e-10
9.84123e-11
5.77711e-11
3.18875e-11
1.68146e-11
8.41651e-12
3.96578e-12
1.68754e-12
5.37277e-13
-4.25587e-14
-3.07896e-13
-3.78466e-13
-3.40685e-13
-2.89318e-13
-2.13238e-13
-1.43655e-13
-8.97103e-14
-5.22751e-14
-2.84273e-14
-1.44099e-14
-6.79196e-15
-2.91545e-15
-1.05011e-15
-2.25726e-16
8.94038e-17
1.72543e-16
1.62805e-16
1.25122e-16
8.63226e-17
5.5263e-17
3.32353e-17
1.88244e-17
1.00021e-17
4.93252e-18
2.20965e-18
8.57006e-19
2.48635e-19
1.25981e-20
-5.55052e-20
-5.85575e-20
-4.30226e-20
-2.67983e-20
-1.51811e-20
-6.23285e-21
5.77767e-19
-3.98353e-18
2.27835e-17
-1.15186e-16
5.45557e-16
-5.56993e-16
2.19817e-14
-1.65929e-14
-3.37362e-13
-3.77116e-13
-6.72357e-14
5.37882e-13
5.9964e-13
6.09125e-13
6.68341e-13
9.66597e-13
1.55465e-12
1.86069e-12
1.9088e-12
1.81365e-12
1.61421e-12
1.32028e-12
8.30044e-13
5.21484e-14
1.32568e-14
1.35288e-12
5.04918e-12
1.08705e-11
1.60143e-11
2.12277e-11
6.63744e-11
1.74827e-10
4.08677e-10
8.9906e-10
1.90408e-09
3.96016e-09
8.35335e-09
1.83382e-08
4.19513e-08
1.08443e-07
3.28661e-07
1.0317e-06
2.75883e-06
7.24131e-06
1.59566e-05
2.75484e-05
4.42859e-05
7.00784e-05
0.000112211
0.000182753
0.000298482
0.000488883
0.000800222
0.00127549
0.00196387
0.00292113
0.00420833
0.00584947
0.00789385
0.0103035
0.0131803
0.0165294
0.0204397
0.0250059
0.0303361
0.036574
0.043818
0.0521408
0.0615625
0.0720901
0.0838443
0.0972181
0.111959
0.127382
0.145376
0.166295
0.190241
0.217267
0.247321
0.279916
0.314282
0.349676
0.385251
0.420066
0.4533
0.48419
0.512162
0.536693
0.557352
0.57327
0.584201
0.589238
0.589008
0.585119
0.573979
0.555745
0.530447
0.498907
0.462241
0.421916
0.379101
0.335389
0.29208
0.250355
0.211114
0.174959
0.14231
0.113386
0.0883118
0.0670777
0.0495838
0.0355779
0.0247369
0.0166457
0.01083
0.00681059
0.00412435
0.00239157
0.001327
0.000702172
0.000350924
0.000158311
5.61021e-05
1.61763e-05
2.54318e-06
-2.3051e-06
-3.9767e-06
-4.29847e-06
-3.81308e-06
-3.11139e-06
-2.23743e-06
-1.48862e-06
-9.30264e-07
-5.48594e-07
-3.00899e-07
-1.52897e-07
-7.82637e-08
-3.98239e-08
-1.95484e-08
-8.9149e-09
-3.34801e-09
-4.61056e-10
9.47874e-10
1.43244e-09
1.3871e-09
1.21397e-09
9.94531e-10
7.89254e-10
6.22441e-10
4.99883e-10
4.06158e-10
3.35776e-10
2.76792e-10
2.27017e-10
1.82267e-10
1.42608e-10
1.07501e-10
7.72215e-11
5.20471e-11
3.30179e-11
1.96549e-11
1.09542e-11
5.65867e-12
2.57616e-12
8.76021e-13
2.90238e-14
-2.95624e-13
-3.4312e-13
-2.96087e-13
-2.15091e-13
-1.37734e-13
-7.89117e-14
-4.09255e-14
-1.90882e-14
-7.51656e-15
-2.38134e-15
-6.1216e-16
-1.73147e-17
2.85795e-16
3.30942e-16
2.72819e-16
1.91277e-16
1.21977e-16
7.27827e-17
4.10843e-17
2.19655e-17
1.10428e-17
5.13026e-18
2.12387e-18
7.1546e-19
1.32024e-19
-6.18524e-20
-9.51844e-20
-7.60513e-20
-4.86778e-20
-2.72427e-20
-1.37168e-20
-6.24678e-21
-2.56774e-21
-6.00741e-22
5.20968e-18
-3.24595e-17
1.38014e-16
-3.67679e-16
-3.29356e-16
1.52844e-14
-8.80727e-14
3.49591e-13
-3.40595e-12
-6.94498e-12
-4.906e-12
-2.58879e-13
1.45114e-11
3.20613e-11
3.98715e-11
4.30833e-11
3.89362e-11
3.41157e-11
2.98012e-11
2.44951e-11
1.82912e-11
1.15856e-11
3.95626e-12
-6.5757e-12
-2.26649e-11
-4.58321e-11
-8.00537e-11
-1.50595e-10
-1.63409e-10
-4.43098e-11
3.38181e-10
1.16063e-09
2.71816e-09
5.42703e-09
1.02255e-08
1.95006e-08
3.86424e-08
8.3898e-08
2.01223e-07
5.95921e-07
1.92968e-06
6.34261e-06
1.58775e-05
3.25149e-05
5.59105e-05
9.36771e-05
0.000178372
0.000274088
0.000422807
0.000698252
0.00119245
0.00210011
0.00395741
0.00687886
0.0106864
0.0151859
0.020159
0.0253796
0.0311041
0.0370053
0.0433426
0.04993
0.0569122
0.0642914
0.0721075
0.0804671
0.0894533
0.0992241
0.10999
0.121819
0.134948
0.149298
0.16509
0.182319
0.201074
0.221325
0.243161
0.266907
0.292512
0.319809
0.348538
0.377935
0.407407
0.437723
0.467081
0.494768
0.520016
0.542145
0.560368
0.574121
0.580058
0.580669
0.577261
0.568783
0.55445
0.534486
0.510776
0.483334
0.451366
0.412377
0.367459
0.320934
0.274746
0.230158
0.188312
0.150154
0.116424
0.0875625
0.0637869
0.0448928
0.0303917
0.019698
0.0122343
0.00728469
0.00415312
0.00226175
0.00113772
0.00051721
0.000242689
0.000117859
5.69445e-05
2.66907e-05
1.14448e-05
3.39828e-06
-3.31337e-07
-1.76434e-06
-1.92045e-06
-1.61181e-06
-1.14568e-06
-7.35433e-07
-4.62027e-07
-2.88079e-07
-1.76419e-07
-1.05619e-07
-6.11088e-08
-3.34351e-08
-1.70925e-08
-8.21112e-09
-3.69189e-09
-1.49967e-09
-4.72453e-10
-1.0387e-11
2.39461e-10
2.94442e-10
2.61002e-10
2.12695e-10
1.67328e-10
1.27691e-10
9.50823e-11
7.13345e-11
5.51499e-11
4.60578e-11
4.09778e-11
3.8937e-11
3.76635e-11
3.66699e-11
3.40975e-11
2.97744e-11
2.32565e-11
1.66313e-11
1.0608e-11
6.02313e-12
2.95602e-12
1.13033e-12
1.85647e-13
-1.95935e-13
-2.69265e-13
-2.13538e-13
-1.46274e-13
-8.57454e-14
-4.31388e-14
-1.83557e-14
-7.5293e-15
-3.01929e-15
-1.0975e-15
-2.16439e-16
1.9013e-16
2.59946e-16
2.06207e-16
1.32894e-16
7.60361e-17
4.0568e-17
2.05745e-17
9.92799e-18
4.47696e-18
1.81142e-18
5.9394e-19
9.87093e-20
-6.06989e-20
-8.26269e-20
-6.17801e-20
-3.6772e-20
-1.87122e-20
-8.23217e-21
-3.03552e-21
-8.24374e-22
-5.1653e-23
1.31971e-22
1.25029e-22
6.68929e-23
1.86181e-18
-8.32036e-18
1.83036e-17
-2.5577e-17
-3.4719e-14
1.19501e-13
-2.31571e-12
2.80187e-12
4.15874e-11
-6.99741e-11
-2.06998e-10
-8.65469e-11
6.15616e-11
1.99296e-10
2.51104e-10
1.66599e-10
-3.09987e-10
-1.01976e-09
-1.68153e-09
-2.1161e-09
-2.11388e-09
-1.92738e-09
-1.62041e-09
-1.2662e-09
-9.7016e-10
-9.03044e-10
-7.31792e-10
-3.53155e-11
1.92133e-09
6.30333e-09
1.49142e-08
3.0245e-08
5.55229e-08
9.3729e-08
1.5328e-07
2.5492e-07
4.47098e-07
8.69073e-07
1.97964e-06
5.56931e-06
1.52936e-05
3.96486e-05
9.22942e-05
0.000123321
0.00015086
0.000300594
0.00127631
0.0046777
0.0111226
0.0205679
0.0326111
0.0466742
0.0629084
0.0802342
0.0974035
0.114236
0.130953
0.146316
0.161017
0.17391
0.186123
0.197229
0.207944
0.218414
0.228955
0.239755
0.250864
0.262321
0.274349
0.286865
0.300351
0.314484
0.329621
0.345747
0.36261
0.380313
0.398706
0.417374
0.436405
0.453122
0.467897
0.481585
0.496826
0.513911
0.529037
0.540643
0.546417
0.548905
0.549329
0.547201
0.541053
0.530059
0.514023
0.492101
0.464303
0.431516
0.395914
0.357662
0.318187
0.277716
0.237794
0.19893
0.162162
0.12819
0.0979701
0.0721499
0.0510555
0.0345797
0.0223737
0.0137479
0.00779359
0.00415506
0.00224912
0.0012447
0.000694624
0.000387406
0.000215972
0.000117077
5.86887e-05
2.66243e-05
1.11801e-05
4.44536e-06
1.62611e-06
4.70146e-07
-5.69301e-08
-2.99261e-07
-2.93599e-07
-2.27628e-07
-1.61715e-07
-1.08094e-07
-6.87e-08
-4.20543e-08
-2.49977e-08
-1.45378e-08
-8.25329e-09
-4.5708e-09
-2.44512e-09
-1.24647e-09
-5.94704e-10
-2.56611e-10
-9.22166e-11
-1.82926e-11
1.96347e-11
2.59275e-11
2.31101e-11
1.90145e-11
1.48859e-11
1.12646e-11
8.24876e-12
5.83557e-12
3.92681e-12
2.4918e-12
1.47421e-12
8.26138e-13
4.75368e-13
4.27061e-13
1.14653e-12
2.052e-12
2.26729e-12
2.00824e-12
1.29605e-12
5.91025e-13
1.37941e-13
-7.41865e-14
-1.399e-13
-1.37526e-13
-1.06226e-13
-6.14225e-14
-2.95693e-14
-1.41104e-14
-6.66188e-15
-2.91169e-15
-1.05785e-15
-2.9275e-16
7.764e-17
1.46266e-16
1.10438e-16
6.16279e-17
2.87327e-17
1.16677e-17
4.15951e-18
1.16615e-18
5.95032e-20
-2.82227e-19
-3.18734e-19
-2.4956e-19
-1.62311e-19
-9.13872e-20
-4.47344e-20
-1.86951e-20
-6.36081e-21
-1.54932e-21
-4.69275e-23
2.45232e-22
1.98501e-22
1.09234e-22
4.87807e-23
1.82634e-23
5.56344e-24
6.88112e-25
2.8359e-18
-6.38652e-18
2.38599e-18
-1.77703e-17
-1.39322e-13
8.88748e-14
-5.76501e-12
1.04609e-11
2.03601e-10
2.41725e-10
-2.23005e-09
-5.13798e-09
-8.24439e-09
-1.28153e-08
-2.63664e-08
-5.11307e-08
-8.49747e-08
-1.16305e-07
-1.33721e-07
-1.2799e-07
-9.73948e-08
-5.21998e-08
-2.24301e-08
4.08556e-10
2.29826e-08
5.26138e-08
1.01042e-07
1.86525e-07
3.36665e-07
5.90309e-07
9.97519e-07
1.61608e-06
2.50359e-06
3.68167e-06
5.29653e-06
7.6938e-06
1.17425e-05
1.97966e-05
3.71748e-05
6.65601e-05
0.000108896
0.000177771
0.00105956
0.00567812
0.0148654
0.0286126
0.0470244
0.0721037
0.10308
0.134759
0.164591
0.192631
0.220099
0.247216
0.272862
0.297584
0.3249
0.351015
0.369751
0.38256
0.393792
0.404006
0.413362
0.42157
0.428491
0.434008
0.438681
0.442228
0.445607
0.44818
0.451123
0.45388
0.457145
0.460535
0.463147
0.465735
0.468172
0.47038
0.472085
0.473554
0.474784
0.475491
0.474982
0.472315
0.466608
0.457009
0.442691
0.422535
0.398141
0.370268
0.340299
0.308729
0.277016
0.245359
0.215164
0.186055
0.158967
0.133562
0.110447
0.0892412
0.0704532
0.0537727
0.0390319
0.0270862
0.0182763
0.0120432
0.00776778
0.00490277
0.00303447
0.00184157
0.0011011
0.00064072
0.000359401
0.00019461
0.000102703
5.33006e-05
2.73634e-05
1.39956e-05
7.14937e-06
3.60844e-06
1.75799e-06
7.99466e-07
3.21595e-07
1.01208e-07
1.19556e-08
-1.9449e-08
-1.97576e-08
-1.50827e-08
-1.06383e-08
-7.13306e-09
-4.5999e-09
-2.87118e-09
-1.73734e-09
-1.02472e-09
-5.88181e-10
-3.29661e-10
-1.80093e-10
-9.587e-11
-4.94403e-11
-2.45325e-11
-1.14558e-11
-4.57031e-12
-9.96918e-13
4.00938e-13
5.2089e-13
4.81847e-13
4.02527e-13
3.07744e-13
2.10761e-13
1.15149e-13
2.75565e-14
-5.94006e-14
-1.36826e-13
-2.13405e-13
-2.79888e-13
-3.42091e-13
-3.70987e-13
-3.53886e-13
-3.02288e-13
-2.51103e-13
-2.09938e-13
-1.75414e-13
-1.41442e-13
-1.07515e-13
-6.43876e-14
-3.26305e-14
-1.56944e-14
-7.83883e-15
-3.74961e-15
-1.65707e-15
-6.75488e-16
-2.18804e-16
2.42957e-17
6.56539e-17
4.39323e-17
1.99147e-17
6.96398e-18
1.97841e-18
5.04957e-19
1.51124e-19
1.17257e-20
-7.46554e-20
-1.03143e-19
-8.99702e-20
-6.15442e-20
-3.52135e-20
-1.71261e-20
-6.98309e-21
-2.26689e-21
-4.99759e-22
-1.47576e-23
5.34536e-23
3.46198e-23
1.48699e-23
5.10712e-24
1.4771e-24
3.68782e-25
8.0454e-26
1.18195e-26
-2.98468e-27
1.06107e-17
-4.02176e-17
9.12788e-17
-1.86687e-16
-3.28646e-13
2.41515e-13
-1.1249e-11
2.19839e-11
6.17934e-10
4.93511e-09
4.61489e-09
-2.7849e-08
-6.24447e-08
-7.09427e-08
-9.43148e-08
-1.91547e-07
-2.72873e-07
-3.10277e-07
-2.66136e-07
-1.06699e-07
1.91634e-07
6.58457e-07
1.37359e-06
2.52745e-06
4.49119e-06
7.89146e-06
1.36782e-05
2.31653e-05
3.80108e-05
6.01001e-05
9.13024e-05
0.000133083
0.000186016
0.000248199
0.000322948
0.000418185
0.000561421
0.000804942
0.00137249
0.00358359
0.00978837
0.0215836
0.0413043
0.0714089
0.107947
0.147429
0.184649
0.220629
0.254887
0.275895
0.292097
0.30878
0.32833
0.348901
0.368823
0.378761
0.384445
0.38793
0.388097
0.385652
0.381165
0.375128
0.367578
0.35929
0.350876
0.343492
0.337445
0.333243
0.33003
0.327688
0.325287
0.322915
0.319927
0.316341
0.311954
0.306394
0.299688
0.291474
0.281793
0.270238
0.256699
0.240875
0.222754
0.202919
0.181862
0.160149
0.1385
0.117045
0.0964219
0.0775266
0.0617105
0.0483876
0.037597
0.0287271
0.0217823
0.0163543
0.0123188
0.00926425
0.00695344
0.00515885
0.00377968
0.00271197
0.00190502
0.00130238
0.000865996
0.00055895
0.000350596
0.000213586
0.000126751
7.323e-05
4.13253e-05
2.27711e-05
1.22707e-05
6.45384e-06
3.30784e-06
1.64871e-06
7.975e-07
3.73449e-07
1.68865e-07
7.34024e-08
3.03827e-08
1.17293e-08
4.03192e-09
1.09054e-09
8.51246e-11
-1.94787e-10
-2.23295e-10
-1.76406e-10
-1.22855e-10
-8.024e-11
-5.04385e-11
-3.09492e-11
-1.86372e-11
-1.10832e-11
-6.49321e-12
-3.75676e-12
-2.13999e-12
-1.20168e-12
-6.64598e-13
-3.62273e-13
-1.93997e-13
-1.0201e-13
-5.28803e-14
-2.81755e-14
-1.02944e-14
-5.18625e-15
-2.74915e-15
-2.3032e-15
-3.38095e-15
-6.19646e-15
-9.73763e-15
-1.52799e-14
-2.14772e-14
-3.23709e-14
-4.67644e-14
-6.33025e-14
-7.99035e-14
-9.402e-14
-9.08012e-14
-8.10249e-14
-6.57269e-14
-4.31132e-14
-2.35839e-14
-1.22989e-14
-6.17407e-15
-2.9532e-15
-1.30972e-15
-5.3888e-16
-1.9055e-16
-3.90478e-17
3.0684e-17
2.5555e-17
1.0413e-17
2.57463e-18
3.2034e-19
2.41098e-20
4.89138e-20
4.48751e-20
2.21721e-20
6.51694e-21
-1.61973e-21
-2.85497e-21
-1.63423e-21
-3.36088e-22
3.98615e-22
6.04404e-22
5.04801e-22
3.12258e-22
1.5038e-22
5.50777e-23
1.34062e-23
7.75472e-25
-1.18853e-24
-7.95487e-25
-3.3642e-25
-1.12196e-25
-3.07529e-26
-6.46282e-27
-3.85192e-28
8.72121e-28
1.1519e-17
-8.24425e-17
4.13355e-16
-2.12159e-15
-5.78061e-13
-4.52394e-13
-8.3016e-11
2.33987e-10
1.22417e-08
9.24957e-08
2.84457e-07
5.78362e-07
1.01597e-06
1.76944e-06
3.12011e-06
5.43324e-06
9.49629e-06
2.67487e-05
0.00010056
0.000280881
0.000551491
0.000898528
0.00129896
0.00175599
0.00231777
0.00307035
0.00411153
0.00551764
0.0073166
0.00947426
0.0118988
0.0144658
0.017046
0.0194227
0.0216931
0.0240275
0.0273089
0.0327006
0.0441136
0.0639217
0.092406
0.125071
0.159699
0.194163
0.224073
0.251863
0.270129
0.275792
0.27703
0.274863
0.268764
0.257929
0.238889
0.210918
0.179644
0.148944
0.120911
0.0976912
0.082072
0.0758225
0.0730977
0.0720707
0.0704827
0.0685948
0.0661635
0.0639921
0.0620024
0.0604992
0.0589946
0.0577728
0.0562757
0.0547844
0.0528778
0.0506032
0.0479466
0.0447589
0.041214
0.037231
0.0330142
0.028532
0.024001
0.0195147
0.0152442
0.0113595
0.00798495
0.00522185
0.00312664
0.00167008
0.00080505
0.000366529
0.000148362
4.22793e-05
-6.86555e-06
-2.74925e-05
-3.42633e-05
-3.44096e-05
-3.16813e-05
-2.7765e-05
-2.35375e-05
-1.93991e-05
-1.56014e-05
-1.22415e-05
-9.37602e-06
-6.9964e-06
-5.08096e-06
-3.57992e-06
-2.44229e-06
-1.60769e-06
-1.01905e-06
-6.206e-07
-3.62823e-07
-2.03746e-07
-1.10159e-07
-5.75757e-08
-2.92654e-08
-1.45657e-08
-7.14884e-09
-3.47525e-09
-1.67979e-09
-8.06014e-10
-3.81163e-10
-1.78614e-10
-8.09461e-11
-3.40668e-11
-1.43609e-11
-4.43913e-12
-1.43838e-12
-2.02985e-13
2.45779e-13
3.29211e-13
2.66122e-13
1.67e-13
8.22048e-14
2.71791e-14
-7.86597e-16
-1.09048e-14
-1.17757e-14
-9.35121e-15
-6.38134e-15
-3.97509e-15
-2.30917e-15
-1.27603e-15
-6.75066e-16
-3.44701e-16
-1.69635e-16
-8.55777e-17
-6.37009e-17
-6.97939e-17
-9.68871e-17
-2.81338e-16
-6.6557e-16
-1.36834e-15
-2.13374e-15
-3.03297e-15
-3.94528e-15
-5.41802e-15
-7.81719e-15
-1.09134e-14
-1.02527e-14
-8.1728e-15
-4.82444e-15
-2.53249e-15
-1.25291e-15
-5.65439e-16
-2.13678e-16
-3.54578e-17
4.47469e-17
3.83706e-17
1.78144e-17
5.30001e-18
8.86838e-19
3.71167e-20
1.15535e-20
2.0499e-20
3.90805e-21
-5.32636e-21
-4.72351e-21
-1.96565e-21
-4.28922e-22
-5.37972e-23
-1.0174e-23
1.07173e-22
2.36731e-22
2.70752e-22
2.15939e-22
1.32797e-22
6.53026e-23
2.56475e-23
7.70424e-24
1.51025e-24
2.05759e-26
-1.28398e-25
-6.49443e-26
-2.19677e-26
-6.05172e-27
-1.43854e-27
-2.79509e-28
-1.31466e-29
4.53931e-29
4.39271e-29
1.54852e-18
-2.67476e-17
1.88412e-16
-2.06347e-14
-1.03755e-12
-1.70595e-10
-3.56923e-10
1.0541e-08
3.95717e-07
3.92458e-06
6.86953e-05
0.000524203
0.0021404
0.00548065
0.0103082
0.0153697
0.0197543
0.0229719
0.0250564
0.027303
0.0311843
0.0377642
0.0476643
0.0613714
0.0802357
0.10642
0.142018
0.186486
0.235487
0.281941
0.316372
0.323888
0.321033
0.310847
0.290738
0.265876
0.241908
0.225239
0.21076
0.197644
0.1862
0.177265
0.165509
0.149253
0.120719
0.0873299
0.0575295
0.0394962
0.0300068
0.0238461
0.0190775
0.0151127
0.011665
0.00867657
0.00618944
0.00425191
0.00283139
0.00184639
0.00118193
0.000750037
0.000477113
0.000309599
0.000207395
0.000145853
0.000106637
8.13898e-05
6.54612e-05
5.67656e-05
5.14448e-05
4.90314e-05
4.71857e-05
4.62345e-05
4.47375e-05
4.25741e-05
3.94238e-05
3.46967e-05
2.88851e-05
2.17232e-05
1.39903e-05
5.6984e-06
-2.33919e-06
-9.79257e-06
-1.61986e-05
-2.10653e-05
-2.41153e-05
-2.52936e-05
-2.48289e-05
-2.3012e-05
-2.02463e-05
-1.65435e-05
-1.30095e-05
-9.93638e-06
-7.47441e-06
-5.33985e-06
-3.46617e-06
-2.29861e-06
-1.555e-06
-1.02901e-06
-6.63731e-07
-4.13295e-07
-2.48303e-07
-1.43369e-07
-7.97126e-08
-4.26192e-08
-2.19755e-08
-1.09361e-08
-5.2737e-09
-2.46995e-09
-1.12948e-09
-5.05941e-10
-2.23254e-10
-9.74403e-11
-4.23724e-11
-1.85754e-11
-8.3787e-12
-3.96085e-12
-1.95646e-12
-9.71267e-13
-4.47301e-13
-1.57099e-13
1.65812e-15
8.12961e-14
1.13324e-13
1.16944e-13
1.04466e-13
8.44766e-14
6.2702e-14
4.25354e-14
2.6103e-14
1.49797e-14
8.4402e-15
4.27239e-15
1.86465e-15
6.77312e-16
1.36973e-16
-1.10553e-16
-9.42483e-17
-6.1468e-17
-2.81279e-17
2.08808e-18
7.2194e-18
2.98289e-18
-2.6878e-19
-1.54531e-18
-1.68799e-18
-1.73499e-18
-8.26308e-19
-9.60156e-19
-1.93589e-18
-4.58413e-18
9.26983e-20
-1.23156e-17
-2.91792e-17
-5.91602e-17
-9.62935e-17
-1.63991e-16
-2.81741e-16
-4.25576e-16
-3.18517e-16
-1.90103e-16
-8.29477e-17
-5.62553e-18
2.20143e-17
2.04737e-17
1.08351e-17
2.92457e-18
-3.13315e-19
-6.90229e-19
-3.52383e-19
-1.16374e-19
-3.07567e-20
-7.48254e-21
-1.22111e-21
4.35578e-22
5.26104e-22
2.55738e-22
7.15437e-23
7.30834e-24
-5.2021e-24
-6.43917e-24
-5.10187e-24
-4.0429e-24
-3.23144e-24
-2.51562e-24
-1.9112e-24
-1.34609e-24
-8.14565e-25
-3.99574e-25
-1.50924e-25
-4.01278e-26
-5.39862e-27
8.39408e-28
6.55711e-28
1.79171e-28
2.73139e-29
4.38832e-31
-1.67391e-30
-1.55354e-30
-1.7871e-30
-1.85569e-30
-5.15338e-18
7.75788e-18
5.20076e-17
-2.13673e-13
-1.67255e-11
-2.0584e-09
-4.91525e-10
4.10666e-07
9.38819e-06
0.000117865
0.00162254
0.0115292
0.0594456
0.168788
0.28377
0.305103
0.291007
0.245462
0.152488
0.0605779
0.0111518
0.00545923
0.00584261
0.00686694
0.00871024
0.0114233
0.0148767
0.0187688
0.0227064
0.0263012
0.0292482
0.0315001
0.0333096
0.0350079
0.0359458
0.0369708
0.0349025
0.0273487
0.019674
0.013046
0.00804201
0.00466172
0.00253474
0.00128225
0.000606794
0.000275202
0.000125338
6.14657e-05
3.44726e-05
2.21256e-05
1.54239e-05
1.0999e-05
7.66549e-06
5.10479e-06
3.24128e-06
1.97806e-06
1.1685e-06
6.62234e-07
3.27127e-07
-7.97979e-09
-3.31085e-07
-8.31321e-07
-1.34532e-06
-2.07798e-06
-2.7141e-06
-3.50384e-06
-4.07107e-06
-4.73748e-06
-5.1283e-06
-5.59141e-06
-5.78147e-06
-6.00393e-06
-6.01986e-06
-5.94917e-06
-5.78793e-06
-5.4587e-06
-5.09957e-06
-4.59371e-06
-4.1025e-06
-3.52364e-06
-2.98889e-06
-2.48687e-06
-2.03023e-06
-1.65082e-06
-1.31176e-06
-1.03479e-06
-8.16992e-07
-6.13203e-07
-4.64071e-07
-3.26856e-07
-2.24697e-07
-1.31809e-07
-7.04613e-08
-2.63525e-08
-6.6073e-09
-1.77726e-09
-5.8082e-10
-2.45044e-10
-1.21297e-10
-6.41817e-11
-3.38417e-11
-1.74387e-11
-8.73094e-12
-4.24076e-12
-1.99991e-12
-9.17667e-13
-4.1075e-13
-1.8004e-13
-7.75603e-14
-3.3049e-14
-1.40572e-14
-5.58644e-15
-6.07473e-16
1.66957e-15
2.5387e-15
3.10119e-15
3.6094e-15
3.9818e-15
4.12675e-15
3.99211e-15
3.57776e-15
2.71177e-15
1.87185e-15
1.14987e-15
6.57419e-16
3.7613e-16
2.27439e-16
1.43676e-16
8.85069e-17
4.80392e-17
1.94877e-17
2.53299e-18
-1.86985e-18
1.29366e-18
2.14068e-18
1.37984e-18
6.47341e-19
2.19493e-19
3.04445e-20
-2.05308e-20
-1.13305e-20
-3.64724e-21
-4.11926e-21
-2.47474e-21
3.56202e-22
-6.08269e-21
-1.3282e-20
8.59213e-21
3.65679e-20
4.21015e-19
1.02901e-18
2.34553e-18
3.625e-18
5.71731e-18
7.87943e-18
1.34102e-17
2.32639e-17
2.12033e-17
1.75983e-17
9.6472e-18
2.76353e-18
3.71437e-20
-3.9348e-19
-2.38511e-19
-9.13695e-20
-1.57449e-20
3.36558e-21
3.07768e-21
1.14298e-21
3.28032e-22
7.91645e-23
1.30877e-23
-3.13284e-25
-1.26311e-24
-5.66131e-25
-1.55116e-25
-2.28458e-26
6.01336e-27
1.69467e-26
-1.48001e-26
-6.38117e-26
-1.50538e-25
-2.0918e-25
-1.93821e-25
-1.3154e-25
-6.87855e-26
-2.82037e-26
-8.95471e-27
-2.08749e-27
-3.17323e-28
-1.39227e-29
6.00653e-30
9.32859e-31
-1.46656e-31
-7.03798e-32
-2.1532e-32
-2.02394e-32
-2.83561e-32
-3.41582e-32
-1.77641e-32
)
;

boundaryField
{
    inlet
    {
        type            uniformFixedValue;
        uniformValue    table;
        uniformValueCoeffs
        {
            values          
4
(
(0 1)
(0.15 1)
(0.151 0)
(1 0)
)
;
        }
        value           uniform 0;
    }
    outlet
    {
        type            inletOutlet;
        inletValue      uniform 0;
        value           nonuniform List<scalar> 
20
(
1.55278e-32
4.00352e-30
-2.17353e-28
-9.10339e-27
1.17631e-25
4.43464e-24
9.88261e-24
-3.46367e-22
-2.50682e-21
-7.18418e-21
-1.0512e-20
-6.23285e-21
-6.00741e-22
6.68929e-23
6.88112e-25
-2.98468e-27
8.72121e-28
4.39271e-29
-1.85569e-30
-1.77641e-32
)
;
    }
    walls
    {
        type            zeroGradient;
    }
    frontAndBack
    {
        type            empty;
    }
}


// ************************************************************************* //
