/*--------------------------------*- C++ -*----------------------------------*\
| =========                 |                                                 |
| \\      /  F ield         | OpenFOAM: The Open Source CFD Toolbox           |
|  \\    /   O peration     | Version:  2506                                  |
|   \\  /    A nd           | Website:  www.openfoam.com                      |
|    \\/     M anipulation  |                                                 |
\*---------------------------------------------------------------------------*/
FoamFile
{
    version     2.0;
    format      ascii;
    arch        "LSB;label=32;scalar=64";
    class       volScalarField;
    location    "1.19337";
    object      s;
}
// * * * * * * * * * * * * * * * * * * * * * * * * * * * * * * * * * * * * * //

dimensions      [0 0 0 0 0 0 0];

internalField   nonuniform List<scalar> 
4000
(
2.22561e-17
-1.63578e-16
6.34691e-15
6.057e-12
2.80221e-09
2.92658e-07
1.27141e-05
0.000223899
0.00207739
0.0139729
0.077421
0.221419
0.325506
0.323287
0.284958
0.183901
0.0701978
0.00975717
0.00428229
0.00335028
0.00234005
0.00151604
0.000938559
0.000566236
0.000337148
0.000199447
0.000115816
6.39679e-05
3.28859e-05
1.62776e-05
8.51997e-06
4.63447e-06
2.49217e-06
1.27754e-06
6.13638e-07
2.52076e-07
-8.03345e-07
-1.69648e-06
-3.17476e-06
-6.35193e-06
-1.5804e-05
-2.3393e-05
-2.56264e-05
-2.57478e-05
-2.52281e-05
-2.46046e-05
-2.39169e-05
-2.28429e-05
-2.13983e-05
-1.96646e-05
-1.76084e-05
-1.53033e-05
-1.27418e-05
-1.00238e-05
-7.47213e-06
-5.24049e-06
-3.423e-06
-2.04807e-06
-1.09768e-06
-5.39053e-07
-2.39876e-07
-1.00629e-07
-4.08142e-08
-1.55336e-08
-6.70356e-09
-2.93721e-09
-1.44557e-09
-7.70224e-10
-4.1322e-10
-2.10674e-10
-9.97825e-11
-4.36565e-11
-1.73997e-11
-6.36631e-12
-2.13459e-12
-6.54834e-13
-1.84929e-13
-4.78045e-14
-1.13891e-14
-2.40085e-15
-5.50622e-16
-1.25575e-16
-2.59082e-17
-4.23746e-18
-1.33197e-18
-3.87593e-20
2.18143e-19
2.44276e-19
8.66555e-20
3.10276e-19
1.01291e-18
8.81284e-19
2.22413e-19
6.08651e-20
7.6324e-21
2.13241e-21
-8.97088e-22
-1.89416e-20
-3.58869e-20
-3.121e-20
-1.99899e-21
8.77186e-20
2.5073e-19
3.72083e-19
5.79466e-19
7.54091e-19
1.17753e-18
1.63033e-18
2.84423e-18
4.67442e-18
7.06933e-18
9.76784e-18
1.26921e-17
1.37348e-17
1.52277e-17
1.4273e-17
1.26288e-17
1.07693e-17
8.25076e-18
5.95126e-18
4.03373e-18
2.402e-18
1.28021e-18
7.44146e-19
4.19237e-19
2.12182e-19
7.90021e-20
-7.79397e-21
-5.39042e-20
-7.36731e-20
-6.94426e-20
-6.06112e-20
-5.99697e-20
-4.49058e-20
-3.28861e-20
-2.83498e-20
-1.51377e-20
-1.16241e-20
-7.22726e-21
-4.46876e-21
-2.20407e-21
-5.5398e-22
-3.92334e-23
4.90446e-23
6.35065e-23
2.95853e-23
3.60654e-24
-8.86903e-24
-9.44477e-24
-5.24353e-24
-1.38635e-24
2.27916e-25
4.15943e-25
2.22509e-25
5.20658e-26
-2.37447e-27
-6.86328e-27
-2.82111e-27
-5.23318e-28
-4.73886e-29
1.86084e-28
2.82627e-27
4.55288e-27
5.3988e-27
6.35663e-27
6.24846e-27
5.30639e-27
3.0454e-27
1.45598e-27
6.38358e-28
2.46298e-28
8.12176e-29
2.31372e-29
6.03192e-30
1.61594e-30
5.07309e-31
1.86823e-31
6.70869e-32
1.42197e-32
-8.02296e-33
-1.41142e-32
-1.24239e-32
-8.24326e-33
-4.4159e-33
-1.9187e-33
-6.52592e-34
-1.52788e-34
-1.4255e-35
2.30909e-36
3.994e-37
-7.40868e-38
-3.73641e-38
-6.62321e-39
-1.90355e-41
4.16792e-40
1.14027e-40
-6.02171e-41
-1.00752e-40
-8.13734e-41
-3.17324e-41
6.87508e-17
-2.92593e-16
8.16763e-16
6.226e-13
1.9561e-10
1.4602e-08
5.57209e-07
1.00826e-05
8.72622e-05
0.000539695
0.0023541
0.00643793
0.01285
0.0202687
0.0284914
0.0365998
0.0475673
0.0612058
0.0781486
0.103805
0.146181
0.209334
0.285878
0.346253
0.350821
0.337545
0.300849
0.223528
0.128622
0.053485
0.0259387
0.016209
0.010128
0.00592451
0.00332672
0.00186811
0.0010193
0.000542934
0.000309781
0.000198366
0.00017875
0.000194252
0.000206192
0.000377832
0.000615167
0.000921329
0.00137703
0.00175709
0.00221106
0.00255593
0.00262471
0.00250093
0.00192794
0.00129236
0.000802844
0.000477238
0.000274038
0.000152918
8.3505e-05
4.34288e-05
2.06429e-05
7.51167e-06
8.11502e-08
-3.62244e-06
-4.95157e-06
-4.90991e-06
-4.11239e-06
-3.01401e-06
-1.96033e-06
-1.13918e-06
-5.93478e-07
-2.7925e-07
-1.18529e-07
-4.57244e-08
-1.60958e-08
-5.17388e-09
-1.53147e-09
-4.17521e-10
-1.086e-10
-2.39132e-11
-5.68736e-12
-1.47482e-12
-3.56931e-13
-7.26141e-14
-1.16252e-14
-1.29457e-15
-6.73769e-17
1.83566e-17
7.56093e-18
1.67361e-18
-7.31729e-19
-1.10656e-18
2.35165e-19
2.44582e-20
-2.24488e-19
9.4385e-19
2.18089e-18
3.33154e-18
-2.78084e-18
-1.89265e-18
1.85e-18
8.89199e-18
1.8225e-17
1.73083e-17
1.94533e-17
1.96028e-17
1.63959e-17
5.87415e-18
-8.95938e-18
-2.76658e-17
-5.4145e-17
-7.8578e-17
-9.06138e-17
-8.02359e-17
-7.15264e-17
-5.39061e-17
-4.04414e-17
-3.40747e-17
-6.99537e-18
9.53123e-18
1.60211e-17
2.07409e-17
2.40044e-17
2.65816e-17
2.62964e-17
2.46152e-17
2.24551e-17
1.90002e-17
1.21123e-17
7.65912e-18
4.7932e-18
3.10009e-18
2.18793e-18
1.42376e-18
8.67418e-19
4.62639e-19
7.51928e-20
-1.80699e-19
-3.41868e-19
-4.03679e-19
-3.76708e-19
-2.79613e-19
-1.63324e-19
-7.98033e-20
-3.17799e-20
-9.05399e-21
-1.08343e-22
2.04748e-21
1.70433e-21
8.73277e-22
2.68712e-22
-2.3142e-24
-5.93399e-23
-3.9639e-23
-1.34127e-23
-1.2164e-24
1.29406e-24
7.87806e-25
2.08191e-25
1.92126e-26
3.80033e-26
2.88922e-26
-3.46676e-26
-8.62843e-26
-1.57894e-25
-2.23625e-25
-2.89511e-25
-2.38718e-25
-1.35459e-25
-5.97842e-26
-2.16194e-26
-6.58192e-27
-1.72893e-27
-4.09931e-28
-9.67348e-29
-2.6427e-29
-9.19437e-30
-3.989e-30
-2.08841e-30
-1.27811e-30
-8.52184e-31
-5.72677e-31
-3.6742e-31
-2.17514e-31
-1.15653e-31
-5.34957e-32
-2.038e-32
-5.56573e-33
-4.76162e-34
3.95618e-34
2.34755e-34
7.32685e-35
1.31948e-35
-3.16169e-37
-1.31585e-36
-5.76879e-37
-1.26892e-37
2.04226e-38
4.13756e-38
2.01096e-38
4.10731e-17
-9.6728e-17
2.52429e-17
8.31229e-14
1.66929e-11
1.01993e-09
5.90151e-09
3.87929e-08
1.90271e-07
6.37257e-07
1.59267e-06
3.69684e-06
1.04798e-05
3.60343e-05
0.000125308
0.000426921
0.00151506
0.00343488
0.00634689
0.0109515
0.0184689
0.0303551
0.0474247
0.0683413
0.0937614
0.128399
0.170399
0.2168
0.267037
0.321201
0.356841
0.354529
0.337732
0.301189
0.23163
0.143758
0.0779982
0.0579321
0.0566282
0.0600263
0.0711077
0.0846222
0.0967218
0.108129
0.118484
0.128353
0.138887
0.147772
0.156246
0.16341
0.167808
0.169881
0.166956
0.16066
0.148887
0.133312
0.113748
0.090708
0.0692521
0.0501825
0.0352987
0.0240281
0.0158804
0.0102346
0.00639484
0.00388576
0.00226172
0.00126836
0.000684
0.000356279
0.000179424
8.68119e-05
4.02783e-05
1.77833e-05
7.41567e-06
2.89308e-06
1.03701e-06
3.30464e-07
8.71622e-08
1.5079e-08
-1.055e-09
-2.28941e-09
-1.16807e-09
-3.8699e-10
-9.34808e-11
-1.76203e-11
-3.2073e-12
-9.21495e-13
-2.58347e-13
-7.06387e-14
-1.85105e-14
-4.58475e-15
-1.0591e-15
-2.18069e-16
-3.53565e-17
3.76939e-18
7.09738e-18
2.46324e-17
3.48191e-17
2.68062e-17
1.22761e-17
-1.47198e-17
-5.64298e-17
-9.34064e-17
-1.05112e-16
-7.93742e-17
-2.49272e-17
9.48135e-18
-1.61381e-16
-6.67793e-16
-1.47978e-15
-2.41601e-15
-3.10834e-15
-3.60653e-15
-3.882e-15
-3.79526e-15
-3.4881e-15
-3.13921e-15
-2.69408e-15
-2.15721e-15
-1.62954e-15
-1.09914e-15
-6.31826e-16
-2.49887e-16
-1.0066e-16
-4.40653e-17
-1.47839e-17
3.75159e-18
1.88707e-17
2.7187e-17
3.10813e-17
3.21754e-17
3.22858e-17
3.195e-17
3.02889e-17
2.21113e-17
1.35724e-17
7.74797e-18
4.1e-18
2.05e-18
9.09698e-19
2.18145e-19
-1.40324e-19
-2.75761e-19
-2.95983e-19
-2.47502e-19
-1.8039e-19
-1.11855e-19
-5.75785e-20
-2.24528e-20
-4.47112e-21
2.08154e-21
2.75237e-21
1.6238e-21
5.71458e-22
6.28226e-23
-6.28153e-23
-4.64991e-23
-1.57188e-23
-2.15167e-24
2.83616e-25
-1.41262e-24
-2.0219e-24
-2.27174e-24
-2.64464e-24
-2.76935e-24
-2.61186e-24
-1.92277e-24
-1.1506e-24
-5.97421e-25
-2.77586e-25
-1.17401e-25
-4.59279e-26
-1.70272e-26
-6.19678e-27
-2.29957e-27
-8.86917e-28
-3.48407e-28
-1.30529e-28
-4.0424e-29
-5.1785e-30
6.05122e-30
7.44454e-30
5.60634e-30
3.37553e-30
1.71277e-30
7.31217e-31
2.50289e-31
5.72131e-32
-7.02921e-34
-9.33989e-33
-6.23908e-33
-2.80324e-33
-9.41101e-34
-2.07492e-34
2.10101e-36
3.16032e-35
2.02919e-35
8.8791e-36
2.24286e-36
8.41513e-18
2.0585e-17
-1.91109e-16
1.13516e-14
1.6537e-12
3.97462e-11
4.46298e-10
3.77761e-09
1.90253e-08
6.28745e-08
1.68235e-07
3.19867e-07
8.00459e-07
1.50799e-06
2.4447e-06
3.79072e-06
6.48117e-06
1.35021e-05
3.12049e-05
7.41352e-05
0.000175668
0.000410004
0.00093399
0.00207632
0.00469596
0.0103744
0.0205261
0.0367545
0.0611714
0.100243
0.152083
0.209924
0.275749
0.351653
0.384167
0.38644
0.381142
0.373406
0.365809
0.357686
0.358532
0.367991
0.381119
0.395916
0.410716
0.425097
0.439312
0.45208
0.463995
0.474536
0.483071
0.489653
0.492808
0.492984
0.487715
0.475558
0.4548
0.422872
0.382755
0.3319
0.276903
0.220391
0.166551
0.119135
0.0784136
0.0478051
0.0287404
0.0174762
0.0106412
0.00644225
0.00381233
0.00216377
0.00118107
0.000622785
0.00031868
0.000157934
7.49807e-05
3.37579e-05
1.43408e-05
5.72712e-06
2.13508e-06
7.34181e-07
2.27601e-07
6.03176e-08
1.19708e-08
5.99919e-10
-1.05163e-09
-6.94123e-10
-2.97761e-10
-1.09475e-10
-3.62421e-11
-1.10273e-11
-3.12104e-12
-8.29428e-13
-2.08471e-13
-4.96689e-14
-1.10981e-14
-1.86697e-15
3.61088e-15
6.10228e-15
4.71495e-15
3.21145e-15
1.83887e-15
1.86786e-15
7.94524e-15
1.73492e-14
2.98909e-14
4.17109e-14
4.72286e-14
4.23854e-14
2.83197e-14
1.09763e-14
7.53519e-15
7.66442e-15
8.39099e-15
3.57346e-15
-3.17551e-15
-8.77662e-15
-1.29618e-14
-1.56276e-14
-1.73597e-14
-1.71799e-14
-1.60413e-14
-1.37976e-14
-1.04086e-14
-7.48453e-15
-5.02978e-15
-3.19656e-15
-2.0036e-15
-1.25552e-15
-7.84781e-16
-4.94281e-16
-3.17858e-16
-2.04581e-16
-1.33238e-16
-7.40573e-17
-3.6524e-17
-8.72385e-18
1.42338e-17
2.93011e-17
3.53027e-17
3.40554e-17
2.80812e-17
2.0425e-17
1.32223e-17
7.65959e-18
3.8215e-18
1.5538e-18
4.08342e-19
-5.08974e-20
-1.55219e-19
-1.23931e-19
-6.69496e-20
-2.55349e-20
-5.20645e-21
1.41853e-21
1.97439e-21
1.0417e-21
3.19075e-22
3.19672e-23
-1.97932e-23
-7.15633e-24
1.17856e-25
1.66168e-24
3.7902e-24
6.69093e-24
9.96029e-24
9.8506e-24
6.95258e-24
3.85599e-24
1.76238e-24
6.75721e-25
2.15072e-25
5.26554e-26
6.08486e-27
-3.34944e-27
-3.39221e-27
-2.0337e-27
-9.96921e-28
-4.0787e-28
-1.17873e-28
5.4954e-30
4.505e-29
4.71962e-29
3.61489e-29
2.3345e-29
1.31918e-29
6.55187e-30
2.80455e-30
9.76955e-31
2.41678e-31
4.37523e-33
-4.47095e-32
-3.80032e-32
-2.26068e-32
-1.11658e-32
-4.75835e-33
-1.73541e-33
-5.16444e-34
-2.72042e-35
-1.09053e-17
8.88303e-17
-3.53513e-16
1.19529e-15
1.03699e-13
4.29608e-12
4.18836e-11
3.56416e-10
1.46007e-09
6.81924e-09
2.30976e-08
4.10874e-08
7.25024e-08
1.09407e-07
1.54836e-07
2.27095e-07
3.64286e-07
6.64064e-07
1.34551e-06
2.89465e-06
6.39144e-06
1.42589e-05
3.19435e-05
7.14779e-05
0.000158198
0.000347131
0.000751165
0.0016092
0.00353285
0.00868814
0.0200387
0.0399337
0.0732722
0.138817
0.215605
0.281653
0.341695
0.384372
0.420714
0.45008
0.466848
0.474996
0.48085
0.486662
0.493657
0.501857
0.510606
0.520539
0.530622
0.541067
0.551599
0.561858
0.572328
0.583142
0.592895
0.599314
0.600191
0.597264
0.589473
0.57348
0.546755
0.504056
0.446358
0.38111
0.311109
0.241944
0.178291
0.125027
0.0829258
0.050756
0.0294735
0.0172449
0.0102431
0.0060794
0.00351138
0.00192385
0.000994104
0.000489714
0.000232034
0.000104849
4.43475e-05
1.72877e-05
6.13265e-06
1.92759e-06
4.98285e-07
7.84099e-08
-1.9228e-08
-2.4876e-08
-1.43834e-08
-6.28486e-09
-2.41001e-09
-8.46502e-10
-2.7728e-10
-8.57943e-11
-2.53421e-11
-7.21684e-12
-1.98146e-12
-5.01422e-13
-6.30794e-14
3.34527e-13
7.73266e-13
5.81659e-13
5.61704e-13
7.587e-13
1.31384e-12
1.94097e-12
2.62585e-12
3.25687e-12
3.7519e-12
4.04129e-12
4.12347e-12
4.03052e-12
4.3169e-12
4.57888e-12
4.51759e-12
3.80244e-12
2.92841e-12
2.10516e-12
1.34192e-12
7.2071e-13
2.92563e-13
7.57206e-14
-2.07576e-14
-5.38465e-14
-5.98437e-14
-5.58935e-14
-4.85744e-14
-3.89956e-14
-2.91945e-14
-2.12888e-14
-1.50623e-14
-1.03795e-14
-7.02755e-15
-4.62895e-15
-2.98052e-15
-1.85589e-15
-1.05152e-15
-5.01423e-16
-1.74439e-16
7.20397e-18
8.56722e-17
1.07867e-16
1.15066e-16
1.02346e-16
8.06643e-17
5.80204e-17
3.82849e-17
2.31025e-17
1.25527e-17
5.95274e-18
2.32492e-18
5.99885e-19
-4.48246e-20
-1.8761e-19
-1.50407e-19
-8.28724e-20
-3.4618e-20
-1.03229e-20
-1.44618e-21
5.89281e-22
5.30792e-22
2.56141e-22
1.47593e-22
1.24812e-22
1.34874e-22
1.45259e-22
1.46537e-22
1.21657e-22
8.32271e-23
4.89819e-23
2.5577e-23
1.21113e-23
5.28973e-24
2.16318e-24
8.40205e-25
3.13915e-25
1.13564e-25
3.93972e-26
1.24801e-26
3.02215e-27
-7.98905e-30
-7.20828e-28
-6.73894e-28
-4.52054e-28
-2.53589e-28
-1.23305e-28
-5.19621e-29
-1.84213e-29
-4.99129e-30
-6.35591e-31
3.40137e-31
3.55142e-31
2.10581e-31
9.87715e-32
3.747e-32
9.77722e-33
-3.555e-34
-2.75809e-33
-2.48767e-33
-1.30763e-33
-9.08319e-18
3.14774e-17
-4.40567e-17
-6.73077e-17
8.27239e-15
5.89608e-13
4.44977e-12
3.24629e-11
1.33272e-10
4.48358e-10
9.67953e-10
1.27528e-09
1.46768e-09
1.53607e-09
1.34983e-09
4.41429e-10
-6.91815e-10
1.96308e-09
1.86761e-08
7.41086e-08
2.27358e-07
6.19986e-07
1.59102e-06
3.94227e-06
9.5044e-06
2.24099e-05
5.20289e-05
0.000119941
0.000275644
0.000624743
0.00136371
0.00292221
0.00699934
0.0206154
0.0473792
0.0836279
0.125212
0.167115
0.20411
0.233176
0.249989
0.259996
0.268183
0.276641
0.28715
0.29998
0.314493
0.33183
0.350887
0.371807
0.394806
0.419339
0.446024
0.473771
0.502654
0.532059
0.561181
0.584418
0.596783
0.609956
0.619907
0.61722
0.604757
0.580226
0.538166
0.478787
0.409687
0.338227
0.268983
0.204746
0.148464
0.102215
0.0668703
0.0405494
0.0226868
0.0126879
0.00717693
0.00402697
0.00215186
0.00106186
0.000486264
0.000210753
8.61833e-05
3.22741e-05
1.06072e-05
2.8135e-06
4.04863e-07
-1.6541e-07
-1.97154e-07
-1.17518e-07
-5.32893e-08
-2.24356e-08
-8.62082e-09
-3.18305e-09
-1.14529e-09
-4.02015e-10
-1.37596e-10
-4.48763e-11
-1.25591e-11
5.76161e-13
9.36834e-12
2.643e-11
4.88519e-11
7.24532e-11
9.52357e-11
1.15608e-10
1.35071e-10
1.55237e-10
1.76012e-10
1.94003e-10
2.05033e-10
2.05503e-10
1.93463e-10
1.6923e-10
1.3946e-10
1.07423e-10
7.88709e-11
5.5564e-11
3.68575e-11
2.22758e-11
1.18028e-11
4.56615e-12
1.48561e-12
4.58088e-13
9.32615e-14
-4.26114e-14
-8.55799e-14
-8.98257e-14
-7.88011e-14
-6.28107e-14
-4.67336e-14
-3.31306e-14
-2.2617e-14
-1.48862e-14
-9.44205e-15
-5.48547e-15
-2.33568e-15
-4.10058e-16
1.08881e-17
-1.26184e-16
-2.43699e-16
-2.50306e-16
-2.26006e-16
-1.71384e-16
-1.02254e-16
-4.29224e-17
-5.01236e-19
2.13016e-17
2.63707e-17
2.22297e-17
1.51584e-17
8.77525e-18
4.33907e-18
1.77458e-18
5.40115e-19
6.11983e-20
-6.34667e-20
-6.11537e-20
-3.36653e-20
-1.33103e-20
-3.80563e-21
-4.5676e-22
1.97732e-22
2.91557e-22
3.4634e-22
3.77584e-22
3.56181e-22
2.82231e-22
1.93845e-22
1.19929e-22
6.8458e-23
3.66285e-23
1.85682e-23
8.99986e-24
4.2065e-24
1.90928e-24
8.43807e-25
3.61e-25
1.46479e-25
5.36786e-26
1.55023e-26
1.33404e-27
-2.78346e-27
-3.11822e-27
-2.34724e-27
-1.49181e-27
-8.51478e-28
-4.47174e-28
-2.18205e-28
-9.9061e-29
-4.1956e-29
-1.63327e-29
-5.52118e-30
-1.32381e-30
8.00111e-32
4.00201e-31
3.61732e-31
2.45572e-31
1.46863e-31
6.21359e-32
-1.57e-18
-3.21119e-18
5.93438e-17
-3.93431e-16
1.95975e-15
9.08082e-14
5.31688e-13
3.47436e-12
1.10397e-11
2.4004e-11
3.90967e-11
2.77433e-11
-2.3893e-11
-7.89692e-11
-2.71567e-10
-7.73704e-10
-1.49434e-09
-3.07495e-09
-3.75544e-09
-1.4711e-09
8.1777e-09
3.64949e-08
1.12047e-07
3.08191e-07
8.04425e-07
2.0393e-06
5.08399e-06
1.25607e-05
3.0767e-05
7.40514e-05
0.000172077
0.00039741
0.000947088
0.00218951
0.00499857
0.0114365
0.021498
0.0338909
0.0469654
0.0593307
0.0687546
0.0765517
0.0843477
0.0932112
0.10417
0.117596
0.133417
0.152255
0.173895
0.198668
0.226413
0.256727
0.289878
0.325185
0.362679
0.401415
0.441476
0.482326
0.520569
0.556087
0.585425
0.606714
0.621765
0.627138
0.622297
0.606311
0.575007
0.525638
0.464766
0.398231
0.330437
0.26453
0.204268
0.151062
0.105977
0.0703909
0.0439489
0.024825
0.0128781
0.00670842
0.00351518
0.00177122
0.000812798
0.000338614
0.000131329
4.69366e-05
1.43825e-05
3.03679e-06
-2.55068e-07
-8.52517e-07
-6.63947e-07
-3.22986e-07
-1.43655e-07
-6.81585e-08
-3.04729e-08
-1.32606e-08
-5.77811e-09
-2.47363e-09
-9.97511e-10
-3.14485e-10
6.067e-12
1.90454e-10
3.25387e-10
4.77552e-10
6.67101e-10
8.41492e-10
9.77858e-10
1.06014e-09
1.08849e-09
1.06266e-09
9.91991e-10
8.7569e-10
7.30226e-10
5.78317e-10
4.41558e-10
3.27882e-10
2.32036e-10
1.5912e-10
1.06523e-10
6.99651e-11
4.42968e-11
2.36501e-11
1.21027e-11
7.71922e-12
5.08393e-12
3.3497e-12
2.19396e-12
1.42548e-12
9.34513e-13
6.57114e-13
4.78161e-13
3.50205e-13
2.55896e-13
1.82549e-13
1.27711e-13
8.66434e-14
5.03387e-14
1.94909e-14
1.93958e-15
-2.61158e-15
-3.84745e-15
-4.17849e-15
-3.8839e-15
-3.20689e-15
-2.4499e-15
-1.7662e-15
-1.18805e-15
-7.40561e-16
-4.08458e-16
-1.6893e-16
-5.43466e-17
-8.74508e-18
4.75567e-18
6.07778e-18
4.1162e-18
2.11971e-18
8.71785e-19
2.69896e-19
4.66174e-20
-1.20532e-20
-1.50108e-20
-8.39405e-21
-4.29751e-21
-2.64109e-21
-2.04025e-21
-1.69066e-21
-1.43445e-21
-1.10585e-21
-7.45052e-22
-4.42411e-22
-2.345e-22
-1.117e-22
-4.77764e-23
-1.80531e-23
-5.6884e-24
-1.16673e-24
1.8941e-25
4.26823e-25
3.4614e-25
2.20699e-25
1.23893e-25
6.30958e-26
2.90782e-26
1.17055e-26
3.65253e-27
3.88101e-28
-6.38596e-28
-7.51353e-28
-5.75119e-28
-3.67182e-28
-2.10092e-28
-1.10388e-28
-5.35676e-29
-2.37744e-29
-9.33834e-30
-2.93853e-30
-4.26246e-31
3.62815e-31
4.87286e-31
3.4678e-31
6.58005e-19
-1.32748e-17
7.80658e-17
-2.7052e-16
4.88679e-16
1.18387e-14
6.93984e-14
3.91062e-13
7.16674e-13
3.76843e-13
-1.81701e-12
-1.0021e-11
-2.06258e-11
-3.17521e-11
-4.35163e-11
-3.28293e-11
7.10603e-12
-2.20742e-11
-5.95231e-11
-9.62835e-11
7.77767e-10
4.22658e-09
1.41728e-08
4.13373e-08
1.13188e-07
3.01243e-07
7.87133e-07
2.03518e-06
5.20415e-06
1.31216e-05
3.21836e-05
7.79799e-05
0.00019046
0.000447088
0.00102773
0.00223214
0.00432197
0.00739667
0.0113389
0.0159513
0.0207753
0.0262064
0.032742
0.0408194
0.0508824
0.0632023
0.0779036
0.0953202
0.115476
0.13912
0.165929
0.195602
0.228125
0.263136
0.30048
0.339636
0.379909
0.420841
0.461385
0.500965
0.537821
0.57072
0.598055
0.617207
0.629203
0.631681
0.627031
0.612017
0.583163
0.539021
0.485272
0.424998
0.361904
0.298863
0.238531
0.183446
0.135331
0.0947918
0.0624288
0.0384151
0.0214678
0.0104379
0.00498829
0.00242714
0.00114008
0.00048339
0.000184722
6.49209e-05
1.98325e-05
3.88853e-06
-1.01934e-06
-2.02373e-06
-1.67365e-06
-9.72947e-07
-4.41058e-07
-2.51257e-07
-1.49616e-07
-8.62449e-08
-4.887e-08
-2.86032e-08
-1.74581e-08
-1.04777e-08
-5.968e-09
-3.05447e-09
-1.27323e-09
-1.16577e-10
7.04209e-10
1.32057e-09
1.63377e-09
1.60632e-09
1.32418e-09
9.23912e-10
5.28513e-10
2.27999e-10
4.46772e-11
-2.73952e-11
-3.17882e-10
-4.44959e-10
-3.85865e-10
-2.38577e-10
-9.5006e-11
2.61928e-11
1.14429e-10
1.3304e-10
1.2486e-10
1.04088e-10
8.00796e-11
5.79884e-11
3.97967e-11
2.56152e-11
1.56168e-11
9.08843e-12
5.0444e-12
2.62684e-12
1.24325e-12
4.88949e-13
1.03877e-13
-6.98171e-14
-1.27257e-13
-1.28313e-13
-1.12943e-13
-8.89526e-14
-6.44399e-14
-4.35189e-14
-2.75332e-14
-1.64402e-14
-9.21486e-15
-4.85511e-15
-2.39515e-15
-1.07796e-15
-4.28577e-16
-1.36643e-16
-2.27264e-17
1.20686e-17
1.64824e-17
1.20536e-17
6.97064e-18
3.43472e-18
1.4951e-18
5.68758e-19
1.9736e-19
5.78089e-20
8.29306e-21
-8.60933e-21
-1.36538e-20
-1.38193e-20
-1.20444e-20
-9.23426e-21
-6.30462e-21
-3.90071e-21
-2.21996e-21
-1.17472e-21
-5.82408e-22
-2.71718e-22
-1.19293e-22
-4.89201e-23
-1.83136e-23
-5.86406e-24
-1.24042e-24
2.2094e-25
5.13846e-25
4.40403e-25
2.968e-25
1.75825e-25
9.47327e-26
4.6893e-26
2.12759e-26
8.71961e-27
3.10665e-27
8.56393e-28
8.42865e-29
-1.10771e-28
-1.17176e-28
-8.06063e-29
-4.66195e-29
-2.41933e-29
-1.15008e-29
-4.99545e-30
-1.95062e-30
-3.54274e-31
1.21025e-18
-1.26041e-17
4.485e-17
-5.63643e-17
-2.03273e-16
1.46665e-15
9.68011e-15
3.43088e-14
-1.41745e-14
-3.56785e-13
-1.01846e-12
-1.4566e-12
-9.868e-13
-8.09233e-14
1.38738e-12
9.00007e-12
2.81232e-11
6.0139e-11
1.38044e-10
3.26034e-10
7.43461e-10
1.86642e-09
4.93804e-09
1.34323e-08
3.62055e-08
9.78002e-08
2.57931e-07
6.75303e-07
1.75228e-06
4.42846e-06
1.11528e-05
2.72088e-05
6.52149e-05
0.000152458
0.000344802
0.000737782
0.00146481
0.00266381
0.00444475
0.0068913
0.00999905
0.0141886
0.0197896
0.0269918
0.0360951
0.0473667
0.061002
0.0772759
0.0963075
0.118241
0.143208
0.171222
0.202336
0.236331
0.272997
0.311843
0.352214
0.39327
0.433992
0.473604
0.511069
0.545515
0.575851
0.600958
0.619724
0.63163
0.635258
0.632634
0.62308
0.603086
0.571093
0.529376
0.480005
0.424984
0.366662
0.307657
0.250347
0.196822
0.148818
0.107667
0.0738548
0.0474029
0.028224
0.0151174
0.00693848
0.00314587
0.00147444
0.000671295
0.000278314
0.000105192
3.61827e-05
9.75632e-06
-1.89451e-08
-3.29859e-06
-3.90518e-06
-3.41538e-06
-2.28521e-06
-1.50188e-06
-1.25202e-06
-1.15362e-06
-9.85253e-07
-7.88392e-07
-6.43017e-07
-5.49115e-07
-4.84119e-07
-4.22157e-07
-3.61351e-07
-3.05378e-07
-2.61389e-07
-2.27281e-07
-1.97204e-07
-1.67855e-07
-1.38043e-07
-1.08256e-07
-8.07645e-08
-5.69548e-08
-3.65942e-08
-2.14262e-08
-1.11832e-08
-4.89508e-09
-1.43003e-09
2.19594e-10
8.22545e-10
8.99326e-10
7.60222e-10
5.67064e-10
3.90808e-10
2.54155e-10
1.57671e-10
9.37597e-11
5.33944e-11
2.89577e-11
1.47608e-11
6.83308e-12
2.62878e-12
5.54371e-13
-3.51257e-13
-6.51268e-13
-6.63017e-13
-5.58237e-13
-4.24399e-13
-3.00448e-13
-2.01149e-13
-1.28239e-13
-7.80221e-14
-4.54094e-14
-2.51724e-14
-1.32377e-14
-6.55448e-15
-3.00669e-15
-1.24271e-15
-4.2951e-16
-9.38769e-17
2.11185e-17
4.51003e-17
3.79723e-17
2.47753e-17
1.39109e-17
7.05268e-18
3.24021e-18
1.4054e-18
5.59372e-19
1.89544e-19
3.70084e-20
-1.9943e-20
-3.62837e-20
-3.5875e-20
-2.88165e-20
-2.03354e-20
-1.30152e-20
-7.69898e-21
-4.25908e-21
-2.21994e-21
-1.09451e-21
-5.10426e-22
-2.23825e-22
-9.07539e-23
-3.26172e-23
-9.12512e-24
-7.26893e-25
1.58302e-24
1.7229e-24
1.27437e-24
8.01231e-25
4.54624e-25
2.38126e-25
1.16151e-25
5.28264e-26
2.22817e-26
8.58385e-27
2.91421e-27
7.81127e-28
8.12392e-29
-9.20765e-29
-9.97571e-29
-7.04903e-29
-4.27646e-29
-2.39548e-29
-1.29676e-29
-5.38839e-30
-4.17136e-19
-3.18676e-18
1.43039e-17
-2.04055e-17
-3.98279e-17
1.08438e-16
7.51824e-16
-2.1735e-15
-1.33388e-14
-2.19976e-14
-1.61202e-14
2.83074e-15
4.84367e-14
3.13625e-13
1.22577e-12
3.71438e-12
1.04964e-11
2.9913e-11
8.71149e-11
2.54911e-10
7.1716e-10
1.96561e-09
5.30004e-09
1.41511e-08
3.7296e-08
9.73906e-08
2.49934e-07
6.29955e-07
1.57897e-06
3.84018e-06
9.24882e-06
2.17491e-05
4.92629e-05
0.000108451
0.000229871
0.000469933
0.000924755
0.00173171
0.0030378
0.00500844
0.00777538
0.011502
0.0163872
0.0226751
0.0306626
0.0406425
0.0528548
0.0675932
0.0850594
0.105504
0.129173
0.156231
0.186814
0.220809
0.257968
0.297735
0.339332
0.38173
0.423801
0.464432
0.50256
0.537261
0.567786
0.59351
0.61379
0.628129
0.636086
0.637585
0.633646
0.622873
0.604167
0.577379
0.542938
0.501549
0.454355
0.402969
0.349168
0.294915
0.242142
0.192688
0.148019
0.109249
0.077038
0.0514378
0.0321246
0.0186118
0.00967787
0.00434147
0.00198974
0.000962574
0.000469155
0.000216804
9.35151e-05
3.68561e-05
1.11764e-05
-4.97271e-07
-6.01052e-06
-8.37583e-06
-8.90882e-06
-8.63714e-06
-8.04125e-06
-7.43445e-06
-6.87e-06
-6.44906e-06
-5.9568e-06
-5.22877e-06
-4.43117e-06
-3.63947e-06
-2.91329e-06
-2.27422e-06
-1.72215e-06
-1.25789e-06
-8.81187e-07
-5.88585e-07
-3.73481e-07
-2.23499e-07
-1.2488e-07
-6.40183e-08
-2.8936e-08
-1.02972e-08
-1.45179e-09
2.01214e-09
2.84562e-09
2.57391e-09
1.97436e-09
1.37984e-09
9.04299e-10
5.63167e-10
3.35169e-10
1.90708e-10
1.03202e-10
5.24463e-11
2.43362e-11
9.58447e-12
2.393e-12
-7.12604e-13
-1.74699e-12
-1.81553e-12
-1.52057e-12
-1.14145e-12
-7.97877e-13
-5.28305e-13
-3.34438e-13
-2.03402e-13
-1.19061e-13
-6.70451e-14
-3.61902e-14
-1.8614e-14
-9.02903e-15
-4.04607e-15
-1.60018e-15
-4.89345e-16
-4.06482e-17
1.01624e-16
1.18228e-16
9.29076e-17
6.15447e-17
3.63847e-17
1.98741e-17
1.00566e-17
4.86163e-18
2.21e-18
9.21548e-19
3.29031e-19
7.55157e-20
-2.2501e-20
-5.06692e-20
-4.95118e-20
-3.83004e-20
-2.59756e-20
-1.60659e-20
-9.23891e-21
-4.99085e-21
-2.54447e-21
-1.22395e-21
-5.51884e-22
-2.293e-22
-8.42028e-23
-2.41196e-23
-2.20283e-24
3.95032e-24
4.38795e-24
3.25429e-24
2.04355e-24
1.15751e-24
6.06173e-25
2.96598e-25
1.36006e-25
5.8269e-26
2.30667e-26
8.20455e-27
2.42703e-27
4.26346e-28
-1.35523e-28
-2.14742e-28
-1.66941e-28
-1.07012e-28
-6.26609e-29
-3.54219e-29
-1.57301e-29
1.96684e-19
-2.44178e-19
-8.35621e-19
4.40079e-18
-9.2429e-18
-1.39964e-18
9.62064e-17
-8.6567e-17
-1.55768e-15
-2.47959e-15
-4.34818e-16
5.83926e-15
5.33774e-14
2.49125e-13
8.93613e-13
2.83524e-12
8.65511e-12
2.60713e-11
7.73391e-11
2.26201e-10
6.49346e-10
1.82277e-09
5.02015e-09
1.35786e-08
3.61343e-08
9.44843e-08
2.42893e-07
6.12972e-07
1.52318e-06
3.71219e-06
8.85072e-06
2.06306e-05
4.64884e-05
0.000101375
0.000212536
0.000427813
0.000824734
0.00151584
0.00262618
0.00429728
0.00664524
0.00982535
0.0140386
0.0195463
0.0266416
0.0355962
0.0466508
0.0601689
0.0765255
0.0962457
0.119846
0.147697
0.179951
0.216427
0.256587
0.299556
0.344167
0.38904
0.43294
0.474451
0.512618
0.546539
0.575659
0.599586
0.618168
0.631481
0.638588
0.639579
0.636586
0.62765
0.6129
0.59235
0.566059
0.534169
0.49705
0.45538
0.410077
0.362337
0.313519
0.265117
0.218574
0.175247
0.136242
0.102354
0.0740341
0.051337
0.0338849
0.0211286
0.0124261
0.00678782
0.00328869
0.00159485
0.00083061
0.000452256
0.000249754
0.000137236
7.09672e-05
3.13385e-05
8.63818e-06
-3.60082e-06
-9.89123e-06
-1.2996e-05
-1.40777e-05
-1.39454e-05
-1.32324e-05
-1.20238e-05
-1.04864e-05
-8.98256e-06
-7.30864e-06
-5.63768e-06
-4.13278e-06
-2.88136e-06
-1.90868e-06
-1.19855e-06
-7.10926e-07
-3.95331e-07
-2.03157e-07
-9.36048e-08
-3.56997e-08
-8.17859e-09
2.74346e-09
5.74121e-09
5.53964e-09
4.41119e-09
3.12745e-09
2.06366e-09
1.28781e-09
7.65351e-10
4.3337e-10
2.32651e-10
1.16894e-10
5.34178e-11
2.06332e-11
5.09106e-12
-1.31263e-12
-3.25218e-12
-3.29457e-12
-2.71052e-12
-1.99643e-12
-1.36544e-12
-8.82445e-13
-5.45097e-13
-3.23531e-13
-1.85053e-13
-1.0205e-13
-5.40835e-14
-2.74016e-14
-1.30964e-14
-5.74312e-15
-2.16442e-15
-5.39006e-16
1.09602e-16
3.06137e-16
3.09749e-16
2.47698e-16
1.75114e-16
1.13709e-16
6.87789e-17
3.93665e-17
2.12926e-17
1.10758e-17
5.48382e-18
2.56085e-18
1.10232e-18
4.13196e-19
1.07521e-19
-1.17808e-20
-4.61082e-20
-4.5696e-20
-3.44242e-20
-2.25772e-20
-1.34933e-20
-7.49461e-21
-3.90028e-21
-1.90302e-21
-8.64533e-22
-3.58775e-22
-1.29732e-22
-3.52233e-23
-1.46032e-24
7.38228e-24
7.43746e-24
5.28453e-24
3.21083e-24
1.76392e-24
8.95878e-25
4.24351e-25
1.87522e-25
7.66558e-26
2.82852e-26
8.81584e-27
1.79035e-27
-3.09141e-28
-6.76393e-28
-5.51661e-28
-3.58203e-28
-2.08922e-28
-1.14277e-28
-6.08281e-29
-2.44244e-29
1.00664e-18
-2.12444e-18
-5.22264e-18
4.61444e-17
-1.06e-16
-4.94437e-17
2.4007e-15
3.38645e-15
2.63618e-15
-3.43784e-14
-1.14799e-13
-1.88938e-13
-1.96036e-13
-6.21733e-14
4.2402e-13
2.33552e-12
7.84368e-12
2.21515e-11
6.13882e-11
1.7358e-10
4.93564e-10
1.39166e-09
3.87007e-09
1.06178e-08
2.86949e-08
7.63254e-08
1.99103e-07
5.1034e-07
1.28084e-06
3.15592e-06
7.58296e-06
1.77512e-05
4.02063e-05
8.79928e-05
0.000185333
0.000373133
0.000714699
0.0012993
0.00223631
0.00365059
0.00565545
0.00842486
0.0121744
0.0170926
0.0234402
0.0315178
0.0417342
0.054811
0.0717418
0.0935577
0.120929
0.154081
0.192659
0.235926
0.282578
0.331121
0.379844
0.426957
0.471284
0.511298
0.546482
0.576187
0.600315
0.618905
0.631875
0.638889
0.639958
0.637812
0.63311
0.62402
0.608662
0.588721
0.564551
0.536397
0.50452
0.469246
0.431044
0.39054
0.348495
0.305811
0.263463
0.222466
0.183783
0.148265
0.116601
0.0892301
0.0663159
0.0478113
0.0333929
0.0225707
0.0147244
0.00930662
0.00572729
0.0034594
0.0020473
0.00115573
0.000643118
0.000382985
0.00023993
0.000154773
9.83018e-05
5.92291e-05
3.11138e-05
1.11975e-05
-1.56611e-06
-8.59231e-06
-1.09212e-05
-1.08897e-05
-9.84025e-06
-7.78934e-06
-5.63608e-06
-3.78641e-06
-2.38033e-06
-1.40249e-06
-7.71467e-07
-3.91951e-07
-1.79093e-07
-6.836e-08
-1.60161e-08
4.37072e-09
7.9102e-09
7.26568e-09
6.01965e-09
4.39968e-09
2.96331e-09
1.86593e-09
1.10846e-09
6.22473e-10
3.28968e-10
1.61292e-10
7.0893e-11
2.55733e-11
4.83093e-12
-2.96651e-12
-4.26389e-12
-3.76911e-12
-3.03629e-12
-2.16773e-12
-1.43823e-12
-9.00941e-13
-5.36862e-13
-3.05793e-13
-1.66729e-13
-8.70388e-14
-4.32223e-14
-2.00751e-14
-8.27988e-15
-2.71814e-15
-5.88396e-16
2.56031e-16
6.20031e-16
6.57894e-16
5.64048e-16
4.35908e-16
3.15349e-16
2.16746e-16
1.42306e-16
8.92672e-17
5.36054e-17
3.07507e-17
1.69187e-17
8.86557e-18
4.40336e-18
2.04038e-18
8.54673e-19
2.98792e-19
6.38407e-20
-1.91644e-20
-3.74278e-20
-3.26065e-20
-2.26316e-20
-1.38831e-20
-7.80024e-21
-4.0682e-21
-1.97309e-21
-8.82445e-22
-3.55335e-22
-1.21058e-22
-2.78073e-23
3.1794e-24
9.6963e-24
8.31157e-24
5.44445e-24
3.0996e-24
1.59873e-24
7.58528e-25
3.31497e-25
1.31776e-25
4.58106e-26
1.22657e-26
9.35097e-28
-1.89987e-27
-1.95711e-27
-1.37554e-27
-8.29104e-28
-4.56821e-28
-2.36188e-28
-1.15824e-28
-5.49302e-29
-1.76515e-29
1.78946e-18
-6.24965e-18
4.13991e-18
5.89108e-17
-3.00303e-16
1.08779e-15
8.85072e-15
6.24533e-14
2.00499e-13
2.32338e-13
-2.19135e-13
-1.12967e-12
-3.35835e-12
-7.88278e-12
-7.81308e-12
-1.70674e-12
1.19271e-11
4.87829e-11
1.15713e-10
2.24388e-10
4.27972e-10
1.01521e-09
2.72926e-09
7.96565e-09
2.12674e-08
5.38894e-08
1.35617e-07
3.6292e-07
9.44022e-07
2.40343e-06
5.96086e-06
1.43502e-05
3.33425e-05
7.46377e-05
0.000159501
0.000323089
0.000619049
0.00112867
0.00193714
0.00316856
0.00496271
0.00754088
0.0111153
0.0156902
0.0219175
0.0306106
0.0427525
0.0594153
0.0830789
0.114459
0.15308
0.197995
0.247654
0.300277
0.353581
0.405615
0.454522
0.498551
0.536962
0.568935
0.594605
0.613707
0.626504
0.63265
0.633247
0.63187
0.628185
0.62155
0.611594
0.597662
0.579774
0.558337
0.533662
0.506277
0.476678
0.445049
0.411718
0.37705
0.341488
0.305515
0.269702
0.23464
0.200929
0.169144
0.139805
0.113334
0.0900219
0.0700257
0.0533134
0.0397359
0.0290042
0.0207577
0.0145828
0.010089
0.00687844
0.00463527
0.00308606
0.0020307
0.00131312
0.000830382
0.000507342
0.000295271
0.00015969
7.67838e-05
2.92977e-05
4.6773e-06
-6.0593e-06
-9.14057e-06
-8.57139e-06
-6.65726e-06
-4.5901e-06
-2.88473e-06
-1.66914e-06
-8.87861e-07
-4.3183e-07
-1.88422e-07
-6.85657e-08
-1.41548e-08
5.58224e-09
8.21473e-09
7.20633e-09
5.88005e-09
4.22305e-09
2.74611e-09
1.6626e-09
9.48714e-10
5.11115e-10
2.58416e-10
1.20554e-10
4.85412e-11
1.41534e-11
1.4418e-12
-2.35737e-12
-3.15404e-12
-2.69782e-12
-2.08227e-12
-1.4229e-12
-8.96651e-13
-5.31019e-13
-2.98553e-13
-1.57214e-13
-7.65179e-14
-3.74839e-14
-1.85134e-14
-8.97073e-15
-4.16819e-15
-1.72075e-15
-4.511e-16
2.42339e-16
5.01072e-16
5.36116e-16
4.76913e-16
3.86515e-16
2.97293e-16
2.19571e-16
1.57182e-16
1.09025e-16
7.30024e-17
4.65879e-17
2.83698e-17
1.63256e-17
8.84499e-18
4.49183e-18
2.10717e-18
8.8668e-19
3.15052e-19
7.61842e-20
-7.26418e-21
-2.6666e-20
-2.40869e-20
-1.66126e-20
-9.9982e-21
-5.47179e-21
-2.76011e-21
-1.28206e-21
-5.40283e-22
-1.98436e-22
-5.63091e-23
-5.45336e-24
8.02075e-24
8.51819e-24
5.86571e-24
3.35428e-24
1.69473e-24
7.70483e-25
3.13618e-25
1.10254e-25
2.94126e-26
1.94869e-27
-4.81455e-27
-4.82517e-27
-3.33439e-27
-1.97472e-27
-1.06458e-27
-5.34412e-28
-2.51555e-28
-1.10613e-28
-4.46513e-29
-1.60762e-29
-1.96583e-30
2.32815e-18
-1.24469e-17
3.36241e-17
-3.59109e-17
-1.03778e-16
1.18944e-14
8.14754e-14
6.1178e-13
2.37938e-12
5.13537e-12
9.00628e-12
1.00555e-11
8.20957e-12
-8.4088e-14
-6.02167e-11
-2.02575e-10
-4.73314e-10
-1.07332e-09
-1.80819e-09
-2.21538e-09
-2.54974e-09
-3.68547e-10
1.00294e-08
3.47927e-08
9.17631e-08
2.21262e-07
5.08839e-07
1.13104e-06
2.44366e-06
5.11552e-06
1.02452e-05
1.9878e-05
3.76876e-05
6.87977e-05
0.000124469
0.000252271
0.000505129
0.000964224
0.00176163
0.00306328
0.00509321
0.00809503
0.0125449
0.0191127
0.029124
0.0446454
0.0680124
0.0995864
0.142084
0.191922
0.246003
0.302255
0.358501
0.412754
0.462671
0.505701
0.541565
0.570743
0.592279
0.604223
0.605888
0.604975
0.601904
0.595938
0.587146
0.575434
0.561217
0.544653
0.526586
0.507323
0.48664
0.464835
0.441719
0.417426
0.39209
0.36575
0.338672
0.311068
0.283241
0.255444
0.228026
0.201286
0.175547
0.151128
0.128293
0.107285
0.0883034
0.0714629
0.0568314
0.0443874
0.0340355
0.025614
0.0189159
0.0137057
0.00973683
0.00677871
0.00460945
0.00304772
0.00194943
0.00119776
0.00070089
0.000385597
0.000195556
8.77855e-05
3.17555e-05
6.093e-06
-3.51938e-06
-5.62852e-06
-4.87493e-06
-3.37969e-06
-2.05302e-06
-1.12445e-06
-5.52818e-07
-2.3426e-07
-9.58942e-08
-4.03092e-08
-1.59482e-08
-4.18275e-09
1.25844e-09
2.57795e-09
2.37535e-09
1.69706e-09
1.05459e-09
6.25094e-10
3.66863e-10
2.128e-10
1.20521e-10
6.55904e-11
3.35104e-11
1.54315e-11
5.90271e-12
1.58151e-12
-9.89277e-14
-5.59575e-13
-5.33609e-13
-3.87738e-13
-2.60392e-13
-1.66998e-13
-1.03226e-13
-6.19286e-14
-3.60852e-14
-2.00343e-14
-1.02046e-14
-4.80629e-15
-2.17459e-15
-9.37795e-16
-3.45098e-16
-1.60245e-17
1.13386e-16
1.51655e-16
1.49478e-16
1.34073e-16
1.13319e-16
9.33039e-17
7.46248e-17
5.85941e-17
4.49165e-17
3.33282e-17
2.30118e-17
1.49413e-17
8.88716e-18
4.8388e-18
2.4063e-18
1.07583e-18
4.14093e-19
1.23361e-19
1.44325e-20
-1.61813e-20
-1.85775e-20
-1.35335e-20
-8.24678e-21
-4.49354e-21
-2.2352e-21
-1.01547e-21
-4.14133e-22
-1.44253e-22
-3.64033e-23
-3.46855e-25
7.67026e-24
6.76718e-24
4.2156e-24
2.19007e-24
9.8662e-25
3.82729e-25
1.19578e-25
2.15088e-26
-7.11439e-27
-1.0966e-26
-8.18183e-27
-4.91747e-27
-2.63183e-27
-1.29969e-27
-5.99227e-28
-2.57007e-28
-1.00424e-28
-3.37677e-29
-8.00208e-30
4.55616e-31
2.33776e-30
1.93171e-30
-1.25331e-18
-8.5312e-18
8.12986e-17
-3.04583e-16
9.69049e-16
9.76968e-14
7.66185e-13
5.72633e-12
3.18291e-11
1.03833e-10
2.97504e-10
4.80178e-10
5.90844e-10
5.54903e-10
2.72483e-10
-3.55212e-10
-1.0154e-09
-3.06088e-09
-1.67086e-08
-2.45922e-08
-1.88038e-08
1.53587e-08
1.10262e-07
3.28453e-07
8.00898e-07
1.77489e-06
3.70594e-06
7.40085e-06
1.42311e-05
2.64289e-05
4.7522e-05
8.28805e-05
0.000140698
0.00023127
0.000379993
0.000638677
0.00109047
0.00188712
0.00320472
0.00525923
0.00865145
0.0137185
0.0230831
0.0425686
0.0726302
0.114832
0.167487
0.225722
0.283666
0.339519
0.393516
0.441714
0.482035
0.515217
0.544848
0.562325
0.563056
0.558993
0.549595
0.533755
0.510698
0.483472
0.455865
0.429901
0.405974
0.384128
0.364415
0.346747
0.330377
0.31509
0.300082
0.28544
0.270555
0.255357
0.239824
0.223815
0.207503
0.190947
0.174355
0.157825
0.141593
0.125793
0.110584
0.0961291
0.0825488
0.0699537
0.058448
0.0480554
0.0388504
0.030826
0.0239751
0.0182378
0.0135552
0.00981077
0.00690353
0.00469842
0.00308165
0.00193373
0.00115446
0.000648917
0.000339646
0.00016201
6.75032e-05
2.03072e-05
2.20326e-06
-2.07512e-06
-2.52941e-06
-2.00932e-06
-1.311e-06
-7.40727e-07
-4.09366e-07
-2.26189e-07
-1.22904e-07
-6.18563e-08
-2.57399e-08
-9.2025e-09
-3.30262e-09
-1.11249e-09
2.7327e-11
3.78873e-10
3.44935e-10
2.48044e-10
1.65932e-10
1.05101e-10
6.35166e-11
3.70262e-11
2.10373e-11
1.17124e-11
6.37699e-12
3.34613e-12
1.60641e-12
6.35431e-13
1.79935e-13
5.42297e-15
-4.21135e-14
-3.4868e-14
-2.46318e-14
-1.64706e-14
-1.06225e-14
-6.69288e-15
-4.13743e-15
-2.52704e-15
-1.51697e-15
-8.77486e-16
-4.61458e-16
-1.94538e-16
-6.43945e-17
-9.18902e-18
9.61863e-18
1.32229e-17
1.1544e-17
9.40196e-18
7.76476e-18
7.04149e-18
6.68971e-18
6.57862e-18
6.38958e-18
5.92475e-18
4.68446e-18
3.31834e-18
2.00044e-18
1.02663e-18
4.46326e-19
1.53724e-19
2.86587e-20
-1.16029e-20
-1.74172e-20
-1.30325e-20
-7.78048e-21
-4.06672e-21
-1.91135e-21
-8.05779e-22
-2.94689e-22
-8.35406e-23
-8.95143e-24
1.0368e-23
1.09151e-23
7.15237e-24
3.772e-24
1.68012e-24
6.20988e-25
1.68781e-25
1.1357e-26
-2.59628e-26
-2.43875e-26
-1.52892e-26
-7.94601e-27
-3.64094e-27
-1.51896e-27
-5.79636e-28
-1.96819e-28
-5.29511e-29
-4.75194e-30
7.80501e-30
8.49016e-30
6.15939e-30
3.76945e-30
2.05758e-30
1.03359e-30
3.45371e-31
-1.03086e-17
3.60475e-17
-4.64884e-17
-7.59411e-17
1.55304e-14
7.5045e-13
7.35127e-12
6.49527e-11
4.0528e-10
1.39492e-09
7.07163e-09
1.55932e-08
2.65887e-08
3.84624e-08
4.75325e-08
5.09229e-08
4.96053e-08
5.29284e-08
8.76234e-08
2.16478e-07
5.74728e-07
1.43107e-06
3.30061e-06
7.13846e-06
1.46402e-05
2.86759e-05
5.3859e-05
9.72048e-05
0.000168759
0.000281982
0.000453681
0.000703249
0.00105316
0.00151751
0.00215245
0.00306673
0.00447502
0.00681027
0.0106139
0.0163761
0.0291106
0.0537484
0.0965918
0.159665
0.226581
0.293026
0.351606
0.401686
0.434972
0.462217
0.492547
0.510869
0.510044
0.502741
0.48809
0.461196
0.420889
0.375625
0.328978
0.2857
0.246541
0.21347
0.185927
0.163869
0.146531
0.133248
0.123114
0.115384
0.109105
0.10392
0.0990724
0.0946041
0.0900654
0.085423
0.0806555
0.0756334
0.0704575
0.0651088
0.059698
0.054229
0.0488192
0.0435118
0.0383652
0.0334418
0.0287809
0.0244237
0.0204189
0.0167568
0.0134888
0.0106059
0.0081283
0.00603886
0.00434068
0.00299263
0.00197167
0.00121976
0.000697312
0.000380664
0.000204864
0.000108049
5.54854e-05
2.73688e-05
1.27859e-05
5.24776e-06
1.38686e-06
-3.44008e-08
-3.49918e-07
-2.76422e-07
-1.68085e-07
-9.65871e-08
-5.36065e-08
-2.90987e-08
-1.57067e-08
-8.5452e-09
-4.65029e-09
-2.34426e-09
-9.62868e-10
-3.08367e-10
-6.00705e-11
1.90138e-11
2.65218e-11
1.64957e-11
9.88027e-12
5.86459e-12
3.47819e-12
2.06487e-12
1.22708e-12
7.29356e-13
4.33297e-13
2.57376e-13
1.52803e-13
8.99273e-14
4.9975e-14
2.2822e-14
8.5267e-15
2.39425e-15
4.50258e-16
2.31131e-16
1.84636e-16
1.68767e-16
1.58937e-16
1.39816e-16
8.92132e-17
4.90431e-17
2.34187e-17
9.79985e-18
3.52518e-18
7.41303e-19
-6.19749e-19
-1.54011e-18
-2.20795e-18
-2.72685e-18
-2.93815e-18
-2.90647e-18
-2.61742e-18
-2.17498e-18
-1.63829e-18
-1.07866e-18
-6.50026e-19
-3.78522e-19
-2.33162e-19
-1.49221e-19
-9.4797e-20
-5.66252e-20
-3.09333e-20
-1.5128e-20
-6.49587e-21
-2.36151e-21
-6.47227e-22
-5.37147e-23
9.19286e-23
9.08545e-23
5.88041e-23
3.13433e-23
1.44784e-23
5.79566e-24
1.91546e-24
4.27579e-25
-2.74748e-26
-1.05534e-25
-7.94612e-26
-4.31857e-26
-1.91699e-26
-7.00735e-27
-1.93655e-27
-2.25567e-28
1.71509e-28
1.71159e-28
1.07837e-28
6.05329e-29
3.33112e-29
1.83363e-29
9.941e-30
5.17934e-30
2.53762e-30
1.14594e-30
4.64417e-31
1.60428e-31
4.11353e-32
-4.00991e-33
-1.18435e-17
8.76441e-17
-3.25644e-16
1.07088e-15
2.15808e-13
6.21391e-12
7.68819e-11
7.42994e-10
5.2679e-09
1.75686e-08
6.09629e-08
1.31348e-07
2.96447e-07
5.74995e-07
9.12903e-07
1.32407e-06
1.97657e-06
3.35774e-06
6.6574e-06
1.42438e-05
3.06241e-05
6.3709e-05
0.000126651
0.000240025
0.000434275
0.000752227
0.00125153
0.00200706
0.00311175
0.00467283
0.00679245
0.00950703
0.012795
0.0164913
0.020761
0.0259754
0.0332061
0.0437217
0.0674141
0.104666
0.160167
0.228515
0.299368
0.358836
0.396397
0.431366
0.451328
0.450534
0.442791
0.42852
0.403677
0.362975
0.313501
0.262336
0.212639
0.166581
0.12481
0.0895324
0.0650097
0.0500113
0.039518
0.0316487
0.0251931
0.0199191
0.0156467
0.0123353
0.009833
0.0080111
0.00667494
0.00572571
0.00500793
0.00449356
0.0040825
0.00375415
0.00348115
0.00322778
0.00299692
0.00276808
0.0025478
0.00232237
0.00210166
0.00188126
0.00166335
0.00145058
0.00124334
0.00104463
0.00085891
0.00068334
0.000526869
0.000387633
0.000271284
0.000176998
0.000107092
5.79888e-05
2.75719e-05
1.07989e-05
2.64704e-06
-8.6132e-07
-2.0454e-06
-2.15599e-06
-1.84723e-06
-1.4245e-06
-1.02486e-06
-6.98789e-07
-4.48416e-07
-2.23749e-07
-6.56052e-08
-1.16628e-08
-4.59083e-09
-2.37004e-09
-1.33097e-09
-7.63693e-10
-4.37427e-10
-2.4737e-10
-1.37791e-10
-7.57446e-11
-4.12419e-11
-2.2521e-11
-1.25206e-11
-5.72194e-12
-1.5868e-12
-2.64012e-13
-6.20465e-14
-2.10888e-14
-6.58545e-15
-8.3406e-16
1.21552e-15
1.65681e-15
1.48512e-15
1.14561e-15
8.10628e-16
5.39038e-16
3.38e-16
1.96971e-16
1.00555e-16
3.47138e-17
-3.02262e-18
-1.60612e-17
-1.61669e-17
-1.27097e-17
-9.04748e-18
-5.66293e-18
-3.11159e-18
-1.47014e-18
-5.92392e-19
-4.01255e-20
1.93868e-19
1.57628e-19
8.95837e-22
-1.70878e-19
-2.95451e-19
-4.07098e-19
-4.82883e-19
-5.56265e-19
-5.9811e-19
-6.24303e-19
-6.18718e-19
-5.64319e-19
-4.19518e-19
-2.77464e-19
-1.54782e-19
-7.68088e-20
-3.41764e-20
-1.32505e-20
-4.05815e-21
-6.66726e-22
2.63173e-22
3.38976e-22
2.19162e-22
1.09878e-22
4.60788e-23
1.61378e-23
4.3424e-24
5.38801e-25
-3.20281e-25
-3.22082e-25
-1.80273e-25
-7.61576e-26
-2.41457e-26
-4.09009e-27
1.44391e-27
1.89368e-27
1.19065e-27
5.64907e-28
2.154e-28
6.54878e-29
1.86354e-29
7.98499e-30
5.54117e-30
3.9232e-30
2.39312e-30
1.24501e-30
5.52303e-31
2.01354e-31
5.09753e-32
-8.34967e-34
-1.1928e-32
-9.88111e-33
-5.75595e-33
-2.03864e-33
2.99003e-18
3.1e-17
-1.86408e-16
8.87944e-15
2.07888e-12
1.15026e-10
1.25557e-09
8.94264e-09
5.43719e-08
2.20454e-07
6.46689e-07
1.50305e-06
3.3027e-06
8.69759e-06
2.61906e-05
8.00641e-05
0.000229257
0.000634857
0.00132837
0.00235913
0.00401051
0.00659939
0.0104397
0.0157395
0.0225181
0.030628
0.0398606
0.0503513
0.0627152
0.0783643
0.102439
0.13659
0.178722
0.218754
0.252702
0.293236
0.329402
0.366841
0.40335
0.432302
0.438791
0.432575
0.411086
0.381156
0.352071
0.317584
0.270372
0.220974
0.171558
0.123999
0.0824476
0.0559123
0.0397961
0.028935
0.0211104
0.0153417
0.011041
0.00781218
0.00540636
0.00368481
0.00248918
0.00167612
0.00112327
0.000746775
0.000488317
0.000310237
0.000187073
0.000101793
4.30173e-05
2.66432e-06
-2.45044e-05
-4.30694e-05
-5.5443e-05
-6.34171e-05
-6.81157e-05
-7.02087e-05
-7.03624e-05
-6.8883e-05
-6.62274e-05
-6.25996e-05
-5.83256e-05
-5.3562e-05
-4.84894e-05
-4.32678e-05
-3.80173e-05
-3.28627e-05
-2.79221e-05
-2.3242e-05
-1.89564e-05
-1.50927e-05
-1.17432e-05
-8.90589e-06
-6.59846e-06
-4.76473e-06
-3.34824e-06
-2.24984e-06
-1.36278e-06
-6.5677e-07
-3.14227e-07
-1.81469e-07
-1.11352e-07
-6.60092e-08
-3.77129e-08
-2.08148e-08
-1.11681e-08
-5.82808e-09
-2.93153e-09
-1.36858e-09
-5.91273e-10
-2.45658e-10
-1.02933e-10
-4.42569e-11
-1.95228e-11
-8.76492e-12
-3.97857e-12
-1.81665e-12
-8.3197e-13
-3.81487e-13
-1.75262e-13
-8.07905e-14
-3.71787e-14
-1.69499e-14
-7.53198e-15
-3.27616e-15
-1.38741e-15
-5.72946e-16
-1.7345e-16
-6.10889e-17
-3.4528e-17
-2.55077e-17
-1.86803e-17
-1.26428e-17
-7.85142e-18
-4.21997e-18
-1.76999e-18
-3.19656e-19
3.42717e-19
4.80901e-19
4.03877e-19
2.76769e-19
1.67184e-19
8.57258e-20
3.71407e-20
1.20475e-20
2.41446e-21
-6.25246e-21
-6.81197e-21
-1.5105e-21
3.94892e-21
8.55542e-21
1.14138e-20
1.3726e-20
1.38225e-20
1.04126e-20
3.23516e-21
-8.6729e-21
-2.40004e-20
-3.81585e-20
-3.15759e-20
-1.97497e-20
-8.72557e-21
-2.73311e-21
-3.21156e-22
3.26151e-22
3.23529e-22
1.77934e-22
6.93253e-23
1.8308e-23
1.63414e-24
-1.52973e-24
-1.16349e-24
-5.05007e-25
-1.50313e-25
-2.16786e-26
8.83185e-27
9.62714e-27
5.42523e-27
2.33232e-27
7.91459e-28
1.83557e-28
-7.09556e-31
-3.13765e-29
-2.20762e-29
-1.0257e-29
-3.24394e-30
-6.00735e-31
-1.68327e-31
-2.46701e-31
-2.65309e-31
-2.03572e-31
-1.30601e-31
-7.67107e-32
-4.28775e-32
-2.28161e-32
-1.13393e-32
-5.13074e-33
-2.04865e-33
-6.85785e-34
-1.70406e-34
1.30071e-36
2.40496e-17
-4.54521e-17
-3.57305e-17
6.38259e-14
2.21685e-11
1.9653e-09
6.32421e-08
1.81562e-06
2.09233e-05
0.00014628
0.000754612
0.00267376
0.00632612
0.0114674
0.0174409
0.024281
0.0312011
0.0400928
0.0524527
0.0670703
0.0861868
0.115302
0.159809
0.220319
0.289776
0.354959
0.391389
0.391087
0.383775
0.362868
0.322582
0.274293
0.229892
0.201907
0.193009
0.192961
0.199017
0.199974
0.191193
0.173254
0.146628
0.112264
0.0758186
0.0507012
0.0353763
0.0252294
0.0178223
0.0123205
0.00825321
0.00535546
0.00334998
0.00202461
0.00118873
0.000682134
0.000383258
0.000211107
0.000113859
5.99939e-05
3.07462e-05
1.49617e-05
6.59341e-06
1.9875e-06
-4.97158e-07
-1.98135e-06
-2.80328e-06
-3.34799e-06
-3.64582e-06
-3.93346e-06
-4.27315e-06
-5.04149e-06
-6.32218e-06
-8.1484e-06
-9.38277e-06
-1.00668e-05
-1.03511e-05
-1.03033e-05
-1.0109e-05
-9.76521e-06
-9.35313e-06
-8.79337e-06
-8.15078e-06
-7.4222e-06
-6.63664e-06
-5.8246e-06
-5.00202e-06
-4.19032e-06
-3.42622e-06
-2.69677e-06
-2.06174e-06
-1.49662e-06
-1.04506e-06
-6.80896e-07
-4.21309e-07
-2.35019e-07
-1.20718e-07
-5.62535e-08
-2.52801e-08
-1.10467e-08
-4.72827e-09
-1.99285e-09
-8.30518e-10
-3.40924e-10
-1.37824e-10
-5.47903e-11
-2.14519e-11
-8.27246e-12
-3.1484e-12
-1.18232e-12
-4.38982e-13
-1.61253e-13
-5.88265e-14
-2.13634e-14
-7.74955e-15
-2.81213e-15
-1.0202e-15
-3.67365e-16
-1.28168e-16
-4.0156e-17
-8.03687e-18
3.0205e-18
7.65977e-18
8.57748e-18
9.61605e-18
1.08283e-17
3.05105e-18
4.54979e-19
2.13731e-19
3.17294e-19
3.22359e-19
2.58208e-19
1.82714e-19
1.12877e-19
5.98789e-20
2.23283e-20
1.85357e-21
-6.40451e-21
-7.44697e-21
-5.50895e-21
-3.39601e-21
-1.71279e-21
-7.39492e-22
-2.15044e-22
-2.29253e-23
2.67851e-23
1.8407e-23
6.02125e-23
-5.98436e-23
-3.14976e-23
3.12941e-22
1.11119e-21
1.84286e-21
2.97525e-21
3.8434e-21
5.04219e-21
5.87162e-21
6.72784e-21
7.13121e-21
6.40135e-21
3.6441e-21
1.51986e-21
5.16836e-22
1.47289e-22
2.9032e-23
-2.37094e-24
-6.77753e-24
-4.13339e-24
-1.49329e-24
-2.84458e-25
2.43365e-26
4.08203e-26
1.66514e-26
3.74514e-27
-7.19777e-29
-4.59762e-28
1.66971e-29
1.73936e-28
1.16008e-28
4.4534e-29
1.05688e-29
9.73287e-31
-3.22722e-31
-2.08598e-31
-1.79882e-31
-1.8288e-31
-1.34368e-31
-7.05042e-32
-3.02393e-32
-1.47769e-32
-1.0236e-32
-7.71757e-33
-5.1124e-33
-2.84842e-33
-1.33281e-33
-5.15777e-34
-1.53461e-34
-2.4311e-35
8.02995e-36
9.30121e-36
4.87406e-36
1.39112e-36
4.54919e-17
-2.08153e-16
4.27425e-16
5.9342e-13
3.02698e-10
3.70857e-08
1.62491e-06
4.27883e-05
0.000517428
0.00389618
0.0235607
0.108606
0.258957
0.340076
0.333439
0.294834
0.199361
0.086244
0.0163944
0.0054488
0.00498763
0.00487031
0.0054468
0.00679323
0.0086429
0.0105183
0.0119159
0.0125777
0.012477
0.0116321
0.0102181
0.00862252
0.00731001
0.00677096
0.00651521
0.0073088
0.00687174
0.00357009
0.00175064
0.000814821
0.000357071
0.000148098
5.91962e-05
2.39983e-05
1.08268e-05
5.71761e-06
3.39992e-06
2.1216e-06
1.31347e-06
7.80296e-07
4.35432e-07
2.25323e-07
1.07193e-07
4.67859e-08
1.88674e-08
7.07137e-09
2.51237e-09
-1.36565e-09
-3.97445e-09
-1.30312e-08
-1.73686e-08
-2.67793e-08
-3.61868e-08
-5.84879e-08
-7.47424e-08
-9.73483e-08
-1.1229e-07
-1.30295e-07
-1.24293e-07
-1.05702e-07
-7.21414e-08
-4.5697e-08
-3.05018e-08
-2.42257e-08
-2.2914e-08
-2.1448e-08
-2.02108e-08
-1.86762e-08
-1.72082e-08
-1.53648e-08
-1.34462e-08
-1.14213e-08
-9.41469e-09
-7.54109e-09
-5.84776e-09
-4.3687e-09
-3.15111e-09
-2.13031e-09
-1.38751e-09
-8.21046e-10
-4.57674e-10
-2.20898e-10
-9.28741e-11
-2.86654e-11
-4.62608e-12
1.16657e-12
1.31582e-12
6.71294e-13
2.62113e-13
8.62421e-14
2.39078e-14
5.23869e-15
5.68068e-16
-2.48123e-16
-2.34614e-16
-1.28284e-16
-5.87164e-17
-2.41639e-17
-8.94819e-18
-1.70482e-18
5.06384e-19
1.56069e-18
1.21468e-18
3.38988e-19
-4.85599e-19
-3.14819e-19
-1.62822e-19
-6.7713e-20
-9.67441e-21
1.46111e-20
1.3879e-20
9.88622e-21
3.01019e-21
1.23861e-21
4.82655e-23
-1.5526e-21
-1.72249e-21
-1.30715e-21
-8.7135e-22
-5.15357e-22
-2.72471e-22
-9.52117e-23
-1.13849e-23
2.87687e-23
3.34308e-23
2.29836e-23
1.38923e-23
5.63034e-24
2.30942e-24
2.54088e-25
-9.93413e-26
-1.78676e-25
-7.63698e-26
-2.59105e-25
-9.31121e-26
1.27952e-24
1.55557e-24
3.99746e-25
-1.59262e-24
-3.30889e-24
-3.60271e-24
-1.74626e-24
3.22845e-24
2.30647e-23
5.28381e-23
1.19613e-22
2.23798e-22
3.09152e-22
6.79383e-23
8.89651e-25
-4.44981e-24
-1.71213e-24
-3.36243e-25
8.83262e-27
4.61831e-26
2.02797e-26
3.99191e-27
1.03059e-28
-1.29702e-28
-2.46817e-29
1.28154e-28
1.67267e-28
6.04294e-29
1.22714e-30
-1.027e-29
-6.98579e-30
-3.07995e-30
-1.03821e-30
-2.60299e-31
-3.68109e-32
5.15603e-33
6.46757e-33
3.47907e-33
1.57856e-33
6.03281e-34
2.16871e-34
1.41118e-34
1.45236e-34
1.30567e-34
9.57368e-35
6.0806e-35
3.52753e-35
1.91095e-35
9.61244e-36
4.40582e-36
1.80002e-36
6.35689e-37
1.80907e-37
4.27313e-38
9.96118e-40
)
;

boundaryField
{
    inlet
    {
        type            uniformFixedValue;
        uniformValue    table;
        uniformValueCoeffs
        {
            values          
4
(
(0 1)
(0.15 1)
(0.151 0)
(1 0)
)
;
        }
        value           uniform 0;
    }
    outlet
    {
        type            inletOutlet;
        inletValue      uniform 0;
        value           nonuniform List<scalar> 
20
(
-3.17324e-41
2.01096e-38
2.24286e-36
-2.72042e-35
-1.30763e-33
6.21359e-32
3.4678e-31
-3.54274e-31
-5.38839e-30
-1.57301e-29
-2.44244e-29
-1.76515e-29
-1.96583e-30
1.93171e-30
3.45371e-31
-4.00991e-33
-2.03864e-33
1.30071e-36
1.39112e-36
9.96118e-40
)
;
    }
    walls
    {
        type            zeroGradient;
    }
    frontAndBack
    {
        type            empty;
    }
}


// ************************************************************************* //
