/*--------------------------------*- C++ -*----------------------------------*\
| =========                 |                                                 |
| \\      /  F ield         | OpenFOAM: The Open Source CFD Toolbox           |
|  \\    /   O peration     | Version:  2506                                  |
|   \\  /    A nd           | Website:  www.openfoam.com                      |
|    \\/     M anipulation  |                                                 |
\*---------------------------------------------------------------------------*/
FoamFile
{
    version     2.0;
    format      ascii;
    arch        "LSB;label=32;scalar=64";
    class       volScalarField;
    location    "4.25";
    object      s;
}
// * * * * * * * * * * * * * * * * * * * * * * * * * * * * * * * * * * * * * //

dimensions      [0 0 0 0 0 0 0];

internalField   nonuniform List<scalar> 
4000
(
2.25767e-22
-1.30643e-21
6.1593e-21
-2.47536e-20
7.04625e-20
-3.08043e-20
-9.87318e-19
4.09277e-18
1.59867e-17
-2.3105e-16
8.47606e-16
-4.37189e-16
-4.41067e-14
-9.3967e-13
-1.1706e-11
-7.86905e-11
-4.12922e-10
-5.40589e-09
-3.44683e-09
1.50185e-07
2.39197e-06
2.98857e-05
0.000330703
0.00228493
0.0130999
0.0442166
0.0953549
0.142889
0.15444
0.153908
0.144938
0.118922
0.0654667
0.0169173
0.00319056
0.00348384
0.00450911
0.0060559
0.00847752
0.0116087
0.0144124
0.0165797
0.0184699
0.0197541
0.021106
0.0226223
0.0240739
0.0256742
0.0273004
0.0290228
0.0310069
0.0330614
0.0355549
0.0381839
0.0410671
0.0439303
0.0466456
0.0491022
0.0511849
0.0528374
0.0540149
0.0547101
0.0549629
0.0548093
0.0542215
0.0530287
0.050103
0.0404221
0.0258273
0.0121641
0.00644768
0.00412332
0.00248527
0.00140543
0.00075947
0.000396539
0.000199912
9.60434e-05
4.38273e-05
1.97437e-05
9.06791e-06
4.2765e-06
2.04972e-06
9.78089e-07
4.56508e-07
2.07243e-07
9.14459e-08
3.91596e-08
1.62736e-08
6.52861e-09
2.50471e-09
9.17886e-10
3.14487e-10
9.21547e-11
8.25595e-12
-4.37172e-11
-1.1859e-10
-2.24207e-10
-3.05361e-10
-3.24784e-10
-3.94151e-10
-1.25991e-09
-7.25361e-09
-2.55097e-08
-6.70684e-08
-1.53018e-07
-2.97099e-07
-4.94252e-07
-7.35214e-07
-1.00855e-06
-1.32966e-06
-1.65101e-06
-1.8686e-06
-1.95687e-06
-1.81309e-06
-1.39725e-06
-6.08636e-07
5.91297e-07
2.16292e-06
4.4788e-06
4.21546e-05
0.000125927
0.000241804
0.00038067
0.000517866
0.000643011
0.000748221
0.000825179
0.000882213
0.000934524
0.000948293
0.000959919
0.00100085
0.000997526
0.00101215
0.00109422
0.00108132
0.00114982
0.00116229
0.00116919
0.00113011
0.0010201
0.000817103
0.000598416
0.000420034
0.000283698
0.000185203
0.000119033
7.72871e-05
5.15514e-05
3.52126e-05
2.40079e-05
1.59251e-05
1.00223e-05
5.9075e-06
3.24116e-06
1.64428e-06
7.40939e-07
2.3281e-07
-7.92686e-08
-3.36248e-07
-6.76477e-07
-1.1605e-06
-1.7461e-06
-2.45238e-06
-3.32312e-06
-4.18789e-06
-4.5574e-06
-5.02719e-06
-5.374e-06
-5.53763e-06
-5.48015e-06
-5.25438e-06
-4.95011e-06
-4.60351e-06
-4.20181e-06
-3.73786e-06
-3.233e-06
-2.72394e-06
-2.24469e-06
-1.82038e-06
-1.46633e-06
-1.18535e-06
-9.6662e-07
-7.91241e-07
-6.37957e-07
-4.97904e-07
-3.72832e-07
-2.67936e-07
-1.85813e-07
-1.25957e-07
-8.49429e-08
-5.75922e-08
-3.93908e-08
-2.51772e-08
-1.49021e-08
-8.49786e-09
-4.73948e-09
-2.46556e-09
-1.06826e-09
1.83497e-22
-8.86577e-22
3.51595e-21
-1.39455e-20
5.40684e-20
-2.01138e-19
6.86359e-19
-1.98205e-18
3.81527e-18
2.57284e-18
-6.15281e-17
2.66438e-16
-5.91813e-16
-1.67433e-14
-2.6941e-13
-2.13492e-12
-1.18622e-11
-9.05506e-11
-9.23852e-10
-1.81102e-10
3.92591e-08
5.95266e-07
8.03507e-06
5.92232e-05
0.000303049
0.00103469
0.00261148
0.00542796
0.00908232
0.0133466
0.0179319
0.0222183
0.0254421
0.0250949
0.0232957
0.0209392
0.0187233
0.0168249
0.0151966
0.0134984
0.0118489
0.0102693
0.00886221
0.00768479
0.00674584
0.00598213
0.00535252
0.0049236
0.00462352
0.00442977
0.00433467
0.00430056
0.00436592
0.00447474
0.00479149
0.00531164
0.00612331
0.00738222
0.00885184
0.0110339
0.0135217
0.0166125
0.0201408
0.0238331
0.0278827
0.0319761
0.0362206
0.0401006
0.0412083
0.0414098
0.0412621
0.0410303
0.0408286
0.0403612
0.0392712
0.0369672
0.0313295
0.0216324
0.0108881
0.00451168
0.00246019
0.00146613
0.000848439
0.000466957
0.000241834
0.000118707
5.64946e-05
2.62019e-05
1.18075e-05
5.16072e-06
2.18561e-06
8.96661e-07
3.5705e-07
1.37843e-07
5.06815e-08
1.58486e-08
3.19825e-10
-1.18737e-08
-3.77184e-08
-8.60558e-08
-1.41499e-07
-2.38572e-07
-4.52545e-07
-8.46435e-07
-1.41507e-06
-2.26411e-06
-3.26811e-06
-4.0084e-06
-4.04515e-06
-2.47237e-06
2.70667e-06
0.000205557
0.000869528
0.00197269
0.00355588
0.00540293
0.00743059
0.00960908
0.0118157
0.0140539
0.016446
0.0188158
0.02106
0.0231705
0.0250721
0.0267119
0.0281013
0.0292474
0.0301904
0.0310209
0.031675
0.0322203
0.0328044
0.0332805
0.0337296
0.0343586
0.0348088
0.0354014
0.035919
0.0363991
0.0367684
0.0369256
0.0367277
0.0361813
0.0349778
0.0334841
0.0311377
0.0282753
0.0248126
0.0206747
0.0161264
0.0116805
0.00837709
0.00590951
0.00409671
0.00270799
0.00169673
0.000978366
0.000505152
0.000230221
0.00010433
4.4672e-05
1.67212e-05
3.75606e-06
-1.30575e-06
-1.22908e-06
0.000188228
0.000782127
0.00162033
0.00256658
0.00350553
0.00435186
0.00503129
0.00550189
0.00575615
0.0058147
0.0057178
0.00550945
0.00521911
0.00485538
0.00441095
0.00387599
0.0032556
0.00258248
0.00191354
0.00131355
0.000837656
0.000519016
0.000323128
0.000198928
0.000119858
7.03252e-05
4.01838e-05
2.25526e-05
1.27485e-05
7.62752e-06
5.16344e-06
4.11048e-06
3.73481e-06
3.58737e-06
7.79579e-23
-4.10332e-22
1.59978e-21
-6.17081e-21
2.16292e-20
-6.37307e-20
1.31665e-19
-4.43676e-20
-9.80097e-19
3.89583e-18
-4.07122e-18
-1.5622e-17
5.20054e-17
-5.30103e-17
-1.57807e-15
-1.21299e-14
-1.28531e-13
-4.51182e-13
-2.6697e-11
-1.29266e-10
-8.21294e-11
1.2199e-09
6.76384e-09
2.57739e-08
8.17591e-08
2.24115e-07
5.20637e-07
1.04827e-06
2.0352e-06
3.76188e-06
7.62972e-06
3.88744e-05
0.000732755
0.00265675
0.00454236
0.00564661
0.00612625
0.00604689
0.00545937
0.00453815
0.00341655
0.00239263
0.00164912
0.00119118
0.000915089
0.000737168
0.000612644
0.000526616
0.000462524
0.000415923
0.000383996
0.00036204
0.000352692
0.000351592
0.000362703
0.000382988
0.000414976
0.000462897
0.000526132
0.000618326
0.000728658
0.00104355
0.00170147
0.00276264
0.00441158
0.00662025
0.00959359
0.013912
0.0186737
0.023417
0.0279782
0.0326821
0.0373094
0.0398893
0.0414652
0.0438697
0.0467512
0.0467062
0.0451479
0.0423309
0.0381177
0.0309227
0.021585
0.0117391
0.00541103
0.00311622
0.00197269
0.00123725
0.000749279
0.000431507
0.000234322
0.000122193
6.23604e-05
3.1321e-05
1.53923e-05
7.36644e-06
3.36324e-06
1.36292e-06
2.9104e-07
-3.49145e-07
-7.30908e-07
-7.01756e-07
4.17317e-07
4.7669e-06
1.85839e-05
5.86705e-05
0.000356095
0.00153696
0.00378718
0.00706549
0.0112011
0.016119
0.0219407
0.028368
0.0348824
0.0405771
0.0453868
0.0494993
0.0529023
0.0557176
0.058011
0.0597604
0.0610833
0.0621062
0.062914
0.0635949
0.0642642
0.0649268
0.0655842
0.066237
0.066886
0.0675324
0.0681768
0.0688186
0.0694585
0.0700962
0.0707299
0.0713617
0.0719891
0.0726133
0.0732335
0.0738499
0.074463
0.0750496
0.0753851
0.0755575
0.0752412
0.0745658
0.0733163
0.0713085
0.0684168
0.0637033
0.0572581
0.0488368
0.0399619
0.0306949
0.021482
0.0125889
0.00665006
0.0036334
0.0023345
0.00159913
0.00116693
0.00104679
0.00135155
0.00235658
0.00545004
0.0112108
0.0187171
0.0270058
0.035256
0.0423059
0.0472969
0.0502759
0.0514961
0.0512205
0.0496726
0.0472279
0.0443091
0.0412919
0.0385173
0.0363084
0.0349433
0.0345815
0.0351726
0.0363978
0.0375975
0.0380159
0.0372281
0.0352175
0.0321893
0.0283982
0.0241049
0.0198497
0.0165228
0.0140694
0.0121757
0.0106438
0.00938561
0.00803477
1.6782e-23
-9.96745e-23
3.35207e-22
-8.06923e-22
6.47046e-22
5.14411e-21
-3.15682e-20
9.5509e-20
-1.25919e-19
-3.06047e-19
2.06562e-18
-4.51833e-18
1.28034e-18
1.07807e-17
2.25609e-17
-1.53592e-16
-5.88026e-16
-3.26433e-14
-1.88116e-13
-4.82118e-12
-1.272e-11
-3.30153e-12
1.64393e-10
2.58597e-10
1.48384e-09
8.30735e-09
2.27683e-08
5.20345e-08
1.32628e-07
2.48002e-07
4.08773e-07
5.88791e-07
1.73039e-07
7.81546e-09
3.69085e-06
4.34739e-05
6.98481e-05
8.33918e-05
8.21707e-05
7.04969e-05
5.39813e-05
3.98539e-05
2.95328e-05
2.21418e-05
1.69675e-05
1.32873e-05
1.06185e-05
8.75334e-06
7.37912e-06
6.40145e-06
5.73597e-06
5.29062e-06
5.08578e-06
5.05393e-06
5.27577e-06
5.6899e-06
6.36695e-06
7.41552e-06
8.90262e-06
1.11863e-05
1.44133e-05
1.88436e-05
2.49008e-05
3.29363e-05
4.35642e-05
5.9492e-05
0.000193948
0.000781269
0.00199407
0.00390659
0.00650818
0.0102106
0.0151937
0.0207789
0.0262908
0.0317762
0.0370813
0.0422345
0.0452386
0.0465538
0.0487947
0.0496529
0.0486432
0.04619
0.042591
0.0380962
0.0322142
0.0249489
0.0162547
0.00844155
0.00476478
0.00312832
0.00214087
0.00146954
0.000981316
0.000626822
0.000382436
0.000232576
0.000149877
0.000119045
0.000168101
0.000594553
0.00158238
0.00329242
0.00596927
0.00967337
0.0148673
0.0218385
0.0307394
0.0392455
0.0468253
0.0532939
0.0585529
0.0624329
0.0646674
0.066039
0.0671922
0.0679332
0.0680462
0.0677127
0.0670422
0.0661765
0.0652337
0.0642882
0.0634164
0.062653
0.0620012
0.0614404
0.0609724
0.0605808
0.0603111
0.0601212
0.0599266
0.0598256
0.0597266
0.0595408
0.0594691
0.0593187
0.0592283
0.0592052
0.0593011
0.0596466
0.0603381
0.0615121
0.0631795
0.0651168
0.0673955
0.0696149
0.0714916
0.0729819
0.0745511
0.0762728
0.0776218
0.0771981
0.0752528
0.0713321
0.0656662
0.056631
0.044661
0.0319678
0.0229132
0.0154016
0.0109498
0.00949365
0.00998629
0.012389
0.0184578
0.0279748
0.0400524
0.0533854
0.0669786
0.0774301
0.0823383
0.0842516
0.0842494
0.0830946
0.0812847
0.0789617
0.076284
0.0734542
0.0706359
0.0679983
0.0656929
0.063778
0.0622208
0.0609741
0.0610958
0.0642646
0.0712115
0.0795733
0.0855388
0.0893693
0.0918696
0.0933568
0.0940571
0.0940973
0.093256
0.0908083
0.0877627
0.0759303
-9.01615e-25
1.09984e-23
-9.38239e-23
5.22752e-22
-2.06552e-21
5.79976e-21
-1.05207e-20
6.15325e-21
2.61686e-20
-6.87391e-20
-2.86964e-20
4.05168e-19
-2.80786e-19
-4.70322e-18
2.62441e-17
-3.70469e-17
1.72781e-16
-4.5494e-16
-1.93308e-14
-6.0101e-15
-1.27175e-13
-7.97652e-13
2.24559e-12
8.88678e-12
1.67606e-10
8.74257e-10
2.86949e-09
4.61921e-09
7.19144e-09
1.06805e-08
1.68029e-08
1.37589e-08
-4.96341e-08
-1.3889e-07
-2.76346e-07
-4.3278e-07
-5.15337e-07
-5.32869e-07
-5.01964e-07
-4.43859e-07
-3.74374e-07
-3.07693e-07
-2.49641e-07
-2.01619e-07
-1.6322e-07
-1.3293e-07
-1.09271e-07
-9.1314e-08
-7.76626e-08
-6.76354e-08
-6.05798e-08
-5.58887e-08
-5.34318e-08
-5.28069e-08
-5.41471e-08
-5.64908e-08
-5.63827e-08
-4.80632e-08
-2.7876e-08
2.02253e-08
9.95846e-08
2.51993e-07
5.53635e-07
1.12476e-06
2.18809e-06
3.97226e-06
5.47781e-06
6.14971e-06
5.98748e-06
1.25587e-05
7.55483e-05
0.000524282
0.00160727
0.00350263
0.00634066
0.0105015
0.0156402
0.0217863
0.0282228
0.0340375
0.0392468
0.0437617
0.0471609
0.048636
0.0494881
0.0508314
0.052462
0.0523187
0.0510195
0.0484928
0.0455891
0.0424774
0.038627
0.0337689
0.0274005
0.020324
0.0141746
0.011392
0.0112601
0.0134616
0.0169667
0.0221505
0.0280541
0.0340689
0.0401818
0.0460974
0.051863
0.0571579
0.0617555
0.0639827
0.0660184
0.0671944
0.0670799
0.0658847
0.0636349
0.060714
0.0572376
0.0531678
0.0488753
0.0447305
0.0407589
0.0371248
0.0339092
0.0311061
0.0287164
0.0267004
0.025015
0.0236234
0.0224767
0.0215145
0.0207391
0.020105
0.0195221
0.0190469
0.0186163
0.0181602
0.0178037
0.0174249
0.0171051
0.0168491
0.0166859
0.0166856
0.0169246
0.0173707
0.018547
0.0203287
0.0234046
0.0275765
0.0329567
0.0392669
0.0458025
0.0527801
0.0596152
0.0659655
0.0712157
0.0735861
0.0749567
0.0750707
0.0728651
0.0677659
0.0631035
0.0578057
0.05179
0.0462497
0.042937
0.0424363
0.0455192
0.0509858
0.0580015
0.0663353
0.0750543
0.0826257
0.0874882
0.0880274
0.0872262
0.0849434
0.0804276
0.0745098
0.0688519
0.0643646
0.061738
0.0613428
0.0625121
0.0642648
0.0664286
0.0687609
0.0708568
0.0725588
0.0742875
0.0765503
0.0794147
0.083218
0.0880269
0.0935983
0.0994783
0.10504
0.109789
0.11231
0.112533
0.112052
-2.2653e-24
1.52906e-23
-6.70698e-23
2.22152e-22
-5.31139e-22
8.4348e-22
-8.64532e-22
2.23333e-21
-1.5037e-20
6.59428e-20
-1.94246e-19
4.37685e-19
-8.63803e-19
1.51188e-18
-1.89269e-18
-2.9393e-18
2.12803e-17
-2.64442e-17
4.04162e-17
8.55109e-16
6.18852e-15
4.762e-14
1.25888e-13
3.82229e-13
4.13331e-12
1.82831e-11
5.65428e-11
1.04894e-10
1.89011e-10
3.71738e-10
1.91751e-09
-2.15681e-09
-4.58443e-09
-4.05901e-09
-5.51642e-08
-9.83163e-08
-1.17369e-07
-1.19251e-07
-1.07333e-07
-8.70792e-08
-6.33965e-08
-4.37606e-08
-2.98694e-08
-2.05176e-08
-1.43631e-08
-1.02513e-08
-7.44282e-09
-5.54066e-09
-4.19952e-09
-3.25788e-09
-2.5955e-09
-2.12333e-09
-1.80383e-09
-1.58854e-09
-1.4672e-09
-1.68813e-09
-3.07791e-09
-5.258e-09
-7.25198e-09
-7.3176e-09
-3.48096e-09
1.45704e-08
5.54514e-08
1.29683e-07
2.6164e-07
4.81258e-07
9.10359e-07
1.38413e-06
1.93289e-06
3.42307e-06
7.15416e-06
8.48239e-06
1.16016e-05
3.88385e-05
0.000196685
0.000847127
0.00219312
0.00443733
0.00794574
0.0128229
0.0183839
0.0242367
0.0301575
0.0353612
0.0395019
0.0430195
0.0459319
0.0485473
0.0504797
0.0518468
0.0531775
0.0551749
0.0569162
0.0591913
0.0606592
0.0616049
0.0623257
0.0633994
0.0648067
0.0660497
0.0670203
0.0676794
0.0681007
0.0684447
0.0687697
0.068693
0.0680057
0.0663983
0.0638498
0.0604004
0.0563924
0.0512016
0.0451878
0.0389414
0.0328532
0.0273471
0.0225556
0.0184905
0.0151419
0.0124158
0.010233
0.00858456
0.00734207
0.00638891
0.00565335
0.00507998
0.00462987
0.00427515
0.00399154
0.00375915
0.00357204
0.00341665
0.00327328
0.0031525
0.00303919
0.0029256
0.00283005
0.00273349
0.00265012
0.00258116
0.00253108
0.0025128
0.00253376
0.00260658
0.00274418
0.00296407
0.00343255
0.00428827
0.00579755
0.00832658
0.0118813
0.0172438
0.0238278
0.0317002
0.0411448
0.0507903
0.0594385
0.0665994
0.0711853
0.0726821
0.0735742
0.0737369
0.0732286
0.072226
0.0712485
0.0708011
0.0711975
0.0723192
0.073769
0.0758001
0.0790502
0.0821516
0.0828187
0.0817815
0.0783653
0.0726278
0.0650369
0.0563521
0.0474475
0.0391605
0.0321882
0.0270699
0.0242197
0.0239553
0.0265285
0.0320463
0.0403826
0.0509802
0.0622757
0.070578
0.0757689
0.0801759
0.0844694
0.0883412
0.0926012
0.0964328
0.0993348
0.101065
0.102044
0.100816
-6.60795e-25
3.45017e-24
-1.04821e-23
2.21666e-23
-3.42709e-23
1.08316e-22
-6.81374e-22
3.20217e-21
-1.08004e-20
2.97956e-20
-7.68661e-20
1.90593e-19
-3.89459e-19
4.1214e-19
9.15782e-19
-6.43713e-18
1.61009e-17
-3.53917e-17
6.62146e-17
-7.603e-17
1.02098e-15
8.5472e-15
1.51269e-14
1.88833e-14
1.24576e-13
6.09041e-13
2.07323e-12
4.32089e-12
7.32265e-12
3.43713e-11
8.69067e-11
-7.0965e-10
-7.00055e-10
9.05641e-11
6.43058e-10
1.02538e-09
1.06244e-09
8.37355e-10
4.28785e-10
7.77623e-12
-2.68157e-10
-4.12171e-10
-4.69229e-10
-4.74281e-10
-4.52528e-10
-4.14232e-10
-3.65942e-10
-3.16777e-10
-2.67654e-10
-2.22877e-10
-1.83954e-10
-1.50673e-10
-1.23597e-10
-1.00713e-10
-8.13526e-11
-6.31176e-11
-4.39097e-11
-1.59054e-12
1.27642e-10
5.26141e-10
9.01585e-10
1.65951e-09
5.74417e-09
1.58586e-08
3.46931e-08
6.70016e-08
1.24455e-07
2.70991e-07
5.96288e-07
1.04655e-06
1.78115e-06
2.84522e-06
4.07905e-06
8.39203e-06
1.24938e-05
1.28895e-05
2.32561e-05
9.8405e-05
0.000469772
0.00146241
0.00321606
0.00587396
0.00969882
0.0141886
0.0187573
0.0230151
0.0266587
0.0298886
0.0328725
0.0355057
0.0377811
0.040112
0.0427312
0.045594
0.0485574
0.0513317
0.0538621
0.0559446
0.0578658
0.0593747
0.0603829
0.0604502
0.0594767
0.0574091
0.0542075
0.0497822
0.0442131
0.0380955
0.0319086
0.0260196
0.0206618
0.0159844
0.0120366
0.00891395
0.00664342
0.00503881
0.00388852
0.00304819
0.00243003
0.00196892
0.0016203
0.00135584
0.00115359
0.000997309
0.000876558
0.000782565
0.000708943
0.000650959
0.000604511
0.000566333
0.000535185
0.000508936
0.000484261
0.000462988
0.000442549
0.000422156
0.000404164
0.000386192
0.000370105
0.000356285
0.000345218
0.000338812
0.000337812
0.000344292
0.000358524
0.000379389
0.000412527
0.000459371
0.000526496
0.000621754
0.000737241
0.00143882
0.00299662
0.00587554
0.0104131
0.0175706
0.0263719
0.0365747
0.0471309
0.0562543
0.0621802
0.0665516
0.0693035
0.070613
0.0712593
0.0717978
0.0722641
0.0729748
0.0738232
0.0742072
0.073969
0.0729309
0.0705597
0.0665973
0.0609953
0.0539575
0.0459543
0.0376337
0.0296619
0.0225677
0.0166643
0.0120693
0.00879726
0.00688805
0.00645267
0.0073042
0.00938851
0.012962
0.0187385
0.0274734
0.0380742
0.0494712
0.0606701
0.0707907
0.0791367
0.0850106
0.088735
0.0908076
0.0922266
0.0905142
-5.52446e-28
-1.53787e-25
1.17758e-24
-4.26898e-24
6.38284e-24
1.76895e-23
-1.35013e-22
4.37735e-22
-1.07878e-21
2.77211e-21
-7.48236e-21
1.54628e-20
-1.14721e-20
-6.1868e-20
3.25571e-19
-8.95224e-19
1.52115e-18
-1.91812e-18
6.37946e-19
-4.78269e-18
2.30945e-17
2.58429e-16
2.13762e-16
-1.50729e-16
3.05311e-15
2.15861e-14
8.34878e-14
1.7608e-13
4.62792e-13
8.50777e-12
-2.69383e-11
-4.07647e-11
-4.21765e-11
4.69556e-11
2.10593e-10
3.62518e-10
4.53087e-10
4.76468e-10
4.45661e-10
3.93623e-10
3.12769e-10
2.35174e-10
1.76314e-10
1.3057e-10
9.42474e-11
6.59659e-11
4.45207e-11
2.87101e-11
1.74208e-11
9.62499e-12
4.47572e-12
1.29217e-12
-5.11231e-13
-1.36083e-12
-1.65562e-12
-1.55487e-12
-1.46307e-12
-1.77913e-12
2.30766e-12
4.75105e-11
1.7076e-10
4.63479e-10
9.20322e-10
2.38825e-09
5.30027e-09
1.05098e-08
2.03988e-08
3.99364e-08
9.5637e-08
1.73077e-07
2.97587e-07
6.56413e-07
1.23487e-06
2.01079e-06
3.19099e-06
4.32443e-06
6.57032e-06
1.0578e-05
1.08296e-05
5.95264e-06
1.25619e-05
0.000126429
0.000618601
0.00160092
0.00308632
0.00500582
0.00723513
0.00945805
0.0114123
0.0130333
0.0143149
0.0153515
0.0163375
0.0172888
0.0183903
0.0195215
0.020852
0.022088
0.0232289
0.023879
0.0239459
0.023098
0.0213621
0.0188805
0.0158717
0.012685
0.00967787
0.0072408
0.00537456
0.00397318
0.00293168
0.00216184
0.00159537
0.00118269
0.000878448
0.000657142
0.000496071
0.000378663
0.000293509
0.000231403
0.000185756
0.000152271
0.000127525
0.000109068
9.53225e-05
8.50262e-05
7.72811e-05
7.14257e-05
6.6905e-05
6.32933e-05
6.04077e-05
5.79616e-05
5.55602e-05
5.34391e-05
5.12461e-05
4.89407e-05
4.67869e-05
4.4543e-05
4.24296e-05
4.05297e-05
3.88928e-05
3.77734e-05
3.7238e-05
3.75446e-05
3.87495e-05
4.06625e-05
4.39122e-05
4.87418e-05
5.58976e-05
6.69032e-05
8.19775e-05
0.000104907
0.000135439
0.000169091
0.000257916
0.00139908
0.0040259
0.00870941
0.0156032
0.0243934
0.031421
0.0371743
0.0416198
0.0449308
0.0468085
0.0477018
0.0475091
0.0471413
0.0469994
0.0468537
0.0463111
0.0449725
0.0425485
0.0389442
0.0342986
0.0288979
0.0231937
0.0177439
0.0129904
0.00915504
0.00625503
0.00417869
0.00276461
0.0018863
0.00149436
0.00149683
0.00185365
0.00263662
0.00402758
0.00629437
0.009672
0.0145144
0.0211629
0.0288451
0.0367997
0.0442774
0.0507584
0.0557426
0.0594792
0.061027
2.41804e-26
-1.37958e-25
5.00126e-25
-1.45826e-24
3.78557e-24
-1.13239e-23
4.02606e-23
-1.3334e-22
3.70591e-22
-9.44064e-22
2.49036e-21
-6.36497e-21
1.23442e-20
-9.32047e-21
-3.84622e-20
1.75865e-19
-3.45139e-19
3.42865e-19
-1.46562e-19
1.0742e-18
-1.32869e-17
-3.02354e-19
-3.71864e-17
-1.15622e-16
-1.91339e-16
7.36049e-16
3.68583e-15
7.76097e-15
1.41511e-13
5.86402e-13
-3.56413e-12
-4.19616e-12
-1.65269e-12
1.46784e-11
3.29756e-11
5.05503e-11
6.40385e-11
6.92508e-11
6.63489e-11
5.68105e-11
4.30672e-11
2.98408e-11
1.94998e-11
1.26058e-11
8.16426e-12
5.15061e-12
3.09097e-12
1.7274e-12
8.55801e-13
3.96048e-13
3.63691e-13
5.88133e-13
8.42287e-13
1.0374e-12
1.20097e-12
1.29354e-12
1.26651e-12
1.15895e-12
7.73524e-13
7.09769e-12
2.7502e-11
8.72272e-11
1.72476e-10
3.85828e-10
8.513e-10
1.72388e-09
3.44621e-09
6.90333e-09
1.42999e-08
2.65448e-08
4.69802e-08
8.97333e-08
1.81376e-07
2.79698e-07
5.20171e-07
1.02135e-06
1.69442e-06
2.27817e-06
1.48345e-06
1.99355e-08
-3.16564e-07
-2.21258e-06
-5.41286e-06
-9.62926e-06
-1.39231e-05
-1.56415e-05
6.08251e-05
0.000253733
0.000497014
0.000730895
0.000911746
0.00102428
0.00108574
0.00110668
0.00114542
0.00119635
0.00129181
0.00136748
0.00148805
0.00162947
0.00176084
0.00182256
0.00179544
0.00167308
0.0014698
0.00122673
0.000973764
0.000741438
0.000544889
0.000389292
0.000272586
0.000188025
0.000128186
8.66479e-05
5.78305e-05
3.81153e-05
2.46198e-05
1.53994e-05
9.179e-06
5.02709e-06
2.3092e-06
6.0618e-07
-3.86962e-07
-8.67558e-07
-9.80982e-07
-8.48569e-07
-5.60008e-07
-1.82821e-07
2.28931e-07
6.35212e-07
1.01345e-06
1.33683e-06
1.57669e-06
1.75585e-06
1.85462e-06
1.87904e-06
1.8506e-06
1.76028e-06
1.62998e-06
1.47468e-06
1.30004e-06
1.12852e-06
9.64885e-07
8.30031e-07
7.3059e-07
6.53185e-07
6.48236e-07
7.51712e-07
1.05758e-06
1.74398e-06
3.03789e-06
5.55332e-06
9.88273e-06
1.81691e-05
3.14659e-05
4.3163e-05
4.30918e-05
0.000105352
0.0010892
0.00354969
0.00626952
0.00903843
0.0115955
0.0138237
0.0152136
0.0159444
0.0159427
0.015822
0.0158308
0.0158134
0.0155445
0.0148368
0.013604
0.011893
0.00986735
0.00769477
0.00564424
0.00399273
0.00277869
0.0019219
0.00132525
0.000910467
0.000621604
0.000423169
0.00030303
0.00026167
0.000299938
0.000429154
0.000680117
0.00110572
0.00178157
0.00282306
0.00435704
0.00639345
0.00885129
0.0115773
0.0144102
0.017014
0.0190923
0.0206284
9.88502e-28
-3.56779e-27
8.23837e-27
-3.58893e-26
2.42623e-25
-1.29931e-24
4.99028e-24
-1.51049e-23
4.18512e-23
-1.16538e-22
3.00173e-22
-5.92994e-22
5.77046e-22
1.2899e-21
-8.10492e-21
2.14201e-20
-3.04422e-20
7.49228e-21
5.01943e-20
8.34154e-20
-2.25088e-19
-1.58901e-18
-9.21802e-18
-1.35151e-18
-1.10784e-17
5.78096e-17
5.95243e-17
5.68646e-16
3.44968e-14
-1.22407e-13
-1.02505e-13
-3.75241e-13
5.76537e-13
2.28857e-12
3.60357e-12
4.38082e-12
4.55793e-12
4.15466e-12
3.35732e-12
2.4783e-12
1.68707e-12
1.09167e-12
5.14011e-13
-3.72136e-13
-1.31603e-12
-2.20409e-12
-2.8469e-12
-3.21365e-12
-3.33538e-12
-3.10313e-12
-2.28548e-12
-4.9165e-13
2.10527e-12
4.70071e-12
7.11134e-12
8.92097e-12
9.81703e-12
9.83136e-12
9.1012e-12
7.87382e-12
7.50811e-12
1.09463e-11
2.01192e-11
4.70177e-11
1.1453e-10
2.5417e-10
5.45359e-10
1.15019e-09
2.36939e-09
4.45719e-09
8.11414e-09
1.51013e-08
2.7964e-08
4.52613e-08
7.55509e-08
1.34677e-07
2.2886e-07
3.548e-07
4.21811e-07
3.94984e-07
1.11718e-07
-1.5091e-06
-4.12004e-06
-7.13065e-06
-9.94755e-06
-1.23822e-05
-1.50297e-05
-1.6107e-05
-1.72876e-05
-1.81323e-05
-1.8389e-05
-1.79804e-05
-1.69171e-05
-1.52714e-05
-1.30969e-05
-1.06703e-05
-8.19567e-06
-5.95337e-06
-4.17125e-06
-2.97003e-06
-2.34499e-06
-2.30103e-06
-2.77624e-06
-3.64381e-06
-4.76938e-06
-6.03013e-06
-7.31975e-06
-8.55995e-06
-9.68162e-06
-1.06268e-05
-1.13645e-05
-1.18813e-05
-1.21914e-05
-1.23272e-05
-1.23143e-05
-1.21798e-05
-1.19232e-05
-1.15521e-05
-1.10872e-05
-1.05485e-05
-9.95981e-06
-9.36804e-06
-8.58488e-06
-7.75257e-06
-6.92291e-06
-6.12842e-06
-5.38589e-06
-4.70457e-06
-4.08618e-06
-3.5287e-06
-3.0334e-06
-2.60654e-06
-2.24206e-06
-1.98031e-06
-1.77974e-06
-1.62651e-06
-1.51911e-06
-1.45546e-06
-1.43373e-06
-1.45127e-06
-1.49965e-06
-1.57894e-06
-1.68686e-06
-1.82283e-06
-1.99616e-06
-2.16903e-06
-2.37122e-06
-2.58928e-06
-2.8095e-06
-3.03368e-06
-3.21796e-06
-3.23882e-06
-2.9625e-06
-2.09978e-06
1.87189e-08
4.50983e-06
1.17427e-05
2.85502e-05
3.61998e-05
3.73351e-05
9.15221e-05
0.000278853
0.000607968
0.00101647
0.00138627
0.00166871
0.00181232
0.00189479
0.00194843
0.00195615
0.00190086
0.00177642
0.0015917
0.0013674
0.00112871
0.000898718
0.000691293
0.000512276
0.00036416
0.000244778
0.000153565
8.7525e-05
4.22373e-05
1.34118e-05
-2.27575e-06
-6.47642e-06
1.25222e-06
2.35207e-05
6.57989e-05
0.000137318
0.000250654
0.000419274
0.000648599
0.000939256
0.00128536
0.00167246
0.00207948
0.00246829
0.00279114
0.00304525
-6.02275e-29
2.54214e-28
-6.53877e-28
2.04079e-27
-8.98435e-27
4.48793e-26
-1.88043e-25
6.20782e-25
-1.71653e-24
4.6442e-24
-1.35231e-23
3.65882e-23
-6.81511e-23
1.62096e-23
3.88815e-22
-1.35902e-21
2.02741e-21
-5.76622e-22
2.77916e-22
-2.31005e-20
1.35007e-19
-4.05813e-20
-5.13579e-19
3.73984e-18
-1.72172e-18
5.05085e-17
-1.93208e-16
6.71098e-16
-1.62631e-15
-8.21957e-15
-1.44411e-14
1.40471e-14
1.44133e-13
2.67603e-13
3.61657e-13
4.05323e-13
4.05845e-13
3.65087e-13
2.90048e-13
2.15504e-13
8.00311e-14
-2.13572e-13
-1.51675e-12
-5.11834e-12
-8.56548e-12
-1.11485e-11
-1.26684e-11
-1.32536e-11
-1.32202e-11
-1.23539e-11
-1.02967e-11
-6.59442e-12
-2.31039e-13
1.31292e-11
3.07909e-11
4.80054e-11
6.02471e-11
6.3879e-11
6.00234e-11
5.20975e-11
3.801e-11
2.32751e-11
1.07683e-11
6.65582e-12
1.20232e-11
3.06526e-11
7.54474e-11
1.78092e-10
3.90704e-10
7.6215e-10
1.41346e-09
2.61742e-09
4.69782e-09
7.78163e-09
1.29122e-08
2.17462e-08
3.51599e-08
5.56669e-08
9.21196e-08
1.71121e-07
2.53334e-07
2.03285e-07
-7.46637e-08
-6.3075e-07
-1.5331e-06
-2.89542e-06
-5.51306e-06
-8.40647e-06
-1.1239e-05
-1.40361e-05
-1.59914e-05
-1.69448e-05
-1.71239e-05
-1.68586e-05
-1.62049e-05
-1.47134e-05
-1.25599e-05
-1.00783e-05
-7.58498e-06
-5.34219e-06
-3.52491e-06
-2.19003e-06
-1.32683e-06
-9.94945e-07
-9.73672e-07
-1.11295e-06
-1.37384e-06
-1.72371e-06
-2.12329e-06
-2.52134e-06
-2.87626e-06
-3.14238e-06
-3.29762e-06
-3.34758e-06
-3.29402e-06
-3.16131e-06
-2.96923e-06
-2.73623e-06
-2.48385e-06
-2.22416e-06
-1.96688e-06
-1.72485e-06
-1.506e-06
-1.31346e-06
-1.14765e-06
-1.00551e-06
-8.83307e-07
-7.77523e-07
-6.85254e-07
-6.04332e-07
-5.33822e-07
-4.73452e-07
-4.22618e-07
-3.82736e-07
-3.52327e-07
-3.31096e-07
-3.18924e-07
-3.14979e-07
-3.1883e-07
-3.31016e-07
-3.52127e-07
-3.8555e-07
-4.33132e-07
-4.9656e-07
-5.78191e-07
-6.93889e-07
-8.58815e-07
-1.06967e-06
-1.34715e-06
-1.70855e-06
-2.10499e-06
-2.48357e-06
-2.81856e-06
-2.98692e-06
-2.70428e-06
-2.01014e-06
3.6976e-07
5.04653e-06
9.64432e-06
1.58964e-05
2.4023e-05
3.23463e-05
3.37812e-05
3.24322e-05
2.94076e-05
2.55979e-05
2.12462e-05
1.74278e-05
1.47467e-05
1.26246e-05
1.02974e-05
7.77126e-06
5.28736e-06
2.57659e-06
-1.31017e-06
-7.12257e-06
-1.37086e-05
-2.02258e-05
-2.68566e-05
-3.43849e-05
-4.83478e-05
-5.55932e-05
-5.93214e-05
-5.93085e-05
-5.65135e-05
-5.19625e-05
-4.61346e-05
-3.8941e-05
-3.00306e-05
-1.91013e-05
-5.14685e-06
1.74104e-05
5.91952e-05
9.424e-05
0.00013105
0.000172719
0.00021955
0.00027146
0.000328032
0.000398041
-1.33026e-28
8.41648e-28
-4.03828e-27
1.22818e-26
-1.39377e-26
-3.60264e-26
1.72622e-25
-2.08007e-25
-3.19257e-25
1.22287e-24
-7.91977e-25
-1.95525e-24
3.32605e-24
-2.71045e-24
4.97456e-24
-3.39808e-23
1.26415e-22
-5.55554e-23
1.46286e-22
-1.11323e-21
3.45769e-21
-5.04917e-21
8.38119e-20
2.52958e-19
-1.32814e-19
3.10649e-18
-1.50176e-17
5.76376e-17
-2.71186e-16
-1.02651e-16
-1.07649e-15
7.61465e-15
1.22761e-14
2.16644e-14
3.16743e-14
3.55034e-14
3.41237e-14
2.88836e-14
2.45507e-14
5.51886e-14
-1.70129e-13
-1.54185e-12
-1.19244e-11
-3.51291e-11
-5.81693e-11
-7.67273e-11
-8.95944e-11
-9.62284e-11
-9.81551e-11
-9.57041e-11
-8.85755e-11
-7.41905e-11
-4.92471e-11
-1.00764e-11
4.09241e-11
8.72543e-11
9.52251e-11
8.34977e-11
5.6667e-11
2.23623e-11
-1.13293e-11
-3.91828e-11
-5.82182e-11
-6.85402e-11
-7.18373e-11
-6.83928e-11
-5.82021e-11
-3.44458e-11
1.34035e-11
9.59946e-11
2.33893e-10
4.61734e-10
8.36156e-10
1.44312e-09
2.40126e-09
4.00262e-09
6.48256e-09
1.02453e-08
1.98815e-08
5.01794e-08
9.75184e-08
1.46835e-07
1.67117e-07
1.65968e-07
1.22968e-07
-4.44516e-08
-5.3787e-07
-1.41823e-06
-2.67418e-06
-4.412e-06
-6.23027e-06
-7.73733e-06
-8.71894e-06
-9.07233e-06
-8.85955e-06
-8.13363e-06
-7.05808e-06
-5.76859e-06
-4.46186e-06
-3.26032e-06
-2.26232e-06
-1.49098e-06
-9.35896e-07
-5.58868e-07
-3.21911e-07
-2.04046e-07
-1.80369e-07
-1.92899e-07
-2.18152e-07
-2.47439e-07
-2.76786e-07
-3.02777e-07
-3.23593e-07
-3.38082e-07
-3.44842e-07
-3.47791e-07
-3.4869e-07
-3.48981e-07
-3.49367e-07
-3.50986e-07
-3.55441e-07
-3.63016e-07
-3.73218e-07
-3.82662e-07
-3.85926e-07
-3.79871e-07
-3.64741e-07
-3.42723e-07
-3.15633e-07
-2.83902e-07
-2.50211e-07
-2.19271e-07
-1.92875e-07
-1.71289e-07
-1.53564e-07
-1.40059e-07
-1.31677e-07
-1.27236e-07
-1.27084e-07
-1.33974e-07
-1.5116e-07
-1.84825e-07
-2.39072e-07
-3.09195e-07
-3.82212e-07
-4.59668e-07
-5.38784e-07
-6.16842e-07
-6.96467e-07
-7.73129e-07
-9.08171e-07
-1.11258e-06
-1.39618e-06
-1.77924e-06
-2.07221e-06
-2.25796e-06
-2.01532e-06
-1.17345e-06
6.4336e-07
4.3597e-06
7.32895e-06
9.78309e-06
1.1234e-05
1.12343e-05
9.34958e-06
5.7475e-06
1.2889e-06
-3.22346e-06
-6.30222e-06
-8.80045e-06
-1.20051e-05
-1.44727e-05
-1.4142e-05
-1.14222e-05
-7.4356e-06
-6.40356e-06
-8.38707e-06
6.88153e-06
8.55314e-05
0.000314476
0.000804295
0.00147535
0.00212553
0.00254355
0.00260628
0.00233869
0.00189908
0.00145085
0.00105944
0.000747614
0.000515136
0.000350645
0.000242721
0.000180957
0.000156845
0.000164757
0.000205763
0.000298147
0.000443363
0.000796022
-1.06732e-27
1.32726e-26
-8.45477e-26
3.40885e-25
-1.03254e-24
2.20755e-24
-2.87213e-24
3.05896e-25
7.12602e-24
-1.28294e-23
2.28927e-24
1.64943e-23
8.54916e-24
-7.02603e-23
3.35721e-23
3.18751e-22
6.3977e-22
9.14553e-22
1.08578e-21
1.49218e-21
8.6122e-22
3.11118e-22
1.97254e-20
-6.85816e-20
2.71779e-19
-1.4154e-18
3.77049e-18
-8.60997e-18
4.50107e-18
-1.9023e-18
1.97223e-16
4.35853e-16
4.84149e-16
1.16135e-15
2.08339e-15
2.52627e-15
2.59691e-15
1.98697e-15
2.09002e-14
1.56082e-13
-3.05053e-13
-1.36048e-11
-8.95376e-11
-2.5952e-10
-4.26372e-10
-5.6076e-10
-6.57583e-10
-7.07249e-10
-7.35598e-10
-6.89888e-10
-5.82865e-10
-4.42733e-10
-2.95639e-10
-1.68587e-10
-8.98441e-11
-8.28562e-11
-1.63486e-10
-3.29299e-10
-5.69193e-10
-8.38168e-10
-1.10348e-09
-1.31313e-09
-1.44463e-09
-1.48734e-09
-1.44888e-09
-1.35092e-09
-1.21408e-09
-1.06121e-09
-9.10773e-10
-7.6287e-10
-6.1244e-10
-4.56093e-10
-2.89446e-10
-6.39645e-11
2.48124e-10
6.96157e-10
1.44703e-09
2.22629e-09
3.4608e-09
7.89651e-09
1.67625e-08
3.46664e-08
5.70155e-08
7.64837e-08
8.58905e-08
7.84673e-08
6.67109e-08
5.40017e-08
1.3931e-08
-1.25066e-07
-3.49986e-07
-6.08742e-07
-8.39687e-07
-9.72463e-07
-9.972e-07
-9.10247e-07
-7.56043e-07
-5.77951e-07
-4.23273e-07
-2.98323e-07
-2.04549e-07
-1.3612e-07
-8.81028e-08
-5.50646e-08
-3.28405e-08
-1.81779e-08
-8.73083e-09
-2.46544e-09
1.47767e-09
3.84395e-09
5.49732e-09
6.87027e-09
7.53328e-09
6.45468e-09
1.50032e-09
-7.36006e-09
-2.32525e-08
-4.36614e-08
-6.56175e-08
-1.07436e-07
-1.63302e-07
-2.25204e-07
-2.918e-07
-3.46729e-07
-3.73381e-07
-3.76903e-07
-3.70057e-07
-3.53499e-07
-3.20433e-07
-2.80492e-07
-2.31209e-07
-1.92578e-07
-1.68348e-07
-1.51683e-07
-1.4219e-07
-1.51434e-07
-2.1304e-07
-3.04152e-07
-4.42758e-07
-6.30383e-07
-8.55224e-07
-1.10533e-06
-1.37794e-06
-1.63309e-06
-1.8552e-06
-2.07095e-06
-2.12855e-06
-2.12063e-06
-2.08197e-06
-2.01888e-06
-1.90222e-06
-1.76211e-06
-1.63312e-06
-1.61313e-06
-1.6616e-06
-1.78611e-06
-1.9144e-06
-1.86601e-06
-1.66321e-06
-9.40097e-07
-1.55066e-07
5.62068e-07
1.12878e-06
1.45967e-06
1.53835e-06
1.5382e-06
1.16117e-06
4.83331e-07
-3.74132e-08
5.4336e-07
6.16834e-06
1.23197e-05
2.35895e-05
6.35916e-05
0.000189938
0.000529963
0.00136088
0.00301046
0.00559634
0.00920153
0.0138475
0.0186246
0.0225395
0.0249058
0.0253538
0.0238983
0.0209095
0.0169893
0.0128413
0.00905278
0.00596894
0.0037042
0.00226161
0.0015164
0.00120409
0.00118314
0.00140582
0.00197056
0.00267134
0.00517618
1.03151e-26
-3.78649e-26
8.26675e-26
-8.79082e-26
-6.67903e-25
4.27585e-24
-1.35266e-23
2.37893e-23
-4.18198e-24
-1.03269e-22
2.64362e-22
-8.61768e-23
-8.10272e-22
1.32485e-21
1.08055e-21
-3.62982e-21
-9.85395e-21
-1.73168e-20
-2.46492e-20
-3.14522e-20
-3.98253e-20
-5.69347e-20
-8.95062e-20
-1.45335e-19
-1.81384e-19
-3.97173e-19
-4.65212e-21
-1.31436e-18
2.34966e-18
-5.21639e-18
3.0982e-17
5.04823e-17
5.65401e-17
8.39048e-17
1.56769e-16
2.11657e-16
1.38505e-16
1.41238e-15
1.8253e-13
3.1871e-12
1.20475e-12
-1.08954e-10
-7.41841e-10
-2.06354e-09
-3.15362e-09
-3.9318e-09
-4.45328e-09
-4.69161e-09
-4.71298e-09
-1.10569e-08
-2.53869e-08
-4.57812e-08
-6.98079e-08
-9.49671e-08
-1.17515e-07
-1.3475e-07
-1.44546e-07
-1.47675e-07
-1.46473e-07
-1.40027e-07
-1.30975e-07
-1.19583e-07
-1.07238e-07
-9.44198e-08
-8.15473e-08
-6.90699e-08
-5.7333e-08
-4.67443e-08
-3.75682e-08
-2.98224e-08
-2.3512e-08
-1.83981e-08
-1.43675e-08
-1.12067e-08
-8.75366e-09
-6.86352e-09
-5.29657e-09
-4.06193e-09
-3.15227e-09
-2.14088e-09
-9.37094e-10
3.67478e-10
3.74799e-09
9.24467e-09
1.68421e-08
2.48029e-08
2.9e-08
3.00603e-08
2.75645e-08
1.97743e-08
1.36321e-08
9.67614e-09
6.93848e-09
5.15585e-09
4.12244e-09
3.62069e-09
3.4089e-09
3.31484e-09
3.25659e-09
3.21753e-09
3.22107e-09
3.32701e-09
3.57806e-09
4.05473e-09
4.79472e-09
6.17519e-09
9.1927e-09
1.37048e-08
1.65282e-08
2.00786e-08
2.52307e-08
3.21556e-08
3.8844e-08
4.13333e-08
3.27466e-08
4.5988e-10
-7.46498e-08
-1.62164e-07
-2.54544e-07
-3.66415e-07
-4.75898e-07
-5.71445e-07
-6.43747e-07
-6.56512e-07
-6.50583e-07
-6.24196e-07
-5.58148e-07
-4.80856e-07
-4.17397e-07
-4.01728e-07
-4.3657e-07
-5.2817e-07
-6.58109e-07
-8.09463e-07
-8.89322e-07
-8.53249e-07
-5.41693e-07
-4.35997e-07
-6.45461e-07
-1.03891e-06
-1.53664e-06
-2.00021e-06
-2.34169e-06
-2.47031e-06
-2.39928e-06
-2.19136e-06
-1.89438e-06
-1.56872e-06
-1.25997e-06
-1.01015e-06
-8.13346e-07
-6.92901e-07
-6.39486e-07
-6.52529e-07
-7.05869e-07
-8.32339e-07
-1.01359e-06
-1.20454e-06
-1.27257e-06
-1.20035e-06
-1.02844e-06
-8.11498e-07
-5.0452e-07
4.43595e-08
1.25094e-06
2.72048e-06
4.29532e-06
3.79098e-06
2.26916e-06
1.39882e-05
9.23945e-05
0.000435148
0.00130864
0.00287706
0.00536039
0.00899299
0.0142795
0.0214763
0.0296833
0.0381166
0.0459385
0.0523403
0.0566434
0.0583772
0.0573708
0.0537875
0.048082
0.0409708
0.0333026
0.0258781
0.0193177
0.0140138
0.0101983
0.008157
0.00773173
0.00849392
0.0102919
0.013604
0.0169396
0.0293454
1.25262e-25
-7.26504e-25
3.11644e-24
-1.0841e-23
3.23352e-23
-7.92883e-23
1.52316e-22
-1.79652e-22
-8.09625e-23
8.74951e-22
-1.30593e-21
-8.10507e-22
1.36394e-21
1.37937e-20
-2.80257e-20
-9.20103e-20
-1.47806e-19
-1.81498e-19
-1.68141e-19
-1.60672e-19
-1.84888e-19
-2.54215e-19
-3.416e-19
-3.59391e-19
-1.63767e-19
6.51562e-19
2.14902e-18
4.94416e-18
8.54163e-18
1.22748e-17
1.65794e-17
2.17273e-17
2.74028e-17
1.89174e-17
3.30532e-19
3.9538e-17
-2.60963e-16
6.77647e-16
2.46388e-12
3.72645e-11
-1.56309e-10
-2.49166e-09
-1.11666e-08
-3.91478e-08
-7.67996e-08
-1.29397e-07
-2.03524e-07
-2.90952e-07
-3.88841e-07
-5.09442e-07
-6.31957e-07
-7.39896e-07
-8.29329e-07
-8.97612e-07
-9.40206e-07
-9.54305e-07
-9.39847e-07
-8.96375e-07
-8.33893e-07
-7.57478e-07
-6.80659e-07
-6.08541e-07
-5.45881e-07
-4.92347e-07
-4.45934e-07
-4.03811e-07
-3.63442e-07
-3.23403e-07
-2.83705e-07
-2.44562e-07
-2.07568e-07
-1.73201e-07
-1.42581e-07
-1.15871e-07
-9.30254e-08
-7.37604e-08
-5.79918e-08
-4.53545e-08
-3.55067e-08
-2.80038e-08
-2.2081e-08
-1.77169e-08
-1.43648e-08
-1.12263e-08
-8.0481e-09
-4.59781e-09
-1.4328e-09
9.19417e-10
3.25247e-09
4.88288e-09
5.26329e-09
4.86392e-09
4.15353e-09
3.4304e-09
2.88894e-09
2.54279e-09
2.45852e-09
2.55166e-09
2.82754e-09
3.42244e-09
4.12622e-09
5.00839e-09
6.01548e-09
7.68829e-09
1.09404e-08
1.82359e-08
3.06142e-08
2.41971e-08
-2.6158e-08
-1.10416e-07
-2.44082e-07
-4.08218e-07
-5.68388e-07
-6.92918e-07
-8.06829e-07
-8.92112e-07
-8.39242e-07
-6.92982e-07
-6.78031e-07
-7.38018e-07
-7.81793e-07
-7.75391e-07
-7.10541e-07
-5.93299e-07
-4.35601e-07
-2.55093e-07
-8.71821e-08
3.66734e-08
9.90426e-08
9.69956e-08
1.87809e-08
-1.34527e-07
-4.12354e-07
-6.99471e-07
-6.52926e-07
1.95636e-06
1.6841e-05
8.51361e-05
0.000295441
0.00063601
0.00110079
0.00162329
0.00218136
0.00267269
0.0030537
0.0033012
0.00341495
0.00337324
0.00320706
0.00291162
0.00256214
0.00216331
0.0017821
0.00141972
0.00110779
0.000839535
0.000622078
0.000457537
0.000360998
0.000297967
0.000273686
0.000275684
0.000293072
0.000327535
0.000383471
0.000494292
0.0011746
0.00251986
0.00453299
0.00718102
0.0104369
0.0144867
0.0195848
0.0257543
0.0332945
0.0418011
0.0505134
0.0588487
0.066427
0.0730436
0.0784376
0.0823287
0.084363
0.0843017
0.0820135
0.0775488
0.0712593
0.0637629
0.0558381
0.0483112
0.0419597
0.0374371
0.0352367
0.0357274
0.0391356
0.0454931
0.0545998
0.0661871
0.0784046
0.0975586
-9.7725e-26
-5.27317e-25
5.734e-24
-2.58387e-23
9.36526e-23
-2.86956e-22
7.64211e-22
-1.64095e-21
1.93314e-21
3.44791e-21
-2.21444e-20
3.44751e-20
3.22018e-20
-1.56483e-19
1.91348e-20
4.60087e-19
6.81268e-19
1.30159e-18
2.14991e-18
2.81097e-18
3.51421e-18
5.11717e-18
7.00282e-18
1.12596e-17
1.93387e-17
1.52283e-17
2.69033e-18
-5.9626e-17
-1.05258e-16
-1.47263e-16
-1.80447e-16
-1.97725e-16
-1.94275e-16
-1.69179e-16
-1.24174e-16
-5.77699e-17
1.86437e-17
4.85461e-15
1.20138e-10
7.46791e-10
-1.63816e-09
-2.34743e-08
-1.12451e-07
-3.38426e-07
-6.4848e-07
-9.55882e-07
-1.22478e-06
-1.44063e-06
-1.6079e-06
-1.72846e-06
-1.77912e-06
-1.80493e-06
-1.79488e-06
-1.75526e-06
-1.69701e-06
-1.61726e-06
-1.52325e-06
-1.4216e-06
-1.31909e-06
-1.22035e-06
-1.12934e-06
-1.04709e-06
-9.74106e-07
-9.09395e-07
-8.51442e-07
-7.98454e-07
-7.48594e-07
-7.00539e-07
-6.53374e-07
-6.07525e-07
-5.56561e-07
-5.01719e-07
-4.46568e-07
-3.92782e-07
-3.41618e-07
-2.93801e-07
-2.4971e-07
-2.09649e-07
-1.73545e-07
-1.4082e-07
-1.12724e-07
-9.18012e-08
-7.55058e-08
-6.19321e-08
-5.03289e-08
-4.03584e-08
-3.17855e-08
-2.44525e-08
-1.81621e-08
-1.27996e-08
-8.34242e-09
-4.69407e-09
-1.72364e-09
7.09863e-10
2.74021e-09
4.65233e-09
8.46718e-09
1.91701e-08
3.41478e-08
5.45503e-08
7.1593e-08
8.78222e-08
1.04604e-07
1.36935e-07
2.03028e-07
3.28633e-07
4.29279e-07
4.60163e-07
4.03767e-07
2.14271e-07
-1.09825e-07
-5.72797e-07
-1.08193e-06
-1.47508e-06
-1.49205e-06
-9.08205e-07
4.01447e-07
2.4711e-06
5.25028e-06
1.43066e-05
3.49734e-05
5.72768e-05
7.85304e-05
0.000101124
0.000132746
0.000186599
0.000283516
0.000458596
0.000753863
0.00120487
0.00184769
0.00270205
0.00383303
0.00521004
0.0069224
0.00891173
0.0112129
0.0137748
0.0167384
0.0197331
0.022732
0.0254561
0.0279577
0.0299898
0.0315853
0.0325658
0.0329324
0.0325419
0.0315844
0.0298574
0.0277186
0.0249786
0.0220322
0.0187949
0.0155281
0.0123983
0.00965411
0.00742846
0.00614598
0.00533598
0.0050533
0.005292
0.00629512
0.00824893
0.0117111
0.0163352
0.0221124
0.0287893
0.0357381
0.0422865
0.0485405
0.0546445
0.0605678
0.0666384
0.07279
0.0769867
0.0795132
0.0815888
0.0836
0.0862288
0.0894979
0.0928691
0.0946936
0.0958433
0.0962839
0.0957188
0.0943341
0.0927002
0.0916138
0.0916505
0.0924682
0.0936275
0.0952826
0.0973845
0.0998644
0.103407
0.108266
0.113152
0.116612
0.120136
-2.79536e-24
1.08745e-23
-2.95271e-23
7.42883e-23
-2.00913e-22
6.22584e-22
-1.98653e-21
4.9491e-21
-5.60971e-21
-1.34262e-20
5.13194e-20
3.51361e-20
-2.75891e-19
-9.25857e-19
6.91912e-18
1.12912e-17
1.34862e-17
1.32447e-17
7.1828e-18
1.05373e-17
1.54505e-17
-3.81061e-17
-2.01384e-16
-5.77537e-16
-1.22663e-15
-1.84807e-15
-9.07215e-16
6.24934e-15
2.99905e-14
8.81008e-14
2.04608e-13
4.03694e-13
6.98342e-13
1.07664e-12
1.53758e-12
2.1006e-12
2.88912e-12
4.17967e-12
1.0202e-09
2.38444e-10
-2.71252e-08
-1.27602e-07
-4.79257e-07
-9.74356e-07
-1.90114e-06
-2.46078e-06
-2.51026e-06
-2.43831e-06
-2.23993e-06
-1.80378e-06
4.98848e-07
9.15684e-06
1.60927e-05
1.67431e-05
1.37752e-05
1.10295e-05
8.69177e-06
6.74765e-06
5.19628e-06
3.93338e-06
2.94138e-06
2.1471e-06
1.52862e-06
1.04699e-06
6.83916e-07
4.14041e-07
2.21791e-07
8.8382e-08
2.41016e-09
-4.94251e-08
-7.43659e-08
-8.0577e-08
-7.21232e-08
-5.39898e-08
-2.97316e-08
-1.76876e-09
2.74108e-08
5.66446e-08
8.45244e-08
1.10712e-07
1.34549e-07
1.56691e-07
1.77896e-07
1.99017e-07
2.21141e-07
2.45438e-07
2.7315e-07
3.06697e-07
3.47525e-07
3.99595e-07
4.65469e-07
5.51389e-07
6.60716e-07
8.03585e-07
9.83864e-07
1.21534e-06
1.49011e-06
1.80154e-06
2.15686e-06
2.5723e-06
3.09607e-06
3.76908e-06
4.64632e-06
5.79382e-06
7.42332e-06
1.10943e-05
3.32225e-05
0.000179577
0.000475527
0.000963156
0.00164611
0.00255385
0.00365648
0.00494103
0.00634974
0.00782218
0.00927377
0.0106383
0.0118513
0.0128723
0.0137179
0.0144079
0.0150467
0.0157289
0.0165362
0.0175498
0.018914
0.020791
0.0232108
0.026043
0.0292233
0.0326464
0.0363701
0.0401525
0.0440838
0.0479244
0.0516697
0.0551604
0.0584288
0.0613424
0.0639967
0.0662891
0.0683754
0.0701459
0.0717294
0.0730281
0.0741219
0.0748745
0.0754183
0.0753885
0.0749766
0.0736983
0.0718235
0.0689889
0.0653195
0.060459
0.0546564
0.0481231
0.0438673
0.040989
0.040199
0.0417966
0.0454239
0.0505345
0.0569792
0.0633445
0.0690752
0.0741494
0.0772528
0.0790652
0.0808433
0.0822375
0.0826626
0.0822599
0.0813433
0.0803434
0.0797373
0.079909
0.0811945
0.0836693
0.0874364
0.0922055
0.0970587
0.101023
0.103556
0.104661
0.104558
0.103377
0.101127
0.0978856
0.0938479
0.0892644
0.0840403
0.0771171
0.0685836
0.0614584
0.0573476
0.0566211
0.0580579
0.0642386
-3.3001e-24
2.54314e-23
-1.17925e-22
4.39245e-22
-1.54094e-21
5.40779e-21
-1.94738e-20
6.553e-20
-1.64244e-19
1.18662e-19
1.02592e-18
-3.84695e-18
2.43084e-18
8.45664e-18
-1.35351e-18
-1.05347e-17
3.38388e-17
-9.36666e-17
-1.47453e-16
1.74099e-16
3.34619e-15
2.55302e-14
1.54164e-13
7.77114e-13
3.4362e-12
1.36868e-11
4.88204e-11
1.5493e-10
4.30088e-10
1.02881e-09
2.13605e-09
3.90039e-09
6.31307e-09
9.15158e-09
1.22691e-08
1.55893e-08
1.9751e-08
2.61201e-08
1.02209e-07
3.35003e-07
9.02368e-07
2.19939e-06
5.2873e-06
1.17363e-05
0.000343423
0.000924618
0.00151827
0.00193645
0.00225004
0.00241531
0.00245721
0.00244465
0.00237834
0.00222904
0.00195012
0.00157171
0.00121344
0.000920823
0.000696603
0.000525021
0.000399077
0.000308535
0.000247118
0.000207483
0.000185304
0.000175431
0.000174884
0.000179997
0.000189183
0.000199947
0.000211838
0.000223241
0.000234261
0.000244341
0.000253376
0.000261732
0.000269214
0.000276504
0.000283503
0.000291115
0.000299477
0.000309448
0.000321794
0.000337468
0.000357862
0.000384646
0.00041959
0.000466157
0.000526427
0.000606221
0.000708394
0.000841231
0.00100693
0.00121638
0.00146583
0.00189404
0.00249435
0.00334201
0.00431108
0.00548221
0.00671387
0.0081007
0.00953632
0.0111125
0.0127859
0.0146636
0.0166607
0.0190348
0.0216446
0.0246235
0.0278329
0.031283
0.0347653
0.038167
0.0412942
0.0440225
0.0462489
0.0479801
0.0492987
0.0503578
0.0513907
0.0525708
0.0540725
0.0559596
0.0582203
0.0608949
0.0641909
0.0675734
0.0700678
0.071754
0.0731943
0.0745435
0.0756897
0.0765027
0.0770736
0.0774821
0.0777396
0.0780366
0.078322
0.0787883
0.0793574
0.0802454
0.081284
0.0826987
0.0843079
0.0861108
0.0879213
0.0896857
0.0913437
0.0928473
0.0941585
0.0952095
0.0959786
0.096349
0.0962994
0.0956884
0.0946254
0.0926941
0.0911704
0.0905563
0.0912209
0.0917788
0.0918992
0.0915408
0.0903175
0.0884799
0.0861312
0.0831429
0.0795101
0.0755185
0.0710883
0.0649234
0.0557078
0.0454896
0.0367273
0.0310709
0.0291908
0.0306277
0.0340314
0.0376875
0.040101
0.0405007
0.0390443
0.0365921
0.0341256
0.032024
0.0300691
0.0279045
0.0253083
0.0223081
0.0191608
0.0160615
0.0132199
0.0108789
0.00914556
0.00793535
0.00712363
0.00656478
0.00616006
0.00572624
1.70258e-23
-2.90853e-23
-4.79809e-23
6.61833e-22
-3.52529e-21
1.34534e-20
-3.75751e-20
6.81228e-20
-5.80331e-20
7.81799e-20
-8.54352e-20
-7.68558e-18
5.72949e-17
-1.66928e-16
-1.3707e-15
-5.05492e-15
-1.32382e-14
6.81776e-15
2.29258e-13
2.16523e-12
1.68577e-11
1.22006e-10
7.63375e-10
3.94468e-09
1.79551e-08
7.43783e-08
2.7742e-07
9.34366e-07
2.73889e-06
6.63816e-06
1.3554e-05
2.39316e-05
3.65175e-05
4.88631e-05
6.01571e-05
6.98778e-05
8.04111e-05
9.4449e-05
0.00155341
0.0039818
0.0072756
0.0111596
0.0156558
0.0190445
0.020398
0.0194848
0.0171206
0.0147393
0.0126043
0.0113346
0.0100815
0.00894432
0.00833137
0.00806513
0.00806767
0.00822987
0.00853359
0.00892962
0.00949528
0.0101754
0.0114887
0.0126985
0.0133381
0.0137716
0.0140988
0.0143151
0.0144876
0.0145887
0.0146552
0.0146671
0.0146696
0.014648
0.01463
0.0146186
0.0146214
0.0146738
0.0147842
0.0150016
0.0153362
0.0158373
0.0165215
0.017427
0.0185893
0.0200461
0.02184
0.0240359
0.0266536
0.0294002
0.0317164
0.0339328
0.0363863
0.039192
0.0420824
0.0451247
0.048198
0.0510662
0.053572
0.0557132
0.0576381
0.059341
0.0609456
0.0623479
0.0637136
0.0645934
0.0655202
0.0663519
0.0667213
0.0669088
0.0671863
0.0675576
0.0682499
0.0692208
0.0705694
0.0721272
0.073829
0.0755021
0.0770787
0.0784734
0.0796474
0.0805848
0.0812342
0.0816039
0.0816381
0.0813265
0.0806303
0.0795231
0.078002
0.0760584
0.0736993
0.070956
0.0677959
0.0638034
0.0580595
0.049942
0.0411987
0.0333873
0.0269433
0.0220989
0.0186535
0.0166495
0.0155461
0.0149683
0.0145474
0.0143017
0.0140431
0.0142027
0.0146376
0.0158853
0.0174406
0.0199144
0.0226039
0.0262076
0.0300287
0.0344924
0.039008
0.043865
0.0488294
0.05415
0.0566136
0.0576443
0.0569636
0.054782
0.051317
0.0468142
0.0409789
0.0346092
0.0277102
0.0201236
0.0136193
0.00976003
0.00755073
0.00612816
0.00507972
0.0042178
0.00346792
0.00281506
0.00226309
0.00180434
0.00141953
0.00109503
0.000827244
0.000615419
0.000455605
0.00034026
0.000255651
0.00018331
0.00012163
7.31139e-05
4.11247e-05
2.59903e-05
1.76541e-05
1.25598e-05
9.21418e-06
6.97502e-06
5.53944e-06
4.60451e-06
3.95025e-06
3.43855e-06
2.98151e-06
2.5274e-06
4.47921e-23
-1.73011e-22
4.94672e-22
-6.10121e-22
-3.4406e-21
2.60957e-20
-2.6228e-20
-9.09529e-19
8.45774e-18
-3.325e-17
9.56299e-18
3.94324e-16
-8.55791e-16
-1.01509e-14
-1.05018e-13
-3.4223e-13
-2.26994e-13
2.0006e-12
2.18442e-11
1.91447e-10
1.54487e-09
1.2436e-08
1.01247e-07
7.67643e-07
6.30042e-06
4.82261e-05
0.00028942
0.00151935
0.00666944
0.0186457
0.0393203
0.0697929
0.100414
0.109737
0.111678
0.110354
0.108894
0.110088
0.110479
0.109557
0.107222
0.103068
0.0964636
0.0853771
0.0620356
0.0321528
0.0124189
0.0109617
0.0133341
0.0210411
0.0322931
0.0415876
0.0444689
0.0454697
0.0453994
0.0441897
0.04159
0.0371143
0.0295993
0.0209594
0.0147625
0.0128067
0.0129007
0.013071
0.0133249
0.0137176
0.0143072
0.0151734
0.0164084
0.0180381
0.0200211
0.0222195
0.024411
0.0269661
0.0291906
0.0308508
0.0321133
0.0331037
0.0338595
0.0344319
0.0348402
0.0351153
0.0352768
0.0353384
0.0353108
0.0351943
0.0349916
0.0347033
0.0343523
0.0338682
0.0333027
0.0326353
0.0318937
0.0309368
0.0298627
0.028675
0.0273605
0.0258874
0.0242498
0.0224456
0.0204932
0.0184059
0.0162263
0.0140099
0.0118355
0.00977796
0.00790491
0.00626627
0.00491277
0.00389431
0.00323834
0.00293339
0.00293393
0.00318294
0.00361567
0.00414943
0.00469837
0.0051821
0.00553824
0.00572782
0.00573794
0.00558526
0.00529777
0.00490146
0.00441275
0.00384394
0.00322199
0.00259092
0.001996
0.00146978
0.00102938
0.000682191
0.000427853
0.000257079
0.000152605
9.40701e-05
6.36364e-05
4.85133e-05
4.09794e-05
3.69068e-05
3.42807e-05
3.22366e-05
3.04255e-05
2.87683e-05
2.72361e-05
2.59808e-05
2.51198e-05
2.49076e-05
2.53303e-05
2.65186e-05
2.82864e-05
8.13864e-05
0.000233435
0.000581852
0.00107985
0.00193264
0.00324413
0.00495757
0.00459036
0.00363278
0.00261461
0.00173507
0.00105223
0.000580243
0.000291479
0.000136121
6.20017e-05
2.91861e-05
1.49927e-05
8.7904e-06
5.9459e-06
4.49205e-06
3.5968e-06
2.92373e-06
2.35122e-06
1.83999e-06
1.38114e-06
9.81983e-07
6.53539e-07
3.98851e-07
2.11142e-07
7.88859e-08
-9.83445e-09
-6.58897e-08
-9.87241e-08
-1.15753e-07
-1.22153e-07
-1.21552e-07
-1.16303e-07
-1.0471e-07
-9.0385e-08
-7.56556e-08
-6.2456e-08
-5.21262e-08
-4.52336e-08
-4.19033e-08
-4.26549e-08
-4.90794e-08
-6.56968e-08
-8.11463e-08
)
;

boundaryField
{
    inlet
    {
        type            uniformFixedValue;
        uniformValue    table;
        uniformValueCoeffs
        {
            values          
4
(
(0 1)
(0.15 1)
(0.151 0)
(1 0)
)
;
        }
        value           uniform 0;
    }
    outlet
    {
        type            inletOutlet;
        inletValue      uniform 0;
        value           nonuniform List<scalar> 
20
(
-1.06826e-09
3.58737e-06
0.00803477
0.0759303
0.112052
0.100816
0.0905142
0.061027
0.0206284
0.00304525
0.000398041
0.000796022
0.00517618
0.0293454
0.0975586
0.120136
0.0642386
0.00572624
2.5274e-06
-8.11463e-08
)
;
    }
    walls
    {
        type            zeroGradient;
    }
    frontAndBack
    {
        type            empty;
    }
}


// ************************************************************************* //
