/*--------------------------------*- C++ -*----------------------------------*\
| =========                 |                                                 |
| \\      /  F ield         | OpenFOAM: The Open Source CFD Toolbox           |
|  \\    /   O peration     | Version:  2506                                  |
|   \\  /    A nd           | Website:  www.openfoam.com                      |
|    \\/     M anipulation  |                                                 |
\*---------------------------------------------------------------------------*/
FoamFile
{
    version     2.0;
    format      ascii;
    arch        "LSB;label=32;scalar=64";
    class       volScalarField;
    location    "3.75";
    object      s;
}
// * * * * * * * * * * * * * * * * * * * * * * * * * * * * * * * * * * * * * //

dimensions      [0 0 0 0 0 0 0];

internalField   nonuniform List<scalar> 
4000
(
3.27155e-18
2.51014e-18
1.42675e-18
-1.20386e-19
-2.10972e-18
-4.3036e-18
-6.17973e-18
-6.88566e-18
-5.19516e-18
5.52663e-19
1.25446e-17
3.36163e-17
6.73919e-17
1.18409e-16
1.92198e-16
2.95317e-16
4.35352e-16
6.21015e-16
8.62376e-16
1.17161e-15
1.56437e-15
2.06193e-15
2.69513e-15
3.50972e-15
4.57625e-15
5.99815e-15
7.90879e-15
1.04874e-14
1.39541e-14
1.86396e-14
2.4826e-14
3.3869e-14
4.77655e-14
6.92951e-14
1.03373e-13
1.60187e-13
2.52627e-13
4.07252e-13
6.88612e-13
1.18072e-12
2.0255e-12
3.3994e-12
5.59429e-12
9.16265e-12
1.51647e-11
2.58278e-11
4.50806e-11
7.90448e-11
1.39171e-10
2.39574e-10
4.31539e-10
7.6678e-10
1.45999e-09
2.72833e-09
5.08404e-09
7.09835e-09
1.11256e-08
1.26296e-08
1.43331e-08
1.31789e-08
1.01047e-08
5.80896e-09
2.13302e-09
6.19069e-10
2.00923e-10
7.08245e-11
2.65103e-11
1.06319e-11
4.56638e-12
2.09811e-12
1.02446e-12
5.23191e-13
2.74149e-13
1.44873e-13
7.6213e-14
3.96804e-14
2.04467e-14
1.05045e-14
5.42797e-15
2.8495e-15
1.53681e-15
8.52879e-16
4.78278e-16
2.80916e-16
1.7934e-16
1.40322e-16
1.40019e-16
1.90923e-16
2.5888e-16
7.31795e-16
-2.10746e-15
-2.06013e-15
-7.46487e-14
-5.4096e-13
-7.89005e-13
3.8177e-12
-1.54484e-12
-2.30637e-11
-1.64733e-11
1.4193e-10
2.32621e-09
7.84624e-09
3.08896e-08
3.43645e-08
-1.02745e-07
5.28838e-07
3.38732e-06
1.92267e-05
1.44595e-05
0.000118201
7.37511e-05
-0.000438242
-0.0024857
-0.00771507
-0.0154175
-0.0296635
-0.0335885
-0.0291816
-0.0205277
-0.0100377
-0.00282066
-0.000616038
-0.000151417
-3.61396e-05
-6.68592e-06
-6.97727e-07
1.36539e-07
1.12958e-07
3.17907e-08
-6.2559e-09
-1.61861e-08
-1.507e-08
-1.11051e-08
-7.32985e-09
-4.53432e-09
-2.68724e-09
-1.54678e-09
-8.74198e-10
-4.94377e-10
-2.82773e-10
-1.65817e-10
-1.0299e-10
-6.8177e-11
-5.02846e-11
-4.22207e-11
-4.29844e-11
-4.0445e-11
-2.53485e-11
9.10653e-11
1.41001e-09
1.30089e-08
7.62368e-08
3.40072e-07
5.56955e-07
9.20552e-07
1.58796e-05
5.00558e-05
0.000175696
0.000283365
0.000221249
-6.58148e-05
-0.000707306
-0.000609408
0.00260041
-0.00212252
-0.0305432
-0.104442
-0.230333
-0.449565
-0.541453
-0.537488
-0.509641
-0.466114
-0.413243
-0.356475
-0.300181
-0.247871
-0.204283
-0.178256
-0.173519
-0.183936
-0.205576
-0.232135
-0.257025
-0.276569
-0.289375
-0.295266
-0.294715
-0.288316
-0.276498
-0.259908
-0.239381
-0.215654
-0.188649
-0.151994
-0.0996904
-0.0433187
0.0103623
0.0531712
0.0517395
-2.13193e-20
5.13181e-19
8.02205e-19
5.04221e-19
-9.83006e-19
-4.24637e-18
-9.71867e-18
-1.75725e-17
-2.77113e-17
-3.97929e-17
-5.32449e-17
-6.72843e-17
-8.0954e-17
-9.32501e-17
-1.0333e-16
-1.10486e-16
-1.13962e-16
-1.12849e-16
-1.05866e-16
-9.27279e-17
-7.28618e-17
-4.4163e-17
-4.84659e-18
5.84035e-17
1.4356e-16
2.3447e-16
3.82687e-16
6.16045e-16
9.70788e-16
1.49568e-15
2.22747e-15
2.67686e-15
2.43724e-15
1.6938e-15
8.75714e-16
2.89739e-16
2.96167e-17
-8.0246e-18
1.85068e-17
4.59584e-17
7.53834e-17
1.25067e-16
2.07807e-16
3.46109e-16
5.86986e-16
1.02624e-15
1.82632e-15
3.28366e-15
5.94634e-15
1.06355e-14
1.95895e-14
3.67643e-14
7.4278e-14
1.31214e-13
3.61452e-15
-4.69266e-13
-1.5102e-12
-3.51142e-12
-2.2061e-12
2.32937e-09
8.75562e-09
1.25737e-08
1.01017e-08
5.21331e-09
1.8562e-09
6.45145e-10
2.38514e-10
9.05631e-11
3.59225e-11
1.48357e-11
6.19544e-12
2.61943e-12
1.12992e-12
4.96377e-13
2.24654e-13
1.05544e-13
5.14879e-14
2.60429e-14
1.35438e-14
7.27809e-15
4.16186e-15
2.64194e-15
1.82098e-15
1.35043e-15
1.07393e-15
9.513e-16
9.51608e-16
1.00942e-15
1.78202e-15
1.33934e-15
1.32369e-14
4.87282e-15
-2.14588e-13
-6.66706e-13
-9.1075e-13
-3.98186e-12
-5.78424e-11
-1.08285e-10
-4.57471e-11
9.89017e-10
6.67746e-09
1.19091e-08
7.84647e-09
8.66825e-09
4.96247e-07
3.19346e-06
8.19096e-06
9.17669e-06
4.97381e-06
-3.10848e-05
-0.000464127
-0.00185428
-0.00449541
-0.00811987
-0.0126047
-0.0173013
-0.0225297
-0.0274199
-0.0302743
-0.0263344
-0.0161081
-0.00686766
-0.00180173
-0.000386828
-9.59787e-05
-2.23912e-05
-4.77054e-06
-1.12055e-06
-4.23015e-07
-2.53746e-07
-1.68132e-07
-1.0677e-07
-6.39199e-08
-3.6424e-08
-2.0053e-08
-1.08188e-08
-5.79696e-09
-3.13488e-09
-1.75153e-09
-1.02304e-09
-6.28838e-10
-4.14521e-10
-2.92165e-10
-2.25608e-10
-1.9227e-10
-1.80752e-10
-2.40894e-10
2.48976e-10
1.13755e-10
3.245e-09
3.33534e-08
1.95887e-07
4.33248e-07
8.18904e-07
1.59498e-05
6.06259e-05
0.000113588
0.000138133
4.71131e-05
-0.000277452
-0.000606357
-0.000511065
8.03418e-05
-0.00675759
-0.0403028
-0.110962
-0.202625
-0.290732
-0.347939
-0.371555
-0.366418
-0.341427
-0.303103
-0.257488
-0.210597
-0.166531
-0.129192
-0.114095
-0.113275
-0.11777
-0.132479
-0.153997
-0.174687
-0.188814
-0.193655
-0.187535
-0.168862
-0.152044
-0.139488
-0.120477
-0.0950155
-0.0637791
-0.0273797
0.0124747
0.0532711
0.0910484
0.120202
0.134988
0.140569
0.101362
-2.48058e-18
-6.15478e-20
4.80064e-19
1.68901e-18
3.47024e-18
5.71034e-18
8.16125e-18
1.05523e-17
1.26611e-17
1.43321e-17
1.54811e-17
1.60903e-17
1.61862e-17
1.58052e-17
1.49328e-17
1.34394e-17
1.10712e-17
7.48679e-18
2.29143e-18
-4.92139e-18
-1.46062e-17
-2.72516e-17
-4.32539e-17
-6.29026e-17
-8.58977e-17
-1.11387e-16
-1.36715e-16
-1.58983e-16
-1.72918e-16
-1.66016e-16
-1.26095e-16
-1.21808e-16
-1.93727e-16
-3.05039e-16
-3.63737e-16
-3.00214e-16
-1.57712e-16
-4.18922e-17
-2.3051e-18
-5.37786e-18
-1.62769e-17
-2.85021e-17
-4.70712e-17
-7.85698e-17
-1.33837e-16
-2.34995e-16
-4.19692e-16
-7.72665e-16
-8.14525e-16
-1.33648e-15
-2.14924e-15
-3.30517e-15
-4.23003e-15
-5.14602e-15
-2.99857e-15
-6.88539e-15
-1.78092e-13
-2.33542e-12
-1.17819e-11
1.34076e-10
3.51124e-09
1.6554e-08
2.14314e-08
1.76992e-08
1.01093e-08
4.13754e-09
1.56525e-09
6.22829e-10
2.42244e-10
9.24822e-11
3.75576e-11
1.59806e-11
6.88794e-12
3.09933e-12
1.43391e-12
6.94248e-13
3.44366e-13
1.69668e-13
8.40719e-14
4.55689e-14
2.81503e-14
1.89748e-14
1.34934e-14
1.02328e-14
8.30655e-15
7.51312e-15
7.63883e-15
9.13518e-15
1.20864e-14
1.1533e-14
8.52903e-14
1.82211e-14
-4.08319e-13
1.64262e-13
-2.71458e-12
-4.89305e-11
-1.72362e-10
-1.60557e-10
3.12601e-10
5.92919e-09
1.31049e-08
1.054e-08
5.02551e-09
4.86449e-07
2.89888e-06
7.79502e-06
1.17234e-05
9.23383e-06
-1.71968e-05
-0.000308615
-0.00145869
-0.0037874
-0.00727426
-0.011747
-0.0171837
-0.0235737
-0.0306801
-0.0371944
-0.0407894
-0.0398122
-0.0326048
-0.0214094
-0.0104201
-0.0034519
-0.000776627
-0.000193795
-4.89076e-05
-1.21472e-05
-3.44358e-06
-1.2955e-06
-6.92829e-07
-4.41067e-07
-2.84721e-07
-1.79829e-07
-1.09682e-07
-6.53996e-08
-3.88274e-08
-2.31397e-08
-1.39387e-08
-8.50197e-09
-5.30232e-09
-3.48065e-09
-2.41717e-09
-1.83578e-09
-1.54458e-09
-1.49805e-09
-1.48681e-09
-2.17023e-09
3.24605e-09
3.64315e-08
1.73202e-07
5.4672e-07
1.09949e-06
1.54451e-05
6.93101e-05
0.000137482
0.000174201
8.94813e-05
-0.00022807
-0.000795731
-0.000880915
-0.000497613
-0.0106626
-0.0488022
-0.128021
-0.235899
-0.347874
-0.440996
-0.498285
-0.512279
-0.489213
-0.446465
-0.385944
-0.319889
-0.257835
-0.20682
-0.171567
-0.154403
-0.154807
-0.169151
-0.191292
-0.214035
-0.230483
-0.234061
-0.228731
-0.210826
-0.179976
-0.141272
-0.0973743
-0.0498685
0.00111426
0.0555456
0.111577
0.164142
0.204795
0.224283
0.220633
0.198045
0.187453
0.131684
-6.28626e-19
-2.67555e-19
-7.7702e-19
-1.33259e-18
-1.91498e-18
-2.42431e-18
-2.7988e-18
-3.02785e-18
-3.11474e-18
-3.06791e-18
-2.88684e-18
-2.55221e-18
-2.02265e-18
-1.23822e-18
-1.2875e-19
1.37153e-18
3.30588e-18
5.68859e-18
8.49791e-18
1.16849e-17
1.51317e-17
1.86475e-17
2.19943e-17
2.45028e-17
2.47447e-17
2.14183e-17
1.45342e-17
5.13402e-18
-6.47355e-18
-2.1313e-17
-4.02047e-17
-5.91134e-17
-6.85103e-17
-4.95383e-17
1.32761e-18
5.05955e-17
5.89387e-17
3.22579e-17
7.82999e-18
8.04008e-19
2.84353e-18
6.42451e-18
1.09186e-17
1.82855e-17
3.14527e-17
5.57214e-17
1.01851e-16
1.77097e-16
2.35567e-16
4.20278e-16
5.83263e-16
4.58221e-16
1.55538e-16
7.21961e-17
2.95345e-16
-2.25316e-15
-5.47562e-14
-8.23023e-13
-7.04357e-12
2.49989e-14
1.34683e-09
1.20218e-08
3.82766e-08
3.99769e-08
3.26408e-08
1.98165e-08
8.94737e-09
3.24799e-09
1.23044e-09
4.81393e-10
1.70307e-10
5.93488e-11
2.24356e-11
8.3862e-12
3.15955e-12
1.37531e-12
6.99058e-13
4.05091e-13
2.4811e-13
1.5659e-13
1.04069e-13
7.38734e-14
5.52457e-14
4.3892e-14
3.70749e-14
3.43969e-14
3.53081e-14
4.18507e-14
5.10759e-14
8.07746e-14
3.07343e-13
7.29039e-14
1.2415e-12
3.6876e-12
-2.42409e-11
-1.80426e-10
-2.90855e-10
-6.65401e-11
5.15382e-09
1.73813e-08
1.68377e-08
4.31409e-09
5.09536e-07
2.8662e-06
7.57478e-06
1.23869e-05
1.20878e-05
-4.70454e-06
-0.000237136
-0.00119608
-0.00322268
-0.0061631
-0.00979464
-0.0139177
-0.0186122
-0.024276
-0.031294
-0.0398431
-0.0482465
-0.0510161
-0.0481153
-0.0393248
-0.0268358
-0.014313
-0.00551176
-0.00139005
-0.000368652
-0.000107264
-3.13422e-05
-1.05625e-05
-4.32038e-06
-2.08938e-06
-1.13244e-06
-6.5861e-07
-4.0383e-07
-2.51929e-07
-1.55342e-07
-9.35298e-08
-5.59768e-08
-3.43701e-08
-2.19854e-08
-1.48915e-08
-1.06556e-08
-8.25385e-09
-6.98414e-09
-6.68768e-09
-4.73944e-09
-3.05426e-08
2.91684e-08
2.36731e-07
5.16849e-07
1.26916e-06
1.32395e-05
7.25971e-05
0.000160251
0.000220131
7.7986e-05
-0.000466539
-0.00115122
-0.00165786
-0.00114656
-0.00991864
-0.0597121
-0.1471
-0.264827
-0.389464
-0.492546
-0.556583
-0.57653
-0.562098
-0.521009
-0.462195
-0.395499
-0.330097
-0.273566
-0.231461
-0.206995
-0.20052
-0.209168
-0.226729
-0.243573
-0.248551
-0.245208
-0.23106
-0.202044
-0.162413
-0.115895
-0.0648302
-0.00974358
0.0498325
0.113731
0.178981
0.238373
0.281355
0.297791
0.283512
0.244907
0.217361
0.219229
0.186025
1.68552e-18
3.08791e-19
4.64659e-19
5.78501e-19
6.66841e-19
7.0831e-19
7.06759e-19
6.67735e-19
5.88825e-19
4.60987e-19
2.70318e-19
2.40229e-21
-3.53765e-19
-8.02698e-19
-1.33958e-18
-1.94776e-18
-2.59596e-18
-3.23741e-18
-3.79663e-18
-4.1684e-18
-4.21715e-18
-3.75474e-18
-2.52665e-18
-2.59058e-19
3.22247e-18
7.76569e-18
1.25984e-17
1.6308e-17
1.74109e-17
1.54745e-17
1.07317e-17
6.79651e-18
8.96094e-18
1.55902e-17
1.55539e-17
3.23591e-18
-9.70682e-18
-1.11633e-17
-5.17151e-18
-9.98614e-19
-4.53634e-19
-1.32724e-18
-2.49149e-18
-4.22384e-18
-7.319e-18
-1.30192e-17
-2.45504e-17
-3.97494e-17
-6.07073e-17
-1.23673e-16
-1.38685e-16
-7.24987e-17
-3.34091e-17
-1.61227e-17
-2.81793e-18
-6.20559e-16
-7.49187e-15
-1.4966e-13
-1.60611e-12
-1.14518e-11
1.30739e-10
4.81603e-09
2.91453e-08
6.49399e-08
6.54616e-08
5.35769e-08
3.45615e-08
1.71638e-08
6.39112e-09
2.08778e-09
7.6694e-10
2.61242e-10
7.31323e-11
2.18921e-11
7.78092e-12
3.04812e-12
1.68141e-12
1.18272e-12
8.59491e-13
6.24999e-13
4.69345e-13
3.6505e-13
2.8996e-13
2.39603e-13
2.07886e-13
1.96862e-13
2.06266e-13
2.51289e-13
3.26169e-13
6.11774e-13
9.80238e-13
2.44394e-12
1.53018e-11
1.33131e-11
-1.29566e-10
-3.35397e-10
-2.24173e-10
5.39859e-09
1.99935e-08
2.80206e-08
1.4268e-08
5.03732e-07
2.97429e-06
7.55214e-06
1.23889e-05
1.37593e-05
4.07473e-06
-0.000193327
-0.00100537
-0.0027265
-0.00522898
-0.00815086
-0.0111799
-0.0142309
-0.0175678
-0.0218727
-0.028024
-0.0368814
-0.0476467
-0.0574896
-0.060655
-0.0569924
-0.0472557
-0.0332463
-0.0190798
-0.00815054
-0.00239559
-0.00064975
-0.000197965
-5.75508e-05
-1.75244e-05
-6.57876e-06
-3.07324e-06
-2.05794e-06
-1.47406e-06
-9.6961e-07
-5.87421e-07
-3.51714e-07
-2.23738e-07
-1.49486e-07
-1.0318e-07
-7.45725e-08
-5.64344e-08
-4.58429e-08
-4.07468e-08
-3.95803e-08
-3.46037e-08
-1.06482e-07
-2.56783e-09
4.59595e-07
4.55971e-07
7.953e-06
6.86597e-05
0.000177208
0.000264007
-5.78626e-05
-0.00128311
-0.00229784
-0.00340071
-0.0027478
-0.0163402
-0.0644815
-0.169469
-0.292047
-0.421449
-0.53074
-0.594187
-0.610594
-0.600273
-0.567281
-0.515029
-0.453389
-0.390944
-0.33476
-0.290126
-0.260404
-0.246483
-0.245723
-0.251821
-0.256079
-0.254569
-0.245579
-0.222343
-0.18331
-0.133291
-0.0779011
-0.0209637
0.0368454
0.0972206
0.161689
0.228464
0.290417
0.336136
0.354283
0.339179
0.294767
0.240477
0.234048
0.267007
0.304454
-8.90867e-19
-2.01458e-19
-1.88875e-19
-1.89188e-19
-1.84673e-19
-1.70377e-19
-1.46166e-19
-1.09156e-19
-5.53032e-20
1.90133e-20
1.15358e-19
2.32295e-19
3.65062e-19
5.05069e-19
6.39321e-19
7.4909e-19
8.06951e-19
7.72029e-19
5.88022e-19
1.93813e-19
-4.90276e-19
-1.5438e-18
-2.87943e-18
-4.06698e-18
-4.41103e-18
-3.29379e-18
-5.91586e-19
3.0822e-18
6.55538e-18
8.79162e-18
9.55622e-18
9.46444e-18
8.20406e-18
4.09631e-18
-1.15515e-18
-2.69228e-18
3.80145e-20
2.38269e-18
1.96969e-18
6.89673e-19
1.51946e-19
2.56992e-19
5.55225e-19
9.76571e-19
1.70619e-18
3.04673e-18
5.9016e-18
9.12364e-18
1.50855e-17
3.32381e-17
3.13122e-17
1.63451e-17
7.20792e-18
2.27556e-18
7.94932e-18
1.57191e-16
-1.15618e-15
-1.29064e-14
-1.31763e-13
-1.5312e-12
-1.022e-11
3.08035e-10
9.57932e-09
4.75829e-08
8.90597e-08
8.8775e-08
7.38402e-08
5.02817e-08
2.71822e-08
1.13277e-08
3.35598e-09
1.01189e-09
3.31921e-10
8.27947e-11
1.37299e-11
2.10948e-12
1.54655e-12
2.08724e-12
2.25674e-12
2.06428e-12
1.73378e-12
1.42265e-12
1.17121e-12
9.9973e-13
8.98543e-13
8.84607e-13
9.73336e-13
1.2414e-12
1.84563e-12
3.38002e-12
6.17172e-12
1.88368e-11
6.60293e-11
-4.94476e-11
-2.92918e-10
-3.28821e-10
7.34816e-09
2.72041e-08
4.10967e-08
3.60853e-08
4.85836e-07
2.95744e-06
7.82208e-06
1.24257e-05
1.50381e-05
1.06638e-05
-0.000167556
-0.000885927
-0.0023595
-0.00447642
-0.00686153
-0.0090836
-0.0108892
-0.0123913
-0.0140283
-0.0166094
-0.0211916
-0.0288295
-0.0404356
-0.0540646
-0.064417
-0.0723164
-0.0691678
-0.0583145
-0.0422115
-0.0253826
-0.0117138
-0.00388038
-0.0010199
-0.000298379
-7.8874e-05
-1.77694e-05
-4.95918e-06
-2.92957e-06
-2.83316e-06
-2.46014e-06
-1.8109e-06
-1.21748e-06
-8.19123e-07
-5.67473e-07
-4.05874e-07
-3.0405e-07
-2.38422e-07
-1.99964e-07
-1.82551e-07
-1.77619e-07
-2.01309e-07
-2.45505e-07
-6.02314e-07
-2.97359e-06
-1.36359e-06
6.36565e-05
0.000176109
0.000290959
-0.000684487
-0.00368296
-0.0061493
-0.00707046
-0.00934982
-0.0278362
-0.0822976
-0.181291
-0.317906
-0.446418
-0.555149
-0.614838
-0.625374
-0.615628
-0.581524
-0.529286
-0.4719
-0.415211
-0.364826
-0.324427
-0.295702
-0.278271
-0.269847
-0.266853
-0.264751
-0.257589
-0.239961
-0.207076
-0.158136
-0.097654
-0.0326951
0.0309492
0.0912525
0.149958
0.21012
0.272119
0.330699
0.375906
0.397415
0.388707
0.349452
0.287953
0.235665
0.263989
0.34205
0.451867
2.03327e-19
8.5408e-20
6.03142e-20
5.16657e-20
4.36294e-20
3.35423e-20
1.99524e-20
1.3672e-21
-2.27545e-20
-5.184e-20
-8.41251e-20
-1.1673e-19
-1.45439e-19
-1.64069e-19
-1.63322e-19
-1.29383e-19
-4.44655e-20
1.09075e-19
3.41161e-19
6.4171e-19
9.08054e-19
8.9722e-19
3.80062e-19
-5.70244e-19
-1.53524e-18
-1.9956e-18
-1.67612e-18
-7.95966e-19
1.62762e-19
8.95742e-19
1.31073e-18
8.01261e-19
-6.908e-19
-1.61563e-18
-8.24879e-19
4.09216e-19
4.43533e-19
-2.72306e-19
-5.3557e-19
-3.02472e-19
-8.49376e-20
-5.45912e-20
-1.20585e-19
-2.25346e-19
-3.97884e-19
-7.17118e-19
-1.40693e-18
-2.14372e-18
-3.73836e-18
-8.2192e-18
-7.23504e-18
-3.64939e-18
-1.50767e-18
-1.58584e-19
-7.59215e-18
-4.76973e-18
3.28191e-16
-6.45085e-16
-1.81251e-14
-4.41419e-13
-2.31079e-12
-6.0383e-12
4.06403e-10
1.47502e-08
6.22671e-08
1.03666e-07
1.02869e-07
8.90265e-08
6.30932e-08
3.68672e-08
1.67349e-08
5.59174e-09
1.35952e-09
3.7053e-10
8.52723e-11
1.39096e-11
5.90119e-12
7.96157e-12
9.16099e-12
8.78588e-12
7.61223e-12
6.36363e-12
5.326e-12
4.64637e-12
4.31143e-12
4.43844e-12
5.1843e-12
7.07709e-12
1.1618e-11
2.15916e-11
4.4021e-11
1.55283e-10
1.66392e-10
-1.16959e-10
-1.81826e-10
1.23554e-08
4.36673e-08
6.33803e-08
5.73113e-08
4.51637e-07
2.94933e-06
7.80572e-06
1.29161e-05
1.4873e-05
1.41433e-05
-0.000158515
-0.000820299
-0.00210169
-0.0039132
-0.0058877
-0.00749992
-0.00858608
-0.00885759
-0.00888466
-0.00911538
-0.0102314
-0.0130602
-0.0186339
-0.02831
-0.0426734
-0.0587117
-0.0715203
-0.0851054
-0.0827447
-0.0712087
-0.0527227
-0.032646
-0.0159477
-0.00573113
-0.00138196
-0.000348731
-7.67816e-05
-9.65446e-06
-2.67604e-06
-4.85593e-06
-5.99102e-06
-5.53505e-06
-4.33697e-06
-3.18553e-06
-2.32482e-06
-1.73128e-06
-1.34934e-06
-1.1033e-06
-9.69078e-07
-9.32586e-07
-9.89101e-07
-1.21938e-06
-1.39518e-06
-5.79344e-06
-2.71775e-05
1.37613e-05
0.000148433
0.000250692
-0.00227888
-0.00859858
-0.0146685
-0.017425
-0.0222607
-0.0453438
-0.104299
-0.202604
-0.332462
-0.46689
-0.568821
-0.623534
-0.629583
-0.616689
-0.576463
-0.514714
-0.45206
-0.397828
-0.353402
-0.320255
-0.297899
-0.284129
-0.275738
-0.269287
-0.261836
-0.251263
-0.228938
-0.187346
-0.12863
-0.0582807
0.0160954
0.0874711
0.151981
0.209909
0.264249
0.317277
0.367174
0.406831
0.425389
0.421387
0.395862
0.345026
0.27799
0.236704
0.300861
0.417736
0.50972
2.49089e-20
-2.72496e-20
-1.59565e-20
-1.20574e-20
-8.29339e-21
-3.7435e-21
2.04176e-21
9.1465e-21
1.71474e-20
2.52315e-20
3.221e-20
3.63984e-20
3.52453e-20
2.49997e-20
9.96493e-22
-4.04583e-20
-9.81105e-20
-1.58761e-19
-1.87197e-19
-1.27324e-19
5.08648e-20
2.56085e-19
2.98171e-19
5.1633e-20
-4.17913e-19
-8.98431e-19
-1.20461e-18
-1.29159e-18
-1.24119e-18
-1.20456e-18
-1.28515e-18
-1.26585e-18
-7.41227e-19
2.74249e-20
2.98827e-19
3.3682e-20
-1.51805e-19
-3.05497e-20
1.07319e-19
1.00321e-19
4.07847e-20
1.61485e-20
2.64861e-20
5.22682e-20
9.37931e-20
1.72655e-19
3.34928e-19
5.04158e-19
9.33736e-19
1.89775e-18
1.61048e-18
7.87104e-19
2.96831e-19
5.11981e-20
2.04859e-18
-1.05211e-17
-3.00153e-18
1.58045e-16
-2.2258e-15
-8.19348e-14
-7.99139e-13
-2.28319e-12
2.00136e-12
4.59613e-10
1.80536e-08
6.92832e-08
1.05851e-07
1.07332e-07
9.56185e-08
7.0359e-08
4.30296e-08
2.11576e-08
7.8174e-09
1.94087e-09
4.8542e-10
1.42927e-10
5.67075e-11
3.98183e-11
3.64681e-11
3.33328e-11
2.92171e-11
2.52578e-11
2.21357e-11
2.04291e-11
2.02435e-11
2.24127e-11
2.82895e-11
4.15014e-11
7.40657e-11
1.43584e-10
3.22494e-10
8.8191e-10
4.05375e-10
2.64254e-09
2.54944e-08
7.55888e-08
1.09869e-07
9.20439e-08
5.83299e-07
3.00528e-06
7.96861e-06
1.26857e-05
1.24459e-05
1.3594e-05
-0.000162653
-0.000797071
-0.00193894
-0.00344959
-0.00518816
-0.00640415
-0.00680668
-0.00649733
-0.00573896
-0.00496911
-0.00454431
-0.00483991
-0.00624999
-0.00954348
-0.0159527
-0.0276169
-0.04426
-0.0625129
-0.0806721
-0.0986746
-0.0969281
-0.084406
-0.0632103
-0.0397329
-0.0200995
-0.00746167
-0.00176441
-0.000354738
-6.22922e-05
-1.35628e-05
-1.40786e-05
-1.7707e-05
-1.76024e-05
-1.49226e-05
-1.16915e-05
-8.97442e-06
-6.99655e-06
-5.73241e-06
-4.9754e-06
-4.70191e-06
-4.94922e-06
-6.02062e-06
-8.4316e-06
-1.40673e-05
-3.40094e-05
-7.08298e-05
7.22132e-05
-0.000244224
-0.00575825
-0.0175679
-0.0290433
-0.0352867
-0.0429024
-0.0672703
-0.128582
-0.227288
-0.35257
-0.478307
-0.574005
-0.624386
-0.625377
-0.604103
-0.552722
-0.479876
-0.406284
-0.346051
-0.3035
-0.275784
-0.260841
-0.255149
-0.254092
-0.252688
-0.246153
-0.230081
-0.200126
-0.153709
-0.0914332
-0.0173741
0.0618732
0.139332
0.209618
0.270203
0.321608
0.365658
0.402417
0.426919
0.434175
0.432103
0.420885
0.387635
0.333715
0.269508
0.238012
0.328173
0.457291
0.48324
-2.15308e-20
6.83378e-21
3.46619e-21
2.18228e-21
7.41426e-22
-9.74899e-22
-2.95703e-21
-5.05097e-21
-6.96385e-21
-8.2836e-21
-8.41937e-21
-6.50364e-21
-1.41288e-21
7.76556e-21
2.05676e-20
3.33922e-20
3.81099e-20
2.38054e-20
-1.34168e-20
-5.41514e-20
-5.84232e-20
-1.22923e-20
3.37839e-20
7.42574e-21
-1.09957e-19
-2.7047e-19
-4.03389e-19
-4.58644e-19
-4.166e-19
-2.65898e-19
-1.35015e-20
2.50411e-19
3.08747e-19
1.22755e-19
-4.51845e-20
-3.29535e-20
3.55112e-20
2.99786e-20
-1.29184e-20
-2.71342e-20
-1.58898e-20
-6.2366e-21
-6.37361e-21
-1.23972e-20
-2.27159e-20
-4.30086e-20
-8.0049e-20
-1.17054e-19
-2.32135e-19
-4.20373e-19
-3.44604e-19
-1.6544e-19
-5.83115e-20
-3.25192e-20
-2.61571e-19
9.72661e-19
-1.11952e-17
8.46088e-17
1.45781e-16
-5.78798e-15
-1.1095e-13
-8.88937e-13
-2.06447e-12
2.12366e-11
7.4144e-10
1.97592e-08
6.95971e-08
1.02624e-07
1.07852e-07
9.79805e-08
7.44717e-08
4.73958e-08
2.47428e-08
9.8896e-09
2.8826e-09
8.13292e-10
3.35027e-10
2.12497e-10
1.69317e-10
1.43769e-10
1.23924e-10
1.09138e-10
9.95613e-11
9.68616e-11
1.0192e-10
1.20143e-10
1.61487e-10
2.50114e-10
4.70064e-10
9.72217e-10
2.20365e-09
2.71297e-09
1.09151e-08
5.50274e-08
1.31116e-07
1.9504e-07
1.76817e-07
7.79686e-07
3.52589e-06
8.30198e-06
1.2834e-05
1.42109e-05
-4.04182e-06
-0.000185691
-0.000799241
-0.00184183
-0.00311125
-0.00448497
-0.00573879
-0.00565232
-0.00495752
-0.00388272
-0.00279035
-0.00199358
-0.00160817
-0.00166158
-0.00221541
-0.00360193
-0.00664786
-0.0136746
-0.0265162
-0.0448867
-0.0666112
-0.09066
-0.111496
-0.109937
-0.0962384
-0.072302
-0.0456084
-0.023178
-0.00856854
-0.00198377
-0.00038747
-0.000107817
-7.24339e-05
-6.95571e-05
-6.43532e-05
-5.47538e-05
-4.43596e-05
-3.56577e-05
-2.93231e-05
-2.5565e-05
-2.39018e-05
-2.47334e-05
-2.91273e-05
-4.06292e-05
-6.81301e-05
-0.000145717
-0.000211067
-0.00015785
-0.00227502
-0.0128083
-0.032575
-0.0511001
-0.0614695
-0.0708224
-0.0956494
-0.153926
-0.25236
-0.369387
-0.490089
-0.569189
-0.61224
-0.603209
-0.568424
-0.503372
-0.425152
-0.345896
-0.278742
-0.231649
-0.204646
-0.192095
-0.189639
-0.192157
-0.194045
-0.189965
-0.175394
-0.146992
-0.103228
-0.044967
0.0245503
0.10033
0.176554
0.247844
0.310779
0.363974
0.404987
0.427882
0.434945
0.434978
0.432592
0.425774
0.405981
0.367935
0.31551
0.259135
0.235895
0.333209
0.453312
0.320117
1.05632e-21
-8.63143e-22
-4.76317e-22
-1.11873e-22
3.63195e-22
8.95363e-22
1.42493e-21
1.86259e-21
2.08194e-21
1.90394e-21
1.07967e-21
-6.57203e-22
-3.36114e-21
-6.4515e-21
-8.33582e-21
-6.60969e-21
5.11135e-22
1.14589e-20
1.97356e-20
1.91475e-20
1.51293e-20
2.28466e-20
4.68797e-20
7.38128e-20
9.00328e-20
9.81994e-20
1.12081e-19
1.38682e-19
1.65145e-19
1.60452e-19
9.89869e-20
-4.33773e-21
-7.32723e-20
-5.3634e-20
-1.92847e-21
9.92672e-21
-7.29736e-21
-1.18802e-20
-1.18723e-21
6.16191e-21
5.29791e-21
2.49959e-21
1.81964e-21
3.1091e-21
5.76937e-21
1.10836e-20
1.92436e-20
2.67575e-20
5.65996e-20
9.23413e-20
7.36097e-20
3.57047e-20
1.23869e-20
9.24962e-21
3.0757e-20
1.36789e-20
-4.151e-19
-7.71163e-19
1.19774e-16
-4.7615e-17
-6.87949e-14
-5.27213e-13
-6.05636e-13
9.16371e-12
7.83307e-11
1.28627e-09
2.06634e-08
6.56196e-08
9.68583e-08
1.14125e-07
1.04826e-07
8.10613e-08
5.2956e-08
2.86914e-08
1.23211e-08
4.32674e-09
1.74536e-09
1.02895e-09
7.66142e-10
6.28052e-10
5.41379e-10
4.89449e-10
4.66082e-10
4.77134e-10
5.29625e-10
6.57169e-10
9.2671e-10
1.48787e-09
2.91224e-09
6.05806e-09
1.0168e-08
3.11929e-08
1.10347e-07
2.32272e-07
3.32752e-07
3.67887e-07
1.19386e-06
4.06688e-06
9.30004e-06
1.31452e-05
1.4333e-05
-2.91506e-05
-0.000239753
-0.000800149
-0.0017564
-0.00284823
-0.00389826
-0.00489636
-0.00470336
-0.00393348
-0.00280121
-0.00170543
-0.000924176
-0.000548742
-0.00044341
-0.000478985
-0.000643139
-0.00105218
-0.00190637
-0.00448181
-0.0115075
-0.0249939
-0.0448885
-0.0707877
-0.0998695
-0.121677
-0.120508
-0.106856
-0.0805412
-0.0507891
-0.0256554
-0.00940481
-0.00233168
-0.000695355
-0.000371046
-0.000288518
-0.00024413
-0.000204231
-0.000169214
-0.00014245
-0.00012462
-0.000117131
-0.000119617
-0.00013697
-0.00018012
-0.000283692
-0.000538889
-0.000943688
-0.00178106
-0.00772315
-0.0260965
-0.0561726
-0.0826316
-0.0975354
-0.107005
-0.130893
-0.183863
-0.27613
-0.385169
-0.48617
-0.561228
-0.583098
-0.555071
-0.502054
-0.430638
-0.350877
-0.275396
-0.209528
-0.160033
-0.129574
-0.115498
-0.111234
-0.111762
-0.112293
-0.10841
-0.09643
-0.0736907
-0.0388344
0.00792192
0.0647222
0.128399
0.19509
0.260723
0.321291
0.37321
0.412714
0.432897
0.434309
0.432909
0.428735
0.41951
0.402962
0.376847
0.336948
0.287723
0.241913
0.225785
0.317344
0.422214
-0.0454669
1.7924e-21
-3.67898e-22
-8.07733e-23
-1.55217e-22
-2.78737e-22
-4.04515e-22
-4.99759e-22
-5.28918e-22
-4.43584e-22
-1.79688e-22
3.19418e-22
1.02608e-21
1.70863e-21
1.8723e-21
9.19108e-22
-1.40105e-21
-4.44357e-21
-6.61467e-21
-6.50709e-21
-4.55312e-21
-2.03739e-21
2.80796e-21
1.35745e-20
2.96668e-20
4.52038e-20
5.32512e-20
4.86884e-20
2.94749e-20
1.25967e-22
-2.52689e-20
-2.96411e-20
-9.81175e-21
1.3736e-20
1.61289e-20
3.66113e-21
-2.08482e-21
1.5325e-21
3.78181e-21
1.42939e-21
-1.16704e-21
-1.58685e-21
-9.42239e-22
-6.08494e-22
-8.5232e-22
-1.55099e-21
-2.91495e-21
-4.63814e-21
-6.06615e-21
-1.3497e-20
-2.07268e-20
-1.64616e-20
-8.18445e-21
-2.85053e-21
-1.76665e-21
2.56599e-21
-5.27007e-20
-1.47895e-18
4.2462e-19
4.5318e-17
5.16804e-17
-6.64388e-16
-1.14933e-13
-8.44219e-13
-8.25558e-13
4.12209e-11
2.44504e-10
1.49361e-09
2.07616e-08
6.39193e-08
1.04425e-07
1.32433e-07
1.22617e-07
9.69682e-08
6.5529e-08
3.69729e-08
1.75184e-08
8.54269e-09
5.07415e-09
3.63062e-09
2.91222e-09
2.51719e-09
2.3213e-09
2.27917e-09
2.4179e-09
2.78768e-09
3.58559e-09
5.21504e-09
8.63075e-09
1.66875e-08
3.1355e-08
7.52035e-08
2.1221e-07
4.08346e-07
5.56812e-07
6.95624e-07
1.84323e-06
4.92227e-06
1.00723e-05
1.22757e-05
1.397e-05
-5.40762e-05
-0.000302782
-0.000825143
-0.0016369
-0.00261445
-0.00338187
-0.00411283
-0.00385649
-0.00308276
-0.00205587
-0.00110364
-0.000491525
-0.000223252
-0.000144723
-0.000128124
-0.00014341
-0.000190739
-0.000319881
-0.000521583
-0.000998466
-0.00289185
-0.00937734
-0.0227435
-0.0443714
-0.0739039
-0.106794
-0.125857
-0.129363
-0.11709
-0.0892124
-0.056887
-0.0293486
-0.0115097
-0.00374736
-0.00177239
-0.00120357
-0.000947609
-0.0007809
-0.000661387
-0.000583383
-0.000543686
-0.00055136
-0.000613932
-0.00076976
-0.00111182
-0.00189129
-0.00343134
-0.00707454
-0.0193058
-0.0488696
-0.090793
-0.125931
-0.144043
-0.152812
-0.171792
-0.220352
-0.296533
-0.39961
-0.474714
-0.534717
-0.527251
-0.486184
-0.412248
-0.337344
-0.264493
-0.197762
-0.142647
-0.0995085
-0.0701755
-0.053918
-0.0470594
-0.0439858
-0.0407737
-0.0344691
-0.0229235
-0.0046572
0.0211852
0.0547338
0.0953094
0.141543
0.191702
0.243984
0.296389
0.346136
0.388906
0.417836
0.426912
0.425536
0.41764
0.402606
0.383336
0.361637
0.333907
0.293861
0.247742
0.213282
0.203392
0.289318
0.391766
-0.321338
-6.55074e-22
3.06778e-22
1.01238e-22
1.01823e-22
1.21955e-22
1.38744e-22
1.38937e-22
1.09902e-22
3.6033e-23
-9.51983e-23
-2.71743e-22
-4.25357e-22
-4.21497e-22
-1.13553e-22
5.38395e-22
1.35613e-21
1.94663e-21
1.89605e-21
1.08176e-21
-2.79199e-22
-2.03906e-21
-4.07428e-21
-5.73023e-21
-6.55157e-21
-7.31873e-21
-9.16744e-21
-1.15559e-20
-1.17639e-20
-7.27183e-21
4.68231e-22
5.42406e-21
3.31998e-21
-2.47095e-21
-4.30025e-21
-1.53451e-21
3.3977e-22
-3.56058e-22
-1.09364e-21
-6.11565e-22
1.7094e-22
4.43124e-22
3.29733e-22
2.17468e-22
2.55427e-22
4.35952e-22
7.68518e-22
1.11616e-21
1.38487e-21
3.18866e-21
4.82437e-21
3.89159e-21
1.95324e-21
6.58121e-22
2.68219e-22
-3.23646e-21
5.40302e-21
3.80336e-19
3.4645e-18
1.04678e-17
-6.52141e-17
-3.67457e-16
-1.00706e-15
-9.71389e-14
-4.34249e-13
3.97894e-12
1.68072e-12
-1.54905e-10
1.83261e-09
2.22647e-08
7.31574e-08
1.27882e-07
1.71735e-07
1.64769e-07
1.39354e-07
1.0264e-07
6.41562e-08
3.71989e-08
2.37809e-08
1.72769e-08
1.38528e-08
1.20284e-08
1.12261e-08
1.12279e-08
1.21735e-08
1.43736e-08
1.88679e-08
2.79159e-08
4.60563e-08
8.52028e-08
1.71196e-07
3.93232e-07
6.98743e-07
9.39455e-07
1.18066e-06
2.66686e-06
6.0645e-06
1.0749e-05
1.40978e-05
1.822e-06
-8.47954e-05
-0.000355544
-0.00085316
-0.00150174
-0.00231389
-0.00292678
-0.00333244
-0.0030228
-0.00230858
-0.00145603
-0.000719027
-0.000282096
-0.000114323
-5.98724e-05
-4.14532e-05
-3.75605e-05
-4.26487e-05
-5.72721e-05
-9.48115e-05
-0.000157323
-0.00026887
-0.000315592
-0.00163561
-0.00671415
-0.0197492
-0.0425842
-0.0750861
-0.107993
-0.127534
-0.136742
-0.125711
-0.0988863
-0.0663923
-0.0377947
-0.0181255
-0.00841478
-0.00499941
-0.00369245
-0.00301392
-0.00260941
-0.0024013
-0.00236627
-0.00256003
-0.00305614
-0.00408522
-0.00623376
-0.0105465
-0.0196802
-0.0414858
-0.0853936
-0.139225
-0.182064
-0.201459
-0.207034
-0.219094
-0.25807
-0.321494
-0.396324
-0.464767
-0.48816
-0.45671
-0.39505
-0.318878
-0.239188
-0.176013
-0.124839
-0.0834746
-0.0530379
-0.0319176
-0.0187398
-0.0116325
-0.00697134
-0.00124661
0.0071338
0.0190299
0.0349279
0.0547889
0.0782796
0.105014
0.134626
0.166861
0.201703
0.239288
0.279345
0.320153
0.357464
0.384792
0.395496
0.390427
0.373261
0.349765
0.325886
0.304227
0.278149
0.238363
0.194428
0.170777
0.170185
0.259774
0.366907
-0.320408
1.211e-22
-1.08988e-22
-5.06766e-23
-4.22368e-23
-4.12547e-23
-3.83742e-23
-2.91296e-23
-9.6197e-24
2.32577e-23
6.67486e-23
1.03896e-22
1.00542e-22
1.96487e-23
-1.47765e-22
-3.57095e-22
-5.13966e-22
-5.12966e-22
-3.09959e-22
-4.68437e-24
1.65386e-22
-5.0005e-23
-8.08786e-22
-1.99785e-21
-3.1288e-21
-3.59692e-21
-3.00681e-21
-1.40628e-21
4.66614e-22
1.3288e-21
5.20243e-22
-7.73236e-22
-7.49116e-22
5.14753e-22
1.12769e-21
5.02735e-22
-4.0779e-23
8.87016e-23
2.99908e-22
2.04679e-22
-1.19206e-23
-1.18413e-22
-1.07844e-22
-7.66884e-23
-8.03641e-23
-1.24728e-22
-2.00625e-22
-2.68662e-22
-3.26195e-22
-7.62344e-22
-1.15775e-21
-9.43054e-22
-4.62234e-22
-1.43803e-22
-9.83301e-24
1.16614e-21
-1.09187e-20
-7.41762e-20
9.09605e-19
1.21065e-17
-1.60792e-17
-7.46987e-16
-2.329e-15
1.56362e-13
5.9139e-13
-4.43057e-12
-1.99755e-11
-4.25137e-11
-4.27774e-10
6.93404e-10
2.23593e-08
8.61111e-08
1.66538e-07
2.3104e-07
2.58582e-07
2.47163e-07
2.07072e-07
1.53812e-07
1.08753e-07
8.0671e-08
6.52691e-08
5.71722e-08
5.37337e-08
5.40656e-08
5.88926e-08
6.98644e-08
9.17537e-08
1.34669e-07
2.13509e-07
3.75661e-07
7.10531e-07
1.17075e-06
1.48344e-06
1.98306e-06
3.44206e-06
7.78136e-06
1.09393e-05
1.42339e-05
-1.21907e-05
-0.000120261
-0.000387502
-0.000818545
-0.00135907
-0.00189301
-0.0025268
-0.00249224
-0.0021415
-0.0015676
-0.000941832
-0.000446254
-0.000171512
-6.9673e-05
-3.11092e-05
-1.6166e-05
-1.1377e-05
-1.05785e-05
-1.22133e-05
-1.66412e-05
-2.76904e-05
-4.50405e-05
-7.30511e-05
-0.000106863
-0.000105088
-0.000578679
-0.00432902
-0.0159156
-0.0392465
-0.0722161
-0.104872
-0.129543
-0.142061
-0.134572
-0.114168
-0.0848777
-0.0567185
-0.0351207
-0.0218888
-0.0150103
-0.0117999
-0.0102995
-0.00977128
-0.0100112
-0.0112768
-0.0139722
-0.0191193
-0.0289676
-0.0473647
-0.0844091
-0.141552
-0.204736
-0.250575
-0.268175
-0.266758
-0.271664
-0.293775
-0.345544
-0.388742
-0.436659
-0.421962
-0.364119
-0.28628
-0.212261
-0.149178
-0.0980839
-0.0640851
-0.0403622
-0.0234848
-0.0131763
-0.00708793
-0.00306815
0.00113766
0.00676137
0.0144918
0.0248784
0.0380037
0.0534912
0.0706536
0.0887385
0.107197
0.125932
0.145479
0.167023
0.192061
0.221594
0.254894
0.28833
0.315351
0.328366
0.323552
0.303672
0.276955
0.252931
0.234574
0.211433
0.171258
0.128548
0.115062
0.127969
0.23659
0.342819
-0.167213
-1.43317e-23
1.75897e-23
1.79938e-23
1.34932e-23
1.12491e-23
8.166e-24
3.02792e-24
-5.01347e-24
-1.56168e-23
-2.51672e-23
-2.55158e-23
-7.02742e-24
3.34952e-23
8.59268e-23
1.282e-22
1.35873e-22
9.66893e-23
3.0183e-23
-5.29296e-24
4.61088e-23
1.78231e-22
3.2618e-22
4.26267e-22
4.89544e-22
5.76916e-22
6.66023e-22
6.07916e-22
3.08022e-22
-4.82517e-23
-1.09277e-22
1.03422e-22
1.43557e-22
-1.31631e-22
-3.02967e-22
-1.51854e-22
1.79373e-24
-2.17543e-23
-7.93166e-23
-6.09881e-23
-3.92763e-24
3.07211e-23
3.3191e-23
2.56566e-23
2.52593e-23
3.5425e-23
5.17636e-23
6.55261e-23
8.14655e-23
1.87297e-22
2.80809e-22
2.25051e-22
1.04208e-22
2.96061e-23
-2.05501e-23
-1.87075e-22
4.8821e-21
5.2002e-20
-6.01403e-20
-1.03822e-17
-3.9518e-17
2.7361e-16
8.85051e-16
-3.92543e-15
1.19831e-13
8.41332e-13
8.79278e-13
-2.77374e-12
-1.57488e-10
-8.1957e-10
-2.43024e-09
1.86398e-08
9.33964e-08
2.11041e-07
3.30636e-07
4.1665e-07
4.54445e-07
4.43033e-07
3.97252e-07
3.40906e-07
2.92004e-07
2.59134e-07
2.44078e-07
2.44843e-07
2.64098e-07
3.08216e-07
3.94736e-07
5.60779e-07
8.3858e-07
1.28586e-06
1.82917e-06
2.24116e-06
2.94369e-06
4.73901e-06
8.63746e-06
1.29269e-05
9.87972e-06
-2.71614e-05
-0.000152618
-0.00039339
-0.000744532
-0.00113186
-0.00147042
-0.00187652
-0.00176231
-0.00143868
-0.000999057
-0.000569484
-0.000265969
-0.000111285
-4.75126e-05
-1.9082e-05
-7.79152e-06
-4.04494e-06
-2.94704e-06
-2.80864e-06
-3.30473e-06
-4.60727e-06
-7.83912e-06
-1.28669e-05
-1.98107e-05
-2.85052e-05
-4.21547e-05
-3.09066e-05
-2.68299e-05
-0.00232255
-0.0117027
-0.0338171
-0.0656898
-0.0998865
-0.129041
-0.142318
-0.145643
-0.134501
-0.113255
-0.0896071
-0.069245
-0.0544031
-0.0450244
-0.0399972
-0.0384989
-0.0400452
-0.0455307
-0.0563082
-0.0751625
-0.106579
-0.154164
-0.218739
-0.283701
-0.326816
-0.337688
-0.329323
-0.321832
-0.333269
-0.351014
-0.388764
-0.386889
-0.348661
-0.273196
-0.188789
-0.119518
-0.0736604
-0.0448032
-0.026956
-0.0170991
-0.0107811
-0.00650638
-0.0035346
-0.00116702
0.00107457
0.00374739
0.00758412
0.0131318
0.020774
0.0306022
0.042233
0.0548153
0.0673012
0.0788872
0.0894277
0.0996571
0.111156
0.126012
0.146049
0.17159
0.200108
0.225667
0.240295
0.23792
0.219321
0.193247
0.171448
0.157155
0.136351
0.0945225
0.0525506
0.0494028
0.0817362
0.218128
0.308417
0.530887
1.31971e-24
2.81746e-24
-4.55611e-24
-3.35057e-24
-2.32996e-24
-9.55619e-25
9.97315e-25
3.5398e-24
6.02257e-24
6.66121e-24
2.97979e-24
-6.30339e-24
-1.92232e-23
-3.06617e-23
-3.49381e-23
-2.89801e-23
-1.54083e-23
-4.25687e-24
-5.24379e-24
-1.0759e-23
3.62446e-24
5.27646e-23
1.198e-22
1.6308e-22
1.47922e-22
7.40929e-23
-1.47248e-23
-5.28691e-23
-2.00953e-23
1.04074e-23
-1.60528e-23
-2.57075e-23
3.7673e-23
8.34754e-23
4.46075e-23
9.09782e-25
4.83336e-24
2.03653e-23
1.70381e-23
2.45655e-24
-7.76286e-24
-9.6538e-24
-8.03854e-24
-7.67173e-24
-9.84864e-24
-1.33156e-23
-1.65534e-23
-2.18336e-23
-4.71835e-23
-6.72498e-23
-5.14199e-23
-2.18976e-23
-5.83078e-24
1.11034e-23
-3.58098e-24
-1.63512e-21
-1.14726e-20
2.44288e-19
1.50936e-18
-2.51559e-17
-9.97494e-17
9.45631e-16
4.91582e-15
-7.64302e-14
-3.4815e-13
-5.4441e-13
4.27244e-13
-6.68978e-12
-1.7855e-10
-1.9969e-09
-3.7305e-09
9.33225e-09
7.89668e-08
2.2826e-07
4.20951e-07
6.11299e-07
7.57491e-07
8.52264e-07
8.87574e-07
8.88736e-07
8.8359e-07
8.89613e-07
9.20865e-07
9.93161e-07
1.12272e-06
1.33678e-06
1.66615e-06
2.11937e-06
2.67452e-06
3.26934e-06
3.99654e-06
6.77087e-06
9.68048e-06
1.35584e-05
3.31017e-06
-4.62106e-05
-0.000173294
-0.000380742
-0.000620193
-0.000864776
-0.00108981
-0.00111499
-0.00100016
-0.000767415
-0.000497424
-0.000276003
-0.000138994
-6.89e-05
-3.2417e-05
-1.32568e-05
-4.97677e-06
-1.97589e-06
-9.85574e-07
-7.09853e-07
-6.86335e-07
-8.26771e-07
-1.19215e-06
-2.08375e-06
-3.54483e-06
-5.39822e-06
-7.32336e-06
-1.38894e-05
-7.01403e-06
1.77314e-06
3.4935e-05
-0.000771254
-0.00773858
-0.0265616
-0.0563623
-0.0910809
-0.121028
-0.141025
-0.152148
-0.155579
-0.147916
-0.135087
-0.122075
-0.112599
-0.108105
-0.109335
-0.116603
-0.131821
-0.156813
-0.194133
-0.246024
-0.30856
-0.366656
-0.399509
-0.401698
-0.384922
-0.368829
-0.360154
-0.36183
-0.355857
-0.32275
-0.254191
-0.17258
-0.101955
-0.0536718
-0.0282912
-0.0172521
-0.0114025
-0.00754591
-0.00494508
-0.00295889
-0.00144086
-0.000409258
0.000469803
0.00128148
0.00223422
0.00372563
0.00612095
0.00985557
0.0152339
0.0221383
0.029904
0.0375228
0.0440947
0.049274
0.0535086
0.0580442
0.0647786
0.0758583
0.0925977
0.11393
0.135307
0.149269
0.148752
0.132441
0.108055
0.0881924
0.076399
0.0559376
0.0110415
-0.0300213
-0.0217659
0.0388329
0.203202
0.143922
1.74188
-1.44551e-25
-2.80153e-24
5.64079e-25
5.52725e-25
2.45187e-25
-2.09661e-25
-8.02047e-25
-1.42527e-24
-1.72809e-24
-1.11455e-24
8.76917e-25
3.98243e-24
7.0516e-24
8.67036e-24
8.03138e-24
5.42526e-24
2.39293e-24
9.48387e-25
8.43587e-25
-1.66883e-24
-8.93009e-24
-1.82011e-23
-2.55476e-23
-3.0534e-23
-3.33662e-23
-2.99086e-23
-1.65131e-23
-4.0995e-25
4.17786e-24
1.61817e-25
3.0835e-24
4.43242e-24
-1.10117e-23
-2.32401e-23
-1.29484e-23
-4.25547e-25
-8.72497e-25
-5.0888e-24
-4.58958e-24
-9.39812e-25
1.90009e-24
2.66073e-24
2.35656e-24
2.2195e-24
2.67298e-24
3.46624e-24
4.40765e-24
6.17172e-24
1.19702e-23
1.56001e-23
1.1086e-23
4.2593e-24
1.0222e-24
-2.94489e-24
6.0747e-24
5.17678e-22
-1.98045e-21
-1.35408e-19
5.99324e-19
1.29108e-17
-3.40844e-18
-3.00595e-16
-3.56928e-17
1.81581e-15
3.65465e-15
-1.12875e-13
-6.06424e-13
-1.29429e-13
7.1386e-12
3.96237e-11
-1.24655e-09
-8.30049e-09
-1.02472e-08
3.52422e-08
1.81247e-07
4.29045e-07
7.39052e-07
1.0545e-06
1.33976e-06
1.57331e-06
1.77491e-06
1.95007e-06
2.13047e-06
2.34017e-06
2.6065e-06
2.96408e-06
3.44122e-06
4.05378e-06
4.69725e-06
6.16623e-06
8.47344e-06
1.25228e-05
1.20785e-05
-6.11041e-06
-6.67918e-05
-0.000188848
-0.000342391
-0.000493387
-0.00061641
-0.000630664
-0.000595133
-0.000481611
-0.000329215
-0.000196685
-0.000112502
-6.43344e-05
-3.58769e-05
-1.85455e-05
-8.55894e-06
-3.58248e-06
-1.35581e-06
-4.91734e-07
-2.21751e-07
-1.54734e-07
-1.51109e-07
-1.86609e-07
-2.80062e-07
-5.08454e-07
-9.01784e-07
-1.40492e-06
-1.9959e-06
-3.30964e-06
-3.05023e-06
7.57022e-06
3.09229e-05
7.91651e-05
5.9102e-05
-0.00432565
-0.0183712
-0.0443899
-0.076551
-0.108143
-0.13513
-0.153534
-0.167703
-0.176165
-0.182668
-0.184981
-0.190468
-0.201754
-0.22016
-0.248183
-0.287063
-0.336132
-0.390706
-0.43336
-0.445564
-0.44062
-0.424533
-0.398574
-0.373588
-0.344238
-0.301912
-0.235336
-0.155211
-0.0866467
-0.0419522
-0.0203111
-0.011008
-0.00668583
-0.00439828
-0.00295633
-0.00190901
-0.00113161
-0.00051173
-5.72334e-05
0.000290155
0.000512873
0.00063445
0.000794544
0.00115444
0.00184256
0.00303809
0.00504111
0.00797165
0.0115647
0.015207
0.0181978
0.0200911
0.0209218
0.0212721
0.0223366
0.0258619
0.033736
0.046222
0.0605116
0.0705911
0.0694022
0.0538413
0.0296579
0.00920985
-0.00347947
-0.026649
-0.0760967
-0.115567
-0.0943171
-0.00108649
0.192953
0.0040676
2.49876
1.94533e-26
9.94928e-25
1.6408e-25
1.30228e-26
7.56206e-26
1.96258e-25
3.392e-25
4.37542e-25
3.61056e-25
-3.12221e-26
-7.45391e-25
-1.5515e-24
-2.08915e-24
-2.11443e-24
-1.64543e-24
-9.33395e-25
-3.46138e-25
-8.01754e-26
1.36832e-25
4.98112e-25
2.17821e-25
-1.53107e-24
-3.9315e-24
-4.83938e-24
-3.00119e-24
3.46272e-25
2.25598e-24
1.22711e-24
-3.37342e-25
-2.81381e-25
-6.48979e-25
-7.20317e-25
3.17066e-24
6.45361e-24
3.72902e-24
1.3549e-25
7.95686e-26
1.2375e-24
1.21426e-24
3.15161e-25
-4.45846e-25
-6.97172e-25
-6.49463e-25
-6.10456e-25
-7.11708e-25
-9.24989e-25
-1.23395e-24
-1.77477e-24
-2.99119e-24
-3.46245e-24
-2.24322e-24
-7.73852e-25
-9.02086e-26
1.32207e-25
6.19315e-25
-1.46774e-22
1.91072e-21
3.57974e-20
-3.43619e-19
-2.52736e-18
8.99059e-18
5.02878e-17
-1.50143e-16
-6.38468e-16
1.22201e-14
1.50041e-13
2.00429e-13
2.41547e-13
3.42557e-12
8.23876e-11
6.6511e-11
-2.02247e-09
-1.05522e-08
-2.9676e-08
-3.4234e-08
4.04283e-08
2.62144e-07
6.20232e-07
1.08547e-06
1.60269e-06
2.12453e-06
2.6495e-06
3.17564e-06
3.70959e-06
4.27835e-06
4.92729e-06
5.7384e-06
6.89295e-06
8.16871e-06
1.12745e-05
1.3831e-05
6.59099e-06
-2.10511e-05
-9.46503e-05
-0.000195847
-0.000292667
-0.000383812
-0.000368731
-0.000317669
-0.000244531
-0.000164384
-0.000103757
-6.57285e-05
-4.1169e-05
-2.50641e-05
-1.46321e-05
-8.10228e-06
-4.25463e-06
-2.09492e-06
-9.32939e-07
-3.58237e-07
-1.22116e-07
-4.74278e-08
-2.99412e-08
-2.89674e-08
-3.66722e-08
-5.75837e-08
-1.09963e-07
-2.0219e-07
-3.42803e-07
-5.09008e-07
-6.45283e-07
-8.58535e-07
3.5337e-06
1.40794e-05
5.50312e-05
0.000120983
0.000137609
-0.00155889
-0.0106296
-0.0305672
-0.0584374
-0.0894383
-0.119438
-0.146898
-0.1718
-0.193328
-0.215818
-0.239141
-0.266143
-0.29855
-0.337623
-0.381726
-0.425759
-0.45602
-0.45971
-0.454084
-0.435419
-0.402564
-0.356201
-0.295653
-0.22107
-0.138692
-0.0717827
-0.0302569
-0.0132989
-0.00684655
-0.00382752
-0.00218491
-0.00133825
-0.00089658
-0.000594954
-0.000347143
-0.000114121
8.95759e-05
0.000236986
0.000304783
0.00030515
0.000276021
0.000257725
0.000310863
0.000474179
0.0007655
0.0012277
0.00188865
0.00271339
0.0035686
0.00422371
0.00444165
0.0041394
0.00350626
0.00275515
0.00206397
0.00182199
0.00480994
0.0101441
0.0134941
0.00852736
-0.00913004
-0.0361441
-0.0610783
-0.078952
-0.108022
-0.163038
-0.200086
-0.164338
-0.0370257
0.169277
-0.0981401
2.49496
-1.40274e-27
-2.29985e-25
-1.37458e-25
-5.5461e-26
-5.90622e-26
-8.40888e-26
-1.08794e-25
-1.05296e-25
-3.62032e-26
1.17775e-25
3.21051e-25
4.87407e-25
5.39426e-25
4.64135e-25
3.1021e-25
1.49581e-25
4.06151e-26
-1.16225e-26
-4.01738e-26
1.39051e-26
2.8307e-25
7.28985e-25
1.15077e-24
1.39019e-24
1.31565e-24
8.16143e-25
1.26345e-25
-1.71374e-25
-1.22013e-26
7.37356e-26
1.36617e-25
1.03194e-25
-8.87745e-25
-1.7737e-24
-1.07044e-24
-4.63355e-26
2.67969e-26
-2.90625e-25
-3.17699e-25
-1.0081e-25
9.81953e-26
1.73815e-25
1.69299e-25
1.60391e-25
1.87245e-25
2.53117e-25
3.54174e-25
5.0156e-25
7.24221e-25
7.31796e-25
4.26418e-25
1.35697e-25
-4.07201e-26
2.61023e-25
-1.15707e-24
3.32238e-23
-6.30034e-22
-5.47679e-21
9.98101e-20
1.32965e-19
-4.09077e-18
-6.77663e-18
1.19288e-16
7.83561e-16
-5.64055e-15
-5.48242e-14
-8.46056e-14
-1.11407e-13
-1.13917e-13
1.82725e-12
7.25945e-11
3.20685e-10
-8.88921e-10
-1.25093e-08
-4.65956e-08
-1.12043e-07
-1.80149e-07
-1.19598e-07
8.47103e-08
4.83147e-07
1.0477e-06
1.74685e-06
2.54586e-06
3.33993e-06
4.11093e-06
4.85629e-06
5.56332e-06
6.19062e-06
6.27871e-06
3.85612e-06
-9.22567e-06
-5.7073e-05
-0.000128257
-0.000195596
-0.00025028
-0.000234932
-0.000179337
-0.000120025
-7.28358e-05
-4.41285e-05
-2.7996e-05
-1.80677e-05
-1.15976e-05
-7.31926e-06
-4.50613e-06
-2.68552e-06
-1.53569e-06
-8.37615e-07
-4.27302e-07
-2.01418e-07
-8.6097e-08
-3.16081e-08
-1.05012e-08
-5.22993e-09
-4.69159e-09
-5.98828e-09
-9.85644e-09
-1.99069e-08
-3.81304e-08
-7.01672e-08
-1.05319e-07
-1.4071e-07
-1.90643e-07
2.65543e-07
3.21355e-06
1.8393e-05
7.67912e-05
0.000126559
0.000185634
9.48971e-05
-0.00448489
-0.0168871
-0.038203
-0.0651219
-0.0946717
-0.12583
-0.157623
-0.190985
-0.226671
-0.265507
-0.307888
-0.352379
-0.39511
-0.429193
-0.439097
-0.434885
-0.413065
-0.368681
-0.30203
-0.216345
-0.12717
-0.0577089
-0.0181749
-0.00604423
-0.00248616
-0.00115422
-0.000612977
-0.000377064
-0.000247741
-0.000170517
-0.000115255
-5.36224e-05
2.03264e-05
0.000116414
0.00020993
0.000247825
0.000238811
0.000193081
0.000130445
8.42475e-05
7.87204e-05
0.000116769
0.000194193
0.000308643
0.000446582
0.000579291
0.000675354
0.000717576
0.000708302
0.000652514
0.000476438
-0.000267446
-0.00210932
-0.00535894
-0.0100778
-0.0143377
-0.019174
-0.029853
-0.0516688
-0.0841754
-0.117864
-0.146791
-0.187178
-0.250585
-0.284479
-0.23338
-0.0739511
0.119194
-0.170566
2.26022
-3.64025e-28
3.54991e-26
5.5775e-26
3.05267e-26
2.65723e-26
2.95844e-26
2.99389e-26
1.80179e-26
-1.4056e-26
-6.32589e-26
-1.11324e-25
-1.35659e-25
-1.2699e-25
-9.43916e-26
-5.48891e-26
-2.24114e-26
-3.68444e-27
2.63838e-27
1.35507e-29
-1.32862e-26
-2.2317e-26
1.9508e-27
4.28474e-26
3.56914e-26
-3.84315e-26
-9.96081e-26
-6.65296e-26
2.92073e-27
7.6263e-27
-1.51396e-26
-2.85891e-26
-1.10243e-26
2.44779e-25
4.86897e-25
3.07283e-25
1.5463e-26
-2.14305e-26
6.66413e-26
8.38319e-26
3.17824e-26
-2.02123e-26
-4.19886e-26
-4.25757e-26
-4.1e-26
-4.95261e-26
-7.12595e-26
-1.02841e-25
-1.38412e-25
-1.7013e-25
-1.48267e-25
-7.67543e-26
-2.47421e-26
3.12353e-26
-1.58775e-25
5.54814e-25
-5.98191e-24
1.45519e-22
1.29076e-22
-2.5222e-20
7.46027e-20
1.37166e-18
-2.93487e-20
-4.93877e-17
-1.6223e-16
1.25369e-15
5.24154e-15
8.8243e-15
1.36728e-14
1.84621e-14
1.86661e-14
3.505e-12
8.09368e-11
6.31691e-10
7.71569e-11
-1.06283e-08
-5.80653e-08
-1.81304e-07
-3.9645e-07
-6.87492e-07
-9.61059e-07
-1.10608e-06
-1.18812e-06
-1.19716e-06
-1.20743e-06
-1.40664e-06
-2.13558e-06
-4.39017e-06
-9.4484e-06
-2.23562e-05
-5.28149e-05
-0.000100801
-0.000168679
-0.000183949
-0.000163116
-0.000115012
-6.28817e-05
-2.94253e-05
-1.58301e-05
-9.49882e-06
-5.89821e-06
-3.6854e-06
-2.31109e-06
-1.45715e-06
-9.201e-07
-5.77294e-07
-3.55266e-07
-2.11177e-07
-1.20354e-07
-6.48092e-08
-3.27675e-08
-1.53659e-08
-6.54585e-09
-2.42044e-09
-9.24904e-10
-6.38133e-10
-7.58334e-10
-1.2864e-09
-2.73462e-09
-5.56959e-09
-1.093e-08
-1.73575e-08
-2.59701e-08
-5.61967e-08
-8.1013e-08
2.95118e-07
2.42001e-06
2.22132e-05
6.5291e-05
0.000133953
0.000224636
0.000219813
-0.000490752
-0.00620473
-0.0187315
-0.0383191
-0.0632996
-0.0929941
-0.127176
-0.166129
-0.209095
-0.254852
-0.299744
-0.338264
-0.362625
-0.364993
-0.342412
-0.284824
-0.20265
-0.116455
-0.0455372
-0.00883202
0.000679039
0.00216095
0.00178749
0.00128434
0.000752962
0.000355998
0.00014606
5.37685e-05
1.80514e-05
1.7162e-05
3.37189e-05
5.86537e-05
7.31622e-05
7.80531e-05
7.19595e-05
6.04651e-05
4.42231e-05
2.9656e-05
1.98625e-05
1.83882e-05
2.62574e-05
4.37151e-05
7.13768e-05
0.00010965
0.000155685
0.000198741
0.000226516
0.000228071
0.000170031
-8.00433e-05
-0.000752395
-0.00244308
-0.00590997
-0.0122477
-0.0211941
-0.0327964
-0.0496499
-0.0772197
-0.117137
-0.161166
-0.201532
-0.25192
-0.321092
-0.353132
-0.287492
-0.102503
0.0610512
-0.220603
1.44066
1.2585e-28
-2.55046e-27
-1.19878e-26
-8.43834e-27
-6.716e-27
-6.04627e-27
-4.01291e-27
1.29219e-27
1.0283e-26
2.0492e-26
2.74237e-26
2.7934e-26
2.26566e-26
1.48662e-26
7.67999e-27
2.69553e-27
2.60628e-28
-9.92185e-29
6.5268e-28
9.4872e-28
-3.0945e-27
-1.36499e-26
-2.56097e-26
-2.95426e-26
-1.97159e-26
-2.16926e-27
6.6598e-27
2.00884e-27
-1.08632e-27
2.40041e-27
4.89848e-27
1.74661e-28
-5.54434e-26
-1.12912e-25
-7.65147e-26
-6.08673e-27
8.43546e-27
-1.14871e-26
-1.84489e-26
-8.69426e-27
2.66463e-27
8.00359e-27
8.61123e-27
8.57994e-27
1.1074e-26
1.7006e-26
2.45705e-26
3.05583e-26
3.20854e-26
2.41551e-26
1.10689e-26
4.20635e-27
-1.09125e-26
4.99319e-26
-2.00864e-25
1.19631e-24
-2.62676e-23
1.26967e-22
6.12478e-21
-1.9604e-20
-3.24726e-19
4.81616e-20
8.51666e-18
1.08941e-17
-1.6781e-16
-6.66092e-17
-3.94648e-17
-3.65858e-17
1.27805e-16
2.1787e-15
2.84644e-14
4.45609e-12
8.73931e-11
5.00716e-10
1.15336e-09
-3.54757e-09
-4.21775e-08
-1.7185e-07
-4.92856e-07
-1.04698e-06
-1.92541e-06
-3.24328e-06
-5.13452e-06
-7.75159e-06
-1.13883e-05
-1.67952e-05
-2.53627e-05
-3.79319e-05
-6.19328e-05
-0.000101543
-0.000108389
-9.23129e-05
-5.42902e-05
-2.35771e-05
-1.05168e-05
-5.11028e-06
-2.58565e-06
-1.34491e-06
-7.29406e-07
-4.16016e-07
-2.48149e-07
-1.5307e-07
-9.66884e-08
-6.18593e-08
-3.96711e-08
-2.51648e-08
-1.55669e-08
-9.35329e-09
-5.38127e-09
-2.95302e-09
-1.53718e-09
-7.56499e-10
-3.49818e-10
-1.51507e-10
-7.55197e-11
-6.61101e-11
-1.0698e-10
-2.16864e-10
-3.59686e-10
-4.88457e-10
-5.30071e-10
-1.04841e-10
-7.46326e-09
-3.30041e-08
-2.90782e-08
1.36554e-07
9.83429e-07
1.13865e-05
3.82638e-05
0.000110271
0.000176831
0.000243128
0.000289862
-0.000212883
-0.00381664
-0.0113725
-0.0234391
-0.0404003
-0.0625474
-0.0892162
-0.118832
-0.145918
-0.158419
-0.154099
-0.137831
-0.0937623
-0.042164
-0.0127881
-0.000127941
0.00464873
0.0055397
0.00459218
0.00271767
0.00114176
0.000338751
7.1341e-05
2.62097e-05
1.47454e-05
9.75035e-06
7.72956e-06
6.45487e-06
5.80962e-06
6.04796e-06
6.61493e-06
7.21931e-06
7.22674e-06
6.2818e-06
4.90638e-06
3.58944e-06
2.73835e-06
2.4539e-06
2.58364e-06
2.93306e-06
3.35302e-06
3.93181e-06
6.6687e-06
1.26632e-05
1.92022e-05
2.10509e-05
-9.53371e-08
-0.000102552
-0.000388483
-0.00116207
-0.00305882
-0.00723594
-0.0149042
-0.0269849
-0.0457938
-0.0769571
-0.126116
-0.190953
-0.263648
-0.348257
-0.441165
-0.467766
-0.384913
-0.181201
-0.0990373
-0.241442
-0.731921
)
;

boundaryField
{
    inlet
    {
        type            uniformFixedValue;
        uniformValue    table;
        uniformValueCoeffs
        {
            values          
4
(
(0 1)
(0.15 1)
(0.151 0)
(1 0)
)
;
        }
        value           uniform 0;
    }
    outlet
    {
        type            inletOutlet;
        inletValue      uniform 0;
        value           nonuniform List<scalar> 
200
(
0
0
0
0
0
0
0
0
0
0
0
0
0
0
0
0
0
0
0
0
0
0
0
0
0
0
0
0
0
0
0
0
0
0
0
0
0
0
0
0
0
0
0
0
0
0
0
0
0
0
0
0
0
0
0
0
0
0
0
0
0
0
0
0
0
0
0
0
0
0
0
0
0
0
0
0
0
-1.7185e-07
-4.92856e-07
-1.04698e-06
-1.92541e-06
-3.24328e-06
-5.13452e-06
-7.75159e-06
-1.13883e-05
-1.67952e-05
-2.53627e-05
-3.79319e-05
-6.19328e-05
-0.000101543
0
0
0
0
0
0
0
0
0
0
0
0
0
0
0
0
0
0
0
0
0
0
0
0
0
0
0
-2.16864e-10
-3.59686e-10
-4.88457e-10
-5.30071e-10
-1.04841e-10
-7.46326e-09
-3.30041e-08
-2.90782e-08
1.36554e-07
9.83429e-07
1.13865e-05
3.82638e-05
0.000110271
0.000176831
0.000243128
0.000289862
-0.000212883
-0.00381664
-0.0113725
-0.0234391
-0.0404003
-0.0625474
-0.0892162
-0.118832
-0.145918
-0.158419
-0.154099
-0.137831
0
0
0
0
0
0
0
0
0
0
0
0
0
0
0
0
0
0
0
0
7.22674e-06
6.2818e-06
4.90638e-06
3.58944e-06
2.73835e-06
2.4539e-06
2.58364e-06
2.93306e-06
3.35302e-06
3.93181e-06
6.6687e-06
1.26632e-05
1.92022e-05
2.10509e-05
-9.53371e-08
-0.000102552
-0.000388483
-0.00116207
-0.00305882
-0.00723594
-0.0149042
-0.0269849
-0.0457938
-0.0769571
-0.126116
-0.190953
-0.263648
-0.348257
-0.441165
-0.467766
-0.384913
-0.181201
-0.0990373
-0.241442
-0.731921
)
;
    }
    walls
    {
        type            zeroGradient;
    }
    frontAndBack
    {
        type            empty;
    }
}


// ************************************************************************* //
