/*--------------------------------*- C++ -*----------------------------------*\
| =========                 |                                                 |
| \\      /  F ield         | OpenFOAM: The Open Source CFD Toolbox           |
|  \\    /   O peration     | Version:  2506                                  |
|   \\  /    A nd           | Website:  www.openfoam.com                      |
|    \\/     M anipulation  |                                                 |
\*---------------------------------------------------------------------------*/
FoamFile
{
    version     2.0;
    format      ascii;
    arch        "LSB;label=32;scalar=64";
    class       volScalarField;
    location    "4";
    object      p;
}
// * * * * * * * * * * * * * * * * * * * * * * * * * * * * * * * * * * * * * //

dimensions      [0 2 -2 0 0 0 0];

internalField   nonuniform List<scalar> 
4000
(
0.00454325
0.00446789
0.00441811
0.00438789
0.00436293
0.00433981
0.00431801
0.00429698
0.00427633
0.00425588
0.00423558
0.00421541
0.00419533
0.00417535
0.00415546
0.00413565
0.00411594
0.00409633
0.00407681
0.0040574
0.00403811
0.00401895
0.00399993
0.00398108
0.00396242
0.00394397
0.00392578
0.00390787
0.0038903
0.00387314
0.00385646
0.00384039
0.00382509
0.00381062
0.00379806
0.00378717
0.00377614
0.00376429
0.00375139
0.00373686
0.00371998
0.00369906
0.00367434
0.00364691
0.00361675
0.00358406
0.00354893
0.00351125
0.00347179
0.00343036
0.0033873
0.00334324
0.0032979
0.00325255
0.00320659
0.00316133
0.00311655
0.00307272
0.00303082
0.00298953
0.00295098
0.00291377
0.00287844
0.00284505
0.00281286
0.00278259
0.00275326
0.00272541
0.0026984
0.00267249
0.00264749
0.0026232
0.00259984
0.00257722
0.00255536
0.00253433
0.00251407
0.00249458
0.00247591
0.002458
0.00244086
0.00242445
0.00240876
0.00239375
0.00237939
0.00236562
0.00235243
0.00233981
0.00232769
0.00231607
0.00230495
0.00229428
0.00228405
0.00227426
0.00226485
0.00225584
0.00224716
0.00223883
0.00223076
0.00222297
0.00221536
0.00220792
0.00220058
0.00219329
0.00218601
0.00217866
0.0021712
0.00216356
0.00215569
0.00214753
0.00213903
0.0021301
0.00212072
0.00211077
0.00210023
0.00208895
0.0020769
0.00206398
0.00205008
0.00203512
0.002019
0.00200164
0.00198298
0.00196298
0.00194154
0.00191865
0.00189428
0.0018684
0.00184103
0.00181214
0.0017817
0.00174985
0.00171657
0.00168172
0.00164562
0.00160822
0.00156921
0.0015294
0.00148818
0.00144613
0.00140324
0.00135978
0.00131607
0.00127256
0.0012292
0.00118732
0.00114576
0.00110666
0.00106901
0.00103329
0.000999947
0.000967963
0.00093854
0.000910326
0.000884264
0.000859261
0.000836109
0.000814168
0.000793874
0.00077535
0.000760687
0.000745588
0.000730932
0.000716683
0.000702851
0.000688762
0.000674228
0.000658071
0.000640821
0.000622951
0.000604455
0.000585335
0.00056563
0.000545394
0.000524701
0.00050364
0.000482304
0.000460787
0.000439176
0.000417547
0.000395941
0.000374429
0.000353049
0.000331831
0.000310794
0.000289948
0.000269293
0.000248817
0.000228507
0.000208336
0.000188283
0.000168324
0.000148432
0.000128583
0.000108758
8.89387e-05
6.91176e-05
4.9289e-05
2.94497e-05
9.68619e-06
0.00449461
0.00445149
0.00441427
0.00438758
0.00436409
0.0043413
0.0043194
0.00429825
0.00427753
0.00425704
0.00423672
0.00421654
0.00419647
0.00417651
0.00415665
0.00413688
0.0041172
0.00409763
0.00407815
0.00405879
0.00403955
0.00402043
0.00400146
0.00398265
0.00396403
0.00394562
0.00392745
0.00390956
0.003892
0.00387483
0.00385812
0.00384196
0.00382649
0.00381171
0.00379825
0.00378583
0.00377305
0.00375943
0.00374468
0.00372821
0.00370937
0.00368686
0.00366109
0.00363291
0.00360227
0.00356931
0.00353418
0.00349683
0.00345799
0.0034175
0.00337571
0.00333314
0.00328968
0.00324626
0.00320254
0.00315946
0.00311699
0.0030753
0.00303518
0.00299581
0.00295867
0.0029228
0.00288853
0.00285598
0.00282459
0.00279488
0.00276608
0.00273862
0.00271199
0.00268631
0.00266147
0.00263733
0.00261401
0.00259138
0.00256946
0.00254828
0.00252782
0.00250808
0.00248908
0.00247082
0.00245329
0.00243649
0.00242038
0.00240495
0.00239016
0.00237597
0.00236234
0.00234927
0.00233669
0.0023246
0.00231297
0.00230178
0.002291
0.00228063
0.00227062
0.00226099
0.00225167
0.00224266
0.00223392
0.00222542
0.0022171
0.00220894
0.00220086
0.00219285
0.00218483
0.00217675
0.00216856
0.0021602
0.00215161
0.00214273
0.00213349
0.00212384
0.0021137
0.00210298
0.00209164
0.00207953
0.00206661
0.00205277
0.00203791
0.00202198
0.00200489
0.00198654
0.00196691
0.00194596
0.00192361
0.00189988
0.00187474
0.00184819
0.00182023
0.00179087
0.00176009
0.001728
0.00169459
0.00165979
0.00162385
0.00158674
0.00154833
0.0015092
0.00146899
0.00142814
0.00138674
0.00134503
0.00130329
0.0012619
0.00122086
0.00118117
0.0011421
0.00110501
0.00106925
0.0010351
0.001003
0.000972223
0.000943632
0.000916226
0.000890698
0.000866163
0.000843256
0.000821485
0.000801118
0.000782054
0.000765982
0.000749709
0.000733874
0.000718457
0.000703363
0.00068817
0.000672631
0.000655976
0.000638535
0.000620585
0.000602075
0.000582985
0.00056334
0.000543189
0.000522599
0.00050165
0.000480432
0.000459031
0.000437525
0.000415986
0.000394486
0.000373086
0.000351803
0.000330672
0.000309714
0.000288941
0.000268354
0.000247946
0.000227708
0.000207616
0.000187645
0.000167766
0.000147955
0.000128189
0.000108447
8.87115e-05
6.89721e-05
4.92197e-05
2.94462e-05
9.68811e-06
0.00447074
0.00444202
0.00441189
0.00438743
0.0043646
0.00434224
0.00432051
0.00429936
0.0042786
0.00425808
0.00423774
0.00421755
0.00419748
0.00417752
0.00415766
0.0041379
0.00411825
0.00409869
0.00407924
0.0040599
0.00404067
0.00402158
0.00400263
0.00398384
0.00396522
0.00394682
0.00392864
0.00391074
0.00389314
0.0038759
0.00385909
0.00384276
0.00382701
0.0038118
0.00379746
0.00378373
0.00376955
0.00375446
0.00373815
0.00372003
0.00369959
0.00367596
0.00364958
0.00362103
0.00359025
0.00355738
0.00352257
0.00348589
0.00344791
0.00340857
0.00336814
0.00332714
0.00328553
0.00324394
0.00320227
0.00316109
0.00312047
0.00308057
0.00304196
0.00300409
0.00296794
0.00293297
0.00289937
0.00286725
0.00283629
0.00280676
0.00277817
0.00275079
0.00272426
0.00269863
0.00267382
0.0026497
0.00262635
0.00260365
0.00258162
0.00256027
0.00253958
0.00251958
0.00250027
0.00248167
0.00246378
0.00244658
0.00243008
0.00241425
0.00239906
0.00238447
0.00237045
0.00235696
0.00234398
0.00233147
0.00231942
0.00230778
0.00229655
0.00228569
0.0022752
0.00226505
0.00225521
0.00224566
0.00223636
0.00222729
0.00221839
0.00220965
0.00220101
0.00219241
0.0021838
0.00217514
0.00216637
0.00215742
0.00214824
0.00213876
0.00212892
0.00211864
0.00210785
0.00209646
0.0020844
0.00207155
0.00205785
0.00204321
0.00202751
0.00201072
0.00199276
0.00197355
0.00195308
0.00193131
0.00190822
0.0018838
0.00185806
0.001831
0.00180265
0.001773
0.00174207
0.00170993
0.00167659
0.00164204
0.00160646
0.00156986
0.00153222
0.00149396
0.00145489
0.00141536
0.00137549
0.00133549
0.00129561
0.00125612
0.00121711
0.00117913
0.00114184
0.00110616
0.00107172
0.00103867
0.0010074
0.000977367
0.000949224
0.000922233
0.000896904
0.000872595
0.000849728
0.000827932
0.000807418
0.000787822
0.000770462
0.000753083
0.000736189
0.000719737
0.000703622
0.00068747
0.000671147
0.00065408
0.000636473
0.000618464
0.000599951
0.000580893
0.000561306
0.000541231
0.000520729
0.000499877
0.000478761
0.000457463
0.000436062
0.000414629
0.000393228
0.000371892
0.000350677
0.000329613
0.00030872
0.00028801
0.000267487
0.000247145
0.000226969
0.000206943
0.000187042
0.000167239
0.000147507
0.000127822
0.00010816
8.85047e-05
6.88405e-05
4.91546e-05
2.94323e-05
9.66762e-06
0.0044592
0.00443539
0.00440902
0.00438638
0.00436455
0.00434258
0.00432114
0.00430015
0.00427944
0.00425894
0.00423861
0.00421843
0.00419836
0.00417841
0.00415856
0.00413881
0.00411916
0.00409962
0.00408017
0.00406084
0.00404162
0.00402253
0.00400357
0.00398477
0.00396613
0.00394768
0.00392946
0.00391147
0.00389377
0.00387639
0.00385937
0.00384276
0.00382661
0.00381084
0.0037957
0.00378092
0.00376554
0.00374918
0.00373154
0.00371211
0.00369052
0.00366614
0.00363934
0.00361058
0.00357982
0.00354721
0.00351292
0.00347707
0.00344006
0.00340196
0.00336304
0.00332365
0.00328384
0.00324405
0.00320425
0.00316485
0.00312592
0.00308757
0.00305024
0.00301356
0.0029782
0.00294387
0.00291071
0.00287885
0.00284806
0.00281857
0.00279
0.00276259
0.00273603
0.00271035
0.0026855
0.00266133
0.0026379
0.00261511
0.00259295
0.00257144
0.00255056
0.00253032
0.00251074
0.00249185
0.00247363
0.00245611
0.00243926
0.00242307
0.00240753
0.00239258
0.00237821
0.00236437
0.00235102
0.00233814
0.00232569
0.00231364
0.00230197
0.00229067
0.00227969
0.00226905
0.00225868
0.0022486
0.00223875
0.00222912
0.00221965
0.00221033
0.0022011
0.00219192
0.00218274
0.0021735
0.00216415
0.00215462
0.00214486
0.00213478
0.00212433
0.00211342
0.00210198
0.0020899
0.00207713
0.00206354
0.00204906
0.00203362
0.00201711
0.0019995
0.00198072
0.00196073
0.0019395
0.00191703
0.0018933
0.00186834
0.00184216
0.00181476
0.0017862
0.00175647
0.00172559
0.00169363
0.00166061
0.00162653
0.00159155
0.00155571
0.00151902
0.00148182
0.00144402
0.00140589
0.00136757
0.00132922
0.00129105
0.00125326
0.00121591
0.0011794
0.00114356
0.00110897
0.00107547
0.00104315
0.00101235
0.000982705
0.000954705
0.000927834
0.000902471
0.00087822
0.0008552
0.000833203
0.000812445
0.000792379
0.000774179
0.000755863
0.00073802
0.000720643
0.000703666
0.00068674
0.000669847
0.000652424
0.000634642
0.00061657
0.000598044
0.000578998
0.00055944
0.000539405
0.000518952
0.000498155
0.000477098
0.000455865
0.00043453
0.000413164
0.000391825
0.000370556
0.000349409
0.000328412
0.000307587
0.000286947
0.000266497
0.000246231
0.000226136
0.000206195
0.00018638
0.000166666
0.000147023
0.000127425
0.000107849
8.82737e-05
6.86825e-05
4.90593e-05
2.93875e-05
9.63755e-06
0.00445205
0.00442992
0.00440595
0.00438478
0.00436396
0.00434269
0.00432159
0.00430075
0.00428016
0.00425973
0.00423944
0.00421927
0.00419921
0.00417926
0.00415942
0.00413967
0.00412002
0.00410047
0.00408102
0.00406168
0.00404245
0.00402333
0.00400435
0.0039855
0.0039668
0.00394828
0.00392996
0.00391185
0.00389398
0.00387639
0.0038591
0.00384213
0.00382552
0.00380914
0.00379322
0.00377749
0.00376103
0.00374351
0.00372471
0.00370418
0.00368168
0.00365669
0.00362958
0.00360072
0.00357011
0.0035379
0.00350426
0.00346932
0.00343338
0.0033966
0.00335924
0.00332148
0.00328341
0.00324537
0.00320737
0.00316966
0.00313232
0.00309543
0.0030593
0.00302371
0.0029891
0.00295535
0.00292259
0.00289093
0.00286023
0.0028307
0.00280208
0.00277454
0.00274785
0.00272205
0.00269706
0.00267277
0.00264921
0.00262628
0.00260397
0.00258228
0.0025612
0.00254073
0.0025209
0.00250172
0.0024832
0.00246536
0.00244819
0.00243167
0.00241579
0.00240052
0.00238581
0.00237164
0.00235795
0.00234471
0.0023319
0.00231946
0.00230738
0.00229564
0.00228419
0.00227306
0.00226217
0.00225155
0.00224114
0.00223095
0.00222089
0.00221099
0.00220116
0.00219138
0.00218161
0.00217176
0.00216182
0.00215168
0.00214131
0.00213061
0.00211952
0.00210795
0.00209581
0.00208301
0.00206949
0.00205511
0.00203984
0.00202358
0.00200625
0.00198783
0.00196828
0.00194754
0.00192564
0.00190256
0.00187831
0.00185293
0.00182643
0.00179884
0.00177021
0.00174055
0.00170988
0.00167827
0.00164576
0.00161232
0.0015781
0.00154317
0.00150756
0.00147153
0.00143506
0.00139836
0.00136156
0.00132478
0.00128819
0.00125193
0.00121606
0.00118086
0.00114623
0.00111256
0.00107979
0.00104802
0.00101752
0.000988066
0.000960063
0.000933137
0.000907623
0.000883224
0.000859925
0.000837651
0.00081657
0.000796019
0.000777207
0.000758091
0.000739404
0.000721209
0.000703498
0.00068592
0.000668558
0.000650793
0.000632815
0.000614657
0.000596089
0.000577019
0.000557455
0.00053743
0.000517
0.000496239
0.000475229
0.000454052
0.000432782
0.000411485
0.00039022
0.000369033
0.000347967
0.000327053
0.000306314
0.000285761
0.000265399
0.000245225
0.000225224
0.000205377
0.000185658
0.000166037
0.000146488
0.000126981
0.000107492
8.79995e-05
6.84845e-05
4.89291e-05
2.93179e-05
9.60785e-06
0.00444721
0.00442576
0.00440325
0.00438325
0.00436327
0.00434261
0.00432186
0.00430126
0.00428083
0.00426049
0.00424023
0.00422009
0.00420004
0.00418009
0.00416024
0.00414049
0.00412083
0.00410126
0.00408179
0.00406242
0.00404316
0.004024
0.00400495
0.00398603
0.00396725
0.00394862
0.00393015
0.00391187
0.00389379
0.00387593
0.0038583
0.00384092
0.0038238
0.00380681
0.00379013
0.0037735
0.00375605
0.0037375
0.00371767
0.00369621
0.00367296
0.00364751
0.00362021
0.00359137
0.00356102
0.00352931
0.00349641
0.00346244
0.00342768
0.00339225
0.00335638
0.00332021
0.00328383
0.00324746
0.00321114
0.00317502
0.00313919
0.00310367
0.00306869
0.00303414
0.0030003
0.00296713
0.00293476
0.00290331
0.0028727
0.00284312
0.00281438
0.00278666
0.00275978
0.00273376
0.00270857
0.00268407
0.00266032
0.0026372
0.00261469
0.0025928
0.00257149
0.00255079
0.0025307
0.00251125
0.00249244
0.00247429
0.0024568
0.00243997
0.00242377
0.00240818
0.00239316
0.00237868
0.00236467
0.0023511
0.00233795
0.00232515
0.00231268
0.00230053
0.00228863
0.00227703
0.00226563
0.00225448
0.0022435
0.00223274
0.00222209
0.00221158
0.00220115
0.00219075
0.00218036
0.00216988
0.00215931
0.00214854
0.00213752
0.00212616
0.00211438
0.00210209
0.00208922
0.00207565
0.00206134
0.00204616
0.00203006
0.00201299
0.00199486
0.00197568
0.00195541
0.00193402
0.00191153
0.00188797
0.00186333
0.00183766
0.001811
0.00178337
0.00175482
0.00172537
0.00169505
0.00166393
0.00163205
0.00159935
0.00156602
0.0015321
0.00149763
0.00146282
0.00142768
0.00139237
0.00135701
0.0013217
0.00128656
0.00125168
0.00121712
0.00118307
0.00114947
0.00111659
0.00108444
0.00105308
0.00102279
0.000993409
0.000965301
0.000938188
0.000912398
0.000887664
0.00086402
0.000841347
0.000819908
0.000798866
0.000779539
0.000759742
0.000740332
0.000721448
0.000703132
0.000685002
0.000667216
0.000649105
0.000630895
0.000612597
0.000593927
0.000574777
0.00055516
0.000535112
0.000514686
0.000493955
0.000473
0.000451898
0.00043072
0.000409527
0.000388372
0.000367301
0.000346352
0.000325555
0.00030493
0.000284489
0.000264236
0.000244167
0.000224267
0.000204518
0.000184892
0.000165363
0.000145901
0.000126481
0.000107076
8.76656e-05
6.82304e-05
4.87516e-05
2.92173e-05
9.57343e-06
0.0044439
0.00442279
0.00440115
0.00438196
0.00436261
0.00434244
0.00432203
0.0043017
0.00428142
0.00426117
0.00424099
0.00422088
0.00420084
0.0041809
0.00416104
0.00414127
0.00412159
0.004102
0.00408249
0.00406308
0.00404376
0.00402453
0.00400541
0.00398639
0.00396748
0.00394871
0.00393006
0.00391156
0.00389322
0.00387505
0.00385705
0.00383922
0.00382155
0.00380394
0.00378652
0.00376903
0.00375068
0.00373121
0.0037105
0.00368826
0.00366443
0.00363866
0.00361128
0.00358255
0.00355255
0.00352143
0.00348933
0.00345637
0.00342279
0.00338871
0.00335427
0.00331962
0.00328483
0.00325004
0.00321529
0.00318066
0.00314623
0.003112
0.00307815
0.00304462
0.00301154
0.00297898
0.00294706
0.00291587
0.00288537
0.00285576
0.00282692
0.002799
0.00277188
0.0027456
0.00272013
0.00269536
0.00267134
0.00264796
0.00262519
0.00260306
0.0025815
0.00256053
0.00254018
0.00252045
0.00250134
0.00248289
0.00246509
0.00244794
0.00243143
0.00241553
0.0024002
0.00238542
0.0023711
0.00235723
0.00234376
0.00233062
0.00231778
0.00230524
0.00229291
0.00228084
0.00226895
0.00225728
0.00224574
0.0022344
0.00222314
0.00221202
0.00220095
0.00218992
0.00217888
0.00216775
0.00215651
0.00214506
0.00213334
0.00212126
0.00210875
0.0020957
0.00208204
0.00206767
0.00205254
0.00203653
0.00201962
0.00200176
0.00198289
0.00196301
0.00194211
0.00192019
0.00189726
0.00187335
0.00184848
0.00182269
0.00179601
0.00176849
0.00174016
0.00171105
0.00168118
0.00165069
0.00161948
0.00158762
0.00155525
0.00152239
0.00148907
0.00145547
0.00142162
0.00138764
0.00135363
0.00131966
0.00128582
0.00125218
0.0012188
0.00118576
0.00115306
0.00112088
0.00108926
0.00105825
0.00102811
0.000998743
0.000970458
0.000943065
0.00091689
0.000891697
0.000867656
0.000844469
0.000822595
0.000801051
0.000781237
0.00076087
0.00074086
0.000721411
0.000702598
0.000683987
0.000665778
0.000647297
0.000628796
0.000610273
0.000591416
0.000572115
0.000552391
0.000532288
0.000511857
0.000491166
0.000470293
0.000449308
0.000428272
0.000407237
0.000386249
0.000365349
0.000344568
0.000323933
0.00030346
0.00028316
0.000263036
0.000243084
0.000223289
0.000203633
0.000184094
0.000164645
0.000145261
0.000125916
0.000106589
8.72576e-05
6.79062e-05
4.85156e-05
2.90784e-05
9.52706e-06
0.00444166
0.00442075
0.00439963
0.00438096
0.00436207
0.00434227
0.00432217
0.00430205
0.00428193
0.00426179
0.00424167
0.0042216
0.00420159
0.00418165
0.00416178
0.004142
0.00412229
0.00410267
0.00408312
0.00406365
0.00404426
0.00402496
0.00400573
0.0039866
0.00396755
0.0039486
0.00392974
0.003911
0.00389236
0.00387384
0.00385543
0.00383712
0.0038189
0.00380066
0.00378252
0.00376421
0.00374503
0.00372476
0.00370329
0.00368043
0.00365614
0.00363017
0.00360281
0.00357429
0.00354471
0.00351422
0.00348295
0.00345101
0.00341859
0.0033858
0.00335274
0.00331953
0.00328622
0.00325289
0.00321959
0.00318636
0.00315322
0.00312021
0.00308745
0.00305494
0.00302265
0.00299072
0.00295931
0.00292845
0.00289816
0.00286859
0.0028397
0.0028116
0.00278426
0.0027577
0.00273192
0.00270683
0.00268248
0.00265878
0.00263569
0.00261325
0.00259139
0.00257013
0.00254947
0.00252944
0.00251002
0.00249124
0.00247312
0.00245564
0.0024388
0.00242257
0.00240691
0.00239182
0.00237719
0.002363
0.0023492
0.00233572
0.00232252
0.0023096
0.00229685
0.00228434
0.00227195
0.00225976
0.00224766
0.00223574
0.00222387
0.00221213
0.0022004
0.0021887
0.00217698
0.00216515
0.00215321
0.00214103
0.00212856
0.00211573
0.00210242
0.00208857
0.00207409
0.00205889
0.00204294
0.00202613
0.00200845
0.00198986
0.00197033
0.00194986
0.00192847
0.00190615
0.00188293
0.00185884
0.00183389
0.00180813
0.00178159
0.00175431
0.00172632
0.00169766
0.00166838
0.0016385
0.00160804
0.00157708
0.00154567
0.00151386
0.00148167
0.00144924
0.00141662
0.00138388
0.00135111
0.00131837
0.00128571
0.00125317
0.00122084
0.00118873
0.00115682
0.00112529
0.00109414
0.00106344
0.00103343
0.00100408
0.000975581
0.000947864
0.000921246
0.000895515
0.000870961
0.000847226
0.000824831
0.00080277
0.000782434
0.000761579
0.00074107
0.000721145
0.000701891
0.000682829
0.000664162
0.000645274
0.000626414
0.000607567
0.000588431
0.000568909
0.000549036
0.000528859
0.000508428
0.000487806
0.00046706
0.00044625
0.00042542
0.000404611
0.000383858
0.000363191
0.000342635
0.000322209
0.000301926
0.000281796
0.000261819
0.000241991
0.000222301
0.000202733
0.000183269
0.000163886
0.000144565
0.000125284
0.000106025
8.67717e-05
6.75091e-05
4.82198e-05
2.89011e-05
9.46552e-06
0.00444025
0.00441947
0.00439866
0.00438032
0.00436173
0.0043422
0.00432232
0.00430237
0.00428237
0.00426232
0.00424226
0.00422223
0.00420225
0.00418232
0.00416246
0.00414266
0.00412293
0.00410327
0.00408368
0.00406415
0.00404469
0.0040253
0.00400597
0.00398669
0.00396749
0.00394834
0.00392926
0.00391025
0.0038913
0.00387241
0.00385357
0.00383477
0.00381598
0.00379713
0.00377827
0.00375917
0.00373924
0.00371827
0.00369617
0.00367279
0.00364815
0.00362209
0.00359483
0.00356657
0.00353746
0.00350763
0.0034772
0.00344626
0.00341497
0.0033834
0.00335164
0.00331977
0.00328782
0.00325584
0.00322387
0.00319191
0.00316
0.00312816
0.00309642
0.00306486
0.00303343
0.0030022
0.00297132
0.00294089
0.00291088
0.00288148
0.00285262
0.00282442
0.00279692
0.00277012
0.00274403
0.00271861
0.00269391
0.00266984
0.00264639
0.00262358
0.00260136
0.00257975
0.00255875
0.00253837
0.0025186
0.00249946
0.00248097
0.00246312
0.00244591
0.00242931
0.00241328
0.00239782
0.00238284
0.00236829
0.00235413
0.00234029
0.00232671
0.0023134
0.00230023
0.00228727
0.00227439
0.00226169
0.00224904
0.00223652
0.00222403
0.00221164
0.00219925
0.00218685
0.00217442
0.00216186
0.00214917
0.00213622
0.00212297
0.00210933
0.00209521
0.00208054
0.00206523
0.00204922
0.00203249
0.00201493
0.00199655
0.00197733
0.00195725
0.00193634
0.0019146
0.00189205
0.00186869
0.00184457
0.00181969
0.00179411
0.00176784
0.00174092
0.00171337
0.00168525
0.00165659
0.00162735
0.00159769
0.00156761
0.00153714
0.00150633
0.00147523
0.0014439
0.00141242
0.00138083
0.00134919
0.00131755
0.00128596
0.00125443
0.00122302
0.00119172
0.00116059
0.00112968
0.00109896
0.00106854
0.0010387
0.00100939
0.000980676
0.000952631
0.000925557
0.000899289
0.000874087
0.000849759
0.00082678
0.000804197
0.000783267
0.000761965
0.000741019
0.00072066
0.000700965
0.000681446
0.000662257
0.000642921
0.00062365
0.000604406
0.000584922
0.000565133
0.000545084
0.000524829
0.000504413
0.000483897
0.000463339
0.000442772
0.000422218
0.000401701
0.000381244
0.000360867
0.000340586
0.00032041
0.00030035
0.00028041
0.000260593
0.000240893
0.000221304
0.000201816
0.000182415
0.000163085
0.000143814
0.000124587
0.000105391
8.62151e-05
6.70481e-05
4.78739e-05
2.86925e-05
9.39192e-06
0.00443955
0.00441886
0.00439822
0.00438006
0.00436163
0.00434226
0.00432251
0.00430268
0.00428276
0.00426278
0.00424277
0.00422278
0.00420282
0.0041829
0.00416304
0.00414323
0.00412349
0.0041038
0.00408416
0.00406458
0.00404505
0.00402557
0.00400614
0.00398672
0.00396735
0.00394801
0.0039287
0.00390941
0.00389013
0.00387086
0.0038516
0.0038323
0.00381294
0.00379348
0.00377394
0.00375408
0.00373346
0.00371187
0.00368922
0.00366543
0.00364054
0.00361444
0.00358733
0.00355939
0.00353078
0.00350162
0.00347201
0.00344204
0.00341181
0.0033814
0.00335085
0.0033202
0.0032895
0.00325875
0.00322799
0.0031972
0.00316642
0.00313565
0.0031049
0.00307425
0.00304365
0.0030132
0.00298297
0.00295297
0.00292335
0.00289422
0.00286549
0.0028373
0.00280974
0.00278277
0.00275642
0.00273071
0.00270567
0.00268123
0.0026574
0.00263419
0.00261157
0.00258956
0.00256817
0.0025474
0.00252722
0.00250766
0.00248873
0.00247045
0.0024528
0.00243575
0.00241928
0.00240338
0.00238796
0.00237299
0.00235841
0.00234415
0.00233014
0.00231639
0.00230277
0.00228934
0.00227597
0.00226274
0.00224952
0.00223643
0.00222331
0.00221027
0.0021972
0.0021841
0.00217094
0.00215763
0.00214416
0.00213043
0.00211637
0.00210191
0.00208697
0.00207148
0.00205539
0.00203863
0.00202118
0.00200298
0.00198402
0.00196431
0.00194383
0.00192263
0.00190071
0.00187809
0.00185475
0.00183072
0.00180605
0.00178076
0.00175486
0.00172838
0.00170134
0.00167379
0.00164573
0.00161722
0.00158833
0.00155908
0.0015295
0.00149963
0.00146952
0.00143922
0.00140878
0.00137823
0.00134761
0.00131698
0.00128634
0.00125572
0.00122514
0.00119461
0.00116416
0.00113383
0.0011036
0.0010735
0.00104379
0.00101453
0.000985657
0.000957335
0.000929836
0.000903021
0.000877152
0.000852193
0.000828548
0.00080543
0.000783827
0.000762079
0.000740712
0.000719913
0.000699729
0.000679751
0.000660022
0.000640196
0.000620456
0.000600762
0.000580922
0.000560888
0.000540688
0.000520362
0.000499951
0.000479549
0.00045923
0.000438976
0.000418764
0.000398595
0.000378483
0.000358437
0.000338463
0.000318562
0.000298741
0.000279005
0.000259353
0.000239783
0.000220291
0.000200873
0.000181523
0.000162237
0.000143006
0.000123826
0.000104692
8.55985e-05
6.65373e-05
4.74933e-05
2.84632e-05
9.31501e-06
0.00443949
0.00441887
0.00439829
0.00438018
0.0043618
0.00434249
0.00432278
0.00430299
0.00428312
0.00426317
0.0042432
0.00422323
0.00420329
0.00418339
0.00416354
0.00414373
0.00412397
0.00410426
0.00408459
0.00406496
0.00404537
0.0040258
0.00400626
0.00398672
0.00396719
0.00394766
0.00392812
0.00390855
0.00388894
0.0038693
0.00384964
0.00382986
0.00380994
0.00378988
0.00376967
0.0037491
0.00372782
0.00370568
0.00368256
0.00365842
0.00363333
0.00360725
0.00358032
0.00355272
0.00352461
0.00349612
0.00346732
0.00343827
0.00340904
0.00337969
0.00335024
0.00332071
0.00329113
0.00326149
0.00323182
0.0032021
0.00317235
0.00314258
0.00311275
0.00308299
0.0030532
0.0030235
0.00299392
0.00296452
0.0029354
0.00290659
0.00287806
0.00284999
0.00282251
0.00279547
0.00276894
0.002743
0.00271768
0.00269292
0.00266873
0.00264511
0.00262206
0.00259961
0.00257779
0.00255659
0.00253598
0.00251592
0.00249648
0.00247768
0.0024595
0.00244192
0.00242491
0.00240847
0.00239251
0.00237702
0.00236192
0.00234715
0.00233264
0.00231839
0.00230426
0.00229032
0.00227642
0.00226265
0.00224887
0.00223518
0.00222145
0.00220776
0.00219401
0.00218021
0.00216632
0.00215226
0.00213802
0.00212351
0.00210866
0.00209341
0.00207768
0.00206143
0.00204461
0.00202718
0.00200913
0.00199043
0.00197106
0.00195102
0.00193033
0.00190901
0.00188707
0.00186452
0.0018413
0.00181747
0.00179311
0.00176818
0.00174271
0.0017167
0.00169019
0.00166321
0.00163579
0.00160797
0.00157981
0.00155133
0.00152257
0.00149357
0.00146436
0.00143499
0.00140547
0.00137586
0.00134617
0.00131643
0.00128665
0.00125686
0.00122704
0.00119722
0.0011674
0.0011376
0.00110783
0.00107815
0.00104865
0.00101945
0.000990453
0.000961917
0.000934009
0.000906661
0.000880161
0.000854563
0.00083017
0.000806481
0.000784142
0.00076192
0.000740119
0.000718859
0.000698162
0.000677677
0.000657464
0.000637235
0.000616938
0.000596647
0.000576479
0.000556258
0.000535917
0.000515571
0.00049528
0.000475092
0.000455033
0.000435085
0.000415213
0.000395397
0.000375647
0.000355952
0.000336306
0.000316689
0.00029711
0.000277574
0.000258081
0.000238633
0.000219232
0.000199881
0.000180583
0.000161338
0.000142151
0.00012302
0.000103949
8.4944e-05
6.59976e-05
4.70892e-05
2.82141e-05
9.23953e-06
0.00444008
0.00441951
0.00439887
0.00438069
0.00436224
0.00434287
0.00432313
0.00430332
0.00428344
0.0042635
0.00424354
0.00422359
0.00420367
0.00418379
0.00416395
0.00414415
0.00412439
0.00410467
0.00408497
0.00406531
0.00404565
0.00402602
0.00400638
0.00398673
0.00396706
0.00394735
0.00392759
0.00390776
0.00388785
0.00386787
0.00384777
0.00382751
0.00380708
0.00378646
0.00376561
0.00374435
0.00372246
0.00369979
0.00367624
0.00365181
0.00362656
0.00360051
0.00357376
0.00354651
0.00351893
0.00349109
0.00346305
0.00343487
0.00340657
0.00337819
0.00334973
0.0033212
0.00329262
0.00326396
0.00323527
0.00320651
0.00317769
0.00314883
0.00311988
0.00309097
0.00306196
0.00303302
0.00300412
0.00297533
0.00294671
0.00291829
0.00289015
0.00286236
0.00283497
0.00280795
0.00278132
0.00275526
0.00272977
0.00270475
0.00268023
0.00265624
0.00263277
0.00260986
0.00258762
0.00256597
0.00254484
0.00252427
0.00250429
0.00248487
0.00246606
0.00244785
0.0024302
0.00241311
0.00239651
0.00238038
0.00236465
0.00234927
0.00233416
0.00231931
0.00230462
0.0022901
0.00227565
0.00226129
0.00224695
0.00223266
0.00221832
0.00220399
0.00218958
0.00217509
0.00216048
0.0021457
0.00213071
0.00211546
0.00209988
0.00208392
0.00206751
0.00205063
0.00203325
0.00201533
0.00199681
0.00197766
0.00195796
0.00193776
0.00191704
0.00189576
0.00187391
0.0018515
0.00182854
0.00180501
0.00178098
0.00175644
0.0017314
0.00170586
0.00167987
0.00165345
0.00162663
0.00159945
0.00157195
0.00154418
0.00151616
0.00148794
0.00145954
0.00143099
0.00140231
0.00137354
0.00134466
0.00131574
0.00128673
0.00125768
0.00122857
0.00119941
0.0011702
0.00114094
0.00111163
0.00108235
0.00105306
0.00102397
0.000994985
0.000966312
0.000938029
0.000910205
0.000883025
0.000856729
0.000831554
0.000807274
0.000784154
0.000761445
0.000739222
0.000717515
0.000696202
0.0006751
0.000654398
0.000633794
0.000613141
0.000592535
0.000572019
0.000551539
0.000531111
0.0005108
0.000490642
0.000470665
0.000450868
0.000431225
0.000411693
0.000392243
0.000372847
0.00035348
0.000334154
0.000314797
0.000295445
0.000276098
0.000256754
0.00023742
0.000218106
0.000198822
0.000179577
0.000160381
0.000141245
0.000122177
0.000103186
8.4276e-05
6.54461e-05
4.66844e-05
2.7997e-05
9.20357e-06
0.00444138
0.00442081
0.0044
0.00438159
0.00436295
0.00434341
0.00432355
0.00430365
0.00428373
0.00426377
0.0042438
0.00422387
0.00420397
0.00418411
0.00416429
0.0041445
0.00412475
0.00410503
0.00408533
0.00406564
0.00404595
0.00402626
0.00400654
0.00398679
0.00396699
0.00394712
0.00392717
0.00390711
0.00388693
0.00386662
0.00384613
0.00382543
0.00380451
0.00378336
0.00376189
0.00373997
0.0037175
0.00369431
0.00367035
0.00364562
0.00362024
0.00359423
0.00356764
0.00354074
0.00351367
0.00348646
0.00345914
0.00343176
0.0034043
0.00337679
0.00334921
0.00332157
0.00329387
0.00326609
0.00323827
0.00321036
0.00318239
0.00315436
0.00312622
0.0030981
0.00306985
0.00304163
0.00301341
0.00298525
0.00295718
0.00292925
0.00290152
0.00287402
0.00284681
0.00281992
0.0027934
0.00276733
0.00274166
0.00271645
0.00269166
0.00266732
0.00264351
0.00262028
0.00259758
0.00257541
0.00255374
0.00253266
0.00251211
0.00249207
0.00247256
0.00245362
0.00243525
0.00241743
0.0024001
0.00238324
0.00236679
0.00235068
0.00233488
0.00231934
0.002304
0.00228884
0.00227377
0.0022588
0.00224386
0.00222897
0.00221404
0.0021991
0.00218408
0.00216897
0.00215372
0.00213828
0.0021226
0.00210658
0.00209025
0.00207363
0.00205671
0.00203937
0.00202155
0.00200324
0.00198444
0.00196511
0.00194527
0.00192503
0.00190437
0.0018832
0.00186149
0.00183927
0.00181657
0.00179336
0.00176968
0.00174551
0.00172088
0.00169579
0.00167028
0.00164437
0.00161809
0.00159149
0.00156459
0.00153746
0.0015101
0.00148258
0.00145489
0.00142707
0.00139912
0.00137109
0.00134295
0.00131475
0.00128645
0.00125809
0.00122963
0.00120108
0.00117245
0.00114372
0.00111488
0.001086
0.00105701
0.0010281
0.000999135
0.00097032
0.0009417
0.000913473
0.00088573
0.000858763
0.000832696
0.000807684
0.000783715
0.00076046
0.00073774
0.000715538
0.000693738
0.000672309
0.000651156
0.000630174
0.000609254
0.000588391
0.000567638
0.000547016
0.000526556
0.000506301
0.000486281
0.000466506
0.000446958
0.000427597
0.000408373
0.000389237
0.000370151
0.000351078
0.000331994
0.000312875
0.000293725
0.000274543
0.000255334
0.000236109
0.000216883
0.00019767
0.000178488
0.000159354
0.000140284
0.000121293
0.000102394
8.35948e-05
6.48972e-05
4.62939e-05
2.77905e-05
9.18265e-06
0.0044435
0.00442289
0.00440171
0.00438288
0.00436388
0.00434407
0.004324
0.00430397
0.00428397
0.00426397
0.004244
0.00422408
0.0042042
0.00418437
0.00416458
0.00414483
0.00412511
0.0041054
0.0040857
0.00406601
0.0040463
0.00402656
0.00400679
0.00398695
0.00396705
0.00394705
0.00392694
0.00390668
0.00388627
0.00386566
0.00384483
0.00382374
0.00380236
0.00378069
0.00375863
0.0037361
0.00371303
0.00368933
0.00366494
0.00363992
0.00361435
0.00358835
0.00356193
0.00353537
0.00350879
0.00348218
0.00345553
0.00342889
0.00340217
0.00337543
0.00334862
0.00332175
0.00329483
0.00326782
0.00324077
0.00321363
0.00318641
0.00315914
0.00313174
0.00310436
0.00307683
0.00304931
0.00302175
0.00299421
0.00296671
0.00293929
0.002912
0.00288487
0.00285794
0.00283128
0.00280488
0.00277883
0.00275309
0.00272773
0.00270278
0.00267826
0.0026542
0.00263059
0.00260746
0.00258482
0.00256268
0.00254102
0.00251984
0.00249916
0.00247898
0.00245935
0.00244024
0.00242163
0.00240352
0.00238586
0.00236858
0.00235167
0.00233508
0.00231879
0.00230273
0.00228686
0.00227114
0.00225553
0.00223998
0.00222447
0.00220896
0.00219341
0.00217779
0.00216207
0.00214621
0.00213018
0.00211389
0.00209731
0.00208046
0.00206333
0.00204593
0.00202822
0.00201011
0.00199155
0.00197254
0.00195313
0.00193331
0.00191311
0.0018925
0.00187145
0.00184993
0.00182794
0.00180549
0.00178257
0.00175919
0.00173536
0.00171108
0.00168638
0.00166128
0.00163582
0.00161002
0.00158393
0.00155756
0.001531
0.00150422
0.0014773
0.00145024
0.00142307
0.00139578
0.00136841
0.00134093
0.00131339
0.00128573
0.001258
0.00123014
0.00120219
0.00117411
0.00114591
0.00111753
0.00108907
0.0010604
0.00103172
0.00100284
0.000973988
0.000945116
0.000916456
0.000888068
0.000860336
0.000833365
0.000807705
0.000782933
0.000759008
0.000735737
0.000713078
0.000690873
0.000669159
0.000647715
0.000626514
0.000605428
0.000584419
0.000563556
0.000542887
0.000522447
0.000502273
0.000482389
0.00046279
0.000443447
0.000424313
0.000405329
0.000386437
0.000367589
0.000348747
0.000329845
0.000310921
0.000291937
0.000272894
0.000253804
0.000234681
0.000215544
0.000196412
0.000177307
0.000158251
0.000139266
0.000120371
0.00010158
8.29048e-05
6.43505e-05
4.59114e-05
2.75912e-05
9.171e-06
0.00444671
0.00442591
0.00440405
0.00438452
0.00436499
0.00434477
0.00432443
0.00430423
0.00428415
0.00426413
0.00424415
0.00422425
0.00420442
0.00418463
0.00416489
0.00414518
0.00412549
0.00410581
0.00408614
0.00406645
0.00404673
0.00402698
0.00400717
0.00398728
0.0039673
0.0039472
0.00392696
0.00390655
0.00388594
0.0038651
0.00384398
0.00382255
0.00380076
0.00377861
0.00375599
0.00373286
0.00370919
0.00368492
0.00366005
0.0036347
0.00360892
0.00358287
0.00355659
0.00353035
0.00350424
0.00347819
0.00345216
0.00342617
0.00340011
0.00337404
0.0033479
0.00332171
0.00329546
0.00326913
0.00324275
0.0032163
0.00318976
0.00316318
0.00313647
0.00310976
0.00308291
0.00305605
0.00302912
0.00300219
0.00297526
0.00294836
0.00292153
0.0028948
0.00286821
0.0028418
0.00281559
0.00278963
0.00276393
0.00273855
0.00271351
0.00268882
0.00266451
0.00264059
0.00261709
0.00259402
0.00257139
0.00254921
0.00252749
0.00250624
0.00248545
0.00246515
0.00244531
0.0024259
0.00240698
0.00238848
0.00237039
0.00235266
0.00233528
0.00231819
0.00230139
0.00228479
0.00226838
0.0022521
0.00223594
0.00221981
0.00220371
0.00218758
0.0021714
0.00215512
0.00213871
0.00212213
0.00210535
0.00208832
0.00207107
0.00205355
0.00203578
0.00201772
0.00199935
0.00198063
0.00196157
0.00194216
0.00192239
0.00190224
0.00188171
0.00186076
0.00183938
0.00181757
0.0017953
0.00177259
0.00174945
0.00172587
0.00170188
0.00167749
0.00165274
0.00162766
0.00160226
0.00157661
0.00155071
0.00152465
0.00149838
0.00147201
0.0014455
0.0014189
0.00139219
0.00136543
0.00133854
0.0013116
0.00128452
0.00125738
0.0012301
0.00120271
0.00117516
0.00114747
0.00111956
0.00109154
0.00106322
0.00103481
0.00100608
0.000977247
0.000948186
0.000919143
0.00089017
0.000861667
0.000833671
0.000807187
0.000781577
0.000756948
0.000733151
0.000710096
0.000687568
0.000665685
0.000644135
0.000622868
0.000601739
0.000580708
0.000559851
0.00053922
0.00051885
0.000498777
0.000479018
0.000459562
0.000440373
0.0004214
0.00040258
0.000383853
0.000365166
0.000346471
0.000327726
0.000308935
0.000290072
0.000271142
0.000252156
0.000233131
0.000214086
0.000195045
0.000176032
0.000157072
0.000138188
0.000119403
0.000100735
8.21951e-05
6.37918e-05
4.55215e-05
2.73867e-05
9.15244e-06
0.00445144
0.00443018
0.00440706
0.00438647
0.00436618
0.00434542
0.0043248
0.00430446
0.00428428
0.00426424
0.00424429
0.00422444
0.00420466
0.00418493
0.00416524
0.00414559
0.00412595
0.00410631
0.00408667
0.00406701
0.0040473
0.00402755
0.00400773
0.00398782
0.00396779
0.00394763
0.00392731
0.00390679
0.00388604
0.00386501
0.00384367
0.00382195
0.00379982
0.00377724
0.00375411
0.00373039
0.00370608
0.00368117
0.00365575
0.00362997
0.00360392
0.00357777
0.00355156
0.00352562
0.00349997
0.00347445
0.00344897
0.00342355
0.00339807
0.00337258
0.00334702
0.00332141
0.00329575
0.00327002
0.00324425
0.00321841
0.0031925
0.00316654
0.00314046
0.00311438
0.00308815
0.00306192
0.00303558
0.00300924
0.00298285
0.00295646
0.0029301
0.00290379
0.00287755
0.00285144
0.00282544
0.00279965
0.00277404
0.00274868
0.00272359
0.00269878
0.0026743
0.00265016
0.00262637
0.00260296
0.00257994
0.00255732
0.00253511
0.00251332
0.00249194
0.00247099
0.00245047
0.00243037
0.00241071
0.00239144
0.00237257
0.00235406
0.00233592
0.00231807
0.00230052
0.0022832
0.00226612
0.00224917
0.00223239
0.00221565
0.00219899
0.0021823
0.00216559
0.00214879
0.0021319
0.00211485
0.00209764
0.00208023
0.00206263
0.00204479
0.00202675
0.00200845
0.0019899
0.00197106
0.00195192
0.00193246
0.00191268
0.00189253
0.00187202
0.00185111
0.00182979
0.00180805
0.00178589
0.00176331
0.00174032
0.00171692
0.00169314
0.001669
0.00164453
0.00161975
0.00159471
0.00156943
0.00154394
0.00151831
0.0014925
0.00146661
0.00144059
0.00141451
0.00138833
0.0013621
0.00133576
0.00130937
0.00128284
0.00125626
0.00122951
0.00120266
0.00117562
0.00114844
0.001121
0.00109342
0.00106548
0.00103738
0.00100885
0.00098011
0.000950936
0.000921568
0.000892009
0.00086266
0.000833525
0.000806096
0.000779638
0.000754295
0.000729972
0.00070657
0.000683824
0.000661902
0.000640404
0.0006192
0.000598143
0.000577202
0.000556446
0.000535924
0.000515672
0.000495721
0.000476083
0.000456744
0.000437668
0.000418802
0.000400084
0.000381456
0.000362864
0.000344262
0.000325615
0.000306911
0.000288137
0.000269298
0.000250403
0.000231469
0.000212518
0.000193574
0.000174663
0.000155809
0.00013704
0.000118376
9.98379e-05
8.14407e-05
6.31922e-05
4.50945e-05
2.71499e-05
9.10387e-06
0.00445846
0.00443587
0.00441061
0.00438854
0.00436729
0.00434597
0.00432506
0.00430459
0.00428438
0.00426435
0.00424446
0.00422467
0.00420496
0.0041853
0.00416568
0.00414608
0.0041265
0.00410692
0.00408733
0.0040677
0.00404803
0.0040283
0.00400849
0.00398858
0.00396854
0.00394836
0.00392799
0.00390741
0.00388657
0.00386543
0.00384394
0.00382203
0.00379963
0.0037767
0.0037531
0.00372882
0.00370382
0.00367815
0.00365205
0.00362575
0.00359933
0.00357299
0.0035468
0.00352114
0.00349594
0.0034709
0.00344591
0.00342099
0.003396
0.00337101
0.00334595
0.00332086
0.00329571
0.00327053
0.00324529
0.00322001
0.00319465
0.00316927
0.00314377
0.00311827
0.00309262
0.00306696
0.00304119
0.0030154
0.00298953
0.00296365
0.00293773
0.00291184
0.00288596
0.00286017
0.00283442
0.00280883
0.00278335
0.00275806
0.00273298
0.00270812
0.00268353
0.00265921
0.0026352
0.00261151
0.00258816
0.00256516
0.00254252
0.00252026
0.00249838
0.00247689
0.0024558
0.00243508
0.00241478
0.00239485
0.00237531
0.00235611
0.00233727
0.00231873
0.00230051
0.00228252
0.00226479
0.00224722
0.00222984
0.00221253
0.00219532
0.0021781
0.0021609
0.00214362
0.00212628
0.00210881
0.00209123
0.00207346
0.00205555
0.00203743
0.00201913
0.0020006
0.00198186
0.00196285
0.00194358
0.001924
0.00190412
0.00188389
0.00186331
0.00184235
0.00182101
0.00179927
0.00177713
0.0017546
0.00173168
0.0017084
0.00168477
0.00166081
0.00163656
0.00161205
0.00158729
0.00156234
0.0015372
0.00151196
0.00148656
0.0014611
0.00143553
0.00140992
0.00138421
0.00135848
0.00133263
0.00130676
0.00128073
0.00125467
0.00122842
0.00120209
0.00117554
0.00114886
0.00112188
0.00109475
0.00106721
0.00103947
0.0010112
0.000982618
0.000953421
0.000923806
0.000893682
0.000863418
0.000832985
0.000804499
0.00077716
0.000751077
0.00072623
0.000702522
0.000679644
0.000657788
0.000636464
0.000615422
0.000594524
0.000573755
0.000553173
0.000532818
0.000512723
0.000492917
0.000473407
0.000454178
0.000435194
0.000416408
0.000397756
0.000379186
0.000360649
0.000342102
0.000323514
0.000304869
0.000286161
0.000267392
0.000248574
0.000229724
0.000210862
0.000192014
0.000173206
0.000154462
0.000135807
0.000117266
9.88586e-05
8.06035e-05
6.25118e-05
4.45899e-05
2.68462e-05
9.00348e-06
0.00446978
0.0044429
0.00441403
0.00439019
0.00436795
0.00434627
0.00432515
0.00430459
0.0042844
0.00426444
0.00424463
0.00422493
0.0042053
0.00418572
0.00416618
0.00414666
0.00412714
0.00410762
0.00408808
0.00406851
0.00404889
0.0040292
0.00400942
0.00398954
0.00396952
0.00394935
0.00392899
0.0039084
0.00388754
0.00386636
0.00384479
0.00382277
0.00380022
0.00377704
0.00375308
0.00372829
0.00370252
0.00367594
0.00364901
0.00362205
0.00359513
0.0035685
0.00354222
0.00351684
0.00349208
0.00346748
0.00344292
0.00341843
0.00339387
0.00336931
0.00334468
0.00332004
0.00329535
0.00327065
0.0032459
0.00322112
0.00319628
0.00317142
0.00314645
0.00312149
0.00309638
0.00307126
0.00304601
0.00302074
0.00299536
0.00296996
0.00294447
0.002919
0.00289348
0.00286801
0.00284253
0.00281715
0.00279184
0.00276665
0.00274162
0.00271675
0.0026921
0.00266766
0.00264349
0.00261957
0.00259595
0.00257263
0.00254965
0.002527
0.0025047
0.00248276
0.00246119
0.00243997
0.00241914
0.00239865
0.00237855
0.00235876
0.00233935
0.00232022
0.00230142
0.00228286
0.00226454
0.00224639
0.00222845
0.0022106
0.00219287
0.00217515
0.00215748
0.00213976
0.002122
0.00210414
0.00208619
0.00206808
0.00204985
0.00203144
0.00201286
0.00199408
0.00197509
0.00195586
0.00193638
0.00191662
0.00189656
0.00187617
0.00185545
0.00183437
0.00181293
0.00179112
0.00176894
0.00174641
0.00172352
0.0017003
0.00167677
0.00165295
0.00162888
0.00160457
0.00158005
0.00155538
0.00153054
0.00150564
0.00148058
0.00145551
0.00143033
0.00140514
0.00137985
0.00135458
0.00132917
0.00130378
0.00127822
0.00125264
0.00122686
0.00120103
0.00117495
0.00114876
0.00112222
0.00109557
0.00106843
0.00104109
0.00101314
0.000984817
0.000955712
0.000925985
0.000895383
0.000864151
0.000832162
0.000802503
0.000774247
0.000747373
0.000721977
0.000697972
0.000674999
0.000653304
0.000632261
0.000611454
0.000590773
0.000570229
0.000549866
0.000529718
0.000509815
0.000490179
0.000470814
0.000451704
0.00043281
0.000414108
0.000395518
0.000376996
0.0003585
0.000339991
0.000321444
0.000302843
0.000284185
0.000265472
0.000246717
0.000227936
0.000209147
0.000190385
0.000171675
0.000153032
0.000134484
0.000116056
9.77712e-05
7.96507e-05
6.17133e-05
4.39757e-05
2.64466e-05
8.83154e-06
0.00449382
0.00445303
0.00441713
0.00439104
0.00436815
0.00434605
0.00432481
0.00430433
0.00428428
0.00426446
0.00424478
0.00422519
0.00420567
0.00418619
0.00416674
0.00414731
0.00412787
0.00410842
0.00408894
0.00406944
0.00404987
0.00403025
0.00401053
0.00399071
0.00397075
0.00395064
0.00393033
0.00390979
0.00388897
0.00386783
0.00384629
0.00382428
0.00380171
0.00377847
0.00375434
0.00372922
0.00370266
0.00367491
0.0036469
0.00361905
0.00359139
0.00356417
0.00353755
0.00351239
0.00348807
0.0034639
0.00343972
0.00341562
0.00339143
0.00336727
0.00334303
0.00331881
0.00329454
0.00327029
0.003246
0.00322171
0.00319735
0.003173
0.00314854
0.00312411
0.00309951
0.00307493
0.00305019
0.00302544
0.00300053
0.00297562
0.00295057
0.00292552
0.00290036
0.00287524
0.00285004
0.00282491
0.00279979
0.00277474
0.0027498
0.00272496
0.00270029
0.00267576
0.00265146
0.00262735
0.0026035
0.00257991
0.0025566
0.0025336
0.00251091
0.00248855
0.00246654
0.00244485
0.00242355
0.00240255
0.00238196
0.00236165
0.00234173
0.00232208
0.00230276
0.00228367
0.00226489
0.00224628
0.00222786
0.00220956
0.00219137
0.0021732
0.00215509
0.00213695
0.00211879
0.00210055
0.00208224
0.00206379
0.00204525
0.00202652
0.00200767
0.0019886
0.00196936
0.00194987
0.00193016
0.00191017
0.00188989
0.00186928
0.00184835
0.00182709
0.00180548
0.00178354
0.00176125
0.00173863
0.0017157
0.00169246
0.00166896
0.0016452
0.00162122
0.00159705
0.0015727
0.00154824
0.00152362
0.001499
0.00147422
0.0014495
0.00142464
0.00139985
0.00137494
0.0013501
0.0013251
0.00130018
0.00127506
0.00124997
0.00122465
0.00119933
0.0011737
0.00114802
0.00112193
0.00109578
0.00106909
0.00104223
0.00101468
0.000986753
0.000957918
0.000928327
0.000897503
0.000865364
0.000831449
0.000800407
0.000771121
0.000743307
0.000717225
0.000692806
0.000669669
0.000648218
0.00062753
0.000607024
0.000586629
0.000566364
0.000546263
0.000526361
0.00050669
0.000487269
0.000468092
0.000449136
0.000430383
0.000411756
0.000393238
0.000374773
0.000356321
0.000337853
0.000319345
0.000300786
0.000282175
0.000263508
0.000244806
0.000226088
0.000207378
0.000188689
0.000170044
0.000151481
0.000133021
0.00011469
9.65112e-05
7.85094e-05
6.07099e-05
4.31406e-05
2.58427e-05
8.52533e-06
0.00454447
0.00447132
0.00442238
0.00439244
0.0043679
0.00434539
0.00432429
0.00430404
0.00428419
0.00426454
0.00424501
0.00422557
0.00420618
0.00418682
0.00416749
0.00414817
0.00412884
0.00410951
0.00409014
0.00407073
0.00405127
0.00403173
0.0040121
0.00399236
0.00397249
0.00395246
0.00393223
0.00391179
0.00389107
0.00387002
0.0038486
0.00382671
0.00380426
0.00378111
0.00375706
0.00373194
0.00370477
0.0036758
0.00364631
0.00361722
0.00358842
0.00356022
0.00353285
0.0035077
0.0034837
0.0034599
0.00343607
0.00341234
0.00338849
0.00336471
0.00334085
0.00331706
0.00329321
0.00326941
0.00324557
0.00322176
0.00319789
0.00317406
0.00315011
0.0031262
0.00310213
0.00307809
0.00305386
0.00302966
0.00300526
0.00298088
0.00295629
0.00293173
0.002907
0.0028823
0.00285749
0.0028327
0.00280788
0.0027831
0.00275837
0.00273369
0.00270914
0.00268467
0.00266039
0.00263623
0.00261229
0.00258855
0.00256505
0.0025418
0.00251882
0.00249613
0.00247375
0.00245167
0.00242995
0.0024085
0.00238743
0.00236661
0.00234616
0.00232594
0.00230605
0.00228637
0.00226698
0.00224774
0.00222873
0.00220979
0.00219102
0.00217228
0.00215363
0.00213492
0.00211624
0.00209745
0.00207865
0.00205969
0.00204068
0.00202147
0.00200218
0.00198266
0.001963
0.00194309
0.00192297
0.00190256
0.00188191
0.00186098
0.00183976
0.00181825
0.00179641
0.00177427
0.00175183
0.0017291
0.0017061
0.00168284
0.00165936
0.00163567
0.0016118
0.0015878
0.00156366
0.00153946
0.00151514
0.00149083
0.00146641
0.00144207
0.0014176
0.00139324
0.00136876
0.00134438
0.00131985
0.00129543
0.00127078
0.00124626
0.00122143
0.00119668
0.00117155
0.00114649
0.00112092
0.00109534
0.00106912
0.0010428
0.0010157
0.000988292
0.000959881
0.000930683
0.000899994
0.000867335
0.000831461
0.000798976
0.000768403
0.000739486
0.000712544
0.000687496
0.000664005
0.000642701
0.000622301
0.000602074
0.000581956
0.000561954
0.000542095
0.000522417
0.000502955
0.000483722
0.000464721
0.000445934
0.000427316
0.000408825
0.000390418
0.00037205
0.00035368
0.000335272
0.000316809
0.000298283
0.000279696
0.00026107
0.000242412
0.000223743
0.000205086
0.000186464
0.000167898
0.000149418
0.000131047
0.000112811
9.47361e-05
7.68508e-05
5.91947e-05
4.18399e-05
2.48635e-05
8.00108e-06
)
;

boundaryField
{
    inlet
    {
        type            zeroGradient;
    }
    outlet
    {
        type            fixedValue;
        value           uniform 0;
    }
    walls
    {
        type            zeroGradient;
    }
    frontAndBack
    {
        type            empty;
    }
}


// ************************************************************************* //
