/*--------------------------------*- C++ -*----------------------------------*\
| =========                 |                                                 |
| \\      /  F ield         | OpenFOAM: The Open Source CFD Toolbox           |
|  \\    /   O peration     | Version:  2506                                  |
|   \\  /    A nd           | Website:  www.openfoam.com                      |
|    \\/     M anipulation  |                                                 |
\*---------------------------------------------------------------------------*/
FoamFile
{
    version     2.0;
    format      ascii;
    arch        "LSB;label=32;scalar=64";
    class       surfaceScalarField;
    location    "3.8";
    object      phi;
}
// * * * * * * * * * * * * * * * * * * * * * * * * * * * * * * * * * * * * * //

dimensions      [0 3 -1 0 0 0 0];

oriented        oriented;

internalField   nonuniform List<scalar> 
7780
(
1.32955e-09
3.70569e-10
9.09455e-10
4.20085e-10
6.06882e-10
3.02645e-10
3.97765e-10
2.09169e-10
2.51983e-10
1.45782e-10
1.47958e-10
1.04022e-10
7.13238e-11
7.66314e-11
1.30241e-11
5.82969e-11
-3.2406e-11
4.54278e-11
-6.84262e-11
3.60185e-11
-9.73575e-11
2.89297e-11
-1.208e-10
2.34408e-11
-1.39954e-10
1.91528e-11
-1.55765e-10
1.58097e-11
-1.68989e-10
1.32229e-11
-1.80223e-10
1.12324e-11
-1.89951e-10
9.72631e-12
-1.98571e-10
8.6179e-12
-2.06403e-10
7.83037e-12
-2.13706e-10
7.30208e-12
-2.20673e-10
6.96523e-12
-2.27438e-10
6.76388e-12
-2.34094e-10
6.65363e-12
-2.40691e-10
6.5958e-12
-2.47245e-10
6.55143e-12
-2.53727e-10
6.4801e-12
-2.6007e-10
6.34003e-12
-2.66158e-10
6.08375e-12
-2.71803e-10
5.64049e-12
-2.76698e-10
4.88816e-12
-2.80301e-10
3.59471e-12
-2.81456e-10
1.14359e-12
-2.7879e-10
-2.67889e-12
-2.68798e-10
-1.00087e-11
-2.53041e-10
-1.57705e-11
-2.36036e-10
-1.70036e-11
-2.15813e-10
-2.02052e-11
-1.91178e-10
-2.46054e-11
-1.6271e-10
-2.84369e-11
-1.31385e-10
-3.13116e-11
-9.46399e-11
-3.67722e-11
-5.34047e-11
-4.13082e-11
-1.32564e-11
-4.02577e-11
2.39899e-11
-3.73801e-11
5.65123e-11
-3.26698e-11
8.43395e-11
-2.79814e-11
1.08572e-10
-2.4387e-11
1.26757e-10
-1.83295e-11
1.41298e-10
-1.46718e-11
1.51063e-10
-9.87293e-12
1.5551e-10
-4.52412e-12
1.56428e-10
-9.69366e-13
1.50328e-10
6.07454e-12
1.40548e-10
9.77326e-12
1.23892e-10
1.66629e-11
1.02364e-10
2.15385e-11
7.53563e-11
2.70165e-11
4.25289e-11
3.28355e-11
7.55407e-12
3.49863e-11
-3.25687e-11
4.01459e-11
-7.20722e-11
3.95431e-11
-1.11582e-10
3.95668e-11
-1.49313e-10
3.77985e-11
-1.84161e-10
3.49114e-11
-2.16219e-10
3.21107e-11
-2.44935e-10
2.87466e-11
-2.70671e-10
2.57336e-11
-2.9396e-10
2.32503e-11
-3.14734e-10
2.07e-11
-3.33954e-10
1.9106e-11
-3.52047e-10
1.79454e-11
-3.68226e-10
1.60055e-11
-3.83781e-10
1.53612e-11
-3.97991e-10
1.40012e-11
-4.1067e-10
1.24635e-11
-4.22386e-10
1.15041e-11
-4.32679e-10
1.00857e-11
-4.41209e-10
8.3315e-12
-4.4854e-10
7.14818e-12
-4.54613e-10
5.90702e-12
-4.59373e-10
4.61574e-12
-4.63217e-10
3.72229e-12
-4.66321e-10
3.0045e-12
-4.68922e-10
2.52339e-12
-4.71571e-10
2.59026e-12
-4.74066e-10
2.45121e-12
-4.76363e-10
2.26403e-12
-4.79489e-10
3.09901e-12
-4.82561e-10
3.04972e-12
-4.85218e-10
2.63833e-12
-4.88865e-10
3.62945e-12
-4.92046e-10
3.16611e-12
-4.94593e-10
2.53411e-12
-4.97988e-10
3.38259e-12
-4.99409e-10
1.41021e-12
-5.02081e-10
2.66243e-12
-5.02302e-10
2.12415e-13
-5.03447e-10
1.13626e-12
-5.01686e-10
-1.7702e-12
-5.0128e-10
-4.13902e-13
-4.97925e-10
-3.3635e-12
-4.95027e-10
-2.90629e-12
-4.91006e-10
-4.02936e-12
-4.84873e-10
-6.14009e-12
-4.78673e-10
-6.20541e-12
-4.69522e-10
-9.15408e-12
-4.607e-10
-8.82291e-12
-4.49336e-10
-1.13617e-11
-4.3688e-10
-1.24515e-11
-4.22658e-10
-1.42145e-11
-4.06952e-10
-1.5696e-11
-3.89348e-10
-1.75928e-11
-3.70433e-10
-1.89055e-11
-3.49166e-10
-2.12595e-11
-3.27308e-10
-2.18542e-11
-3.03649e-10
-2.36582e-11
-2.79016e-10
-2.4637e-11
-2.53637e-10
-2.53904e-11
-2.27539e-10
-2.6119e-11
-2.0123e-10
-2.63418e-11
-1.74969e-10
-2.63082e-11
-1.49079e-10
-2.59576e-11
-1.23954e-10
-2.5216e-11
-9.97126e-11
-2.43589e-11
-7.66958e-11
-2.31608e-11
-5.50377e-11
-2.18264e-11
-3.48494e-11
-2.03781e-11
-1.63889e-11
-1.86679e-11
4.45527e-13
-1.70564e-11
1.60047e-11
-1.57939e-11
2.96316e-11
-1.38738e-11
4.17726e-11
-1.23994e-11
5.30311e-11
-1.15285e-11
6.22058e-11
-9.45288e-12
7.00401e-11
-8.11623e-12
7.74919e-11
-7.73511e-12
8.1866e-11
-4.65112e-12
8.57331e-11
-4.12905e-12
8.69196e-11
-1.42066e-12
8.60245e-11
7.03432e-13
8.20065e-11
3.88387e-12
7.42299e-11
7.70782e-12
6.1806e-11
1.24229e-11
4.51093e-11
1.67555e-11
2.23724e-11
2.28354e-11
-3.93098e-12
2.642e-11
-3.68801e-11
3.3056e-11
-7.26915e-11
3.58942e-11
-1.11222e-10
3.85814e-11
-1.51119e-10
3.99219e-11
-1.90326e-10
3.92144e-11
-2.28339e-10
3.80098e-11
-2.63862e-10
3.55151e-11
-2.9577e-10
3.18906e-11
-3.24929e-10
2.91305e-11
-3.49663e-10
2.46895e-11
-3.71897e-10
2.21729e-11
-3.88822e-10
1.6843e-11
-3.98546e-10
9.62865e-12
-3.94905e-10
-3.7327e-12
-4.18058e-10
2.30941e-11
-4.36207e-10
1.81069e-11
-4.46512e-10
1.02771e-11
-4.48265e-10
1.73587e-12
-4.47399e-10
-8.77829e-13
-4.41707e-10
-5.70226e-12
-4.3488e-10
-6.83878e-12
-4.14394e-10
-2.04985e-11
-3.84077e-10
-3.03289e-11
-3.51639e-10
-3.24483e-11
-3.21503e-10
-3.01459e-11
-2.96149e-10
-2.53631e-11
-2.76504e-10
-1.96523e-11
-2.62539e-10
-1.39719e-11
-2.53727e-10
-8.81664e-12
-2.4943e-10
-4.30104e-12
-2.4853e-10
-9.02834e-13
-2.49846e-10
1.31284e-12
-2.52496e-10
2.6491e-12
-2.55606e-10
3.1083e-12
-2.58578e-10
2.97136e-12
-2.6107e-10
2.49228e-12
-2.62644e-10
1.57332e-12
-2.63209e-10
5.65433e-13
-2.62844e-10
-3.64867e-13
-2.61766e-10
-1.07823e-12
-2.60204e-10
-1.56158e-12
-2.58557e-10
-1.64737e-12
-2.57253e-10
-1.30344e-12
-2.56566e-10
-6.86614e-13
-2.56757e-10
1.90142e-13
-2.57981e-10
1.22384e-12
-2.6024e-10
2.25914e-12
-2.63614e-10
3.37457e-12
-2.68064e-10
4.44939e-12
-2.73494e-10
5.4303e-12
-2.79809e-10
6.31518e-12
-2.86972e-10
7.16447e-12
-2.95332e-10
8.36022e-12
1.07665e-11
1.80496e-09
2.65616e-10
1.72738e-09
4.9767e-10
1.54052e-09
4.89495e-10
1.32455e-09
4.25137e-10
1.11902e-09
3.51286e-10
9.40242e-10
2.82784e-10
7.90242e-10
2.26624e-10
6.66199e-10
1.82336e-10
5.64144e-10
1.4748e-10
4.80057e-10
1.20104e-10
4.10558e-10
9.84274e-11
3.52919e-10
8.10794e-11
3.04849e-10
6.72212e-11
2.64415e-10
5.62421e-11
2.30014e-10
4.7623e-11
2.00305e-10
4.09402e-11
1.74159e-10
3.58706e-11
1.50634e-10
3.21413e-11
1.28951e-10
2.95116e-11
1.08474e-10
2.77771e-11
8.86877e-11
2.675e-11
6.91861e-11
2.62637e-11
4.96603e-11
2.61776e-11
2.98832e-11
2.63709e-11
9.69801e-12
2.67344e-11
-1.09906e-11
2.71662e-11
-3.22184e-11
2.75649e-11
-5.39567e-11
2.78183e-11
-7.60995e-11
2.77785e-11
-9.84424e-11
2.7225e-11
-1.20667e-10
2.58112e-11
-1.4252e-10
2.29871e-11
-1.63168e-10
1.79577e-11
-1.82866e-10
9.67701e-12
-1.88948e-10
-9.69972e-12
-1.69977e-10
-3.59851e-11
-1.30375e-10
-5.98109e-11
-7.56137e-11
-7.93589e-11
-8.57295e-12
-9.54586e-11
6.98214e-11
-1.09678e-10
1.61958e-10
-1.28879e-10
2.56887e-10
-1.36214e-10
3.45511e-10
-1.28867e-10
4.25965e-10
-1.17828e-10
4.96309e-10
-1.03012e-10
5.57422e-10
-8.9094e-11
6.10419e-10
-7.73853e-11
6.52906e-10
-6.08195e-11
6.87565e-10
-4.93378e-11
7.13324e-10
-3.56429e-11
7.29509e-10
-2.07166e-11
7.37094e-10
-8.56267e-12
7.32545e-10
1.0616e-11
7.18505e-10
2.38117e-11
6.90627e-10
4.45445e-11
6.51624e-10
6.05516e-11
6.00106e-10
7.85474e-11
5.35662e-10
9.72917e-11
4.6339e-10
1.07265e-10
3.78355e-10
1.25183e-10
2.89826e-10
1.28075e-10
1.96997e-10
1.32407e-10
1.03449e-10
1.31369e-10
1.26612e-11
1.25738e-10
-7.52603e-11
1.20084e-10
-1.5686e-10
1.10399e-10
-2.3357e-10
1.02491e-10
-3.03727e-10
9.34464e-11
-3.68579e-10
8.55766e-11
-4.2761e-10
7.81444e-11
-4.81262e-10
7.15899e-11
-5.30086e-10
6.48081e-11
-5.74302e-10
5.95408e-11
-6.14081e-10
5.37356e-11
-6.49418e-10
4.7754e-11
-6.80553e-10
4.25889e-11
-7.07518e-10
3.69991e-11
-7.30325e-10
3.10912e-11
-7.49249e-10
2.60301e-11
-7.64552e-10
2.11742e-11
-7.76474e-10
1.65084e-11
-7.85502e-10
1.27282e-11
-7.92138e-10
9.62421e-12
-7.9696e-10
7.33338e-12
-8.00541e-10
6.1628e-12
-8.03287e-10
5.18927e-12
-8.05398e-10
4.36568e-12
-8.07547e-10
5.23635e-12
-8.09533e-10
5.02437e-12
-8.11309e-10
4.40166e-12
-8.13001e-10
5.30957e-12
-8.14368e-10
4.52102e-12
-8.14979e-10
3.13393e-12
-8.15158e-10
3.55118e-12
-8.13963e-10
2.06773e-13
-8.12139e-10
8.30608e-13
-8.0803e-10
-3.90374e-12
-8.02821e-10
-4.07969e-12
-7.95303e-10
-9.29483e-12
-7.86413e-10
-9.31078e-12
-7.75099e-10
-1.46849e-11
-7.61654e-10
-1.63593e-11
-7.45359e-10
-2.03325e-11
-7.26729e-10
-2.47788e-11
-7.05525e-10
-2.74189e-11
-6.81145e-10
-3.35426e-11
-6.53314e-10
-3.66635e-11
-6.22085e-10
-4.26008e-11
-5.87155e-10
-4.73911e-11
-5.48653e-10
-5.27262e-11
-5.06506e-10
-5.78521e-11
-4.61006e-10
-6.31017e-11
-4.12199e-10
-6.77194e-11
-3.6085e-10
-7.26147e-11
-3.06767e-10
-7.59424e-11
-2.51016e-10
-7.94139e-11
-1.93924e-10
-8.17277e-11
-1.36049e-10
-8.32576e-11
-7.83989e-11
-8.37569e-11
-2.1417e-11
-8.3307e-11
3.44569e-11
-8.21605e-11
8.8414e-11
-7.98893e-11
1.40064e-10
-7.68401e-11
1.89236e-10
-7.35087e-11
2.35425e-10
-6.93328e-11
2.78504e-10
-6.48931e-11
3.18361e-10
-6.02297e-11
3.54954e-10
-5.52573e-11
3.88493e-10
-5.05919e-11
4.19211e-10
-4.65086e-11
4.46512e-10
-4.11697e-11
4.71281e-10
-3.71622e-11
4.9416e-10
-3.44035e-11
5.13593e-10
-2.88848e-11
5.31065e-10
-2.55931e-11
5.46948e-10
-2.36327e-11
5.58309e-10
-1.60423e-11
5.67747e-10
-1.3616e-11
5.72481e-10
-6.22286e-12
5.7299e-10
1.07568e-13
5.67246e-10
9.52692e-12
5.53549e-10
2.13018e-11
5.30981e-10
3.48981e-11
4.98692e-10
4.89776e-11
4.53286e-10
6.82071e-11
3.98572e-10
8.11341e-11
3.28754e-10
1.02901e-10
2.50346e-10
1.14342e-10
1.62769e-10
1.26196e-10
6.80677e-11
1.3465e-10
-2.8507e-11
1.35805e-10
-1.27454e-10
1.36965e-10
-2.22771e-10
1.30834e-10
-3.1548e-10
1.24598e-10
-4.01732e-10
1.15377e-10
-4.81559e-10
1.04508e-10
-5.52886e-10
9.34839e-11
-6.15073e-10
7.9003e-11
-6.67776e-10
6.23043e-11
-7.08208e-10
3.66865e-11
-7.43685e-10
5.85718e-11
-7.66624e-10
4.10496e-11
-7.71988e-10
1.56467e-11
-7.57048e-10
-1.31985e-11
-7.22132e-10
-3.57902e-11
-6.67207e-10
-6.06267e-11
-5.94853e-10
-7.91962e-11
-5.10341e-10
-1.05017e-10
-4.23636e-10
-1.17042e-10
-3.42198e-10
-1.13895e-10
-2.70605e-10
-1.01748e-10
-2.11082e-10
-8.48961e-11
-1.64337e-10
-6.64053e-11
-1.29814e-10
-4.85021e-11
-1.05985e-10
-3.26512e-11
-9.06728e-11
-1.96167e-11
-8.17309e-11
-9.84755e-12
-7.71445e-11
-3.27539e-12
-7.46904e-11
1.94006e-13
-7.29538e-11
1.3712e-12
-7.06277e-11
6.4522e-13
-6.69784e-11
-1.15655e-12
-6.15883e-11
-3.81614e-12
-5.44832e-11
-6.53895e-12
-4.60286e-11
-8.81881e-12
-3.68281e-11
-1.02783e-11
-2.76816e-11
-1.07083e-11
-1.93393e-11
-9.99001e-12
-1.24798e-11
-8.16343e-12
-7.74356e-12
-5.42346e-12
-5.51016e-12
-2.04408e-12
-6.04869e-12
1.76146e-12
-9.39112e-12
5.60067e-12
-1.53151e-11
9.29773e-12
-2.35087e-11
1.26425e-11
-3.35761e-11
1.54975e-11
-4.5096e-11
1.78354e-11
-5.76877e-11
1.97575e-11
-7.09982e-11
2.16718e-11
2.45768e-11
1.80379e-09
1.61797e-10
1.91487e-09
3.86663e-10
1.93185e-09
4.72481e-10
1.87517e-09
4.8173e-10
1.77665e-09
4.49746e-10
1.65831e-09
4.01089e-10
1.53657e-09
3.48353e-10
1.42126e-09
2.97654e-10
1.31657e-09
2.52165e-10
1.22356e-09
2.13111e-10
1.14206e-09
1.79924e-10
1.07125e-09
1.51886e-10
1.00985e-09
1.28617e-10
9.56472e-10
1.09621e-10
9.09787e-10
9.43063e-11
8.68572e-10
8.21543e-11
8.3168e-10
7.27614e-11
7.98084e-10
6.57355e-11
7.66895e-10
6.07e-11
7.37331e-10
5.7339e-11
7.0872e-10
5.536e-11
6.80488e-10
5.44948e-11
6.52154e-10
5.45102e-11
6.23321e-10
5.52028e-11
5.93661e-10
5.63922e-11
5.62908e-10
5.79175e-11
5.30843e-10
5.96283e-11
4.97289e-10
6.13695e-11
4.62107e-10
6.2957e-11
4.25183e-10
6.41441e-11
3.86402e-10
6.45858e-11
3.4557e-10
6.38114e-11
3.02433e-10
6.10853e-11
2.53522e-10
5.85791e-11
2.19106e-10
2.47047e-11
2.21605e-10
-3.84977e-11
2.55151e-10
-9.33657e-11
3.11301e-10
-1.35506e-10
3.86701e-10
-1.70837e-10
4.79591e-10
-2.02524e-10
5.90577e-10
-2.39805e-10
7.04376e-10
-2.49946e-10
8.12049e-10
-2.36479e-10
9.11159e-10
-2.16886e-10
9.99414e-10
-1.91221e-10
1.07769e-09
-1.67325e-10
1.14697e-09
-1.46628e-10
1.20512e-09
-1.18933e-10
1.25443e-09
-9.86357e-11
1.29392e-09
-7.51288e-11
1.32307e-09
-4.98666e-11
1.34214e-09
-2.765e-11
1.34814e-09
4.58565e-12
1.34298e-09
2.89507e-11
1.32264e-09
6.48512e-11
1.2886e-09
9.45819e-11
1.23914e-09
1.27994e-10
1.1731e-09
1.63336e-10
1.09431e-09
1.86046e-10
9.97307e-10
2.22179e-10
8.90644e-10
2.34717e-10
7.73234e-10
2.4979e-10
6.49246e-10
2.5533e-10
5.22872e-10
2.52097e-10
3.94622e-10
2.48338e-10
2.70535e-10
2.34504e-10
1.49715e-10
2.23343e-10
3.6676e-11
2.06526e-10
-6.96579e-11
1.91948e-10
-1.67935e-10
1.76451e-10
-2.57918e-10
1.61595e-10
-3.40867e-10
1.47769e-10
-4.15535e-10
1.34212e-10
-4.82922e-10
1.21125e-10
-5.43189e-10
1.0802e-10
-5.96115e-10
9.55069e-11
-6.42182e-10
8.30588e-11
-6.81715e-10
7.06212e-11
-7.14724e-10
5.90388e-11
-7.41661e-10
4.81154e-11
-7.62999e-10
3.7854e-11
-7.79201e-10
2.89405e-11
-7.90916e-10
2.13521e-11
-7.98818e-10
1.5249e-11
-8.03655e-10
1.10129e-11
-8.06216e-10
7.75916e-12
-8.07238e-10
5.39184e-12
-8.06979e-10
4.97769e-12
-8.05964e-10
4.00618e-12
-8.04323e-10
2.75717e-12
-8.01827e-10
2.80886e-12
-7.98403e-10
1.09133e-12
-7.94165e-10
-1.10818e-12
-7.88329e-10
-2.28909e-12
-7.81291e-10
-6.83473e-12
-7.71913e-10
-8.5508e-12
-7.61435e-10
-1.43847e-11
-7.48354e-10
-1.71654e-11
-7.33738e-10
-2.39147e-11
-7.16149e-10
-2.69053e-11
-6.96566e-10
-3.4273e-11
-6.7385e-10
-3.9083e-11
-6.48088e-10
-4.61019e-11
-6.19203e-10
-5.36724e-11
-5.86192e-10
-6.04396e-11
-5.49696e-10
-7.0049e-11
-5.08279e-10
-7.80921e-11
-4.62656e-10
-8.82352e-11
-4.12188e-10
-9.78718e-11
-3.57088e-10
-1.0784e-10
-2.9739e-10
-1.17563e-10
-2.33616e-10
-1.26889e-10
-1.65887e-10
-1.3546e-10
-9.55753e-11
-1.42937e-10
-2.21409e-11
-1.49385e-10
5.24881e-11
-1.54049e-10
1.27928e-10
-1.57169e-10
2.03583e-10
-1.58906e-10
2.7813e-10
-1.58288e-10
3.5113e-10
-1.56281e-10
4.22105e-10
-1.53099e-10
4.90073e-10
-1.47811e-10
5.54708e-10
-1.41422e-10
6.1594e-10
-1.34681e-10
6.73275e-10
-1.26606e-10
7.267e-10
-1.18257e-10
7.76212e-10
-1.09681e-10
8.21868e-10
-1.00851e-10
8.64036e-10
-9.26944e-11
9.03015e-10
-8.54169e-11
9.38374e-10
-7.64502e-11
9.70977e-10
-6.96801e-11
1.0015e-09
-6.48431e-11
1.0285e-09
-5.57904e-11
1.0536e-09
-5.06121e-11
1.07673e-09
-4.66842e-11
1.0955e-09
-3.47545e-11
1.11194e-09
-3.00257e-11
1.12355e-09
-1.78421e-11
1.12955e-09
-5.93843e-12
1.1293e-09
9.69128e-12
1.12034e-09
3.01361e-11
1.10138e-09
5.37132e-11
1.07077e-09
7.94485e-11
1.02536e-09
1.13501e-10
9.67156e-10
1.39251e-10
8.90212e-10
1.79804e-10
7.99671e-10
2.0488e-10
6.94512e-10
2.31373e-10
5.75922e-10
2.53263e-10
4.49629e-10
2.62113e-10
3.13647e-10
2.72953e-10
1.77354e-10
2.67124e-10
3.9218e-11
2.62725e-10
-9.32634e-11
2.47847e-10
-2.21401e-10
2.32634e-10
-3.39371e-10
2.11445e-10
-4.46822e-10
1.86449e-10
-5.39983e-10
1.55471e-10
-6.18554e-10
1.15275e-10
-6.57665e-10
9.77089e-11
-6.71892e-10
5.53019e-11
-6.59093e-10
2.86929e-12
-6.18089e-10
-5.41831e-11
-5.46186e-10
-1.07676e-10
-4.4738e-10
-1.59419e-10
-3.23586e-10
-2.02983e-10
-1.95429e-10
-2.33173e-10
-7.49817e-11
-2.37494e-10
3.39172e-11
-2.228e-10
1.28548e-10
-1.96386e-10
2.07526e-10
-1.63884e-10
2.70878e-10
-1.29767e-10
3.19737e-10
-9.73696e-11
3.5602e-10
-6.89413e-11
3.82174e-10
-4.57765e-11
4.00754e-10
-2.8432e-11
4.14335e-10
-1.68596e-11
4.25097e-10
-1.05705e-11
4.35121e-10
-8.6536e-12
4.458e-10
-1.00338e-11
4.58183e-10
-1.35391e-11
4.72489e-10
-1.81212e-11
4.88611e-10
-2.26592e-11
5.06026e-10
-2.62319e-11
5.23902e-10
-2.8152e-11
5.4123e-10
-2.80362e-11
5.56996e-10
-2.57558e-11
5.70262e-10
-2.1429e-11
5.80244e-10
-1.54057e-11
5.86389e-10
-8.18967e-12
5.88476e-10
-3.2637e-13
5.86557e-10
7.51882e-12
5.80927e-10
1.49263e-11
5.72108e-10
2.14606e-11
5.60748e-10
2.68567e-11
5.47567e-10
3.10167e-11
5.33305e-10
3.40205e-11
5.18808e-10
3.61703e-11
3.90354e-11
1.76539e-09
9.64814e-11
1.88742e-09
2.64632e-10
1.98798e-09
3.71935e-10
2.04916e-09
4.20487e-10
2.0679e-09
4.30918e-10
2.05018e-09
4.18769e-10
2.0095e-09
3.89014e-10
1.95553e-09
3.51632e-10
1.89517e-09
3.12527e-10
1.83297e-09
2.75306e-10
1.77234e-09
2.40555e-10
1.71508e-09
2.09146e-10
1.66179e-09
1.81903e-10
1.61262e-09
1.58787e-10
1.56748e-09
1.39449e-10
1.52603e-09
1.23606e-10
1.48773e-09
1.11059e-10
1.452e-09
1.0146e-10
1.41829e-09
9.44145e-11
1.386e-09
8.96251e-11
1.35458e-09
8.67798e-11
1.32349e-09
8.5581e-11
1.29224e-09
8.57635e-11
1.26035e-09
8.70868e-11
1.22741e-09
8.93311e-11
1.19303e-09
9.23025e-11
1.15683e-09
9.58265e-11
1.11846e-09
9.97356e-11
1.07757e-09
1.0385e-10
1.03376e-09
1.07952e-10
9.86573e-10
1.11765e-10
9.35432e-10
1.14948e-10
8.79438e-10
1.17074e-10
8.14426e-10
1.23586e-10
7.6056e-10
7.85631e-11
7.42726e-10
-2.06767e-11
7.57742e-10
-1.08395e-10
7.99236e-10
-1.77005e-10
8.64038e-10
-2.35628e-10
9.49319e-10
-2.87769e-10
1.05388e-09
-3.44304e-10
1.16268e-09
-3.58668e-10
1.26865e-09
-3.42367e-10
1.36835e-09
-3.16511e-10
1.45905e-09
-2.81861e-10
1.54124e-09
-2.49455e-10
1.61559e-09
-2.20921e-10
1.68033e-09
-1.83627e-10
1.7369e-09
-1.55182e-10
1.78491e-09
-1.23127e-10
1.82362e-09
-8.85882e-11
1.85293e-09
-5.69805e-11
1.87099e-09
-1.35076e-11
1.8787e-09
2.11977e-11
1.87326e-09
7.02461e-11
1.85507e-09
1.1273e-10
1.82253e-09
1.60493e-10
1.77394e-09
2.11908e-10
1.71146e-09
2.48512e-10
1.62979e-09
3.0383e-10
1.53491e-09
3.29567e-10
1.42488e-09
3.59766e-10
1.30301e-09
3.77144e-10
1.17268e-09
3.82368e-10
1.03487e-09
3.86099e-10
8.957e-10
3.73654e-10
7.54939e-10
3.64104e-10
6.18282e-10
3.43202e-10
4.8587e-10
3.24392e-10
3.60355e-10
3.02004e-10
2.43157e-10
2.78833e-10
1.33178e-10
2.57786e-10
3.28273e-11
2.34597e-10
-5.90925e-11
2.13074e-10
-1.42714e-10
1.91661e-10
-2.17244e-10
1.70052e-10
-2.83297e-10
1.49125e-10
-3.41284e-10
1.2862e-10
-3.91018e-10
1.08787e-10
-4.32946e-10
9.00593e-11
-4.67724e-10
7.26477e-11
-4.95744e-10
5.69789e-11
-5.17756e-10
4.33838e-11
-5.34572e-10
3.20846e-11
-5.46876e-10
2.33325e-11
-5.55844e-10
1.67384e-11
-5.62428e-10
1.19829e-11
-5.66733e-10
9.28559e-12
-5.69891e-10
7.16432e-12
-5.72396e-10
5.25943e-12
-5.73526e-10
3.93622e-12
-5.74023e-10
1.58633e-12
-5.73339e-10
-1.79488e-12
-5.70568e-10
-5.06143e-12
-5.66563e-10
-1.08416e-11
-5.59418e-10
-1.56988e-11
-5.50463e-10
-2.33421e-11
-5.37763e-10
-2.98691e-11
-5.22572e-10
-3.91095e-11
-5.02699e-10
-4.67835e-11
-4.79617e-10
-5.73599e-11
-4.51537e-10
-6.71696e-11
-4.1886e-10
-7.87868e-11
-3.81294e-10
-9.12468e-11
-3.37636e-10
-1.04106e-10
-2.89044e-10
-1.18652e-10
-2.33951e-10
-1.33196e-10
-1.73567e-10
-1.48632e-10
-1.07472e-10
-1.6398e-10
-3.62337e-11
-1.79093e-10
3.96761e-11
-1.93488e-10
1.19462e-10
-2.06691e-10
2.02652e-10
-2.18664e-10
2.87582e-10
-2.2788e-10
3.74621e-10
-2.36434e-10
4.61581e-10
-2.41016e-10
5.48046e-10
-2.43637e-10
6.33383e-10
-2.44241e-10
7.16288e-10
-2.41181e-10
7.96402e-10
-2.36373e-10
8.73374e-10
-2.30038e-10
9.46364e-10
-2.20756e-10
1.01525e-09
-2.10254e-10
1.08008e-09
-1.99442e-10
1.14055e-09
-1.87014e-10
1.19683e-09
-1.74464e-10
1.24903e-09
-1.61813e-10
1.29734e-09
-1.49093e-10
1.3422e-09
-1.37476e-10
1.38394e-09
-1.27072e-10
1.4224e-09
-1.14826e-10
1.45825e-09
-1.05431e-10
1.49217e-09
-9.86543e-11
1.52301e-09
-8.65267e-11
1.55228e-09
-7.97735e-11
1.5795e-09
-7.37891e-11
1.60322e-09
-5.83805e-11
1.62449e-09
-5.12246e-11
1.64163e-09
-3.49415e-11
1.65377e-09
-1.80767e-11
1.66015e-09
3.25777e-12
1.65868e-09
3.15047e-11
1.64838e-09
6.38731e-11
1.62723e-09
1.00431e-10
1.59281e-09
1.4775e-10
1.5456e-09
1.86319e-10
1.48048e-09
2.4482e-10
1.40024e-09
2.85067e-10
1.30338e-09
3.28223e-10
1.18943e-09
3.67205e-10
1.06319e-09
3.88366e-10
9.21454e-10
4.14684e-10
7.73244e-10
4.15325e-10
6.16214e-10
4.1974e-10
4.59479e-10
4.04563e-10
3.01678e-10
3.90422e-10
1.50866e-10
3.6225e-10
8.30632e-12
3.29014e-10
-1.17363e-10
2.81158e-10
-2.23996e-10
2.21933e-10
-2.67883e-10
1.41632e-10
-2.74987e-10
6.24414e-11
-2.48547e-10
-2.35413e-11
-1.89804e-10
-1.129e-10
-9.50466e-11
-2.02409e-10
2.77206e-11
-2.82164e-10
1.75066e-10
-3.5031e-10
3.19242e-10
-3.77337e-10
4.49302e-10
-3.67549e-10
5.64486e-10
-3.37985e-10
6.64147e-10
-2.9605e-10
7.48178e-10
-2.47921e-10
8.17163e-10
-1.9876e-10
8.72346e-10
-1.52561e-10
9.15507e-10
-1.12111e-10
9.48821e-10
-7.90971e-11
9.74659e-10
-5.42768e-11
9.95408e-10
-3.76135e-11
1.01326e-09
-2.84234e-11
1.03012e-09
-2.5521e-11
1.04748e-09
-2.73911e-11
1.06631e-09
-3.23719e-11
1.087e-09
-3.88072e-11
1.10946e-09
-4.51155e-11
1.13317e-09
-4.99426e-11
1.15727e-09
-5.22467e-11
1.1807e-09
-5.14621e-11
1.20234e-09
-4.73952e-11
1.22111e-09
-4.01952e-11
1.23607e-09
-3.03737e-11
1.24657e-09
-1.86837e-11
1.25225e-09
-6.00266e-12
1.25304e-09
6.72738e-12
1.24926e-09
1.86992e-11
1.24149e-09
2.92352e-11
1.23047e-09
3.78724e-11
1.2171e-09
4.43828e-11
1.20234e-09
4.87824e-11
1.18727e-09
5.12461e-11
5.36886e-11
1.73753e-09
5.90229e-11
1.8263e-09
1.75904e-10
1.93146e-09
2.66792e-10
2.02666e-09
3.25231e-10
2.10181e-09
3.55698e-10
2.15592e-09
3.64633e-10
2.18843e-09
3.5648e-10
2.20121e-09
3.38829e-10
2.1981e-09
3.15662e-10
2.18436e-09
2.89047e-10
2.16379e-09
2.61115e-10
2.13888e-09
2.34063e-10
2.1111e-09
2.09683e-10
2.0819e-09
1.8798e-10
2.05238e-09
1.68965e-10
2.02314e-09
1.5285e-10
1.99433e-09
1.39865e-10
1.96606e-09
1.29738e-10
1.93832e-09
1.22154e-10
1.91095e-09
1.16996e-10
1.88371e-09
1.14011e-10
1.85634e-09
1.12959e-10
1.82847e-09
1.13632e-10
1.79973e-09
1.15823e-10
1.76974e-09
1.19326e-10
1.73808e-09
1.23959e-10
1.70434e-09
1.29562e-10
1.66809e-09
1.35988e-10
1.62885e-09
1.43092e-10
1.58608e-09
1.50719e-10
1.53915e-09
1.58692e-10
1.48729e-09
1.66811e-10
1.42941e-09
1.74949e-10
1.36173e-09
1.91264e-10
1.30031e-09
1.39976e-10
1.26688e-09
1.27431e-11
1.26201e-09
-1.03546e-10
1.28327e-09
-1.98273e-10
1.32868e-09
-2.81044e-10
1.39504e-09
-3.5411e-10
1.48008e-09
-4.29293e-10
1.57131e-09
-4.49827e-10
1.6638e-09
-4.34775e-10
1.75301e-09
-4.05653e-10
1.83588e-09
-3.64667e-10
1.91243e-09
-3.25944e-10
1.98299e-09
-2.91432e-10
2.04622e-09
-2.46811e-10
2.10261e-09
-2.11535e-10
2.1528e-09
-1.73307e-10
2.19538e-09
-1.31185e-10
2.23026e-09
-9.18818e-11
2.25695e-09
-4.02374e-11
2.27556e-09
2.54204e-12
2.28458e-09
6.11769e-11
2.28383e-09
1.13433e-10
2.27221e-09
1.72066e-10
2.24803e-09
2.36061e-10
2.21206e-09
2.84458e-10
2.16005e-09
3.55821e-10
2.09499e-09
3.94596e-10
2.01439e-09
4.40328e-10
1.91985e-09
4.7161e-10
1.81301e-09
4.89137e-10
1.69445e-09
5.04584e-10
1.56873e-09
4.99307e-10
1.43611e-09
4.96682e-10
1.30179e-09
4.77502e-10
1.16678e-09
4.59399e-10
1.03429e-09
4.34517e-10
9.06764e-10
4.06386e-10
7.8386e-10
3.8073e-10
6.68819e-10
3.49683e-10
5.61068e-10
3.20871e-10
4.6082e-10
2.9195e-10
3.69203e-10
2.61703e-10
2.85716e-10
2.32643e-10
2.10096e-10
2.04267e-10
1.42645e-10
1.76264e-10
8.31244e-11
1.49604e-10
3.09341e-11
1.24861e-10
-1.40889e-11
1.02025e-10
-5.25403e-11
8.1858e-11
-8.50822e-11
6.46474e-11
-1.12181e-10
5.04479e-11
-1.35035e-10
3.96047e-11
-1.54663e-10
3.16174e-11
-1.71089e-10
2.57149e-11
-1.85811e-10
2.18864e-11
-1.99429e-10
1.88768e-11
-2.11325e-10
1.58304e-11
-2.22218e-10
1.24773e-11
-2.31998e-10
7.98239e-12
-2.39102e-10
2.04013e-12
-2.44536e-10
-5.41058e-12
-2.45717e-10
-1.45214e-11
-2.43943e-10
-2.51199e-11
-2.36661e-10
-3.71545e-11
-2.25271e-10
-5.05046e-11
-2.06879e-10
-6.51809e-11
-1.83229e-10
-8.10156e-11
-1.52139e-10
-9.82651e-11
-1.14293e-10
-1.1664e-10
-6.93832e-11
-1.36164e-10
-1.64169e-11
-1.57081e-10
4.30429e-11
-1.78121e-10
1.10252e-10
-2.00416e-10
1.83534e-10
-2.21925e-10
2.62794e-10
-2.43251e-10
3.47078e-10
-2.63389e-10
4.35366e-10
-2.81789e-10
5.26602e-10
-2.97941e-10
6.19895e-10
-3.1197e-10
7.13484e-10
-3.21483e-10
8.07446e-10
-3.30408e-10
8.99662e-10
-3.33242e-10
9.89711e-10
-3.33692e-10
1.07703e-09
-3.31563e-10
1.16054e-09
-3.2469e-10
1.24006e-09
-3.15875e-10
1.31545e-09
-3.05398e-10
1.38614e-09
-2.91415e-10
1.45229e-09
-2.76353e-10
1.51406e-09
-2.61168e-10
1.57146e-09
-2.44345e-10
1.62476e-09
-2.27707e-10
1.67422e-09
-2.11212e-10
1.72015e-09
-1.9496e-10
1.76299e-09
-1.80259e-10
1.80308e-09
-1.67098e-10
1.84052e-09
-1.52192e-10
1.87567e-09
-1.40499e-10
1.90917e-09
-1.32072e-10
1.94032e-09
-1.17591e-10
1.97025e-09
-1.09607e-10
1.99814e-09
-1.01587e-10
2.02359e-09
-8.37346e-11
2.04671e-09
-7.42671e-11
2.0668e-09
-5.49703e-11
2.08288e-09
-3.41259e-11
2.09471e-09
-8.58316e-12
2.10035e-09
2.58074e-11
2.0995e-09
6.4615e-11
2.09015e-09
1.09635e-10
2.07093e-09
1.66803e-10
2.04115e-09
2.1594e-10
1.99734e-09
2.88496e-10
1.93997e-09
3.42346e-10
1.86753e-09
4.00602e-10
1.77808e-09
4.56639e-10
1.67463e-09
4.91803e-10
1.55303e-09
5.36277e-10
1.4202e-09
5.48135e-10
1.2729e-09
5.67015e-10
1.11924e-09
5.58195e-10
9.57476e-10
5.52166e-10
7.95858e-10
5.23852e-10
6.37543e-10
4.87326e-10
4.97535e-10
4.21182e-10
3.73893e-10
3.45605e-10
3.24943e-10
1.90625e-10
3.18185e-10
6.92432e-11
3.48592e-10
-5.39112e-11
4.12487e-10
-1.76764e-10
5.12919e-10
-3.02811e-10
6.38605e-10
-4.07818e-10
7.84024e-10
-4.95699e-10
9.20966e-10
-5.14254e-10
1.04086e-09
-4.87421e-10
1.14506e-09
-4.42177e-10
1.23457e-09
-3.85563e-10
1.31043e-09
-3.23776e-10
1.37373e-09
-2.62068e-10
1.42578e-09
-2.04614e-10
1.46807e-09
-1.5441e-10
1.50231e-09
-1.13343e-10
1.53032e-09
-8.2304e-11
1.55399e-09
-6.12902e-11
1.5751e-09
-4.95348e-11
1.59523e-09
-4.56546e-11
1.61566e-09
-4.78302e-11
1.6373e-09
-5.40039e-11
1.66055e-09
-6.20643e-11
1.68544e-09
-6.99967e-11
1.71154e-09
-7.60426e-11
1.73806e-09
-7.87609e-11
1.76406e-09
-7.74542e-11
1.78847e-09
-7.18044e-11
1.81019e-09
-6.19088e-11
1.82822e-09
-4.84078e-11
1.8418e-09
-3.22619e-11
1.85042e-09
-1.46258e-11
1.8539e-09
3.25695e-12
1.85238e-09
2.02168e-11
1.84634e-09
3.52728e-11
1.83649e-09
4.7715e-11
1.82374e-09
5.71344e-11
1.80908e-09
6.34432e-11
1.79362e-09
6.67057e-11
6.8845e-11
1.72185e-09
3.72225e-11
1.78181e-09
1.15994e-10
1.86438e-09
1.84238e-10
1.95512e-09
2.34462e-10
2.04328e-09
2.67482e-10
2.12237e-09
2.85505e-10
2.18818e-09
2.90653e-10
2.24076e-09
2.86265e-10
2.28121e-09
2.75213e-10
2.31069e-09
2.59566e-10
2.32959e-09
2.42217e-10
2.33914e-09
2.24515e-10
2.34209e-09
2.06724e-10
2.33997e-09
1.90104e-10
2.33404e-09
1.74893e-10
2.32512e-09
1.61775e-10
2.31369e-09
1.51291e-10
2.30046e-09
1.42963e-10
2.28588e-09
1.36735e-10
2.27014e-09
1.32737e-10
2.25334e-09
1.30818e-10
2.23549e-09
1.30799e-10
2.21651e-09
1.3262e-10
2.19618e-09
1.3615e-10
2.17426e-09
1.41245e-10
2.15044e-09
1.47781e-10
2.12435e-09
1.55649e-10
2.09558e-09
1.64755e-10
2.06366e-09
1.75013e-10
2.02803e-09
1.86348e-10
1.98804e-09
1.98683e-10
1.9429e-09
2.11953e-10
1.89159e-09
2.26254e-10
1.83116e-09
2.51701e-10
1.77224e-09
1.98885e-10
1.73088e-09
5.41009e-11
1.71096e-09
-8.36491e-11
1.71381e-09
-2.01139e-10
1.73896e-09
-3.06219e-10
1.78352e-09
-3.98664e-10
1.84496e-09
-4.90709e-10
1.9142e-09
-5.19023e-10
1.98821e-09
-5.0871e-10
2.0615e-09
-4.78877e-10
2.13078e-09
-4.33892e-10
2.19572e-09
-3.90834e-10
2.25641e-09
-3.52092e-10
2.31194e-09
-3.02303e-10
2.36246e-09
-2.62037e-10
2.40842e-09
-2.1924e-10
2.44882e-09
-1.71588e-10
2.48388e-09
-1.26981e-10
2.51371e-09
-7.00943e-11
2.53806e-09
-2.18567e-11
2.5567e-09
4.24862e-11
2.56918e-09
1.00912e-10
2.57508e-09
1.66122e-10
2.57314e-09
2.37976e-10
2.56326e-09
2.94324e-10
2.54279e-09
3.76287e-10
2.51228e-09
4.25087e-10
2.46925e-09
4.83338e-10
2.41381e-09
5.26996e-10
2.3458e-09
5.5708e-10
2.26517e-09
5.85135e-10
2.174e-09
5.904e-10
2.07252e-09
5.98082e-10
1.96416e-09
5.85799e-10
1.85018e-09
5.73332e-10
1.73326e-09
5.51405e-10
1.61623e-09
5.23408e-10
1.49933e-09
4.97643e-10
1.38611e-09
4.62926e-10
1.27666e-09
4.30359e-10
1.1717e-09
3.96943e-10
1.07274e-09
3.60705e-10
9.79611e-10
3.25807e-10
8.9245e-10
2.91468e-10
8.11651e-10
2.57102e-10
7.37284e-10
2.2401e-10
6.68951e-10
1.93232e-10
6.06802e-10
1.64212e-10
5.50566e-10
1.38131e-10
4.9991e-10
1.15336e-10
4.54714e-10
9.56702e-11
4.14094e-10
8.02446e-11
3.77245e-10
6.84796e-11
3.44376e-10
5.85925e-11
3.13944e-10
5.23231e-11
2.85408e-10
4.7415e-11
2.59181e-10
4.20585e-11
2.34554e-10
3.71042e-11
2.11447e-10
3.10872e-11
1.91806e-10
2.16793e-11
1.74501e-10
1.18924e-11
1.62592e-10
-2.61548e-12
1.55043e-10
-1.75746e-11
1.54968e-10
-3.70834e-11
1.60946e-10
-5.64859e-11
1.76404e-10
-8.06434e-11
1.9933e-10
-1.03946e-10
2.32168e-10
-1.31108e-10
2.73833e-10
-1.5831e-10
3.24457e-10
-1.86794e-10
3.84623e-10
-2.17253e-10
4.52326e-10
-2.45831e-10
5.2827e-10
-2.76368e-10
6.1033e-10
-3.03994e-10
6.97788e-10
-3.3072e-10
7.89373e-10
-3.54985e-10
8.8353e-10
-3.75958e-10
9.79053e-10
-3.93477e-10
1.07471e-09
-4.07637e-10
1.1688e-09
-4.15585e-10
1.26121e-09
-4.22833e-10
1.35008e-09
-4.22125e-10
1.43508e-09
-4.18707e-10
1.51587e-09
-4.12356e-10
1.59172e-09
-4.00537e-10
1.66267e-09
-3.86818e-10
1.72887e-09
-3.71587e-10
1.7901e-09
-3.5262e-10
1.84677e-09
-3.32988e-10
1.89922e-09
-3.13568e-10
1.94766e-09
-2.92737e-10
1.99253e-09
-2.72518e-10
2.03414e-09
-2.52778e-10
2.07292e-09
-2.33683e-10
2.10927e-09
-2.16572e-10
2.1435e-09
-2.01279e-10
2.17584e-09
-1.84492e-10
2.20637e-09
-1.70982e-10
2.23573e-09
-1.6138e-10
2.26369e-09
-1.45483e-10
2.29074e-09
-1.36603e-10
2.31583e-09
-1.26618e-10
2.33958e-09
-1.07419e-10
2.3614e-09
-9.60225e-11
2.38138e-09
-7.49011e-11
2.3985e-09
-5.12002e-11
2.41302e-09
-2.30915e-11
2.42347e-09
1.53247e-11
2.43006e-09
5.79571e-11
2.43111e-09
1.08482e-10
2.42636e-09
1.71423e-10
2.41435e-09
2.278e-10
2.39358e-09
3.09145e-10
2.36271e-09
3.73107e-10
2.32078e-09
4.42468e-10
2.26493e-09
5.12447e-10
2.19656e-09
5.60155e-10
2.11109e-09
6.21731e-10
2.01262e-09
6.46596e-10
1.89724e-09
6.8236e-10
1.77052e-09
6.84884e-10
1.62992e-09
6.92719e-10
1.48207e-09
6.7167e-10
1.33127e-09
6.381e-10
1.19652e-09
5.55932e-10
1.07574e-09
4.66401e-10
1.02483e-09
2.41581e-10
1.01573e-09
7.83967e-11
1.04325e-09
-8.13838e-11
1.10239e-09
-2.3587e-10
1.19489e-09
-3.95273e-10
1.30736e-09
-5.20255e-10
1.43315e-09
-6.21441e-10
1.54734e-09
-6.28405e-10
1.64409e-09
-5.84144e-10
1.72609e-09
-5.24152e-10
1.79535e-09
-4.54817e-10
1.85368e-09
-3.82095e-10
1.9026e-09
-3.1099e-10
1.94349e-09
-2.45513e-10
1.97766e-09
-1.88587e-10
2.00639e-09
-1.42081e-10
2.03096e-09
-1.06885e-10
2.05265e-09
-8.29908e-11
2.07269e-09
-6.95778e-11
2.09217e-09
-6.51478e-11
2.11203e-09
-6.76926e-11
2.13292e-09
-7.48935e-11
2.15518e-09
-8.43265e-11
2.17883e-09
-9.36499e-11
2.20359e-09
-1.00797e-10
2.22868e-09
-1.03844e-10
2.25341e-09
-1.02166e-10
2.27689e-09
-9.52856e-11
2.29809e-09
-8.31088e-11
2.31611e-09
-6.64233e-11
2.33017e-09
-4.63194e-11
2.3397e-09
-2.41622e-11
2.34442e-09
-1.46141e-12
2.34433e-09
2.03083e-11
2.33974e-09
3.98684e-11
2.3312e-09
5.62525e-11
2.31948e-09
6.8847e-11
2.3055e-09
7.74273e-11
2.29023e-09
8.1969e-11
8.41337e-11
1.71378e-09
2.34859e-11
1.75456e-09
7.52631e-11
1.81591e-09
1.22899e-10
1.89028e-09
1.60069e-10
1.97021e-09
1.87511e-10
2.05018e-09
2.05504e-10
2.12594e-09
2.14891e-10
2.19493e-09
2.17275e-10
2.25577e-09
2.14369e-10
2.3077e-09
2.07641e-10
2.35128e-09
1.98635e-10
2.38734e-09
1.88454e-10
2.41632e-09
1.7775e-10
2.43913e-09
1.67287e-10
2.45589e-09
1.58125e-10
2.46737e-09
1.50304e-10
2.47509e-09
1.43573e-10
2.47969e-09
1.3836e-10
2.48145e-09
1.34974e-10
2.48069e-09
1.335e-10
2.47772e-09
1.33787e-10
2.47282e-09
1.35694e-10
2.46603e-09
1.39408e-10
2.45735e-09
1.44836e-10
2.44667e-09
1.51922e-10
2.43383e-09
1.60625e-10
2.41856e-09
1.70912e-10
2.40056e-09
1.82762e-10
2.3794e-09
1.96166e-10
2.35462e-09
2.11126e-10
2.32565e-09
2.27659e-10
2.29179e-09
2.45811e-10
2.25221e-09
2.65837e-10
2.20487e-09
2.9904e-10
2.15527e-09
2.48492e-10
2.11322e-09
9.61335e-11
2.08482e-09
-5.52644e-11
2.07434e-09
-1.90678e-10
2.08261e-09
-3.1451e-10
2.10729e-09
-4.23367e-10
2.14618e-09
-5.29593e-10
2.19368e-09
-5.66488e-10
2.24833e-09
-5.63315e-10
2.30399e-09
-5.34489e-10
2.35729e-09
-4.87142e-10
2.40766e-09
-4.41171e-10
2.45509e-09
-3.99491e-10
2.499e-09
-3.462e-10
2.54017e-09
-3.03195e-10
2.57691e-09
-2.55966e-10
2.61061e-09
-2.05286e-10
2.64106e-09
-1.57442e-10
2.66879e-09
-9.78613e-11
2.69343e-09
-4.65426e-11
2.71577e-09
2.01083e-11
2.7353e-09
8.13436e-11
2.75229e-09
1.49109e-10
2.76604e-09
2.24206e-10
2.77603e-09
2.84331e-10
2.78129e-09
3.71036e-10
2.78071e-09
4.25682e-10
2.7723e-09
4.91744e-10
2.75542e-09
5.43853e-10
2.7287e-09
5.83763e-10
2.69166e-09
6.22111e-10
2.64396e-09
6.38032e-10
2.58567e-09
6.56276e-10
2.51793e-09
6.53449e-10
2.44173e-09
6.49461e-10
2.35841e-09
6.34651e-10
2.27037e-09
6.11399e-10
2.178e-09
5.89977e-10
2.08442e-09
5.56491e-10
1.99009e-09
5.24689e-10
1.89601e-09
4.91037e-10
1.80382e-09
4.52915e-10
1.71376e-09
4.15897e-10
1.6264e-09
3.7887e-10
1.54222e-09
3.41323e-10
1.46161e-09
3.04667e-10
1.38441e-09
2.7048e-10
1.31111e-09
2.37562e-10
1.24181e-09
2.07479e-10
1.17658e-09
1.80617e-10
1.11569e-09
1.56596e-10
1.05875e-09
1.37209e-10
1.0054e-09
1.21856e-10
9.56261e-10
1.07746e-10
9.10086e-10
9.85102e-11
8.66694e-10
9.08151e-11
8.2637e-10
8.23876e-11
7.88602e-10
7.48762e-11
7.53074e-10
6.66166e-11
7.21811e-10
5.29437e-11
6.93603e-10
4.01001e-11
6.72152e-10
1.88343e-11
6.55732e-10
-1.15597e-12
6.48591e-10
-2.99441e-11
6.49074e-10
-5.69712e-11
6.61056e-10
-9.26281e-11
6.82297e-10
-1.25189e-10
7.15398e-10
-1.64211e-10
7.58807e-10
-2.01722e-10
8.12479e-10
-2.40468e-10
8.76382e-10
-2.8116e-10
9.48119e-10
-3.17573e-10
1.0277e-09
-3.55957e-10
1.11265e-09
-3.88945e-10
1.20159e-09
-4.19665e-10
1.29304e-09
-4.46451e-10
1.38501e-09
-4.67938e-10
1.47629e-09
-4.84767e-10
1.56543e-09
-4.96787e-10
1.65098e-09
-5.01147e-10
1.73276e-09
-5.04624e-10
1.80934e-09
-4.98717e-10
1.8806e-09
-4.89981e-10
1.94651e-09
-4.78276e-10
2.00678e-09
-4.60813e-10
2.06174e-09
-4.41775e-10
2.11184e-09
-4.21676e-10
2.15717e-09
-3.97933e-10
2.1984e-09
-3.74191e-10
2.236e-09
-3.51133e-10
2.27039e-09
-3.2708e-10
2.30205e-09
-3.04136e-10
2.33139e-09
-2.82068e-10
2.35884e-09
-2.61097e-10
2.38479e-09
-2.42486e-10
2.40942e-09
-2.25886e-10
2.43306e-09
-2.08105e-10
2.45564e-09
-1.93538e-10
2.4778e-09
-1.8351e-10
2.4991e-09
-1.66746e-10
2.51985e-09
-1.57323e-10
2.53928e-09
-1.46028e-10
2.55837e-09
-1.26481e-10
2.57606e-09
-1.13674e-10
2.59305e-09
-9.18577e-11
2.60834e-09
-6.64637e-11
2.62262e-09
-3.73592e-11
2.6349e-09
3.03825e-12
2.64582e-09
4.70112e-11
2.65409e-09
1.00143e-10
2.66043e-09
1.64991e-10
2.66298e-09
2.2515e-10
2.66198e-09
3.10033e-10
2.65505e-09
3.79949e-10
2.64201e-09
4.55455e-10
2.61986e-09
5.34559e-10
2.58877e-09
5.91227e-10
2.54446e-09
6.66039e-10
2.48837e-09
7.02663e-10
2.41661e-09
7.54097e-10
2.33167e-09
7.69787e-10
2.23035e-09
7.93994e-10
2.11649e-09
7.85471e-10
1.99465e-09
7.59897e-10
1.88565e-09
6.64907e-10
1.78582e-09
5.66239e-10
1.7418e-09
2.85637e-10
1.73305e-09
8.71974e-11
1.75561e-09
-1.03895e-10
1.8048e-09
-2.85018e-10
1.88131e-09
-4.71745e-10
1.97106e-09
-6.09972e-10
2.06725e-09
-7.17587e-10
2.15076e-09
-7.11876e-10
2.21843e-09
-6.5177e-10
2.27347e-09
-5.79158e-10
2.31831e-09
-4.99641e-10
2.35506e-09
-4.18831e-10
2.38544e-09
-3.41369e-10
2.41087e-09
-2.70949e-10
2.43253e-09
-2.1025e-10
2.4514e-09
-1.60965e-10
2.46837e-09
-1.23865e-10
2.48422e-09
-9.88469e-11
2.49964e-09
-8.50118e-11
2.51525e-09
-8.07681e-11
2.53154e-09
-8.39857e-11
2.54883e-09
-9.21912e-11
2.56727e-09
-1.02773e-10
2.5868e-09
-1.1318e-10
2.60716e-09
-1.21159e-10
2.6277e-09
-1.24375e-10
2.64787e-09
-1.2232e-10
2.667e-09
-1.14407e-10
2.68428e-09
-1.00391e-10
2.69902e-09
-8.11596e-11
2.71056e-09
-5.78571e-11
2.71839e-09
-3.19897e-11
2.7222e-09
-5.27616e-12
2.72194e-09
2.05732e-11
2.71777e-09
4.40419e-11
2.71007e-09
6.39491e-11
2.69942e-09
7.94949e-11
2.68653e-09
9.03114e-11
2.67219e-09
9.63105e-11
9.87656e-11
1.70969e-09
1.38469e-11
1.73939e-09
4.55943e-11
1.78619e-09
7.61044e-11
1.84584e-09
1.0039e-10
1.91396e-09
1.19348e-10
1.98637e-09
1.33077e-10
2.05951e-09
1.41743e-10
2.13069e-09
1.46101e-10
2.19798e-09
1.47084e-10
2.26008e-09
1.45537e-10
2.31641e-09
1.42312e-10
2.36674e-09
1.38119e-10
2.41101e-09
1.33475e-10
2.44942e-09
1.28882e-10
2.48264e-09
1.24902e-10
2.51118e-09
1.21765e-10
2.5353e-09
1.19459e-10
2.55529e-09
1.18366e-10
2.5717e-09
1.1856e-10
2.58516e-09
1.20038e-10
2.59585e-09
1.23095e-10
2.60401e-09
1.2754e-10
2.6098e-09
1.33618e-10
2.61332e-09
1.41313e-10
2.61458e-09
1.50654e-10
2.61353e-09
1.61677e-10
2.61002e-09
1.74426e-10
2.60382e-09
1.88956e-10
2.59465e-09
2.05336e-10
2.58213e-09
2.23646e-10
2.56583e-09
2.43962e-10
2.54521e-09
2.66427e-10
2.51963e-09
2.9142e-10
2.48793e-09
3.30747e-10
2.45129e-09
2.85133e-10
2.41383e-09
1.33585e-10
2.3827e-09
-2.41467e-11
2.36421e-09
-1.72204e-10
2.36007e-09
-3.10403e-10
2.36858e-09
-4.31896e-10
2.388e-09
-5.49026e-10
2.41596e-09
-5.94435e-10
2.45238e-09
-5.99709e-10
2.49074e-09
-5.72813e-10
2.52772e-09
-5.2408e-10
2.56265e-09
-4.76072e-10
2.59547e-09
-4.32302e-10
2.626e-09
-3.76723e-10
2.65505e-09
-3.32237e-10
2.68054e-09
-2.8147e-10
2.70482e-09
-2.29578e-10
2.72725e-09
-1.79872e-10
2.74909e-09
-1.19736e-10
2.76983e-09
-6.73126e-11
2.79101e-09
-1.10608e-12
2.8121e-09
6.02335e-11
2.83392e-09
1.27271e-10
2.85648e-09
2.01663e-10
2.8792e-09
2.61599e-10
2.90173e-09
3.48512e-10
2.92199e-09
4.05474e-10
2.93967e-09
4.74073e-10
2.95378e-09
5.29744e-10
2.96216e-09
5.75384e-10
2.96423e-09
6.20028e-10
2.95791e-09
6.44297e-10
2.9434e-09
6.70712e-10
2.91979e-09
6.76969e-10
2.88762e-09
6.81549e-10
2.84672e-09
6.75461e-10
2.79851e-09
6.59524e-10
2.74324e-09
6.45188e-10
2.68296e-09
6.16713e-10
2.61812e-09
5.89499e-10
2.54952e-09
5.59608e-10
2.4786e-09
5.23831e-10
2.40581e-09
4.88702e-10
2.33202e-09
4.52689e-10
2.25771e-09
4.15667e-10
2.18341e-09
3.79012e-10
2.10916e-09
3.44783e-10
2.03568e-09
3.11095e-10
1.96341e-09
2.79807e-10
1.89275e-09
2.51323e-10
1.82433e-09
2.25063e-10
1.75822e-09
2.03354e-10
1.69452e-09
1.85591e-10
1.63432e-09
1.67969e-10
1.57687e-09
1.55969e-10
1.52263e-09
1.45071e-10
1.47192e-09
1.33109e-10
1.42468e-09
1.22119e-10
1.38045e-09
1.10855e-10
1.34127e-09
9.21302e-11
1.30578e-09
7.55899e-11
1.2775e-09
4.71119e-11
1.2554e-09
2.0953e-11
1.24278e-09
-1.73288e-11
1.23866e-09
-5.28464e-11
1.247e-09
-1.00973e-10
1.26544e-09
-1.43624e-10
1.29663e-09
-1.95404e-10
1.33862e-09
-2.43714e-10
1.39124e-09
-2.9309e-10
1.45379e-09
-3.4371e-10
1.52367e-09
-3.87447e-10
1.6001e-09
-4.32397e-10
1.68047e-09
-4.69309e-10
1.76277e-09
-5.01978e-10
1.84553e-09
-5.29214e-10
1.92642e-09
-5.48831e-10
2.00442e-09
-5.62772e-10
2.07801e-09
-5.7038e-10
2.14617e-09
-5.69321e-10
2.20875e-09
-5.67211e-10
2.26492e-09
-5.549e-10
2.31485e-09
-5.39923e-10
2.35888e-09
-5.22321e-10
2.39719e-09
-4.99132e-10
2.43036e-09
-4.74946e-10
2.4591e-09
-4.50413e-10
2.48379e-09
-4.22613e-10
2.50533e-09
-3.95709e-10
2.52425e-09
-3.70025e-10
2.54107e-09
-3.43863e-10
2.5563e-09
-3.19333e-10
2.57039e-09
-2.96105e-10
2.58375e-09
-2.74419e-10
2.59666e-09
-2.55363e-10
2.60919e-09
-2.38399e-10
2.62169e-09
-2.2059e-10
2.63403e-09
-2.05867e-10
2.64668e-09
-1.96144e-10
2.65882e-09
-1.78882e-10
2.67115e-09
-1.69632e-10
2.68298e-09
-1.57846e-10
2.69529e-09
-1.38786e-10
2.70678e-09
-1.25161e-10
2.71864e-09
-1.03706e-10
2.72995e-09
-7.77572e-11
2.74165e-09
-4.9056e-11
2.75316e-09
-8.46747e-12
2.76548e-09
3.46764e-11
2.77765e-09
8.79385e-11
2.791e-09
1.51589e-10
2.80356e-09
2.12536e-10
2.81708e-09
2.96436e-10
2.82867e-09
3.68293e-10
2.83898e-09
4.45113e-10
2.84527e-09
5.28248e-10
2.84683e-09
5.89657e-10
2.84028e-09
6.72589e-10
2.82527e-09
7.17675e-10
2.79848e-09
7.80868e-10
2.75972e-09
8.08522e-10
2.70557e-09
8.48097e-10
2.63705e-09
8.53934e-10
2.55817e-09
8.38722e-10
2.48935e-09
7.33695e-10
2.42486e-09
6.30719e-10
2.39705e-09
3.1347e-10
2.39435e-09
8.99361e-11
2.41404e-09
-1.23551e-10
2.4527e-09
-3.23642e-10
2.51058e-09
-5.29593e-10
2.57434e-09
-6.73696e-10
2.63781e-09
-7.81026e-10
2.68906e-09
-7.63081e-10
2.72734e-09
-6.90002e-10
2.7558e-09
-6.07589e-10
2.77682e-09
-5.20636e-10
2.79241e-09
-4.34407e-10
2.80426e-09
-3.53213e-10
2.81372e-09
-2.80405e-10
2.82182e-09
-2.18354e-10
2.82934e-09
-1.68502e-10
2.83689e-09
-1.31418e-10
2.84487e-09
-1.0684e-10
2.85359e-09
-9.37417e-11
2.86323e-09
-9.04198e-11
2.87388e-09
-9.4645e-11
2.88554e-09
-1.03858e-10
2.89812e-09
-1.15354e-10
2.9114e-09
-1.26468e-10
2.92505e-09
-1.34807e-10
2.93873e-09
-1.38057e-10
2.95188e-09
-1.35482e-10
2.96402e-09
-1.2653e-10
2.97473e-09
-1.11097e-10
2.98356e-09
-8.99845e-11
2.99007e-09
-6.43579e-11
2.99389e-09
-3.58033e-11
2.99481e-09
-6.20065e-12
2.9928e-09
2.25877e-11
2.98794e-09
4.89031e-11
2.98046e-09
7.14278e-11
2.97072e-09
8.92282e-11
2.95921e-09
1.01818e-10
2.94645e-09
1.09075e-10
1.11848e-10
1.7074e-09
6.49196e-12
1.73108e-09
2.1951e-11
1.76974e-09
3.74374e-11
1.8201e-09
5.00022e-11
1.87924e-09
6.01728e-11
1.9442e-09
6.80995e-11
2.01213e-09
7.37999e-11
2.08066e-09
7.75745e-11
2.14791e-09
7.98411e-11
2.21245e-09
8.09929e-11
2.27335e-09
8.14198e-11
2.33e-09
8.14634e-11
2.38208e-09
8.13958e-11
2.42948e-09
8.14779e-11
2.47239e-09
8.19914e-11
2.51104e-09
8.31119e-11
2.5456e-09
8.49028e-11
2.57642e-09
8.75414e-11
2.60382e-09
9.1164e-11
2.62801e-09
9.58485e-11
2.64935e-09
1.0175e-10
2.668e-09
1.08885e-10
2.68421e-09
1.17416e-10
2.69808e-09
1.27434e-10
2.70971e-09
1.39026e-10
2.7191e-09
1.52291e-10
2.72618e-09
1.67336e-10
2.73086e-09
1.84285e-10
2.73291e-09
2.03278e-10
2.73209e-09
2.24467e-10
2.72812e-09
2.47934e-10
2.72064e-09
2.73912e-10
2.70914e-09
3.02917e-10
2.69322e-09
3.46678e-10
2.6707e-09
3.07646e-10
2.64083e-09
1.63451e-10
2.61096e-09
5.71386e-12
2.5886e-09
-1.49856e-10
2.57599e-09
-2.97812e-10
2.57192e-09
-4.27854e-10
2.5752e-09
-5.52319e-10
2.58623e-09
-6.05467e-10
2.60612e-09
-6.19591e-10
2.62827e-09
-5.94937e-10
2.64953e-09
-5.45313e-10
2.66923e-09
-4.95753e-10
2.68735e-09
-4.50413e-10
2.70408e-09
-3.93444e-10
2.71955e-09
-3.47717e-10
2.73317e-09
-2.95113e-10
2.74646e-09
-2.42881e-10
2.75912e-09
-1.92546e-10
2.77288e-09
-1.33512e-10
2.78716e-09
-8.16134e-11
2.80395e-09
-1.79141e-11
2.82279e-09
4.13765e-11
2.8448e-09
1.05258e-10
2.87021e-09
1.76247e-10
2.8981e-09
2.33734e-10
2.93015e-09
3.16498e-10
2.96405e-09
3.71595e-10
2.99957e-09
4.38594e-10
3.03565e-09
4.93687e-10
3.06946e-09
5.41589e-10
3.1009e-09
5.88605e-10
3.12765e-09
6.17511e-10
3.14979e-09
6.48517e-10
3.16499e-09
6.6171e-10
3.17363e-09
6.72841e-10
3.17445e-09
6.74565e-10
3.16771e-09
6.66177e-10
3.15341e-09
6.59412e-10
3.1324e-09
6.37658e-10
3.10476e-09
6.17077e-10
3.07087e-09
5.93453e-10
3.03156e-09
5.63111e-10
2.98729e-09
5.32977e-10
2.93899e-09
5.01011e-10
2.8871e-09
4.6758e-10
2.83183e-09
4.34321e-10
2.77337e-09
4.03284e-10
2.71251e-09
3.71997e-10
2.6499e-09
3.42475e-10
2.58615e-09
3.15114e-10
2.52206e-09
2.89203e-10
2.45801e-09
2.67437e-10
2.39442e-09
2.49212e-10
2.33267e-09
2.29738e-10
2.27256e-09
2.16103e-10
2.21517e-09
2.02481e-10
2.16096e-09
1.87329e-10
2.11057e-09
1.7252e-10
2.06353e-09
1.579e-10
2.02192e-09
1.33747e-10
1.98436e-09
1.13158e-10
1.95408e-09
7.73936e-11
1.92978e-09
4.52524e-11
1.91474e-09
-2.28465e-12
1.90794e-09
-4.60428e-11
1.91307e-09
-1.06097e-10
1.92779e-09
-1.58342e-10
1.95465e-09
-2.22264e-10
1.99145e-09
-2.80509e-10
2.03799e-09
-3.39631e-10
2.09294e-09
-3.98656e-10
2.15381e-09
-4.48314e-10
2.21909e-09
-4.97675e-10
2.28632e-09
-5.36529e-10
2.35305e-09
-5.68714e-10
2.41801e-09
-5.94172e-10
2.47877e-09
-6.09594e-10
2.53468e-09
-6.18681e-10
2.58428e-09
-6.19992e-10
2.6272e-09
-6.12236e-10
2.66333e-09
-6.03354e-10
2.69265e-09
-5.84224e-10
2.71561e-09
-5.62898e-10
2.73291e-09
-5.39636e-10
2.74511e-09
-5.11344e-10
2.75295e-09
-4.82795e-10
2.75734e-09
-4.54802e-10
2.75893e-09
-4.24207e-10
2.75883e-09
-3.95599e-10
2.75743e-09
-3.68603e-10
2.75527e-09
-3.41676e-10
2.75291e-09
-3.16932e-10
2.75073e-09
-2.93884e-10
2.74907e-09
-2.7272e-10
2.74803e-09
-2.54287e-10
2.74755e-09
-2.37894e-10
2.74804e-09
-2.21058e-10
2.74917e-09
-2.06994e-10
2.75113e-09
-1.981e-10
2.7534e-09
-1.81161e-10
2.75654e-09
-1.72773e-10
2.7597e-09
-1.60992e-10
2.76421e-09
-1.43307e-10
2.76858e-09
-1.2953e-10
2.77424e-09
-1.09368e-10
2.78038e-09
-8.38971e-11
2.78809e-09
-5.67623e-11
2.79707e-09
-1.74517e-11
2.80848e-09
2.32652e-11
2.82169e-09
7.47186e-11
2.83859e-09
1.34678e-10
2.8572e-09
1.93884e-10
2.88032e-09
2.73278e-10
2.90515e-09
3.43439e-10
2.93277e-09
4.17454e-10
2.96003e-09
5.00974e-10
2.98614e-09
5.63572e-10
3.00975e-09
6.48981e-10
3.02903e-09
6.98403e-10
3.04156e-09
7.68346e-10
3.04514e-09
8.04921e-10
3.03685e-09
8.56358e-10
3.01549e-09
8.7525e-10
2.98417e-09
8.70007e-10
2.9612e-09
7.56634e-10
2.93913e-09
6.52775e-10
2.93403e-09
3.18581e-10
2.94286e-09
8.11255e-11
2.96357e-09
-1.44232e-10
2.99419e-09
-3.54249e-10
3.03497e-09
-5.70359e-10
3.07428e-09
-7.12987e-10
3.10712e-09
-8.13835e-10
3.12896e-09
-7.84883e-10
3.14118e-09
-7.02179e-10
3.14646e-09
-6.12845e-10
3.14684e-09
-5.20994e-10
3.1441e-09
-4.31648e-10
3.13978e-09
-3.48884e-10
3.13507e-09
-2.75698e-10
3.13082e-09
-2.14115e-10
3.12762e-09
-1.6531e-10
3.12581e-09
-1.2962e-10
3.12555e-09
-1.06591e-10
3.12683e-09
-9.50339e-11
3.12951e-09
-9.31077e-11
3.13334e-09
-9.84857e-11
3.13806e-09
-1.08583e-10
3.14337e-09
-1.20667e-10
3.14893e-09
-1.32024e-10
3.15435e-09
-1.40226e-10
3.1595e-09
-1.43207e-10
3.16394e-09
-1.39942e-10
3.16747e-09
-1.30062e-10
3.17e-09
-1.13622e-10
3.17131e-09
-9.12838e-11
3.17122e-09
-6.42532e-11
3.16959e-09
-3.4177e-11
3.16643e-09
-3.03838e-12
3.16176e-09
2.72642e-11
3.1556e-09
5.50648e-11
3.14804e-09
7.89855e-11
3.13924e-09
9.80224e-11
3.12944e-09
1.11616e-10
3.11887e-09
1.19652e-10
1.22508e-10
1.70625e-09
2.96608e-13
1.72716e-09
1.06342e-12
1.76218e-09
2.41787e-12
1.80812e-09
4.02694e-12
1.86258e-09
5.67412e-12
1.92326e-09
7.39995e-12
1.98774e-09
9.31496e-12
2.05385e-09
1.14669e-11
2.11983e-09
1.38689e-11
2.18429e-09
1.65346e-11
2.24622e-09
1.94851e-11
2.30495e-09
2.27378e-11
2.36003e-09
2.63163e-11
2.41124e-09
3.02675e-11
2.45856e-09
3.4661e-11
2.50213e-09
3.95414e-11
2.54209e-09
4.4947e-11
2.57864e-09
5.09883e-11
2.61203e-09
5.77785e-11
2.64246e-09
6.54077e-11
2.67023e-09
7.39848e-11
2.69551e-09
8.36062e-11
2.7185e-09
9.44176e-11
2.73938e-09
1.06552e-10
2.75827e-09
1.20137e-10
2.77524e-09
1.35321e-10
2.79031e-09
1.52265e-10
2.80345e-09
1.71145e-10
2.81456e-09
1.92164e-10
2.82347e-09
2.15561e-10
2.83005e-09
2.41347e-10
2.83409e-09
2.69874e-10
2.8352e-09
3.01813e-10
2.83361e-09
3.4827e-10
2.82465e-09
3.16614e-10
2.80348e-09
1.84615e-10
2.7771e-09
3.20885e-11
2.75352e-09
-1.26282e-10
2.73521e-09
-2.79519e-10
2.72138e-09
-4.14041e-10
2.71126e-09
-5.42227e-10
2.70761e-09
-6.01825e-10
2.71251e-09
-6.24488e-10
2.71954e-09
-6.01955e-10
2.72587e-09
-5.5162e-10
2.73086e-09
-5.00733e-10
2.73454e-09
-4.54089e-10
2.73739e-09
-3.96289e-10
2.7393e-09
-3.49645e-10
2.7405e-09
-2.96326e-10
2.74221e-09
-2.44608e-10
2.74436e-09
-1.9471e-10
2.74897e-09
-1.38139e-10
2.75548e-09
-8.81364e-11
2.76615e-09
-2.85941e-11
2.78058e-09
2.69429e-11
2.80004e-09
8.57978e-11
2.82509e-09
1.51202e-10
2.85477e-09
2.0408e-10
2.89133e-09
2.79967e-10
2.9321e-09
3.30847e-10
2.97714e-09
3.93589e-10
3.02508e-09
4.45787e-10
3.07415e-09
4.92571e-10
3.12489e-09
5.37873e-10
3.17444e-09
5.67958e-10
3.22343e-09
5.99504e-10
3.26892e-09
6.16174e-10
3.31105e-09
6.30663e-10
3.3477e-09
6.37866e-10
3.378e-09
6.35815e-10
3.40125e-09
6.36096e-10
3.41744e-09
6.21408e-10
3.42697e-09
6.07486e-10
3.42973e-09
5.90657e-10
3.42579e-09
5.67021e-10
3.41538e-09
5.43391e-10
3.39915e-09
5.17253e-10
3.37781e-09
4.88944e-10
3.35057e-09
4.61586e-10
3.31791e-09
4.35959e-10
3.28043e-09
4.0952e-10
3.23881e-09
3.84144e-10
3.19379e-09
3.60161e-10
3.14612e-09
3.36913e-10
3.09626e-09
3.17324e-10
3.04473e-09
3.00761e-10
2.99293e-09
2.81553e-10
2.94101e-09
2.68037e-10
2.89051e-09
2.52994e-10
2.84196e-09
2.3589e-10
2.7967e-09
2.1779e-10
2.75437e-09
2.00235e-10
2.71702e-09
1.71111e-10
2.68345e-09
1.46732e-10
2.65638e-09
1.04467e-10
2.63447e-09
6.71666e-11
2.62084e-09
1.13514e-11
2.61372e-09
-3.8915e-11
2.61655e-09
-1.08923e-10
2.6271e-09
-1.68891e-10
2.64751e-09
-2.4267e-10
2.67549e-09
-3.08483e-10
2.71091e-09
-3.75042e-10
2.75189e-09
-4.39629e-10
2.79643e-09
-4.92848e-10
2.84242e-09
-5.43664e-10
2.88798e-09
-5.82083e-10
2.93053e-09
-6.11254e-10
2.96921e-09
-6.32852e-10
3.00174e-09
-6.4213e-10
3.02798e-09
-6.44917e-10
3.04675e-09
-6.38766e-10
3.05842e-09
-6.23905e-10
3.0631e-09
-6.08037e-10
3.06158e-09
-5.82702e-10
3.05452e-09
-5.55846e-10
3.04278e-09
-5.27912e-10
3.02719e-09
-4.95771e-10
3.00865e-09
-4.64268e-10
2.98831e-09
-4.34471e-10
2.96705e-09
-4.02959e-10
2.94577e-09
-3.74304e-10
2.92456e-09
-3.4738e-10
2.9042e-09
-3.21296e-10
2.88522e-09
-2.97931e-10
2.86779e-09
-2.76413e-10
2.85198e-09
-2.56878e-10
2.83773e-09
-2.39995e-10
2.8249e-09
-2.25026e-10
2.81391e-09
-2.10045e-10
2.80424e-09
-1.97314e-10
2.79587e-09
-1.89731e-10
2.78871e-09
-1.74009e-10
2.78292e-09
-1.66985e-10
2.77768e-09
-1.55759e-10
2.77453e-09
-1.4016e-10
2.77185e-09
-1.26858e-10
2.77122e-09
-1.08738e-10
2.77193e-09
-8.46172e-11
2.77512e-09
-5.99499e-11
2.78076e-09
-2.30838e-11
2.79004e-09
1.39851e-11
2.80264e-09
6.21276e-11
2.82065e-09
1.16665e-10
2.84225e-09
1.72273e-10
2.87076e-09
2.44748e-10
2.90297e-09
3.11208e-10
2.94034e-09
3.80071e-10
2.98166e-09
4.59666e-10
3.02599e-09
5.19255e-10
3.07279e-09
6.02189e-10
3.11871e-09
6.52504e-10
3.16186e-09
7.25215e-10
3.2e-09
7.66786e-10
3.23067e-09
8.25665e-10
3.25123e-09
8.54664e-10
3.26415e-09
8.57078e-10
3.28482e-09
7.35953e-10
3.30471e-09
6.32872e-10
3.3244e-09
2.98888e-10
3.34782e-09
5.7712e-11
3.3726e-09
-1.68994e-10
3.39906e-09
-3.80705e-10
3.42617e-09
-5.97469e-10
3.44509e-09
-7.31902e-10
3.45206e-09
-8.208e-10
3.44944e-09
-7.8224e-10
3.44033e-09
-6.93035e-10
3.42658e-09
-5.99073e-10
3.40988e-09
-5.04272e-10
3.39201e-09
-4.13771e-10
3.37443e-09
-3.31295e-10
3.35805e-09
-2.59323e-10
3.34346e-09
-1.99529e-10
3.33101e-09
-1.52865e-10
3.32082e-09
-1.1944e-10
3.31282e-09
-9.86044e-11
3.30678e-09
-8.90018e-11
3.30228e-09
-8.86117e-11
3.29878e-09
-9.50014e-11
3.29573e-09
-1.05534e-10
3.29259e-09
-1.17538e-10
3.28903e-09
-1.28467e-10
3.28489e-09
-1.36082e-10
3.28038e-09
-1.38694e-10
3.27568e-09
-1.35248e-10
3.27063e-09
-1.2502e-10
3.26493e-09
-1.07919e-10
3.25843e-09
-8.47823e-11
3.25128e-09
-5.70983e-11
3.24393e-09
-2.68261e-11
3.23665e-09
4.2455e-12
3.22939e-09
3.45266e-11
3.22209e-09
6.23683e-11
3.21471e-09
8.63562e-11
3.20726e-09
1.05477e-10
3.19971e-09
1.19164e-10
3.192e-09
1.27358e-10
1.29849e-10
1.70612e-09
-5.77263e-12
1.7268e-09
-1.95808e-11
1.76143e-09
-3.22247e-11
1.80693e-09
-4.14996e-11
1.86091e-09
-4.83465e-11
1.92113e-09
-5.28359e-11
1.98519e-09
-5.47579e-11
2.05097e-09
-5.43101e-11
2.11672e-09
-5.18747e-11
2.18107e-09
-4.7812e-11
2.24301e-09
-4.24613e-11
2.30189e-09
-3.61349e-11
2.35727e-09
-2.90648e-11
2.40894e-09
-2.14066e-11
2.45688e-09
-1.32834e-11
2.50124e-09
-4.81128e-12
2.54219e-09
3.99271e-12
2.57995e-09
1.32232e-11
2.61477e-09
2.29586e-11
2.64691e-09
3.327e-11
2.67665e-09
4.42432e-11
2.70424e-09
5.60143e-11
2.7299e-09
6.87531e-11
2.75385e-09
8.25993e-11
2.77627e-09
9.77146e-11
2.7973e-09
1.1429e-10
2.81704e-09
1.32528e-10
2.83554e-09
1.52642e-10
2.85285e-09
1.74854e-10
2.86904e-09
1.99369e-10
2.88368e-09
2.26708e-10
2.89644e-09
2.57117e-10
2.90768e-09
2.90574e-10
2.91827e-09
3.3769e-10
2.92132e-09
3.1356e-10
2.9087e-09
1.9724e-10
2.88667e-09
5.4117e-11
2.86324e-09
-1.02863e-10
2.84091e-09
-2.57197e-10
2.81918e-09
-3.92327e-10
2.79764e-09
-5.207e-10
2.78091e-09
-5.85108e-10
2.77182e-09
-6.15401e-10
2.76438e-09
-5.94517e-10
2.75619e-09
-5.43421e-10
2.74673e-09
-4.91262e-10
2.73605e-09
-4.43403e-10
2.72495e-09
-3.85195e-10
2.71332e-09
-3.38023e-10
2.70184e-09
-2.8486e-10
2.69177e-09
-2.3455e-10
2.68319e-09
-1.86142e-10
2.67832e-09
-1.33282e-10
2.67664e-09
-8.64556e-11
2.68054e-09
-3.24987e-11
2.68964e-09
1.78457e-11
2.70526e-09
7.01831e-11
2.72814e-09
1.28337e-10
2.75718e-09
1.75063e-10
2.79504e-09
2.4213e-10
2.83881e-09
2.87111e-10
2.88922e-09
3.4322e-10
2.94533e-09
3.89714e-10
3.00512e-09
4.32821e-10
3.06864e-09
4.74356e-10
3.13252e-09
5.04084e-10
3.19757e-09
5.34468e-10
3.26073e-09
5.53011e-10
3.32283e-09
5.6853e-10
3.38326e-09
5.77407e-10
3.44145e-09
5.77595e-10
3.49542e-09
5.82083e-10
3.54351e-09
5.73276e-10
3.58589e-09
5.65065e-10
3.62233e-09
5.54192e-10
3.65257e-09
5.36788e-10
3.67603e-09
5.19941e-10
3.69264e-09
5.00659e-10
3.70255e-09
4.79048e-10
3.70664e-09
4.57505e-10
3.70473e-09
4.37888e-10
3.69664e-09
4.17635e-10
3.68304e-09
3.9776e-10
3.66476e-09
3.78469e-10
3.64235e-09
3.59345e-10
3.61618e-09
3.43506e-10
3.58674e-09
3.30212e-10
3.55516e-09
3.1314e-10
3.52167e-09
3.01528e-10
3.48793e-09
2.8674e-10
3.45439e-09
2.69429e-10
3.42291e-09
2.4927e-10
3.39319e-09
2.29956e-10
3.36705e-09
1.97266e-10
3.34366e-09
1.70126e-10
3.32504e-09
1.23092e-10
3.3101e-09
8.21102e-11
3.30085e-09
2.0605e-11
3.29595e-09
-3.40099e-11
3.29758e-09
-1.10549e-10
3.30386e-09
-1.75164e-10
3.3162e-09
-2.55004e-10
3.3324e-09
-3.24677e-10
3.35241e-09
-3.95044e-10
3.37399e-09
-4.61203e-10
3.39597e-09
-5.14815e-10
3.41591e-09
-5.63595e-10
3.43286e-09
-5.9903e-10
3.44439e-09
-6.2278e-10
3.45022e-09
-6.38674e-10
3.44849e-09
-6.40405e-10
3.43979e-09
-6.36217e-10
3.42355e-09
-6.22529e-10
3.40115e-09
-6.01511e-10
3.37278e-09
-5.79666e-10
3.33958e-09
-5.49505e-10
3.30207e-09
-5.18342e-10
3.26135e-09
-4.87198e-10
3.21875e-09
-4.53186e-10
3.17551e-09
-4.21037e-10
3.13275e-09
-3.91729e-10
3.09124e-09
-3.61454e-10
3.05135e-09
-3.34416e-10
3.01345e-09
-3.0948e-10
2.97823e-09
-2.86059e-10
2.94561e-09
-2.65298e-10
2.91548e-09
-2.46252e-10
2.88774e-09
-2.29107e-10
2.86225e-09
-2.14468e-10
2.83893e-09
-2.01669e-10
2.81815e-09
-1.89233e-10
2.79925e-09
-1.78394e-10
2.78213e-09
-1.72595e-10
2.76686e-09
-1.58742e-10
2.75333e-09
-1.53457e-10
2.74083e-09
-1.43266e-10
2.73092e-09
-1.30253e-10
2.722e-09
-1.1794e-10
2.71565e-09
-1.02386e-10
2.71133e-09
-8.02944e-11
2.71011e-09
-5.87252e-11
2.71222e-09
-2.51869e-11
2.71882e-09
7.39141e-12
2.72986e-09
5.11024e-11
2.74749e-09
9.9039e-11
2.77009e-09
1.49675e-10
2.80129e-09
2.13552e-10
2.83817e-09
2.74323e-10
2.88248e-09
3.35762e-10
2.93321e-09
4.08945e-10
2.98898e-09
4.63486e-10
3.04958e-09
5.41604e-10
3.11182e-09
5.90289e-10
3.17573e-09
6.61317e-10
3.23934e-09
7.03203e-10
3.30068e-09
7.64318e-10
3.3558e-09
7.99548e-10
3.40708e-09
8.05803e-10
3.46558e-09
6.77452e-10
3.52231e-09
5.76136e-10
3.56477e-09
2.56448e-10
3.60167e-09
2.0815e-11
3.63243e-09
-1.99748e-10
3.65709e-09
-4.0538e-10
3.67369e-09
-6.14083e-10
3.6763e-09
-7.3452e-10
3.662e-09
-8.06504e-10
3.6384e-09
-7.58641e-10
3.61034e-09
-6.64959e-10
3.58044e-09
-5.69154e-10
3.55054e-09
-4.74368e-10
3.52134e-09
-3.84559e-10
3.49332e-09
-3.03269e-10
3.46732e-09
-2.33319e-10
3.44403e-09
-1.76245e-10
3.42369e-09
-1.32529e-10
3.40622e-09
-1.0198e-10
3.39136e-09
-8.37504e-11
3.37863e-09
-7.62806e-11
3.36735e-09
-7.73356e-11
3.35678e-09
-8.44437e-11
3.34629e-09
-9.50464e-11
3.33531e-09
-1.06557e-10
3.32341e-09
-1.16576e-10
3.31048e-09
-1.23145e-10
3.29659e-09
-1.24808e-10
3.28191e-09
-1.20573e-10
3.26683e-09
-1.09944e-10
3.25202e-09
-9.31143e-11
3.23812e-09
-7.0883e-11
3.22554e-09
-4.45123e-11
3.21422e-09
-1.55127e-11
3.20405e-09
1.44219e-11
3.19511e-09
4.34596e-11
3.18748e-09
7.00071e-11
3.18106e-09
9.27751e-11
3.17569e-09
1.10839e-10
3.17118e-09
1.23679e-10
3.16746e-09
1.31073e-10
1.32687e-10
1.70709e-09
-1.28052e-11
1.72991e-09
-4.23739e-11
1.76735e-09
-6.96691e-11
1.81629e-09
-9.04697e-11
1.87395e-09
-1.06047e-10
1.93751e-09
-1.16418e-10
2.00426e-09
-1.21506e-10
2.07189e-09
-1.21937e-10
2.13859e-09
-1.18573e-10
2.20298e-09
-1.12204e-10
2.26413e-09
-1.03606e-10
2.32147e-09
-9.34827e-11
2.37474e-09
-8.23318e-11
2.42384e-09
-7.05017e-11
2.46886e-09
-5.83106e-11
2.51014e-09
-4.60864e-11
2.54799e-09
-3.3863e-11
2.5827e-09
-2.14873e-11
2.61461e-09
-8.95661e-12
2.64412e-09
3.76608e-12
2.6716e-09
1.67617e-11
2.69737e-09
3.02401e-11
2.72172e-09
4.44005e-11
2.74495e-09
5.93692e-11
2.7673e-09
7.53625e-11
2.78897e-09
9.2617e-11
2.81013e-09
1.11373e-10
2.83088e-09
1.31884e-10
2.85132e-09
1.54417e-10
2.87144e-09
1.79255e-10
2.89135e-09
2.06792e-10
2.91114e-09
2.3733e-10
2.93068e-09
2.71037e-10
2.95105e-09
3.17321e-10
2.96408e-09
3.00535e-10
2.95911e-09
2.02204e-10
2.94149e-09
7.17377e-11
2.91878e-09
-8.01503e-11
2.89326e-09
-2.3169e-10
2.86466e-09
-3.63735e-10
2.83275e-09
-4.88795e-10
2.80386e-09
-5.56227e-10
2.78101e-09
-5.9257e-10
2.75893e-09
-5.72439e-10
2.73589e-09
-5.20377e-10
2.71151e-09
-4.6688e-10
2.68597e-09
-4.17859e-10
2.66053e-09
-3.59753e-10
2.6351e-09
-3.126e-10
2.61081e-09
-2.60582e-10
2.589e-09
-2.12749e-10
2.56991e-09
-1.67057e-10
2.55584e-09
-1.19213e-10
2.54627e-09
-7.68817e-11
2.5436e-09
-2.9822e-11
2.54744e-09
1.40223e-11
2.55898e-09
5.86513e-11
2.57907e-09
1.08268e-10
2.60642e-09
1.47736e-10
2.64395e-09
2.04625e-10
2.68849e-09
2.42589e-10
2.74108e-09
2.90668e-10
2.80076e-09
3.30067e-10
2.86588e-09
3.67731e-10
2.93678e-09
4.03473e-10
3.01027e-09
4.30611e-10
3.08732e-09
4.57433e-10
3.16493e-09
4.75415e-10
3.24291e-09
4.90545e-10
3.31883e-09
5.01475e-10
3.39288e-09
5.03527e-10
3.46518e-09
5.09775e-10
3.53363e-09
5.04816e-10
3.59875e-09
4.99932e-10
3.66082e-09
4.92121e-10
3.71815e-09
4.79485e-10
3.76987e-09
4.68251e-10
3.81612e-09
4.54431e-10
3.85535e-09
4.39826e-10
3.88912e-09
4.23744e-10
3.91708e-09
4.09949e-10
3.94001e-09
3.94712e-10
3.95735e-09
3.8043e-10
3.96866e-09
3.67175e-10
3.97486e-09
3.5316e-10
3.97674e-09
3.41632e-10
3.97473e-09
3.32218e-10
3.96959e-09
3.18275e-10
3.96139e-09
3.09709e-10
3.95148e-09
2.96634e-10
3.94008e-09
2.8082e-10
3.92915e-09
2.60192e-10
3.91834e-09
2.40763e-10
3.90896e-09
2.06644e-10
3.90068e-09
1.78414e-10
3.8946e-09
1.29178e-10
3.88998e-09
8.67345e-11
3.88766e-09
2.29227e-11
3.88665e-09
-3.29931e-11
3.88774e-09
-1.1164e-10
3.88954e-09
-1.76962e-10
3.89251e-09
-2.57962e-10
3.8947e-09
-3.26865e-10
3.89613e-09
-3.96464e-10
3.89445e-09
-4.59521e-10
3.88971e-09
-5.10065e-10
3.87959e-09
-5.53467e-10
3.86405e-09
-5.83486e-10
3.84045e-09
-5.99175e-10
3.80917e-09
-6.07393e-10
3.76996e-09
-6.01187e-10
3.72441e-09
-5.90673e-10
3.67232e-09
-5.70442e-10
3.6154e-09
-5.44605e-10
3.55404e-09
-5.18312e-10
3.49056e-09
-4.86028e-10
3.42605e-09
-4.53842e-10
3.36144e-09
-4.22587e-10
3.298e-09
-3.89755e-10
3.23665e-09
-3.59693e-10
3.17786e-09
-3.32944e-10
3.12186e-09
-3.05467e-10
3.06883e-09
-2.81394e-10
3.01891e-09
-2.59557e-10
2.9722e-09
-2.39338e-10
2.92869e-09
-2.21776e-10
2.88829e-09
-2.05834e-10
2.85114e-09
-1.91926e-10
2.81725e-09
-1.80546e-10
2.78626e-09
-1.70639e-10
2.75822e-09
-1.6116e-10
2.73241e-09
-1.52559e-10
2.70863e-09
-1.48797e-10
2.68714e-09
-1.37237e-10
2.66757e-09
-1.33876e-10
2.64935e-09
-1.25049e-10
2.63397e-09
-1.14868e-10
2.61993e-09
-1.03894e-10
2.60873e-09
-9.1183e-11
2.60003e-09
-7.15934e-11
2.59481e-09
-5.34899e-11
2.59355e-09
-2.39153e-11
2.59731e-09
3.64721e-12
2.60633e-09
4.21019e-11
2.6227e-09
8.26808e-11
2.64508e-09
1.27309e-10
2.67715e-09
1.81488e-10
2.71635e-09
2.35136e-10
2.76437e-09
2.87739e-10
2.82072e-09
3.52603e-10
2.88391e-09
4.00305e-10
2.95492e-09
4.70612e-10
3.0305e-09
5.14731e-10
3.11058e-09
5.81258e-10
3.19138e-09
6.22415e-10
3.27287e-09
6.82852e-10
3.3507e-09
7.21748e-10
3.4273e-09
7.29213e-10
3.51228e-09
5.92472e-10
3.59815e-09
4.90305e-10
3.66066e-09
1.93931e-10
3.70976e-09
-2.82884e-11
3.74642e-09
-2.36405e-10
3.76943e-09
-4.28418e-10
3.77712e-09
-6.21792e-10
3.76549e-09
-7.22911e-10
3.7329e-09
-7.73927e-10
3.69201e-09
-7.17759e-10
3.6488e-09
-6.21749e-10
3.6047e-09
-5.25044e-10
3.56128e-09
-4.30949e-10
3.52004e-09
-3.4332e-10
3.48198e-09
-2.65206e-10
3.44748e-09
-1.98812e-10
3.41678e-09
-1.45545e-10
3.39004e-09
-1.05793e-10
3.36698e-09
-7.89206e-11
3.34684e-09
-6.36076e-11
3.32862e-09
-5.80703e-11
3.31141e-09
-6.01245e-11
3.29435e-09
-6.73885e-11
3.27672e-09
-7.74149e-11
3.25801e-09
-8.78531e-11
3.23809e-09
-9.66584e-11
3.21706e-09
-1.02122e-10
3.19521e-09
-1.02956e-10
3.17299e-09
-9.83557e-11
3.15104e-09
-8.79989e-11
3.13006e-09
-7.21379e-11
3.11074e-09
-5.15642e-11
3.09366e-09
-2.74334e-11
3.07923e-09
-1.09067e-12
3.06768e-09
2.59711e-11
3.05897e-09
5.21633e-11
3.05295e-09
7.60359e-11
3.0493e-09
9.64228e-11
3.04762e-09
1.12516e-10
3.0474e-09
1.23899e-10
3.04809e-09
1.30385e-10
1.31355e-10
1.7091e-09
-2.18572e-11
1.73717e-09
-7.03995e-11
1.78169e-09
-1.14188e-10
1.83876e-09
-1.47574e-10
1.90435e-09
-1.71673e-10
1.97451e-09
-1.86604e-10
2.04591e-09
-1.92913e-10
2.11602e-09
-1.92042e-10
2.18299e-09
-1.85536e-10
2.24554e-09
-1.74755e-10
2.30303e-09
-1.61097e-10
2.35531e-09
-1.45761e-10
2.40242e-09
-1.29449e-10
2.44456e-09
-1.12642e-10
2.48209e-09
-9.58405e-11
2.51573e-09
-7.97222e-11
2.54601e-09
-6.41449e-11
2.57325e-09
-4.87326e-11
2.59805e-09
-3.37487e-11
2.62095e-09
-1.91357e-11
2.64235e-09
-4.64756e-12
2.66271e-09
9.88654e-12
2.68247e-09
2.46363e-11
2.70194e-09
3.98969e-11
2.72139e-09
5.59174e-11
2.74105e-09
7.29541e-11
2.76114e-09
9.12814e-11
2.78184e-09
1.11184e-10
2.8033e-09
1.32957e-10
2.82565e-09
1.56905e-10
2.84906e-09
1.83382e-10
2.87366e-09
2.12729e-10
2.89943e-09
2.4527e-10
2.92757e-09
2.89187e-10
2.94879e-09
2.79314e-10
2.95086e-09
2.00133e-10
2.9378e-09
8.48018e-11
2.9161e-09
-5.84477e-11
2.88781e-09
-2.03409e-10
2.85304e-09
-3.28969e-10
2.81163e-09
-4.47397e-10
2.77014e-09
-5.14746e-10
2.73204e-09
-5.54483e-10
2.69381e-09
-5.34218e-10
2.65447e-09
-4.81035e-10
2.61389e-09
-4.26305e-10
2.57248e-09
-3.76447e-10
2.53205e-09
-3.1932e-10
2.49264e-09
-2.73196e-10
2.45584e-09
-2.23778e-10
2.42296e-09
-1.79866e-10
2.39435e-09
-1.38445e-10
2.3722e-09
-9.70565e-11
2.35594e-09
-6.06056e-11
2.34778e-09
-2.16459e-11
2.34722e-09
1.45971e-11
2.3553e-09
5.05949e-11
2.37282e-09
9.07673e-11
2.39832e-09
1.22261e-10
2.43483e-09
1.6813e-10
2.47903e-09
1.9841e-10
2.53215e-09
2.37582e-10
2.59307e-09
2.69166e-10
2.66041e-09
3.00418e-10
2.73456e-09
3.29344e-10
2.81258e-09
3.52617e-10
2.89526e-09
3.74779e-10
2.97975e-09
3.90938e-10
3.06645e-09
4.03852e-10
3.15338e-09
4.14551e-10
3.2397e-09
4.1721e-10
3.32594e-09
4.23545e-10
3.41031e-09
4.20467e-10
3.49172e-09
4.18546e-10
3.56969e-09
4.14192e-10
3.64424e-09
4.04968e-10
3.71502e-09
3.97511e-10
3.78146e-09
3.88013e-10
3.84331e-09
3.77991e-10
3.90183e-09
3.65233e-10
3.95621e-09
3.55592e-10
4.00524e-09
3.4569e-10
4.04892e-09
3.36771e-10
4.08791e-09
3.28192e-10
4.12216e-09
3.18921e-10
4.15213e-09
3.1166e-10
4.17784e-09
3.06479e-10
4.19993e-09
2.96161e-10
4.21975e-09
2.89856e-10
4.23791e-09
2.78443e-10
4.25264e-09
2.66061e-10
4.26517e-09
2.47654e-10
4.27562e-09
2.30306e-10
4.28524e-09
1.97028e-10
4.29412e-09
1.69539e-10
4.30222e-09
1.21066e-10
4.30922e-09
7.97307e-11
4.31469e-09
1.7459e-11
4.31801e-09
-3.63221e-11
4.31848e-09
-1.12101e-10
4.31517e-09
-1.73659e-10
4.3075e-09
-2.50287e-10
4.2941e-09
-3.13457e-10
4.27495e-09
-3.7732e-10
4.2478e-09
-4.32362e-10
4.2134e-09
-4.75666e-10
4.16954e-09
-5.09606e-10
4.11785e-09
-5.31791e-10
4.05828e-09
-5.39602e-10
3.99296e-09
-5.42089e-10
3.921e-09
-5.29231e-10
3.84334e-09
-5.13004e-10
3.76113e-09
-4.88244e-10
3.67727e-09
-4.60748e-10
3.59182e-09
-4.32887e-10
3.50669e-09
-4.00906e-10
3.42252e-09
-3.6969e-10
3.34078e-09
-3.40847e-10
3.26293e-09
-3.1191e-10
3.18858e-09
-2.85346e-10
3.11755e-09
-2.61918e-10
3.05039e-09
-2.38305e-10
2.98758e-09
-2.18592e-10
2.92916e-09
-2.01139e-10
2.87514e-09
-1.853e-10
2.82528e-09
-1.71901e-10
2.77941e-09
-1.59951e-10
2.73737e-09
-1.49859e-10
2.69867e-09
-1.41808e-10
2.66291e-09
-1.34847e-10
2.63026e-09
-1.28472e-10
2.60002e-09
-1.22286e-10
2.57183e-09
-1.20575e-10
2.54609e-09
-1.11482e-10
2.52221e-09
-1.09978e-10
2.49983e-09
-1.02652e-10
2.48024e-09
-9.52746e-11
2.46218e-09
-8.58236e-11
2.447e-09
-7.59914e-11
2.43463e-09
-5.92058e-11
2.42587e-09
-4.47115e-11
2.42153e-09
-1.95527e-11
2.42248e-09
2.72264e-12
2.4293e-09
3.53034e-11
2.4439e-09
6.81e-11
2.4653e-09
1.05927e-10
2.49703e-09
1.49773e-10
2.53692e-09
1.95252e-10
2.58649e-09
2.38169e-10
2.64579e-09
2.93315e-10
2.71311e-09
3.32985e-10
2.79013e-09
3.93606e-10
2.8734e-09
4.31481e-10
2.96415e-09
4.90528e-10
3.05831e-09
5.28268e-10
3.15676e-09
5.84442e-10
3.25539e-09
6.23151e-10
3.35413e-09
6.30493e-10
3.4564e-09
4.90217e-10
3.5579e-09
3.88832e-10
3.62997e-09
1.21867e-10
3.68515e-09
-8.34698e-11
3.72361e-09
-2.7489e-10
3.74309e-09
-4.47918e-10
3.73943e-09
-6.18161e-10
3.71129e-09
-6.94793e-10
3.65889e-09
-7.21548e-10
3.59853e-09
-6.57412e-10
3.5376e-09
-5.60825e-10
3.47814e-09
-4.65595e-10
3.42193e-09
-3.74742e-10
3.37017e-09
-2.91559e-10
3.32359e-09
-2.18624e-10
3.28246e-09
-1.5768e-10
3.24654e-09
-1.09626e-10
3.21522e-09
-7.4466e-11
3.18765e-09
-5.13394e-11
3.1629e-09
-3.88605e-11
3.14013e-09
-3.5298e-11
3.11815e-09
-3.81413e-11
3.09605e-09
-4.52897e-11
3.0732e-09
-5.45665e-11
3.04923e-09
-6.38849e-11
3.02404e-09
-7.14754e-11
2.99785e-09
-7.59394e-11
2.97115e-09
-7.62516e-11
2.9446e-09
-7.1818e-11
2.91905e-09
-6.24453e-11
2.89531e-09
-4.84037e-11
2.87415e-09
-3.04124e-11
2.85621e-09
-9.49189e-12
2.84193e-09
1.31778e-11
2.83159e-09
3.63096e-11
2.82517e-09
5.85875e-11
2.82239e-09
7.88095e-11
2.8228e-09
9.60179e-11
2.82575e-09
1.09569e-10
2.83051e-09
1.19141e-10
2.83637e-09
1.24525e-10
1.25555e-10
1.71277e-09
-3.45756e-11
1.75072e-09
-1.08295e-10
1.80837e-09
-1.71837e-10
1.87889e-09
-2.18133e-10
1.95548e-09
-2.48292e-10
2.0329e-09
-2.64056e-10
2.10715e-09
-2.67166e-10
2.17589e-09
-2.60784e-10
2.23775e-09
-2.47392e-10
2.29198e-09
-2.28988e-10
2.33873e-09
-2.07844e-10
2.37886e-09
-1.85882e-10
2.41305e-09
-1.63642e-10
2.44194e-09
-1.41532e-10
2.46651e-09
-1.20415e-10
2.48708e-09
-1.00292e-10
2.50437e-09
-8.14335e-11
2.51974e-09
-6.41048e-11
2.53381e-09
-4.78252e-11
2.54701e-09
-3.23352e-11
2.55981e-09
-1.74417e-11
2.57264e-09
-2.95042e-12
2.58586e-09
1.14217e-11
2.59982e-09
2.59311e-11
2.61482e-09
4.09146e-11
2.63111e-09
5.66667e-11
2.6489e-09
7.34848e-11
2.66842e-09
9.1669e-11
2.68985e-09
1.11522e-10
2.7134e-09
1.33354e-10
2.73929e-09
1.57499e-10
2.76771e-09
1.84305e-10
2.79885e-09
2.1414e-10
2.83427e-09
2.53764e-10
2.86352e-09
2.50062e-10
2.87267e-09
1.90987e-10
2.86434e-09
9.31407e-11
2.84382e-09
-3.79335e-11
2.81275e-09
-1.72336e-10
2.77133e-09
-2.87559e-10
2.7192e-09
-3.95276e-10
2.66392e-09
-4.59475e-10
2.6089e-09
-4.99479e-10
2.55202e-09
-4.77353e-10
2.49406e-09
-4.23087e-10
2.43561e-09
-3.67861e-10
2.37748e-09
-3.18311e-10
2.32216e-09
-2.63999e-10
2.26974e-09
-2.20761e-10
2.22207e-09
-1.76104e-10
2.18023e-09
-1.38012e-10
2.14451e-09
-1.02714e-10
2.11671e-09
-6.92341e-11
2.09609e-09
-3.99612e-11
2.08446e-09
-9.98907e-12
2.08122e-09
1.78554e-11
2.08706e-09
4.47737e-11
2.10278e-09
7.50708e-11
2.12673e-09
9.83376e-11
2.16196e-09
1.32919e-10
2.20506e-09
1.55327e-10
2.25744e-09
1.85227e-10
2.31784e-09
2.0878e-10
2.38515e-09
2.33126e-10
2.45964e-09
2.5488e-10
2.53874e-09
2.73536e-10
2.62314e-09
2.90408e-10
2.71026e-09
3.03837e-10
2.80036e-09
3.13771e-10
2.89195e-09
3.22979e-10
2.98388e-09
3.25308e-10
3.07648e-09
3.30974e-10
3.1682e-09
3.28788e-10
3.25901e-09
3.27789e-10
3.34812e-09
3.25127e-10
3.43474e-09
3.18393e-10
3.51918e-09
3.13111e-10
3.60127e-09
3.05958e-10
3.67963e-09
2.99663e-10
3.75392e-09
2.90977e-10
3.82487e-09
2.84673e-10
3.89264e-09
2.77941e-10
3.95679e-09
2.72634e-10
4.0167e-09
2.68291e-10
4.07237e-09
2.63239e-10
4.12509e-09
2.5892e-10
4.1757e-09
2.55831e-10
4.22349e-09
2.48334e-10
4.26804e-09
2.45262e-10
4.30989e-09
2.36563e-10
4.34799e-09
2.27928e-10
4.38338e-09
2.12259e-10
4.41551e-09
1.98169e-10
4.44407e-09
1.68457e-10
4.4694e-09
1.44201e-10
4.49042e-09
1.00033e-10
4.50769e-09
6.24543e-11
4.51979e-09
5.3438e-12
4.52622e-09
-4.27567e-11
4.52473e-09
-1.10615e-10
4.51538e-09
-1.6432e-10
4.49646e-09
-2.31376e-10
4.46721e-09
-2.84211e-10
4.42786e-09
-3.37973e-10
4.37695e-09
-3.81451e-10
4.31649e-09
-4.15212e-10
4.24503e-09
-4.38153e-10
4.16478e-09
-4.51546e-10
4.07565e-09
-4.50476e-10
3.97966e-09
-4.46114e-10
3.87871e-09
-4.28291e-10
3.77582e-09
-4.10126e-10
3.67179e-09
-3.84217e-10
3.56805e-09
-3.57026e-10
3.46486e-09
-3.29706e-10
3.36486e-09
-3.00925e-10
3.26879e-09
-2.73631e-10
3.17722e-09
-2.49292e-10
3.09079e-09
-2.25495e-10
3.00955e-09
-2.04099e-10
2.93364e-09
-1.86017e-10
2.86322e-09
-1.67886e-10
2.79803e-09
-1.53399e-10
2.73766e-09
-1.40774e-10
2.68202e-09
-1.29649e-10
2.63074e-09
-1.20595e-10
2.5835e-09
-1.12689e-10
2.54e-09
-1.06329e-10
2.49972e-09
-1.01499e-10
2.46226e-09
-9.7347e-11
2.42767e-09
-9.38435e-11
2.39535e-09
-8.99256e-11
2.36478e-09
-8.99691e-11
2.33658e-09
-8.3256e-11
2.30991e-09
-8.32809e-11
2.28471e-09
-7.74308e-11
2.26205e-09
-7.25942e-11
2.24099e-09
-6.47406e-11
2.22266e-09
-5.76432e-11
2.20734e-09
-4.38651e-11
2.19562e-09
-3.29627e-11
2.18864e-09
-1.25526e-11
2.18703e-09
4.36582e-12
2.19174e-09
3.0614e-11
2.20437e-09
5.55021e-11
2.22437e-09
8.59411e-11
2.2549e-09
1.19257e-10
2.29434e-09
1.55831e-10
2.34383e-09
1.88683e-10
2.40399e-09
2.33152e-10
2.47288e-09
2.64101e-10
2.55285e-09
3.13652e-10
2.64012e-09
3.44226e-10
2.73685e-09
3.93814e-10
2.839e-09
4.26147e-10
2.94778e-09
4.75702e-10
3.0594e-09
5.11566e-10
3.17354e-09
5.16386e-10
3.28794e-09
3.75839e-10
3.39979e-09
2.77014e-10
3.47625e-09
4.541e-11
3.53012e-09
-1.37349e-10
3.56043e-09
-3.05211e-10
3.56584e-09
-4.53356e-10
3.5419e-09
-5.9425e-10
3.49081e-09
-6.43737e-10
3.41449e-09
-6.45257e-10
3.33236e-09
-5.75306e-10
3.25327e-09
-4.81751e-10
3.17912e-09
-3.91459e-10
3.11146e-09
-3.07093e-10
3.05123e-09
-2.31326e-10
2.99871e-09
-1.66106e-10
2.95365e-09
-1.12613e-10
2.91528e-09
-7.12432e-11
2.88245e-09
-4.16298e-11
2.85379e-09
-2.26676e-11
2.82802e-09
-1.30873e-11
2.80423e-09
-1.15e-11
2.78084e-09
-1.47484e-11
2.75706e-09
-2.15171e-11
2.7324e-09
-2.99059e-11
2.70665e-09
-3.81337e-11
2.6799e-09
-4.47326e-11
2.65255e-09
-4.85847e-11
2.62518e-09
-4.88893e-11
2.5986e-09
-4.52446e-11
2.57371e-09
-3.75562e-11
2.55135e-09
-2.60585e-11
2.53232e-09
-1.13819e-11
2.51721e-09
5.61405e-12
2.50645e-09
2.39384e-11
2.50022e-09
4.25378e-11
2.49843e-09
6.03706e-11
2.50073e-09
7.65118e-11
2.5065e-09
9.025e-11
2.51493e-09
1.01138e-10
2.52511e-09
1.08964e-10
2.53608e-09
1.13562e-10
1.15268e-10
1.71991e-09
-5.44277e-11
1.77532e-09
-1.63647e-10
1.85277e-09
-2.49275e-10
1.93888e-09
-3.04276e-10
2.02393e-09
-3.33395e-10
2.10177e-09
-3.41923e-10
2.16794e-09
-3.33349e-10
2.22263e-09
-3.15478e-10
2.2666e-09
-2.91353e-10
2.30066e-09
-2.63045e-10
2.32609e-09
-2.33279e-10
2.34361e-09
-2.0341e-10
2.35498e-09
-1.75002e-10
2.36238e-09
-1.48932e-10
2.36703e-09
-1.25067e-10
2.36998e-09
-1.03241e-10
2.37197e-09
-8.34236e-11
2.37348e-09
-6.56142e-11
2.37516e-09
-4.95063e-11
2.37755e-09
-3.47298e-11
2.38107e-09
-2.09577e-11
2.38601e-09
-7.89225e-12
2.39266e-09
4.77219e-12
2.40125e-09
1.73385e-11
2.41201e-09
3.01511e-11
2.42515e-09
4.35236e-11
2.44088e-09
5.77524e-11
2.45942e-09
7.3127e-11
2.48101e-09
8.99346e-11
2.50589e-09
1.08468e-10
2.53435e-09
1.2904e-10
2.56667e-09
1.51987e-10
2.60315e-09
1.77664e-10
2.64566e-09
2.11259e-10
2.68309e-09
2.12632e-10
2.70062e-09
1.73456e-10
2.69861e-09
9.51484e-11
2.68019e-09
-1.95148e-11
2.64642e-09
-1.38563e-10
2.59785e-09
-2.39e-10
2.53391e-09
-3.31349e-10
2.46243e-09
-3.8801e-10
2.38666e-09
-4.2372e-10
2.30809e-09
-3.9881e-10
2.22983e-09
-3.4484e-10
2.15339e-09
-2.91417e-10
2.07994e-09
-2.44861e-10
2.01247e-09
-1.96519e-10
1.95071e-09
-1.58986e-10
1.89645e-09
-1.21829e-10
1.85008e-09
-9.16217e-11
1.81162e-09
-6.42301e-11
1.78214e-09
-3.97258e-11
1.76068e-09
-1.84753e-11
1.74847e-09
2.24806e-12
1.74482e-09
2.15323e-11
1.75006e-09
3.9556e-11
1.76493e-09
6.02228e-11
1.78769e-09
7.55999e-11
1.8213e-09
9.93215e-11
1.86243e-09
1.14216e-10
1.91261e-09
1.3506e-10
1.9705e-09
1.50907e-10
2.03535e-09
1.68296e-10
2.10719e-09
1.83064e-10
2.18397e-09
1.96768e-10
2.26614e-09
2.08263e-10
2.3516e-09
2.18402e-10
2.44031e-09
2.25079e-10
2.53122e-09
2.32105e-10
2.6231e-09
2.33468e-10
2.71639e-09
2.37728e-10
2.80939e-09
2.35846e-10
2.90232e-09
2.34911e-10
2.99468e-09
2.32833e-10
3.08547e-09
2.27658e-10
3.17483e-09
2.23799e-10
3.26274e-09
2.18095e-10
3.34874e-09
2.13713e-10
3.43239e-09
2.0737e-10
3.51386e-09
2.03241e-10
3.59317e-09
1.98663e-10
3.67055e-09
1.95276e-10
3.74585e-09
1.92994e-10
3.8185e-09
1.90568e-10
3.88846e-09
1.88937e-10
3.95572e-09
1.88536e-10
4.0199e-09
1.84113e-10
4.08151e-09
1.83624e-10
4.14063e-09
1.77416e-10
4.19628e-09
1.72262e-10
4.2486e-09
1.59914e-10
4.29702e-09
1.49738e-10
4.34017e-09
1.25285e-10
4.37867e-09
1.05672e-10
4.41016e-09
6.85189e-11
4.43531e-09
3.72786e-11
4.45144e-09
-1.08035e-11
4.45904e-09
-5.03684e-11
4.45459e-09
-1.06186e-10
4.43883e-09
-1.48575e-10
4.40915e-09
-2.0171e-10
4.36577e-09
-2.40844e-10
4.30857e-09
-2.80785e-10
4.23672e-09
-3.09612e-10
4.15283e-09
-3.31333e-10
4.05673e-09
-3.42064e-10
3.95198e-09
-3.46812e-10
3.84038e-09
-3.38886e-10
3.72446e-09
-3.30219e-10
3.60653e-09
-3.1038e-10
3.48857e-09
-2.92182e-10
3.3722e-09
-2.67862e-10
3.25967e-09
-2.4452e-10
3.15121e-09
-2.2126e-10
3.04848e-09
-1.98203e-10
2.95153e-09
-1.76694e-10
2.86043e-09
-1.58208e-10
2.77561e-09
-1.40683e-10
2.69681e-09
-1.25304e-10
2.6238e-09
-1.13004e-10
2.55663e-09
-1.00718e-10
2.49476e-09
-9.15276e-11
2.43764e-09
-8.36548e-11
2.38502e-09
-7.70196e-11
2.33642e-09
-7.19713e-11
2.29145e-09
-6.76993e-11
2.24975e-09
-6.45928e-11
2.2108e-09
-6.2513e-11
2.17422e-09
-6.07274e-11
2.13998e-09
-5.95597e-11
2.10761e-09
-5.75221e-11
2.07647e-09
-5.87882e-11
2.04745e-09
-5.41939e-11
2.01946e-09
-5.5259e-11
1.99286e-09
-5.08046e-11
1.9684e-09
-4.8106e-11
1.94561e-09
-4.19198e-11
1.92531e-09
-3.73168e-11
1.90819e-09
-2.67212e-11
1.89454e-09
-1.92793e-11
1.88586e-09
-3.84378e-12
1.8824e-09
7.8523e-12
1.88554e-09
2.74998e-11
1.89637e-09
4.47014e-11
1.91489e-09
6.74375e-11
1.94362e-09
9.05366e-11
1.98161e-09
1.17852e-10
2.0295e-09
1.40798e-10
2.08852e-09
1.74135e-10
2.15642e-09
1.96207e-10
2.2362e-09
2.33885e-10
2.32388e-09
2.56552e-10
2.42237e-09
2.9535e-10
2.52769e-09
3.20856e-10
2.64183e-09
3.61593e-10
2.76106e-09
3.92385e-10
2.88371e-09
3.9377e-10
3.00096e-09
2.58625e-10
3.11258e-09
1.65416e-10
3.18369e-09
-2.57e-11
3.22636e-09
-1.80026e-10
3.23915e-09
-3.18024e-10
3.22095e-09
-4.35179e-10
3.16726e-09
-5.40595e-10
3.08554e-09
-5.62047e-10
2.98121e-09
-5.40958e-10
2.87572e-09
-4.69843e-10
2.77853e-09
-3.84588e-10
2.69149e-09
-3.04435e-10
2.61565e-09
-2.3126e-10
2.55116e-09
-1.66827e-10
2.49742e-09
-1.12367e-10
2.45334e-09
-6.85177e-11
2.41738e-09
-3.52707e-11
2.38778e-09
-1.20218e-11
2.36258e-09
2.54526e-12
2.3406e-09
8.89082e-12
2.32016e-09
8.95077e-12
2.29996e-09
5.4529e-12
2.27917e-09
-7.23335e-13
2.25742e-09
-8.1621e-12
2.23466e-09
-1.53681e-11
2.2111e-09
-2.11819e-11
2.18727e-09
-2.47573e-11
2.16386e-09
-2.54881e-11
2.14168e-09
-2.30652e-11
2.12165e-09
-1.75353e-11
2.10457e-09
-8.98228e-12
2.09116e-09
2.02315e-12
2.08197e-09
1.48004e-11
2.07734e-09
2.85707e-11
2.07735e-09
4.25281e-11
2.08182e-09
5.59028e-11
2.09028e-09
6.80465e-11
2.10203e-09
7.85076e-11
2.11611e-09
8.70617e-11
2.13143e-09
9.36395e-11
2.14688e-09
9.8116e-11
1.01193e-10
1.73386e-09
-8.82073e-11
1.816e-09
-2.45733e-10
1.91559e-09
-3.48846e-10
2.00771e-09
-3.96457e-10
2.08231e-09
-4.08059e-10
2.13839e-09
-3.98043e-10
2.17533e-09
-3.70299e-10
2.19444e-09
-3.3459e-10
2.19871e-09
-2.95624e-10
2.19342e-09
-2.57756e-10
2.18194e-09
-2.21795e-10
2.16696e-09
-1.88429e-10
2.15023e-09
-1.58271e-10
2.13295e-09
-1.31651e-10
2.11623e-09
-1.08354e-10
2.10094e-09
-8.79506e-11
2.0876e-09
-7.00818e-11
2.07645e-09
-5.44657e-11
2.06769e-09
-4.07517e-11
2.0615e-09
-2.85386e-11
2.05799e-09
-1.74526e-11
2.05726e-09
-7.16111e-12
2.0594e-09
2.63284e-12
2.06451e-09
1.22287e-11
2.07271e-09
2.19446e-11
2.08417e-09
3.20626e-11
2.09908e-09
4.28429e-11
2.11768e-09
5.45313e-11
2.14024e-09
6.73708e-11
2.1671e-09
8.1612e-11
2.19861e-09
9.75254e-11
2.23518e-09
1.15418e-10
2.27725e-09
1.35602e-10
2.32683e-09
1.61677e-10
2.3728e-09
1.66662e-10
2.40047e-09
1.45787e-10
2.40698e-09
8.8639e-11
2.39202e-09
-4.56023e-12
2.35577e-09
-1.0232e-10
2.29942e-09
-1.82664e-10
2.22245e-09
-2.54387e-10
2.13297e-09
-2.98548e-10
2.03462e-09
-3.25391e-10
1.93431e-09
-2.98522e-10
1.83817e-09
-2.48705e-10
1.74843e-09
-2.01682e-10
1.66609e-09
-1.62517e-10
1.59382e-09
-1.24234e-10
1.53042e-09
-9.55588e-11
1.47703e-09
-6.84201e-11
1.43299e-09
-4.75546e-11
1.39785e-09
-2.90678e-11
1.37182e-09
-1.36653e-11
1.35374e-09
-3.65834e-13
1.34421e-09
1.18097e-11
1.34255e-09
2.32188e-11
1.34875e-09
3.33752e-11
1.36351e-09
4.54783e-11
1.38513e-09
5.39903e-11
1.41637e-09
6.81021e-11
1.45414e-09
7.64501e-11
1.50009e-09
8.91272e-11
1.55281e-09
9.81986e-11
1.61201e-09
1.09102e-10
1.67746e-09
1.17637e-10
1.74775e-09
1.26492e-10
1.82296e-09
1.33068e-10
1.90164e-09
1.39746e-10
1.98343e-09
1.43315e-10
2.06771e-09
1.47867e-10
2.15316e-09
1.48058e-10
2.2404e-09
1.50539e-10
2.32768e-09
1.48628e-10
2.41529e-09
1.47366e-10
2.50287e-09
1.45311e-10
2.58955e-09
1.41042e-10
2.67552e-09
1.37886e-10
2.7606e-09
1.33067e-10
2.84472e-09
1.29647e-10
2.92751e-09
1.24636e-10
3.00923e-09
1.2157e-10
3.08975e-09
1.18175e-10
3.16926e-09
1.15787e-10
3.24782e-09
1.14432e-10
3.32515e-09
1.13229e-10
3.40129e-09
1.12772e-10
3.47624e-09
1.13562e-10
3.54903e-09
1.11295e-10
3.62021e-09
1.12424e-10
3.68914e-09
1.08456e-10
3.75512e-09
1.06257e-10
3.81763e-09
9.73741e-11
3.87622e-09
9.11213e-11
3.92818e-09
7.32881e-11
3.97416e-09
5.9651e-11
4.0104e-09
3.22503e-11
4.03782e-09
9.83482e-12
4.05244e-09
-2.54549e-11
4.05565e-09
-5.36024e-11
4.04312e-09
-9.36855e-11
4.0169e-09
-1.22384e-10
3.97396e-09
-1.58789e-10
3.91604e-09
-1.8294e-10
3.84322e-09
-2.07995e-10
3.75632e-09
-2.2273e-10
3.65842e-09
-2.33447e-10
3.55076e-09
-2.34431e-10
3.43666e-09
-2.3273e-10
3.31868e-09
-2.20926e-10
3.19887e-09
-2.10435e-10
3.08017e-09
-1.91704e-10
2.96391e-09
-1.75944e-10
2.85191e-09
-1.5589e-10
2.7456e-09
-1.38225e-10
2.64502e-09
-1.20697e-10
2.55129e-09
-1.04484e-10
2.46418e-09
-8.95994e-11
2.38334e-09
-7.738e-11
2.30891e-09
-6.62658e-11
2.24042e-09
-5.68116e-11
2.17727e-09
-4.9855e-11
2.11946e-09
-4.29133e-11
2.06627e-09
-3.83367e-11
2.01716e-09
-3.45375e-11
1.97179e-09
-3.16404e-11
1.92965e-09
-2.98107e-11
1.89037e-09
-2.8399e-11
1.85357e-09
-2.77552e-11
1.81877e-09
-2.76823e-11
1.78569e-09
-2.76037e-11
1.75422e-09
-2.80419e-11
1.72413e-09
-2.73891e-11
1.69465e-09
-2.92672e-11
1.66698e-09
-2.6488e-11
1.63985e-09
-2.80895e-11
1.61408e-09
-2.50053e-11
1.59001e-09
-2.4e-11
1.56773e-09
-1.96058e-11
1.54763e-09
-1.7192e-11
1.53084e-09
-9.90647e-12
1.51725e-09
-5.65488e-12
1.50864e-09
4.79632e-12
1.50482e-09
1.1693e-11
1.50754e-09
2.48083e-11
1.51723e-09
3.50322e-11
1.53448e-09
5.01994e-11
1.56095e-09
6.40763e-11
1.59646e-09
8.23488e-11
1.64101e-09
9.62482e-11
1.69645e-09
1.18703e-10
1.76025e-09
1.32405e-10
1.83594e-09
1.58197e-10
1.91956e-09
1.72953e-10
2.01459e-09
2.00336e-10
2.11729e-09
2.18189e-10
2.23045e-09
2.48469e-10
2.35057e-09
2.72307e-10
2.47394e-09
2.70434e-10
2.58365e-09
1.48948e-10
2.68249e-09
6.65901e-11
2.73582e-09
-7.90315e-11
2.75428e-09
-1.985e-10
2.737e-09
-3.00754e-10
2.68395e-09
-3.82156e-10
2.59222e-09
-4.48894e-10
2.47605e-09
-4.45896e-10
2.34512e-09
-4.10056e-10
2.22086e-09
-3.45605e-10
2.11198e-09
-2.75723e-10
2.0194e-09
-2.11866e-10
1.943e-09
-1.54856e-10
1.88168e-09
-1.05507e-10
1.83376e-09
-6.44344e-11
1.79714e-09
-3.18893e-11
1.76951e-09
-7.63033e-12
1.74853e-09
8.96129e-12
1.73216e-09
1.89222e-11
1.71868e-09
2.23842e-11
1.70607e-09
2.15627e-11
1.69353e-09
1.79985e-11
1.68022e-09
1.25819e-11
1.66579e-09
6.27069e-12
1.65024e-09
1.79517e-13
1.6339e-09
-4.85233e-12
1.61737e-09
-8.22611e-12
1.60137e-09
-9.49646e-12
1.58672e-09
-8.41419e-12
1.57424e-09
-5.0618e-12
1.56471e-09
5.46893e-13
1.55877e-09
7.96147e-12
1.55689e-09
1.6678e-11
1.55932e-09
2.61422e-11
1.56605e-09
3.57923e-11
1.57684e-09
4.51157e-11
1.59117e-09
5.37228e-11
1.60826e-09
6.14174e-11
1.6271e-09
6.82155e-11
1.64651e-09
7.42315e-11
1.66516e-09
7.94757e-11
8.47147e-11
1.75884e-09
-1.4697e-10
1.87366e-09
-3.6054e-10
1.97183e-09
-4.46996e-10
2.0348e-09
-4.59496e-10
2.05925e-09
-4.32597e-10
2.05004e-09
-3.88874e-10
2.01868e-09
-3.38958e-10
1.97386e-09
-2.89767e-10
1.92284e-09
-2.44603e-10
1.87011e-09
-2.05026e-10
1.81906e-09
-1.70745e-10
1.77176e-09
-1.41135e-10
1.72922e-09
-1.15729e-10
1.69171e-09
-9.41477e-11
1.65927e-09
-7.5911e-11
1.63179e-09
-6.04763e-11
1.60908e-09
-4.73714e-11
1.59085e-09
-3.62305e-11
1.5768e-09
-2.67053e-11
1.56667e-09
-1.84145e-11
1.56025e-09
-1.10308e-11
1.55734e-09
-4.25383e-12
1.55792e-09
2.05192e-12
1.56197e-09
8.17603e-12
1.56954e-09
1.43789e-11
1.58075e-09
2.08533e-11
1.5958e-09
2.77897e-11
1.61497e-09
3.53583e-11
1.63861e-09
4.37328e-11
1.66712e-09
5.3099e-11
1.70098e-09
6.3664e-11
1.74073e-09
7.56778e-11
1.78694e-09
8.93877e-11
1.84168e-09
1.06945e-10
1.89488e-09
1.13462e-10
1.93349e-09
1.07182e-10
1.95042e-09
7.17017e-11
1.94046e-09
5.39434e-12
1.90279e-09
-6.466e-11
1.83982e-09
-1.19711e-10
1.75198e-09
-1.66558e-10
1.64798e-09
-1.94565e-10
1.5326e-09
-2.10026e-10
1.41915e-09
-1.8508e-10
1.31628e-09
-1.45849e-10
1.22589e-09
-1.11284e-10
1.14757e-09
-8.41914e-11
1.08262e-09
-5.92652e-11
1.02848e-09
-4.14008e-11
9.85342e-10
-2.5254e-11
9.51453e-10
-1.36394e-11
9.25954e-10
-3.54327e-12
9.08364e-10
3.95115e-12
8.97474e-10
1.05489e-11
8.93358e-10
1.5948e-11
8.95512e-10
2.10835e-11
9.03646e-10
2.52559e-11
9.18435e-10
3.06999e-11
9.38387e-10
3.40455e-11
9.65855e-10
4.06392e-11
9.98294e-10
4.4015e-11
1.03728e-09
5.01421e-11
1.0815e-09
5.39891e-11
1.13112e-09
5.94884e-11
1.18561e-09
6.31534e-11
1.24434e-09
6.77816e-11
1.30696e-09
7.04619e-11
1.37275e-09
7.39749e-11
1.44103e-09
7.50601e-11
1.51164e-09
7.72924e-11
1.58321e-09
7.65337e-11
1.65645e-09
7.73455e-11
1.72973e-09
7.54012e-11
1.80334e-09
7.38085e-11
1.87701e-09
7.16982e-11
1.94996e-09
6.8148e-11
2.02252e-09
6.53908e-11
2.09433e-09
6.13019e-11
2.16564e-09
5.83897e-11
2.23606e-09
5.42665e-11
2.30609e-09
5.15812e-11
2.37559e-09
4.86994e-11
2.44482e-09
4.65811e-11
2.51394e-09
4.53125e-11
2.5828e-09
4.43571e-11
2.65157e-09
4.39895e-11
2.72034e-09
4.47761e-11
2.78795e-09
4.36636e-11
2.85515e-09
4.52101e-11
2.9206e-09
4.29818e-11
2.98396e-09
4.28656e-11
3.04372e-09
3.75813e-11
3.09996e-09
3.48404e-11
3.14921e-09
2.40067e-11
3.19243e-09
1.6392e-11
3.22499e-09
-3.42627e-13
3.24805e-09
-1.3259e-11
3.25689e-09
-3.43327e-11
3.25349e-09
-5.02306e-11
3.2332e-09
-7.34293e-11
3.19928e-09
-8.8488e-11
3.14864e-09
-1.08175e-10
3.08453e-09
-1.18859e-10
3.00695e-09
-1.30435e-10
2.91826e-09
-1.34061e-10
2.82104e-09
-1.3626e-10
2.71783e-09
-1.31243e-10
2.61107e-09
-1.25992e-10
2.50415e-09
-1.14027e-10
2.39797e-09
-1.04279e-10
2.29572e-09
-8.9471e-11
2.19755e-09
-7.78033e-11
2.10535e-09
-6.37121e-11
2.01948e-09
-5.23708e-11
1.93981e-09
-4.10438e-11
1.86662e-09
-3.13048e-11
1.79964e-09
-2.26292e-11
1.73825e-09
-1.60031e-11
1.68237e-09
-1.03869e-11
1.63143e-09
-5.87762e-12
1.58467e-09
-3.09927e-12
1.5421e-09
-3.4129e-13
1.50291e-09
8.61987e-13
1.46666e-09
1.71611e-12
1.43302e-09
2.00895e-12
1.40152e-09
1.69796e-12
1.3719e-09
1.2454e-12
1.34379e-09
3.86526e-13
1.31683e-09
-6.91302e-13
1.29087e-09
-1.59795e-12
1.26574e-09
-2.87649e-12
1.24152e-09
-3.12781e-12
1.21737e-09
-5.07738e-12
1.19474e-09
-3.81467e-12
1.17222e-09
-5.53347e-12
1.15106e-09
-3.8204e-12
1.13112e-09
-4.02446e-12
1.11304e-09
-1.49534e-12
1.09669e-09
-8.16004e-13
1.08354e-09
3.27036e-12
1.0731e-09
4.81159e-12
1.06717e-09
1.07474e-11
1.0652e-09
1.36802e-11
1.06911e-09
2.09215e-11
1.07864e-09
2.5519e-11
1.0949e-09
3.39421e-11
1.11857e-09
4.04199e-11
1.15025e-09
5.0669e-11
1.18927e-09
5.72248e-11
1.23797e-09
6.99953e-11
1.29371e-09
7.66675e-11
1.36027e-09
9.16337e-11
1.43392e-09
9.93104e-11
1.51856e-09
1.15723e-10
1.61081e-09
1.25962e-10
1.71417e-09
1.45148e-10
1.82566e-09
1.60853e-10
1.93911e-09
1.57023e-10
2.02849e-09
5.95797e-11
2.09964e-09
-4.54915e-12
2.12174e-09
-1.01139e-10
2.10392e-09
-1.80696e-10
2.04734e-09
-2.44182e-10
1.95463e-09
-2.89469e-10
1.82632e-09
-3.20598e-10
1.68331e-09
-3.02903e-10
1.53849e-09
-2.65254e-10
1.40957e-09
-2.16698e-10
1.30244e-09
-1.686e-10
1.2163e-09
-1.25727e-10
1.14949e-09
-8.80424e-11
1.09973e-09
-5.57313e-11
1.06439e-09
-2.90916e-11
1.04071e-09
-8.19851e-12
1.02583e-09
7.25111e-12
1.01725e-09
1.75497e-11
1.0129e-09
2.32812e-11
1.01041e-09
2.48756e-11
1.00834e-09
2.36364e-11
1.00578e-09
2.05584e-11
1.00208e-09
1.62861e-11
9.96885e-10
1.14605e-11
9.90292e-10
6.77053e-12
9.82681e-10
2.75587e-12
9.74644e-10
-1.92221e-13
9.66879e-10
-1.73359e-12
9.60173e-10
-1.71081e-12
9.55275e-10
-1.66278e-13
9.5292e-10
2.90035e-12
9.53684e-10
7.19621e-12
9.57979e-10
1.23821e-11
9.65992e-10
1.81294e-11
9.77682e-10
2.41024e-11
9.92789e-10
3.00099e-11
1.01083e-09
3.56787e-11
1.03111e-09
4.11379e-11
1.05269e-09
4.6642e-11
1.07435e-09
5.25715e-11
1.09451e-09
5.93161e-11
6.7106e-11
1.79478e-09
-2.41772e-10
1.90415e-09
-4.69824e-10
1.92725e-09
-4.70141e-10
1.88203e-09
-4.14368e-10
1.79601e-09
-3.46647e-10
1.68864e-09
-2.81545e-10
1.57608e-09
-2.26413e-10
1.46842e-09
-1.82106e-10
1.37061e-09
-1.46795e-10
1.28422e-09
-1.18635e-10
1.20943e-09
-9.596e-11
1.14576e-09
-7.74685e-11
1.0923e-09
-6.22699e-11
1.04792e-09
-4.97649e-11
1.01148e-09
-3.94756e-11
9.81985e-10
-3.09781e-11
9.58532e-10
-2.39191e-11
9.40359e-10
-1.80584e-11
9.26839e-10
-1.31861e-11
9.17438e-10
-9.01384e-12
9.11757e-10
-5.35056e-12
9.09324e-10
-1.82202e-12
9.10231e-10
1.14412e-12
9.144e-10
4.00593e-12
9.21805e-10
6.97352e-12
9.32574e-10
1.00838e-11
9.46909e-10
1.34548e-11
9.6512e-10
1.71474e-11
9.87593e-10
2.12608e-11
1.01479e-09
2.59037e-11
1.04726e-09
3.12013e-11
1.08562e-09
3.73147e-11
1.13061e-09
4.44074e-11
1.18404e-09
5.35162e-11
1.23851e-09
5.89928e-11
1.28464e-09
6.10499e-11
1.31115e-09
4.51894e-11
1.30747e-09
9.07407e-12
1.27204e-09
-2.92402e-11
1.20947e-09
-5.71456e-11
1.12218e-09
-7.92785e-11
1.01918e-09
-9.15817e-11
9.06282e-10
-9.71348e-11
8.01309e-10
-8.01128e-11
7.12991e-10
-5.75296e-11
6.4109e-10
-3.93767e-11
5.831e-10
-2.61894e-11
5.38518e-10
-1.46676e-11
5.03917e-10
-6.78146e-12
4.78759e-10
-7.62044e-14
4.60833e-10
4.30754e-12
4.49237e-10
8.07381e-12
4.42842e-10
1.03664e-11
4.4112e-10
1.22883e-11
4.43579e-10
1.35038e-11
4.4997e-10
1.47022e-11
4.59869e-10
1.53637e-11
4.73896e-10
1.66756e-11
4.90923e-10
1.70182e-11
5.12728e-10
1.88327e-11
5.37485e-10
1.92569e-11
5.66552e-10
2.10757e-11
5.98818e-10
2.1726e-11
6.34811e-10
2.35014e-11
6.73807e-10
2.4167e-11
7.15852e-10
2.57491e-11
7.60282e-10
2.6049e-11
8.07061e-10
2.72172e-11
8.55263e-10
2.68857e-11
9.05143e-10
2.74443e-11
9.5537e-10
2.63439e-11
1.00666e-09
2.60996e-11
1.05762e-09
2.44784e-11
1.1085e-09
2.29763e-11
1.15905e-09
2.1191e-11
1.20862e-09
1.86258e-11
1.25757e-09
1.64842e-11
1.30544e-09
1.34687e-11
1.3527e-09
1.11672e-11
1.39889e-09
8.1147e-12
1.44466e-09
5.83401e-12
1.48992e-09
3.45619e-12
1.535e-09
1.51772e-12
1.58018e-09
1.28851e-13
1.62546e-09
-9.2221e-13
1.67119e-09
-1.75475e-12
1.71765e-09
-1.69449e-12
1.76374e-09
-2.44104e-12
1.81046e-09
-1.52457e-12
1.85605e-09
-2.62374e-12
1.90088e-09
-1.99543e-12
1.9426e-09
-4.16703e-12
1.98183e-09
-4.41753e-12
2.01493e-09
-9.12077e-12
2.04305e-09
-1.17625e-11
2.06172e-09
-1.90351e-11
2.07229e-09
-2.38609e-11
2.07051e-09
-3.25801e-11
2.05861e-09
-3.83588e-11
2.03248e-09
-4.73197e-11
1.99597e-09
-5.19985e-11
1.94637e-09
-5.85926e-11
1.8878e-09
-6.03112e-11
1.81982e-09
-6.24788e-11
1.7459e-09
-6.01573e-11
1.66725e-09
-5.76326e-11
1.58716e-09
-5.11667e-11
1.50641e-09
-4.52655e-11
1.42876e-09
-3.63907e-11
1.35361e-09
-2.91436e-11
1.28398e-09
-1.98544e-11
1.21876e-09
-1.2605e-11
1.15979e-09
-4.75229e-12
1.10679e-09
6.19029e-13
1.05938e-09
6.35496e-12
1.0168e-09
1.12658e-11
9.79083e-10
1.50824e-11
9.45531e-10
1.75442e-11
9.15803e-10
1.93371e-11
8.89429e-10
2.04939e-11
8.65617e-10
2.0711e-11
8.44398e-10
2.08766e-11
8.25001e-10
2.02583e-11
8.07144e-10
1.95744e-11
7.90535e-10
1.86227e-11
7.74864e-10
1.73776e-11
7.59959e-10
1.61645e-11
7.45543e-10
1.48225e-11
7.31413e-10
1.3464e-11
7.17547e-10
1.22964e-11
7.03801e-10
1.09006e-11
6.90456e-10
1.02482e-11
6.76751e-10
8.65866e-12
6.64106e-10
8.86077e-12
6.51229e-10
7.37182e-12
6.39499e-10
7.93678e-12
6.28378e-10
7.1217e-12
6.18865e-10
8.04268e-12
6.10455e-10
7.61825e-12
6.04555e-10
9.19347e-12
6.00286e-10
9.10314e-12
5.99675e-10
1.13795e-11
6.01579e-10
1.17946e-11
6.07948e-10
1.4567e-11
6.17923e-10
1.55546e-11
6.32996e-10
1.88725e-11
6.52866e-10
2.05495e-11
6.78825e-10
2.47043e-11
7.09619e-10
2.64223e-11
7.47825e-10
3.17801e-11
7.90868e-10
3.36192e-11
8.42409e-10
4.00914e-11
8.99196e-10
4.25304e-11
9.65064e-10
4.98694e-11
1.03727e-09
5.37847e-11
1.11959e-09
6.28571e-11
1.20992e-09
7.05511e-11
1.29986e-09
6.71054e-11
1.35545e-09
3.99655e-12
1.38572e-09
-3.48207e-11
1.36874e-09
-8.41645e-11
1.31235e-09
-1.24314e-10
1.22099e-09
-1.52835e-10
1.10071e-09
-1.69196e-10
9.55814e-10
-1.75711e-10
8.10028e-10
-1.57124e-10
6.75803e-10
-1.31034e-10
5.63257e-10
-1.04155e-10
4.74194e-10
-7.95366e-11
4.06387e-10
-5.79163e-11
3.57243e-10
-3.88934e-11
3.24025e-10
-2.2508e-11
3.04011e-10
-9.07255e-12
2.9446e-10
1.35725e-12
2.92315e-10
9.40144e-12
2.95383e-10
1.44843e-11
3.01553e-10
1.71146e-11
3.08804e-10
1.76249e-11
3.15808e-10
1.66336e-11
3.21719e-10
1.46468e-11
3.26008e-10
1.19967e-11
3.28441e-10
9.02553e-12
3.29111e-10
6.09884e-12
3.28372e-10
3.49214e-12
3.26868e-10
1.31065e-12
3.2512e-10
1.17925e-14
3.23872e-10
-4.64283e-13
3.23857e-10
-1.52624e-13
3.25613e-10
1.14356e-12
3.29728e-10
3.08126e-12
3.36598e-10
5.51187e-12
3.46396e-10
8.33168e-12
3.59108e-10
1.13902e-11
3.74575e-10
1.45434e-11
3.92492e-10
1.77625e-11
4.12392e-10
2.1238e-11
4.33656e-10
2.53779e-11
4.55365e-10
3.08628e-11
4.76037e-10
3.8646e-11
4.82624e-11
1.80293e-09
-3.44688e-10
1.73813e-09
-4.05013e-10
1.56729e-09
-2.99318e-10
1.36447e-09
-2.11559e-10
1.16725e-09
-1.49451e-10
9.93084e-10
-1.07401e-10
8.45764e-10
-7.91016e-11
7.23561e-10
-5.99037e-11
6.23189e-10
-4.64246e-11
5.4108e-10
-3.65274e-11
4.74096e-10
-2.8976e-11
4.19675e-10
-2.30482e-11
3.75713e-10
-1.83086e-11
3.40436e-10
-1.4488e-11
3.12358e-10
-1.13972e-11
2.9026e-10
-8.88119e-12
2.73156e-10
-6.81572e-12
2.60235e-10
-5.13825e-12
2.50848e-10
-3.79906e-12
2.44532e-10
-2.6987e-12
2.40932e-10
-1.75174e-12
2.39917e-10
-8.07139e-13
2.41045e-10
1.49859e-14
2.44331e-10
7.19558e-13
2.49892e-10
1.41229e-12
2.57822e-10
2.15443e-12
2.68233e-10
3.04402e-12
2.8142e-10
3.96137e-12
2.97703e-10
4.97944e-12
3.17471e-10
6.13769e-12
3.41196e-10
7.47817e-12
3.69454e-10
9.05953e-12
4.02922e-10
1.09435e-11
4.42937e-10
1.35042e-11
4.86032e-10
1.59007e-11
5.28275e-10
1.88079e-11
5.5726e-10
1.62046e-11
5.60078e-10
6.25366e-12
5.3511e-10
-4.27503e-12
4.89191e-10
-1.12291e-11
4.26155e-10
-1.6246e-11
3.53185e-10
-1.86148e-11
2.75137e-10
-1.90879e-11
2.08252e-10
-1.32281e-11
1.57617e-10
-6.89081e-12
1.20551e-10
-2.30433e-12
9.39071e-11
4.63917e-13
7.63892e-11
2.86154e-12
6.5153e-11
4.46756e-12
5.95338e-11
5.55713e-12
5.76817e-11
6.17435e-12
5.92314e-11
6.5385e-12
6.3029e-11
6.58172e-12
6.8822e-11
6.50588e-12
7.61025e-11
6.23049e-12
8.48604e-11
5.94796e-12
9.46593e-11
5.56498e-12
1.05981e-10
5.35092e-12
1.18155e-10
4.8411e-12
1.32262e-10
4.7214e-12
1.47281e-10
4.23632e-12
1.64149e-10
4.20956e-12
1.82138e-10
3.74261e-12
2.01839e-10
3.81046e-12
2.22546e-10
3.47314e-12
2.44764e-10
3.54806e-12
2.67685e-10
3.1476e-12
2.91764e-10
3.1613e-12
3.16035e-10
2.64113e-12
3.41007e-10
2.50056e-12
3.65572e-10
1.80839e-12
3.90302e-10
1.40123e-12
4.14214e-10
5.97326e-13
4.37419e-10
-1.97556e-13
4.59713e-10
-1.07348e-12
4.80586e-10
-2.21748e-12
5.00325e-10
-3.22634e-12
5.18406e-10
-4.58575e-12
5.35345e-10
-5.74881e-12
5.50646e-10
-7.16591e-12
5.64862e-10
-8.36809e-12
5.77959e-10
-9.63189e-12
5.90265e-10
-1.07842e-11
6.02173e-10
-1.17775e-11
6.13949e-10
-1.26988e-11
6.25614e-10
-1.34213e-11
6.37669e-10
-1.3753e-11
6.49441e-10
-1.42177e-11
6.62054e-10
-1.41449e-11
6.73932e-10
-1.45123e-11
6.86189e-10
-1.42643e-11
6.96575e-10
-1.4567e-11
7.06535e-10
-1.43917e-11
7.12391e-10
-1.49912e-11
7.15754e-10
-1.51395e-11
7.12735e-10
-1.60304e-11
7.05391e-10
-1.65306e-11
6.9046e-10
-1.76636e-11
6.70281e-10
-1.81932e-11
6.42062e-10
-1.91136e-11
6.09231e-10
-1.91801e-11
5.70134e-10
-1.95076e-11
5.28335e-10
-1.85234e-11
4.83034e-10
-1.71888e-11
4.37597e-10
-1.47314e-11
3.9187e-10
-1.19168e-11
3.48767e-10
-8.07362e-12
3.07306e-10
-3.81289e-12
2.71074e-10
-1.66314e-13
2.38427e-10
3.49756e-12
2.11512e-10
7.05595e-12
1.88796e-10
1.0106e-11
1.71601e-10
1.24395e-11
1.57803e-10
1.44155e-11
1.48058e-10
1.60984e-11
1.41931e-10
1.73935e-11
1.38886e-10
1.81271e-11
1.37964e-10
1.84675e-11
1.38793e-10
1.85083e-11
1.40991e-10
1.82959e-11
1.43856e-10
1.78448e-11
1.4747e-10
1.72585e-11
1.51215e-10
1.65078e-11
1.54962e-10
1.58213e-11
1.5849e-10
1.50887e-11
1.61729e-10
1.41345e-11
1.64625e-10
1.32683e-11
1.67029e-10
1.24205e-11
1.68886e-10
1.16135e-11
1.70306e-10
1.08851e-11
1.71081e-10
1.01369e-11
1.71767e-10
9.57579e-12
1.71609e-10
8.83054e-12
1.71956e-10
8.52899e-12
1.7153e-10
7.81267e-12
1.71822e-10
7.66132e-12
1.71876e-10
7.08525e-12
1.72906e-10
7.03051e-12
1.73998e-10
6.54529e-12
1.76602e-10
6.61014e-12
1.79551e-10
6.17488e-12
1.84558e-10
6.39296e-12
1.90334e-10
6.03634e-12
1.98597e-10
6.31843e-12
2.08132e-10
6.0285e-12
2.20565e-10
6.44362e-12
2.34853e-10
6.2585e-12
2.52639e-10
6.91047e-12
2.72356e-10
6.69507e-12
2.96409e-10
7.71653e-12
3.22531e-10
7.48918e-12
3.5376e-10
8.85928e-12
3.87507e-10
8.78756e-12
4.26979e-10
1.04096e-11
4.70063e-10
1.07185e-11
5.20136e-10
1.28046e-11
5.76137e-10
1.45683e-11
6.29734e-10
1.35198e-11
6.44754e-10
-1.10186e-11
6.33759e-10
-2.38269e-11
5.8721e-10
-3.76194e-11
5.11494e-10
-4.86032e-11
4.13432e-10
-5.47773e-11
3.00441e-10
-5.62093e-11
1.78284e-10
-5.35577e-11
6.59201e-11
-4.47641e-11
-2.93208e-11
-3.57955e-11
-1.05442e-10
-2.80354e-11
-1.63647e-10
-2.13317e-11
-2.06198e-10
-1.53651e-11
-2.35322e-10
-9.76913e-12
-2.5291e-10
-4.91774e-12
-2.60809e-10
-1.17198e-12
-2.6131e-10
1.86026e-12
-2.56097e-10
4.19037e-12
-2.47359e-10
5.7476e-12
-2.36657e-10
6.4139e-12
-2.25521e-10
6.48869e-12
-2.15007e-10
6.11979e-12
-2.05815e-10
5.4542e-12
-1.98333e-10
4.51364e-12
-1.92716e-10
3.40727e-12
-1.88926e-10
2.30665e-12
-1.86721e-10
1.28652e-12
-1.85822e-10
4.09273e-13
-1.85573e-10
-2.37823e-13
-1.85416e-10
-6.22264e-13
-1.84834e-10
-7.3623e-13
-1.83145e-10
-5.45236e-13
-1.79977e-10
-8.81376e-14
-1.7504e-10
5.75385e-13
-1.68128e-10
1.41912e-12
-1.59174e-10
2.43651e-12
-1.48133e-10
3.50274e-12
-1.35017e-10
4.64608e-12
-1.1991e-10
6.13051e-12
-1.02758e-10
8.22608e-12
-8.3398e-11
1.15036e-11
-6.21553e-11
1.74044e-11
2.58447e-11
1.35543e-09
9.50414e-10
6.51166e-10
4.39658e-10
2.90209e-10
1.82808e-10
1.03709e-10
4.3807e-11
-2.61769e-12
-3.91454e-11
-6.81216e-11
-9.11702e-11
-1.09479e-10
-1.23968e-10
-1.35366e-10
-1.44247e-10
-1.51064e-10
-1.56203e-10
-1.60003e-10
-1.62703e-10
-1.64456e-10
-1.65265e-10
-1.65251e-10
-1.64533e-10
-1.63122e-10
-1.6097e-10
-1.57928e-10
-1.53969e-10
-1.48992e-10
-1.42858e-10
-1.35383e-10
-1.26329e-10
-1.15392e-10
-1.01896e-10
-8.60056e-11
-6.72103e-11
-5.10178e-11
-4.47717e-11
-4.90492e-11
-6.02771e-11
-7.65196e-11
-9.51307e-11
-1.14217e-10
-1.27446e-10
-1.34339e-10
-1.36645e-10
-1.3618e-10
-1.33315e-10
-1.2884e-10
-1.23272e-10
-1.17084e-10
-1.1053e-10
-1.03934e-10
-9.74154e-11
-9.1176e-11
-8.52231e-11
-7.96565e-11
-7.43057e-11
-6.94638e-11
-6.4738e-11
-6.04913e-11
-5.62644e-11
-5.24975e-11
-4.86572e-11
-4.51506e-11
-4.15673e-11
-3.83842e-11
-3.51889e-11
-3.25161e-11
-2.99869e-11
-2.81533e-11
-2.67302e-11
-2.61137e-11
-2.62947e-11
-2.73541e-11
-2.95591e-11
-3.27747e-11
-3.73517e-11
-4.30938e-11
-5.02546e-11
-5.86184e-11
-6.8245e-11
-7.90215e-11
-9.07878e-11
-1.03472e-10
-1.16876e-10
-1.3061e-10
-1.44809e-10
-1.58937e-10
-1.73432e-10
-1.87682e-10
-2.02236e-10
-2.16616e-10
-2.31598e-10
-2.46732e-10
-2.62758e-10
-2.79288e-10
-2.96952e-10
-3.15148e-10
-3.34266e-10
-3.53451e-10
-3.72964e-10
-3.91492e-10
-4.08685e-10
-4.23418e-10
-4.35335e-10
-4.43406e-10
-4.47213e-10
-4.4737e-10
-4.4386e-10
-4.36789e-10
-4.26666e-10
-4.14208e-10
-3.99773e-10
-3.83654e-10
-3.66241e-10
-3.48096e-10
-3.29613e-10
-3.11094e-10
-2.92794e-10
-2.74952e-10
-2.57706e-10
-2.41222e-10
-2.25435e-10
-2.10389e-10
-1.96304e-10
-1.83087e-10
-1.70719e-10
-1.59155e-10
-1.48316e-10
-1.38219e-10
-1.28678e-10
-1.19875e-10
-1.11367e-10
-1.03568e-10
-9.59129e-11
-8.88251e-11
-8.17829e-11
-7.5217e-11
-6.85775e-11
-6.23662e-11
-5.59322e-11
-4.98539e-11
-4.34969e-11
-3.74368e-11
-3.09714e-11
-2.47018e-11
-1.77897e-11
-1.10992e-11
-3.38883e-12
4.09676e-12
1.2959e-11
2.17572e-11
3.21846e-11
4.29244e-11
5.57485e-11
7.03294e-11
8.38537e-11
7.28373e-11
4.90113e-11
1.13928e-11
-3.721e-11
-9.19882e-11
-1.48201e-10
-2.01765e-10
-2.46538e-10
-2.82343e-10
-3.10389e-10
-3.31731e-10
-3.47106e-10
-3.56883e-10
-3.61806e-10
-3.62981e-10
-3.61122e-10
-3.56931e-10
-3.51181e-10
-3.44764e-10
-3.38271e-10
-3.32148e-10
-3.26689e-10
-3.22172e-10
-3.18762e-10
-3.16453e-10
-3.15165e-10
-3.14754e-10
-3.14992e-10
-3.15614e-10
-3.16351e-10
-3.16897e-10
-3.16986e-10
-3.16412e-10
-3.14994e-10
-3.12559e-10
-3.09057e-10
-3.04412e-10
-2.98282e-10
-2.90057e-10
-2.78553e-10
-2.61148e-10
)
;

boundaryField
{
    inlet
    {
        type            calculated;
        value           nonuniform List<scalar> 
20
(
-1.7e-09
-1.7e-09
-1.7e-09
-1.7e-09
-1.7e-09
-1.7e-09
-1.7e-09
-1.7e-09
-1.7e-09
-1.7e-09
-1.7e-09
-1.7e-09
-1.7e-09
-1.7e-09
-1.7e-09
-1.7e-09
-1.7e-09
-1.7e-09
-1.7e-09
-1.7e-09
)
;
    }
    outlet
    {
        type            calculated;
        value           nonuniform List<scalar> 
20
(
-3.06099e-10
-8.48084e-11
5.04351e-10
1.17261e-09
1.77847e-09
2.27495e-09
2.65756e-09
2.93337e-09
3.10821e-09
3.18466e-09
3.16463e-09
3.04943e-09
2.84217e-09
2.54637e-09
2.16096e-09
1.68163e-09
1.11212e-09
4.94881e-10
-3.97368e-11
-2.35303e-10
)
;
    }
    walls
    {
        type            calculated;
        value           uniform 0;
    }
    frontAndBack
    {
        type            empty;
    }
}


// ************************************************************************* //
