/*--------------------------------*- C++ -*----------------------------------*\
| =========                 |                                                 |
| \\      /  F ield         | OpenFOAM: The Open Source CFD Toolbox           |
|  \\    /   O peration     | Version:  2506                                  |
|   \\  /    A nd           | Website:  www.openfoam.com                      |
|    \\/     M anipulation  |                                                 |
\*---------------------------------------------------------------------------*/
FoamFile
{
    version     2.0;
    format      ascii;
    arch        "LSB;label=32;scalar=64";
    class       volScalarField;
    location    "0.883594";
    object      s;
}
// * * * * * * * * * * * * * * * * * * * * * * * * * * * * * * * * * * * * * //

dimensions      [0 0 0 0 0 0 0];

internalField   nonuniform List<scalar> 
4000
(
1.44315e-15
1.86672e-12
1.84881e-09
2.75238e-07
3.36502e-05
0.00121626
0.023482
0.167536
0.384156
0.439054
0.365435
0.188915
0.0470202
0.0120502
0.00750538
0.00410474
0.00204051
0.000979428
0.000476478
0.00023834
0.000116222
5.10281e-05
2.26551e-05
1.19577e-05
6.79601e-06
3.86353e-06
2.13678e-06
1.13331e-06
5.71076e-07
2.72908e-07
1.2642e-07
6.35499e-08
4.26064e-08
4.75029e-08
-1.52655e-08
-1.43819e-07
-3.001e-07
-5.10315e-07
-8.13538e-07
-1.28999e-06
-1.69329e-06
-1.8922e-06
-1.68899e-06
-1.34574e-06
-9.55136e-07
-5.8849e-07
-2.88464e-07
-6.9769e-08
-6.31445e-09
-2.63561e-09
-6.5285e-10
4.29173e-10
6.65038e-10
4.94107e-10
2.82858e-10
1.3734e-10
6.04908e-11
2.57167e-11
1.3374e-11
7.79579e-12
4.71759e-12
2.67823e-12
1.32546e-12
5.39682e-13
1.6791e-13
4.31388e-14
1.80975e-14
6.44134e-15
2.08796e-15
5.86945e-16
1.29907e-16
2.68387e-17
5.6378e-18
-1.39932e-17
-1.22298e-17
-5.89055e-19
-3.99813e-19
-8.80762e-20
-3.30515e-20
-2.30402e-20
-7.69889e-20
-1.15373e-20
-4.57027e-21
-3.1783e-21
-3.25078e-21
-2.73407e-21
-2.10301e-21
-1.96804e-21
-1.68316e-21
-1.43089e-21
-1.0683e-21
-8.27798e-22
-7.18615e-22
-6.99372e-22
-6.74937e-22
-3.06073e-22
-6.07438e-22
7.42986e-22
1.04191e-21
2.12546e-21
3.14997e-21
3.95094e-21
4.8393e-21
5.28215e-21
4.85135e-21
4.40468e-21
3.00998e-21
2.02e-21
1.04469e-21
2.16882e-22
-3.57629e-22
-5.89535e-22
-5.44664e-22
-3.78533e-22
-2.04203e-22
-9.37747e-23
-3.45669e-23
-1.00412e-23
-1.98109e-24
1.81931e-27
2.14424e-25
1.14611e-25
3.89212e-26
9.73407e-27
1.68008e-27
1.31841e-28
-3.57606e-29
-2.47267e-29
-1.13025e-29
-6.26959e-30
-3.27968e-30
-2.52884e-30
-2.54613e-30
-1.66455e-30
-1.4304e-30
-1.40913e-30
-6.77071e-31
-5.73947e-31
-2.64711e-31
-1.11545e-31
-3.14451e-32
-2.98559e-33
3.54479e-33
3.46378e-33
2.17695e-33
7.91385e-34
-1.15619e-34
-4.95845e-34
-4.42068e-34
-2.29999e-34
-6.37964e-35
4.93204e-36
1.47273e-35
6.57887e-36
1.72057e-36
4.18514e-38
-1.01676e-37
-1.77259e-38
1.46764e-38
-8.96376e-39
-4.88607e-39
-1.29804e-38
-1.92208e-38
1.72271e-38
1.41796e-37
4.88989e-37
1.24934e-36
2.61536e-36
5.09815e-36
3.48419e-36
1.81581e-36
8.16391e-37
3.12371e-37
9.66494e-38
2.28972e-38
3.84401e-39
3.61173e-40
8.10435e-42
-4.15253e-43
1.42125e-44
-2.40717e-45
-1.22349e-45
-1.20204e-45
-1.07734e-45
-7.37586e-46
-3.53735e-46
-7.44745e-47
1.24717e-47
3.54222e-48
-6.71264e-49
3.65974e-51
-7.30372e-51
1.34998e-52
1.33043e-51
9.15576e-52
3.24124e-52
3.70915e-53
-3.31514e-53
-2.94019e-53
-8.05123e-54
7.54748e-16
4.96333e-13
3.05795e-10
5.52432e-08
4.11826e-06
0.000119873
0.00202436
0.0138595
0.0402725
0.0674695
0.0801719
0.0854664
0.105309
0.166226
0.27281
0.392255
0.449659
0.449748
0.417701
0.338271
0.217876
0.10155
0.0483653
0.028629
0.0178792
0.0108185
0.00624432
0.00341705
0.00175961
0.000851203
0.000390668
0.00017012
6.9351e-05
2.52406e-05
6.30447e-06
-2.88077e-06
-9.21827e-06
-1.48141e-05
-1.9982e-05
-2.55742e-05
-3.27847e-05
-3.77253e-05
-3.72589e-05
-3.29617e-05
-2.69935e-05
-2.15906e-05
-1.80087e-05
-1.41775e-05
-1.07658e-05
-7.6458e-06
-4.80959e-06
-2.706e-06
-1.3288e-06
-5.89972e-07
-2.36443e-07
-8.16164e-08
-1.83191e-08
4.27404e-09
1.02308e-08
1.01704e-08
7.97818e-09
5.16973e-09
2.75094e-09
1.16011e-09
3.31563e-10
5.27954e-11
2.40974e-11
9.27235e-12
3.34992e-12
9.85054e-13
1.67571e-13
2.55401e-14
9.10612e-15
3.28199e-15
9.70269e-16
2.52588e-16
6.19916e-17
1.54218e-17
3.86947e-18
5.21607e-18
1.27356e-17
2.60099e-18
1.25399e-18
5.63895e-19
4.22196e-19
2.84426e-19
1.794e-19
1.02312e-19
-4.24296e-21
-5.97346e-20
-9.01891e-20
-1.09463e-19
-1.45161e-19
-1.88504e-19
-2.20668e-19
-2.39552e-19
-2.54348e-19
-2.51825e-19
-2.47198e-19
-2.41525e-19
-2.14014e-19
-1.70705e-19
-1.04445e-19
-4.63721e-20
-1.81041e-20
1.61666e-20
4.0812e-20
4.7087e-20
4.39344e-20
3.38202e-20
2.07944e-20
9.18845e-21
1.85471e-21
-1.14239e-21
-1.70405e-21
-1.3213e-21
-7.79229e-22
-3.76559e-22
-1.5024e-22
-4.88865e-23
-1.22149e-23
-1.74817e-24
2.4283e-25
2.81432e-25
1.17726e-25
3.53976e-26
9.00435e-27
2.11628e-27
6.46286e-28
3.31252e-28
1.84841e-28
1.21178e-28
1.03052e-28
7.53008e-29
5.7771e-29
5.02578e-29
3.01479e-29
1.89354e-29
9.00044e-30
2.7439e-30
-2.25578e-31
-1.10796e-30
-1.00298e-30
-6.06269e-31
-2.49266e-31
-1.82578e-32
8.19905e-32
8.76738e-32
5.32975e-32
1.8567e-32
7.8499e-35
-4.18971e-33
-2.72595e-33
-8.71702e-34
-8.75903e-35
5.65658e-35
3.02441e-35
5.52266e-36
3.64492e-38
-1.88825e-37
4.45425e-37
3.34175e-36
9.63531e-36
1.68775e-35
1.57389e-35
-1.06586e-35
-8.04678e-35
-1.9563e-34
-2.41281e-34
-1.7462e-34
-9.2374e-35
-3.78988e-35
-1.21596e-35
-2.95253e-36
-4.9019e-37
-3.59069e-38
6.06262e-39
2.0887e-39
1.77174e-40
5.72939e-42
2.92133e-42
1.51622e-43
-6.23706e-43
-7.8521e-43
-6.90379e-43
-4.80172e-43
-2.70315e-43
-9.07677e-44
-6.07633e-45
1.03627e-45
-2.7613e-47
1.12378e-47
-2.30173e-48
-2.74887e-48
-1.23283e-48
-2.81234e-49
1.94053e-50
5.20428e-50
2.79862e-50
5.61999e-51
4.08696e-16
1.4183e-13
5.73127e-11
7.94341e-09
4.57035e-07
3.66721e-06
5.52743e-06
2.19318e-05
7.09023e-05
0.000171757
0.000457534
0.0036922
0.0117507
0.0240599
0.0439191
0.0721839
0.10433
0.142732
0.203895
0.289798
0.393135
0.493532
0.54179
0.536437
0.513142
0.469054
0.367633
0.240813
0.1269
0.0620714
0.0352881
0.0212476
0.0128368
0.00683163
0.00352229
0.00179325
0.000931969
0.000501118
0.000263057
0.000121036
4.09562e-05
8.32341e-06
-7.8479e-06
-2.35867e-05
-3.89769e-05
-5.07553e-05
-5.65815e-05
-5.79108e-05
-5.66826e-05
-5.37862e-05
-5.04632e-05
-4.72172e-05
-4.36791e-05
-3.91385e-05
-3.05162e-05
-1.8914e-05
-9.94757e-06
-5.65829e-06
-3.24817e-06
-1.73052e-06
-8.65174e-07
-3.89033e-07
-1.52235e-07
-5.09835e-08
-1.06255e-08
3.97844e-09
7.20077e-09
6.46974e-09
4.38213e-09
1.82312e-09
2.39552e-10
-7.15914e-12
5.03963e-12
3.90767e-12
1.49517e-12
4.52644e-13
1.24327e-13
3.07764e-14
5.55553e-15
1.14269e-16
-4.81029e-16
-2.61516e-16
-1.10404e-16
-3.66232e-17
-5.57315e-18
2.30746e-17
1.35962e-17
7.85826e-18
1.11909e-17
1.29549e-17
1.18583e-17
9.42487e-18
7.77296e-18
6.63693e-18
6.00486e-18
4.56477e-18
4.20012e-18
2.4132e-18
1.00656e-18
7.77993e-19
2.35257e-19
-6.95409e-19
-1.49831e-18
-1.85793e-18
-2.18182e-18
-1.79356e-18
-1.2934e-18
-9.0398e-19
-6.19906e-19
-3.18465e-19
-3.85846e-20
1.07564e-19
1.44074e-19
1.15009e-19
6.95708e-20
3.33769e-20
1.2982e-20
3.97899e-21
7.89362e-22
-2.65562e-23
-1.14696e-22
-6.39409e-23
-2.33945e-23
-6.24896e-24
-1.08304e-24
-2.86306e-26
5.97815e-26
3.50914e-26
1.81605e-26
1.07333e-26
7.18765e-27
5.23042e-27
4.24215e-27
3.4071e-27
2.66497e-27
2.15331e-27
1.57889e-27
1.10414e-27
7.27476e-28
4.4632e-28
2.53829e-28
1.318e-28
5.95951e-29
2.04283e-29
1.60111e-30
-4.8942e-30
-5.42611e-30
-3.47011e-30
-1.41678e-30
-1.6823e-31
2.62391e-31
2.44754e-31
1.12989e-31
2.6092e-32
-3.49648e-33
-5.46848e-33
-2.20636e-33
-4.1603e-34
-5.43136e-36
2.3407e-35
3.09903e-35
2.67535e-35
-1.03631e-34
-6.03063e-34
-1.75087e-33
-3.5074e-33
-4.65021e-33
-4.76086e-33
-3.50329e-33
-2.06739e-33
-1.07832e-33
-5.1001e-34
-2.1649e-34
-8.02424e-35
-2.51519e-35
-6.44871e-36
-1.30052e-36
-1.93974e-37
-1.83586e-38
-2.38848e-40
4.61628e-40
3.34316e-40
2.36216e-40
1.68763e-40
1.08021e-40
5.97794e-41
2.72723e-41
9.45518e-42
2.03694e-42
8.61272e-44
-2.30941e-44
-3.4037e-45
1.80203e-45
1.35313e-45
4.6531e-46
7.70079e-47
-1.63952e-47
-1.90614e-47
-8.89024e-48
-1.83068e-48
2.58728e-16
3.8677e-14
1.03609e-11
1.18713e-09
3.48004e-09
3.79912e-08
-7.28393e-07
-4.37604e-06
-7.83913e-06
-5.91063e-06
5.38234e-06
4.34715e-05
0.000122364
0.000320704
0.000802844
0.00187824
0.00407464
0.0092133
0.0215705
0.0441637
0.0801408
0.133807
0.210366
0.304028
0.407022
0.512796
0.610152
0.629345
0.609663
0.568535
0.494818
0.384187
0.264607
0.153047
0.0783056
0.0534964
0.043986
0.036485
0.0306316
0.0273073
0.0277927
0.0285342
0.0272894
0.0241713
0.0197127
0.0149563
0.0106804
0.00702509
0.00428399
0.00236517
0.00116006
0.000525922
0.000215023
6.26492e-05
-1.40881e-05
-5.20549e-05
-6.75225e-05
-7.08955e-05
-6.83768e-05
-6.17467e-05
-5.0576e-05
-2.64895e-05
-7.58084e-06
-2.52489e-06
-1.38482e-06
-7.25147e-07
-3.31267e-07
-1.31318e-07
-4.66447e-08
-1.56396e-08
-4.84973e-09
-8.79814e-10
3.43397e-10
4.65655e-10
2.84421e-10
3.56052e-11
1.17501e-11
5.74106e-12
2.08064e-12
5.97183e-13
9.47484e-14
-3.37056e-14
-4.12849e-14
-2.42704e-14
-1.0005e-14
-3.17642e-15
-9.61293e-16
-3.81624e-16
-1.8282e-16
-1.43255e-16
-9.26112e-17
-1.37287e-17
1.40448e-17
1.5984e-17
1.95135e-17
3.53888e-17
3.05919e-17
2.08019e-17
2.28963e-17
3.52866e-17
4.19353e-17
5.03526e-17
3.2268e-17
2.0324e-17
1.28988e-17
5.13677e-18
1.9509e-19
-2.98958e-18
-4.21504e-18
-3.87058e-18
-2.42591e-18
-1.09542e-18
-1.04668e-19
3.33079e-19
3.66789e-19
2.56186e-19
1.42858e-19
6.74231e-20
2.69699e-20
8.95435e-21
2.28053e-21
2.98014e-22
-9.62912e-23
-9.23943e-23
-4.27798e-23
-1.4907e-23
-4.80667e-24
-1.55324e-24
-5.45622e-25
-2.32799e-25
-1.22992e-25
-7.48363e-26
-5.08666e-26
-3.5656e-26
-2.54388e-26
-1.87535e-26
-1.30534e-26
-8.64023e-27
-5.17682e-27
-2.65258e-27
-1.00208e-27
-6.53353e-29
3.43877e-28
4.27688e-28
3.54496e-28
2.30114e-28
1.1775e-28
4.14266e-29
2.2668e-30
-1.03107e-29
-9.45985e-30
-5.02277e-30
-1.53125e-30
2.3528e-33
3.05369e-31
1.93128e-31
6.47158e-32
1.00206e-32
-1.41405e-33
-9.69164e-34
-2.02949e-34
-7.48543e-34
-3.8684e-33
-1.11076e-32
-2.07054e-32
-2.06216e-32
-7.80627e-33
6.76076e-33
1.29025e-32
1.11909e-32
6.92437e-33
3.32544e-33
1.25552e-33
3.55521e-34
6.06227e-35
-4.25898e-36
-7.92207e-36
-3.55361e-36
-1.10931e-36
-2.85294e-37
-6.75423e-38
-1.47983e-38
-1.34055e-39
2.0668e-39
2.43215e-39
1.86256e-39
1.14624e-39
5.81838e-40
2.34462e-40
6.57087e-41
6.37564e-42
-8.55611e-43
-7.40455e-43
-2.71515e-43
-6.43031e-44
-5.17498e-45
4.4832e-45
3.20511e-45
1.34455e-45
2.91611e-46
2.1939e-16
1.12449e-14
1.66419e-12
2.68367e-11
7.80363e-10
-2.56374e-09
-1.29127e-07
-5.79179e-07
-9.568e-07
-8.07394e-07
6.04853e-08
1.45439e-06
4.47868e-06
1.44566e-05
4.24961e-05
0.000114767
0.000288472
0.000698319
0.00164577
0.00368303
0.00778235
0.01568
0.0329548
0.0637893
0.111558
0.186912
0.292316
0.404678
0.509194
0.603762
0.672528
0.670097
0.644978
0.588699
0.48731
0.386303
0.313942
0.264822
0.232918
0.211893
0.201628
0.193141
0.180843
0.16441
0.144616
0.123379
0.102632
0.0827651
0.0649209
0.0493139
0.036037
0.0251704
0.01628
0.010055
0.00600129
0.00346287
0.00190843
0.000985814
0.000468085
0.000188755
5.05407e-05
-1.04677e-05
-3.36985e-05
-3.95923e-05
-3.70314e-05
-2.36421e-05
-8.59101e-06
-2.53389e-06
-1.12366e-06
-5.40466e-07
-2.41207e-07
-9.53338e-08
-3.49397e-08
-1.16863e-08
-3.20719e-09
-3.4352e-10
4.79289e-10
5.33165e-10
2.66952e-10
1.18134e-10
6.16563e-11
2.80885e-11
1.1568e-11
4.44525e-12
1.55468e-12
4.77264e-13
1.19466e-13
1.76877e-14
-4.3751e-15
-6.12533e-15
-4.80662e-15
-3.94899e-15
-3.73661e-15
-3.27464e-15
-2.61005e-15
-8.64748e-16
-8.22942e-16
-1.0018e-15
-4.59625e-16
-1.30952e-16
-5.12532e-17
2.44722e-19
1.21804e-16
1.628e-16
1.74089e-16
1.59615e-16
1.34655e-16
7.8888e-17
4.70385e-17
2.64438e-17
1.0137e-17
-7.04107e-19
-4.14398e-18
-3.85899e-18
-2.45436e-18
-1.15523e-18
-3.89797e-19
-6.60421e-20
2.59117e-20
3.16401e-20
1.86584e-20
8.11102e-21
2.75116e-21
6.83276e-22
7.26991e-23
-4.75651e-23
-4.55908e-23
-2.75523e-23
-1.47377e-23
-7.77954e-24
-4.29739e-24
-2.55748e-24
-1.66027e-24
-1.14402e-24
-8.08758e-25
-5.77319e-25
-4.06116e-25
-2.78811e-25
-1.84727e-25
-1.17276e-25
-7.10602e-26
-4.08512e-26
-2.20248e-26
-1.08695e-26
-4.61654e-27
-1.44804e-27
-4.73518e-29
3.86159e-28
3.8154e-28
2.40699e-28
1.07755e-28
2.71637e-29
-5.25987e-30
-1.08378e-29
-6.94633e-30
-2.81984e-30
-6.02322e-31
7.99401e-32
1.27683e-31
5.79827e-32
1.52245e-32
-2.50238e-33
-2.39297e-32
-5.14924e-32
3.87826e-33
1.44518e-31
2.74242e-31
3.02474e-31
2.44217e-31
1.62335e-31
9.44074e-32
4.90892e-32
2.30011e-32
9.6839e-33
3.62493e-33
1.18576e-33
3.29787e-34
7.38447e-35
1.12027e-35
-1.42096e-37
-1.00558e-36
-5.86138e-37
-2.89148e-37
-1.42874e-37
-7.0907e-38
-3.39297e-38
-1.49476e-38
-5.77234e-39
-1.78882e-39
-3.5098e-40
1.13226e-41
4.0814e-41
2.02118e-41
6.02279e-42
6.31901e-43
-5.80356e-43
-5.01017e-43
-2.47756e-43
-9.04981e-44
-1.47789e-44
2.11342e-16
5.81585e-15
2.08478e-13
5.34336e-12
-5.40397e-11
-3.16184e-09
-1.49429e-08
-4.55773e-08
-6.60946e-08
-6.67843e-08
4.10113e-09
1.90963e-07
5.89841e-07
1.75532e-06
5.01436e-06
1.3736e-05
3.61552e-05
9.23636e-05
0.000230378
0.000556992
0.00129734
0.00291918
0.00645164
0.0135919
0.0268632
0.0516957
0.0944138
0.157958
0.24807
0.356816
0.470698
0.56988
0.652817
0.694144
0.685973
0.664172
0.630651
0.586001
0.536904
0.493282
0.459422
0.429627
0.398569
0.364987
0.328736
0.291107
0.253853
0.217326
0.182925
0.151098
0.122229
0.0967809
0.0744262
0.0554955
0.0397581
0.0272427
0.0176931
0.010734
0.00596265
0.0029607
0.0013721
0.00059521
0.000230459
6.47008e-05
-7.1734e-06
-3.33079e-05
-3.80141e-05
-3.35224e-05
-2.30105e-05
-1.07777e-05
-3.90389e-06
-1.73625e-06
-8.36386e-07
-3.92566e-07
-1.68975e-07
-6.77047e-08
-2.4731e-08
-7.22296e-09
-2.24306e-10
2.0182e-09
2.18525e-09
1.30977e-09
5.17754e-10
2.7816e-10
1.41041e-10
6.22226e-11
2.43857e-11
8.93316e-12
3.01098e-12
8.69769e-13
1.69618e-13
-2.43585e-14
-6.42387e-14
-6.69764e-14
-6.63564e-14
-6.35531e-14
-5.25311e-14
-4.27983e-14
-2.3143e-14
-1.23766e-14
-7.73932e-15
-5.13556e-15
-1.65732e-15
1.87503e-16
5.25628e-16
6.20456e-16
5.64224e-16
4.34649e-16
3.17684e-16
2.35491e-16
1.65864e-16
6.97106e-17
1.44878e-17
-1.36104e-17
-1.84365e-17
-1.31106e-17
-7.0713e-18
-3.15218e-18
-1.17253e-18
-3.46669e-19
-6.38426e-20
8.85039e-21
1.63682e-20
1.04116e-20
5.10661e-21
2.19607e-21
8.65688e-22
3.18869e-22
1.10913e-22
3.66619e-23
1.13572e-23
3.09398e-24
5.6215e-25
-1.94724e-25
-3.6762e-25
-3.54422e-25
-3.01025e-25
-2.38746e-25
-1.91043e-25
-1.57486e-25
-1.31158e-25
-1.07987e-25
-8.52705e-26
-6.34126e-26
-4.37078e-26
-2.75562e-26
-1.55001e-26
-7.51695e-27
-2.88033e-27
-6.00978e-28
2.43405e-28
3.87274e-28
2.7721e-28
1.38301e-28
4.6817e-29
4.9358e-30
-6.6105e-30
-6.02776e-30
-3.1056e-30
-1.21737e-30
-4.02302e-31
-1.30133e-31
-7.56865e-32
2.64259e-31
1.07039e-30
1.63628e-30
1.67284e-30
1.26035e-30
7.73736e-31
4.17415e-31
2.10014e-31
1.0387e-31
5.20439e-32
2.6218e-32
1.283e-32
5.87956e-33
2.45853e-33
9.23622e-34
3.08648e-34
9.06124e-35
2.24975e-35
3.88261e-36
-3.96941e-37
-1.02132e-36
-8.46868e-37
-5.66609e-37
-3.3546e-37
-1.78554e-37
-8.45967e-38
-3.48139e-38
-1.17861e-38
-2.97104e-39
-3.99116e-40
1.26861e-40
1.36249e-40
7.28323e-41
2.95558e-41
9.53374e-42
2.26451e-42
-6.28791e-44
2.04002e-16
5.22614e-15
6.79525e-14
7.82336e-13
-7.21809e-12
-6.72677e-11
-5.16974e-10
-1.69808e-09
-2.19065e-09
1.75817e-09
1.4423e-08
4.99105e-08
1.54387e-07
4.4356e-07
1.26805e-06
3.587e-06
1.00238e-05
2.81334e-05
7.78659e-05
0.000210528
0.000547002
0.00134577
0.00311281
0.0067636
0.0137681
0.0262777
0.0472393
0.0800124
0.12954
0.198049
0.284417
0.384273
0.490006
0.587004
0.66226
0.702729
0.703695
0.697829
0.684646
0.663392
0.63559
0.602633
0.566681
0.527563
0.485132
0.440306
0.394603
0.348633
0.303853
0.260995
0.220731
0.183786
0.150086
0.120155
0.0938854
0.0714181
0.0526543
0.0373622
0.0253898
0.0161839
0.00961846
0.00524201
0.00255186
0.00106107
0.000395644
0.000123621
1.50165e-05
-2.79887e-05
-4.33246e-05
-4.39598e-05
-3.68083e-05
-2.43712e-05
-1.26404e-05
-5.36682e-06
-2.5269e-06
-1.27068e-06
-6.40455e-07
-3.10607e-07
-1.40177e-07
-5.65834e-08
-1.85287e-08
-2.34304e-09
3.89792e-09
5.2598e-09
4.35707e-09
2.10249e-09
7.73599e-10
3.9145e-10
1.93735e-10
8.3087e-11
3.06817e-11
1.0654e-11
3.14671e-12
3.84656e-13
-4.05172e-13
-5.49691e-13
-5.13836e-13
-4.6569e-13
-4.06654e-13
-3.26302e-13
-2.31213e-13
-1.46702e-13
-6.77342e-14
-2.61489e-14
-1.09597e-14
-2.49916e-15
7.97737e-16
1.2641e-15
9.82106e-16
6.24975e-16
3.57477e-16
2.25043e-16
1.57625e-16
4.34105e-17
-1.10002e-17
-2.21493e-17
-1.7643e-17
-1.06447e-17
-5.38582e-18
-2.34252e-18
-8.67039e-19
-2.55383e-19
-4.34318e-20
1.22654e-20
1.82028e-20
1.28787e-20
7.4529e-21
3.94244e-21
2.00515e-21
1.01467e-21
5.23852e-22
2.80868e-22
1.58523e-22
9.37332e-23
5.75503e-23
3.62079e-23
2.28411e-23
1.428e-23
8.72472e-24
5.14787e-24
2.90309e-24
1.53805e-24
7.46829e-25
3.14932e-25
9.76135e-26
2.49502e-27
-2.93633e-26
-3.19094e-26
-2.39481e-26
-1.45889e-26
-7.41492e-27
-2.97945e-27
-7.59134e-28
1.0958e-28
2.99496e-28
2.38981e-28
1.34231e-28
5.78901e-29
1.89809e-29
3.94421e-30
6.03019e-31
2.73717e-31
1.85611e-30
4.51693e-30
5.67458e-30
4.47792e-30
2.05075e-30
-4.08195e-32
-1.05558e-30
-1.20953e-30
-9.50492e-31
-6.06409e-31
-3.30535e-31
-1.56469e-31
-6.4156e-32
-2.22164e-32
-5.98342e-33
-8.28881e-34
3.38751e-34
3.78183e-34
2.27098e-34
1.10964e-34
4.82579e-35
1.91035e-35
6.74761e-36
1.94293e-36
2.91013e-37
-1.49382e-37
-1.84848e-37
-1.2304e-37
-6.33695e-38
-2.67401e-38
-9.83508e-39
-3.00408e-39
-6.23577e-40
4.76701e-41
1.5007e-40
1.09161e-40
5.90476e-41
2.07638e-41
1.9451e-16
5.15958e-15
6.76717e-14
5.7102e-13
3.45772e-12
2.16039e-11
7.36782e-11
3.11009e-10
1.42896e-09
5.2254e-09
1.66039e-08
5.07542e-08
1.55465e-07
4.67075e-07
1.38283e-06
3.97721e-06
1.11946e-05
3.12288e-05
8.59164e-05
0.000229334
0.000583203
0.00139367
0.00310612
0.00645876
0.0125698
0.0229397
0.0394355
0.0642407
0.099693
0.147881
0.210089
0.286312
0.373863
0.468806
0.56033
0.634951
0.687509
0.712387
0.714507
0.710474
0.699564
0.679712
0.651834
0.617756
0.578235
0.534446
0.487955
0.439755
0.391362
0.343793
0.29797
0.254786
0.21458
0.177949
0.14499
0.115922
0.0907493
0.0692957
0.0515566
0.0370576
0.025669
0.0169899
0.0106531
0.00620851
0.00330421
0.00157558
0.000609732
0.000185101
2.71732e-05
-2.87804e-05
-4.96678e-05
-5.4071e-05
-5.01113e-05
-4.01659e-05
-2.6692e-05
-1.5437e-05
-7.70416e-06
-3.78082e-06
-1.93029e-06
-9.97828e-07
-5.08173e-07
-2.48069e-07
-1.1052e-07
-4.12509e-08
-9.6511e-09
3.06104e-09
6.99842e-09
6.90539e-09
4.79696e-09
2.09296e-09
8.76722e-10
4.91937e-10
2.25283e-10
8.64668e-11
3.1294e-11
1.0227e-11
1.59125e-12
-1.37435e-12
-1.95598e-12
-1.77745e-12
-1.42709e-12
-1.13729e-12
-8.81899e-13
-5.86973e-13
-3.02973e-13
-1.30245e-13
-5.37951e-14
-2.36935e-14
-1.01904e-14
-4.03294e-15
-1.32247e-15
-2.40216e-16
5.3591e-17
2.87182e-16
2.46708e-16
1.41106e-16
5.90487e-17
1.72877e-17
1.59978e-18
-2.18941e-18
-2.0407e-18
-1.19093e-18
-5.57125e-19
-2.20373e-19
-7.17338e-20
-1.58101e-20
1.41609e-21
4.79826e-21
4.1767e-21
2.89539e-21
1.84829e-21
1.14569e-21
7.07453e-22
4.38742e-22
2.73269e-22
1.70665e-22
1.05768e-22
6.4946e-23
3.94187e-23
2.35929e-23
1.39116e-23
8.05734e-24
4.56311e-24
2.50288e-24
1.30522e-24
6.31032e-25
2.65644e-25
8.32378e-26
3.55439e-27
-2.30024e-26
-2.52028e-26
-1.89072e-26
-1.16234e-26
-6.04606e-27
-2.62645e-27
-8.54232e-28
-1.05629e-28
1.22263e-28
1.35726e-28
9.40961e-29
5.41763e-29
2.84231e-29
1.80594e-29
1.01983e-29
-2.6804e-31
-1.00643e-29
-1.60673e-29
-1.68543e-29
-1.41509e-29
-1.03119e-29
-6.7629e-30
-4.06075e-30
-2.25003e-30
-1.15368e-30
-5.47032e-31
-2.38913e-31
-9.52396e-32
-3.39667e-32
-1.03073e-32
-2.23449e-33
4.14177e-35
4.40416e-34
3.57892e-34
2.18241e-34
1.17346e-34
5.84591e-35
2.74697e-35
1.22188e-35
5.11188e-36
1.979e-36
6.86958e-37
1.99428e-37
3.81007e-38
-4.11743e-39
-9.54326e-39
-6.53481e-39
-3.33154e-39
-1.41514e-39
-5.1382e-40
-1.12914e-40
1.84154e-16
4.98926e-15
6.86481e-14
6.33489e-13
4.46861e-12
2.58871e-11
1.22603e-10
5.21348e-10
1.99972e-09
7.05156e-09
2.3393e-08
7.34886e-08
2.2251e-07
6.6159e-07
1.92195e-06
5.40234e-06
1.48061e-05
3.99956e-05
0.000106215
0.000273191
0.0006692
0.00154327
0.00333295
0.00673733
0.0127753
0.0227975
0.038427
0.0614227
0.0934485
0.135835
0.189301
0.253714
0.327656
0.409122
0.493252
0.571265
0.636655
0.685009
0.713936
0.720938
0.718573
0.708804
0.689706
0.662575
0.628269
0.588027
0.54345
0.495822
0.446729
0.397416
0.349012
0.302563
0.258731
0.218253
0.181446
0.148586
0.119756
0.0948343
0.0737645
0.0561386
0.0417673
0.0302454
0.0212383
0.0143888
0.00932772
0.00575712
0.00330434
0.00173085
0.000802333
0.000294721
5.08722e-05
-3.095e-05
-5.51153e-05
-6.16444e-05
-5.91857e-05
-5.23224e-05
-4.05361e-05
-2.76853e-05
-1.74382e-05
-1.02811e-05
-5.56734e-06
-2.81202e-06
-1.3954e-06
-6.85557e-07
-3.27285e-07
-1.47588e-07
-5.8186e-08
-1.53766e-08
2.27063e-09
7.87251e-09
8.27553e-09
6.48321e-09
3.69898e-09
1.82435e-09
9.36999e-10
4.57371e-10
1.86862e-10
7.0378e-11
2.48349e-11
7.51223e-12
7.52123e-13
-1.73584e-12
-2.41401e-12
-2.4143e-12
-2.05457e-12
-1.4418e-12
-8.67052e-13
-4.68753e-13
-2.355e-13
-1.08614e-13
-4.48308e-14
-1.57039e-14
-3.4485e-15
8.90695e-16
1.29336e-15
9.63373e-16
5.2283e-16
2.33776e-16
8.73432e-17
2.58208e-17
4.40617e-18
-1.23663e-18
-1.81913e-18
-1.25762e-18
-7.01327e-19
-3.50694e-19
-1.64063e-19
-7.34121e-20
-3.1855e-20
-1.35201e-20
-5.62403e-21
-2.2847e-21
-9.02616e-22
-3.35363e-22
-1.09158e-22
-2.32179e-23
8.65893e-24
1.89276e-23
2.08476e-23
1.94286e-23
1.66351e-23
1.34116e-23
1.02295e-23
7.37996e-24
5.02143e-24
3.2208e-24
1.92811e-24
1.07011e-24
5.423e-25
2.41588e-25
8.75002e-26
1.72946e-26
-8.29364e-27
-1.36027e-26
-1.13332e-26
-7.45059e-27
-4.20522e-27
-2.08189e-27
-9.2825e-28
-3.71281e-28
-1.56536e-28
-7.93527e-29
-7.78275e-29
-9.45752e-29
-1.04362e-28
-9.89437e-29
-8.35437e-29
-6.37318e-29
-4.48593e-29
-2.96425e-29
-1.85375e-29
-1.0998e-29
-6.18804e-30
-3.29605e-30
-1.65735e-30
-7.83439e-31
-3.45804e-31
-1.40785e-31
-5.15314e-32
-1.58916e-32
-3.21047e-33
5.05029e-34
1.13178e-33
9.07211e-34
5.74377e-34
3.23442e-34
1.68445e-34
8.2303e-35
3.78292e-35
1.62712e-35
6.46077e-36
2.30658e-36
6.98342e-37
1.45689e-37
-9.50015e-39
-3.40211e-38
-2.55184e-38
-1.42645e-38
-6.87765e-39
-2.41579e-39
1.73699e-16
4.74129e-15
6.62843e-14
6.25244e-13
4.48314e-12
2.61422e-11
1.29551e-10
5.63918e-10
2.20774e-09
7.9214e-09
2.64447e-08
8.337e-08
2.52116e-07
7.4687e-07
2.15573e-06
6.01214e-06
1.63337e-05
4.36698e-05
0.000114562
0.000290632
0.000701724
0.00159543
0.00340023
0.00679136
0.0127405
0.0225251
0.0376708
0.0598129
0.0904774
0.130816
0.18133
0.241648
0.310349
0.385178
0.462738
0.537853
0.604872
0.659395
0.69856
0.720457
0.723648
0.719927
0.707719
0.686119
0.656132
0.618989
0.576286
0.529463
0.480147
0.429758
0.379608
0.330913
0.284603
0.241542
0.20225
0.167076
0.136161
0.109436
0.0867558
0.0677559
0.0521205
0.0394189
0.029258
0.0212626
0.015071
0.0103861
0.00691343
0.00441588
0.00268179
0.00152305
0.000779957
0.000341022
0.000106314
-1.58018e-05
-5.61086e-05
-6.39029e-05
-6.25384e-05
-5.69438e-05
-4.67279e-05
-3.51107e-05
-2.46792e-05
-1.63536e-05
-1.02554e-05
-6.08036e-06
-3.39777e-06
-1.71716e-06
-7.3586e-07
-2.95193e-07
-1.12259e-07
-3.557e-08
-4.04409e-09
7.76172e-09
1.06385e-08
9.65898e-09
7.44459e-09
4.57263e-09
2.44554e-09
1.22574e-09
6.25711e-10
3.04584e-10
1.32028e-10
4.91054e-11
1.39861e-11
8.52918e-13
-3.5733e-12
-4.35432e-12
-3.47153e-12
-2.22664e-12
-1.22885e-12
-5.92181e-13
-2.42398e-13
-7.67677e-14
-1.23465e-14
2.61922e-15
3.94402e-15
3.07849e-15
1.79248e-15
8.79394e-16
3.71741e-16
1.34436e-16
3.86847e-17
5.90632e-18
-2.68769e-18
-3.50134e-18
-2.50438e-18
-1.49176e-18
-8.13829e-19
-4.23357e-19
-2.14829e-19
-1.07914e-19
-5.41603e-20
-2.73188e-20
-1.39102e-20
-7.12495e-21
-3.65529e-21
-1.85611e-21
-9.13439e-22
-4.22852e-22
-1.72986e-22
-5.13346e-23
2.71572e-24
2.2377e-23
2.57503e-23
2.23532e-23
1.69863e-23
1.18648e-23
7.74629e-24
4.77733e-24
2.79452e-24
1.54512e-24
8.06865e-25
3.91161e-25
1.73009e-25
6.569e-26
1.80453e-26
-3.16348e-28
-5.42201e-27
-5.39604e-27
-3.96778e-27
-2.57086e-27
-1.62009e-27
-1.04846e-27
-7.22247e-28
-5.13087e-28
-3.6312e-28
-2.50447e-28
-1.69034e-28
-1.12313e-28
-7.34766e-29
-4.70179e-29
-2.9183e-29
-1.74451e-29
-9.99293e-30
-5.46451e-30
-2.84262e-30
-1.40048e-30
-6.49023e-31
-2.79542e-31
-1.09257e-31
-3.6597e-32
-8.62054e-33
4.96392e-34
2.47272e-33
2.19291e-33
1.4721e-33
8.64302e-34
4.64393e-34
2.32377e-34
1.08875e-34
4.76532e-35
1.92871e-35
7.05357e-36
2.20181e-36
4.82727e-37
-2.04991e-38
-1.09288e-37
-8.6586e-38
-5.08345e-38
-2.58891e-38
-9.67723e-39
1.63058e-16
4.42893e-15
6.16992e-14
5.80867e-13
4.16048e-12
2.42616e-11
1.20381e-10
5.24921e-10
2.05944e-09
7.40462e-09
2.47671e-08
7.82208e-08
2.36865e-07
7.02435e-07
2.03103e-06
5.67491e-06
1.54377e-05
4.12932e-05
0.000108351
0.000275027
0.000664739
0.00151346
0.00323048
0.00646223
0.0121407
0.0214925
0.0359861
0.057202
0.0866284
0.125404
0.174041
0.232211
0.298581
0.37092
0.445909
0.519265
0.586334
0.643123
0.686579
0.714741
0.724657
0.72307
0.716408
0.698767
0.671616
0.636228
0.594193
0.547045
0.496492
0.444212
0.391798
0.340716
0.292184
0.247166
0.206323
0.170014
0.138362
0.111278
0.0884727
0.0695826
0.0541343
0.041654
0.0316772
0.0237794
0.0175868
0.012785
0.00910586
0.00633188
0.00427722
0.00278988
0.00174108
0.00102446
0.000557056
0.000260928
8.79015e-05
-2.3192e-06
-4.44725e-05
-5.99568e-05
-5.79825e-05
-5.27276e-05
-4.33964e-05
-3.33863e-05
-2.42887e-05
-1.68154e-05
-1.11041e-05
-6.97824e-06
-4.14859e-06
-2.32031e-06
-1.20572e-06
-5.66936e-07
-2.19989e-07
-5.12632e-08
-3.02655e-10
1.18295e-08
1.33439e-08
1.15513e-08
8.98079e-09
5.79142e-09
3.34006e-09
1.75301e-09
8.35637e-10
3.60125e-10
1.3459e-10
3.60566e-11
-8.76379e-13
-7.84282e-12
-7.12045e-12
-5.15584e-12
-3.04795e-12
-1.52586e-12
-6.39242e-13
-2.07858e-13
-3.69352e-14
4.06399e-15
8.11229e-15
6.24194e-15
3.78995e-15
1.95129e-15
8.7457e-16
3.41908e-16
1.11926e-16
2.55979e-17
-1.09317e-18
-6.3733e-18
-5.46787e-18
-3.57839e-18
-2.08805e-18
-1.14665e-18
-6.08384e-19
-3.16538e-19
-1.62801e-19
-8.3064e-20
-4.20856e-20
-2.10655e-20
-1.0331e-20
-4.89789e-21
-2.18976e-21
-8.7807e-22
-2.73063e-22
-1.72587e-23
7.33712e-23
9.06422e-23
7.95882e-23
6.08196e-23
4.29224e-23
2.87232e-23
1.84381e-23
1.14448e-23
6.89945e-24
4.03967e-24
2.30133e-24
1.26865e-24
6.7612e-25
3.44751e-25
1.66844e-25
7.47882e-26
2.98213e-26
9.46177e-27
1.46646e-27
-1.16023e-27
-1.60121e-27
-1.35299e-27
-9.40196e-28
-5.92761e-28
-3.58388e-28
-2.21952e-28
-1.46027e-28
-1.01147e-28
-7.05346e-29
-4.76942e-29
-3.0755e-29
-1.8829e-29
-1.09474e-29
-6.04964e-30
-3.17567e-30
-1.57842e-30
-7.37324e-31
-3.18889e-31
-1.23712e-31
-3.96801e-32
-7.39318e-33
2.73092e-33
4.42997e-33
3.5531e-33
2.29781e-33
1.31733e-33
6.92152e-34
3.37661e-34
1.53386e-34
6.45451e-35
2.4746e-35
8.28678e-36
2.13689e-36
1.70573e-37
-2.78682e-37
-2.69886e-37
-1.73626e-37
-9.38937e-38
-4.59608e-38
-1.61614e-38
1.52456e-16
4.08886e-15
5.58556e-14
5.14266e-13
3.59752e-12
2.06992e-11
9.96162e-11
4.27161e-10
1.65093e-09
5.87348e-09
1.95588e-08
6.16925e-08
1.87246e-07
5.56893e-07
1.62071e-06
4.56818e-06
1.25318e-05
3.38008e-05
8.95578e-05
0.000230091
0.000563937
0.00130314
0.00282329
0.0057291
0.0109077
0.0195455
0.0330832
0.0530942
0.0810851
0.11824
0.165153
0.221595
0.28634
0.357282
0.431198
0.503984
0.571395
0.629621
0.675689
0.70756
0.723386
0.723979
0.719389
0.704242
0.677761
0.641543
0.597197
0.546659
0.492083
0.435756
0.379757
0.325868
0.275545
0.229688
0.188921
0.153445
0.123186
0.0978962
0.0770327
0.0601579
0.0466109
0.0358675
0.027404
0.0207756
0.015614
0.0116097
0.00852263
0.00615867
0.00436509
0.00302167
0.00203112
0.00131527
0.000811203
0.00046663
0.000239921
9.86588e-05
1.62631e-05
-2.74999e-05
-4.60189e-05
-5.0102e-05
-4.68831e-05
-3.98722e-05
-3.16623e-05
-2.38053e-05
-1.70727e-05
-1.17087e-05
-7.67858e-06
-4.80692e-06
-2.85961e-06
-1.60558e-06
-8.39648e-07
-3.99643e-07
-1.64768e-07
-5.07657e-08
-2.06908e-09
1.35749e-08
1.34195e-08
1.03477e-08
6.86411e-09
4.00378e-09
2.07924e-09
9.58731e-10
3.78836e-10
1.13952e-10
1.28943e-11
-9.81096e-12
-1.04951e-11
-7.7275e-12
-4.7355e-12
-2.38588e-12
-9.88206e-13
-3.13535e-13
-5.23744e-14
6.6994e-15
1.14444e-14
8.51399e-15
5.34043e-15
2.81226e-15
1.29185e-15
5.20108e-16
1.7745e-16
4.44454e-17
1.1863e-18
-8.56945e-18
-8.01405e-18
-5.44224e-18
-3.24631e-18
-1.80539e-18
-9.6136e-19
-4.96733e-19
-2.5052e-19
-1.23449e-19
-5.92167e-20
-2.74196e-20
-1.20467e-20
-4.85942e-21
-1.65191e-21
-3.23548e-22
1.53647e-22
2.70142e-22
2.51138e-22
1.93927e-22
1.36765e-22
9.13852e-23
5.89598e-23
3.71634e-23
2.30532e-23
1.41435e-23
8.60428e-24
5.19394e-24
3.10842e-24
1.83939e-24
1.07349e-24
6.1477e-25
3.44273e-25
1.87116e-25
9.80664e-26
4.91256e-26
2.37899e-26
1.10488e-26
5.12611e-27
2.43459e-27
1.18708e-27
5.5622e-28
2.19922e-28
4.24624e-29
-3.72199e-29
-5.97008e-29
-5.45144e-29
-4.03242e-29
-2.63929e-29
-1.58691e-29
-8.93299e-30
-4.75143e-30
-2.39348e-30
-1.13696e-30
-5.02749e-31
-2.01041e-31
-6.7649e-32
-1.45029e-32
3.14633e-33
6.70577e-33
5.65446e-33
3.73861e-33
2.16367e-33
1.13701e-33
5.50016e-34
2.45443e-34
1.00228e-34
3.65406e-35
1.11159e-35
2.16686e-36
-3.76919e-37
-7.58055e-37
-5.75401e-37
-3.42987e-37
-1.80179e-37
-8.66558e-38
-3.9225e-38
-1.20823e-38
3.2793e-17
3.80213e-15
4.84454e-14
4.23477e-13
2.82754e-12
1.56558e-11
6.19467e-11
2.53476e-10
1.0018e-09
3.8193e-09
1.27481e-08
3.92791e-08
1.20169e-07
3.62698e-07
1.07775e-06
3.11509e-06
8.76899e-06
2.4271e-05
6.61358e-05
0.000175158
0.000443174
0.00105667
0.00235612
0.00490593
0.00955647
0.0174707
0.0300882
0.0490068
0.0757802
0.111653
0.157279
0.212485
0.276093
0.346009
0.419167
0.49172
0.559643
0.61894
0.666748
0.701409
0.721125
0.72354
0.718562
0.702317
0.671248
0.627796
0.574495
0.514892
0.452298
0.389975
0.330378
0.275289
0.22589
0.182617
0.145683
0.114814
0.0895088
0.0692046
0.0530597
0.0405171
0.0307822
0.0233195
0.0176089
0.0132488
0.00992571
0.00738636
0.0054498
0.0039732
0.0028518
0.0020071
0.00137612
0.000912798
0.000578292
0.000343046
0.000182956
7.86037e-05
1.47247e-05
-2.08976e-05
-3.76505e-05
-4.26101e-05
-4.07711e-05
-3.54572e-05
-2.8832e-05
-2.22266e-05
-1.63589e-05
-1.15328e-05
-7.79462e-06
-5.04394e-06
-3.11526e-06
-1.82617e-06
-1.00689e-06
-5.1407e-07
-2.36073e-07
-9.09587e-08
-2.28297e-08
4.14416e-09
1.08784e-08
1.01403e-08
7.23422e-09
4.35529e-09
2.30545e-09
1.07275e-09
4.2556e-10
1.28202e-10
1.43272e-11
-1.01879e-11
-1.07624e-11
-7.64105e-12
-4.45925e-12
-2.11976e-12
-8.14605e-13
-2.24774e-13
-2.29336e-14
1.15078e-14
1.11454e-14
7.61117e-15
4.53115e-15
2.32485e-15
1.04863e-15
4.14313e-16
1.36741e-16
3.08152e-17
-2.47097e-18
-9.04518e-18
-7.69245e-18
-5.04217e-18
-2.93288e-18
-1.58746e-18
-8.16078e-19
-4.01887e-19
-1.89827e-19
-8.55622e-20
-3.62657e-20
-1.40291e-20
-4.55148e-21
-8.57264e-22
3.65965e-22
6.18597e-22
5.43629e-22
3.96263e-22
2.63331e-22
1.65944e-22
1.01232e-22
6.07075e-23
3.61677e-23
2.15938e-23
1.30211e-23
7.96049e-24
4.93233e-24
3.10016e-24
1.96214e-24
1.24894e-24
7.92377e-25
4.99571e-25
3.10865e-25
1.90227e-25
1.1389e-25
6.63501e-26
3.76124e-26
2.07679e-26
1.12754e-26
5.87464e-27
2.8546e-27
1.23582e-27
4.32241e-28
8.27555e-29
-3.76072e-29
-5.87114e-29
-4.69564e-29
-3.02468e-29
-1.72981e-29
-9.1254e-30
-4.51704e-30
-2.10793e-30
-9.21035e-31
-3.67852e-31
-1.25951e-31
-2.92927e-32
3.63152e-33
1.10444e-32
9.79509e-33
6.6586e-33
3.92838e-33
2.08963e-33
1.01494e-33
4.50234e-34
1.80263e-34
6.29495e-35
1.73064e-35
2.09801e-36
-1.65992e-36
-1.8289e-36
-1.23789e-36
-7.04349e-37
-3.64544e-37
-1.76982e-37
-8.16042e-38
-3.57869e-38
-1.50692e-38
-3.91507e-39
3.3709e-17
3.35371e-15
3.985e-14
2.39431e-13
2.63245e-12
-1.02285e-11
-1.52007e-10
-6.631e-10
-9.48584e-10
9.49963e-10
9.79541e-09
2.66775e-08
8.49228e-08
2.49417e-07
7.22328e-07
2.07057e-06
5.86846e-06
1.64947e-05
4.59792e-05
0.000126191
0.000333906
0.000838593
0.00197522
0.00431328
0.00872151
0.0164116
0.0288987
0.0478617
0.0749093
0.111281
0.157542
0.213344
0.277315
0.347049
0.419601
0.491575
0.559143
0.618937
0.668385
0.703549
0.720973
0.720442
0.709895
0.681851
0.632888
0.569807
0.498798
0.426175
0.35605
0.291664
0.234573
0.185419
0.144194
0.110415
0.0834211
0.0622687
0.0459927
0.0337453
0.0245667
0.0178768
0.0129694
0.00941823
0.00683782
0.00496372
0.00360255
0.00260789
0.00187916
0.0013399
0.000938321
0.000639887
0.000418788
0.000258754
0.000145047
6.69187e-05
1.61957e-05
-1.44339e-05
-2.89386e-05
-3.47561e-05
-3.65748e-05
-3.43301e-05
-2.96411e-05
-2.40491e-05
-1.85666e-05
-1.37282e-05
-9.75014e-06
-6.65681e-06
-4.36304e-06
-2.73216e-06
-1.62828e-06
-9.16297e-07
-4.80388e-07
-2.28491e-07
-9.30146e-08
-2.69156e-08
1.4524e-09
8.70834e-09
8.11394e-09
6.24515e-09
4.06557e-09
2.29554e-09
1.12678e-09
4.72924e-10
1.58885e-10
3.00945e-11
-6.02706e-12
-9.03723e-12
-6.34709e-12
-3.88939e-12
-1.92309e-12
-7.80516e-13
-2.41373e-13
-3.61122e-14
6.51427e-15
8.32372e-15
6.05638e-15
3.83851e-15
2.0595e-15
9.69663e-16
4.01243e-16
1.40512e-16
3.59629e-17
1.01677e-18
-7.02732e-18
-6.54494e-18
-4.36042e-18
-2.50609e-18
-1.31302e-18
-6.40424e-19
-2.92468e-19
-1.24413e-19
-4.83296e-20
-1.62337e-20
-3.86997e-21
2.13083e-22
1.15685e-21
1.07385e-21
7.61572e-22
4.78326e-22
2.79135e-22
1.55063e-22
8.32989e-23
4.40183e-23
2.30755e-23
1.22244e-23
6.63628e-24
3.74637e-24
2.2289e-24
1.40289e-24
9.24704e-25
6.38416e-25
4.49854e-25
3.23988e-25
2.32715e-25
1.66909e-25
1.17729e-25
8.1752e-26
5.5459e-26
3.64289e-26
2.24412e-26
1.30459e-26
6.89442e-27
3.23087e-27
1.28218e-27
3.70938e-28
1.79572e-29
-7.40921e-29
-6.99996e-29
-4.46674e-29
-2.36202e-29
-1.0986e-29
-4.58551e-30
-1.70824e-30
-5.40759e-31
-1.16534e-31
1.41123e-32
4.0438e-32
3.53134e-32
2.41594e-32
1.47348e-32
8.2979e-33
4.35227e-33
2.11846e-33
9.46806e-34
3.81374e-34
1.33375e-34
3.63034e-35
4.0433e-36
-3.7131e-36
-3.86795e-36
-2.53112e-36
-1.40361e-36
-7.17728e-37
-3.50989e-37
-1.66702e-37
-7.71215e-38
-3.45938e-38
-1.49021e-38
-6.06582e-39
-2.31293e-39
-3.97704e-40
-6.03349e-17
3.0173e-15
6.79021e-14
7.44685e-13
2.19131e-11
-1.00473e-09
-4.75996e-09
-2.25928e-08
-3.87455e-08
-3.76299e-08
-2.62122e-08
7.14221e-08
2.71801e-07
7.51639e-07
2.06443e-06
5.52473e-06
1.43369e-05
3.59515e-05
8.70261e-05
0.000204541
0.000469459
0.00104813
0.00227711
0.00480015
0.00981105
0.0190564
0.0343327
0.0573874
0.0899192
0.132822
0.185885
0.247782
0.316255
0.387931
0.460086
0.530122
0.594978
0.652076
0.695846
0.717849
0.7163
0.703394
0.666265
0.60118
0.515704
0.426216
0.341636
0.267264
0.204435
0.153234
0.112506
0.080899
0.0571387
0.0396477
0.0271144
0.0181902
0.0116393
0.00735178
0.0047747
0.00320253
0.00214541
0.0014177
0.000909277
0.000562597
0.000333326
0.000185584
9.24749e-05
3.41325e-05
-2.13092e-06
-2.38348e-05
-3.61791e-05
-4.22197e-05
-4.40204e-05
-4.28851e-05
-4.00125e-05
-3.61911e-05
-3.14103e-05
-2.67993e-05
-2.15865e-05
-1.65769e-05
-1.22925e-05
-8.79621e-06
-6.06518e-06
-4.02316e-06
-2.5606e-06
-1.52363e-06
-8.60682e-07
-4.71482e-07
-2.49927e-07
-1.25923e-07
-5.85404e-08
-2.35902e-08
-6.70162e-09
5.21203e-10
2.91259e-09
3.36838e-09
2.80969e-09
1.85388e-09
1.01679e-09
4.43921e-10
1.71879e-10
6.24547e-11
2.02838e-11
4.69483e-12
-1.07713e-12
-1.93855e-12
-1.35539e-12
-6.64068e-13
-2.90106e-13
-1.19941e-13
-4.49599e-14
-1.13773e-14
5.82571e-16
2.23063e-15
1.79914e-15
1.00128e-15
4.60689e-16
1.81327e-16
5.87191e-17
1.24193e-17
-1.67294e-18
-4.08482e-18
-3.19971e-18
-1.9238e-18
-1.00232e-18
-4.6912e-19
-1.98615e-19
-7.48858e-20
-2.37457e-20
-5.04833e-21
5.89836e-22
1.6067e-21
1.30664e-21
8.28009e-22
4.618e-22
2.35137e-22
1.10435e-22
4.78126e-23
1.87309e-23
6.45322e-24
1.64467e-24
1.17252e-26
-4.22283e-25
-4.52473e-25
-3.73748e-25
-2.84088e-25
-2.07123e-25
-1.45985e-25
-9.85888e-26
-6.26853e-26
-3.66896e-26
-1.82407e-26
-6.37984e-27
9.36684e-28
4.61378e-27
6.08489e-27
6.08763e-27
5.18992e-27
3.42821e-27
1.81967e-27
6.73013e-28
8.24875e-29
-1.24088e-28
-1.42115e-28
-9.72121e-29
-5.06604e-29
-2.08745e-29
-6.48252e-30
-1.07336e-30
3.85998e-31
5.12339e-31
3.43976e-31
1.88157e-31
9.35699e-32
4.44473e-32
2.06981e-32
9.60262e-33
4.56725e-33
2.13889e-33
9.36444e-34
3.65943e-34
1.19429e-34
2.69386e-35
-6.75985e-37
-5.36944e-36
-4.0868e-36
-2.29023e-36
-1.13428e-36
-5.38486e-37
-2.54673e-37
-1.1983e-37
-5.46295e-38
-2.33754e-38
-9.08151e-39
-3.03136e-39
-7.27347e-40
1.97545e-41
1.87672e-40
1.73612e-40
1.19561e-40
-8.73478e-18
3.84503e-15
3.54127e-13
9.0917e-12
2.76513e-10
-2.17987e-09
-4.09415e-08
-3.04026e-07
-6.76712e-07
-7.81321e-07
-3.95934e-07
6.03763e-07
2.01117e-06
5.81852e-06
1.66006e-05
4.41357e-05
0.000109888
0.000258121
0.000576569
0.00124337
0.0025939
0.00515946
0.0097757
0.0176968
0.0307081
0.0512151
0.0812578
0.121596
0.172582
0.233832
0.307902
0.388359
0.466914
0.53812
0.600019
0.651842
0.692715
0.714079
0.712717
0.700228
0.664805
0.598189
0.495869
0.385537
0.284339
0.201035
0.137373
0.091548
0.0596345
0.03734
0.0224839
0.0136921
0.00853705
0.00535878
0.00332049
0.00198179
0.00114632
0.000636023
0.000326637
0.000151642
5.75258e-05
7.94282e-06
-1.75184e-05
-3.06916e-05
-3.6986e-05
-3.92943e-05
-3.92206e-05
-3.77193e-05
-3.53203e-05
-3.25861e-05
-2.93671e-05
-2.59173e-05
-2.17792e-05
-1.77804e-05
-1.39424e-05
-1.03055e-05
-7.15734e-06
-4.75774e-06
-3.09223e-06
-1.93714e-06
-1.16697e-06
-6.72559e-07
-3.68915e-07
-1.9209e-07
-9.3382e-08
-4.04652e-08
-1.34172e-08
-4.71887e-10
5.09563e-09
6.86401e-09
6.78044e-09
5.84853e-09
4.50604e-09
2.81911e-09
1.41078e-09
5.98818e-10
2.88375e-10
1.60568e-10
8.82373e-11
4.56621e-11
2.08996e-11
7.63693e-12
2.03653e-12
2.57332e-13
-1.50634e-13
-1.99752e-13
-1.20468e-13
-6.12483e-14
-2.72354e-14
-1.07834e-14
-3.89752e-15
-1.17244e-15
-3.75777e-18
3.27947e-16
2.32708e-16
1.02129e-16
3.04326e-17
3.41937e-18
-3.25544e-18
-3.27806e-18
-2.0195e-18
-1.00862e-18
-4.31943e-19
-1.58023e-19
-4.6083e-20
-7.52063e-21
2.51412e-21
3.39311e-21
2.26066e-21
1.19862e-21
5.51706e-22
2.27472e-22
8.06848e-23
2.29749e-23
2.55113e-24
-2.7661e-24
-3.09099e-24
-2.26113e-24
-1.4203e-24
-8.63233e-25
-5.10558e-25
-3.29205e-25
-2.17646e-25
-1.55268e-25
-1.13617e-25
-8.59988e-26
-6.62113e-26
-5.19905e-26
-4.04542e-26
-3.18463e-26
-2.44096e-26
-1.86359e-26
-1.37303e-26
-9.90219e-27
-6.8681e-27
-4.6122e-27
-2.9717e-27
-1.82507e-27
-1.08382e-27
-6.20225e-28
-3.51703e-28
-1.84381e-28
-8.3747e-29
-2.96488e-29
-5.56558e-30
1.97638e-30
2.66076e-30
1.61032e-30
7.10499e-31
2.5177e-31
7.39954e-32
1.81214e-32
3.62501e-33
5.73316e-34
8.62821e-35
6.24734e-35
6.48439e-35
1.10902e-35
-2.3448e-35
-2.87267e-35
-2.08658e-35
-1.16402e-35
-5.3269e-36
-2.05997e-36
-6.94422e-37
-2.16539e-37
-6.69899e-38
-1.89322e-38
-1.26757e-39
4.94775e-39
5.90207e-39
4.7879e-39
3.2922e-39
2.06382e-39
1.2179e-39
6.85618e-40
3.6975e-40
1.90747e-40
9.49119e-41
3.50396e-41
1.04112e-16
9.48365e-15
2.08928e-12
2.67526e-10
2.33022e-09
1.50394e-08
-1.89461e-07
-2.15418e-06
-5.89528e-06
-7.10638e-06
-2.00358e-06
1.06635e-05
4.71174e-05
0.000124669
0.000311505
0.000734337
0.00161512
0.00331341
0.00639404
0.0121639
0.0229885
0.0398301
0.0636943
0.0963464
0.140738
0.204407
0.291019
0.385514
0.481916
0.56356
0.624019
0.668479
0.689907
0.691947
0.691471
0.687294
0.676958
0.654818
0.607813
0.523707
0.406799
0.287595
0.184256
0.108585
0.0590901
0.031606
0.0177793
0.0105436
0.00640917
0.00391891
0.00236137
0.00136851
0.000753695
0.000395375
0.000198172
9.36903e-05
3.977e-05
1.29827e-05
1.60512e-07
-6.12131e-06
-9.15444e-06
-1.08928e-05
-1.18947e-05
-1.18727e-05
-1.09155e-05
-9.58432e-06
-8.1192e-06
-6.68902e-06
-5.3239e-06
-3.98664e-06
-2.79975e-06
-1.81457e-06
-1.10966e-06
-6.18401e-07
-2.94192e-07
-1.09209e-07
-2.78998e-08
8.74936e-10
1.11968e-08
1.40834e-08
1.38182e-08
1.23432e-08
1.0533e-08
8.70219e-09
6.96631e-09
5.3615e-09
3.85985e-09
2.38836e-09
1.23564e-09
6.84302e-10
4.27937e-10
2.55251e-10
1.43909e-10
7.66082e-11
3.85279e-11
1.81982e-11
8.05544e-12
3.32088e-12
1.23249e-12
3.6798e-13
4.6048e-14
-4.31278e-14
-4.54232e-14
-2.59445e-14
-1.03867e-14
-5.01459e-15
-2.53352e-15
-1.26946e-15
-6.27408e-16
-2.78017e-16
-1.14272e-16
5.50701e-18
1.95385e-17
2.09625e-18
-7.45751e-18
-8.76057e-18
-6.32685e-18
-3.52305e-18
-1.60757e-18
-5.98135e-19
-1.64179e-19
-1.55173e-20
1.89494e-20
1.78995e-20
1.06112e-20
5.08895e-21
2.10927e-21
7.69227e-22
2.43683e-22
6.27083e-23
9.01665e-24
-3.07087e-24
-3.71578e-24
-2.46424e-24
-1.29785e-24
-6.58552e-25
-3.11175e-25
-1.52432e-25
-7.0491e-26
-3.35205e-26
-1.3869e-26
-5.59017e-27
-1.78953e-27
-3.96974e-28
-1.1194e-30
-5.99237e-29
-2.67706e-28
-5.48549e-28
-7.61627e-28
-9.95405e-28
-1.09158e-27
-1.17711e-27
-1.13233e-27
-1.06057e-27
-9.16076e-28
-7.65089e-28
-6.02436e-28
-4.29079e-28
-2.10276e-28
-8.18422e-29
-2.23876e-29
-7.18112e-32
5.09848e-30
4.06288e-30
1.97219e-30
5.93575e-31
5.00057e-32
-5.59599e-32
-3.86883e-32
-1.63129e-32
-5.50331e-33
-1.59135e-33
-4.17438e-34
-1.01837e-34
-2.69212e-35
-4.24683e-35
-4.82921e-35
-3.16749e-35
-1.68121e-35
-7.54609e-36
-2.87421e-36
-8.97502e-37
-2.08748e-37
-2.20693e-38
1.11258e-38
1.06899e-38
6.81512e-39
4.16021e-39
2.58383e-39
1.63615e-39
1.04093e-39
6.48888e-40
3.87868e-40
2.2026e-40
1.18916e-40
6.13086e-41
3.02327e-41
1.41215e-41
6.15538e-42
1.54078e-42
1.30084e-16
3.11458e-14
1.12566e-11
1.6981e-09
1.07509e-07
1.36591e-06
1.75423e-06
8.0142e-06
3.19011e-05
8.74928e-05
0.000216214
0.000561724
0.00429526
0.0109363
0.0205971
0.0350882
0.054693
0.0777176
0.10315
0.141915
0.208303
0.299448
0.40532
0.510736
0.593443
0.618624
0.615211
0.605759
0.589042
0.564944
0.527302
0.47128
0.417983
0.377851
0.345713
0.314877
0.274921
0.216714
0.152508
0.0927723
0.0526093
0.0291203
0.0157442
0.00848479
0.00460023
0.00248708
0.00130876
0.00067131
0.000337513
0.000166193
7.90724e-05
3.5415e-05
1.42045e-05
4.50041e-06
5.0587e-07
-8.74707e-07
-1.18797e-06
-1.17929e-06
-1.24365e-06
-1.24092e-06
-1.08529e-06
-8.59971e-07
-5.88018e-07
-2.91887e-07
-1.37103e-07
-5.69035e-08
-2.95293e-08
-1.74488e-08
-1.00003e-08
-3.73049e-09
1.2334e-09
4.40814e-09
5.61183e-09
5.7452e-09
5.3579e-09
4.58389e-09
3.7406e-09
2.94626e-09
2.09923e-09
1.40729e-09
9.585e-10
6.06237e-10
3.46542e-10
1.78479e-10
8.35182e-11
3.56406e-11
1.3583e-11
4.16829e-12
4.53667e-13
-7.68361e-13
-9.92046e-13
-8.72978e-13
-6.5712e-13
-4.4373e-13
-2.74149e-13
-1.56642e-13
-8.23261e-14
-3.95197e-14
-1.73498e-14
-7.23034e-15
-2.91415e-15
-1.4176e-15
-6.59446e-16
-2.7002e-16
-8.6143e-17
-3.07886e-18
1.25736e-17
-5.89333e-19
-1.20459e-18
9.16578e-18
3.07291e-17
8.06363e-18
-3.78195e-18
-6.1534e-18
-4.28621e-18
-2.16872e-18
-8.71174e-19
-2.68536e-19
-4.60945e-20
1.39546e-20
1.92383e-20
1.23388e-20
6.05972e-21
2.48952e-21
8.69339e-22
2.50088e-22
5.14509e-23
1.02319e-24
-6.42588e-24
-4.62932e-24
-2.34929e-24
-1.01338e-24
-3.66919e-25
-1.13236e-25
-1.97663e-26
6.06606e-27
9.887e-27
7.91592e-27
5.1159e-27
3.15768e-27
1.8711e-27
1.25073e-27
8.54135e-28
6.76459e-28
5.52688e-28
4.82036e-28
4.18806e-28
3.72978e-28
3.14695e-28
2.70367e-28
2.14962e-28
1.70632e-28
1.24615e-28
8.76534e-29
5.66088e-29
3.3756e-29
1.81468e-29
9.5626e-30
6.31849e-30
4.14616e-30
2.22616e-30
7.9499e-31
6.34232e-32
-1.4269e-31
-1.12506e-31
-4.56985e-32
-1.02861e-32
-3.93499e-34
6.71679e-34
3.26937e-34
9.78916e-35
2.21927e-35
3.85144e-36
1.59589e-37
-7.70658e-37
-1.12235e-36
-1.01699e-36
-5.86549e-37
-1.97483e-37
-1.57147e-38
2.73987e-38
2.16502e-38
1.02281e-38
3.74854e-39
1.22367e-39
4.18085e-40
1.70465e-40
8.07102e-41
3.73723e-41
1.28868e-41
1.42112e-43
-4.84646e-42
-5.64565e-42
-4.77765e-42
-3.54213e-42
-2.44146e-42
-1.60486e-42
-1.01717e-42
-6.16518e-43
-2.47008e-43
2.06216e-16
1.0411e-13
5.89324e-11
1.14866e-08
9.67553e-07
3.20385e-05
0.000574952
0.00580209
0.0241361
0.0527932
0.0704608
0.0773851
0.0828114
0.107998
0.171071
0.27338
0.392216
0.469597
0.481743
0.46554
0.424631
0.352142
0.249845
0.147609
0.0927812
0.07368
0.0650404
0.0582233
0.05123
0.0435093
0.0354951
0.0286695
0.0231365
0.0187795
0.0148587
0.0108989
0.00624764
0.00222696
0.000661698
0.00023653
7.89522e-05
1.73088e-05
-7.09034e-06
-1.51599e-05
-1.58341e-05
-1.31181e-05
-9.25447e-06
-5.69073e-06
-3.08542e-06
-1.48083e-06
-6.42177e-07
-2.66267e-07
-1.19548e-07
-7.16481e-08
-7.31806e-08
-7.24797e-08
-6.07202e-08
-4.66513e-08
-2.80685e-08
-2.38599e-09
-1.42685e-09
-9.76542e-10
-6.62267e-10
4.81583e-11
3.62878e-10
5.04941e-10
5.00056e-10
5.04401e-10
4.94443e-10
4.69529e-10
3.98484e-10
3.23862e-10
2.39531e-10
1.6272e-10
9.33081e-11
3.96601e-11
1.21836e-11
3.93421e-12
1.41085e-12
3.12196e-13
-2.37592e-13
-4.51553e-13
-4.66326e-13
-3.93076e-13
-2.94738e-13
-2.01212e-13
-1.23557e-13
-6.86233e-14
-3.21152e-14
-1.53274e-14
-7.03615e-15
-2.96737e-15
-1.16811e-15
-4.40531e-16
-1.59361e-16
-5.29397e-17
-1.15387e-17
6.70587e-18
1.80386e-17
3.20382e-17
5.08873e-17
1.57017e-17
4.64299e-18
1.05985e-18
1.76391e-18
5.68578e-18
1.03944e-17
7.6313e-18
4.53436e-18
2.40444e-18
1.06703e-18
-3.28818e-19
-5.10754e-19
-3.0937e-19
-1.05508e-19
-4.7556e-21
2.20447e-20
1.89556e-20
1.05172e-20
4.52706e-21
1.53987e-21
3.70038e-22
1.9569e-23
-4.31765e-23
-3.29957e-23
-1.65888e-23
-6.82343e-24
-2.4366e-24
-7.61902e-25
-1.99527e-25
-3.45713e-26
3.81806e-27
7.79471e-27
5.35649e-27
2.83551e-27
1.40271e-27
6.54339e-28
3.21356e-28
1.52851e-28
7.44419e-29
3.27938e-29
1.50819e-29
6.31734e-30
2.82946e-30
1.81595e-30
2.01813e-30
2.79264e-30
3.86641e-30
4.71729e-30
5.72374e-30
6.03006e-30
6.4691e-30
6.06374e-30
5.72467e-30
4.74263e-30
3.8465e-30
2.6689e-30
1.30758e-30
2.44119e-31
-2.426e-32
-5.72233e-32
-3.24213e-32
-8.45394e-33
1.70317e-33
2.63345e-33
1.1496e-33
2.6755e-34
2.71551e-35
-4.32695e-36
-2.55707e-36
-6.00003e-37
-7.80589e-38
2.20855e-38
4.64351e-38
5.14185e-38
6.73884e-38
8.60634e-38
6.22997e-38
3.29e-38
1.36649e-38
4.54306e-39
1.1636e-39
2.03083e-40
8.24421e-42
-1.2371e-41
-8.75336e-42
-5.45015e-42
-3.7322e-42
-2.79052e-42
-2.17217e-42
-1.69501e-42
-1.28155e-42
-9.17695e-43
-6.20051e-43
-3.98882e-43
-2.48993e-43
-1.53326e-43
-9.29145e-44
-5.13382e-44
-1.36004e-44
3.68715e-16
3.82099e-13
3.50238e-10
5.87742e-08
7.559e-06
0.000305427
0.00539271
0.0773261
0.29042
0.438376
0.441556
0.325545
0.141619
0.0333801
0.0120357
0.00779755
0.00441194
0.00233994
0.00128183
0.000852109
0.00067662
0.000488085
0.000249229
7.58626e-05
3.05416e-05
2.14777e-05
1.71035e-05
1.333e-05
9.42883e-06
5.38576e-06
1.34597e-06
-2.50779e-06
-6.40719e-06
-1.04507e-05
-1.38625e-05
-1.54676e-05
-1.25898e-05
-7.4285e-06
-4.07296e-06
-1.92839e-06
-7.95333e-07
-3.80314e-07
-3.0694e-07
-2.35088e-07
-1.91115e-07
-1.85645e-07
-1.78789e-07
-1.47013e-07
-1.07168e-07
-6.53669e-08
-3.37487e-08
-1.49864e-08
-5.9874e-09
-2.33039e-09
-9.29963e-10
-3.42736e-11
-2.42795e-11
-1.65515e-11
-8.90549e-12
2.96722e-12
3.26488e-12
3.34619e-12
3.7941e-12
4.32053e-12
3.97964e-12
3.71762e-12
2.985e-12
2.01554e-12
5.79997e-13
3.47633e-13
2.26976e-13
1.55102e-13
8.42599e-14
2.77801e-14
-1.67374e-15
-1.08494e-14
-1.16667e-14
-8.47155e-15
-5.26422e-15
-2.56576e-15
-1.10411e-15
-4.89531e-16
-2.69295e-16
-1.57896e-16
-8.71066e-17
-4.27252e-17
-1.75209e-17
-5.06487e-18
1.8369e-18
7.70415e-18
1.66293e-17
4.00873e-17
1.64641e-17
5.81879e-18
2.00627e-18
5.35336e-19
4.58062e-20
-1.29809e-19
-1.9226e-19
-2.24145e-19
-1.99278e-19
-4.03338e-20
-1.03223e-20
-3.08233e-21
-4.6118e-21
5.47026e-21
4.18253e-20
7.24251e-20
3.73768e-20
-2.30629e-20
-6.12461e-20
-7.35424e-21
2.17454e-20
2.40657e-20
1.57715e-20
7.98162e-21
3.22041e-21
1.00917e-21
1.87697e-22
-3.43356e-23
-5.63023e-23
-3.51081e-23
-1.63787e-23
-6.29369e-24
-2.0549e-24
-5.5939e-25
-1.14723e-25
-8.30325e-27
8.23757e-27
6.33512e-27
3.17671e-27
1.30872e-27
4.55404e-28
1.2648e-28
1.68307e-29
-1.12414e-29
-1.3674e-29
-9.82662e-30
-6.0329e-30
-3.33892e-30
-1.84949e-30
-1.09502e-30
-7.06498e-31
-5.3867e-31
-4.59384e-31
-4.02216e-31
-3.64541e-31
-3.15739e-31
-2.66505e-31
-2.16863e-31
-1.66598e-31
-1.25906e-31
-8.81016e-32
-6.20649e-32
-4.03146e-32
-2.866e-32
-2.19698e-32
-1.38783e-32
-2.69187e-33
-4.99226e-35
4.82062e-34
3.68762e-34
1.35779e-34
8.91009e-36
-1.53114e-35
-7.5898e-36
-1.78357e-36
-2.20704e-37
-5.9855e-40
5.76484e-39
1.21688e-39
2.66037e-41
-1.45019e-40
1.82577e-40
7.54115e-40
1.1058e-39
9.36458e-40
5.58021e-40
2.05425e-40
3.43684e-41
-9.09948e-42
-9.04941e-42
-3.73359e-42
-1.09481e-42
-2.79345e-43
-7.75164e-44
-2.87819e-44
-1.54432e-44
-1.07996e-44
-7.65846e-45
-4.62065e-45
-2.02707e-45
-2.70186e-46
6.84302e-46
1.07913e-45
1.20755e-45
1.22467e-45
1.22052e-45
1.16386e-45
6.54271e-46
)
;

boundaryField
{
    inlet
    {
        type            uniformFixedValue;
        uniformValue    table;
        uniformValueCoeffs
        {
            values          
4
(
(0 1)
(0.15 1)
(0.151 0)
(1 0)
)
;
        }
        value           uniform 0;
    }
    outlet
    {
        type            inletOutlet;
        inletValue      uniform 0;
        value           nonuniform List<scalar> 
20
(
0
0
0
2.91611e-46
-1.47789e-44
-6.28791e-44
2.07638e-41
-1.12914e-40
-2.41579e-39
-9.67723e-39
-1.61614e-38
-1.20823e-38
-3.91507e-39
-3.97704e-40
1.19561e-40
3.50396e-41
1.54078e-42
0
0
0
)
;
    }
    walls
    {
        type            zeroGradient;
    }
    frontAndBack
    {
        type            empty;
    }
}


// ************************************************************************* //
