/*--------------------------------*- C++ -*----------------------------------*\
| =========                 |                                                 |
| \\      /  F ield         | OpenFOAM: The Open Source CFD Toolbox           |
|  \\    /   O peration     | Version:  2506                                  |
|   \\  /    A nd           | Website:  www.openfoam.com                      |
|    \\/     M anipulation  |                                                 |
\*---------------------------------------------------------------------------*/
FoamFile
{
    version     2.0;
    format      ascii;
    arch        "LSB;label=32;scalar=64";
    class       volScalarField;
    location    "3.1";
    object      s;
}
// * * * * * * * * * * * * * * * * * * * * * * * * * * * * * * * * * * * * * //

dimensions      [0 0 0 0 0 0 0];

internalField   nonuniform List<scalar> 
4000
(
2.27887e-15
2.64814e-15
3.33655e-15
4.2634e-15
5.58741e-15
7.40114e-15
9.84038e-15
1.31274e-14
1.75891e-14
2.36838e-14
3.20374e-14
4.34813e-14
5.90913e-14
8.02317e-14
1.08619e-13
1.46427e-13
1.9647e-13
2.62492e-13
3.49614e-13
4.64951e-13
6.18465e-13
8.24069e-13
1.10096e-12
1.47516e-12
1.98123e-12
2.66421e-12
3.58167e-12
4.8074e-12
6.42588e-12
8.5653e-12
1.13027e-11
1.53512e-11
2.17128e-11
3.15572e-11
4.66497e-11
6.9486e-11
1.0137e-10
1.49841e-10
2.30536e-10
3.59184e-10
5.72698e-10
9.31906e-10
1.56086e-09
2.69133e-09
4.70256e-09
8.16888e-09
1.38548e-08
2.29644e-08
3.7685e-08
6.26554e-08
1.08969e-07
1.92499e-07
3.5882e-07
6.55527e-07
1.18976e-06
1.93493e-06
3.16963e-06
3.80971e-06
6.3283e-06
5.85309e-06
3.96255e-06
1.67692e-06
5.20636e-07
1.70019e-07
6.55071e-08
2.63235e-08
1.12391e-08
5.4321e-09
2.7967e-09
1.46895e-09
7.72156e-10
4.04005e-10
2.1005e-10
1.08436e-10
5.55857e-11
2.82869e-11
1.42848e-11
7.15362e-12
3.54136e-12
1.73033e-12
8.34122e-13
3.97823e-13
1.87519e-13
8.80013e-14
4.13317e-14
1.99641e-14
1.02949e-14
6.58457e-15
6.53727e-15
7.54156e-15
2.09125e-13
2.34446e-12
1.11504e-11
3.41617e-11
1.26742e-10
2.44283e-10
4.54411e-10
1.68668e-10
-2.10811e-09
-1.46088e-08
-7.27622e-08
-1.18675e-07
-7.38402e-08
2.31256e-07
9.89491e-07
2.56583e-06
1.64903e-05
8.55438e-05
0.000201486
-8.20415e-05
-0.00436078
-0.0233749
-0.0781261
-0.164888
-0.297578
-0.395865
-0.61673
-0.605858
-0.460758
-0.245397
-0.0777409
-0.020747
-0.00653557
-0.00229132
-0.000801953
-0.000324412
-0.000149017
-7.18816e-05
-3.49874e-05
-1.69876e-05
-8.19673e-06
-3.92312e-06
-1.8599e-06
-8.7241e-07
-4.04338e-07
-1.84985e-07
-8.34895e-08
-3.71588e-08
-1.6356e-08
-7.11667e-09
-3.0671e-09
-1.32587e-09
-5.77422e-10
-2.62012e-10
-1.30399e-10
-8.4646e-11
4.04606e-12
-3.72211e-10
-3.18699e-09
-2.7221e-08
-1.31162e-07
-4.97192e-07
-1.2443e-06
-2.80063e-06
-7.00062e-06
-5.38014e-06
9.31077e-06
1.40808e-05
-3.32288e-06
-9.75077e-05
-6.0878e-05
7.83493e-05
0.0011779
-0.00772997
-0.0347377
-0.0895756
-0.15042
-0.224381
-0.22865
-0.203804
-0.169682
-0.138486
-0.109755
-0.0735412
-0.0241039
0.0409172
0.111823
0.147156
0.167374
0.179245
0.183177
0.179968
0.171933
0.163187
0.158794
0.162449
0.176041
0.222293
0.321484
0.420578
0.498842
0.560151
0.606809
0.639436
0.65817
0.662747
0.651651
0.618142
0.526322
0.227653
-4.00639e-16
-2.77054e-16
-1.09382e-16
-5.48761e-18
2.75183e-18
3.99575e-18
4.6734e-18
7.02506e-18
1.48123e-17
3.44159e-17
7.56898e-17
1.52877e-16
2.85948e-16
5.02905e-16
8.43755e-16
1.36702e-15
2.15876e-15
3.34473e-15
5.13814e-15
7.91115e-15
1.22273e-14
1.90305e-14
2.98647e-14
4.71599e-14
7.46044e-14
1.1762e-13
1.83947e-13
2.84362e-13
4.32702e-13
6.4908e-13
9.41601e-13
1.07278e-12
9.10019e-13
6.10362e-13
3.45755e-13
1.70143e-13
7.42241e-14
2.9919e-14
1.43272e-14
1.17465e-14
1.56191e-14
2.47849e-14
4.21101e-14
7.34375e-14
1.29166e-13
2.23927e-13
3.79155e-13
6.25146e-13
1.03912e-12
1.74108e-12
3.0923e-12
5.63358e-12
1.07901e-11
2.05307e-11
3.92891e-11
6.62805e-11
1.41646e-10
4.77938e-10
3.02557e-08
3.71825e-06
8.50114e-06
6.74223e-06
3.63303e-06
1.34941e-06
3.26369e-07
1.03994e-07
4.308e-08
1.75579e-08
7.13547e-09
3.1795e-09
1.53335e-09
7.73802e-10
3.90282e-10
1.95074e-10
9.65875e-11
4.72885e-11
2.28269e-11
1.08534e-11
5.13041e-12
2.47898e-12
1.22707e-12
6.24691e-13
3.24455e-13
1.7365e-13
9.61051e-14
5.73518e-14
3.97843e-14
3.80327e-14
6.1757e-14
3.60847e-13
1.3927e-12
7.66759e-12
2.65475e-11
7.18014e-11
1.37242e-10
1.09908e-10
-2.17917e-10
-1.25622e-09
-8.52965e-09
-2.97213e-08
-3.76716e-08
8.27901e-08
2.84337e-07
6.13484e-07
5.11037e-07
2.89819e-06
1.98583e-05
4.93122e-05
-0.000321961
-0.00414851
-0.0215877
-0.0564254
-0.10387
-0.155278
-0.19737
-0.223715
-0.251584
-0.335891
-0.547071
-0.632974
-0.42432
-0.177407
-0.0453524
-0.00985293
-0.00322021
-0.000966579
-0.000301968
-0.000128847
-6.42947e-05
-3.20083e-05
-1.5103e-05
-6.83384e-06
-3.01242e-06
-1.30048e-06
-5.46743e-07
-2.2255e-07
-8.9514e-08
-3.74917e-08
-1.63523e-08
-7.37011e-09
-3.39028e-09
-1.59234e-09
-7.67664e-10
-4.05346e-10
-2.44451e-10
-1.1612e-10
3.86337e-10
1.7266e-10
-1.34874e-08
-9.63298e-08
-3.50933e-07
-9.80521e-07
-1.87985e-06
-2.77283e-06
5.70234e-07
2.32097e-05
3.83819e-05
2.3295e-05
-1.64382e-05
-5.5e-06
9.97903e-05
0.000195303
-0.0130633
-0.0443813
-0.0873759
-0.125891
-0.145491
-0.140587
-0.121398
-0.0963592
-0.0713285
-0.0470919
-0.0212481
0.00981506
0.0484496
0.0938204
0.141674
0.185883
0.220624
0.242085
0.249213
0.243574
0.228828
0.210233
0.193892
0.185673
0.188833
0.200838
0.22323
0.243597
0.253823
0.262147
0.272025
0.281192
0.28594
0.290385
0.313546
0.381708
0.411619
0.107805
3.54213e-17
1.94731e-17
2.73944e-18
3.13383e-19
1.00222e-18
1.30412e-18
-4.25766e-19
-6.19335e-18
-1.78805e-17
-3.66261e-17
-6.21208e-17
-9.25341e-17
-1.25024e-16
-1.56215e-16
-1.83789e-16
-2.00258e-16
-1.8648e-16
-1.19943e-16
-4.70452e-17
-1.09205e-17
3.24921e-17
1.01992e-16
2.23264e-16
4.3509e-16
7.95299e-16
1.38607e-15
2.3171e-15
3.70902e-15
5.75245e-15
8.6629e-15
1.20361e-14
1.28123e-14
1.03101e-14
6.50406e-15
3.33218e-15
1.15201e-15
1.8346e-16
-1.94558e-16
-4.52073e-16
-8.57351e-16
-1.66173e-15
-3.20481e-15
-6.05678e-15
-1.15083e-14
-2.19392e-14
-4.1155e-14
-7.7678e-14
-1.4258e-13
-2.68774e-13
-4.81663e-13
-8.97083e-13
-1.73673e-12
-3.60887e-12
-7.56571e-12
-1.7406e-11
-4.69523e-11
-1.31287e-10
-3.49004e-10
-3.86243e-10
4.20601e-07
6.60388e-06
9.85655e-06
8.14292e-06
5.02676e-06
2.16885e-06
6.52028e-07
1.84802e-07
7.90465e-08
3.82254e-08
1.9036e-08
1.00969e-08
5.60071e-09
3.14341e-09
1.75893e-09
9.76793e-10
5.37318e-10
2.92253e-10
1.57075e-10
8.31504e-11
4.3334e-11
2.22512e-11
1.13088e-11
5.69371e-12
2.87857e-12
1.48953e-12
8.48681e-13
6.21396e-13
6.7617e-13
1.30353e-12
1.97825e-12
2.54967e-12
1.32181e-11
3.19993e-11
1.15795e-10
4.01532e-12
-6.41642e-10
-2.55571e-09
-8.26404e-09
-2.52887e-08
-4.71352e-08
7.45352e-08
3.48031e-07
6.35725e-07
9.61906e-07
3.16845e-07
6.23176e-06
2.46438e-05
-0.000260091
-0.00400946
-0.0207706
-0.0562071
-0.104623
-0.162134
-0.219809
-0.27641
-0.325423
-0.37309
-0.370172
-0.478495
-0.664477
-0.722012
-0.518872
-0.236348
-0.0666107
-0.0118382
-0.00396525
-0.00162173
-0.000738521
-0.00039014
-0.000212367
-0.000113671
-5.94867e-05
-3.06124e-05
-1.55469e-05
-7.79139e-06
-3.84454e-06
-1.86332e-06
-8.87386e-07
-4.15839e-07
-1.91448e-07
-8.65063e-08
-3.85754e-08
-1.69733e-08
-7.5711e-09
-2.95373e-09
6.23296e-10
3.34444e-09
1.72969e-08
7.2284e-10
-2.71153e-07
-8.23464e-07
-1.54777e-06
-6.1349e-07
4.77015e-06
4.50283e-05
9.46109e-05
9.04798e-05
5.57787e-05
7.91728e-06
6.96133e-05
0.000188339
-0.0107413
-0.0532299
-0.105972
-0.156859
-0.18969
-0.196968
-0.183219
-0.154217
-0.117894
-0.0807896
-0.0436676
-0.00412983
0.0412544
0.0945422
0.154594
0.216583
0.273267
0.317382
0.34398
0.351806
0.343306
0.32374
0.299868
0.278237
0.263334
0.256231
0.254363
0.252976
0.247897
0.237213
0.215952
0.174508
0.119965
0.0625288
0.0172933
0.0228641
0.121361
0.113552
-0.186988
-2.38767e-18
-8.99342e-19
-2.83766e-19
-3.30938e-19
1.4922e-19
1.73805e-18
4.78385e-18
9.16327e-18
1.43268e-17
1.94871e-17
2.38132e-17
2.67299e-17
2.80016e-17
2.76093e-17
2.55862e-17
2.13839e-17
1.40673e-17
3.34882e-18
-1.04493e-17
-2.91169e-17
-5.49366e-17
-8.87846e-17
-1.30469e-16
-1.7201e-16
-1.98467e-16
-2.03624e-16
-1.88342e-16
-1.06338e-16
-3.59346e-17
-1.2639e-17
-1.59394e-17
-1.34175e-16
-3.42409e-16
-4.98683e-16
-7.24725e-16
-6.1792e-16
-3.16117e-16
-3.20932e-17
1.24065e-16
2.36975e-16
4.46253e-16
6.75774e-16
3.63708e-16
1.67285e-16
8.35021e-17
3.79683e-17
1.61279e-17
3.30172e-18
-7.44925e-18
-1.49913e-17
-2.93233e-17
-6.05828e-17
-2.43837e-16
-7.03438e-15
-1.32582e-13
-1.4868e-12
-2.25425e-11
-2.88235e-10
-1.24164e-09
1.48835e-08
1.26244e-06
7.26832e-06
9.60965e-06
8.51499e-06
5.86658e-06
3.02033e-06
1.11789e-06
3.11272e-07
1.27114e-07
6.61821e-08
3.54414e-08
1.91395e-08
1.05952e-08
5.94773e-09
3.33941e-09
1.86419e-09
1.03332e-09
5.69591e-10
3.11845e-10
1.6942e-10
9.14045e-11
4.92817e-11
2.65604e-11
1.45413e-11
8.23911e-12
5.16697e-12
3.95317e-12
4.03847e-12
5.02114e-12
6.97032e-13
-6.23518e-12
-1.66564e-11
-8.46254e-11
-3.45004e-10
-2.77368e-09
-7.38527e-09
-1.35888e-08
-2.62954e-08
-4.2743e-08
9.73563e-08
4.60693e-07
8.4689e-07
1.09457e-06
3.27958e-07
5.61773e-07
8.62939e-06
-0.000224699
-0.00384626
-0.0200447
-0.0539634
-0.102058
-0.155274
-0.210087
-0.258156
-0.298621
-0.330878
-0.360371
-0.389047
-0.408542
-0.567991
-0.757625
-0.762857
-0.555051
-0.2685
-0.0804723
-0.0138756
-0.00496562
-0.00253012
-0.00130455
-0.000671842
-0.00035087
-0.000183224
-9.45739e-05
-4.82582e-05
-2.44282e-05
-1.22644e-05
-6.09786e-06
-2.99712e-06
-1.45873e-06
-7.00264e-07
-3.29464e-07
-1.50834e-07
-6.39358e-08
-2.22086e-08
7.78512e-09
3.12312e-08
5.8044e-08
1.35975e-07
1.74296e-07
-2.76355e-07
1.38993e-06
7.82021e-06
3.30181e-05
0.000111458
0.000209456
0.000238069
0.000183898
0.0001273
9.16967e-05
0.000184914
-0.0129724
-0.0560266
-0.126655
-0.18537
-0.223918
-0.23048
-0.214455
-0.177487
-0.12958
-0.0812763
-0.0370302
0.00732524
0.0557929
0.1116
0.175402
0.243954
0.31038
0.366316
0.404969
0.423361
0.422796
0.407883
0.384527
0.358436
0.334559
0.315313
0.299144
0.281012
0.255089
0.217594
0.165816
0.100026
0.0248607
-0.053227
-0.128365
-0.190909
-0.202046
-0.112565
-0.193241
-0.462571
6.51823e-19
9.61833e-20
5.43218e-20
-2.33521e-19
-8.70997e-19
-1.86993e-18
-3.06637e-18
-4.17796e-18
-5.00321e-18
-5.42661e-18
-5.41524e-18
-4.99167e-18
-4.1459e-18
-2.78065e-18
-7.2521e-19
2.21185e-18
6.11941e-18
1.08868e-17
1.62094e-17
2.17877e-17
2.72753e-17
3.11818e-17
3.24157e-17
2.31678e-17
5.05137e-18
-9.29322e-18
-1.78733e-17
-3.21109e-17
-6.0175e-17
-8.92719e-17
-1.04452e-16
-1.06151e-16
-6.4405e-17
5.11153e-17
1.88321e-16
2.60859e-16
2.07881e-16
8.2826e-17
-1.36946e-17
-6.74798e-17
-1.25392e-16
-1.4219e-16
-7.59702e-17
-3.57404e-17
-1.66426e-17
-7.93442e-18
-3.26449e-18
-2.54342e-19
1.96465e-18
4.17176e-18
8.54624e-18
1.85314e-17
3.26671e-17
-1.16801e-15
-3.75484e-14
-5.67869e-13
-7.33257e-12
-7.42468e-11
-3.43244e-10
-1.4841e-09
4.18346e-08
1.53928e-06
6.36352e-06
8.6837e-06
8.43707e-06
6.59081e-06
3.99801e-06
1.81149e-06
6.61279e-07
2.68426e-07
1.44581e-07
8.41923e-08
4.87736e-08
2.80471e-08
1.6165e-08
9.31242e-09
5.33796e-09
3.04669e-09
1.73123e-09
9.78909e-10
5.51336e-10
3.11152e-10
1.76098e-10
1.01431e-10
6.01473e-11
3.79966e-11
2.59058e-11
1.71395e-11
-7.9907e-12
-6.11982e-11
-2.06946e-10
-5.48472e-10
-2.4808e-09
-8.11548e-09
-1.67988e-08
-2.46906e-08
-3.32741e-08
-4.33773e-08
1.09979e-07
6.19658e-07
1.10349e-06
1.35004e-06
9.55709e-07
-1.7156e-06
2.47228e-06
-0.000196603
-0.00354525
-0.0194533
-0.0518771
-0.0974096
-0.148707
-0.195684
-0.237626
-0.269537
-0.291472
-0.313412
-0.32902
-0.357152
-0.369607
-0.432145
-0.644398
-0.78299
-0.76107
-0.560524
-0.290696
-0.0986216
-0.0240778
-0.00921817
-0.00510968
-0.00289762
-0.0015981
-0.000872903
-0.000475501
-0.000257295
-0.000137772
-7.28552e-05
-3.80398e-05
-1.95933e-05
-9.96634e-06
-4.98339e-06
-2.42712e-06
-1.13395e-06
-4.77826e-07
-1.35986e-07
1.50418e-07
4.09788e-07
7.52913e-07
1.6792e-06
4.21601e-06
1.06903e-05
5.03223e-05
0.000142833
0.000283371
0.000435792
0.000493046
0.000427195
0.000327519
0.000141751
0.000167457
-0.016278
-0.0646722
-0.138957
-0.212347
-0.252767
-0.256321
-0.237865
-0.190471
-0.125981
-0.0584218
0.00155233
0.0526377
0.103493
0.158824
0.220418
0.286444
0.35146
0.407942
0.448459
0.464412
0.462662
0.452756
0.430853
0.403796
0.376085
0.349328
0.32202
0.289505
0.245164
0.183421
0.103069
0.00885475
-0.0887438
-0.178078
-0.253035
-0.315115
-0.366667
-0.379879
-0.308072
-0.409657
-0.569598
6.77541e-19
-8.59794e-21
1.22179e-19
3.23774e-19
6.01962e-19
8.96539e-19
1.12499e-18
1.22914e-18
1.20758e-18
1.06577e-18
8.04167e-19
4.0605e-19
-1.60817e-19
-9.20587e-19
-1.86644e-18
-2.95242e-18
-4.09317e-18
-5.1609e-18
-5.96128e-18
-6.28778e-18
-5.64816e-18
-3.20716e-18
1.67008e-18
7.90791e-18
1.38884e-17
1.74766e-17
1.54574e-17
6.14515e-18
-4.4468e-18
-3.31148e-18
9.77234e-18
3.5749e-17
7.04506e-17
7.41094e-17
2.38362e-17
-4.44383e-17
-7.23477e-17
-4.75897e-17
-8.87237e-18
1.70086e-17
3.26198e-17
2.90634e-17
1.5919e-17
7.31578e-18
3.45829e-18
1.60238e-18
5.75369e-19
-1.10898e-19
-6.47135e-19
-1.36193e-18
-2.90295e-18
-6.6563e-18
-1.85855e-17
-6.95467e-17
-6.67045e-16
-1.72966e-14
-3.46801e-13
-3.9078e-12
-2.75486e-11
-1.89796e-10
-3.10585e-10
2.95531e-08
1.26745e-06
5.06381e-06
7.57941e-06
8.15695e-06
7.04145e-06
4.98894e-06
2.91287e-06
1.39728e-06
6.19572e-07
3.24307e-07
1.89661e-07
1.1317e-07
6.66917e-08
3.91522e-08
2.31539e-08
1.38293e-08
8.30058e-09
4.98589e-09
2.99759e-09
1.81491e-09
1.10676e-09
6.87908e-10
4.35979e-10
2.82794e-10
1.779e-10
1.11162e-10
-1.73855e-10
-1.11135e-09
-3.51361e-09
-8.80356e-09
-1.86112e-08
-3.11431e-08
-4.01091e-08
-4.4692e-08
-4.62868e-08
1.1375e-07
7.93176e-07
1.59212e-06
1.8938e-06
1.98877e-06
-1.81883e-06
-6.5723e-06
-0.000151032
-0.00335679
-0.0186834
-0.0504682
-0.092641
-0.139589
-0.182107
-0.214142
-0.234564
-0.245285
-0.245784
-0.246512
-0.256212
-0.278534
-0.306728
-0.328253
-0.443402
-0.657308
-0.762977
-0.733999
-0.557111
-0.317104
-0.135012
-0.0474324
-0.0190382
-0.0104332
-0.00612519
-0.00352322
-0.00198541
-0.00111404
-0.000624194
-0.000347588
-0.000191901
-0.000104933
-5.6945e-05
-3.05559e-05
-1.60584e-05
-8.09923e-06
-3.52054e-06
-7.57143e-07
1.37348e-06
4.01133e-06
8.59103e-06
2.43432e-05
8.22027e-05
0.000211378
0.000406569
0.000623199
0.000796559
0.000865161
0.000767058
0.000605194
0.000284162
-0.000333889
-0.0209808
-0.0764188
-0.156284
-0.233773
-0.277263
-0.279469
-0.25473
-0.191319
-0.107914
-0.0191515
0.0624964
0.129736
0.184677
0.237833
0.293191
0.35093
0.408291
0.455677
0.472832
0.474826
0.471222
0.45913
0.436913
0.408009
0.377744
0.347491
0.314827
0.272673
0.214088
0.134493
0.0333925
-0.0832568
-0.203236
-0.311615
-0.396759
-0.455488
-0.493554
-0.518661
-0.51402
-0.448704
-0.535225
-0.560691
-6.05231e-19
-6.65495e-20
-1.21286e-19
-1.87784e-19
-2.55372e-19
-3.00037e-19
-3.06086e-19
-2.72375e-19
-2.05224e-19
-1.03528e-19
3.67734e-20
2.20654e-19
4.46172e-19
6.99025e-19
9.5066e-19
1.15485e-18
1.24095e-18
1.11405e-18
6.77445e-19
-1.57636e-19
-1.48499e-18
-3.0258e-18
-3.8507e-18
-3.11001e-18
-1.20607e-18
1.5732e-18
4.49542e-18
7.1258e-18
1.31874e-17
2.36785e-17
3.47602e-17
3.68018e-17
1.87711e-17
-8.50903e-18
-1.70196e-17
-1.21287e-18
1.63542e-17
1.70826e-17
6.26156e-18
-3.40753e-18
-7.70274e-18
-6.27606e-18
-3.3003e-18
-1.49588e-18
-6.82607e-19
-3.00135e-19
-8.59289e-20
6.18306e-20
1.95156e-19
4.25437e-19
9.60822e-19
2.34463e-18
6.37331e-18
1.67123e-17
1.94852e-17
-7.34859e-16
-1.60985e-14
-4.48852e-13
-3.14698e-12
-1.4981e-11
-9.91708e-11
-4.57364e-10
1.24761e-08
8.71113e-07
3.59461e-06
6.38267e-06
7.56124e-06
7.39074e-06
6.41398e-06
4.73767e-06
2.92336e-06
1.55217e-06
7.84831e-07
4.42855e-07
2.67848e-07
1.65221e-07
1.02924e-07
6.49304e-08
4.13054e-08
2.63799e-08
1.69206e-08
1.09658e-08
7.18092e-09
4.8121e-09
3.30937e-09
2.36462e-09
1.68341e-09
1.23184e-09
4.19565e-11
-4.99784e-09
-1.55981e-08
-2.99291e-08
-4.44305e-08
-5.32102e-08
-5.31355e-08
-4.91207e-08
1.2637e-07
9.37593e-07
2.16102e-06
2.78794e-06
2.59726e-06
-1.79056e-07
-1.25064e-05
-0.000133672
-0.00344924
-0.017956
-0.0489527
-0.0891579
-0.13024
-0.166826
-0.189923
-0.207142
-0.196999
-0.181007
-0.16833
-0.162667
-0.165203
-0.178235
-0.20602
-0.233494
-0.276746
-0.416903
-0.614123
-0.714845
-0.693969
-0.557811
-0.363733
-0.19995
-0.094901
-0.0436673
-0.0232546
-0.0138444
-0.00838672
-0.0050001
-0.00294362
-0.00172473
-0.00100859
-0.000587676
-0.000341984
-0.000198659
-0.000114705
-6.54734e-05
-3.50188e-05
-1.46596e-05
1.53739e-06
1.78754e-05
7.50899e-05
0.000218988
0.000466989
0.000748327
0.000979509
0.00112564
0.00117635
0.00111038
0.000874394
0.000450691
-0.00220686
-0.0271077
-0.090327
-0.175534
-0.257142
-0.29797
-0.296703
-0.262487
-0.184348
-0.0817169
0.024242
0.122863
0.20659
0.272562
0.325388
0.374972
0.423704
0.460707
0.473338
0.475598
0.472295
0.462174
0.441681
0.407687
0.368093
0.329822
0.29374
0.256076
0.209927
0.147626
0.0634499
-0.0440433
-0.170235
-0.303944
-0.429419
-0.531352
-0.600596
-0.636887
-0.645928
-0.633895
-0.597096
-0.528007
-0.561543
-0.489998
1.39389e-19
6.18758e-20
6.42755e-20
7.48647e-20
8.19039e-20
7.89622e-20
6.46037e-20
4.03764e-20
7.23842e-21
-3.56168e-20
-8.79816e-20
-1.47406e-19
-2.06433e-19
-2.51578e-19
-2.62013e-19
-2.12007e-19
-7.80836e-20
1.50131e-19
4.6385e-19
8.10489e-19
1.00028e-18
7.85467e-19
1.39375e-19
-6.48766e-19
-1.23975e-18
-1.25404e-18
-5.74431e-19
6.77288e-19
1.7936e-18
9.82961e-19
-2.94247e-18
-8.87547e-18
-1.03217e-17
-3.53325e-18
3.44803e-18
2.6881e-18
-2.5626e-18
-4.68078e-18
-2.40569e-18
4.81415e-19
1.66667e-18
1.31432e-18
6.662e-19
2.88785e-19
1.2715e-19
5.22475e-20
8.38512e-21
-2.39008e-20
-6.09595e-20
-1.37271e-19
-3.26023e-19
-8.31781e-19
-2.34403e-18
-6.91141e-18
-1.31844e-17
5.57418e-17
6.94278e-16
-1.77155e-14
-7.59128e-13
-5.26211e-12
-3.95822e-12
8.38558e-11
-5.9623e-11
2.39123e-09
4.64591e-07
2.41899e-06
5.05135e-06
6.79856e-06
7.72387e-06
8.20612e-06
7.10075e-06
5.34979e-06
3.45257e-06
1.95002e-06
1.09632e-06
6.8583e-07
4.52473e-07
3.02941e-07
2.03866e-07
1.37817e-07
9.38367e-08
6.47623e-08
4.53412e-08
3.26056e-08
2.4107e-08
1.85183e-08
1.44977e-08
1.12161e-08
6.80396e-09
-2.47284e-09
-1.96678e-08
-3.78359e-08
-5.26297e-08
-5.61193e-08
-4.89004e-08
1.73907e-07
1.12517e-06
2.6609e-06
3.85547e-06
3.8207e-06
8.32156e-07
-1.50031e-05
-0.000124848
-0.00358271
-0.0178595
-0.0468173
-0.0862912
-0.122698
-0.151652
-0.172587
-0.166635
-0.149216
-0.127177
-0.107472
-0.0920944
-0.0827518
-0.0797819
-0.085281
-0.10211
-0.130886
-0.157187
-0.215644
-0.353005
-0.533207
-0.643226
-0.644918
-0.563566
-0.426866
-0.290865
-0.179485
-0.102589
-0.056997
-0.0333929
-0.0206997
-0.0130619
-0.008199
-0.00510028
-0.00316442
-0.001979
-0.00125258
-0.000801915
-0.000522293
-0.000337577
-0.000204159
-9.2209e-05
8.30066e-06
0.000177604
0.000501035
0.000823112
0.000963973
0.00102445
0.00115939
0.00121428
0.00102065
0.000522767
-0.00507559
-0.0361559
-0.106118
-0.196046
-0.279347
-0.317149
-0.311424
-0.262727
-0.170621
-0.0544864
0.0642851
0.169983
0.257518
0.327558
0.381783
0.424947
0.459771
0.473767
0.474444
0.470167
0.459131
0.435797
0.39427
0.342045
0.288338
0.23833
0.193058
0.149538
0.101831
0.042785
-0.0339271
-0.131816
-0.249843
-0.381684
-0.515518
-0.634853
-0.723098
-0.770367
-0.776355
-0.747686
-0.695335
-0.626457
-0.55519
-0.548586
-0.182721
1.51475e-20
-3.03266e-20
-2.4267e-20
-2.32794e-20
-2.12113e-20
-1.63734e-20
-8.76207e-21
1.16464e-21
1.32319e-20
2.71615e-20
4.1709e-20
5.40327e-20
5.89913e-20
4.98792e-20
2.03042e-20
-3.23209e-20
-1.03791e-19
-1.81981e-19
-2.41985e-19
-2.34055e-19
-1.20372e-19
2.25232e-20
3.26592e-20
-1.96903e-19
-6.22355e-19
-1.12155e-18
-1.63005e-18
-2.23916e-18
-2.97729e-18
-3.29493e-18
-2.47479e-18
-2.54275e-19
1.8734e-18
1.54742e-18
-3.75231e-19
-9.47432e-19
2.04566e-19
1.07405e-18
7.15619e-19
-1.93464e-20
-3.39889e-19
-2.7097e-19
-1.31452e-19
-5.41672e-20
-2.31096e-20
-8.50681e-21
8.10547e-22
8.47614e-21
1.96272e-20
4.51067e-20
1.09979e-19
2.80905e-19
8.2663e-19
2.30585e-18
-3.40793e-18
-3.98545e-17
1.913e-16
1.50419e-15
-3.75986e-14
-2.98738e-12
-1.16467e-11
-9.65365e-12
6.79782e-10
2.8952e-09
7.54327e-10
2.02829e-07
1.53648e-06
3.78387e-06
6.26344e-06
8.44212e-06
1.02457e-05
1.02004e-05
9.03048e-06
7.03317e-06
4.76984e-06
3.00646e-06
1.95163e-06
1.3473e-06
9.58036e-07
6.86217e-07
4.94149e-07
3.60603e-07
2.67347e-07
2.04101e-07
1.61179e-07
1.34164e-07
1.17252e-07
1.03774e-07
7.93849e-08
5.3286e-08
3.88062e-08
2.22196e-08
6.32409e-09
-5.69058e-09
3.03227e-07
1.43173e-06
3.26718e-06
4.74149e-06
5.50475e-06
2.07913e-06
-1.73276e-05
-0.0001238
-0.00365579
-0.0182509
-0.0456621
-0.0819387
-0.117283
-0.13809
-0.153013
-0.139095
-0.113097
-0.0859015
-0.0629593
-0.0461743
-0.0346401
-0.0278369
-0.024141
-0.0247457
-0.0308523
-0.0470462
-0.0677402
-0.09141
-0.148289
-0.270528
-0.428615
-0.553646
-0.58782
-0.558877
-0.485667
-0.394012
-0.301421
-0.215047
-0.142541
-0.0887379
-0.0551915
-0.0355773
-0.0235428
-0.0158226
-0.0107618
-0.00741552
-0.00519236
-0.00375742
-0.00280537
-0.00217955
-0.0017331
-0.00122178
-0.000559812
-9.97678e-05
-0.000877859
-0.00155191
-0.00103041
0.000259641
0.000646746
0.000360004
-0.00980936
-0.0484833
-0.127062
-0.219379
-0.299001
-0.333894
-0.321767
-0.265004
-0.152364
-0.0272139
0.0950139
0.197443
0.278274
0.336957
0.38072
0.415539
0.442846
0.449256
0.448202
0.437613
0.411827
0.369555
0.314704
0.252764
0.189734
0.130278
0.0762516
0.0263919
-0.0230378
-0.0771933
-0.141515
-0.22072
-0.317612
-0.431659
-0.55763
-0.685008
-0.797187
-0.871364
-0.888918
-0.855108
-0.786053
-0.698213
-0.605886
-0.544793
-0.500332
0.59309
-1.5013e-20
1.00765e-20
7.17641e-21
5.87606e-21
4.34833e-21
2.15979e-21
-6.38134e-22
-3.89546e-21
-7.45281e-21
-1.09046e-20
-1.33193e-20
-1.31313e-20
-8.4515e-21
1.95231e-21
1.76197e-20
3.58504e-20
5.21541e-20
6.06936e-20
5.42271e-20
3.0518e-20
1.05022e-20
2.18936e-20
5.46197e-20
6.21412e-20
9.55938e-21
-9.20394e-20
-1.84932e-19
-1.85742e-19
-6.50365e-21
3.16105e-19
5.08264e-19
2.72624e-19
-2.60392e-19
-4.13942e-19
-8.70791e-21
2.55023e-19
4.58751e-20
-2.14424e-19
-1.84684e-19
-1.71802e-20
6.71599e-20
5.67371e-20
2.68654e-20
1.05186e-20
4.31102e-21
1.29641e-21
-8.58659e-22
-2.90692e-21
-6.40429e-21
-1.46536e-20
-3.55468e-20
-8.70407e-20
-2.49661e-19
-1.24379e-19
1.08211e-18
-2.66505e-17
-9.44758e-17
8.47752e-16
5.27638e-15
-3.98906e-14
-5.36911e-12
-2.01417e-11
2.4799e-11
1.57464e-09
6.81657e-09
9.0435e-09
9.1369e-10
9.08058e-07
3.07373e-06
6.30161e-06
1.00153e-05
1.31953e-05
1.51473e-05
1.5235e-05
1.38029e-05
1.13171e-05
8.44717e-06
5.9978e-06
4.28848e-06
3.16279e-06
2.394e-06
1.84891e-06
1.4491e-06
1.16281e-06
9.57952e-07
8.24022e-07
7.4331e-07
6.94921e-07
6.76725e-07
7.34067e-07
7.43766e-07
6.07143e-07
4.68211e-07
7.77918e-07
1.96993e-06
4.00799e-06
5.56474e-06
6.75177e-06
1.02924e-06
-2.35855e-05
-0.000131566
-0.00398411
-0.0188351
-0.0459216
-0.0780655
-0.110097
-0.128215
-0.13056
-0.112635
-0.0842654
-0.0567518
-0.0350897
-0.020792
-0.0128374
-0.0087572
-0.00672218
-0.00577391
-0.00486554
-0.00408383
-0.00601396
-0.0133353
-0.0232113
-0.0372505
-0.082
-0.177826
-0.31247
-0.445548
-0.515236
-0.531327
-0.51613
-0.485477
-0.43949
-0.374345
-0.298943
-0.221095
-0.154393
-0.105444
-0.0735808
-0.0532273
-0.0396565
-0.0302708
-0.0239019
-0.0193877
-0.0162976
-0.0142013
-0.013052
-0.0145053
-0.0177426
-0.0178392
-0.0129349
-0.00587482
-0.00193287
-0.00109583
-0.0179335
-0.0665592
-0.151885
-0.248116
-0.317871
-0.34596
-0.326765
-0.256437
-0.139121
-0.00144012
0.113949
0.207824
0.267985
0.308752
0.342937
0.350004
0.356073
0.361437
0.358378
0.342689
0.312804
0.269554
0.215799
0.155924
0.0946804
0.0357019
-0.0193321
-0.0706931
-0.120019
-0.169723
-0.22285
-0.283273
-0.355689
-0.444608
-0.551973
-0.673759
-0.798732
-0.903421
-0.944387
-0.929403
-0.868174
-0.763007
-0.646978
-0.544725
-0.513201
-0.386152
1.9037
3.81268e-21
-2.06001e-21
-1.68559e-21
-1.14868e-21
-5.52297e-22
1.87123e-22
1.03538e-21
1.92499e-21
2.73946e-21
3.22254e-21
2.94144e-21
1.40787e-21
-1.61279e-21
-5.77259e-21
-1.01154e-20
-1.33953e-20
-1.45355e-20
-1.28979e-20
-8.73059e-21
-4.26975e-21
-1.73296e-21
4.80657e-21
2.54167e-20
6.08214e-20
1.0066e-19
1.35974e-19
1.64849e-19
1.79517e-19
1.54139e-19
6.95355e-20
-2.64502e-20
-3.98547e-20
5.01972e-20
1.06212e-19
2.36416e-20
-6.10936e-20
-3.10826e-20
3.68139e-20
4.37095e-20
8.65965e-21
-1.3058e-20
-1.24826e-20
-6.03156e-21
-2.2866e-21
-8.88837e-22
-1.97801e-22
3.48932e-22
9.38108e-22
2.011e-21
4.50096e-21
1.06487e-20
2.44042e-20
6.70425e-20
6.75959e-20
9.03345e-19
1.21487e-18
-6.77266e-17
-1.48767e-16
1.97152e-15
1.0881e-14
-2.25132e-14
-6.96682e-12
-2.92505e-11
2.72444e-10
3.94696e-09
4.80119e-09
-4.58483e-08
-5.51137e-08
4.72158e-07
2.57144e-06
6.69149e-06
1.20105e-05
1.73936e-05
2.17486e-05
2.46035e-05
2.50728e-05
2.36337e-05
2.05971e-05
1.69823e-05
1.3613e-05
1.08048e-05
8.65377e-06
7.06991e-06
5.94653e-06
5.13449e-06
4.59643e-06
4.26737e-06
4.05018e-06
4.02511e-06
3.74694e-06
3.02492e-06
2.25415e-06
2.09752e-06
2.95966e-06
4.80421e-06
6.54602e-06
7.81817e-06
4.18805e-06
-7.27856e-05
-0.000191118
-0.00485306
-0.0199419
-0.0468431
-0.0762365
-0.101757
-0.119556
-0.111336
-0.0888103
-0.0607877
-0.0357583
-0.0180998
-0.00881912
-0.0049373
-0.00325739
-0.00239095
-0.00189458
-0.00153446
-0.00112236
-0.000713907
-0.000406513
-0.000424269
-0.000871953
-0.00161589
-0.00595433
-0.0299275
-0.0941126
-0.198721
-0.31443
-0.41547
-0.473735
-0.500766
-0.520369
-0.536759
-0.524056
-0.48742
-0.426888
-0.354964
-0.284596
-0.22773
-0.18481
-0.152499
-0.129791
-0.113556
-0.102824
-0.0955445
-0.0917179
-0.0871221
-0.073735
-0.0510863
-0.0269777
-0.0102494
-0.00988896
-0.0324426
-0.0931771
-0.181227
-0.277403
-0.33511
-0.351432
-0.325035
-0.241712
-0.1167
0.0146782
0.128952
0.197011
0.243585
0.262169
0.258416
0.24914
0.239666
0.232506
0.225559
0.211662
0.188334
0.155518
0.114781
0.0688989
0.0210216
-0.0262934
-0.0716454
-0.114879
-0.156819
-0.198771
-0.242127
-0.288652
-0.341608
-0.406713
-0.491156
-0.599454
-0.727206
-0.856794
-0.942939
-0.944389
-0.919057
-0.825497
-0.688507
-0.553622
-0.458238
-0.468429
-0.193037
3.0532
-5.43901e-22
-2.21726e-23
2.54848e-22
1.14173e-22
-6.36203e-23
-2.69741e-22
-4.85243e-22
-6.77273e-22
-7.82301e-22
-6.89395e-22
-2.71727e-22
5.23286e-22
1.58074e-21
2.61815e-21
3.31225e-21
3.45652e-21
3.03317e-21
2.1592e-21
1.04777e-21
-5.32899e-23
-1.3234e-21
-2.79816e-21
-2.60265e-21
1.46119e-21
8.2359e-21
1.2948e-20
1.05954e-20
1.28265e-22
-1.21302e-20
-1.34049e-20
-1.78792e-21
3.09358e-21
-1.34291e-20
-2.85931e-20
-1.13937e-20
1.32014e-20
1.14405e-20
-4.83535e-21
-9.72287e-21
-3.01504e-21
2.46843e-21
2.89222e-21
1.50814e-21
5.80054e-22
2.16485e-22
3.93422e-23
-1.073e-22
-2.77517e-22
-5.86945e-22
-1.27639e-21
-2.92342e-21
-6.25947e-21
-1.77698e-20
-1.71219e-20
-8.97098e-21
1.02883e-18
-9.29042e-19
-1.02312e-16
-2.03257e-16
2.81407e-15
1.05987e-14
-2.91089e-13
-9.97196e-12
-3.80217e-11
2.41201e-10
4.7157e-09
-1.02591e-08
-6.18482e-08
-2.19782e-07
-1.61114e-07
1.67615e-06
6.23379e-06
1.30518e-05
2.10342e-05
2.8621e-05
3.48688e-05
3.88486e-05
4.08517e-05
3.99018e-05
3.68074e-05
3.32377e-05
2.96948e-05
2.6314e-05
2.33614e-05
2.08306e-05
1.87641e-05
1.6924e-05
1.49317e-05
1.24599e-05
9.43543e-06
6.65004e-06
5.0109e-06
4.81512e-06
5.79771e-06
7.25585e-06
7.18924e-06
5.083e-06
-0.000100926
-0.000664486
-0.0065435
-0.0220087
-0.04778
-0.0759206
-0.0951251
-0.107938
-0.0970063
-0.0727144
-0.0455853
-0.0228336
-0.00954227
-0.00401539
-0.00213053
-0.00132244
-0.000911239
-0.000669895
-0.000511285
-0.000394573
-0.000277057
-0.000168869
-4.87244e-05
0.00012054
0.000369078
0.000919244
0.00177101
0.0016974
-0.00385529
-0.0343919
-0.0984607
-0.189566
-0.286897
-0.373938
-0.445259
-0.51227
-0.571475
-0.622404
-0.664759
-0.649606
-0.610655
-0.562441
-0.514664
-0.470366
-0.432138
-0.396157
-0.360524
-0.321715
-0.273138
-0.210857
-0.139806
-0.07676
-0.0349369
-0.0295553
-0.0576928
-0.124677
-0.215996
-0.302348
-0.349676
-0.353683
-0.318701
-0.221773
-0.0896812
0.0354396
0.130666
0.186066
0.206191
0.195816
0.175896
0.155448
0.135553
0.117711
0.103397
0.0914955
0.0769865
0.0579405
0.0342136
0.00697815
-0.0215499
-0.0508536
-0.0799245
-0.108315
-0.136588
-0.165784
-0.196945
-0.231016
-0.269505
-0.316089
-0.378169
-0.465682
-0.584852
-0.728419
-0.867581
-0.940424
-0.932753
-0.872541
-0.739253
-0.578557
-0.435741
-0.36568
-0.40839
0.0644356
3.18439
4.42878e-23
2.06745e-22
2.46903e-23
3.79099e-23
7.79983e-23
1.24729e-22
1.67871e-22
1.91892e-22
1.6996e-22
6.87438e-23
-1.28092e-22
-3.92091e-22
-6.47924e-22
-8.09818e-22
-8.30489e-22
-7.20644e-22
-5.23886e-22
-2.7402e-22
-8.19831e-24
1.63452e-22
2.296e-23
-8.38485e-22
-2.67187e-21
-5.03044e-21
-7.07082e-21
-8.23889e-21
-8.16746e-21
-6.29371e-21
-2.73817e-21
1.73464e-22
1.48701e-22
-9.60428e-23
3.66846e-21
7.78503e-21
4.26777e-21
-2.48181e-21
-3.46522e-21
1.60041e-22
2.03322e-21
9.15525e-22
-4.31174e-22
-6.88684e-22
-4.06025e-22
-1.66861e-22
-6.23217e-23
-1.28363e-23
2.7024e-23
7.43221e-23
1.57206e-22
3.33258e-22
7.38046e-22
1.51575e-21
4.3756e-21
4.72701e-21
-4.08065e-20
-5.15005e-19
2.70515e-18
3.36154e-17
-3.15665e-17
-5.29669e-16
8.84874e-16
5.6292e-15
-4.30441e-14
-2.31217e-12
-7.37841e-11
-2.02043e-10
6.28787e-10
-2.36662e-08
-1.59174e-07
-5.50503e-07
-1.09166e-06
-7.41769e-07
3.01765e-06
1.07004e-05
2.08735e-05
3.18427e-05
4.16622e-05
4.97786e-05
5.46445e-05
5.8124e-05
5.75771e-05
5.57967e-05
5.29383e-05
4.92232e-05
4.45995e-05
3.93199e-05
3.34223e-05
2.68419e-05
2.00342e-05
1.39821e-05
9.79813e-06
7.85926e-06
7.08485e-06
7.40809e-06
8.44438e-06
-2.93085e-05
-0.000140141
-0.00182736
-0.00906443
-0.0255685
-0.0483817
-0.0750045
-0.0907238
-0.0965212
-0.0834966
-0.0586236
-0.0329181
-0.0141204
-0.00487225
-0.00198814
-0.00100766
-0.000568146
-0.000351988
-0.000244539
-0.000185426
-0.000146737
-0.00011057
-7.1136e-05
-3.19187e-05
2.22281e-05
0.000118053
0.000336142
0.000808269
0.00181829
0.00349063
0.00608133
0.00743338
0.00299739
-0.0267276
-0.0841462
-0.163666
-0.25528
-0.359921
-0.473703
-0.588657
-0.68898
-0.77759
-0.864687
-0.868612
-0.859529
-0.83474
-0.794457
-0.733586
-0.647815
-0.537887
-0.405957
-0.269033
-0.152661
-0.0761684
-0.0656985
-0.0964071
-0.16431
-0.253237
-0.325284
-0.35825
-0.349783
-0.299821
-0.19201
-0.0616375
0.0566853
0.127436
0.167506
0.159806
0.139113
0.112353
0.0851547
0.062934
0.0459031
0.0330506
0.0232729
0.0153225
0.00707839
-0.00229791
-0.0150072
-0.0308606
-0.0464149
-0.0607923
-0.0743803
-0.0881454
-0.103246
-0.120715
-0.141316
-0.165819
-0.196071
-0.237034
-0.298565
-0.393519
-0.528965
-0.692584
-0.84418
-0.920281
-0.897729
-0.790465
-0.624644
-0.451872
-0.312072
-0.281778
-0.323455
0.391868
2.91329
-9.40539e-25
-9.02207e-23
-3.86119e-23
-3.03016e-23
-3.54514e-23
-4.30098e-23
-4.77888e-23
-4.3246e-23
-2.07516e-23
2.55036e-23
9.04158e-23
1.55413e-22
1.97428e-22
2.03175e-22
1.76025e-22
1.29893e-22
7.69361e-23
2.44692e-23
-9.02335e-24
9.16043e-24
8.27659e-23
1.40033e-22
4.00602e-23
-2.51076e-22
-5.18295e-22
-4.74905e-22
-7.92505e-23
3.60795e-22
4.2309e-22
1.43233e-22
3.68309e-23
-4.01072e-23
-9.56974e-22
-2.08006e-21
-1.40326e-21
3.61474e-22
9.41577e-22
1.99442e-22
-3.89741e-22
-2.55498e-22
6.12159e-23
1.6317e-22
1.12291e-22
5.10815e-23
1.99241e-23
5.32701e-24
-5.45583e-24
-1.79512e-23
-3.86976e-23
-8.09526e-23
-1.72892e-22
-3.61568e-22
-9.78906e-22
-1.29588e-21
1.00284e-20
-6.91179e-20
-9.55821e-19
7.45025e-18
7.52e-17
-1.12931e-16
-1.78503e-15
-4.0666e-15
-5.28165e-15
-6.10594e-13
-8.84864e-12
-1.32322e-10
-7.26564e-10
-2.50112e-09
-4.02312e-08
-2.70855e-07
-1.07847e-06
-2.74984e-06
-4.969e-06
-4.49091e-06
6.72546e-07
1.16167e-05
2.57151e-05
3.96421e-05
5.10728e-05
5.75406e-05
6.06958e-05
6.19779e-05
6.20617e-05
6.08752e-05
5.72388e-05
5.03447e-05
4.13635e-05
3.15832e-05
2.26394e-05
1.54485e-05
1.04384e-05
7.24802e-06
7.25686e-06
-9.18059e-06
-9.2362e-05
-0.000642878
-0.00407224
-0.0126583
-0.029622
-0.0503102
-0.0708289
-0.0866393
-0.0832521
-0.0681215
-0.0451956
-0.0230376
-0.00871412
-0.00277911
-0.00108779
-0.000490425
-0.000242066
-0.000137442
-8.9899e-05
-6.65351e-05
-5.29888e-05
-4.30689e-05
-3.28323e-05
-1.87429e-05
2.50107e-06
3.20773e-05
8.79332e-05
0.000225169
0.000569455
0.00142341
0.00318992
0.00646127
0.0119002
0.0196919
0.0286256
0.0222437
-0.0102715
-0.0730955
-0.167426
-0.29337
-0.438987
-0.593684
-0.746162
-0.872295
-0.966305
-1.00294
-0.997384
-0.968096
-0.888568
-0.752502
-0.579191
-0.397647
-0.242241
-0.138071
-0.121632
-0.150023
-0.212251
-0.28882
-0.341111
-0.359187
-0.332779
-0.263584
-0.150355
-0.0301966
0.0674392
0.12482
0.136358
0.123425
0.0961225
0.0672154
0.0421089
0.0243872
0.0145395
0.00973513
0.00682096
0.00405559
-2.838e-05
-0.00625827
-0.0137089
-0.0213561
-0.0282957
-0.0341012
-0.0388734
-0.0432219
-0.0480749
-0.0544078
-0.0629742
-0.0742255
-0.0887999
-0.109121
-0.142082
-0.200903
-0.301844
-0.452293
-0.633821
-0.795276
-0.869007
-0.82446
-0.683185
-0.497456
-0.325433
-0.197849
-0.210768
-0.193623
0.814171
1.48409
-2.81144e-25
2.36323e-23
1.79873e-23
1.28751e-23
1.2137e-23
1.23137e-23
1.11727e-23
6.40817e-24
-3.93409e-24
-1.94955e-23
-3.6209e-23
-4.79478e-23
-5.05398e-23
-4.43595e-23
-3.3221e-23
-2.11081e-23
-1.0116e-23
-2.2696e-24
-1.82108e-24
-7.18787e-24
-5.0311e-25
4.53485e-23
1.38405e-22
2.46614e-22
3.21337e-22
3.27931e-22
2.52624e-22
1.19414e-22
1.00922e-23
-1.5781e-23
-9.18363e-24
2.13127e-23
2.42526e-22
5.40637e-22
4.23351e-22
-1.82366e-23
-2.36712e-22
-1.01946e-22
6.37592e-23
6.62027e-23
-3.64958e-24
-3.74274e-23
-3.08216e-23
-1.58191e-23
-6.62629e-24
-2.19471e-24
7.24866e-25
3.88679e-24
8.80725e-24
1.85753e-23
3.78845e-23
8.78452e-23
1.92724e-22
4.82076e-22
-1.80918e-21
2.55463e-20
-1.37688e-20
-1.18299e-18
7.25019e-18
3.25235e-17
-6.36989e-16
-5.99595e-15
-2.9641e-14
-2.37062e-13
-3.80397e-13
1.33028e-11
1.28956e-10
1.72603e-10
-4.15711e-10
-1.56992e-08
-3.32926e-07
-1.68127e-06
-5.39942e-06
-1.24435e-05
-1.85018e-05
-2.35026e-05
-1.9574e-05
-4.15409e-06
1.72812e-05
3.51765e-05
4.59865e-05
5.18567e-05
5.41042e-05
5.37077e-05
5.01666e-05
4.32454e-05
3.44958e-05
2.46032e-05
1.53856e-05
8.7631e-06
3.35875e-06
-1.12948e-05
-5.95318e-05
-0.000490029
-0.0025036
-0.0075213
-0.0179912
-0.0328603
-0.0520064
-0.0661952
-0.0776248
-0.0712765
-0.0546626
-0.0341404
-0.0159484
-0.0054849
-0.00173115
-0.000640724
-0.000248016
-0.000105709
-5.38145e-05
-3.23888e-05
-2.23557e-05
-1.74411e-05
-1.47753e-05
-1.29924e-05
-1.05453e-05
-5.28204e-06
5.21291e-06
2.59548e-05
7.4208e-05
0.000188488
0.000500118
0.00135544
0.00327945
0.00699095
0.0135776
0.0243097
0.0405844
0.0580536
0.0618004
0.03817
-0.0223937
-0.125574
-0.266052
-0.433752
-0.611643
-0.774069
-0.904472
-0.967277
-0.96605
-0.924405
-0.822204
-0.661896
-0.482381
-0.326946
-0.224455
-0.197511
-0.215682
-0.266004
-0.311024
-0.347766
-0.335447
-0.28954
-0.202097
-0.0970176
0.00567333
0.0739323
0.110608
0.10582
0.0888875
0.06394
0.0379209
0.0193417
0.0091886
0.00521902
0.00348717
0.00233131
0.00114832
-0.000616222
-0.00311179
-0.00621185
-0.00948214
-0.0123326
-0.0143425
-0.0154526
-0.015933
-0.0162422
-0.0168326
-0.0182992
-0.0210474
-0.0247646
-0.0293014
-0.0373918
-0.058276
-0.109327
-0.210707
-0.369857
-0.562074
-0.726042
-0.790138
-0.723804
-0.561686
-0.371275
-0.211433
-0.102194
-0.148866
-0.0254029
1.29304
-1.10921
6.01786e-26
-4.174e-24
-5.74353e-24
-4.2169e-24
-3.46299e-24
-2.94619e-24
-1.89761e-24
3.29664e-25
3.92691e-24
8.16871e-24
1.15376e-23
1.27013e-23
1.14731e-23
8.77249e-24
5.7816e-24
3.21773e-24
1.30677e-24
3.30829e-25
4.05543e-25
-1.2249e-25
-2.92884e-24
-5.36909e-24
-1.42005e-24
8.43181e-24
1.28042e-23
3.22327e-24
-1.16385e-23
-1.48103e-23
-5.94264e-24
1.0001e-24
1.52622e-24
-7.29971e-24
-6.0329e-23
-1.37088e-22
-1.20462e-22
-1.3933e-23
5.57425e-23
3.61381e-23
-6.8292e-24
-1.58552e-23
-1.83241e-24
8.13182e-24
8.23514e-24
4.81802e-24
2.20048e-24
8.45626e-25
4.24052e-26
-7.36141e-25
-1.8577e-24
-4.0784e-24
-7.80694e-24
-2.18405e-23
-3.26027e-23
-1.59273e-22
4.60388e-22
4.93095e-21
1.23505e-19
-1.12516e-18
-9.88162e-18
2.34153e-17
2.45475e-16
-1.61834e-16
-2.40652e-15
9.36448e-15
1.66906e-13
-8.55365e-13
-1.64467e-11
-3.14551e-11
9.48358e-10
1.37064e-08
2.40902e-08
-3.22333e-07
-2.21763e-06
-8.6771e-06
-2.18471e-05
-4.50887e-05
-6.71602e-05
-8.57724e-05
-8.80454e-05
-6.51082e-05
-3.34476e-05
-8.56747e-06
5.65135e-06
1.20004e-05
1.24311e-05
7.84727e-06
-7.60012e-07
-1.28368e-05
-2.94626e-05
-5.616e-05
-0.000108183
-0.000582549
-0.00213304
-0.00571244
-0.0123991
-0.0222601
-0.0356024
-0.0488683
-0.0597506
-0.0650111
-0.0564589
-0.040542
-0.0231436
-0.0100577
-0.00329475
-0.00115398
-0.000419445
-0.000139013
-4.91037e-05
-2.14344e-05
-1.13936e-05
-7.13972e-06
-5.16735e-06
-4.27532e-06
-3.90093e-06
-3.87969e-06
-3.66127e-06
-1.53711e-06
6.05031e-06
2.87889e-05
9.59167e-05
0.000267738
0.000752288
0.00205169
0.00491521
0.0101153
0.0186513
0.0319222
0.051469
0.0763877
0.0980351
0.102411
0.0753009
0.00578042
-0.107664
-0.257175
-0.42562
-0.588528
-0.721803
-0.802389
-0.81123
-0.752875
-0.6441
-0.511651
-0.38959
-0.307431
-0.27565
-0.278116
-0.295156
-0.321201
-0.313182
-0.277461
-0.209903
-0.125334
-0.0416138
0.0290555
0.0744456
0.0887688
0.0779129
0.0585905
0.0373163
0.0195513
0.0085197
0.00409715
0.00222239
0.00126333
0.000759087
0.000391579
-0.000141896
-0.000919951
-0.00196235
-0.00312829
-0.00415172
-0.00475905
-0.00479785
-0.00432294
-0.00366544
-0.00315506
-0.00288012
-0.0027165
-0.00227238
-0.000284299
0.00478791
0.00982518
0.00358807
-0.0352756
-0.130763
-0.290238
-0.483324
-0.640928
-0.689971
-0.606512
-0.437018
-0.256048
-0.116544
-0.0281483
-0.0912786
0.128465
1.65284
-2.65777
-1.0814e-26
4.19003e-25
1.37023e-24
1.12127e-24
8.20077e-25
5.31788e-25
5.39133e-26
-7.4348e-25
-1.7803e-24
-2.72869e-24
-3.19462e-24
-3.01912e-24
-2.38246e-24
-1.61383e-24
-9.52619e-25
-4.74341e-25
-1.70195e-25
-3.47298e-26
2.91524e-26
2.09395e-25
1.11357e-25
-1.34124e-24
-4.60435e-24
-8.3781e-24
-1.04336e-23
-9.12556e-24
-4.84597e-24
-7.93401e-25
3.8743e-25
-1.39756e-25
-3.09819e-25
1.97198e-24
1.47493e-23
3.4137e-23
3.29853e-23
7.9877e-24
-1.23272e-23
-1.10409e-23
-6.30218e-25
3.4567e-24
1.04445e-24
-1.63312e-24
-2.1192e-24
-1.4243e-24
-7.15511e-25
-3.0613e-25
-7.92858e-26
1.10778e-25
3.59405e-25
8.62399e-25
1.5291e-24
5.45627e-24
4.81689e-24
4.24708e-23
-9.9269e-23
-1.5624e-21
-5.18435e-20
2.53571e-19
1.99524e-18
-2.8327e-18
-6.09816e-19
1.60563e-16
5.23176e-16
2.49009e-15
1.2561e-14
1.77405e-13
3.208e-13
-1.44438e-12
3.05422e-11
2.52496e-09
1.96081e-08
5.40508e-08
-1.58685e-07
-2.1272e-06
-1.03559e-05
-3.28052e-05
-7.43784e-05
-0.000138906
-0.000202767
-0.000272828
-0.000299835
-0.000286897
-0.000246339
-0.000213808
-0.00020043
-0.000206336
-0.000238081
-0.000302184
-0.000489925
-0.00104341
-0.00240914
-0.00511994
-0.00969662
-0.016341
-0.024468
-0.0335049
-0.0417576
-0.049599
-0.0454896
-0.0358991
-0.0237693
-0.0127314
-0.00544885
-0.00214613
-0.000848582
-0.00028557
-8.11992e-05
-2.55491e-05
-9.43936e-06
-4.08808e-06
-2.15953e-06
-1.39174e-06
-1.05759e-06
-9.28382e-07
-9.43852e-07
-1.18317e-06
-1.26066e-06
1.11286e-06
1.11227e-05
4.57036e-05
0.000155114
0.000464051
0.00136808
0.00368129
0.00858406
0.0171136
0.0300752
0.0483946
0.072954
0.103259
0.134765
0.156862
0.156377
0.120953
0.0444372
-0.069648
-0.206972
-0.345936
-0.462916
-0.536767
-0.555771
-0.523726
-0.460278
-0.390659
-0.337459
-0.306351
-0.293783
-0.286887
-0.268648
-0.231749
-0.174826
-0.109574
-0.0520242
0.000468026
0.0364282
0.0605496
0.0582067
0.0472364
0.0314059
0.0176746
0.00850684
0.0041113
0.00207225
0.00101321
0.000491849
0.000267594
0.00016021
5.50227e-05
-0.000112739
-0.00036228
-0.000698435
-0.00104161
-0.00126366
-0.00126271
-0.00107397
-0.00085749
-0.000712049
-0.000662369
-0.000689708
-0.000345219
0.00181862
0.00808932
0.0203125
0.0364694
0.0443641
0.0194745
-0.0653893
-0.217367
-0.401665
-0.544996
-0.576832
-0.483054
-0.318629
-0.157695
-0.0426786
0.0256872
-0.0320712
0.26157
1.8143
-2.65147
1.95133e-27
2.14814e-26
-2.32111e-25
-2.34364e-25
-1.4592e-25
-3.48242e-26
1.35545e-25
3.75641e-25
6.29043e-25
7.9432e-25
7.99192e-25
6.60547e-25
4.62001e-25
2.81558e-25
1.51533e-25
6.87912e-26
2.1354e-26
5.59301e-28
-1.0048e-26
-6.8863e-27
6.43565e-26
1.70323e-25
1.46976e-25
9.33659e-27
7.90395e-26
4.23897e-25
5.63677e-25
2.67734e-25
5.33104e-27
2.21836e-26
6.44353e-26
-4.492e-25
-3.51638e-24
-8.3782e-24
-8.7945e-24
-3.05505e-24
2.53669e-24
3.08586e-24
7.20049e-25
-6.62043e-25
-3.67866e-25
2.92113e-25
5.21157e-25
4.04754e-25
2.24532e-25
1.04569e-25
3.90654e-26
-7.99211e-27
-6.2256e-26
-1.76316e-25
-2.93517e-25
-1.3473e-24
-6.85157e-25
-9.42182e-24
1.38962e-23
1.96601e-22
6.04029e-21
-4.40702e-20
4.58395e-19
4.68942e-19
-7.48714e-18
6.27003e-18
4.34678e-17
-1.893e-16
-5.56826e-16
-5.02307e-15
-1.90013e-14
-1.33503e-12
-7.34735e-12
4.96953e-11
1.89073e-09
1.95359e-08
7.99593e-08
1.32245e-07
-1.23041e-06
-9.34015e-06
-3.70401e-05
-0.00010003
-0.0002064
-0.000366114
-0.000559707
-0.000734714
-0.000960039
-0.00112301
-0.00126329
-0.00144209
-0.00174446
-0.00223137
-0.00344468
-0.00568127
-0.00897875
-0.012697
-0.0169785
-0.0215534
-0.0249749
-0.0306589
-0.0287744
-0.0232527
-0.0166873
-0.0103208
-0.00547925
-0.00264389
-0.00122128
-0.000521711
-0.000187864
-6.00549e-05
-1.80556e-05
-4.93262e-06
-1.49348e-06
-6.25099e-07
-3.43813e-07
-2.30111e-07
-1.80726e-07
-1.6669e-07
-2.24847e-07
-4.41872e-07
-1.20189e-07
3.52889e-06
1.87899e-05
7.57177e-05
0.000265084
0.000841663
0.00258158
0.00682263
0.0152454
0.0291531
0.0490531
0.0747989
0.105875
0.140882
0.176487
0.207435
0.222604
0.212835
0.174868
0.103563
0.00841374
-0.0942536
-0.186702
-0.253108
-0.287323
-0.291955
-0.278364
-0.259535
-0.239432
-0.214819
-0.182082
-0.144002
-0.102663
-0.0631772
-0.0312313
-0.00565828
0.0123577
0.0289134
0.0337372
0.0284771
0.020236
0.0122526
0.00650027
0.00348567
0.00194729
0.00101676
0.000471936
0.000214866
0.000104838
5.8495e-05
3.90973e-05
2.16891e-05
-1.41743e-05
-7.33679e-05
-0.000133798
-0.000184602
-0.000213524
-0.00022166
-0.000213939
-0.000197208
-0.000189219
-0.000203819
-0.000147178
0.000510513
0.00315329
0.0112622
0.0282652
0.0528188
0.0721422
0.0601225
-0.0116043
-0.149601
-0.31679
-0.440236
-0.456271
-0.360946
-0.212767
-0.0788656
0.0109083
0.0619782
0.027326
0.381106
1.93474
-2.34143
-2.76725e-28
-2.06035e-26
1.47218e-26
2.85818e-26
7.01136e-27
-2.93556e-26
-8.24257e-26
-1.45716e-25
-1.9694e-25
-2.12267e-25
-1.86161e-25
-1.35839e-25
-8.50872e-26
-4.72844e-26
-2.35611e-26
-9.86767e-27
-2.54676e-27
2.41165e-28
6.4306e-29
-3.74044e-27
-5.23227e-27
2.31969e-26
1.01109e-25
1.93809e-25
2.25392e-25
1.51133e-25
3.08889e-26
-1.74905e-26
-3.79023e-28
1.72688e-28
-1.06424e-26
8.95506e-26
8.20987e-25
2.0513e-24
2.32586e-24
1.01998e-24
-4.78988e-25
-8.23638e-25
-3.14679e-25
1.01303e-25
1.09718e-25
-4.15865e-26
-1.23415e-25
-1.12236e-25
-6.89157e-26
-3.45373e-26
-1.52727e-26
-3.28281e-27
8.59368e-27
3.50245e-26
6.03226e-26
3.32849e-25
1.4204e-25
1.59699e-24
3.13271e-24
-8.99291e-23
9.038e-22
-2.40125e-20
-2.69028e-19
8.66757e-19
8.93359e-19
-1.92161e-17
1.9149e-17
1.98465e-16
-8.67015e-16
-1.15562e-14
-1.93326e-14
2.99813e-14
1.22255e-13
-2.45634e-14
1.49108e-11
9.52115e-10
2.68515e-08
8.40538e-08
2.93885e-07
4.68696e-09
-5.6878e-06
-2.93981e-05
-9.61201e-05
-0.000232349
-0.000469288
-0.000805354
-0.00126623
-0.00185072
-0.00258048
-0.00352182
-0.00481782
-0.00662601
-0.00862863
-0.0105338
-0.0119283
-0.0137674
-0.0131149
-0.0124961
-0.0116191
-0.00925739
-0.006548
-0.00436984
-0.00278091
-0.00167356
-0.000950207
-0.000504139
-0.0002393
-9.87159e-05
-3.66509e-05
-1.21608e-05
-3.45399e-06
-8.92631e-07
-2.39298e-07
-8.40775e-08
-4.30413e-08
-2.88982e-08
-2.28014e-08
-2.24555e-08
-7.42522e-08
-1.79305e-07
7.31119e-07
5.64192e-06
2.79247e-05
0.000112628
0.000396701
0.00127132
0.00393674
0.0104049
0.022991
0.0433529
0.0717131
0.106476
0.144591
0.182322
0.215393
0.237622
0.24156
0.239992
0.233494
0.20689
0.156975
0.0953515
0.0342889
-0.0147729
-0.0492485
-0.0684344
-0.0744576
-0.0693895
-0.0542367
-0.0383964
-0.0249427
-0.0147857
-0.00678019
-0.000323977
0.00583654
0.0112457
0.0143916
0.0120277
0.00810794
0.00505946
0.00315617
0.00193474
0.00114061
0.000661565
0.000370771
0.000194457
9.61982e-05
4.50061e-05
2.07691e-05
1.07494e-05
7.03705e-06
4.632e-06
-1.22302e-06
-1.12653e-05
-2.11724e-05
-3.11481e-05
-3.98501e-05
-4.58135e-05
-4.93476e-05
-5.43888e-05
-6.67584e-05
-6.6081e-05
0.00010069
0.000872907
0.00358107
0.0123161
0.0316396
0.0607078
0.0878528
0.0867706
0.026522
-0.0969059
-0.24542
-0.3489
-0.351756
-0.258914
-0.12948
-0.0213623
0.0471232
0.0875415
0.0675351
0.453976
2.01367
-1.75991
-1.14061e-29
4.30616e-27
5.78406e-27
4.25408e-27
9.32475e-27
1.81682e-26
2.95217e-26
4.03625e-26
4.58259e-26
4.29394e-26
3.33298e-26
2.18208e-26
1.24644e-26
6.43717e-27
3.02023e-27
1.18188e-27
2.58797e-28
-1.41015e-29
1.04341e-28
2.80415e-28
-5.80895e-28
-3.40969e-27
-6.73738e-27
-9.90557e-27
-1.44351e-26
-1.62482e-26
-8.68993e-27
-2.70409e-28
-2.80396e-28
-9.52522e-28
4.75871e-28
-1.3665e-26
-1.54204e-25
-4.14252e-25
-5.08932e-25
-2.69523e-25
5.69631e-26
1.72821e-25
9.22199e-26
-2.98892e-27
-2.29881e-26
1.74566e-27
2.24219e-26
2.47392e-26
1.71532e-26
9.32306e-27
4.45531e-27
1.59077e-27
-8.11707e-28
-6.3178e-27
-1.34741e-26
-6.92774e-26
-3.60472e-26
-1.94737e-25
-1.69666e-24
3.47053e-23
-4.40283e-22
5.27035e-21
2.45835e-20
-9.33073e-20
6.44956e-19
3.74715e-18
-1.31686e-17
-5.96624e-17
1.82439e-16
9.52102e-18
-6.87571e-16
-3.88051e-15
7.16831e-14
5.58443e-13
6.51881e-13
1.83912e-11
5.88874e-10
9.41663e-09
8.32191e-08
1.80755e-07
1.63233e-07
-6.81776e-07
-1.13102e-05
-4.77701e-05
-0.000135764
-0.000306997
-0.000571698
-0.000950972
-0.00144203
-0.00206621
-0.00282609
-0.00359344
-0.00385654
-0.00369729
-0.00323317
-0.00262799
-0.00203524
-0.00151993
-0.00112226
-0.000823633
-0.000586876
-0.000404561
-0.000267636
-0.000169058
-0.000100456
-5.49195e-05
-2.73698e-05
-1.23751e-05
-4.98322e-06
-1.75986e-06
-5.45444e-07
-1.47009e-07
-3.5403e-08
-9.58739e-09
-3.89733e-09
-2.33152e-09
-1.64642e-09
-2.66121e-09
-4.09004e-08
1.84368e-08
1.09772e-06
7.89162e-06
4.3015e-05
0.000191386
0.000734769
0.00253996
0.00810736
0.0205056
0.0421544
0.0735059
0.112236
0.152905
0.188253
0.212506
0.22302
0.22079
0.210401
0.197512
0.185587
0.174684
0.157914
0.136235
0.110564
0.0864684
0.0653594
0.0491937
0.0385946
0.032913
0.0273067
0.0187656
0.0114893
0.00734031
0.00522115
0.00455283
0.00385231
0.00253528
0.00155866
0.00102949
0.00069512
0.000466397
0.000306947
0.000194973
0.000117246
7.10348e-05
4.37438e-05
2.55325e-05
1.37955e-05
6.9712e-06
3.40714e-06
1.72574e-06
1.0479e-06
7.11565e-07
2.52904e-07
-4.38998e-07
-9.35491e-07
-1.42604e-06
-2.06034e-06
-3.11228e-06
-5.10011e-06
-9.09981e-06
-9.94659e-06
6.81435e-05
0.00047996
0.00194597
0.0069977
0.0206273
0.0465181
0.0841045
0.121072
0.121052
0.0850017
-0.0103485
-0.123215
-0.19563
-0.19081
-0.121277
-0.03437
0.0321522
0.0733106
0.0921551
0.0947536
0.609995
2.02574
-0.657359
)
;

boundaryField
{
    inlet
    {
        type            uniformFixedValue;
        uniformValue    table;
        uniformValueCoeffs
        {
            values          
4
(
(0 1)
(0.15 1)
(0.151 0)
(1 0)
)
;
        }
        value           uniform 0;
    }
    outlet
    {
        type            inletOutlet;
        inletValue      uniform 0;
        value           nonuniform List<scalar> 
200
(
0
0
0
0
0
0
0
0
0
0
0
0
0
0
0
0
0
0
0
0
0
0
0
0
0
0
0
0
0
0
0
0
0
0
0
0
0
0
0
0
0
0
0
0
0
0
0
0
0
0
0
0
0
0
0
0
0
0
0
0
0
0
0
0
0
0
0
0
0
0
6.51881e-13
1.83912e-11
5.88874e-10
9.41663e-09
8.32191e-08
1.80755e-07
1.63233e-07
-6.81776e-07
-1.13102e-05
-4.77701e-05
-0.000135764
-0.000306997
-0.000571698
-0.000950972
-0.00144203
-0.00206621
-0.00282609
-0.00359344
0
0
0
0
0
0
0
0
0
0
0
0
0
0
0
0
0
0
0
0
0
0
0
0
0
0
0
1.84368e-08
1.09772e-06
7.89162e-06
4.3015e-05
0.000191386
0.000734769
0.00253996
0.00810736
0.0205056
0.0421544
0.0735059
0.112236
0.152905
0.188253
0.212506
0.22302
0.22079
0.210401
0.197512
0.185587
0.174684
0.157914
0.136235
0.110564
0.0864684
0.0653594
0.0491937
0.0385946
0.032913
0
0
0
0
0
0
0
0
0
0
0
0
0
0
0
0
0
0
0
0
0
0
0
0
0
0
-9.35491e-07
-1.42604e-06
-2.06034e-06
-3.11228e-06
-5.10011e-06
-9.09981e-06
-9.94659e-06
6.81435e-05
0.00047996
0.00194597
0.0069977
0.0206273
0.0465181
0.0841045
0.121072
0.121052
0.0850017
-0.0103485
-0.123215
-0.19563
-0.19081
-0.121277
-0.03437
0.0321522
0.0733106
0.0921551
0.0947536
0.609995
2.02574
-0.657359
)
;
    }
    walls
    {
        type            zeroGradient;
    }
    frontAndBack
    {
        type            empty;
    }
}


// ************************************************************************* //
