/*--------------------------------*- C++ -*----------------------------------*\
| =========                 |                                                 |
| \\      /  F ield         | OpenFOAM: The Open Source CFD Toolbox           |
|  \\    /   O peration     | Version:  2506                                  |
|   \\  /    A nd           | Website:  www.openfoam.com                      |
|    \\/     M anipulation  |                                                 |
\*---------------------------------------------------------------------------*/
FoamFile
{
    version     2.0;
    format      ascii;
    arch        "LSB;label=32;scalar=64";
    class       volScalarField;
    location    "0.511111";
    object      s;
}
// * * * * * * * * * * * * * * * * * * * * * * * * * * * * * * * * * * * * * //

dimensions      [0 0 0 0 0 0 0];

internalField   nonuniform List<scalar> 
4000
(
5.28795e-07
3.86928e-05
0.00156056
0.0277142
0.202781
0.574285
0.617349
0.447163
0.152543
0.0273977
0.00991407
0.00361752
0.00121861
0.000378339
0.00010871
2.94349e-05
7.7111e-06
1.98937e-06
4.83892e-07
8.06178e-08
-1.99623e-08
-3.29106e-08
-2.4306e-08
-1.45377e-08
-7.86026e-09
-3.94632e-09
-1.8384e-09
-8.10077e-10
-3.35155e-10
-1.28106e-10
-4.44905e-11
-1.24689e-11
-3.97986e-12
-9.29922e-13
-8.16189e-14
-3.21749e-13
-9.12412e-13
-1.5839e-12
-2.22968e-12
-2.79179e-12
-2.60603e-12
-6.2394e-12
-7.99141e-12
-7.66463e-12
-5.63862e-12
-3.75035e-12
-2.47926e-12
-1.40487e-12
-8.24226e-13
-4.90727e-13
-2.45414e-13
-1.42895e-13
-6.67417e-14
-3.28036e-14
-1.07286e-14
-3.30841e-15
-9.80333e-16
-2.79065e-16
-7.4766e-17
-1.35586e-17
-5.94941e-20
1.28521e-17
8.82497e-18
3.62303e-18
1.22122e-18
3.091e-19
1.0263e-20
-4.40714e-20
-3.21027e-20
-1.43204e-20
-4.75441e-21
-1.25266e-21
-2.211e-22
-1.90181e-23
1.35961e-24
-3.39021e-25
-8.93807e-25
-5.0256e-25
-1.77633e-25
-4.81942e-26
-1.14597e-26
-3.8354e-27
-3.37681e-27
-4.09285e-27
-4.13573e-27
-4.52935e-27
-5.56416e-27
-6.86767e-27
-6.05627e-27
-4.11229e-27
-2.81908e-27
-1.20734e-27
-2.18862e-28
1.87346e-28
2.5086e-28
2.46277e-28
1.41421e-28
9.30555e-29
3.96876e-29
2.24534e-29
8.25137e-30
3.23243e-30
1.00616e-30
2.37215e-31
4.83879e-32
3.886e-34
-3.9696e-33
-2.09822e-33
-6.74561e-34
-1.29129e-34
7.60144e-36
1.97594e-35
1.2136e-35
4.46895e-36
1.93893e-36
6.14464e-37
1.93069e-37
6.83338e-38
2.01038e-38
6.20137e-39
2.33845e-39
7.86761e-40
2.6826e-40
1.29216e-40
6.15418e-41
3.38387e-41
2.14432e-41
1.44818e-41
1.20212e-41
1.21623e-41
9.54089e-42
9.37824e-42
1.09078e-41
8.86264e-42
8.4268e-42
8.97684e-42
6.16147e-42
5.66196e-42
3.96983e-42
2.77618e-42
1.73456e-42
9.40033e-43
4.27844e-43
1.73232e-43
3.48273e-44
5.44353e-45
6.37854e-46
3.60016e-49
-4.50685e-47
-2.68912e-47
-1.10193e-47
-4.55183e-48
-1.52879e-48
-5.11497e-49
-1.44652e-49
-3.88291e-50
-8.50139e-51
-1.35183e-51
-1.47701e-53
9.87089e-53
-1.39908e-52
-4.71015e-53
-9.76565e-54
4.99486e-54
-1.48394e-51
-3.82777e-51
4.92674e-51
1.31126e-50
1.04612e-50
8.64243e-51
6.88582e-51
4.74611e-51
2.69203e-51
1.22749e-51
4.36131e-52
1.10908e-52
1.367e-53
-3.5007e-54
-2.60208e-54
-7.43208e-55
-1.00273e-55
-5.43792e-57
8.73342e-58
2.54748e-58
4.81015e-59
1.30485e-59
4.50542e-60
1.4218e-60
3.86381e-61
9.11409e-62
1.80229e-62
2.5599e-63
2.29285e-62
3.75672e-62
2.2593e-62
1.00942e-62
4.10275e-63
1.58193e-63
5.18775e-64
4.40532e-65
3.52679e-07
1.2809e-05
0.000294175
0.00365377
0.0295363
0.103667
0.227316
0.417953
0.597615
0.636196
0.605049
0.519857
0.356568
0.185414
0.0756015
0.0352846
0.0173343
0.00827716
0.00372386
0.00152879
0.000545234
0.000152658
1.92077e-05
-1.486e-05
-1.6836e-05
-1.14415e-05
-5.69172e-06
-2.67532e-06
-1.30124e-06
-5.76955e-07
-2.31544e-07
-8.46575e-08
-2.7765e-08
-7.64092e-09
-1.65843e-09
-2.53472e-10
-2.15678e-11
1.27607e-10
1.11041e-10
2.42456e-10
6.36099e-10
7.23832e-10
5.39719e-10
3.20433e-10
1.66987e-10
7.73212e-11
2.77025e-11
2.93767e-12
-7.26445e-12
-9.24964e-12
-7.51638e-12
-5.23807e-12
-3.18454e-12
-1.85507e-12
-1.01259e-12
-5.40601e-13
-2.73875e-13
-1.35424e-13
-6.38539e-14
-2.70822e-14
-1.09945e-14
-4.21569e-15
-1.64528e-15
-4.91457e-16
-1.21677e-16
-1.42713e-17
2.89187e-17
3.05075e-17
1.58346e-17
6.2055e-18
2.08533e-18
5.76271e-19
1.06199e-19
2.44429e-21
-6.79273e-21
-2.97954e-21
-8.07374e-22
-1.78242e-22
-4.36929e-23
-1.4539e-23
-5.13966e-24
-1.4122e-24
-1.45431e-25
1.07279e-25
3.99036e-26
-5.83071e-26
-1.0223e-25
-1.7871e-25
-2.62404e-25
-2.92908e-25
-2.94111e-25
-2.31278e-25
-1.51911e-25
-9.65831e-26
-4.93211e-26
-2.52098e-26
-1.03105e-26
-3.96855e-27
-1.08216e-27
-1.73288e-28
7.35514e-29
8.91712e-29
5.52255e-29
2.62286e-29
1.11138e-29
3.89966e-30
1.27435e-30
3.578e-31
9.11287e-32
2.14801e-32
5.31228e-33
1.62628e-33
6.78118e-34
2.88815e-34
1.36911e-34
5.64152e-35
2.27107e-35
9.38854e-36
3.65638e-36
1.46595e-36
6.40996e-37
2.79875e-37
1.27632e-37
6.65695e-38
3.6344e-38
2.14036e-38
1.35005e-38
8.88249e-39
6.28138e-39
4.75533e-39
3.40395e-39
2.59008e-39
2.09992e-39
1.53513e-39
1.1662e-39
9.10396e-40
6.17547e-40
4.45151e-40
2.92224e-40
1.86889e-40
1.12954e-40
6.34668e-41
3.27552e-41
1.54406e-41
5.59596e-42
1.73859e-42
5.17676e-43
1.51396e-43
4.41615e-44
1.29319e-44
3.68332e-45
9.96666e-46
2.25502e-46
2.8496e-47
-8.58578e-48
-9.11074e-48
-4.65616e-48
-1.83228e-48
-5.78176e-49
-1.47633e-49
-2.64611e-50
-3.31791e-51
3.16084e-52
3.57349e-51
2.7834e-50
2.7209e-49
1.14755e-48
1.53683e-48
1.35851e-48
1.08966e-48
7.95961e-49
5.22047e-49
3.05376e-49
1.59224e-49
7.39928e-50
3.05222e-50
1.1044e-50
3.41547e-51
8.50315e-52
1.39784e-52
-8.37584e-55
-1.09578e-53
-5.38237e-54
-1.93791e-54
-6.10801e-55
-1.7878e-55
-4.98691e-56
-1.34367e-56
-3.52778e-57
-9.09193e-58
-2.31683e-58
-5.87918e-59
-1.49813e-59
-3.86241e-60
-1.44939e-60
-1.12115e-60
-7.01605e-61
-3.37704e-61
-1.28571e-61
-2.54866e-62
2.55156e-07
5.15088e-06
6.74538e-05
0.000500586
0.00249477
0.0107717
0.0391619
0.109985
0.245693
0.423281
0.612897
0.755377
0.77284
0.743886
0.675003
0.552634
0.409998
0.276377
0.159802
0.074943
0.0349589
0.016584
0.00761696
0.00322127
0.00113033
0.000232218
-6.89161e-05
-0.000115181
-8.66612e-05
-3.99564e-05
-1.66186e-05
-7.75117e-06
-3.32036e-06
-1.21772e-06
-3.85772e-07
-1.04657e-07
-1.91583e-08
9.12873e-09
2.60487e-08
3.77825e-08
5.01396e-08
5.08641e-08
4.21936e-08
3.11215e-08
2.11305e-08
1.35497e-08
8.20064e-09
4.64088e-09
2.54879e-09
1.36669e-09
7.32609e-10
3.89733e-10
2.02324e-10
1.02136e-10
5.0201e-11
2.4047e-11
1.11092e-11
4.8862e-12
2.02614e-12
7.69812e-13
2.5833e-13
6.68669e-14
5.20332e-15
-9.34944e-15
-9.21672e-15
-5.94738e-15
-3.10977e-15
-1.44589e-15
-6.05606e-16
-2.57219e-16
-9.97386e-17
-3.67591e-17
-3.21951e-18
5.61877e-18
3.26021e-18
1.17546e-18
3.2313e-19
7.22581e-20
1.33113e-20
2.05643e-21
2.96866e-22
6.66038e-23
4.47155e-23
4.11134e-23
3.32468e-23
2.37504e-23
1.58004e-23
1.07028e-23
8.55107e-24
6.14686e-24
3.68962e-24
1.49514e-24
1.29957e-25
-4.46983e-25
-5.33218e-25
-4.41215e-25
-2.83372e-25
-1.65496e-25
-8.2133e-26
-3.88854e-26
-1.59677e-26
-6.08692e-27
-2.059e-27
-6.04576e-28
-1.5653e-28
-3.07618e-29
-3.8167e-30
2.75076e-31
2.58863e-31
1.74187e-32
-4.91681e-32
-3.97962e-32
-2.11947e-32
-8.97135e-33
-3.50546e-33
-1.24634e-33
-4.15546e-34
-1.37014e-34
-4.30172e-35
-1.26687e-35
-3.41913e-36
-6.35044e-37
1.3102e-37
2.74931e-37
2.45942e-37
1.90231e-37
1.38399e-37
9.75343e-38
6.80305e-38
4.63531e-38
2.98328e-38
1.86565e-38
1.0353e-38
4.71455e-39
1.19993e-39
-1.25053e-39
-2.10207e-39
-2.40507e-39
-2.18112e-39
-1.70459e-39
-1.19481e-39
-7.33555e-40
-3.95686e-40
-1.88999e-40
-7.63911e-41
-2.84743e-41
-9.97007e-42
-3.16004e-42
-7.53488e-43
-2.19215e-44
1.15403e-43
1.0092e-43
5.89554e-44
2.94569e-44
1.28736e-44
5.13846e-45
1.86278e-45
6.18564e-46
1.85597e-46
5.07526e-47
1.13992e-47
2.33619e-48
4.5128e-49
3.07673e-49
1.66112e-48
6.5422e-48
1.14909e-47
8.50742e-48
4.38597e-48
2.53119e-48
1.70564e-48
1.19549e-48
7.91809e-49
4.83123e-49
2.72293e-49
1.42198e-49
6.83463e-50
2.96781e-50
1.12641e-50
3.50622e-51
8.3753e-52
1.29633e-52
-1.10136e-53
-2.08714e-53
-1.1979e-53
-5.36173e-54
-2.13287e-54
-7.88864e-55
-2.76906e-55
-9.32494e-56
-3.03155e-56
-9.55124e-57
-2.92312e-57
-8.70116e-58
-2.51594e-58
-6.98282e-59
-2.91507e-59
-1.49405e-59
-6.99268e-60
-2.03752e-60
2.33623e-07
2.98388e-06
2.23973e-05
0.000118012
0.000464703
0.0018791
0.00699974
0.0234595
0.0674706
0.162065
0.319068
0.499748
0.667476
0.799432
0.855081
0.842577
0.804791
0.733154
0.61573
0.472913
0.336364
0.221124
0.132388
0.0672311
0.0265447
0.0101658
0.00376679
0.00112273
6.14098e-05
-0.000284062
-0.00030184
-0.000202252
-7.82978e-05
-2.74169e-05
-1.03899e-05
-3.73977e-06
-1.10035e-06
-1.41771e-07
2.03159e-07
3.20332e-07
3.70282e-07
3.75429e-07
3.51377e-07
3.09566e-07
2.51386e-07
1.92614e-07
1.37005e-07
9.18894e-08
5.93708e-08
3.68572e-08
2.19398e-08
1.27434e-08
7.13592e-09
3.86996e-09
2.02128e-09
1.02137e-09
4.97391e-10
2.30363e-10
1.00404e-10
3.95801e-11
1.34638e-11
3.41799e-12
-1.54198e-13
-8.93276e-13
-7.73941e-13
-4.92262e-13
-2.66511e-13
-1.37827e-13
-6.78651e-14
-3.18979e-14
-1.42503e-14
-6.03068e-15
-2.43507e-15
-9.31592e-16
-3.39731e-16
-1.21321e-16
-2.04862e-17
-1.7506e-18
4.45049e-19
2.84761e-19
9.31657e-20
2.26176e-20
4.3517e-21
7.43064e-22
2.32213e-22
2.00595e-22
1.99183e-22
1.93026e-22
2.05536e-22
2.03219e-22
1.77151e-22
1.30386e-22
8.26958e-23
4.81432e-23
2.43015e-23
1.13205e-23
4.48666e-24
1.52338e-24
3.54702e-25
2.5533e-27
-6.36301e-26
-5.07045e-26
-2.80967e-26
-1.29349e-26
-5.32832e-27
-1.95297e-27
-6.711e-28
-2.14695e-28
-6.65798e-29
-2.07612e-29
-6.82205e-30
-2.42511e-30
-9.39618e-31
-3.73669e-31
-1.56083e-31
-6.42788e-32
-2.64692e-32
-1.11103e-32
-4.66594e-33
-2.00317e-33
-8.9827e-34
-4.13789e-34
-1.97816e-34
-1.00232e-34
-5.30777e-35
-2.94866e-35
-1.71751e-35
-1.04202e-35
-6.62097e-36
-4.39814e-36
-2.95037e-36
-2.04181e-36
-1.46922e-36
-1.03131e-36
-7.33743e-37
-5.28999e-37
-3.62191e-37
-2.49086e-37
-1.64758e-37
-1.0519e-37
-6.44544e-38
-3.71693e-38
-2.00505e-38
-1.00106e-38
-4.40099e-39
-1.79955e-39
-7.13992e-40
-2.7517e-40
-1.0134e-40
-3.48202e-41
-1.08008e-41
-2.68128e-42
-3.19973e-43
2.01708e-43
2.07624e-43
1.27654e-43
6.37343e-44
2.78841e-44
1.08537e-44
3.82163e-45
1.1789e-45
3.37284e-46
9.06384e-47
1.07645e-47
-7.0448e-47
-1.45392e-46
-2.79573e-46
-3.50037e-46
-3.15707e-46
-2.3472e-46
-1.53994e-46
-9.14919e-47
-4.98836e-47
-2.51312e-47
-1.17346e-47
-5.07801e-48
-2.0296e-48
-7.43481e-49
-2.46176e-49
-7.18534e-50
-1.7464e-50
-2.76141e-51
3.4538e-52
6.1078e-52
3.8607e-52
1.92499e-52
8.55314e-53
3.54016e-53
1.39503e-53
5.30052e-54
1.95795e-54
7.07174e-55
2.50783e-55
8.75819e-56
3.01825e-56
1.02753e-56
3.46547e-57
1.15346e-57
3.79389e-58
7.32506e-59
2.34013e-07
2.74982e-06
1.73313e-05
8.03375e-05
0.000290682
0.000988943
0.00311872
0.00939587
0.0273396
0.0737204
0.162415
0.293547
0.452894
0.614429
0.750328
0.840774
0.866634
0.853818
0.816204
0.742273
0.631015
0.500363
0.372452
0.258407
0.16511
0.0959338
0.0491336
0.0199244
0.00516102
0.000863602
-0.000291474
-0.000557938
-0.000488448
-0.000335206
-0.000150946
-4.99362e-05
-1.84037e-05
-7.26308e-06
-2.48252e-06
-4.94203e-07
2.12908e-07
4.54894e-07
5.33687e-07
5.39528e-07
5.07467e-07
4.50544e-07
3.65437e-07
2.80661e-07
2.06922e-07
1.4345e-07
9.46012e-08
5.97449e-08
3.60088e-08
2.07363e-08
1.13225e-08
5.83924e-09
2.82937e-09
1.2535e-09
5.07095e-10
1.74322e-10
3.8728e-11
-8.25083e-12
-1.70254e-11
-1.55755e-11
-1.08204e-11
-6.80641e-12
-3.8407e-12
-2.03091e-12
-1.01766e-12
-4.86061e-13
-2.21945e-13
-9.70203e-14
-4.04856e-14
-1.61265e-14
-6.16034e-15
-2.26726e-15
-7.92686e-16
-2.90015e-16
-6.04175e-17
-5.32806e-18
2.07906e-18
1.5504e-18
6.52903e-19
2.14253e-19
5.55898e-20
9.05855e-21
-1.49156e-21
-2.60875e-21
-1.73391e-21
-7.98601e-22
-1.37498e-22
2.19491e-22
3.32321e-22
3.09638e-22
2.25666e-22
1.4523e-22
8.16443e-23
4.21961e-23
1.94612e-23
8.35172e-24
3.20377e-24
1.11819e-24
3.43708e-25
8.88961e-26
1.74171e-26
1.06034e-27
-1.14209e-27
-7.63855e-28
-3.3245e-28
-1.19882e-28
-3.9229e-29
-1.24708e-29
-4.21792e-30
-1.56742e-30
-6.87945e-31
-3.17088e-31
-1.52459e-31
-7.5056e-32
-3.67078e-32
-1.82152e-32
-9.29306e-33
-4.80497e-33
-2.5494e-33
-1.40526e-33
-7.95397e-34
-4.6387e-34
-2.77976e-34
-1.70328e-34
-1.06929e-34
-6.84674e-35
-4.39406e-35
-2.85957e-35
-1.88632e-35
-1.21982e-35
-7.92582e-36
-5.13969e-36
-3.22911e-36
-2.02608e-36
-1.23764e-36
-7.40183e-37
-4.3179e-37
-2.42566e-37
-1.30607e-37
-6.61499e-38
-2.98259e-38
-1.24999e-38
-5.14719e-39
-2.10818e-39
-8.72646e-40
-3.66601e-40
-1.53752e-40
-6.40833e-41
-2.56801e-41
-9.73566e-42
-3.3319e-42
-9.62201e-43
-1.82586e-43
2.09762e-44
4.54379e-44
2.98799e-44
1.47965e-44
6.27648e-45
2.38375e-45
-5.69462e-46
-3.49363e-45
-5.17394e-45
-6.19906e-45
-5.61582e-45
-4.22469e-45
-2.85597e-45
-1.79292e-45
-1.05416e-45
-5.81689e-46
-3.01363e-46
-1.46636e-46
-6.70407e-47
-2.88006e-47
-1.16081e-47
-4.36792e-48
-1.51647e-48
-4.83693e-49
-1.39736e-49
-3.34972e-50
-4.32243e-51
1.78648e-51
2.01302e-51
1.26161e-51
6.56684e-52
3.10221e-52
1.37754e-52
5.85259e-53
2.40363e-53
9.60443e-54
3.74987e-54
1.43464e-54
5.38839e-55
1.98889e-55
7.25314e-56
2.63677e-56
6.80918e-57
2.33367e-07
2.90053e-06
1.94577e-05
9.40757e-05
0.000370851
0.00127448
0.00396989
0.0116076
0.0299728
0.0677812
0.133856
0.232517
0.359624
0.502023
0.640827
0.756064
0.832929
0.863651
0.854133
0.821992
0.748459
0.648621
0.533753
0.415647
0.304768
0.208981
0.132696
0.0766778
0.0391391
0.0167123
0.0048928
7.91143e-06
-0.000814223
-0.00077186
-0.000586728
-0.000360527
-0.000190029
-8.84428e-05
-3.99771e-05
-2.15432e-05
-1.29897e-05
-7.65742e-06
-4.08944e-06
-1.89714e-06
-6.44033e-07
-2.16976e-08
2.47126e-07
3.15982e-07
3.01313e-07
2.4651e-07
1.84405e-07
1.29719e-07
8.62368e-08
5.46731e-08
3.30339e-08
1.89875e-08
1.03388e-08
5.27517e-09
2.48806e-09
1.04411e-09
3.60934e-10
6.94636e-11
-2.63658e-11
-4.36306e-11
-3.91223e-11
-2.62512e-11
-1.69781e-11
-9.7532e-12
-5.2289e-12
-2.64925e-12
-1.27741e-12
-5.83129e-13
-2.55828e-13
-1.09441e-13
-4.55052e-14
-1.83593e-14
-7.15198e-15
-2.72201e-15
-9.89384e-16
-3.77333e-16
-9.7267e-17
-1.88452e-17
-2.12986e-18
5.2633e-19
5.07789e-19
2.27226e-19
5.92374e-20
-1.07251e-20
-3.36538e-20
-3.50536e-20
-2.74564e-20
-1.79315e-20
-1.01125e-20
-5.07758e-21
-2.19053e-21
-7.94264e-22
-2.00603e-22
1.57352e-25
4.28678e-23
3.65375e-23
2.17084e-23
1.09217e-23
4.84313e-24
1.94639e-24
7.2685e-25
2.5194e-25
8.34599e-26
2.66496e-26
8.43176e-27
2.72344e-27
9.19456e-28
3.27965e-28
1.23187e-28
4.75448e-29
1.87698e-29
7.47643e-30
2.98078e-30
1.19848e-30
4.85657e-31
1.98364e-31
8.22199e-32
3.46683e-32
1.48286e-32
6.46835e-33
2.90265e-33
1.34678e-33
6.57436e-34
3.43723e-34
1.95712e-34
1.22982e-34
8.35116e-35
5.96084e-35
4.45947e-35
3.32671e-35
2.46027e-35
1.81947e-35
1.29266e-35
8.95501e-36
6.00403e-36
3.85119e-36
2.36851e-36
1.37975e-36
7.59338e-37
3.95818e-37
1.94825e-37
9.21983e-38
4.14706e-38
1.75106e-38
6.5369e-39
1.90918e-39
2.61757e-40
-2.1033e-40
-2.4516e-40
-1.75833e-40
-1.02993e-40
-5.38609e-41
-2.56421e-41
-1.1248e-41
-4.51182e-42
-1.67619e-42
-5.45845e-43
-1.57797e-43
-3.97811e-44
-3.9689e-44
-5.13603e-44
-4.91475e-44
-3.95454e-44
-2.57232e-44
-1.4948e-44
-8.48554e-45
-4.93807e-45
-2.93356e-45
-1.72808e-45
-9.81104e-46
-5.27159e-46
-2.6563e-46
-1.2499e-46
-5.47418e-47
-2.21839e-47
-8.20652e-48
-2.8387e-48
-9.40977e-49
-2.96164e-49
-8.58789e-50
-2.10127e-50
-2.94141e-51
1.04146e-51
1.30193e-51
8.66135e-52
4.77502e-52
2.39173e-52
1.12743e-52
5.0893e-53
2.22198e-53
9.4424e-54
3.92243e-54
1.59796e-54
6.33397e-55
2.40443e-55
7.73343e-56
2.30238e-07
2.98715e-06
2.11841e-05
0.000107404
0.000442752
0.00157324
0.00495732
0.0148433
0.0376127
0.0802018
0.148006
0.242299
0.358854
0.487788
0.615159
0.725482
0.80605
0.849204
0.855875
0.836503
0.784264
0.704422
0.605726
0.497493
0.388857
0.287953
0.200857
0.130939
0.0788071
0.0428999
0.0202856
0.00759361
0.00158673
-0.000663646
-0.000913794
-0.000718963
-0.000523735
-0.000326999
-0.000193667
-0.000112255
-6.54913e-05
-3.81018e-05
-2.16027e-05
-1.17099e-05
-5.91671e-06
-2.69735e-06
-1.02312e-06
-2.1279e-07
1.18235e-07
2.25927e-07
2.16395e-07
1.84043e-07
1.36204e-07
9.4171e-08
6.16608e-08
3.84878e-08
2.29385e-08
1.301e-08
6.98941e-09
3.49637e-09
1.59732e-09
6.32955e-10
1.87556e-10
8.52829e-12
-4.56321e-11
-4.86933e-11
-3.64907e-11
-2.4747e-11
-1.51855e-11
-8.60165e-12
-4.58039e-12
-2.3138e-12
-1.11629e-12
-5.15911e-13
-2.28592e-13
-9.65159e-14
-3.93468e-14
-1.57783e-14
-6.1734e-15
-2.36939e-15
-8.67604e-16
-3.25539e-16
-7.98779e-17
-1.62144e-17
-2.03884e-18
3.67342e-19
4.45812e-19
2.23405e-19
3.40995e-20
-8.24322e-20
-1.22977e-19
-1.12253e-19
-8.17286e-20
-5.22198e-20
-2.9631e-20
-1.54707e-20
-7.32143e-21
-3.18819e-21
-1.24405e-21
-4.34057e-22
-1.26912e-22
-2.68325e-23
-4.86512e-25
3.5727e-24
2.62185e-24
1.35563e-24
6.04758e-25
2.45819e-25
9.48178e-26
3.56051e-26
1.32759e-26
4.99873e-27
1.92513e-27
7.56084e-28
3.07107e-28
1.2736e-28
5.39792e-29
2.34689e-29
1.04149e-29
4.73083e-30
2.21104e-30
1.06043e-30
5.22761e-31
2.6584e-31
1.39249e-31
7.51214e-32
4.16989e-32
2.37594e-32
1.38812e-32
8.29769e-33
5.03958e-33
3.1036e-33
1.94079e-33
1.21309e-33
7.61552e-34
4.7897e-34
2.97468e-34
1.83518e-34
1.11613e-34
6.65931e-35
3.89317e-35
2.21108e-35
1.21681e-35
6.45306e-36
3.25464e-36
1.58144e-36
7.44679e-37
3.39032e-37
1.47084e-37
5.95453e-38
2.20978e-38
6.95273e-39
1.51683e-39
-1.46772e-40
-4.49531e-40
-3.70563e-40
-2.32506e-40
-1.26977e-40
-6.2142e-41
-2.81891e-41
-1.15044e-41
-4.37095e-42
-1.57331e-42
-6.83273e-43
-3.34396e-43
-1.45579e-43
-1.09167e-44
6.54336e-44
8.20806e-44
6.73268e-44
4.4736e-44
2.58539e-44
1.34204e-44
6.36385e-45
2.78498e-45
1.13283e-45
4.31356e-46
1.55571e-46
5.44408e-47
1.94428e-47
6.83292e-48
2.32293e-48
6.68007e-49
1.0766e-49
-4.11896e-50
-5.71339e-50
-4.12863e-50
-2.44853e-50
-1.31112e-50
-6.57968e-51
-3.15269e-51
-1.45767e-51
-6.54471e-52
-2.86429e-52
-1.22438e-52
-5.11514e-53
-2.08712e-53
-8.31848e-54
-3.35866e-54
-1.08941e-54
2.2574e-07
2.9968e-06
2.1999e-05
0.000115306
0.000488657
0.00177143
0.00562939
0.0169804
0.0430788
0.0909574
0.164892
0.264021
0.382247
0.50886
0.630633
0.734257
0.809945
0.850406
0.854151
0.837979
0.792406
0.72147
0.632
0.531696
0.428392
0.329441
0.240808
0.166429
0.107961
0.0650087
0.0356818
0.0172594
0.0068311
0.00167609
-0.00034274
-0.000829416
-0.000695486
-0.000533486
-0.000354588
-0.000224941
-0.000139391
-8.45652e-05
-4.97886e-05
-2.82049e-05
-1.5225e-05
-7.75087e-06
-3.65513e-06
-1.52344e-06
-4.84235e-07
-2.08796e-08
1.48441e-07
1.83262e-07
1.60876e-07
1.23975e-07
8.79711e-08
5.88275e-08
3.74652e-08
2.28074e-08
1.32891e-08
7.35646e-09
3.84618e-09
1.86775e-09
8.17159e-10
2.98723e-10
6.7353e-11
-1.99095e-11
-4.21011e-11
-3.8663e-11
-2.6992e-11
-1.83572e-11
-1.10939e-11
-6.27181e-12
-3.3559e-12
-1.7059e-12
-8.28622e-13
-3.86861e-13
-1.73908e-13
-7.5123e-14
-3.07329e-14
-1.22056e-14
-4.64315e-15
-1.70862e-15
-5.50779e-16
-1.60633e-16
8.51535e-18
3.40924e-17
2.5742e-17
1.48307e-17
7.67271e-18
3.73911e-18
1.69847e-18
6.82465e-19
2.12524e-19
2.31065e-20
-3.44306e-20
-3.9695e-20
-2.87698e-20
-1.72753e-20
-9.01918e-21
-4.27519e-21
-1.83228e-21
-7.21744e-22
-2.59348e-22
-8.45573e-23
-2.46916e-23
-6.13612e-24
-1.11157e-24
-7.53938e-27
1.296e-25
8.97591e-26
4.65263e-26
2.17325e-26
9.72874e-27
4.26947e-27
1.88812e-27
8.36486e-28
3.75256e-28
1.71345e-28
7.9347e-29
3.74441e-29
1.80838e-29
8.90116e-30
4.47586e-30
2.30347e-30
1.21e-30
6.48559e-31
3.54138e-31
1.96604e-31
1.10875e-31
6.34097e-32
3.66016e-32
2.13075e-32
1.25202e-32
7.35537e-33
4.33799e-33
2.55981e-33
1.5023e-33
8.79254e-34
5.11015e-34
2.94382e-34
1.67978e-34
9.45232e-35
5.24e-35
2.8499e-35
1.5119e-35
7.84338e-36
3.97026e-36
1.95699e-36
9.38124e-37
4.35254e-37
1.9524e-37
8.37771e-38
3.4188e-38
1.29694e-38
4.4263e-39
1.2226e-39
1.66417e-40
-1.02841e-40
-1.176e-40
-7.94176e-41
-4.24474e-41
-2.04957e-41
-9.29659e-42
-3.81037e-42
-1.07816e-42
2.74885e-43
9.54684e-43
1.11018e-42
9.47316e-43
6.80981e-43
4.35477e-43
2.55333e-43
1.39707e-43
7.21291e-44
3.54074e-44
1.66183e-44
7.49049e-45
3.25503e-45
1.36824e-45
5.59985e-46
2.25661e-46
8.97545e-47
3.4646e-47
1.28667e-47
4.54873e-48
1.50085e-48
4.42564e-49
1.0276e-49
7.47449e-51
-1.1756e-50
-1.09828e-50
-6.99263e-51
-3.84045e-51
-1.94018e-51
-9.25451e-52
-4.21902e-52
-1.84831e-52
-7.78891e-53
-3.16618e-53
-1.79227e-53
2.20599e-07
2.9619e-06
2.2175e-05
0.00011876
0.000513152
0.00189178
0.00606151
0.0183902
0.0467493
0.0983557
0.176984
0.280705
0.402106
0.529508
0.64912
0.748581
0.81839
0.853687
0.855732
0.839139
0.794504
0.726344
0.640834
0.54482
0.445303
0.348929
0.26125
0.186146
0.125552
0.0795602
0.0468205
0.0251093
0.0118554
0.00453464
0.00103343
-0.000314895
-0.000652179
-0.000592816
-0.000458059
-0.000311418
-0.000202951
-0.000127988
-7.79903e-05
-4.57481e-05
-2.57005e-05
-1.3757e-05
-6.96128e-06
-3.25894e-06
-1.34605e-06
-4.20928e-07
-1.4128e-08
1.30906e-07
1.5952e-07
1.41279e-07
1.08121e-07
7.63202e-08
5.09088e-08
3.24356e-08
1.98537e-08
1.16579e-08
6.56217e-09
3.51741e-09
1.7761e-09
8.27126e-10
3.38441e-10
1.06009e-10
7.22324e-12
-2.64406e-11
-3.15251e-11
-2.54117e-11
-1.81531e-11
-1.18101e-11
-7.17574e-12
-4.12644e-12
-2.25703e-12
-1.17752e-12
-5.86518e-13
-2.78809e-13
-1.26906e-13
-5.53973e-14
-2.28592e-14
-9.13932e-15
-3.40229e-15
-1.14143e-15
-2.20563e-16
3.59351e-17
1.26468e-16
1.08491e-16
7.19381e-17
4.25444e-17
2.33857e-17
1.20791e-17
5.83749e-18
2.62665e-18
1.0737e-18
3.86016e-19
1.10316e-19
1.56142e-20
-8.64e-21
-1.01868e-20
-6.65697e-21
-3.53046e-21
-1.6394e-21
-6.92626e-22
-2.71827e-22
-9.9992e-23
-3.49729e-23
-1.16897e-23
-3.75245e-24
-1.16005e-24
-3.42552e-25
-9.45471e-26
-2.29182e-26
-3.76155e-27
5.2931e-28
1.00015e-27
7.29627e-28
4.34684e-28
2.37975e-28
1.25526e-28
6.50521e-29
3.33732e-29
1.7119e-29
8.81485e-30
4.56004e-30
2.37553e-30
1.24598e-30
6.57907e-31
3.49742e-31
1.86943e-31
1.00183e-31
5.38628e-32
2.90437e-32
1.56099e-32
8.4151e-33
4.52431e-33
2.43e-33
1.30854e-33
7.05165e-34
3.82128e-34
2.08532e-34
1.14654e-34
6.35794e-35
3.5346e-35
1.96431e-35
1.08233e-35
5.8673e-36
3.11435e-36
1.62968e-36
8.40793e-37
4.25634e-37
2.10982e-37
1.01876e-37
4.77363e-38
2.15787e-38
9.33339e-39
3.81787e-39
1.44623e-39
4.93091e-40
1.40361e-40
2.56247e-41
-6.07073e-42
-9.30954e-42
-3.81193e-42
1.39195e-42
4.43389e-42
5.50085e-42
5.01029e-42
3.84605e-42
2.6296e-42
1.65021e-42
9.70155e-43
5.41331e-43
2.89132e-43
1.48686e-43
7.39306e-44
3.56616e-44
1.6734e-44
7.65501e-45
3.43229e-45
1.51387e-45
6.55624e-46
2.78535e-46
1.16205e-46
4.76471e-47
1.92088e-47
7.61452e-48
2.96701e-48
1.1356e-48
4.26495e-49
1.56972e-49
5.65429e-50
1.99181e-50
6.86863e-51
2.33133e-51
7.9053e-52
2.76382e-52
1.04763e-52
4.76687e-53
-6.5439e-53
2.15175e-07
2.90147e-06
2.19144e-05
0.000118595
0.000517582
0.00192724
0.00620944
0.0189105
0.0482368
0.101515
0.182308
0.288192
0.411179
0.539143
0.658174
0.755816
0.823419
0.856401
0.856537
0.839811
0.795393
0.728652
0.645237
0.551575
0.454254
0.359542
0.272727
0.197595
0.136163
0.0887283
0.0542086
0.0306354
0.015664
0.00693253
0.00237655
0.000338001
-0.000387709
-0.000534054
-0.000465255
-0.000355012
-0.000245641
-0.00016152
-0.000101668
-6.13335e-05
-3.53837e-05
-1.94642e-05
-1.01567e-05
-4.95693e-06
-2.19451e-06
-8.16341e-07
-1.78152e-07
7.92064e-08
1.55221e-07
1.50021e-07
1.21837e-07
8.91799e-08
6.11084e-08
3.99008e-08
2.50615e-08
1.51827e-08
8.88897e-09
5.01884e-09
2.72087e-09
1.4037e-09
6.76881e-10
2.94679e-10
1.05324e-10
1.97257e-11
-1.35856e-11
-2.1992e-11
-2.04811e-11
-1.54268e-11
-1.07062e-11
-6.93606e-12
-4.26561e-12
-2.50781e-12
-1.41433e-12
-7.66813e-13
-4.00005e-13
-2.0062e-13
-9.62676e-14
-4.38573e-14
-1.86468e-14
-7.14936e-15
-2.36481e-15
-6.4426e-16
-5.2395e-17
1.94246e-16
2.0997e-16
1.57738e-16
1.01617e-16
5.96131e-17
3.24934e-17
1.66193e-17
7.95364e-18
3.56149e-18
1.47192e-18
5.54129e-19
1.82521e-19
4.8261e-20
6.59882e-21
-2.96737e-21
-3.36171e-21
-2.09877e-21
-1.0692e-21
-4.86793e-22
-2.06523e-22
-8.33479e-23
-3.25032e-23
-1.23924e-23
-4.65137e-24
-1.73039e-24
-6.40603e-25
-2.36144e-25
-8.71031e-26
-3.21022e-26
-1.18041e-26
-4.34336e-27
-1.5951e-27
-5.83297e-28
-2.13224e-28
-7.77781e-29
-2.82722e-29
-1.03619e-29
-3.88511e-30
-1.52794e-30
-6.57428e-31
-3.19353e-31
-1.76163e-31
-1.07348e-31
-6.86927e-32
-4.44545e-32
-2.90136e-32
-1.86671e-32
-1.17534e-32
-7.32785e-33
-4.45294e-33
-2.64508e-33
-1.54065e-33
-8.73483e-34
-4.82933e-34
-2.59349e-34
-1.34839e-34
-6.79013e-35
-3.28292e-35
-1.52568e-35
-6.7073e-36
-2.73261e-36
-9.55684e-37
-2.23238e-37
2.77006e-38
8.78132e-38
7.95456e-38
5.62412e-38
3.50337e-38
2.01812e-38
1.0938e-38
5.6197e-39
2.72943e-39
1.26452e-39
5.54272e-40
2.28734e-40
9.69496e-41
4.97433e-41
3.2542e-41
2.40425e-41
1.79869e-41
1.27497e-41
8.54911e-42
5.41827e-42
3.26191e-42
1.88112e-42
1.04622e-42
5.63769e-43
2.95275e-43
1.50653e-43
7.5004e-44
3.6485e-44
1.73597e-44
8.0838e-45
3.68372e-45
1.64535e-45
7.22099e-46
3.1187e-46
1.32715e-46
5.56989e-47
2.30713e-47
9.43727e-48
3.81408e-48
1.52382e-48
6.02281e-49
2.35763e-49
9.15745e-50
3.53987e-50
1.36805e-50
5.32076e-51
2.10073e-51
8.50579e-52
3.65052e-52
-1.0462e-52
2.09463e-07
2.81897e-06
2.12762e-05
0.000115124
0.00050249
0.001873
0.00604035
0.0184091
0.0471352
0.09957
0.179427
0.284452
0.406865
0.534667
0.654199
0.752862
0.821807
0.85667
0.857102
0.841878
0.798933
0.733772
0.651806
0.559353
0.462884
0.368585
0.281713
0.206072
0.143758
0.0951892
0.0594131
0.034589
0.0184693
0.00876998
0.00346531
0.00089812
-0.000153243
-0.000444649
-0.000449445
-0.000366877
-0.000269067
-0.000184011
-0.000119043
-7.32773e-05
-4.28894e-05
-2.38189e-05
-1.24895e-05
-6.10964e-06
-2.70838e-06
-1.01312e-06
-2.34406e-07
7.60933e-08
1.63355e-07
1.64246e-07
1.33539e-07
9.76762e-08
6.68073e-08
4.36353e-08
2.75011e-08
1.68067e-08
9.98807e-09
5.77376e-09
3.24107e-09
1.75863e-09
9.14094e-10
4.47976e-10
2.00179e-10
7.52156e-11
1.6757e-11
-7.15915e-12
-1.43831e-11
-1.42347e-11
-1.13438e-11
-8.41897e-12
-5.70687e-12
-3.68616e-12
-2.28661e-12
-1.36866e-12
-7.92823e-13
-4.45171e-13
-2.42318e-13
-1.27707e-13
-6.49337e-14
-3.16572e-14
-1.46479e-14
-6.30814e-15
-2.41874e-15
-7.25789e-16
-6.78837e-17
1.32941e-16
1.54644e-16
1.20683e-16
7.97402e-17
4.74413e-17
2.5993e-17
1.3263e-17
6.31196e-18
2.80543e-18
1.15688e-18
4.40089e-19
1.51322e-19
4.53542e-20
1.05882e-20
9.4755e-22
-9.07563e-22
-8.27249e-22
-4.8694e-22
-2.43917e-22
-1.12298e-22
-4.91523e-23
-2.08382e-23
-8.66552e-24
-3.56295e-24
-1.45613e-24
-5.94791e-25
-2.43351e-25
-9.99716e-26
-4.13637e-26
-1.7255e-26
-7.26819e-27
-3.09997e-27
-1.33947e-27
-5.87061e-28
-2.61561e-28
-1.18552e-28
-5.47021e-29
-2.57116e-29
-1.23091e-29
-6.00199e-30
-2.97907e-30
-1.5015e-30
-7.66506e-31
-3.96697e-31
-2.0687e-31
-1.08495e-31
-5.72246e-32
-3.01617e-32
-1.5865e-32
-8.32053e-33
-4.33131e-33
-2.23653e-33
-1.14209e-33
-5.75457e-34
-2.85755e-34
-1.39193e-34
-6.65136e-35
-3.10344e-35
-1.39943e-35
-6.00516e-36
-2.39558e-36
-8.5619e-37
-2.41294e-37
-2.33438e-38
3.78167e-38
4.3183e-38
3.32091e-38
2.19477e-38
1.32919e-38
7.50069e-39
4.02997e-39
2.07124e-39
1.03462e-39
5.1342e-40
2.521e-40
1.25164e-40
6.40736e-41
3.42108e-41
1.89277e-41
1.07806e-41
6.15572e-42
3.46832e-42
1.91875e-42
1.04064e-42
5.53036e-43
2.87958e-43
1.46905e-43
7.34363e-44
3.59806e-44
1.72711e-44
8.12495e-45
3.75868e-45
1.71414e-45
7.7114e-46
3.42405e-46
1.50159e-46
6.50887e-47
2.79139e-47
1.18581e-47
4.99744e-48
2.09344e-48
8.73804e-49
3.64523e-49
1.5253e-49
6.42757e-50
2.73896e-50
1.18461e-50
5.21425e-51
2.33886e-51
1.07904e-51
2.0047e-52
2.03575e-07
2.71964e-06
2.03329e-05
0.0001089
0.00047075
0.00174056
0.00558984
0.0169914
0.0436386
0.09279
0.168598
0.269664
0.389151
0.515937
0.636673
0.738883
0.812501
0.853099
0.857467
0.845033
0.805996
0.742814
0.661864
0.569691
0.472882
0.377792
0.289853
0.213022
0.149509
0.0998107
0.0630135
0.0372919
0.0204022
0.010068
0.00426382
0.00133406
5.99066e-05
-0.000397748
-0.000431876
-0.000373592
-0.000284004
-0.000198907
-0.000130258
-8.03126e-05
-4.66586e-05
-2.54906e-05
-1.3011e-05
-6.11231e-06
-2.54352e-06
-8.43318e-07
-1.08484e-07
1.51545e-07
2.05806e-07
1.81751e-07
1.40335e-07
9.80107e-08
6.48271e-08
4.12654e-08
2.54984e-08
1.53839e-08
9.08557e-09
5.26016e-09
2.98294e-09
1.65179e-09
8.87921e-10
4.58501e-10
2.23083e-10
9.84024e-11
3.5458e-11
6.0268e-12
-5.95056e-12
-9.39722e-12
-9.07332e-12
-7.37509e-12
-5.46358e-12
-3.80576e-12
-2.53131e-12
-1.62126e-12
-1.00485e-12
-6.04373e-13
-3.53236e-13
-2.00659e-13
-1.1065e-13
-5.90733e-14
-3.03953e-14
-1.49542e-14
-6.93978e-15
-2.96201e-15
-1.09736e-15
-2.9327e-16
8.6512e-18
9.14062e-17
9.06194e-17
6.63427e-17
4.19017e-17
2.39443e-17
1.26293e-17
6.20658e-18
2.85216e-18
1.2274e-18
4.93335e-19
1.84385e-19
6.33379e-20
1.95038e-20
5.04913e-21
8.50096e-22
-1.20047e-22
-2.18935e-22
-1.48688e-22
-8.07684e-23
-3.96573e-23
-1.84197e-23
-8.2773e-24
-3.64566e-24
-1.588e-24
-6.87668e-25
-2.97304e-25
-1.28747e-25
-5.59571e-26
-2.44514e-26
-1.07604e-26
-4.77255e-27
-2.13489e-27
-9.64015e-28
-4.39522e-28
-2.02356e-28
-9.40829e-29
-4.41637e-29
-2.09257e-29
-1.00039e-29
-4.82087e-30
-2.33916e-30
-1.14284e-30
-5.61062e-31
-2.76414e-31
-1.36656e-31
-6.76234e-32
-3.34576e-32
-1.65464e-32
-8.16233e-33
-4.01456e-33
-1.96677e-33
-9.58708e-34
-4.649e-34
-2.23919e-34
-1.07218e-34
-5.10841e-35
-2.39694e-35
-1.10118e-35
-4.92934e-36
-2.13487e-36
-8.8313e-37
-3.39405e-37
-1.13708e-37
-2.64938e-38
3.16381e-39
1.02993e-38
9.65266e-39
6.84764e-39
4.28908e-39
2.43594e-39
1.31316e-39
6.51414e-40
2.94955e-40
1.26452e-40
5.4252e-41
2.46322e-41
1.22785e-41
6.68448e-42
3.75392e-42
2.10425e-42
1.16338e-42
6.31504e-43
3.3615e-43
1.75527e-43
8.99985e-44
4.53692e-44
2.24948e-44
1.09877e-44
5.30886e-45
2.54624e-45
1.21084e-45
5.70351e-46
2.66079e-46
1.23023e-46
5.64382e-47
2.57315e-47
1.16808e-47
5.29042e-48
2.39564e-48
1.08674e-48
4.94703e-49
2.26274e-49
1.04071e-49
4.81417e-50
2.23904e-50
1.04623e-50
4.90708e-51
2.31526e-51
8.31678e-52
1.97479e-07
2.60084e-06
1.90576e-05
9.99337e-05
0.000423811
0.00154273
0.0049162
0.0148726
0.0383482
0.0823894
0.151737
0.246421
0.361185
0.486127
0.608789
0.715844
0.797133
0.847285
0.857341
0.846717
0.812648
0.751006
0.670489
0.577679
0.479551
0.38289
0.293475
0.215469
0.151144
0.100952
0.0638809
0.0379986
0.0209856
0.0105342
0.0046035
0.0015469
0.000167224
-0.000342036
-0.000434295
-0.000376324
-0.000295884
-0.000205542
-0.000131939
-7.88535e-05
-4.3926e-05
-2.27145e-05
-1.07746e-05
-4.55985e-06
-1.58555e-06
-3.11739e-07
1.54372e-07
2.58966e-07
2.35602e-07
1.80652e-07
1.24717e-07
8.09624e-08
5.04338e-08
3.05179e-08
1.80529e-08
1.05148e-08
6.03966e-09
3.42936e-09
1.92282e-09
1.06131e-09
5.73389e-10
3.00055e-10
1.49464e-10
6.85112e-11
2.65977e-11
6.17542e-12
-2.73814e-12
-5.77401e-12
-6.03507e-12
-5.17434e-12
-4.00891e-12
-2.90823e-12
-2.0098e-12
-1.33536e-12
-8.57524e-13
-5.33712e-13
-3.22422e-13
-1.89076e-13
-1.07526e-13
-5.91678e-14
-3.13771e-14
-1.59327e-14
-7.66611e-15
-3.42962e-15
-1.373e-15
-4.44827e-16
-6.96032e-17
5.3545e-17
7.37457e-17
5.97232e-17
3.99242e-17
2.37925e-17
1.30365e-17
6.6525e-18
3.18499e-18
1.43384e-18
6.07517e-19
2.41782e-19
8.99685e-20
3.0983e-20
9.65741e-21
2.57462e-21
4.78231e-22
-2.95674e-23
-9.62504e-23
-6.97687e-23
-3.93052e-23
-1.9867e-23
-9.47197e-24
-4.36214e-24
-1.96791e-24
-8.76865e-25
-3.88186e-25
-1.71414e-25
-7.57121e-26
-3.35183e-26
-1.4895e-26
-6.65155e-27
-2.98658e-27
-1.34908e-27
-6.13233e-28
-2.80494e-28
-1.29097e-28
-5.97709e-29
-2.7828e-29
-1.30233e-29
-6.12313e-30
-2.89053e-30
-1.36881e-30
-6.50398e-31
-3.09491e-31
-1.47574e-31
-7.04555e-32
-3.36619e-32
-1.60997e-32
-7.71113e-33
-3.69853e-33
-1.78033e-33
-8.60308e-34
-4.18549e-34
-2.05391e-34
-1.0189e-34
-5.12091e-35
-2.58737e-35
-1.30959e-35
-6.63907e-36
-3.35627e-36
-1.69024e-36
-8.44087e-37
-4.1644e-37
-2.02141e-37
-9.5749e-38
-4.39154e-38
-1.92504e-38
-8.22081e-39
-3.42336e-39
-1.4966e-39
-6.84065e-40
-3.55157e-40
-1.85044e-40
-8.75217e-41
-3.55377e-41
-1.1199e-41
-1.68906e-42
1.11583e-42
1.41654e-42
1.05534e-42
6.58924e-43
3.75095e-43
2.01532e-43
1.041e-43
5.2295e-44
2.57433e-44
1.24702e-44
5.98815e-45
2.87341e-45
1.37734e-45
6.58288e-46
3.13298e-46
1.484e-46
6.99603e-47
3.28409e-47
1.53622e-47
7.16766e-48
3.339e-48
1.55441e-48
7.2367e-49
3.37086e-49
1.57124e-49
7.32827e-50
3.41876e-50
1.59451e-50
7.43046e-51
3.45747e-51
1.60903e-51
6.29788e-52
1.9094e-07
2.45155e-06
1.73565e-05
8.80928e-05
0.0003636
0.00129789
0.00410079
0.012347
0.0320038
0.0698025
0.131371
0.218803
0.328922
0.453435
0.579878
0.693683
0.783048
0.839751
0.859294
0.848404
0.814689
0.750987
0.667829
0.572018
0.47122
0.372768
0.282713
0.205188
0.142202
0.0938168
0.0586478
0.0344803
0.0188344
0.009363
0.00403988
0.00131078
7.92465e-05
-0.000385814
-0.000438279
-0.000382498
-0.000283671
-0.000188207
-0.000113768
-6.31898e-05
-3.21805e-05
-1.48457e-05
-6.00528e-06
-1.92154e-06
-2.75104e-07
2.63236e-07
3.56605e-07
2.72639e-07
2.02192e-07
1.31752e-07
8.05831e-08
4.71384e-08
2.66777e-08
1.47744e-08
8.04853e-09
4.35696e-09
2.34437e-09
1.25814e-09
6.71364e-10
3.54112e-10
1.82724e-10
9.0399e-11
4.12905e-11
1.58575e-11
3.20059e-12
-2.44571e-12
-4.37421e-12
-4.71948e-12
-3.9699e-12
-3.17752e-12
-2.38522e-12
-1.70696e-12
-1.17322e-12
-7.78073e-13
-4.99252e-13
-3.10168e-13
-1.86608e-13
-1.08583e-13
-6.09681e-14
-3.29155e-14
-1.69839e-14
-8.297e-15
-3.77752e-15
-1.55169e-15
-5.32236e-16
-1.11353e-16
3.38782e-17
6.47366e-17
5.5951e-17
3.85987e-17
2.35952e-17
1.32385e-17
6.94066e-18
3.42286e-18
1.59519e-18
7.02073e-19
2.91669e-19
1.13804e-19
4.1383e-20
1.3794e-20
4.06214e-21
9.5173e-22
9.59504e-23
-7.41342e-23
-7.18852e-23
-4.39991e-23
-2.29716e-23
-1.10599e-23
-5.08102e-24
-2.26816e-24
-9.95456e-25
-4.32775e-25
-1.87416e-25
-8.11468e-26
-3.52283e-26
-1.53637e-26
-6.73856e-27
-2.97564e-27
-1.32315e-27
-5.92536e-28
-2.67231e-28
-1.2132e-28
-5.54217e-29
-2.54606e-29
-1.17531e-29
-5.44833e-30
-2.53458e-30
-1.18265e-30
-5.52457e-31
-2.58853e-31
-1.21265e-31
-5.68888e-32
-2.67214e-32
-1.25673e-32
-5.92159e-33
-2.80277e-33
-1.33214e-33
-6.39279e-34
-3.09704e-34
-1.52328e-34
-7.61885e-35
-3.8791e-35
-2.0276e-35
-1.09582e-35
-6.05852e-36
-3.41185e-36
-1.93244e-36
-1.09852e-36
-6.22309e-37
-3.50596e-37
-1.95886e-37
-1.08308e-37
-5.91798e-38
-3.17604e-38
-1.66133e-38
-8.46837e-39
-4.2379e-39
-2.04864e-39
-9.48709e-40
-4.11424e-40
-1.61737e-40
-5.54925e-41
-1.49658e-41
-1.88192e-42
1.24552e-42
1.39552e-42
9.42664e-43
5.3598e-43
2.78066e-43
1.36115e-43
6.40221e-44
2.92766e-44
1.31345e-44
5.80239e-45
2.55497e-45
1.12678e-45
5.00276e-46
2.24344e-46
1.01712e-46
4.6583e-47
2.15094e-47
9.98993e-48
4.65654e-48
2.17435e-48
1.01563e-48
4.74046e-49
2.20911e-49
1.02716e-49
4.76249e-50
2.20076e-50
1.01307e-50
4.64325e-51
2.11795e-51
9.61105e-52
4.34938e-52
1.72445e-52
1.83506e-07
2.25369e-06
1.51162e-05
7.32745e-05
0.000290242
0.00100524
0.00313301
0.00931192
0.0244215
0.0559225
0.112067
0.198119
0.312618
0.446054
0.582727
0.704458
0.796301
0.849877
0.863943
0.849356
0.806005
0.730981
0.63697
0.533022
0.427805
0.328883
0.241827
0.16979
0.113587
0.0721722
0.0433249
0.0243471
0.0125987
0.00582078
0.00219189
0.000431069
-0.000288537
-0.00048703
-0.000428204
-0.000340085
-0.000227252
-0.000136446
-7.37056e-05
-3.57253e-05
-1.52312e-05
-5.43984e-06
-1.32427e-06
1.53391e-07
4.42447e-07
3.77571e-07
2.76533e-07
1.78946e-07
1.05611e-07
5.8046e-08
3.0194e-08
1.4905e-08
6.97852e-09
3.22392e-09
1.55319e-09
7.68488e-10
3.78469e-10
1.81786e-10
8.19641e-11
3.22307e-11
8.40264e-12
-2.16133e-12
-6.04723e-12
-6.84888e-12
-6.1701e-12
-5.05715e-12
-4.08408e-12
-3.09902e-12
-2.26481e-12
-1.60416e-12
-1.1047e-12
-7.39722e-13
-4.81641e-13
-3.0447e-13
-1.86582e-13
-1.10501e-13
-6.30651e-14
-3.45058e-14
-1.7981e-14
-8.82286e-15
-3.95432e-15
-1.62957e-15
-5.81829e-16
-1.73425e-16
1.08942e-17
5.6033e-17
5.19124e-17
3.62963e-17
2.21721e-17
1.23928e-17
6.48287e-18
3.20133e-18
1.50249e-18
6.70034e-19
2.84572e-19
1.14249e-19
4.31741e-20
1.50832e-20
4.74377e-21
1.24757e-21
2.07417e-22
-3.63942e-23
-5.94907e-23
-3.93612e-23
-2.06919e-23
-9.68963e-24
-4.22168e-24
-1.74999e-24
-7.00585e-25
-2.73889e-25
-1.05654e-25
-4.06281e-26
-1.57426e-26
-6.21063e-27
-2.51975e-27
-1.05838e-27
-4.61014e-28
-2.08006e-28
-9.65837e-29
-4.58132e-29
-2.20506e-29
-1.07002e-29
-5.21153e-30
-2.53882e-30
-1.23368e-30
-5.97157e-31
-2.87657e-31
-1.37876e-31
-6.55273e-32
-3.10599e-32
-1.45903e-32
-6.82439e-33
-3.17873e-33
-1.47646e-33
-6.84304e-34
-3.18769e-34
-1.48919e-34
-7.06758e-35
-3.39671e-35
-1.67406e-35
-8.45093e-36
-4.35757e-36
-2.23537e-36
-1.23083e-36
-7.2941e-37
-4.5898e-37
-2.99939e-37
-1.99734e-37
-1.33449e-37
-8.86477e-38
-5.82083e-38
-3.77402e-38
-2.41532e-38
-1.50813e-38
-8.80195e-39
-4.81886e-39
-2.4576e-39
-1.14351e-39
-4.83769e-40
-1.84669e-40
-5.97563e-41
-1.40896e-41
-2.90681e-43
2.33465e-42
1.94492e-42
1.16871e-42
6.10326e-43
2.93388e-43
1.33247e-43
5.80276e-44
2.44736e-44
1.00734e-44
4.0509e-45
1.64178e-45
6.63714e-46
2.69816e-46
1.11229e-46
4.67888e-47
2.01361e-47
8.863e-48
3.97691e-48
1.81013e-48
8.31411e-49
3.83545e-49
1.7703e-49
8.15181e-50
3.73715e-50
1.70328e-50
7.71026e-51
3.46421e-51
1.54411e-51
6.82519e-52
2.99039e-52
1.29881e-52
5.61026e-53
2.12344e-53
1.74515e-07
2.01531e-06
1.2743e-05
5.90145e-05
0.000214155
0.000728394
0.00227522
0.00682804
0.0195833
0.0530876
0.122156
0.231955
0.374621
0.530914
0.676853
0.790411
0.858891
0.869167
0.854682
0.817036
0.746605
0.645253
0.532596
0.420218
0.316575
0.227383
0.155452
0.100925
0.06198
0.0357281
0.0190421
0.00913401
0.00376554
0.00115482
-1.41043e-05
-0.000398721
-0.000470185
-0.00040879
-0.000323928
-0.000212802
-0.000122565
-6.22128e-05
-2.74174e-05
-1.00819e-05
-2.509e-06
-2.02762e-07
3.39295e-07
3.95718e-07
2.81073e-07
1.87041e-07
1.04112e-07
5.27863e-08
2.50274e-08
1.18915e-08
5.69584e-09
2.70108e-09
1.24839e-09
5.51307e-10
2.31362e-10
8.97426e-11
2.89503e-11
3.7588e-12
-5.52707e-12
-7.93196e-12
-7.78863e-12
-6.58813e-12
-5.32261e-12
-4.10462e-12
-3.03011e-12
-2.19205e-12
-1.56354e-12
-1.07765e-12
-7.18723e-13
-4.65536e-13
-2.93331e-13
-1.78219e-13
-1.05384e-13
-6.08758e-14
-3.42267e-14
-1.86202e-14
-9.78278e-15
-4.92554e-15
-2.37695e-15
-1.07248e-15
-4.65671e-16
-1.96147e-16
-3.33516e-17
1.53698e-17
2.1416e-17
1.59397e-17
9.6702e-18
5.2315e-18
2.61942e-18
1.23305e-18
5.53841e-19
2.38309e-19
9.92973e-20
3.99298e-20
1.54223e-20
5.67109e-21
1.92928e-21
5.93761e-22
1.47693e-22
2.05094e-23
-7.18011e-24
-8.13497e-24
-4.91187e-24
-2.37434e-24
-9.84976e-25
-3.54096e-25
-1.0601e-25
-2.19122e-26
1.07278e-27
4.64693e-27
3.51377e-27
2.00177e-27
9.95239e-28
4.52645e-28
1.91732e-28
7.59365e-29
2.78853e-29
9.21516e-30
2.51285e-30
3.69955e-31
-1.75245e-31
-2.27463e-31
-1.65203e-31
-1.00134e-31
-5.52663e-32
-2.87477e-32
-1.43231e-32
-6.90495e-33
-3.21982e-33
-1.47141e-33
-6.52497e-34
-2.83385e-34
-1.20285e-34
-5.00534e-35
-2.03444e-35
-8.23748e-36
-3.29165e-36
-1.36682e-36
-5.86725e-37
-2.78995e-37
-1.45062e-37
-8.31826e-38
5.41165e-39
4.81207e-38
4.97862e-38
3.97899e-38
2.49513e-38
1.38745e-38
5.80087e-39
1.21396e-39
-1.21566e-39
-2.18027e-39
-2.39521e-39
-2.16992e-39
-1.57217e-39
-9.56274e-40
-5.02918e-40
-2.21997e-40
-8.15758e-41
-2.36666e-41
-3.1411e-42
2.06963e-42
2.31818e-42
1.49857e-42
7.94523e-43
3.78028e-43
1.67318e-43
7.01602e-44
2.81838e-44
1.09323e-44
4.12082e-45
1.51871e-45
5.65412e-46
2.24254e-46
9.2631e-47
3.93864e-47
1.70572e-47
7.46478e-48
3.28395e-48
1.44848e-48
6.39473e-49
2.82108e-49
1.24164e-49
5.44367e-50
2.37402e-50
1.02857e-50
4.4228e-51
1.88589e-51
7.96899e-52
3.33513e-52
1.38172e-52
5.6641e-53
2.29561e-53
9.19774e-54
3.65932e-54
1.21305e-54
1.64508e-07
1.97998e-06
1.47448e-05
7.74777e-05
0.000293213
0.00119993
0.00444472
0.0150492
0.0445523
0.111866
0.238762
0.40711
0.578928
0.728514
0.834536
0.862822
0.848768
0.81304
0.749134
0.650677
0.526063
0.402301
0.291933
0.200831
0.130718
0.0797293
0.0441651
0.0213708
0.010052
0.00477548
0.00208694
0.000677481
-7.40544e-06
-0.000287925
-0.00036608
-0.000344032
-0.000291895
-0.000203675
-0.000122275
-6.28102e-05
-2.6703e-05
-1.03415e-05
-3.81494e-06
-1.22909e-06
-2.4158e-07
6.37029e-08
1.25351e-07
9.17698e-08
5.76169e-08
3.15201e-08
1.61364e-08
7.88751e-09
3.68281e-09
1.65768e-09
7.28605e-10
3.14022e-10
1.31986e-10
5.2942e-11
1.92837e-11
5.42393e-12
1.25581e-13
-1.58362e-12
-1.95975e-12
-1.88473e-12
-1.6411e-12
-1.31536e-12
-1.01857e-12
-7.38785e-13
-5.07959e-13
-3.36314e-13
-2.14959e-13
-1.33098e-13
-7.93443e-14
-4.54658e-14
-2.49653e-14
-1.32614e-14
-6.84257e-15
-3.41333e-15
-1.62754e-15
-7.3989e-16
-3.05946e-16
-1.26295e-16
-5.81411e-17
6.63343e-18
2.10144e-17
1.8048e-17
1.11698e-17
5.88738e-18
2.83262e-18
1.26592e-18
5.31924e-19
2.11672e-19
8.06875e-20
2.95951e-20
1.0281e-20
3.24253e-21
5.98816e-22
-1.24974e-22
-2.68634e-22
-1.92636e-22
-1.14882e-22
-5.61259e-23
-2.52563e-23
-1.01833e-23
-3.83743e-24
-1.33742e-24
-4.4212e-25
-1.3457e-25
-3.83124e-26
-9.80013e-27
-1.72209e-27
2.12861e-28
4.4875e-28
3.16664e-28
1.73188e-28
8.27709e-29
3.58541e-29
1.42058e-29
5.12194e-30
1.6265e-30
4.06289e-31
4.00824e-32
-4.12727e-32
-4.18238e-32
-2.73729e-32
-1.52319e-32
-7.72824e-33
-3.67626e-33
-1.65952e-33
-7.14082e-34
-2.92441e-34
-1.1343e-34
-4.07113e-35
-1.32518e-35
-3.4747e-36
-4.6139e-37
2.6398e-37
3.05091e-37
2.08603e-37
1.16129e-37
5.89042e-38
2.70433e-38
1.16876e-38
4.54282e-39
1.55608e-39
2.50774e-40
4.38474e-39
8.26786e-39
8.89323e-39
8.65892e-39
7.07e-39
5.64419e-39
4.06024e-39
2.85343e-39
1.86063e-39
1.16871e-39
6.66275e-40
3.08252e-40
9.23339e-41
1.99205e-41
-2.43636e-42
-9.59878e-43
2.02034e-42
2.51708e-42
1.95947e-42
1.19117e-42
6.20731e-43
2.87751e-43
1.2251e-43
4.89697e-44
1.86028e-44
6.76928e-45
2.37382e-45
8.06524e-46
2.66857e-46
8.63745e-47
3.29352e-47
1.50542e-47
7.37854e-48
3.6318e-48
1.75177e-48
8.22651e-49
3.76014e-49
1.67618e-49
7.30522e-50
3.11904e-50
1.30665e-50
5.37729e-51
2.17573e-51
8.6607e-52
3.39305e-52
1.30869e-52
4.97036e-53
1.8594e-53
6.85617e-54
2.49392e-54
8.90067e-55
3.1271e-55
1.0894e-55
2.76975e-56
1.65553e-07
3.00428e-06
3.8201e-05
0.000309217
0.00153057
0.00671773
0.0246693
0.0746238
0.178387
0.338631
0.520846
0.694009
0.787277
0.783036
0.750441
0.681175
0.56735
0.435437
0.311634
0.203847
0.11418
0.0586861
0.0314754
0.0173025
0.00934901
0.00475423
0.00214093
0.000773634
0.000130363
-0.000125895
-0.00019909
-0.000190067
-0.000163347
-0.000132846
-0.000103093
-7.58783e-05
-4.92918e-05
-2.79315e-05
-1.44622e-05
-7.08034e-06
-3.24551e-06
-1.35602e-06
-5.08067e-07
-1.71842e-07
-5.04408e-08
-1.09814e-08
1.67458e-09
3.98341e-09
2.61291e-09
1.41081e-09
6.97171e-10
3.24965e-10
1.4506e-10
6.24264e-11
2.59324e-11
1.03747e-11
3.96198e-12
1.40299e-12
4.16006e-13
4.43541e-14
-7.52049e-14
-1.08614e-13
-1.18679e-13
-1.00323e-13
-6.66583e-14
-4.2954e-14
-2.95108e-14
-2.05155e-14
-1.38359e-14
-8.98709e-15
-5.52727e-15
-3.20407e-15
-1.71352e-15
-8.16423e-16
-3.23604e-16
-7.69766e-17
9.49932e-18
4.8573e-17
4.15472e-17
4.77421e-17
3.82476e-17
2.84278e-17
2.21516e-17
1.28354e-17
6.24242e-18
2.63579e-18
9.85516e-19
3.29414e-19
1.01772e-19
2.90145e-20
7.43914e-21
1.57259e-21
2.11977e-22
-3.00205e-23
-1.482e-22
-1.25817e-22
-1.00482e-22
-6.20348e-23
-3.71065e-23
-1.86972e-23
-8.96209e-24
-3.6801e-24
-1.36898e-24
-4.19126e-25
-1.00404e-25
-1.1235e-26
4.19619e-27
3.50283e-27
1.29696e-27
2.39466e-28
-7.36973e-29
-9.84994e-29
-6.12799e-29
-2.99669e-29
-1.28568e-29
-5.06051e-30
-1.87172e-30
-6.59934e-31
-2.23391e-31
-7.27572e-32
-2.27109e-32
-6.6604e-33
-1.74608e-33
-3.4456e-34
1.19876e-36
5.59033e-35
4.45984e-35
2.67699e-35
1.42668e-35
7.0754e-36
3.33087e-36
1.49407e-36
6.43986e-37
2.62959e-37
1.01665e-37
3.64765e-38
1.17056e-38
3.10243e-39
4.59415e-40
-1.42743e-40
-1.87415e-40
-1.12656e-40
-5.42927e-41
-2.05337e-41
-5.93806e-42
-2.55742e-42
5.00712e-41
1.56319e-40
2.27279e-40
3.21905e-40
3.47728e-40
3.77474e-40
3.49912e-40
3.22611e-40
2.72335e-40
2.28875e-40
1.82611e-40
1.28374e-40
6.39391e-41
2.94452e-41
1.05594e-41
3.92462e-42
1.60417e-42
6.89555e-43
3.0219e-43
1.27026e-43
5.01354e-44
1.8437e-44
6.38498e-45
2.10797e-45
6.68121e-46
2.04214e-46
6.04076e-47
1.73497e-47
4.85371e-48
1.349e-48
7.77257e-49
5.10924e-49
3.06254e-49
1.68025e-49
8.61638e-50
4.18525e-50
1.9404e-50
8.63083e-51
3.69694e-51
1.52912e-51
6.11917e-52
2.37251e-52
8.92123e-53
3.25605e-53
1.15443e-53
3.98125e-54
1.33922e-54
4.42143e-55
1.45263e-55
4.69363e-56
1.45051e-56
4.30833e-57
1.22642e-57
1.73777e-58
2.08856e-07
6.87388e-06
0.000155244
0.0020243
0.0175784
0.0752584
0.173693
0.340735
0.535727
0.645766
0.638346
0.593097
0.481444
0.31876
0.162312
0.0719773
0.036168
0.0188563
0.00962639
0.0047078
0.00215984
0.000894429
0.000310184
6.70919e-05
-1.97983e-05
-4.3054e-05
-4.34004e-05
-3.69402e-05
-2.96904e-05
-2.33682e-05
-1.68961e-05
-1.26716e-05
-9.13604e-06
-5.37729e-06
-2.71161e-06
-1.32175e-06
-6.35318e-07
-2.72419e-07
-1.06453e-07
-3.78487e-08
-1.15359e-08
-2.40717e-09
2.70772e-10
7.14799e-10
5.71646e-10
3.4503e-10
1.81636e-10
8.24193e-11
3.28637e-11
1.31973e-11
5.25496e-12
2.05689e-12
7.84679e-13
2.90585e-13
1.04167e-13
3.61738e-14
1.20084e-14
3.83202e-15
9.48456e-16
-5.10826e-16
-9.80526e-16
-1.2141e-15
-1.17447e-15
-1.05889e-15
-7.10115e-16
-4.00465e-16
-1.9793e-16
-8.09304e-17
-1.0884e-17
2.93998e-17
4.21764e-17
4.99519e-17
4.40691e-17
4.54833e-17
4.28945e-17
3.36252e-17
3.00107e-17
2.32158e-17
1.91548e-17
1.1645e-17
6.22353e-18
3.07991e-18
1.39731e-18
5.6254e-19
1.99578e-19
6.18173e-20
1.64221e-20
3.58962e-21
4.82803e-22
-1.89229e-23
-7.53049e-23
-3.82625e-23
-2.50028e-23
-1.19767e-23
-7.1813e-24
-3.49574e-24
-1.75274e-24
-6.95239e-25
-2.28118e-25
-3.05891e-26
2.45365e-26
2.90127e-26
2.05709e-26
1.17628e-26
5.9819e-27
2.66107e-27
1.05398e-27
3.45999e-28
8.78097e-29
9.58894e-30
-5.87783e-30
-5.34924e-30
-2.84964e-30
-1.22768e-30
-4.624e-31
-1.56231e-31
-4.74342e-32
-1.26195e-32
-2.6935e-33
-2.7958e-34
1.42134e-34
1.32075e-34
7.37259e-35
3.47008e-35
1.49335e-35
6.06006e-36
2.34386e-36
8.66578e-37
3.06122e-37
1.03081e-37
3.27569e-38
9.66489e-39
2.44056e-39
4.65092e-40
-1.38094e-41
-6.72988e-41
-4.62374e-41
-2.24456e-41
-9.58727e-42
-3.50191e-42
-1.18554e-42
-3.31444e-43
-7.00058e-44
9.75991e-45
2.70654e-44
2.66073e-44
-2.77953e-43
-1.50898e-42
-1.6349e-42
-5.59713e-43
1.55094e-42
4.99325e-42
7.49638e-42
1.04718e-41
1.19426e-41
1.36733e-41
1.46669e-41
1.32096e-41
6.54926e-42
2.85316e-42
8.52426e-43
2.5403e-43
7.85231e-44
2.49325e-44
8.07805e-45
2.52211e-45
7.38236e-46
2.00772e-46
5.13762e-47
1.2523e-47
2.90674e-48
6.37096e-49
1.3035e-49
2.45918e-50
4.02772e-51
6.77448e-51
9.05543e-51
6.78265e-51
4.04651e-51
2.16217e-51
1.07835e-51
5.08755e-52
2.27764e-52
9.67297e-53
3.89092e-53
1.47879e-53
5.29274e-54
1.77617e-54
5.56054e-55
1.61665e-55
4.37546e-56
1.14495e-56
3.33851e-57
1.3626e-57
7.61196e-58
2.89115e-58
8.51089e-59
2.15992e-59
4.33848e-60
4.36872e-62
2.94548e-07
1.96861e-05
0.000788626
0.0151728
0.124681
0.478802
0.662569
0.563969
0.272331
0.0588002
0.0181045
0.00698269
0.00259888
0.00090841
0.000296864
9.07014e-05
2.57978e-05
6.4155e-06
8.54795e-07
-6.55843e-07
-1.0015e-06
-1.0392e-06
-1.00199e-06
-9.16099e-07
-7.76345e-07
-6.03434e-07
-4.44996e-07
-3.19033e-07
-2.41459e-07
-8.6048e-08
-3.16892e-08
-2.02689e-08
-1.9752e-08
-1.35578e-08
-3.11918e-09
4.61398e-09
5.99947e-09
3.05315e-09
1.28684e-09
4.86706e-10
1.66394e-10
5.47624e-11
1.3546e-11
2.14858e-12
7.03912e-13
2.2014e-13
6.99336e-14
2.32373e-14
8.05266e-15
2.94365e-15
1.17995e-15
4.7357e-16
1.75097e-16
6.21059e-17
2.17655e-17
6.89654e-18
2.29174e-18
1.50096e-18
2.25739e-18
1.66217e-18
2.54546e-18
1.69301e-18
1.37774e-18
1.20704e-18
3.01051e-18
6.53001e-18
7.1713e-18
9.77042e-18
8.67385e-18
6.14232e-18
7.66746e-18
6.56974e-18
7.68994e-18
5.20103e-18
3.20967e-18
1.818e-18
1.0625e-18
5.43551e-19
2.5283e-19
8.88862e-20
1.86157e-20
-7.12135e-21
-1.0067e-20
-6.52642e-21
-3.23958e-21
-1.36447e-21
-5.30363e-22
-1.81916e-22
-6.45886e-23
-2.0059e-23
-6.8719e-24
-2.05174e-24
-7.1411e-25
-2.19982e-25
-5.34909e-26
8.79311e-28
1.85054e-26
1.64095e-26
1.26434e-26
6.68367e-27
3.2993e-27
1.10359e-27
2.73528e-28
-1.07887e-29
-4.68336e-29
-2.70357e-29
-1.01397e-29
-1.95511e-30
6.56295e-33
1.57864e-31
6.74886e-32
1.72105e-32
1.90732e-33
-6.93261e-34
-5.7426e-34
-2.52971e-34
-8.75094e-35
-2.56214e-35
-6.50473e-36
-1.43227e-36
-2.59118e-37
-3.43058e-38
-1.22329e-39
6.43939e-40
-2.2557e-40
-5.23139e-40
-4.09414e-40
-2.69944e-40
-1.71856e-40
-1.02598e-40
-5.92231e-41
-3.08952e-41
-1.58116e-41
-7.44628e-42
-3.52652e-42
-1.61317e-42
-7.38691e-43
-3.41297e-43
-1.62892e-43
-7.81138e-44
-3.67533e-44
-1.69904e-44
-8.07508e-45
-4.04838e-45
-2.14723e-45
-1.26555e-45
-7.49912e-46
-2.84049e-44
-4.52992e-44
-9.76226e-44
-9.53717e-44
-1.01367e-43
-6.14294e-44
-7.08232e-45
5.99155e-44
1.60896e-43
2.92787e-43
3.72651e-43
1.33203e-43
4.26229e-44
6.66858e-45
8.06954e-46
8.47429e-47
6.17508e-48
-1.01616e-48
-8.19679e-49
-3.49907e-49
-1.16367e-49
-3.43498e-50
-9.43511e-51
-2.39739e-51
-5.64481e-52
-1.20484e-52
-1.90872e-53
4.52403e-54
1.05625e-53
-3.14488e-54
-1.52706e-53
-1.64481e-53
-1.23235e-53
-7.70548e-54
-4.29998e-54
-2.20996e-54
-1.06345e-54
-4.83374e-55
-2.0834e-55
-8.52284e-56
-3.30492e-56
-1.20339e-56
-4.14965e-57
-1.35211e-57
-4.03396e-58
-1.04073e-58
-1.89009e-59
2.97022e-61
5.99665e-61
1.24904e-61
1.51058e-62
-1.70656e-63
-9.78712e-64
)
;

boundaryField
{
    inlet
    {
        type            uniformFixedValue;
        uniformValue    table;
        uniformValueCoeffs
        {
            values          
4
(
(0 1)
(0.15 1)
(0.151 0)
(1 0)
)
;
        }
        value           uniform 0;
    }
    outlet
    {
        type            inletOutlet;
        inletValue      uniform 0;
        value           nonuniform List<scalar> 
20
(
4.40532e-65
-2.54866e-62
-2.03752e-60
7.32506e-59
6.80918e-57
7.73343e-56
-1.08941e-54
-1.79227e-53
-6.5439e-53
-1.0462e-52
2.0047e-52
8.31678e-52
6.29788e-52
1.72445e-52
2.12344e-53
1.21305e-54
2.76975e-56
1.73777e-58
4.36872e-62
-9.78712e-64
)
;
    }
    walls
    {
        type            zeroGradient;
    }
    frontAndBack
    {
        type            empty;
    }
}


// ************************************************************************* //
