/*--------------------------------*- C++ -*----------------------------------*\
| =========                 |                                                 |
| \\      /  F ield         | OpenFOAM: The Open Source CFD Toolbox           |
|  \\    /   O peration     | Version:  2506                                  |
|   \\  /    A nd           | Website:  www.openfoam.com                      |
|    \\/     M anipulation  |                                                 |
\*---------------------------------------------------------------------------*/
FoamFile
{
    version     2.0;
    format      ascii;
    arch        "LSB;label=32;scalar=64";
    class       volScalarField;
    location    "4.29";
    object      s;
}
// * * * * * * * * * * * * * * * * * * * * * * * * * * * * * * * * * * * * * //

dimensions      [0 0 0 0 0 0 0];

internalField   nonuniform List<scalar> 
4000
(
2.07576e-22
-1.10693e-21
4.75786e-21
-1.63804e-20
3.10543e-20
8.5542e-20
-8.92972e-19
9.34436e-19
2.91949e-17
-2.20997e-16
6.07318e-16
3.94254e-17
-2.62611e-14
-5.77302e-13
-7.3859e-12
-5.16926e-11
-2.78657e-10
-4.35285e-09
-3.90729e-09
9.34044e-08
1.56575e-06
1.98703e-05
0.000222804
0.00158682
0.00947863
0.03602
0.0840204
0.136293
0.152937
0.15384
0.146738
0.125502
0.0749487
0.0226891
0.00326612
0.00345531
0.00445215
0.00592885
0.00814173
0.011167
0.0139032
0.0160068
0.0178971
0.0191451
0.0203623
0.0217523
0.0231009
0.0246047
0.0261421
0.0277707
0.0296522
0.0316102
0.0340103
0.0365812
0.0394426
0.0423485
0.0451778
0.0478171
0.050129
0.0520353
0.0534636
0.0543855
0.0548238
0.0548268
0.0543928
0.0533812
0.0510987
0.0429055
0.0284275
0.0137881
0.00671264
0.00432514
0.0026326
0.00149566
0.000810068
0.000423947
0.00021461
0.000103621
4.72665e-05
2.11862e-05
9.70973e-06
4.57905e-06
2.19578e-06
1.04823e-06
4.8902e-07
2.21717e-07
9.76845e-08
4.17631e-08
1.73264e-08
6.94035e-09
2.66005e-09
9.74774e-10
3.34426e-10
9.92395e-11
1.05846e-11
-4.32539e-11
-1.19381e-10
-2.25169e-10
-3.0714e-10
-3.292e-10
-4.04859e-10
-1.33999e-09
-7.87716e-09
-2.75014e-08
-7.12114e-08
-1.60152e-07
-3.07659e-07
-5.0579e-07
-7.47648e-07
-1.01919e-06
-1.3329e-06
-1.63122e-06
-1.81261e-06
-1.84145e-06
-1.61143e-06
-1.09199e-06
-1.89503e-07
1.13702e-06
2.83793e-06
1.2999e-05
7.43042e-05
0.000181302
0.000319852
0.000481713
0.000639922
0.000783317
0.000903553
0.000991627
0.00105666
0.00111526
0.00113032
0.00114218
0.00118441
0.00117821
0.00118984
0.00127383
0.00125674
0.00132655
0.00133754
0.00134293
0.00129957
0.00117949
0.000955947
0.000719888
0.000519681
0.000360439
0.000240392
0.000156026
0.000100564
6.5649e-05
4.37577e-05
2.92968e-05
1.92861e-05
1.21703e-05
7.24092e-06
4.02222e-06
2.07163e-06
9.58971e-07
3.35021e-07
-3.55975e-08
-3.14391e-07
-6.59242e-07
-1.14029e-06
-1.71629e-06
-2.39946e-06
-3.22927e-06
-4.06196e-06
-4.40791e-06
-4.76142e-06
-5.03009e-06
-5.15688e-06
-5.10136e-06
-4.87946e-06
-4.56594e-06
-4.21259e-06
-3.81782e-06
-3.37379e-06
-2.89489e-06
-2.41222e-06
-1.95811e-06
-1.55847e-06
-1.23038e-06
-9.79217e-07
-7.96466e-07
-6.62516e-07
-5.52143e-07
-4.49493e-07
-3.51387e-07
-2.61901e-07
-1.86824e-07
-1.29257e-07
-8.83326e-08
-6.04259e-08
-4.16142e-08
-2.72729e-08
-1.65976e-08
-9.57481e-09
-5.31218e-09
-2.72728e-09
-1.14186e-09
1.86623e-22
-8.41595e-22
3.09487e-21
-1.10247e-20
3.70587e-20
-1.16264e-19
3.30848e-19
-7.72253e-19
7.21165e-19
6.50825e-18
-4.78731e-17
1.59827e-16
-2.84612e-16
-9.82558e-15
-1.56116e-13
-1.26661e-12
-7.05147e-12
-6.20189e-11
-5.28453e-10
-1.39496e-10
2.3355e-08
3.59105e-07
4.96769e-06
3.89868e-05
0.000217135
0.000812989
0.00218448
0.00477806
0.00831111
0.0124969
0.0171097
0.0215736
0.0252661
0.0254369
0.0239839
0.0218265
0.0195013
0.0174121
0.0156609
0.0139714
0.0121333
0.0106235
0.00915319
0.00791227
0.00692709
0.00613815
0.00545903
0.00497307
0.00462042
0.00437848
0.00423827
0.00416235
0.00418691
0.00425754
0.00453625
0.00501545
0.00578151
0.00698764
0.00840794
0.0105349
0.0129722
0.0159865
0.0194507
0.023024
0.0268711
0.0307274
0.0347218
0.0387242
0.0403862
0.0408201
0.0407598
0.0405793
0.0404367
0.0400905
0.0392146
0.0373384
0.0327731
0.0237575
0.0128166
0.00514323
0.00266983
0.00158864
0.000924693
0.000511268
0.000265828
0.000130196
6.16251e-05
2.8447e-05
1.27608e-05
5.55098e-06
2.33983e-06
9.55453e-07
3.7882e-07
1.45795e-07
5.35856e-08
1.69478e-08
7.54302e-10
-1.16325e-08
-3.71935e-08
-8.54367e-08
-1.41543e-07
-2.37688e-07
-4.4788e-07
-8.37873e-07
-1.40044e-06
-2.23575e-06
-3.21124e-06
-3.90721e-06
-3.8834e-06
-2.28052e-06
2.74378e-06
0.000260478
0.000988175
0.00217335
0.00385576
0.00580504
0.00792548
0.0101831
0.0124461
0.0147861
0.0172567
0.0196747
0.0219482
0.0240823
0.02598
0.0276147
0.029006
0.0301635
0.0311221
0.031965
0.0326285
0.0331768
0.0337508
0.0342115
0.0346356
0.0352234
0.0356349
0.0361807
0.0366565
0.0371024
0.0374519
0.0376132
0.0374464
0.0369787
0.0358826
0.0345219
0.0323245
0.0296283
0.0263364
0.022382
0.0179925
0.01317
0.00933914
0.00653226
0.00453601
0.00302979
0.00193037
0.0011397
0.000607395
0.000283627
0.000130617
5.73623e-05
2.28215e-05
6.61659e-06
-3.47163e-07
-1.14539e-06
0.000141629
0.000734864
0.00164917
0.00268496
0.00369871
0.00459923
0.00533718
0.00587926
0.00621514
0.00635865
0.00633626
0.00617979
0.00591748
0.0055653
0.00512591
0.00459566
0.00397677
0.00328999
0.00257836
0.00189755
0.00130058
0.000828162
0.000504828
0.000310827
0.00019048
0.000114983
6.80612e-05
3.95649e-05
2.28419e-05
1.34648e-05
8.48845e-06
6.01574e-06
4.87842e-06
4.34873e-06
9.65953e-23
-4.50899e-22
1.50363e-21
-4.89927e-21
1.42748e-20
-3.32144e-20
3.67048e-20
1.54836e-19
-1.11112e-18
3.22215e-18
-2.8559e-18
-8.32451e-18
1.4543e-17
-3.40032e-18
-5.92083e-16
-5.01326e-15
-5.25468e-14
-1.96907e-13
-9.61798e-12
-5.08841e-11
-8.69211e-11
4.71034e-10
3.52716e-09
1.60439e-08
5.74422e-08
1.70457e-07
4.21732e-07
8.6049e-07
1.72177e-06
3.20784e-06
6.14358e-06
2.33235e-05
0.000568005
0.0025105
0.00439268
0.00541544
0.00585698
0.00585073
0.00540499
0.00461563
0.00357022
0.0025839
0.00181703
0.00131294
0.000998844
0.000795262
0.000653822
0.000556304
0.000483623
0.000430113
0.000392205
0.000364676
0.000349769
0.000342902
0.000347459
0.00036043
0.000384023
0.00042201
0.000473914
0.00055265
0.000648738
0.00091102
0.00149304
0.00244759
0.00393365
0.00594492
0.0086127
0.0125498
0.0171403
0.021736
0.02613
0.0304825
0.0351913
0.0386024
0.0404374
0.0423571
0.0454938
0.0464063
0.04529
0.0428372
0.0392529
0.0329792
0.0240228
0.0139562
0.0062773
0.00338492
0.00211632
0.00132955
0.000807605
0.000467383
0.000254773
0.000132629
6.74832e-05
3.38251e-05
1.66096e-05
7.95976e-06
3.65208e-06
1.50757e-06
3.69208e-07
-3.01626e-07
-6.98762e-07
-6.79682e-07
4.05635e-07
4.59627e-06
1.77973e-05
5.56064e-05
0.000373304
0.00159398
0.00392653
0.00730212
0.0115234
0.0165252
0.0224044
0.0288246
0.0352139
0.0408434
0.0456456
0.0497332
0.0530658
0.0558266
0.0579828
0.0595815
0.0607496
0.0616157
0.0622868
0.0629054
0.0635255
0.0641457
0.064764
0.0653797
0.0659928
0.0666044
0.067215
0.0678245
0.0684339
0.0690433
0.0696511
0.0702533
0.0708503
0.0714452
0.072042
0.0726478
0.0732659
0.0738552
0.0742068
0.0744092
0.0741638
0.0735914
0.0724922
0.070714
0.0682646
0.064232
0.0586927
0.0507433
0.0421042
0.0329879
0.0240081
0.0150534
0.00804323
0.00432528
0.00277768
0.00194076
0.00139076
0.00114183
0.00127389
0.00191866
0.00401304
0.00843479
0.0149037
0.0225954
0.0307818
0.0386618
0.0451976
0.0496386
0.052178
0.0531149
0.0527002
0.0511571
0.0487847
0.0459486
0.0429875
0.0402121
0.0379164
0.0363598
0.0357009
0.0359089
0.0367014
0.0375568
0.0378045
0.0369585
0.0349281
0.0318809
0.0280715
0.0237777
0.019539
0.0162594
0.0138763
0.0120482
0.0105936
0.00908466
2.27523e-23
-1.05622e-22
2.58358e-22
-4.28097e-22
-1.88521e-22
4.58032e-21
-1.94455e-20
4.54954e-20
-1.90621e-20
-3.26508e-19
1.36118e-18
-2.26194e-18
2.80448e-19
5.9272e-19
1.51203e-17
-5.6703e-17
-2.74378e-16
-8.24413e-15
-6.67675e-14
-1.8034e-12
-6.97478e-12
-5.53979e-12
8.8567e-11
7.28363e-11
6.0642e-10
5.702e-09
1.80858e-08
4.1267e-08
1.08608e-07
2.14184e-07
3.65165e-07
5.83477e-07
2.02155e-07
1.54698e-07
1.85739e-06
2.20405e-05
4.48809e-05
6.07496e-05
6.54739e-05
6.0264e-05
4.87907e-05
3.77634e-05
2.91576e-05
2.26344e-05
1.78357e-05
1.42527e-05
1.15304e-05
9.54761e-06
8.02406e-06
6.89116e-06
6.07448e-06
5.48225e-06
5.13179e-06
4.94792e-06
4.99283e-06
5.1974e-06
5.61365e-06
6.32189e-06
7.35996e-06
8.99381e-06
1.13278e-05
1.45491e-05
1.90476e-05
2.52485e-05
3.36988e-05
4.51757e-05
9.42995e-05
0.000529771
0.00152865
0.0031638
0.00544301
0.00853582
0.0128197
0.0180101
0.0233618
0.0286963
0.034118
0.0394955
0.0438131
0.0454864
0.0474089
0.0491581
0.0485941
0.0465838
0.0432146
0.0389187
0.0332138
0.0263731
0.0180662
0.00970419
0.0051678
0.0032935
0.00224468
0.00154417
0.00103896
0.000672509
0.000415616
0.000254044
0.000162478
0.000124679
0.000162617
0.000600388
0.00163188
0.00340888
0.00616076
0.00990193
0.0150481
0.021905
0.0306746
0.0390358
0.0465099
0.0529189
0.058126
0.0617834
0.063822
0.0652232
0.0664133
0.0670386
0.0670328
0.0666018
0.0658164
0.0648231
0.0637429
0.0626553
0.0616416
0.0607333
0.0599058
0.0591695
0.058528
0.0579667
0.0575374
0.0572052
0.0568832
0.0566762
0.0564992
0.0562507
0.05614
0.0559709
0.0558818
0.0558789
0.0560098
0.0563967
0.0571283
0.0582884
0.0599648
0.0619746
0.0643927
0.0668172
0.0689574
0.070567
0.0719263
0.0733853
0.0750707
0.0752915
0.0740128
0.0709285
0.0660997
0.0587049
0.0479028
0.0357413
0.0272158
0.0201897
0.0151332
0.0128483
0.0130241
0.0146188
0.0185704
0.0246149
0.0327914
0.0429763
0.0546564
0.0670099
0.0770308
0.0815933
0.0836574
0.0840194
0.0832245
0.0816967
0.0796656
0.077216
0.0745284
0.0717804
0.069127
0.0667231
0.0647227
0.063193
0.0621355
0.0617642
0.0638841
0.0691551
0.0765744
0.0827312
0.0869034
0.0897018
0.0914616
0.0923851
0.092707
0.0920711
0.0913476
0.084304
-3.31313e-24
2.32647e-23
-1.19929e-22
4.70726e-22
-1.39301e-21
2.85133e-21
-2.53932e-21
-7.41751e-21
3.7861e-20
-7.46313e-20
4.59591e-20
-2.32743e-20
8.89518e-19
-4.72611e-18
1.32771e-17
-9.56709e-18
3.58084e-17
-5.2483e-17
-5.5381e-15
-8.23726e-15
-3.26437e-14
-4.42802e-13
7.1952e-13
1.81176e-12
1.08736e-10
6.13519e-10
2.29048e-09
4.29423e-09
6.5658e-09
9.95202e-09
1.55118e-08
8.38282e-09
-1.34669e-08
-4.54422e-08
-9.9265e-08
-2.64961e-07
-3.8089e-07
-4.46375e-07
-4.60176e-07
-4.36138e-07
-3.87956e-07
-3.33369e-07
-2.81503e-07
-2.35736e-07
-1.9704e-07
-1.64704e-07
-1.37859e-07
-1.16164e-07
-9.84755e-08
-8.44053e-08
-7.34501e-08
-6.50679e-08
-5.91376e-08
-5.52167e-08
-5.34538e-08
-5.3079e-08
-5.14725e-08
-4.374e-08
-2.57687e-08
1.81154e-08
8.90111e-08
2.16229e-07
4.52179e-07
8.74555e-07
1.64484e-06
2.96396e-06
4.41403e-06
5.1314e-06
5.05194e-06
5.62867e-06
2.2485e-05
0.000247712
0.000970613
0.00238944
0.00461049
0.00783543
0.0122484
0.0177262
0.0241375
0.0303147
0.0360474
0.0411171
0.0455436
0.0477071
0.0487111
0.0498197
0.0515312
0.0516401
0.0506028
0.048241
0.0452666
0.042082
0.0384438
0.0341504
0.0284674
0.021771
0.0153164
0.0116984
0.0110705
0.0131121
0.0166298
0.0219171
0.0280007
0.0341985
0.0404003
0.0462457
0.051838
0.056892
0.0611003
0.0630978
0.0650072
0.0661858
0.0658756
0.0645725
0.0622802
0.0593545
0.0558182
0.0516267
0.0473101
0.0431359
0.0391483
0.0354976
0.0322559
0.0294202
0.0269944
0.0249406
0.0232156
0.0217821
0.0205916
0.0195865
0.0187692
0.0180957
0.0174846
0.0169892
0.0165505
0.016104
0.0157664
0.0154267
0.0151576
0.0149596
0.0148549
0.0149022
0.0151636
0.015626
0.0167383
0.0184253
0.0213374
0.0252884
0.0304197
0.036652
0.0431489
0.0498931
0.0566005
0.0628394
0.0683219
0.0713954
0.0728829
0.0738546
0.0726087
0.0688297
0.0654243
0.0622564
0.0585847
0.0544627
0.0514875
0.0501805
0.0512028
0.0534364
0.05659
0.0608164
0.0665255
0.0732584
0.0798713
0.0852457
0.0871499
0.0867446
0.0853176
0.0821017
0.0769438
0.0711993
0.0659493
0.0620349
0.0600866
0.0603194
0.0618948
0.0638852
0.0662094
0.0685996
0.0707555
0.072686
0.0747444
0.0775028
0.0810168
0.0852504
0.0902341
0.0957588
0.101381
0.106614
0.110678
0.111798
-3.39687e-24
1.7893e-23
-5.91434e-23
1.49514e-22
-2.59655e-22
2.30997e-22
2.80127e-23
7.16484e-22
-7.79826e-21
3.15238e-20
-7.3622e-20
9.27458e-20
-8.77412e-22
-3.04278e-19
1.03985e-18
-3.13444e-18
6.71687e-18
-7.34871e-19
-2.35885e-17
6.61839e-17
-5.32378e-15
2.80692e-14
4.82517e-14
2.72553e-13
4.4742e-12
1.45334e-11
4.66115e-11
9.51268e-11
1.72218e-10
2.99469e-10
1.16466e-09
-6.30104e-11
-1.03754e-09
-4.97768e-10
-3.30781e-08
-7.32484e-08
-9.71256e-08
-1.04979e-07
-9.76494e-08
-8.05176e-08
-5.92323e-08
-4.15707e-08
-2.92062e-08
-2.0876e-08
-1.52948e-08
-1.1429e-08
-8.65923e-09
-6.69735e-09
-5.2416e-09
-4.1703e-09
-3.38076e-09
-2.788e-09
-2.36175e-09
-2.04803e-09
-1.83597e-09
-1.95742e-09
-3.0468e-09
-4.84899e-09
-6.55583e-09
-6.61682e-09
-1.94792e-09
1.35443e-08
4.59463e-08
1.03005e-07
2.04626e-07
3.66425e-07
6.87032e-07
1.07226e-06
1.50192e-06
1.98308e-06
4.22264e-06
6.45934e-06
7.4489e-06
1.37425e-05
5.8517e-05
0.000333362
0.00115393
0.00271114
0.00521676
0.00906065
0.0141835
0.0199543
0.0262586
0.0322783
0.0372798
0.0414424
0.0447992
0.0476223
0.0496831
0.0510112
0.0521745
0.0539811
0.0556237
0.0577356
0.0594097
0.0604934
0.0613296
0.0624848
0.0640489
0.0654697
0.066573
0.0673628
0.067889
0.0682775
0.0684833
0.0682841
0.0674052
0.0655754
0.0628264
0.0592443
0.0551811
0.0499593
0.0439961
0.0378351
0.0318385
0.0264108
0.0216844
0.0176785
0.014383
0.0117074
0.0095943
0.00800406
0.00680613
0.00588715
0.00517687
0.00462148
0.00418373
0.00383737
0.00355981
0.00333286
0.00315082
0.00300087
0.00286607
0.00275508
0.00265396
0.00255562
0.00247565
0.00239677
0.00233088
0.00227851
0.00224306
0.00223564
0.00226231
0.00233579
0.00245415
0.00263516
0.00302634
0.00376081
0.00508935
0.00738492
0.0106895
0.015659
0.0219205
0.0293612
0.0381419
0.0476161
0.0561697
0.0634749
0.0688758
0.0710595
0.0720498
0.0729386
0.0733325
0.0730605
0.0724716
0.0718049
0.0714388
0.0716379
0.0723065
0.073161
0.0746915
0.0771744
0.0800733
0.0809982
0.0808987
0.078966
0.0749258
0.0689242
0.0614356
0.0531379
0.0447874
0.0371038
0.0307037
0.0260941
0.0236917
0.023831
0.0267776
0.0326499
0.0412317
0.0517424
0.0626038
0.0706423
0.0760308
0.0803333
0.0842107
0.0885099
0.0929657
0.0966845
0.0995161
0.101158
-6.37938e-25
2.65321e-24
-5.97263e-24
9.04595e-24
-1.53486e-23
9.56963e-23
-5.51478e-22
2.1261e-21
-6.04098e-21
1.37575e-20
-2.61466e-20
3.80784e-20
-1.2971e-20
-1.80912e-19
8.09672e-19
-2.20235e-18
3.64211e-18
-9.53505e-18
1.74665e-17
2.7138e-17
-4.49755e-16
2.92424e-15
7.28024e-15
1.53703e-14
1.21056e-13
4.82934e-13
1.69723e-12
3.80708e-12
7.12644e-12
1.62002e-11
8.43051e-11
-2.64264e-10
-4.41816e-10
-1.00092e-10
2.3232e-10
6.03979e-10
8.01534e-10
8.62917e-10
7.81671e-10
6.0378e-10
3.99041e-10
2.17234e-10
7.59574e-11
-2.00413e-11
-8.5429e-11
-1.26982e-10
-1.49382e-10
-1.60281e-10
-1.61695e-10
-1.57541e-10
-1.49963e-10
-1.39939e-10
-1.2981e-10
-1.19236e-10
-1.09798e-10
-1.00676e-10
-8.94057e-11
-5.92108e-11
3.74163e-11
3.4306e-10
2.7529e-10
9.04386e-10
4.57025e-09
1.24198e-08
2.67964e-08
5.06996e-08
9.47447e-08
1.80584e-07
4.00482e-07
7.73912e-07
1.17704e-06
1.91407e-06
2.82821e-06
4.33425e-06
9.24885e-06
1.17218e-05
1.37088e-05
3.23032e-05
0.000137639
0.000611754
0.00174155
0.00366154
0.00659767
0.0108197
0.0156779
0.0206238
0.0251566
0.0291759
0.0327356
0.0357033
0.0380686
0.0402792
0.0426007
0.045098
0.0477478
0.0503133
0.0528224
0.054884
0.0566789
0.0579742
0.0588604
0.0589481
0.0580845
0.0561572
0.0530488
0.04884
0.0434527
0.0374307
0.0312883
0.0254418
0.0201466
0.0155515
0.0116887
0.00864763
0.00643376
0.00486352
0.00373448
0.00290876
0.00230159
0.00184946
0.00150836
0.00125023
0.00105329
0.000901482
0.000784392
0.000693416
0.000622311
0.000566488
0.000522054
0.000485964
0.000456996
0.000433114
0.000411501
0.00039354
0.000376892
0.000360772
0.000347105
0.000333691
0.000322036
0.000312373
0.000305044
0.00030169
0.000302937
0.000310679
0.000324666
0.000343991
0.00037355
0.000414397
0.000471388
0.00055343
0.000637318
0.00117867
0.00251855
0.00507792
0.009119
0.0155335
0.0237779
0.0331284
0.0430574
0.0522255
0.0579807
0.0618405
0.0647476
0.0663849
0.0667534
0.0666184
0.0661347
0.0660293
0.0665675
0.0674743
0.0682849
0.0687001
0.0685931
0.0676449
0.065464
0.0618153
0.0566785
0.0502754
0.0430437
0.0355472
0.0283471
0.0218888
0.0164486
0.0121528
0.0090456
0.00719817
0.00676499
0.00764962
0.00981147
0.0135579
0.0196038
0.0283769
0.038788
0.0498151
0.0605458
0.0702329
0.0783265
0.0842626
0.0882527
0.0906552
4.22562e-26
-2.89142e-25
1.03827e-24
-1.74059e-24
-3.68529e-24
3.581e-23
-1.30494e-22
3.24042e-22
-6.66218e-22
1.26456e-21
-1.83664e-21
-5.25576e-22
1.56037e-20
-6.07616e-20
1.43731e-19
-2.30975e-19
2.73047e-19
-7.40887e-19
1.14006e-18
-2.13311e-18
4.68009e-18
5.36561e-17
1.54307e-16
3.0469e-16
3.26726e-15
1.67513e-14
6.63868e-14
1.64878e-13
2.82752e-13
5.73454e-12
-8.83321e-12
-4.02767e-11
-3.67737e-11
4.85823e-12
1.0343e-10
2.30415e-10
3.31198e-10
3.93041e-10
4.06796e-10
3.80199e-10
3.30656e-10
2.82081e-10
2.29138e-10
1.82122e-10
1.43456e-10
1.10908e-10
8.36031e-11
6.40319e-11
4.88205e-11
3.63589e-11
2.63048e-11
1.83917e-11
1.23069e-11
7.75312e-12
4.45547e-12
2.19662e-12
7.13728e-13
-7.46786e-13
1.2732e-12
3.32307e-11
1.16525e-10
3.20732e-10
6.75963e-10
1.8378e-09
4.06621e-09
7.88711e-09
1.51414e-08
2.82825e-08
5.58821e-08
1.33285e-07
2.07806e-07
3.92112e-07
7.90842e-07
1.36475e-06
2.1813e-06
3.43102e-06
4.90949e-06
8.20767e-06
1.26839e-05
1.22707e-05
1.01831e-05
3.33218e-05
0.000205737
0.000824365
0.0019997
0.00375594
0.00604235
0.00875414
0.01143
0.013769
0.0156148
0.016978
0.0180298
0.0188284
0.0196087
0.020285
0.0210803
0.0217524
0.0223611
0.0226483
0.0225885
0.0218459
0.0203747
0.0182207
0.0155167
0.0125775
0.00968671
0.00727208
0.00539716
0.00398551
0.00293756
0.00216366
0.0015942
0.00117891
0.000872447
0.000649263
0.000486645
0.000368002
0.000281858
0.000218983
0.000172766
0.000138852
0.00011378
9.50881e-05
8.11745e-05
7.07793e-05
6.3007e-05
5.72005e-05
5.28206e-05
4.94591e-05
4.69194e-05
4.49241e-05
4.31302e-05
4.16936e-05
4.02979e-05
3.88843e-05
3.76462e-05
3.6357e-05
3.51806e-05
3.41704e-05
3.33576e-05
3.296e-05
3.30353e-05
3.38235e-05
3.53183e-05
3.73723e-05
4.05364e-05
4.49825e-05
5.13224e-05
6.07013e-05
7.36597e-05
9.29785e-05
0.000118039
0.00014915
0.000177064
0.000997969
0.00316401
0.0071346
0.0128759
0.0206641
0.0267383
0.0312513
0.0343487
0.0362887
0.036887
0.0366842
0.0356932
0.0349474
0.0349428
0.0355522
0.0364773
0.0373494
0.0377755
0.0373992
0.035983
0.0334476
0.0298778
0.0255506
0.0208925
0.0163587
0.012311
0.00895203
0.00632904
0.00438368
0.003008
0.00210584
0.00165836
0.00163924
0.00200246
0.00281147
0.00426
0.00660175
0.0100596
0.0150068
0.0216105
0.0290872
0.0367534
0.0439496
0.0499599
0.0565066
2.66428e-26
-1.22015e-25
3.48267e-25
-8.3188e-25
2.03713e-24
-6.69186e-24
2.39131e-23
-7.29008e-23
1.88324e-22
-4.47127e-22
9.61885e-22
-1.48835e-21
1.73976e-22
7.60763e-21
-2.62813e-20
4.90649e-20
-5.93448e-20
1.32171e-19
-5.04422e-19
1.18873e-18
6.63018e-19
-1.30204e-17
-9.41456e-18
4.58804e-18
-2.03705e-17
4.953e-16
2.69321e-15
7.12885e-15
2.94399e-14
9.6383e-13
-2.0599e-12
-3.89032e-12
-5.33388e-12
8.31877e-12
2.14441e-11
3.55563e-11
4.74504e-11
5.36888e-11
5.33127e-11
4.73319e-11
3.76618e-11
2.80887e-11
2.01858e-11
1.43543e-11
1.0283e-11
7.20206e-12
4.83969e-12
3.07377e-12
1.7517e-12
8.04222e-13
1.75721e-13
-1.64488e-13
-2.03506e-13
7.72637e-14
5.28023e-13
8.02882e-13
1.04372e-12
1.27604e-12
1.48458e-12
6.08399e-12
2.06757e-11
6.71931e-11
1.32196e-10
2.97855e-10
6.48288e-10
1.28353e-09
2.50254e-09
4.81125e-09
9.41328e-09
1.80551e-08
3.09051e-08
5.49174e-08
1.08766e-07
2.03687e-07
3.0688e-07
6.15017e-07
1.19387e-06
1.93144e-06
2.81823e-06
2.79117e-06
2.49017e-06
3.66899e-06
2.22898e-06
-8.78083e-07
-5.80284e-06
-1.18607e-05
1.17015e-05
0.000213429
0.000563999
0.000983238
0.00137625
0.00166768
0.00183069
0.00185123
0.00180225
0.00169852
0.00161113
0.0015054
0.00143973
0.00143703
0.00147383
0.00149448
0.00147399
0.00139536
0.00125739
0.00108304
0.000890057
0.000702317
0.000534022
0.000393248
0.000282415
0.000198814
0.000137748
9.43092e-05
6.35844e-05
4.22206e-05
2.73873e-05
1.71039e-05
1.00316e-05
5.18557e-06
1.89229e-06
-3.09924e-07
-1.74059e-06
-2.58869e-06
-2.99821e-06
-3.09088e-06
-2.96005e-06
-2.67771e-06
-2.30126e-06
-1.87413e-06
-1.4244e-06
-9.81223e-07
-5.72961e-07
-1.98653e-07
1.16421e-07
3.67426e-07
5.63252e-07
6.92387e-07
7.71158e-07
8.11582e-07
8.20849e-07
8.20834e-07
8.17429e-07
8.29399e-07
8.59258e-07
8.96419e-07
9.8267e-07
1.14261e-06
1.44674e-06
2.02667e-06
3.02232e-06
4.90975e-06
8.09855e-06
1.38144e-05
2.37602e-05
3.62643e-05
4.03846e-05
4.10828e-05
0.00056788
0.00227869
0.00415719
0.00591819
0.00724182
0.00823052
0.00869076
0.00880405
0.00857951
0.00845577
0.0086166
0.00900187
0.00950668
0.00998423
0.0102683
0.0102121
0.00973028
0.00882557
0.0075671
0.00613226
0.00474044
0.00354418
0.00259523
0.00187734
0.00134761
0.000961448
0.000681918
0.000483122
0.00035623
0.000307996
0.000344167
0.000475653
0.000734016
0.00117125
0.00186378
0.00292867
0.00447099
0.00648337
0.00887903
0.0115327
0.0140797
0.0175861
7.63297e-28
-3.38944e-27
1.48331e-26
-8.00441e-26
3.83809e-25
-1.4562e-24
4.38469e-24
-1.13503e-23
2.73602e-23
-5.91651e-23
8.98964e-23
9.63796e-25
-5.42406e-22
1.98247e-21
-4.14228e-21
4.86754e-21
-1.98015e-21
5.32904e-21
-3.63936e-20
9.14337e-20
1.00142e-19
-1.59427e-19
-3.86316e-18
-5.71366e-19
-1.82046e-17
-5.70949e-18
9.11244e-17
1.87173e-16
9.75996e-15
-5.31884e-14
-4.84638e-15
-1.11328e-13
5.02636e-14
1.71026e-12
2.90055e-12
3.66738e-12
4.1323e-12
4.1611e-12
3.69385e-12
2.95058e-12
2.13624e-12
1.47127e-12
8.87319e-13
5.68961e-14
-8.9554e-13
-1.91604e-12
-2.82444e-12
-3.55804e-12
-4.10605e-12
-4.4261e-12
-4.49388e-12
-4.24251e-12
-3.48438e-12
-2.03514e-12
2.65524e-13
2.95548e-12
5.33695e-12
7.08167e-12
7.7221e-12
7.72593e-12
8.2602e-12
1.1726e-11
1.92619e-11
4.10585e-11
9.13922e-11
1.89728e-10
3.89131e-10
7.81853e-10
1.57869e-09
2.97768e-09
5.21717e-09
9.39658e-09
1.70028e-08
2.98684e-08
4.80753e-08
8.30192e-08
1.42614e-07
2.25859e-07
3.54304e-07
5.72295e-07
8.3006e-07
6.00357e-07
-5.542e-07
-2.80121e-06
-5.97894e-06
-8.81675e-06
-1.17878e-05
-1.38893e-05
-1.4937e-05
-1.57298e-05
-1.60758e-05
-1.58755e-05
-1.52771e-05
-1.45933e-05
-1.36921e-05
-1.25292e-05
-1.09752e-05
-9.16038e-06
-7.29608e-06
-5.66707e-06
-4.35991e-06
-3.45533e-06
-2.98093e-06
-2.9746e-06
-3.35158e-06
-4.00777e-06
-4.83082e-06
-5.72646e-06
-6.62413e-06
-7.46818e-06
-8.22206e-06
-8.85276e-06
-9.34513e-06
-9.69835e-06
-9.91098e-06
-1.00107e-05
-1.00141e-05
-9.93051e-06
-9.76917e-06
-9.5387e-06
-9.25457e-06
-8.99509e-06
-8.5427e-06
-7.96893e-06
-7.34319e-06
-6.7017e-06
-6.06904e-06
-5.46061e-06
-4.88444e-06
-4.34497e-06
-3.84592e-06
-3.38926e-06
-2.97256e-06
-2.60284e-06
-2.27572e-06
-1.99746e-06
-1.76799e-06
-1.58633e-06
-1.47222e-06
-1.40392e-06
-1.37104e-06
-1.37486e-06
-1.40876e-06
-1.47332e-06
-1.5722e-06
-1.69282e-06
-1.82847e-06
-1.97922e-06
-2.14001e-06
-2.29579e-06
-2.43941e-06
-2.51822e-06
-2.43418e-06
-1.98916e-06
-8.41703e-07
1.94707e-06
6.47208e-06
1.51181e-05
2.6964e-05
2.84361e-05
3.62165e-05
7.26772e-05
0.000158531
0.00028823
0.000427871
0.000556673
0.000651601
0.000738453
0.000831206
0.000925165
0.00101059
0.00107412
0.00110265
0.00108773
0.00102854
0.00093216
0.000811413
0.000679998
0.000549329
0.000427646
0.000319741
0.000227214
0.000152434
9.50998e-05
5.339e-05
2.50678e-05
8.34878e-06
2.81903e-06
9.76488e-06
3.19961e-05
7.52061e-05
0.000148407
0.000263227
0.000431196
0.000656401
0.000936579
0.00126518
0.00162937
0.00200044
0.00243649
-3.57618e-29
1.0703e-28
-2.68242e-28
1.27935e-27
-6.96014e-27
3.2265e-26
-1.15915e-25
3.41742e-25
-9.17327e-25
2.40521e-24
-5.54019e-24
7.78409e-24
6.96818e-24
-7.51241e-23
2.12894e-22
-3.16931e-22
3.10605e-22
-1.30514e-21
6.67597e-21
-1.69816e-20
-5.23938e-21
2.39525e-19
-5.41661e-19
1.91226e-18
-6.36026e-18
2.56996e-17
-3.41523e-18
-3.42254e-16
2.24332e-15
-4.52443e-15
-6.89909e-15
-2.63495e-14
1.0255e-13
2.29427e-13
3.34863e-13
4.01808e-13
4.27774e-13
4.12294e-13
3.54072e-13
2.86837e-13
1.93331e-13
-1.08099e-13
-1.01058e-12
-4.0279e-12
-7.31107e-12
-1.03487e-11
-1.2991e-11
-1.49591e-11
-1.62826e-11
-1.68364e-11
-1.65904e-11
-1.5432e-11
-1.31865e-11
-9.6907e-12
-4.83259e-12
3.5289e-12
1.7425e-11
3.17403e-11
4.31618e-11
4.88141e-11
4.81764e-11
4.43967e-11
3.88315e-11
3.21903e-11
3.13467e-11
4.01668e-11
6.7107e-11
1.2998e-10
2.64834e-10
5.07703e-10
9.07628e-10
1.6373e-09
2.90921e-09
4.96122e-09
8.11244e-09
1.35995e-08
2.24057e-08
3.45316e-08
5.03721e-08
8.08755e-08
1.68145e-07
2.30753e-07
1.90167e-07
-1.86451e-08
-4.75741e-07
-1.12011e-06
-2.80487e-06
-5.02916e-06
-7.47409e-06
-1.00182e-05
-1.24903e-05
-1.46837e-05
-1.62893e-05
-1.70969e-05
-1.7195e-05
-1.68556e-05
-1.60323e-05
-1.44481e-05
-1.22926e-05
-9.84676e-06
-7.42212e-06
-5.26311e-06
-3.51259e-06
-2.20713e-06
-1.34957e-06
-9.94527e-07
-8.90634e-07
-9.079e-07
-1.012e-06
-1.16974e-06
-1.35422e-06
-1.53899e-06
-1.70231e-06
-1.8309e-06
-1.91002e-06
-1.94195e-06
-1.92935e-06
-1.87807e-06
-1.79978e-06
-1.70136e-06
-1.58764e-06
-1.46663e-06
-1.34485e-06
-1.22628e-06
-1.11604e-06
-1.01538e-06
-9.23315e-07
-8.38926e-07
-7.612e-07
-6.88993e-07
-6.21848e-07
-5.59161e-07
-5.0057e-07
-4.48253e-07
-4.01928e-07
-3.62535e-07
-3.30638e-07
-3.06052e-07
-2.8913e-07
-2.80501e-07
-2.79868e-07
-2.88559e-07
-3.07785e-07
-3.40058e-07
-3.91126e-07
-4.7381e-07
-5.99197e-07
-7.64296e-07
-9.83924e-07
-1.26946e-06
-1.59615e-06
-1.93354e-06
-2.23406e-06
-2.48226e-06
-2.42551e-06
-2.06608e-06
-1.20535e-06
1.94938e-06
5.59237e-06
1.03342e-05
1.35788e-05
1.83293e-05
2.42423e-05
2.64903e-05
2.56969e-05
2.33774e-05
2.0125e-05
1.6728e-05
1.35809e-05
1.09371e-05
8.51173e-06
6.12121e-06
3.79238e-06
1.8558e-06
1.45026e-07
-1.82576e-06
-4.47507e-06
-7.70286e-06
-1.15554e-05
-1.59899e-05
-2.08504e-05
-3.18613e-05
-4.16384e-05
-4.9071e-05
-5.35346e-05
-5.48472e-05
-5.36087e-05
-5.04667e-05
-4.5658e-05
-3.91566e-05
-3.07663e-05
-1.99128e-05
-5.80587e-06
1.34942e-05
5.5258e-05
9.22275e-05
0.000128612
0.000168751
0.000213449
0.000266747
-3.04756e-28
1.87159e-27
-6.50211e-27
1.44024e-26
-1.59171e-26
-9.42829e-27
6.13545e-26
-6.73362e-26
-1.0751e-25
4.56546e-25
-2.9552e-25
-1.78246e-24
3.8731e-24
-5.99589e-25
-8.46658e-25
-1.76982e-23
3.03995e-23
-3.03827e-23
4.45434e-22
-1.00764e-21
-4.24943e-22
8.36416e-21
-3.18565e-20
3.4734e-19
-1.06129e-18
6.19585e-18
-1.46466e-17
3.61908e-17
-1.46298e-16
-7.83257e-17
-1.369e-15
-3.21344e-16
1.47069e-14
2.28196e-14
3.10412e-14
3.65257e-14
3.83529e-14
3.6262e-14
3.16775e-14
2.04319e-14
1.34993e-14
-1.27898e-12
-8.46152e-12
-2.82485e-11
-4.92994e-11
-7.04395e-11
-9.09118e-11
-1.081e-10
-1.21312e-10
-1.2909e-10
-1.31339e-10
-1.288e-10
-1.20747e-10
-1.05168e-10
-8.02207e-11
-4.60694e-11
4.37587e-12
4.35323e-11
5.9707e-11
6.10464e-11
5.27109e-11
3.83195e-11
2.13567e-11
5.18846e-12
-7.83778e-12
-1.63224e-11
-1.90218e-11
-1.15155e-11
1.36364e-11
6.29981e-11
1.47328e-10
2.8996e-10
5.21537e-10
8.99384e-10
1.49846e-09
2.44247e-09
3.91505e-09
6.01636e-09
8.93801e-09
1.41323e-08
2.69728e-08
5.62433e-08
1.03604e-07
1.50229e-07
1.7326e-07
1.61467e-07
5.78776e-08
-3.08616e-07
-1.00917e-06
-2.0825e-06
-3.63538e-06
-5.53039e-06
-7.36756e-06
-8.79036e-06
-9.64815e-06
-9.85484e-06
-9.47416e-06
-8.55995e-06
-7.293e-06
-5.84507e-06
-4.43102e-06
-3.17825e-06
-2.16798e-06
-1.41114e-06
-8.76531e-07
-5.16125e-07
-2.87009e-07
-1.66551e-07
-1.30796e-07
-1.25925e-07
-1.31891e-07
-1.42164e-07
-1.53828e-07
-1.65412e-07
-1.75385e-07
-1.84182e-07
-1.9254e-07
-2.00997e-07
-2.09818e-07
-2.19247e-07
-2.3184e-07
-2.49457e-07
-2.72312e-07
-2.99458e-07
-3.25311e-07
-3.46026e-07
-3.58766e-07
-3.6109e-07
-3.54313e-07
-3.40125e-07
-3.1908e-07
-2.91889e-07
-2.62066e-07
-2.33533e-07
-2.0786e-07
-1.85534e-07
-1.66622e-07
-1.52662e-07
-1.43468e-07
-1.36717e-07
-1.3608e-07
-1.41825e-07
-1.57826e-07
-1.89013e-07
-2.28333e-07
-2.77339e-07
-3.34504e-07
-3.96627e-07
-4.67012e-07
-5.47763e-07
-6.44883e-07
-8.08703e-07
-1.0242e-06
-1.35718e-06
-1.68771e-06
-1.95464e-06
-2.01526e-06
-1.64658e-06
-9.65676e-07
8.2598e-07
2.71165e-06
4.4995e-06
6.25413e-06
7.50533e-06
7.81013e-06
7.24e-06
5.86709e-06
3.88763e-06
1.5067e-06
-6.26355e-07
-3.16665e-06
-6.03078e-06
-9.11414e-06
-1.0802e-05
-9.90985e-06
-7.93248e-06
-5.95151e-06
-3.1205e-06
1.00916e-05
6.04995e-05
0.000197391
0.000497961
0.00103314
0.00169731
0.00230205
0.00266115
0.002678
0.00240189
0.00199433
0.00156641
0.00117844
0.00085798
0.000610513
0.000429453
0.000305462
0.000230764
0.000198904
0.000205684
0.000246636
0.000370719
-4.14874e-27
2.62691e-26
-1.01391e-25
2.99587e-25
-6.97631e-25
1.16022e-24
-1.04157e-24
-1.23925e-24
7.19904e-24
-1.27507e-23
2.10756e-24
2.31054e-23
6.15994e-24
-8.87291e-23
-2.32437e-23
2.26713e-22
5.64574e-22
8.77045e-22
1.01879e-21
1.05001e-21
2.0805e-21
-3.78776e-21
2.03123e-20
-5.98772e-20
2.2057e-19
-4.35485e-19
-4.09097e-19
7.86015e-18
-2.6466e-17
-3.6841e-17
-6.12601e-17
5.04017e-16
7.98613e-16
1.34465e-15
2.06459e-15
2.5163e-15
2.73154e-15
2.1009e-15
2.21519e-14
-4.94248e-14
5.95179e-13
-1.12755e-11
-6.2236e-11
-2.06181e-10
-3.57862e-10
-5.14662e-10
-6.72636e-10
-8.0684e-10
-9.15287e-10
-9.75624e-10
-9.4994e-10
-8.62248e-10
-7.35061e-10
-5.88657e-10
-4.44491e-10
-3.25351e-10
-2.49261e-10
-2.22722e-10
-2.51807e-10
-3.2545e-10
-4.33235e-10
-5.49048e-10
-6.54512e-10
-7.33185e-10
-7.76356e-10
-7.84753e-10
-7.61726e-10
-7.16116e-10
-6.57125e-10
-5.89399e-10
-5.09063e-10
-4.14245e-10
-3.07224e-10
-1.72558e-10
2.68492e-11
3.08161e-10
7.04204e-10
1.29768e-09
2.05429e-09
3.08244e-09
4.80832e-09
9.82262e-09
2.33949e-08
4.80832e-08
7.29671e-08
9.15569e-08
9.55946e-08
8.63561e-08
7.21474e-08
3.36746e-08
-9.43259e-08
-3.35074e-07
-6.53445e-07
-9.64496e-07
-1.20157e-06
-1.28912e-06
-1.23288e-06
-1.04832e-06
-8.34701e-07
-6.27822e-07
-4.52857e-07
-3.13956e-07
-2.10997e-07
-1.37743e-07
-8.74568e-08
-5.40642e-08
-3.23521e-08
-1.74356e-08
-6.44958e-09
2.72161e-10
4.26184e-09
7.35318e-09
1.00859e-08
1.21039e-08
1.2719e-08
1.15428e-08
7.77493e-09
-3.82872e-10
-1.07068e-08
-2.93403e-08
-6.58298e-08
-1.17303e-07
-1.81387e-07
-2.51621e-07
-3.212e-07
-3.72341e-07
-3.95866e-07
-4.02268e-07
-3.97537e-07
-3.78042e-07
-3.47918e-07
-3.0424e-07
-2.54977e-07
-2.19069e-07
-1.91396e-07
-1.71426e-07
-1.70845e-07
-2.14579e-07
-2.77671e-07
-3.77314e-07
-5.08655e-07
-6.64891e-07
-8.44395e-07
-1.0565e-06
-1.26172e-06
-1.46353e-06
-1.68155e-06
-1.78912e-06
-1.81441e-06
-1.79825e-06
-1.75893e-06
-1.6995e-06
-1.62923e-06
-1.55962e-06
-1.55623e-06
-1.63669e-06
-1.78425e-06
-1.86147e-06
-1.81262e-06
-1.61905e-06
-1.27822e-06
-8.40565e-07
-4.28415e-07
-6.10377e-08
2.60075e-07
6.06247e-07
7.98344e-07
6.36019e-07
3.76876e-07
3.9101e-07
9.7778e-07
5.34778e-06
1.07354e-05
2.08295e-05
5.02546e-05
0.000133405
0.000343843
0.000826995
0.00185901
0.00366441
0.00633555
0.00997195
0.0145411
0.0190896
0.0227631
0.0249415
0.0252998
0.0238656
0.0209661
0.0171824
0.0131702
0.00947024
0.00641173
0.00410523
0.00253602
0.00168125
0.00133285
0.00132973
0.00149304
0.00245748
1.30057e-26
-6.54709e-26
1.83469e-25
-3.55414e-25
3.11249e-25
6.36164e-25
-3.64393e-24
7.7689e-24
3.38843e-24
-7.14254e-23
1.56057e-22
9.24601e-23
-7.73647e-22
4.03709e-22
1.46571e-21
-1.23856e-21
-6.45724e-21
-1.31141e-20
-2.01169e-20
-2.56598e-20
-2.91094e-20
-3.41482e-20
-4.0708e-20
-7.24445e-20
-4.93407e-20
-2.91418e-19
1.82201e-19
-1.07729e-18
1.35171e-18
-4.621e-18
1.87131e-17
4.43558e-17
6.23007e-17
1.13128e-16
1.82071e-16
2.56251e-16
2.75362e-16
-1.67065e-18
1.01123e-13
1.59337e-12
6.60121e-12
-8.49252e-11
-4.9293e-10
-1.62778e-09
-2.67843e-09
-3.58006e-09
-4.43046e-09
-5.15603e-09
-5.69951e-09
-1.18972e-08
-2.47009e-08
-4.19847e-08
-6.19016e-08
-8.29326e-08
-1.0237e-07
-1.18064e-07
-1.27758e-07
-1.32181e-07
-1.32831e-07
-1.28253e-07
-1.20541e-07
-1.09918e-07
-9.80063e-08
-8.56925e-08
-7.37347e-08
-6.26504e-08
-5.26075e-08
-4.37189e-08
-3.60135e-08
-2.93991e-08
-2.38759e-08
-1.92475e-08
-1.54712e-08
-1.24008e-08
-9.91982e-09
-7.95059e-09
-6.37884e-09
-5.02824e-09
-3.86378e-09
-2.90117e-09
-2.04282e-09
-1.06102e-09
1.15089e-10
3.0581e-09
8.61343e-09
1.67352e-08
2.72387e-08
3.51166e-08
3.94026e-08
3.89256e-08
3.10719e-08
2.36846e-08
1.82789e-08
1.39155e-08
1.0441e-08
7.85612e-09
6.07799e-09
4.92603e-09
4.19625e-09
3.76013e-09
3.5288e-09
3.49543e-09
3.61211e-09
3.88518e-09
4.35486e-09
5.13915e-09
6.60042e-09
9.24985e-09
1.30557e-08
1.42954e-08
1.66619e-08
2.1026e-08
2.6962e-08
3.33619e-08
3.68934e-08
3.19187e-08
7.46389e-09
-5.51949e-08
-1.45867e-07
-2.34522e-07
-3.28859e-07
-4.20229e-07
-5.13259e-07
-5.84822e-07
-6.32325e-07
-6.49369e-07
-6.38782e-07
-6.07464e-07
-5.59196e-07
-5.0201e-07
-4.68684e-07
-4.89274e-07
-5.50474e-07
-6.68319e-07
-7.84099e-07
-8.44534e-07
-7.87122e-07
-4.61552e-07
-3.4349e-07
-4.96856e-07
-8.17501e-07
-1.19577e-06
-1.55466e-06
-1.80312e-06
-1.92654e-06
-1.95335e-06
-1.89234e-06
-1.76159e-06
-1.59594e-06
-1.43599e-06
-1.29675e-06
-1.19406e-06
-1.11277e-06
-1.06397e-06
-1.0479e-06
-1.08899e-06
-1.19342e-06
-1.33425e-06
-1.4226e-06
-1.44456e-06
-1.38013e-06
-1.25874e-06
-1.05995e-06
-6.87585e-07
9.9412e-08
1.15406e-06
2.23931e-06
2.93859e-06
2.19399e-06
2.01966e-06
1.46128e-05
8.30434e-05
0.00035817
0.00102468
0.00220183
0.00406043
0.00680128
0.0106757
0.016265
0.0234424
0.0314066
0.0394545
0.0468202
0.0527605
0.0566359
0.0580199
0.0567765
0.053069
0.0473548
0.0403462
0.0328531
0.0256258
0.0192455
0.0140842
0.0103612
0.00837057
0.00798016
0.0089649
0.0102908
0.0162775
1.82578e-25
-9.72507e-25
3.39819e-24
-9.8833e-24
2.52039e-23
-5.51312e-23
9.4971e-23
-6.91323e-23
-2.54997e-22
1.00636e-21
-1.07379e-21
-1.27261e-21
7.31086e-22
1.26624e-20
-1.0987e-20
-6.86975e-20
-1.22878e-19
-1.64942e-19
-1.80424e-19
-1.74555e-19
-1.67904e-19
-1.7521e-19
-2.14877e-19
-2.79818e-19
-3.65677e-19
-3.48011e-19
-1.02367e-19
7.54935e-19
3.13409e-18
6.1986e-18
1.20403e-17
1.096e-17
1.09303e-17
1.50456e-17
-2.23987e-18
2.0184e-17
-8.11739e-17
6.34451e-16
1.39922e-12
3.7372e-11
2.90615e-13
-1.7087e-09
-6.98625e-09
-3.18046e-08
-6.2567e-08
-1.06652e-07
-1.77192e-07
-2.66562e-07
-3.67058e-07
-4.85162e-07
-6.01657e-07
-7.08404e-07
-7.96413e-07
-8.67404e-07
-9.20504e-07
-9.53934e-07
-9.66477e-07
-9.52695e-07
-9.16303e-07
-8.54976e-07
-7.79901e-07
-6.96574e-07
-6.14191e-07
-5.37816e-07
-4.705e-07
-4.12751e-07
-3.6329e-07
-3.20128e-07
-2.8165e-07
-2.46044e-07
-2.13173e-07
-1.82302e-07
-1.54044e-07
-1.28498e-07
-1.05629e-07
-8.61052e-08
-6.97521e-08
-5.63007e-08
-4.52709e-08
-3.63697e-08
-2.93196e-08
-2.38289e-08
-1.96264e-08
-1.63927e-08
-1.34846e-08
-1.02896e-08
-6.50282e-09
-2.51381e-09
1.05722e-09
4.44942e-09
7.29102e-09
8.42131e-09
8.28857e-09
7.36271e-09
6.11596e-09
4.86534e-09
3.811e-09
3.0344e-09
3.00048e-09
3.58363e-09
4.53401e-09
5.86738e-09
7.09463e-09
8.27717e-09
9.73633e-09
1.28683e-08
2.20898e-08
3.39158e-08
1.99604e-08
-3.56589e-08
-1.26006e-07
-2.63463e-07
-4.44359e-07
-6.36528e-07
-7.99661e-07
-9.39508e-07
-1.06011e-06
-1.07349e-06
-9.1554e-07
-7.62659e-07
-7.43294e-07
-7.26771e-07
-6.82858e-07
-6.00943e-07
-4.80717e-07
-3.29478e-07
-1.6055e-07
-6.71435e-09
9.69715e-08
1.45728e-07
1.39121e-07
7.82421e-08
-8.25496e-08
-3.11482e-07
-6.17118e-07
-5.00837e-07
2.346e-06
1.7662e-05
8.58162e-05
0.000278444
0.000597205
0.000996369
0.00145651
0.00189282
0.00226295
0.00254985
0.00274148
0.00280714
0.00275982
0.00258291
0.00233523
0.00201728
0.00169302
0.00136791
0.00107807
0.000822197
0.000611176
0.000449739
0.00035416
0.000291162
0.000265806
0.000264722
0.000277453
0.000304765
0.000351858
0.000410327
0.000962325
0.00202233
0.00355712
0.00554937
0.00796525
0.0107933
0.0142087
0.0184245
0.0234828
0.029722
0.0371048
0.0451304
0.0532339
0.0609775
0.0680465
0.0742223
0.079221
0.0826349
0.0841378
0.0835215
0.080687
0.0757726
0.0691968
0.0615993
0.0537496
0.0464508
0.0404494
0.0363668
0.0346676
0.0357072
0.0396189
0.0468372
0.0548113
0.0744335
5.71996e-26
-7.70846e-25
4.62569e-24
-1.71196e-23
5.09655e-23
-1.32207e-22
3.21695e-22
-6.15567e-22
7.79426e-23
5.07197e-21
-1.74293e-20
1.43431e-20
4.51141e-20
-7.11937e-20
-5.37827e-20
3.26789e-19
5.52761e-19
8.68548e-19
1.45206e-18
2.03288e-18
2.13379e-18
2.7712e-18
3.94585e-18
5.67109e-18
1.04939e-17
1.67645e-17
2.33173e-17
-3.55736e-18
-3.45007e-17
-6.82506e-17
-9.94535e-17
-1.22021e-16
-1.30556e-16
-1.22186e-16
-9.86111e-17
-5.44934e-17
7.18517e-18
1.41373e-15
4.14901e-11
6.95898e-10
-2.5605e-10
-1.54001e-08
-7.2913e-08
-2.62791e-07
-5.41155e-07
-8.21157e-07
-1.07489e-06
-1.28953e-06
-1.46628e-06
-1.62067e-06
-1.68247e-06
-1.7635e-06
-1.78906e-06
-1.78813e-06
-1.76499e-06
-1.72388e-06
-1.66427e-06
-1.58767e-06
-1.49949e-06
-1.40425e-06
-1.30765e-06
-1.21278e-06
-1.12278e-06
-1.03926e-06
-9.63084e-07
-8.94323e-07
-8.32249e-07
-7.75929e-07
-7.24311e-07
-6.77437e-07
-6.29943e-07
-5.78356e-07
-5.26086e-07
-4.7405e-07
-4.22689e-07
-3.73087e-07
-3.25967e-07
-2.82115e-07
-2.41877e-07
-2.05498e-07
-1.72809e-07
-1.43412e-07
-1.16516e-07
-9.37904e-08
-7.77474e-08
-6.51278e-08
-5.42676e-08
-4.46728e-08
-3.61701e-08
-2.86255e-08
-2.19675e-08
-1.62544e-08
-1.14422e-08
-7.43584e-09
-4.09542e-09
-1.2676e-09
1.88121e-09
1.13912e-08
2.86345e-08
5.81091e-08
8.93081e-08
1.203e-07
1.40335e-07
1.55449e-07
1.78064e-07
2.33862e-07
3.25241e-07
3.99479e-07
4.29861e-07
3.72987e-07
2.06283e-07
-1.04842e-07
-5.41318e-07
-1.05489e-06
-1.51268e-06
-1.68845e-06
-1.34923e-06
-3.50889e-07
1.38901e-06
9.04322e-06
4.21538e-05
8.50211e-05
0.000128289
0.000167749
0.000205615
0.000250187
0.000314025
0.000419268
0.000602627
0.000904486
0.00136349
0.00200009
0.00287303
0.00396327
0.00535606
0.00701114
0.00897916
0.0111784
0.0136971
0.0164693
0.0193817
0.0221235
0.0247198
0.0269211
0.028742
0.0299947
0.0306642
0.0305922
0.0299468
0.0285202
0.0266506
0.0241504
0.021401
0.0183243
0.0151865
0.0121116
0.00939794
0.00719945
0.00592794
0.00512353
0.00482893
0.00504591
0.00598078
0.00781082
0.0110534
0.0153946
0.0207679
0.0264754
0.0323688
0.0381447
0.0435075
0.0486508
0.0537589
0.0588571
0.0641623
0.0699752
0.0747515
0.0777596
0.0799563
0.0820014
0.0842303
0.0873412
0.0910632
0.0934552
0.0948935
0.0958275
0.0957969
0.0948187
0.0932456
0.0917084
0.0909732
0.0912251
0.0919958
0.0932104
0.09495
0.0971747
0.0998652
0.104255
0.109156
0.115577
-2.57138e-24
1.08922e-23
-3.02486e-23
8.00882e-23
-2.34128e-22
7.58263e-22
-2.29185e-21
4.88035e-21
-2.94607e-21
-1.93473e-20
5.00529e-20
3.5032e-20
-1.70912e-19
-8.24274e-19
3.48554e-18
1.3827e-17
1.38232e-17
1.3231e-17
1.00562e-17
7.32408e-18
1.43217e-17
-1.1528e-18
-5.83712e-17
-2.0623e-16
-4.69784e-16
-6.7706e-16
6.11331e-17
4.59162e-15
1.97808e-14
5.84258e-14
1.3923e-13
2.83176e-13
5.04873e-13
7.99841e-13
1.17009e-12
1.63316e-12
2.29135e-12
3.38293e-12
1.14138e-09
2.95533e-09
-1.41078e-08
-8.20586e-08
-3.51233e-07
-6.98657e-07
-1.6124e-06
-2.25481e-06
-2.28652e-06
-2.18858e-06
-2.0757e-06
-1.85813e-06
-1.04016e-06
4.73871e-06
1.37986e-05
1.96296e-05
1.96497e-05
1.65659e-05
1.35156e-05
1.0696e-05
8.29832e-06
6.28788e-06
4.69901e-06
3.44034e-06
2.47404e-06
1.73088e-06
1.17234e-06
7.54124e-07
4.4927e-07
2.29308e-07
7.69814e-08
-2.62147e-08
-9.08624e-08
-1.277e-07
-1.42132e-07
-1.40329e-07
-1.26816e-07
-1.04942e-07
-7.80497e-08
-4.8143e-08
-1.73368e-08
1.33961e-08
4.28577e-08
7.06279e-08
9.63338e-08
1.19909e-07
1.42245e-07
1.64466e-07
1.87606e-07
2.13486e-07
2.43095e-07
2.7931e-07
3.24011e-07
3.81892e-07
4.55939e-07
5.54462e-07
6.82114e-07
8.53292e-07
1.07103e-06
1.32849e-06
1.61881e-06
1.93808e-06
2.33072e-06
2.83824e-06
3.53937e-06
4.49705e-06
5.7971e-06
7.9028e-06
1.51744e-05
0.000116305
0.000332789
0.000702435
0.00123572
0.00197074
0.00289872
0.00402857
0.00532976
0.00676712
0.00827613
0.00979746
0.0112558
0.0125819
0.0137477
0.0146839
0.0154504
0.0161295
0.0168172
0.0176087
0.0185807
0.0198996
0.0217313
0.0240685
0.0268105
0.0298075
0.0331501
0.0366274
0.0403249
0.0440503
0.0477878
0.0513617
0.0547952
0.0579239
0.0608206
0.0633499
0.0656275
0.06757
0.0692499
0.0705376
0.0715229
0.0720907
0.0724101
0.0721817
0.0716369
0.0703323
0.0685193
0.0658188
0.0623658
0.0577538
0.0521923
0.0458945
0.0417659
0.0389589
0.0381352
0.0396736
0.0432303
0.0482326
0.0545379
0.0607759
0.0662704
0.0709789
0.0746229
0.0767713
0.0782662
0.0798314
0.0811367
0.0816912
0.0815173
0.0808919
0.0801401
0.079672
0.0798267
0.0808417
0.0829289
0.0862527
0.0906468
0.0953283
0.0993603
0.102137
0.103545
0.103756
0.102921
0.101073
0.0982563
0.0946234
0.0904276
0.0858332
0.0802483
0.0729824
0.0653977
0.060241
0.0574205
0.0597334
-5.10513e-24
3.00756e-23
-1.15323e-22
3.81565e-22
-1.20547e-21
3.94323e-21
-1.3564e-20
4.18235e-20
-7.85123e-20
-8.99595e-20
1.10985e-18
-2.61182e-18
-3.09722e-19
4.2014e-18
1.76699e-18
-1.47081e-17
8.87505e-18
-2.73542e-17
-9.56865e-17
3.73649e-17
1.56215e-15
1.27279e-14
7.98682e-14
4.16069e-13
1.89239e-12
7.74355e-12
2.85005e-11
9.41565e-11
2.75105e-10
6.92575e-10
1.50471e-09
2.86129e-09
4.80407e-09
7.17248e-09
9.84174e-09
1.27426e-08
1.64087e-08
2.2022e-08
9.2597e-08
3.14646e-07
8.43361e-07
2.01165e-06
4.6381e-06
9.39994e-06
0.000296706
0.000878899
0.00154946
0.0020179
0.00234763
0.0025433
0.00261096
0.00260094
0.00255416
0.00246527
0.00230405
0.00202104
0.00164151
0.00127082
0.000969503
0.00073366
0.000555816
0.000422391
0.000326376
0.000258149
0.000212598
0.000183784
0.000168106
0.00016139
0.000161464
0.000165512
0.000172544
0.000180724
0.00018971
0.000198698
0.000207312
0.000215617
0.000223251
0.000230614
0.000237476
0.000244465
0.000251563
0.000259353
0.000268322
0.000279086
0.000292578
0.000309908
0.000332254
0.000362107
0.000400867
0.000452839
0.000520435
0.000610552
0.000726288
0.000877934
0.00106633
0.00136083
0.00185028
0.00262643
0.00358196
0.00479538
0.00612409
0.00763854
0.0092125
0.0109029
0.0126335
0.014503
0.0163908
0.0185002
0.0207125
0.0232084
0.0259265
0.028967
0.0321953
0.0355459
0.0388373
0.0419227
0.0446406
0.0469073
0.0486967
0.0500595
0.0511618
0.0521631
0.0532767
0.0546552
0.0563821
0.0584726
0.0609834
0.0641425
0.0673444
0.0696834
0.0712866
0.0727046
0.0740284
0.0751388
0.0758761
0.0763973
0.0766778
0.0769148
0.0771116
0.0774314
0.0778206
0.0785114
0.0793652
0.0806079
0.0820776
0.0837659
0.0855164
0.0872729
0.088973
0.0905513
0.0919681
0.0931276
0.0940091
0.0944663
0.0944775
0.0938994
0.0929934
0.0909052
0.0893291
0.0887659
0.0895249
0.0901207
0.0903265
0.0901594
0.0891123
0.0876458
0.0858945
0.0837828
0.0810895
0.0778876
0.074356
0.0702776
0.0645399
0.0558038
0.0458505
0.0371473
0.0313584
0.0292209
0.0303595
0.0334985
0.0369684
0.0393138
0.0397931
0.038555
0.0363935
0.0342065
0.032386
0.0307228
0.0288463
0.0265063
0.0236661
0.0205631
0.0174607
0.0145347
0.0119943
0.00999832
0.00853837
0.00749141
0.00673927
0.00608237
6.05096e-24
5.56113e-24
-1.17079e-22
6.6246e-22
-2.49858e-21
6.23523e-21
-4.31401e-21
-4.34455e-20
2.09605e-19
-3.86963e-19
5.29916e-19
-6.284e-18
3.68024e-17
-8.02961e-17
-8.42132e-16
-3.50061e-15
-8.92353e-15
-1.46034e-15
1.11732e-13
1.08134e-12
8.53006e-12
6.26502e-11
4.02018e-10
2.14103e-09
1.00203e-08
4.27094e-08
1.64854e-07
5.80022e-07
1.81715e-06
4.69646e-06
1.01005e-05
1.8665e-05
2.98243e-05
4.12076e-05
5.17703e-05
6.09947e-05
7.09713e-05
8.41229e-05
0.00152741
0.00397428
0.00733586
0.0113669
0.0161548
0.0200674
0.0220344
0.0217451
0.019369
0.0170352
0.0144431
0.0125733
0.011256
0.00999302
0.00907606
0.00852628
0.0082837
0.00823667
0.008364
0.00860501
0.00899151
0.0094747
0.0103132
0.0116691
0.0124845
0.0129675
0.0133307
0.01357
0.0137509
0.01385
0.0139209
0.0139362
0.013943
0.0139238
0.0139043
0.013885
0.0138687
0.0138829
0.0139293
0.0140492
0.0142496
0.014576
0.0150439
0.0156878
0.0165388
0.0176294
0.0189988
0.0206978
0.0227575
0.0252928
0.0281416
0.0306942
0.0328633
0.0353075
0.0380331
0.0410763
0.044272
0.0475671
0.0505437
0.0530847
0.0553057
0.0572172
0.0589738
0.0604849
0.0619903
0.0630595
0.0641481
0.0652141
0.0659149
0.0662168
0.0665207
0.0668279
0.0673574
0.0680966
0.0691954
0.0705536
0.0721465
0.0738093
0.0754567
0.076979
0.0783168
0.0794421
0.0802973
0.0808913
0.0811691
0.0811268
0.0807312
0.0799474
0.0787649
0.0771665
0.0751526
0.0727467
0.0699428
0.0667643
0.0625745
0.0566396
0.0482419
0.0396447
0.0319397
0.0257573
0.021061
0.0178964
0.0160645
0.0151751
0.0146528
0.0143957
0.0141557
0.0143499
0.0148045
0.0160373
0.0175611
0.0199802
0.0226149
0.0261976
0.0300076
0.0344867
0.0390576
0.0439766
0.0489969
0.0543707
0.056943
0.0581242
0.0576629
0.0557331
0.0525394
0.0483351
0.0428639
0.037035
0.0310026
0.0243175
0.017181
0.0118936
0.008832
0.00698549
0.00572374
0.00475184
0.00393426
0.00322097
0.00260382
0.00208316
0.00165009
0.0012894
0.000990172
0.000747775
0.000558742
0.000417424
0.000315896
0.000243576
0.000182778
0.000128928
8.27095e-05
4.7386e-05
2.76406e-05
1.83577e-05
1.31113e-05
9.78182e-06
7.53198e-06
6.00797e-06
4.99976e-06
4.28416e-06
3.71595e-06
3.18866e-06
2.45023e-23
-8.23306e-23
1.63529e-22
2.93984e-22
-4.03711e-21
1.14812e-20
9.13824e-20
-1.31903e-18
7.91982e-18
-2.1303e-17
-2.83831e-17
3.41329e-16
-3.43202e-16
-6.0464e-15
-6.36797e-14
-2.93366e-13
-2.62052e-13
1.0576e-12
1.32653e-11
1.17567e-10
9.52987e-10
7.66088e-09
6.21469e-08
4.71489e-07
3.83194e-06
2.92779e-05
0.000177689
0.000937243
0.00450604
0.0139349
0.0312195
0.0580271
0.0908276
0.105199
0.108443
0.107885
0.107128
0.108997
0.110082
0.109814
0.108193
0.104894
0.0993864
0.0903056
0.071597
0.0416404
0.0164462
0.0109906
0.0123775
0.0184162
0.0290569
0.0397871
0.0438741
0.0451811
0.0453702
0.0444866
0.0423195
0.0384881
0.032114
0.0233752
0.0162606
0.0131014
0.0127534
0.0129821
0.0132405
0.0135853
0.0140979
0.0148587
0.0159568
0.01744
0.0192879
0.0213917
0.0235254
0.0260387
0.0283819
0.0301612
0.0315158
0.0325887
0.0334198
0.0340636
0.0345375
0.0348739
0.0350929
0.0352099
0.0352375
0.0351803
0.03504
0.0348133
0.0345054
0.0341112
0.0336098
0.0329409
0.0322228
0.0313443
0.0303195
0.0291569
0.0278856
0.0264638
0.0248777
0.0231194
0.0212049
0.0191454
0.016979
0.0147561
0.0125524
0.0104441
0.00850404
0.00678595
0.00534201
0.00422176
0.00345784
0.00304816
0.00295463
0.00312338
0.00349502
0.00399263
0.00453211
0.00503146
0.00542359
0.00566285
0.00572827
0.00562731
0.00538481
0.00502573
0.00456872
0.00402744
0.00342504
0.0028001
0.00219658
0.00165033
0.00118322
0.000806176
0.000521467
0.000322618
0.000195012
0.000119681
7.84317e-05
5.70278e-05
4.61512e-05
4.04323e-05
3.70687e-05
3.47219e-05
3.27911e-05
3.10796e-05
2.95087e-05
2.82145e-05
2.73108e-05
2.70619e-05
2.74752e-05
2.87026e-05
3.0566e-05
0.000101979
0.000274841
0.000661552
0.00121498
0.00214832
0.00356565
0.00541817
0.00512467
0.00415785
0.00310729
0.00214686
0.00135815
0.000781062
0.000407145
0.000194975
8.93707e-05
4.14603e-05
2.05492e-05
1.14617e-05
7.38955e-06
5.39596e-06
4.24549e-06
3.43416e-06
2.77047e-06
2.18853e-06
1.67036e-06
1.21894e-06
8.43084e-07
5.45899e-07
3.21783e-07
1.59934e-07
4.82668e-08
-2.48181e-08
-6.97782e-08
-9.55235e-08
-1.08698e-07
-1.13587e-07
-1.12855e-07
-1.0811e-07
-9.93191e-08
-8.66796e-08
-7.31445e-08
-6.06776e-08
-5.08719e-08
-4.47823e-08
-4.32605e-08
-4.77481e-08
-6.21802e-08
-7.76694e-08
)
;

boundaryField
{
    inlet
    {
        type            uniformFixedValue;
        uniformValue    table;
        uniformValueCoeffs
        {
            values          
4
(
(0 1)
(0.15 1)
(0.151 0)
(1 0)
)
;
        }
        value           uniform 0;
    }
    outlet
    {
        type            inletOutlet;
        inletValue      uniform 0;
        value           nonuniform List<scalar> 
20
(
-1.14186e-09
4.34873e-06
0.00908466
0.084304
0.111798
0.101158
0.0906552
0.0565066
0.0175861
0.00243649
0.000266747
0.000370719
0.00245748
0.0162775
0.0744335
0.115577
0.0597334
0.00608237
3.18866e-06
-7.76694e-08
)
;
    }
    walls
    {
        type            zeroGradient;
    }
    frontAndBack
    {
        type            empty;
    }
}


// ************************************************************************* //
