/*--------------------------------*- C++ -*----------------------------------*\
| =========                 |                                                 |
| \\      /  F ield         | OpenFOAM: The Open Source CFD Toolbox           |
|  \\    /   O peration     | Version:  2506                                  |
|   \\  /    A nd           | Website:  www.openfoam.com                      |
|    \\/     M anipulation  |                                                 |
\*---------------------------------------------------------------------------*/
FoamFile
{
    version     2.0;
    format      ascii;
    arch        "LSB;label=32;scalar=64";
    class       volScalarField;
    location    "0.85";
    object      s;
}
// * * * * * * * * * * * * * * * * * * * * * * * * * * * * * * * * * * * * * //

dimensions      [0 0 0 0 0 0 0];

internalField   nonuniform List<scalar> 
4000
(
1.58267e-14
1.08178e-11
6.2182e-09
1.1909e-06
7.10015e-05
0.0016797
0.0219394
0.158694
0.395697
0.456133
0.397349
0.222088
0.061565
0.0147843
0.00887624
0.00475152
0.00231462
0.00108313
0.000509964
0.000246943
0.000119039
5.32891e-05
2.38265e-05
1.24928e-05
7.10776e-06
4.07856e-06
2.29053e-06
1.24105e-06
6.42121e-07
3.15371e-07
1.46829e-07
6.48981e-08
2.80159e-08
1.14768e-08
-6.03778e-09
-7.08431e-08
-2.57056e-07
-4.83789e-07
-8.27296e-07
-1.44417e-06
-2.18963e-06
-2.4941e-06
-2.18995e-06
-1.7852e-06
-1.27779e-06
-7.45007e-07
-3.77417e-07
-1.29831e-07
-2.74438e-08
-5.93945e-09
-2.79777e-09
-1.07468e-09
-7.17139e-11
2.83338e-10
3.00378e-10
2.0948e-10
1.19331e-10
6.01963e-11
2.6681e-11
1.14428e-11
5.25365e-12
3.19351e-12
2.04971e-12
1.24621e-12
6.63954e-13
2.92565e-13
1.02402e-13
2.62886e-14
5.99912e-15
2.5432e-15
9.31328e-16
3.07358e-16
8.27316e-17
1.62233e-17
2.16126e-18
-1.52901e-17
-8.40633e-18
-9.15876e-19
-3.83196e-19
-1.01581e-19
-2.56778e-20
-2.40506e-20
4.47956e-21
2.5529e-20
1.67429e-20
2.18916e-21
-3.92386e-21
-2.65856e-21
1.06816e-21
2.2379e-21
1.19766e-21
-9.22081e-22
-4.67689e-21
-1.06073e-20
-1.64769e-20
-2.28525e-20
-3.79015e-20
-3.53442e-20
-4.18575e-20
-3.22313e-20
-3.25954e-20
-2.701e-20
-2.21911e-20
-1.80395e-20
-1.07601e-20
-5.1599e-21
8.17305e-22
4.87107e-21
7.51584e-21
7.93112e-21
7.25643e-21
5.9057e-21
4.25189e-21
2.68775e-21
1.49325e-21
7.23856e-22
2.93675e-22
9.62911e-23
2.12123e-23
4.9323e-25
-2.59695e-24
-1.74591e-24
-7.81397e-25
-2.91769e-25
-9.3053e-26
-2.71292e-26
-7.63329e-27
-2.1593e-27
-6.90309e-28
-2.89769e-28
-9.45857e-29
-3.73953e-29
-2.0844e-29
-1.21711e-30
5.8848e-30
6.40054e-30
7.20768e-30
7.22362e-30
6.00975e-30
4.49601e-30
2.66253e-30
1.24683e-30
4.51833e-31
2.93107e-32
-1.60162e-31
-1.86409e-31
-1.48047e-31
-7.04697e-32
-1.07903e-32
1.66117e-32
1.8214e-32
1.01568e-32
3.3791e-33
4.36321e-34
-1.98565e-34
-1.2909e-34
-4.11053e-35
-4.92256e-36
-2.9308e-36
-1.23581e-35
1.60277e-36
-8.45382e-37
-1.26115e-35
-4.31863e-35
-9.24862e-35
-1.12757e-34
-3.79046e-35
2.50067e-34
6.73115e-34
6.3587e-34
3.52719e-34
1.27695e-34
2.64682e-35
-8.70125e-37
-3.10866e-36
-1.34057e-36
-3.20191e-37
-3.69748e-38
3.19114e-40
-3.95086e-40
-2.21469e-40
-1.45453e-40
-9.37303e-41
-5.62263e-41
-2.99332e-41
-1.18391e-41
-2.6675e-42
6.16602e-44
9.88689e-45
5.88567e-46
1.89188e-46
-1.62359e-46
-1.24663e-46
-4.72238e-47
-1.14501e-47
-1.53784e-48
2.83021e-49
4.43678e-49
3.85338e-49
1.99043e-49
1.00533e-14
3.02828e-12
9.98065e-10
1.34799e-07
6.4839e-06
0.000143173
0.00172964
0.0115056
0.0358371
0.063444
0.0810336
0.0911328
0.114093
0.174134
0.275833
0.394672
0.462604
0.459894
0.430989
0.367937
0.259645
0.134452
0.0626057
0.0364113
0.0228251
0.0139779
0.00820393
0.00459869
0.00244493
0.00122557
0.000580872
0.000260507
0.000109866
4.27682e-05
1.51159e-05
3.51858e-06
-3.49055e-06
-8.68744e-06
-1.32176e-05
-1.82642e-05
-2.65011e-05
-3.17573e-05
-3.22271e-05
-2.99044e-05
-2.61654e-05
-2.25158e-05
-1.97224e-05
-1.61485e-05
-1.28355e-05
-9.73268e-06
-6.94372e-06
-4.66811e-06
-2.84761e-06
-1.60783e-06
-8.50641e-07
-4.24009e-07
-1.95857e-07
-8.17209e-08
-2.93297e-08
-6.95426e-09
1.40243e-09
3.58302e-09
3.45938e-09
2.55405e-09
1.50424e-09
7.05054e-10
2.55017e-10
6.18279e-11
8.11302e-12
3.84366e-12
1.56002e-12
5.7292e-13
1.5593e-13
1.98933e-14
8.68747e-15
2.31597e-15
7.15639e-16
2.09537e-16
6.18574e-17
2.18722e-17
9.98667e-19
1.54165e-17
1.10698e-17
4.64019e-18
2.75967e-18
2.605e-18
2.38782e-18
1.56451e-18
7.35521e-19
2.50963e-19
-1.46992e-21
-5.7454e-20
8.94539e-20
4.22138e-19
7.83259e-19
6.06287e-19
3.45842e-19
1.2376e-19
-8.23595e-20
-3.62947e-19
-5.20681e-19
-7.18094e-19
-8.23349e-19
-9.17107e-19
-9.23322e-19
-8.41942e-19
-7.24757e-19
-5.81166e-19
-4.57414e-19
-3.07967e-19
-1.85431e-19
-9.68733e-20
-4.00827e-20
-7.93431e-21
5.67505e-21
8.50098e-21
6.55766e-21
3.81314e-21
1.79884e-21
7.21163e-22
2.49232e-22
7.10099e-23
1.52449e-23
1.51826e-24
-6.9955e-25
-5.7189e-25
-2.80949e-25
-1.20665e-25
-5.59831e-26
-3.49598e-26
-2.26274e-26
-1.70153e-26
-1.65001e-26
-1.35948e-26
-1.15458e-26
-1.13628e-26
-8.05532e-27
-6.1108e-27
-3.91056e-27
-2.17829e-27
-1.03202e-27
-3.88585e-28
-8.94928e-29
1.85542e-29
4.31261e-29
3.39775e-29
1.89147e-29
5.56227e-30
-1.87628e-30
-3.90679e-30
-2.87332e-30
-1.30022e-30
-2.91241e-31
5.04534e-32
7.52021e-32
3.27769e-32
7.78342e-33
6.05724e-34
-1.56552e-34
-7.89226e-35
-1.9467e-34
-2.74625e-34
6.07921e-34
5.03582e-33
1.70569e-32
3.97891e-32
6.46484e-32
8.7977e-32
8.11057e-32
5.55983e-32
3.1465e-32
1.52019e-32
6.32375e-33
2.25879e-33
6.86727e-34
1.76148e-34
3.79306e-35
7.01033e-36
1.22861e-36
2.65534e-37
9.19604e-38
4.14525e-38
1.99201e-38
9.01735e-39
3.40244e-39
8.40792e-40
-1.03613e-41
-1.09245e-40
-2.68472e-41
-1.68951e-42
3.08992e-44
3.74964e-43
1.79666e-43
4.97151e-44
7.9426e-45
-4.02472e-46
-1.08515e-45
-7.37614e-46
-4.30715e-46
-1.58413e-46
6.61077e-15
9.95283e-13
1.87511e-10
1.60348e-08
6.21209e-07
1.3606e-06
4.29738e-06
1.67992e-05
6.4506e-05
0.000212694
0.000629332
0.00361545
0.0112917
0.0239673
0.04413
0.073322
0.107912
0.153505
0.222691
0.312856
0.414399
0.51101
0.55472
0.546467
0.522736
0.477511
0.386778
0.272485
0.161054
0.0808827
0.0447786
0.0264683
0.0154429
0.00858992
0.00456544
0.00240239
0.00126615
0.000686515
0.000368437
0.000181088
6.80998e-05
1.1302e-05
-1.73194e-05
-3.36025e-05
-4.39917e-05
-5.03422e-05
-5.30538e-05
-5.33586e-05
-5.20194e-05
-4.93826e-05
-4.60294e-05
-4.24314e-05
-3.86474e-05
-3.49446e-05
-3.10145e-05
-2.66147e-05
-2.05399e-05
-1.19595e-05
-5.64564e-06
-3.00977e-06
-1.8016e-06
-1.01904e-06
-5.29952e-07
-2.53298e-07
-1.07659e-07
-3.98467e-08
-1.28792e-08
-2.83567e-09
7.5527e-10
1.51687e-09
1.34064e-09
8.44721e-10
2.62303e-10
8.11464e-13
-1.81857e-12
6.41852e-13
4.50829e-13
1.772e-13
5.95544e-14
1.62738e-14
2.77222e-15
-4.66997e-16
-7.56042e-16
-4.77847e-16
-2.3083e-16
-9.95906e-17
-4.36602e-17
-2.49379e-17
-2.03645e-17
-1.96348e-17
-1.5921e-17
-1.28576e-17
-7.87147e-18
7.69569e-18
2.73431e-17
2.73127e-17
2.76703e-17
2.68047e-17
3.1104e-17
2.18746e-17
1.84379e-17
1.56784e-17
1.13098e-17
9.36787e-18
6.3467e-18
3.40911e-18
8.84502e-19
-8.86521e-19
-2.15765e-18
-2.46634e-18
-2.32064e-18
-1.90605e-18
-1.43291e-18
-9.46195e-19
-5.44888e-19
-2.70518e-19
-1.13902e-19
-3.82098e-20
-8.09512e-21
6.50025e-22
1.81214e-21
1.1883e-21
5.62726e-22
2.23631e-22
7.74915e-23
2.41284e-23
7.00572e-24
2.10791e-24
7.19098e-25
2.88517e-25
1.15134e-25
3.21868e-26
-1.32158e-26
-3.61365e-26
-4.58967e-26
-4.87722e-26
-4.26381e-26
-3.45551e-26
-2.66352e-26
-1.95307e-26
-1.40977e-26
-1.02099e-26
-7.21491e-27
-4.77075e-27
-2.8425e-27
-1.39196e-27
-4.37707e-28
5.9849e-29
2.21622e-28
1.9584e-28
1.07793e-28
3.62323e-29
1.22119e-30
-7.20559e-30
-5.00361e-30
-1.8991e-30
-3.75828e-31
1.25112e-32
3.05262e-32
6.26892e-33
-3.29378e-34
9.63872e-33
5.82469e-32
1.82973e-31
3.96132e-31
5.54913e-31
5.08157e-31
3.08932e-31
1.1185e-31
2.07193e-32
3.61177e-33
8.50594e-33
1.12076e-32
8.95224e-33
5.24659e-33
2.45913e-33
9.7169e-34
3.40664e-34
1.13823e-34
3.99502e-35
1.60567e-35
7.49029e-36
3.83843e-36
2.01384e-36
1.02239e-36
4.79732e-37
1.98817e-37
6.83244e-38
1.70399e-38
1.6504e-39
-3.62107e-40
-2.27616e-40
-6.64029e-41
-1.21673e-41
-5.56675e-43
7.89478e-43
5.58554e-43
2.96316e-43
1.43316e-43
4.58441e-44
4.50709e-15
3.45136e-13
3.64488e-11
2.10059e-09
1.51642e-08
6.11568e-08
1.37875e-07
1.55105e-07
1.31286e-06
7.38769e-06
2.51723e-05
7.88671e-05
0.000215978
0.000556674
0.00134751
0.00303873
0.00636345
0.0140393
0.0297598
0.0564591
0.0973679
0.16125
0.24841
0.347066
0.448083
0.547887
0.628481
0.633901
0.614477
0.572124
0.495047
0.383647
0.268308
0.162521
0.0821162
0.0492018
0.0379783
0.031313
0.0262922
0.0231822
0.0231273
0.0236987
0.0230899
0.0211794
0.0181624
0.0147096
0.0114029
0.00833928
0.00582721
0.00385359
0.00238837
0.00138669
0.000762312
0.000398258
0.000190953
7.69931e-05
1.62657e-05
-1.54885e-05
-3.00862e-05
-3.47404e-05
-3.46844e-05
-3.20706e-05
-2.73217e-05
-1.65834e-05
-5.78566e-06
-1.2006e-06
-6.01369e-07
-3.42552e-07
-1.69155e-07
-7.2472e-08
-2.73446e-08
-9.40202e-09
-2.97211e-09
-7.2894e-10
2.27176e-11
1.67087e-10
1.29955e-10
6.94995e-11
3.76157e-11
1.81184e-11
7.9605e-12
3.29438e-12
1.27437e-12
4.56058e-13
1.4862e-13
4.28033e-14
1.00589e-14
1.31592e-15
-4.38751e-16
-5.22833e-16
-3.5259e-16
-2.19823e-16
-1.76601e-16
-2.75684e-16
-3.58773e-16
-2.86864e-16
-4.5011e-17
-3.29454e-17
-1.68006e-17
3.45698e-17
5.20148e-17
6.332e-17
6.82059e-17
8.85979e-17
8.74864e-17
7.861e-17
7.36297e-17
5.22719e-17
3.92062e-17
2.47363e-17
1.40434e-17
5.91754e-18
1.32316e-18
-1.05902e-18
-1.72759e-18
-1.59366e-18
-1.12906e-18
-6.43377e-19
-3.03657e-19
-1.21682e-19
-4.14039e-20
-1.12433e-20
-1.83821e-21
3.47701e-22
5.18673e-22
3.25864e-22
1.70777e-22
8.65144e-23
4.56139e-23
2.63871e-23
1.67486e-23
1.15711e-23
8.82445e-24
6.90282e-24
5.49668e-24
4.5173e-24
3.49653e-24
2.64637e-24
1.90454e-24
1.28694e-24
8.12198e-25
4.73308e-25
2.49858e-25
1.14819e-25
4.02448e-26
5.28532e-27
-7.80918e-27
-9.51569e-27
-6.85486e-27
-3.56606e-27
-1.21624e-27
-3.67203e-29
2.94794e-28
2.49311e-28
1.21621e-28
3.65426e-29
2.92179e-30
-3.46319e-30
-2.09432e-30
-6.4425e-31
-1.07104e-31
8.31784e-32
3.82593e-31
7.72647e-31
1.41282e-31
-2.26646e-30
-5.51014e-30
-7.28423e-30
-6.72274e-30
-4.95544e-30
-3.10477e-30
-1.70366e-30
-8.29332e-31
-3.59499e-31
-1.38575e-31
-4.73381e-32
-1.4279e-32
-3.79497e-33
-8.88474e-34
-1.81202e-34
-2.79532e-35
2.0049e-36
6.53157e-36
5.85161e-36
4.22878e-36
2.71291e-36
1.57023e-36
8.12276e-37
3.64446e-37
1.31741e-37
3.1649e-38
5.42583e-39
2.37387e-40
-4.02913e-40
-3.12511e-40
-1.81218e-40
-9.33451e-41
-4.32434e-41
-1.80919e-41
-4.35529e-42
3.88693e-15
1.33011e-13
6.99097e-12
1.13994e-10
1.06687e-09
6.51921e-09
2.18566e-08
5.83893e-08
2.32268e-07
8.56754e-07
2.49785e-06
6.50538e-06
1.67166e-05
4.33945e-05
0.000110868
0.000273731
0.000647442
0.00150604
0.00337949
0.00716528
0.0143738
0.028472
0.0545554
0.0958255
0.159149
0.251161
0.360861
0.467443
0.561246
0.644209
0.680778
0.667971
0.63472
0.564845
0.454238
0.351519
0.277238
0.228128
0.19659
0.176713
0.167246
0.160249
0.150789
0.138319
0.123237
0.106944
0.0909065
0.0753529
0.0611642
0.0485136
0.0374771
0.0281754
0.0203522
0.0140775
0.00903061
0.00553955
0.0032949
0.00189167
0.00104604
0.000542405
0.000261292
0.000110058
3.42402e-05
1.17212e-06
-1.07626e-05
-1.41942e-05
-1.42124e-05
-1.06762e-05
-4.85286e-06
-1.47521e-06
-6.4874e-07
-3.221e-07
-1.49952e-07
-6.23393e-08
-2.30355e-08
-6.77957e-09
-6.50669e-11
2.09444e-09
2.29933e-09
1.54613e-09
5.52806e-10
3.10308e-10
1.73454e-10
8.78428e-11
3.99929e-11
1.69197e-11
6.94626e-12
2.75411e-12
1.04353e-12
3.70014e-13
1.20293e-13
3.33455e-14
5.39798e-15
-2.6818e-15
-4.66578e-15
-7.14608e-15
-7.99792e-15
-7.20937e-15
-3.99996e-15
-1.70842e-15
-8.36678e-16
-7.54167e-16
-4.6042e-16
-2.00227e-16
-5.8428e-17
2.20904e-17
9.80167e-17
1.35057e-16
1.58849e-16
1.46002e-16
1.39925e-16
9.65432e-17
6.61223e-17
4.43665e-17
2.4576e-17
1.10304e-17
3.72027e-18
6.03115e-19
-3.62576e-19
-4.5285e-19
-3.06606e-19
-1.62933e-19
-7.43361e-20
-3.03349e-20
-1.12692e-20
-3.85518e-21
-1.20939e-21
-3.22681e-22
-4.4554e-23
3.47372e-23
5.25264e-23
5.21212e-23
4.82874e-23
4.24886e-23
3.62318e-23
3.0383e-23
2.41474e-23
1.85422e-23
1.36182e-23
9.61882e-24
6.57266e-24
4.37283e-24
2.83417e-24
1.78503e-24
1.0814e-24
6.19762e-25
3.2451e-25
1.47268e-25
5.07229e-26
5.82573e-27
-9.161e-27
-1.02117e-26
-6.64472e-27
-3.08204e-27
-9.28648e-28
-2.91873e-29
1.69328e-28
1.2497e-28
5.48793e-29
1.7477e-29
4.29122e-30
1.06355e-30
-9.18468e-32
-7.22382e-30
-2.4427e-29
-4.24519e-29
-5.25923e-29
-4.78467e-29
-3.53147e-29
-2.29511e-29
-1.37814e-29
-7.85257e-30
-4.28293e-30
-2.22793e-30
-1.09638e-30
-5.07384e-31
-2.20898e-31
-9.13253e-32
-3.65898e-32
-1.46543e-32
-6.07397e-33
-2.66612e-33
-1.23745e-33
-5.93478e-34
-2.85081e-34
-1.33088e-34
-5.87119e-35
-2.37336e-35
-8.43811e-36
-2.45698e-36
-4.95403e-37
5.18434e-39
7.94276e-38
5.86784e-38
3.1599e-38
1.43875e-38
5.70297e-39
1.93781e-39
5.35655e-40
4.10193e-42
3.76168e-15
8.26296e-14
1.49515e-12
1.67696e-11
1.46733e-10
9.97212e-10
4.30297e-09
1.47307e-08
4.8592e-08
1.46942e-07
3.9833e-07
1.01768e-06
2.58978e-06
6.67643e-06
1.7278e-05
4.42914e-05
0.000110914
0.000272592
0.000654209
0.00151754
0.00338645
0.00734408
0.0152535
0.0295966
0.0546048
0.0961924
0.157596
0.240149
0.338844
0.446415
0.546493
0.628069
0.689017
0.694892
0.676293
0.640467
0.587788
0.526063
0.470926
0.426454
0.394136
0.366834
0.339382
0.310404
0.279658
0.24821
0.217461
0.187591
0.159617
0.13381
0.110381
0.0895801
0.0711154
0.055248
0.0416556
0.0303653
0.021272
0.0141846
0.00898054
0.0052896
0.00282341
0.0013968
0.000660797
0.000297254
0.000121961
3.99334e-05
3.20979e-06
-1.13785e-05
-1.54179e-05
-1.47056e-05
-1.14432e-05
-6.53968e-06
-2.6521e-06
-1.14411e-06
-5.78824e-07
-2.94518e-07
-1.40526e-07
-5.99955e-08
-2.15032e-08
-4.44498e-09
2.85653e-09
5.03328e-09
4.86495e-09
3.19931e-09
1.21791e-09
4.80905e-10
2.67489e-10
1.40021e-10
6.52912e-11
2.68932e-11
1.0423e-11
3.9471e-12
1.36525e-12
3.86606e-13
5.64375e-14
-4.00608e-14
-5.75519e-14
-6.37444e-14
-6.71293e-14
-6.34144e-14
-5.31592e-14
-4.12109e-14
-2.6345e-14
-1.50574e-14
-9.30285e-15
-4.92131e-15
-1.95557e-15
-7.12731e-16
-2.67565e-16
-2.4441e-17
7.74986e-17
1.43037e-16
1.59709e-16
1.83336e-16
1.35803e-16
8.80021e-17
5.34741e-17
2.78125e-17
1.1831e-17
3.96144e-18
8.7776e-19
-4.81905e-20
-2.05214e-19
-1.61012e-19
-9.67885e-20
-5.26825e-20
-2.76342e-20
-1.44228e-20
-7.65271e-21
-4.20072e-21
-2.40238e-21
-1.43849e-21
-9.08702e-22
-5.94577e-22
-4.02414e-22
-2.81309e-22
-1.97046e-22
-1.38595e-22
-9.59155e-23
-6.4359e-23
-4.1412e-23
-2.50579e-23
-1.39664e-23
-6.8925e-24
-2.70702e-24
-5.43401e-25
3.94211e-25
6.31983e-25
5.48136e-25
3.67884e-25
2.02614e-25
8.91071e-26
2.7294e-26
8.29005e-28
-6.29474e-27
-5.64454e-27
-3.23132e-27
-1.3615e-27
-4.15072e-28
-7.13245e-29
-6.33762e-30
-2.24506e-30
-3.04955e-29
-9.36664e-29
-1.4534e-28
-1.48743e-28
-1.03127e-28
-3.99753e-29
3.82699e-30
2.1013e-29
2.09551e-29
1.44493e-29
7.89949e-30
3.50026e-30
1.18902e-30
2.1915e-31
-8.25217e-32
-1.22818e-31
-9.11643e-32
-5.52527e-32
-3.06483e-32
-1.63678e-32
-8.61741e-33
-4.49953e-33
-2.31787e-33
-1.16548e-33
-5.6538e-34
-2.61357e-34
-1.13765e-34
-4.60761e-35
-1.7173e-35
-5.83045e-36
-1.68678e-36
-3.12837e-37
6.36936e-38
1.16563e-37
8.6695e-38
5.03806e-38
2.58904e-38
8.76145e-39
3.65036e-15
7.68481e-14
8.6722e-13
7.86877e-12
4.83551e-11
2.36696e-10
1.01109e-09
3.78304e-09
1.25256e-08
3.83521e-08
1.14876e-07
3.32092e-07
9.37518e-07
2.62228e-06
7.259e-06
1.9892e-05
5.3869e-05
0.000143096
0.000368642
0.000909792
0.00212611
0.00466926
0.00961978
0.0185906
0.0337565
0.0578584
0.0939217
0.144953
0.212366
0.294892
0.388519
0.486695
0.579317
0.653248
0.701312
0.705008
0.697313
0.678644
0.649105
0.610359
0.572443
0.536004
0.499047
0.460673
0.420603
0.379629
0.338985
0.299026
0.260801
0.224747
0.191251
0.160675
0.132923
0.108263
0.0865088
0.0677096
0.0517436
0.0383973
0.0276447
0.0191104
0.0126031
0.00782969
0.00454498
0.00244148
0.00116559
0.000502119
0.000203438
7.36379e-05
1.73957e-05
-6.52627e-06
-1.60799e-05
-1.83657e-05
-1.69262e-05
-1.33486e-05
-8.4904e-06
-4.3653e-06
-2.00107e-06
-1.01396e-06
-5.335e-07
-2.75364e-07
-1.34093e-07
-5.82939e-08
-2.0418e-08
-3.35706e-09
3.46105e-09
5.43206e-09
5.13821e-09
3.52076e-09
1.51697e-09
5.1914e-10
3.12954e-10
1.76165e-10
7.29106e-11
2.79467e-11
1.07479e-11
3.90678e-12
1.03561e-12
-1.21174e-14
-2.82212e-13
-3.10111e-13
-2.65861e-13
-2.25117e-13
-1.95102e-13
-1.62742e-13
-1.29462e-13
-9.48645e-14
-6.0541e-14
-3.31247e-14
-1.65531e-14
-6.44739e-15
-2.16386e-15
-7.77593e-16
-2.86196e-16
-1.31002e-16
1.46982e-17
8.61948e-17
1.19493e-16
9.35254e-17
5.62237e-17
2.84494e-17
1.26395e-17
4.98597e-18
1.70825e-18
4.57309e-19
4.24746e-20
-6.44726e-20
-7.2516e-20
-5.64153e-20
-3.9272e-20
-2.63976e-20
-1.77006e-20
-1.20107e-20
-8.36234e-21
-5.88205e-21
-4.18473e-21
-2.99965e-21
-2.13113e-21
-1.50287e-21
-1.04097e-21
-7.05155e-22
-4.66749e-22
-3.00545e-22
-1.87634e-22
-1.13034e-22
-6.50762e-23
-3.5535e-23
-1.79582e-23
-8.15881e-24
-3.10864e-24
-7.76254e-25
1.06934e-25
3.1874e-25
2.73187e-25
1.69632e-25
8.43499e-26
3.2598e-26
7.9154e-27
-9.53772e-28
-2.56852e-27
-1.95532e-27
-1.08551e-27
-5.08343e-28
-2.88628e-28
-2.00018e-28
-2.76923e-29
2.34999e-28
4.9845e-28
6.18179e-28
5.79354e-28
4.56163e-28
3.17464e-28
2.00744e-28
1.17191e-28
6.37637e-29
3.253e-29
1.56294e-29
7.10074e-30
3.06368e-30
1.26119e-30
4.97438e-31
1.88316e-31
6.81075e-32
2.30746e-32
6.90357e-33
1.4573e-33
-1.54365e-34
-4.77977e-34
-4.22886e-34
-2.94654e-34
-1.83085e-34
-1.05335e-34
-5.69163e-35
-2.88403e-35
-1.36182e-35
-5.93115e-36
-2.34e-36
-8.05665e-37
-2.18482e-37
-2.78078e-38
2.75923e-38
3.50752e-15
7.61251e-14
8.68581e-13
7.01144e-12
4.21334e-11
2.04314e-10
8.60942e-10
3.29909e-09
1.16811e-08
3.88541e-08
1.23175e-07
3.77368e-07
1.13236e-06
3.30794e-06
9.34061e-06
2.56053e-05
6.85868e-05
0.000178797
0.000448183
0.00106687
0.00239022
0.00501668
0.00986497
0.0182257
0.0317228
0.0522091
0.081625
0.121757
0.173861
0.23816
0.313646
0.397557
0.484899
0.570224
0.642456
0.693702
0.714981
0.7138
0.705712
0.687504
0.661056
0.629587
0.594125
0.555219
0.51334
0.469481
0.424924
0.380337
0.33682
0.295019
0.255493
0.21874
0.184903
0.15433
0.12696
0.102863
0.0819601
0.0640454
0.0490703
0.0366429
0.0266542
0.0187761
0.0127502
0.00831435
0.00513582
0.00297565
0.00159667
0.000783313
0.00032212
0.000115561
3.21923e-05
-1.52e-06
-1.4999e-05
-2.0169e-05
-2.06274e-05
-1.8723e-05
-1.49054e-05
-1.00569e-05
-6.07638e-06
-3.30699e-06
-1.67763e-06
-8.59957e-07
-4.41403e-07
-2.19981e-07
-1.03662e-07
-4.32792e-08
-1.35622e-08
-7.26289e-10
3.77277e-09
4.74432e-09
4.16492e-09
2.65932e-09
1.28544e-09
6.0788e-10
3.42792e-10
1.7267e-10
6.88007e-11
2.60971e-11
9.95832e-12
3.52017e-12
8.50445e-13
-1.85269e-13
-4.73161e-13
-4.63501e-13
-3.67164e-13
-2.74608e-13
-2.09498e-13
-1.61981e-13
-1.20481e-13
-7.61365e-14
-3.82083e-14
-1.75791e-14
-7.96639e-15
-3.53985e-15
-1.62635e-15
-7.67804e-16
-3.85711e-16
-1.04243e-16
2.04177e-17
4.85244e-17
3.96477e-17
2.4518e-17
1.30986e-17
6.374e-18
2.90206e-18
1.25371e-18
5.14375e-19
1.96493e-19
6.50143e-20
1.30705e-20
-5.72831e-21
-1.11783e-20
-1.13959e-20
-9.74625e-21
-7.70571e-21
-5.80702e-21
-4.2253e-21
-2.99695e-21
-2.08227e-21
-1.42336e-21
-9.63042e-22
-6.48118e-22
-4.33739e-22
-2.87952e-22
-1.88289e-22
-1.20341e-22
-7.42199e-23
-4.37116e-23
-2.42572e-23
-1.24322e-23
-5.74688e-24
-2.24594e-24
-6.2549e-25
8.08455e-27
1.76359e-25
1.65387e-25
1.09027e-25
5.87134e-26
2.73508e-26
1.11463e-26
4.70842e-27
2.40998e-27
2.04375e-27
2.44008e-27
3.06154e-27
3.44119e-27
3.41801e-27
2.93544e-27
2.23856e-27
1.56843e-27
1.03366e-27
6.49759e-28
3.92179e-28
2.27773e-28
1.27311e-28
6.84844e-29
3.54904e-29
1.77607e-29
8.61464e-30
4.06844e-30
1.87963e-30
8.52714e-31
3.80418e-31
1.66496e-31
7.08949e-32
2.88559e-32
1.08351e-32
3.44839e-33
6.63594e-34
-2.16475e-34
-3.74199e-34
-3.05358e-34
-1.99562e-34
-1.15254e-34
-6.0925e-35
-2.9939e-35
-1.37759e-35
-5.94206e-36
-2.44699e-36
-5.79429e-37
3.35037e-15
7.40127e-14
8.73094e-13
7.1365e-12
4.51015e-11
2.35621e-10
1.06186e-09
4.26174e-09
1.55596e-08
5.25429e-08
1.66451e-07
5.07079e-07
1.50639e-06
4.34214e-06
1.20636e-05
3.24544e-05
8.50142e-05
0.000216071
0.000526999
0.00121945
0.00265694
0.00543421
0.0104369
0.0188666
0.0322028
0.0520841
0.080112
0.117599
0.165297
0.223162
0.290182
0.364282
0.442327
0.520746
0.593844
0.654232
0.698128
0.720026
0.720772
0.714328
0.698376
0.674518
0.644139
0.60833
0.568055
0.524546
0.479197
0.432955
0.386997
0.342164
0.299173
0.258671
0.221024
0.186653
0.155679
0.128212
0.104215
0.0835113
0.065985
0.051265
0.0391617
0.029336
0.0215013
0.0153808
0.0106906
0.00719869
0.00466537
0.00290291
0.00170078
0.000927819
0.000464331
0.000203125
6.24555e-05
6.64938e-06
-1.30112e-05
-1.97363e-05
-2.15638e-05
-2.08468e-05
-1.83733e-05
-1.44436e-05
-1.01059e-05
-6.55886e-06
-4.00085e-06
-2.30177e-06
-1.18581e-06
-5.58925e-07
-2.56774e-07
-1.15159e-07
-4.80485e-08
-1.67849e-08
-2.63107e-09
2.74014e-09
4.05267e-09
3.83218e-09
2.92194e-09
1.8362e-09
1.03167e-09
5.4606e-10
2.96389e-10
1.5438e-10
7.22135e-11
3.03401e-11
1.17452e-11
4.32736e-12
1.46734e-12
3.38206e-13
-9.85673e-14
-2.31489e-13
-2.36498e-13
-2.22181e-13
-1.74936e-13
-1.17475e-13
-6.89959e-14
-3.60874e-14
-1.72655e-14
-8.00343e-15
-3.58373e-15
-1.5095e-15
-5.25302e-16
-9.69717e-17
3.79523e-17
5.62018e-17
4.22682e-17
2.61666e-17
1.48463e-17
8.08534e-18
4.33369e-18
2.32015e-18
1.25269e-18
6.86848e-19
3.83449e-19
2.18597e-19
1.27972e-19
7.65522e-20
4.68826e-20
2.93331e-20
1.85261e-20
1.17481e-20
7.3906e-21
4.54137e-21
2.69396e-21
1.51206e-21
7.8365e-22
3.55579e-22
1.21351e-22
7.44716e-24
-3.79468e-23
-4.7346e-23
-4.08964e-23
-2.9719e-23
-1.92048e-23
-1.1178e-23
-5.88633e-24
-2.73978e-24
-1.0743e-24
-2.91747e-25
1.34191e-26
9.45199e-26
8.94254e-26
6.33971e-26
4.13545e-26
2.6686e-26
1.92349e-26
1.54575e-26
1.2973e-26
1.04211e-26
7.71638e-27
5.25342e-27
3.40012e-27
2.16851e-27
1.39477e-27
9.07956e-28
5.91169e-28
3.7873e-28
2.35652e-28
1.41373e-28
8.15715e-29
4.53012e-29
2.42771e-29
1.25966e-29
6.34884e-30
3.11551e-30
1.48934e-30
6.91979e-31
3.10471e-31
1.32769e-31
5.27535e-32
1.84119e-32
4.74347e-33
-7.04397e-36
-1.19826e-33
-1.15886e-33
-8.20798e-34
-5.03496e-34
-2.81664e-34
-1.46947e-34
-7.23209e-35
-3.37411e-35
-1.52674e-35
-4.41602e-36
3.18938e-15
7.08669e-14
8.47613e-13
7.04339e-12
4.54975e-11
2.43285e-10
1.1217e-09
4.58856e-09
1.69948e-08
5.79337e-08
1.84459e-07
5.62866e-07
1.67081e-06
4.80209e-06
1.32802e-05
3.5516e-05
9.23388e-05
0.000232547
0.000561304
0.00128452
0.00276774
0.00560059
0.0106494
0.0190747
0.0322904
0.051848
0.0792454
0.11568
0.161787
0.217409
0.281447
0.351846
0.425656
0.499491
0.569408
0.630612
0.679001
0.712209
0.724725
0.723174
0.714934
0.697238
0.671504
0.638918
0.600682
0.558179
0.512869
0.465881
0.418453
0.371587
0.326169
0.283001
0.242653
0.205634
0.172221
0.142568
0.116671
0.0943794
0.0755004
0.0596899
0.046647
0.0359989
0.0274087
0.0205612
0.0151633
0.010976
0.0077715
0.00537129
0.00360789
0.00234406
0.00146604
0.000875296
0.000487461
0.000247494
0.000108927
3.39331e-05
-5.01916e-06
-1.75168e-05
-2.00835e-05
-1.97957e-05
-1.83316e-05
-1.50813e-05
-1.13992e-05
-8.04726e-06
-5.3454e-06
-3.34829e-06
-1.97616e-06
-1.09507e-06
-5.6302e-07
-2.40981e-07
-8.662e-08
-2.95853e-08
-8.06646e-09
4.85516e-10
3.38387e-09
3.88079e-09
3.47453e-09
2.62304e-09
1.74391e-09
1.06732e-09
6.14301e-10
3.37695e-10
1.79554e-10
9.30895e-11
4.65636e-11
2.15256e-11
8.69581e-12
2.78983e-12
3.71229e-13
-3.54688e-13
-4.13331e-13
-3.39648e-13
-2.26954e-13
-1.33491e-13
-7.10536e-14
-3.45925e-14
-1.54195e-14
-6.241e-15
-2.22682e-15
-6.37388e-16
-8.50933e-17
6.68084e-17
8.35089e-17
6.47378e-17
4.3156e-17
2.68629e-17
1.61762e-17
9.60639e-18
5.69507e-18
3.39695e-18
2.04622e-18
1.24662e-18
7.696e-19
4.79139e-19
3.00577e-19
1.8934e-19
1.18995e-19
7.43548e-20
4.59664e-20
2.79446e-20
1.66393e-20
9.63519e-21
5.39711e-21
2.89819e-21
1.47102e-21
6.90756e-22
2.85194e-22
8.99707e-23
6.34093e-24
-2.22339e-23
-2.63665e-23
-2.15139e-23
-1.48976e-23
-9.20743e-24
-5.18622e-24
-2.64636e-24
-1.202e-24
-4.59643e-25
-1.29885e-25
-2.09485e-27
3.23316e-26
3.47477e-26
2.85144e-26
2.04139e-26
1.23391e-26
5.58175e-27
9.12597e-28
-1.20878e-27
-1.50518e-27
-1.02597e-27
-4.43589e-28
-3.275e-29
1.7107e-28
2.2673e-28
2.04577e-28
1.55094e-28
1.05491e-28
6.63714e-29
3.93013e-29
2.21422e-29
1.19531e-29
6.20863e-30
3.10742e-30
1.49618e-30
6.89092e-31
2.99925e-31
1.20377e-31
4.21296e-32
1.07361e-32
-2.00233e-34
-2.92982e-33
-2.81598e-33
-2.0079e-33
-1.24685e-33
-7.09202e-34
-3.77797e-34
-1.90674e-34
-9.16317e-35
-4.29115e-35
-1.32025e-35
3.02406e-15
6.683e-14
7.96425e-13
6.60325e-12
4.26116e-11
2.27803e-10
1.05088e-09
4.30348e-09
1.59626e-08
5.45085e-08
1.73844e-07
5.31123e-07
1.57803e-06
4.54318e-06
1.25877e-05
3.37144e-05
8.77636e-05
0.00022127
0.000534766
0.00122566
0.00264546
0.0053627
0.0102149
0.0183268
0.0310721
0.0499629
0.0764669
0.111771
0.156524
0.210614
0.273008
0.341749
0.414008
0.486453
0.555265
0.616455
0.666759
0.703908
0.724115
0.725368
0.721721
0.709302
0.687057
0.656791
0.619915
0.577878
0.532135
0.483948
0.434659
0.385501
0.337601
0.291961
0.249379
0.210443
0.175523
0.144764
0.118131
0.0954455
0.0763908
0.0606173
0.0476993
0.0372287
0.0288134
0.0221
0.0167805
0.0125966
0.00932975
0.00680538
0.00487719
0.00342561
0.00235138
0.00157103
0.00101698
0.000632783
0.000374541
0.000207098
0.000101489
3.94413e-05
6.09919e-06
-9.90691e-06
-1.64975e-05
-1.66772e-05
-1.53875e-05
-1.27619e-05
-9.78802e-06
-7.04767e-06
-4.80693e-06
-3.11664e-06
-1.9192e-06
-1.11802e-06
-6.12229e-07
-3.11758e-07
-1.44554e-07
-5.66559e-08
-1.29119e-08
8.30533e-11
2.98813e-09
3.4751e-09
3.19069e-09
2.56614e-09
1.75681e-09
1.09934e-09
6.38081e-10
3.45571e-10
1.74444e-10
8.11064e-11
3.38471e-11
1.17736e-11
2.2097e-12
-5.08057e-13
-7.69528e-13
-6.79847e-13
-4.76298e-13
-2.92956e-13
-1.62846e-13
-8.29942e-14
-3.89743e-14
-1.68385e-14
-6.60255e-15
-2.25462e-15
-5.81006e-16
-2.06613e-17
1.19688e-16
1.2249e-16
9.20873e-17
6.18232e-17
3.93704e-17
2.44329e-17
1.49897e-17
9.16404e-18
5.60254e-18
3.42939e-18
2.10369e-18
1.28968e-18
7.89266e-19
4.81054e-19
2.90984e-19
1.7425e-19
1.03018e-19
5.99332e-20
3.42188e-20
1.90989e-20
1.03724e-20
5.44558e-21
2.73558e-21
1.29309e-21
5.55299e-22
1.98112e-22
3.87227e-23
-2.26908e-23
-3.89969e-23
-3.66326e-23
-2.84457e-23
-1.98211e-23
-1.28186e-23
-7.76106e-24
-4.4204e-24
-2.3645e-24
-1.21512e-24
-5.98143e-25
-3.02335e-25
-1.61968e-25
-9.94826e-26
-7.1388e-26
-5.74052e-26
-4.64562e-26
-3.5615e-26
-2.47875e-26
-1.55417e-26
-8.81993e-27
-4.51942e-27
-2.05224e-27
-7.77809e-28
-1.93072e-28
3.33894e-29
9.41772e-29
8.97148e-29
6.67125e-29
4.38081e-29
2.65257e-29
1.51043e-29
8.16715e-30
4.21035e-30
2.06871e-30
9.63978e-31
4.21083e-31
1.68231e-31
5.79652e-32
1.40765e-32
-9.19437e-34
-4.46389e-33
-4.12897e-33
-2.90539e-33
-1.79613e-33
-1.02297e-33
-5.48309e-34
-2.79665e-34
-1.36357e-34
-6.50269e-35
-2.0632e-35
2.8607e-15
6.23617e-14
7.29806e-13
5.93206e-12
3.7458e-11
1.9604e-10
8.86853e-10
3.57373e-09
1.30976e-08
4.43834e-08
1.40988e-07
4.30251e-07
1.27899e-06
3.69347e-06
1.02891e-05
2.77293e-05
7.26828e-05
0.000184861
0.000451713
0.00104868
0.00229467
0.00471616
0.00910414
0.0165407
0.0283711
0.0461033
0.071231
0.104999
0.148142
0.200654
0.261626
0.329214
0.400694
0.472818
0.541765
0.603699
0.655502
0.694846
0.720228
0.725804
0.723579
0.714702
0.694456
0.665098
0.628017
0.584606
0.536365
0.484941
0.432029
0.379349
0.328391
0.280387
0.236292
0.19665
0.161773
0.131652
0.106089
0.0847802
0.0672129
0.0529816
0.0415192
0.0323817
0.0251344
0.0194101
0.014907
0.0113707
0.00860387
0.00644598
0.00477195
0.00348353
0.00250101
0.00176133
0.00121283
0.000813014
0.000527544
0.000328605
0.000193662
0.000105134
4.95747e-05
1.66897e-05
-1.42309e-06
-9.9702e-06
-1.28392e-05
-1.2572e-05
-1.10153e-05
-8.76479e-06
-6.55528e-06
-4.64978e-06
-3.14046e-06
-2.0224e-06
-1.24055e-06
-7.22327e-07
-3.96611e-07
-2.03243e-07
-9.50727e-08
-3.87601e-08
-1.18891e-08
-3.93794e-10
3.3272e-09
3.20112e-09
2.6567e-09
1.85178e-09
1.13932e-09
6.35019e-10
3.24779e-10
1.51755e-10
6.35103e-11
2.24397e-11
4.66161e-12
-6.99578e-13
-1.15478e-12
-9.88422e-13
-7.16809e-13
-4.42138e-13
-2.48139e-13
-1.28335e-13
-6.14971e-14
-2.73131e-14
-1.11478e-14
-4.06702e-15
-1.21547e-15
-1.87281e-16
1.17333e-16
1.6442e-16
1.36097e-16
9.62623e-17
6.33623e-17
4.01389e-17
2.48715e-17
1.52012e-17
9.20186e-18
5.52734e-18
3.29685e-18
1.9512e-18
1.14435e-18
6.64221e-19
3.80743e-19
2.15086e-19
1.1946e-19
6.50619e-20
3.46104e-20
1.79083e-20
8.93431e-21
4.2434e-21
1.8697e-21
7.18317e-22
1.93648e-22
-2.29601e-23
-9.54705e-23
-1.04981e-22
-9.09743e-23
-7.06538e-23
-5.15084e-23
-3.58082e-23
-2.39828e-23
-1.54933e-23
-9.67126e-24
-5.83365e-24
-3.4649e-24
-2.03024e-24
-1.21765e-24
-7.55834e-25
-4.88756e-25
-3.24283e-25
-2.16395e-25
-1.40621e-25
-8.70838e-26
-5.065e-26
-2.75504e-26
-1.39973e-26
-6.60521e-27
-2.8466e-27
-1.07043e-27
-3.01699e-28
-9.55069e-30
7.54124e-29
8.07755e-29
6.22898e-29
4.16223e-29
2.54546e-29
1.45713e-29
7.88698e-30
4.05132e-30
1.97326e-30
9.06321e-31
3.87676e-31
1.50358e-31
4.94655e-32
1.07217e-32
-1.78781e-33
-4.33504e-33
-3.73421e-33
-2.53985e-33
-1.53949e-33
-8.67768e-34
-4.63831e-34
-2.3745e-34
-1.1683e-34
-5.64877e-35
-1.83263e-35
2.69624e-15
5.72999e-14
6.4618e-13
5.09219e-12
3.07613e-11
1.51921e-10
6.50934e-10
2.5174e-09
9.00043e-09
3.01884e-08
9.59041e-08
2.93604e-07
8.79503e-07
2.57306e-06
7.29022e-06
2.0018e-05
5.35337e-05
0.00013922
0.000348689
0.000830744
0.00186613
0.00393433
0.00777643
0.0144353
0.0252413
0.0417221
0.0654283
0.0976913
0.139351
0.190504
0.250329
0.317043
0.387974
0.459896
0.529091
0.591802
0.644892
0.686006
0.713696
0.724592
0.723268
0.714853
0.694004
0.662312
0.620767
0.571136
0.515707
0.457326
0.398468
0.341517
0.288181
0.239634
0.196619
0.159289
0.1276
0.101187
0.0795377
0.0621252
0.04822
0.0373401
0.0288234
0.0222242
0.0171127
0.0131566
0.0100961
0.00772029
0.005877
0.00444401
0.00333083
0.00246951
0.00180521
0.00129857
0.00091557
0.000630187
0.000421242
0.000271258
0.000166309
9.50201e-05
4.83519e-05
1.9253e-05
2.32363e-06
-6.4793e-06
-1.01296e-05
-1.07612e-05
-9.79253e-06
-8.13322e-06
-6.32383e-06
-4.65754e-06
-3.26902e-06
-2.19215e-06
-1.40444e-06
-8.57675e-07
-4.97162e-07
-2.71291e-07
-1.37401e-07
-6.28255e-08
-2.42978e-08
-6.30099e-09
8.0718e-10
2.72665e-09
2.58592e-09
1.90485e-09
1.18671e-09
6.62326e-10
3.3431e-10
1.5183e-10
6.05593e-11
1.94366e-11
2.52209e-12
-1.32006e-12
-1.26805e-12
-1.0115e-12
-7.05059e-13
-4.35612e-13
-2.43462e-13
-1.25266e-13
-5.98424e-14
-2.65876e-14
-1.09007e-14
-4.01384e-15
-1.21897e-15
-1.96825e-16
1.13749e-16
1.65807e-16
1.39358e-16
9.93409e-17
6.54623e-17
4.12166e-17
2.51814e-17
1.50472e-17
8.83228e-18
5.10454e-18
2.90551e-18
1.62981e-18
8.99087e-19
4.87263e-19
2.58758e-19
1.3419e-19
6.75961e-20
3.28412e-20
1.516e-20
6.48185e-21
2.40259e-21
6.10782e-22
-9.71415e-23
-3.19391e-22
-3.4106e-22
-2.92995e-22
-2.30014e-22
-1.7227e-22
-1.25556e-22
-8.98199e-23
-6.33219e-23
-4.40279e-23
-3.01808e-23
-2.03586e-23
-1.34895e-23
-8.75936e-24
-5.61203e-24
-3.5513e-24
-2.25126e-24
-1.42266e-24
-8.89406e-25
-5.4334e-25
-3.19916e-25
-1.79292e-25
-9.46552e-26
-4.69078e-26
-2.17743e-26
-9.3928e-27
-3.68175e-27
-1.2295e-27
-2.68852e-28
5.43505e-29
1.27692e-28
1.16087e-28
8.43477e-29
5.4829e-29
3.31092e-29
1.88625e-29
1.02043e-29
5.25153e-30
2.56712e-30
1.18636e-30
5.13503e-31
2.04393e-31
7.18391e-32
1.98162e-32
1.95354e-33
-2.7182e-33
-2.98601e-33
-2.17664e-33
-1.36356e-33
-7.87491e-34
-4.31628e-34
-2.27634e-34
-1.16253e-34
-5.75259e-35
-2.81505e-35
-9.27919e-36
2.52506e-15
5.14282e-14
5.58963e-13
4.48096e-12
2.75244e-11
1.29315e-10
5.38201e-10
2.0035e-09
6.86479e-09
2.20113e-08
6.74988e-08
1.97833e-07
5.6896e-07
1.62976e-06
4.62567e-06
1.29117e-05
3.54328e-05
9.52961e-05
0.00024872
0.000621733
0.00146765
0.00324783
0.00670653
0.0128953
0.0231924
0.0392078
0.062585
0.0947266
0.136487
0.187904
0.248029
0.314914
0.385755
0.457156
0.52566
0.587913
0.640811
0.682287
0.710252
0.721892
0.720149
0.707289
0.679918
0.63675
0.580674
0.516384
0.448428
0.381349
0.317988
0.260609
0.210188
0.167026
0.13097
0.101379
0.0776251
0.0588851
0.0443263
0.033236
0.0248109
0.0185619
0.013887
0.010425
0.00784583
0.0059196
0.00447473
0.00338102
0.00254989
0.00191389
0.00142517
0.00105036
0.000762123
0.000543339
0.000378009
0.000255015
0.00016526
0.000101107
5.67074e-05
2.71785e-05
8.5305e-06
-2.49573e-06
-8.00509e-06
-9.50576e-06
-9.58787e-06
-8.88718e-06
-7.52179e-06
-5.95732e-06
-4.47711e-06
-3.21504e-06
-2.21332e-06
-1.46057e-06
-9.2261e-07
-5.55645e-07
-3.17036e-07
-1.69194e-07
-8.29294e-08
-3.58921e-08
-1.23577e-08
-1.70343e-09
1.72923e-09
1.94247e-09
1.66151e-09
1.16788e-09
7.05607e-10
3.74134e-10
1.74859e-10
7.11774e-11
2.40016e-11
4.57995e-12
-1.11869e-12
-1.25892e-12
-1.00378e-12
-7.25947e-13
-4.5601e-13
-2.59232e-13
-1.35359e-13
-6.57453e-14
-2.98937e-14
-1.2684e-14
-4.93069e-15
-1.66181e-15
-3.95407e-16
3.1687e-17
1.34873e-16
1.2862e-16
9.5531e-17
6.35639e-17
3.96891e-17
2.37391e-17
1.37453e-17
7.74977e-18
4.26657e-18
2.29627e-18
1.20593e-18
6.17833e-19
3.06974e-19
1.47124e-19
6.72429e-20
2.87047e-20
1.09159e-20
3.21795e-21
1.96311e-22
-7.68073e-22
-9.11185e-22
-7.78325e-22
-5.91796e-22
-4.27773e-22
-3.03043e-22
-2.13908e-22
-1.51407e-22
-1.0816e-22
-7.76607e-23
-5.62076e-23
-4.0702e-23
-2.94984e-23
-2.12597e-23
-1.52244e-23
-1.07856e-23
-7.52081e-24
-5.09879e-24
-3.3731e-24
-2.15839e-24
-1.32312e-24
-7.72413e-25
-4.25755e-25
-2.18388e-25
-1.034e-25
-4.45575e-26
-1.72045e-26
-5.70049e-27
-1.37265e-27
1.58197e-29
3.30097e-28
3.11861e-28
2.2361e-28
1.43464e-28
8.65355e-29
4.99794e-29
2.78009e-29
1.48989e-29
7.67374e-30
3.78271e-30
1.7741e-30
7.8502e-31
3.23447e-31
1.21173e-31
3.91263e-32
9.13937e-33
-1.22265e-34
-2.03266e-33
-1.7979e-33
-1.19597e-33
-7.08477e-34
-3.9529e-34
-2.13e-34
-1.12152e-34
-5.7961e-35
-2.9407e-35
-1.45847e-35
-7.19802e-36
-2.3695e-36
2.33826e-15
4.6781e-14
6.71566e-13
6.65413e-12
6.15751e-11
3.9418e-10
1.82117e-09
6.43093e-09
2.07532e-08
6.29422e-08
1.75442e-07
4.52895e-07
1.14508e-06
2.92813e-06
7.54824e-06
1.93197e-05
4.84469e-05
0.000118136
0.000279923
0.00065069
0.00147727
0.00327868
0.0070131
0.0139217
0.0256923
0.0442753
0.071515
0.108746
0.156395
0.213768
0.279053
0.349441
0.421537
0.491463
0.556443
0.614204
0.662599
0.699976
0.717875
0.71617
0.705121
0.677267
0.626145
0.552957
0.471305
0.390023
0.314316
0.247942
0.191731
0.145829
0.109126
0.0803677
0.0583008
0.0416918
0.029467
0.0206257
0.01433
0.00992958
0.00677317
0.00455493
0.00310636
0.00218708
0.00156755
0.00113103
0.000814685
0.000582241
0.000411504
0.000286174
0.000194374
0.000127981
7.99026e-05
4.6151e-05
2.26876e-05
7.04107e-06
-2.81079e-06
-8.50918e-06
-1.13027e-05
-1.23303e-05
-1.21799e-05
-1.1381e-05
-9.79358e-06
-8.07752e-06
-6.47102e-06
-4.96164e-06
-3.66832e-06
-2.61704e-06
-1.80253e-06
-1.19555e-06
-7.62832e-07
-4.66029e-07
-2.70949e-07
-1.48358e-07
-7.20249e-08
-3.08325e-08
-1.19127e-08
-3.89509e-09
-6.78415e-10
4.64315e-10
8.76787e-10
8.65121e-10
6.33704e-10
3.83952e-10
2.00103e-10
8.58334e-11
3.15739e-11
1.12268e-11
3.92886e-12
1.2002e-12
-9.8919e-14
-4.40028e-13
-3.89297e-13
-2.53808e-13
-1.42227e-13
-7.1184e-14
-3.1572e-14
-1.3892e-14
-6.39993e-15
-3.01066e-15
-1.33715e-15
-4.48039e-16
-6.06731e-17
6.28988e-17
7.6131e-17
5.69503e-17
3.58048e-17
2.05762e-17
1.11993e-17
5.8691e-18
2.98141e-18
1.46926e-18
6.99232e-19
3.1821e-19
1.35522e-19
5.22819e-20
1.65039e-20
2.62398e-21
-1.83552e-21
-2.61649e-21
-2.19826e-21
-1.55627e-21
-1.01036e-21
-6.26597e-22
-3.8076e-22
-2.33129e-22
-1.45496e-22
-9.38006e-23
-6.28542e-23
-4.38938e-23
-3.16111e-23
-2.3633e-23
-1.79809e-23
-1.40463e-23
-1.10288e-23
-8.75077e-24
-6.90748e-24
-5.44173e-24
-4.24311e-24
-3.24288e-24
-2.3135e-24
-1.56102e-24
-9.63415e-25
-5.45234e-25
-2.81936e-25
-1.31106e-25
-5.26834e-26
-1.71236e-26
-3.44428e-27
6.00068e-28
1.19698e-27
8.99058e-28
5.37068e-28
2.90754e-28
1.50528e-28
7.65991e-29
3.87852e-29
1.95681e-29
9.79127e-30
4.82334e-30
2.31129e-30
1.05913e-30
4.56318e-31
1.81181e-31
6.41478e-32
1.87677e-32
3.34124e-33
-8.13627e-34
-1.33276e-33
-9.82019e-34
-5.91002e-34
-3.2533e-34
-1.70816e-34
-8.7092e-35
-4.34644e-35
-2.13233e-35
-1.03158e-35
-4.93175e-36
-2.3304e-36
-1.08229e-36
-5.0404e-37
-1.33793e-37
2.14699e-15
5.59479e-14
2.06722e-12
4.46199e-11
3.97377e-10
2.6799e-09
1.05037e-08
2.81093e-08
8.86849e-08
3.25343e-07
1.0461e-06
2.80549e-06
7.13313e-06
1.82276e-05
4.62735e-05
0.000114145
0.000270333
0.000611716
0.00132773
0.00279103
0.00561034
0.0107045
0.0194246
0.0336956
0.0560282
0.0885425
0.131853
0.186083
0.251858
0.328816
0.408057
0.483799
0.552418
0.610494
0.657087
0.692041
0.711408
0.711131
0.703702
0.681243
0.636188
0.56156
0.463364
0.362547
0.272641
0.197843
0.139412
0.0962621
0.0651721
0.0434512
0.0281743
0.0176102
0.0109801
0.00693073
0.00441869
0.00281123
0.00175873
0.00106633
0.000615162
0.000343053
0.000179636
8.38152e-05
2.93892e-05
-3.93762e-07
-1.59956e-05
-2.37507e-05
-2.68409e-05
-2.71844e-05
-2.60076e-05
-2.40723e-05
-2.18093e-05
-1.9473e-05
-1.72015e-05
-1.50255e-05
-1.28628e-05
-1.08767e-05
-9.11916e-06
-7.49859e-06
-5.81746e-06
-4.34165e-06
-3.08914e-06
-2.09705e-06
-1.34836e-06
-8.64683e-07
-5.54304e-07
-3.50151e-07
-2.16322e-07
-1.29741e-07
-7.52403e-08
-4.1827e-08
-2.20443e-08
-1.07736e-08
-4.68347e-09
-1.55644e-09
-1.04576e-10
4.75452e-10
6.22646e-10
5.72703e-10
4.08141e-10
2.05928e-10
8.95715e-11
4.42517e-11
2.28635e-11
1.16108e-11
5.55465e-12
2.23993e-12
6.32214e-13
9.00335e-14
-5.38783e-14
-7.43512e-14
-5.34254e-14
-3.2443e-14
-1.88698e-14
-1.0588e-14
-5.7433e-15
-2.86594e-15
-1.25204e-15
-4.98847e-16
-1.3086e-16
-1.47563e-18
2.86168e-17
2.64342e-17
1.74829e-17
9.84146e-18
4.99494e-18
2.35315e-18
1.04506e-18
4.38366e-19
1.70752e-19
5.82172e-20
1.42881e-20
-6.29046e-22
-4.16168e-21
-3.8319e-21
-2.6603e-21
-1.61452e-21
-8.97807e-22
-4.67985e-22
-2.30976e-22
-1.09652e-22
-5.05798e-23
-2.41494e-23
-1.17816e-23
-5.97763e-24
-2.93163e-24
-1.20779e-24
-2.41989e-25
2.3508e-25
3.92635e-25
3.50525e-25
2.17074e-25
3.61003e-26
-1.2782e-25
-2.72533e-25
-3.69384e-25
-4.31569e-25
-4.55345e-25
-4.39888e-25
-3.41051e-25
-2.26658e-25
-1.25087e-25
-5.64539e-26
-1.87891e-26
-2.25582e-27
2.81909e-27
2.97317e-27
1.87036e-27
9.19637e-28
3.83774e-28
1.42087e-28
4.85314e-29
1.61071e-29
5.60134e-30
2.20631e-30
1.00186e-30
5.06928e-31
2.57391e-31
1.12204e-31
3.85503e-32
8.22403e-33
-1.29657e-33
-2.78257e-33
-2.04404e-33
-1.15816e-33
-5.86873e-34
-2.86055e-34
-1.38565e-34
-6.61426e-35
-2.96645e-35
-1.14188e-35
-2.90689e-36
5.01308e-37
1.46118e-36
1.41771e-36
1.07322e-36
7.18511e-37
4.44632e-37
2.59189e-37
1.46051e-37
6.19883e-38
2.1126e-15
1.11742e-13
9.31743e-12
5.58201e-10
4.60371e-09
2.71852e-08
7.63361e-08
9.88272e-08
3.07963e-07
2.30924e-06
1.02755e-05
3.0768e-05
8.91639e-05
0.000232112
0.000567436
0.00129631
0.00276151
0.0054999
0.0103834
0.0195313
0.0348677
0.0576429
0.0892802
0.132455
0.192945
0.275183
0.365928
0.457055
0.54264
0.606853
0.658071
0.687574
0.691172
0.689904
0.68561
0.677425
0.661663
0.632526
0.579368
0.492929
0.386881
0.281379
0.188463
0.117952
0.069952
0.0391663
0.0224892
0.0135193
0.00833355
0.00518396
0.00321303
0.00196149
0.00116228
0.000662769
0.000362767
0.000189894
9.35943e-05
4.14713e-05
1.41615e-05
5.1761e-07
-6.14214e-06
-9.26373e-06
-1.06451e-05
-1.14365e-05
-1.19334e-05
-1.17462e-05
-1.09585e-05
-9.92763e-06
-8.77506e-06
-7.54791e-06
-6.25021e-06
-5.01203e-06
-3.85802e-06
-2.86533e-06
-2.03901e-06
-1.39135e-06
-9.08977e-07
-5.53572e-07
-3.15296e-07
-1.63744e-07
-7.59826e-08
-3.10824e-08
-1.05968e-08
-1.62438e-09
2.05176e-09
3.27285e-09
3.39324e-09
3.06038e-09
2.57347e-09
2.06768e-09
1.59982e-09
1.18668e-09
8.27755e-10
5.15238e-10
2.45524e-10
9.86421e-11
5.3167e-11
3.48671e-11
2.13708e-11
1.20958e-11
6.3341e-12
3.0963e-12
1.45055e-12
6.57934e-13
2.90863e-13
1.26424e-13
5.36875e-14
1.80309e-14
2.91631e-16
-2.24373e-15
-1.25245e-15
-7.43568e-16
-4.52749e-16
-2.75387e-16
-1.74594e-16
-1.1037e-16
-3.53702e-17
7.24952e-18
1.46703e-17
9.91148e-18
4.66718e-18
1.69758e-18
4.4939e-19
4.14653e-20
-4.84749e-20
-4.56939e-20
-2.82057e-20
-1.51608e-20
-7.66488e-21
-3.77738e-21
-1.79526e-21
-8.21989e-22
-3.3373e-22
-1.21338e-22
-3.3156e-23
-1.74312e-24
6.51725e-24
6.4799e-24
4.65901e-24
3.02032e-24
1.91591e-24
1.43096e-24
1.08216e-24
9.82313e-25
8.81008e-25
8.23482e-25
7.61929e-25
7.16378e-25
6.48758e-25
5.94482e-25
5.20567e-25
4.56e-25
3.8195e-25
3.1472e-25
2.48273e-25
1.89856e-25
1.38173e-25
9.27429e-26
5.4957e-26
2.92371e-26
1.62076e-26
9.10578e-27
4.8416e-27
2.25801e-27
8.36983e-28
1.98837e-28
-8.68291e-30
-3.92483e-29
-2.53003e-29
-1.14574e-29
-4.33165e-30
-1.46517e-30
-4.58093e-31
-1.3299e-31
-3.39899e-32
-2.01568e-32
-2.76908e-32
-2.21961e-32
-1.33533e-32
-6.64968e-33
-2.87475e-33
-1.09488e-33
-3.68427e-34
-1.09741e-34
-2.85259e-35
-5.49271e-36
6.14934e-37
2.03574e-36
2.08449e-36
1.72035e-36
1.28232e-36
8.96284e-37
5.97024e-37
3.81901e-37
2.35608e-37
1.40641e-37
8.14631e-38
4.57733e-38
2.53799e-38
1.00673e-38
2.5747e-15
2.78242e-13
4.45667e-11
3.96848e-09
1.83728e-07
6.37218e-07
1.68783e-06
6.67989e-06
2.6949e-05
9.53415e-05
0.000293216
0.000798214
0.00424882
0.0110327
0.0215267
0.0371646
0.0586591
0.0849548
0.116031
0.166255
0.24208
0.336451
0.43842
0.534747
0.606378
0.618736
0.614834
0.603741
0.585259
0.559575
0.518812
0.463863
0.413879
0.374942
0.342306
0.310595
0.272382
0.219812
0.162021
0.105669
0.0621818
0.0352966
0.0196263
0.0109345
0.00616791
0.00351715
0.00197769
0.00109076
0.000588499
0.000311422
0.000161202
8.10321e-05
3.90832e-05
1.76832e-05
7.15352e-06
2.23771e-06
1.32793e-07
-7.26533e-07
-1.08018e-06
-1.38411e-06
-1.47008e-06
-1.40105e-06
-1.22854e-06
-1.00269e-06
-7.22097e-07
-4.78466e-07
-3.22613e-07
-2.14327e-07
-1.33258e-07
-7.54865e-08
-3.4473e-08
-1.13232e-08
-2.16681e-09
1.55859e-09
3.62606e-09
4.52505e-09
4.60745e-09
4.23346e-09
3.6365e-09
2.98863e-09
2.38554e-09
1.86334e-09
1.41046e-09
9.87088e-10
5.91809e-10
3.82853e-10
2.65228e-10
1.73964e-10
1.07101e-10
6.20234e-11
3.40082e-11
1.76895e-11
8.7465e-12
4.08343e-12
1.78203e-12
7.08549e-13
2.41753e-13
5.38103e-14
-1.22846e-14
-2.78612e-14
-2.55077e-14
-1.83358e-14
-1.1318e-14
-6.2434e-15
-3.11159e-15
-1.38865e-15
-5.43764e-16
-1.24476e-16
1.53416e-16
4.77938e-18
-4.55992e-18
-5.79636e-18
7.84058e-19
1.22196e-17
3.00802e-17
3.97054e-17
1.84486e-17
7.4857e-18
2.3224e-18
3.53022e-19
-1.93476e-19
-2.31497e-19
-1.48961e-19
-7.55621e-20
-3.30903e-20
-1.29929e-20
-4.71602e-21
-1.59198e-21
-4.89925e-22
-1.2972e-22
-2.22324e-23
3.46001e-24
6.60153e-24
4.9941e-24
2.8674e-24
1.67027e-24
8.8155e-25
5.0028e-25
2.66145e-25
1.72167e-25
9.61855e-26
6.71623e-26
4.36758e-26
3.59003e-26
2.94306e-26
2.71165e-26
2.49762e-26
2.52021e-26
2.46589e-26
2.67509e-26
2.73766e-26
2.99014e-26
3.03254e-26
3.12871e-26
3.02434e-26
2.9029e-26
2.67088e-26
2.22643e-26
1.16519e-26
5.01314e-27
1.70195e-27
3.53641e-28
-5.97661e-29
-1.15114e-28
-7.37996e-29
-3.03572e-29
-8.35551e-30
-1.2759e-30
1.07563e-31
1.4991e-31
6.1604e-32
1.76844e-32
3.9522e-33
5.21826e-34
-1.01519e-33
-2.34908e-33
-1.84652e-33
-1.09573e-33
-5.13583e-34
-1.92381e-34
-5.6209e-35
-1.0885e-35
2.22852e-37
1.56998e-36
1.10329e-36
6.45329e-37
3.82939e-37
2.39269e-37
1.52617e-37
9.50504e-38
5.60031e-38
3.07218e-38
1.55824e-38
7.26343e-39
3.06687e-39
1.12689e-39
3.14679e-40
1.96848e-41
-5.95545e-41
-9.17621e-41
3.42148e-15
7.75237e-13
2.27983e-10
3.20168e-08
1.73751e-06
4.3453e-05
0.000582863
0.0047373
0.0203798
0.047819
0.0682609
0.0798724
0.0897475
0.11806
0.181733
0.280818
0.396741
0.48061
0.48987
0.474391
0.436774
0.374465
0.281031
0.177648
0.109234
0.0822253
0.0701559
0.0615403
0.0535225
0.0452099
0.0373778
0.0310191
0.0255787
0.0213426
0.0173811
0.0135647
0.00865656
0.00363221
0.001375
0.000550554
0.000209364
6.81365e-05
1.03429e-05
-1.13534e-05
-1.74174e-05
-1.67959e-05
-1.34077e-05
-9.3901e-06
-5.94161e-06
-3.43121e-06
-1.81243e-06
-8.72599e-07
-3.84574e-07
-1.59498e-07
-6.87954e-08
-4.13744e-08
-4.60203e-08
-4.69155e-08
-3.97443e-08
-2.38524e-08
-3.1511e-09
-1.97342e-09
-1.18881e-09
-5.81661e-10
7.01034e-11
6.15206e-10
8.81927e-10
9.95362e-10
1.00085e-09
9.66969e-10
8.826e-10
7.86878e-10
6.83453e-10
5.79262e-10
4.5565e-10
3.4467e-10
2.52775e-10
1.72413e-10
1.0896e-10
6.10655e-11
2.98983e-11
1.3124e-11
5.48514e-12
2.27844e-12
9.2638e-13
3.37201e-13
7.51666e-14
-3.25217e-14
-6.40202e-14
-6.2583e-14
-4.98612e-14
-3.51644e-14
-2.25716e-14
-1.33239e-14
-7.34211e-15
-3.86309e-15
-1.91307e-15
-8.81223e-16
-4.00672e-16
-1.91511e-16
-8.0356e-17
-2.60732e-17
-8.80195e-19
8.93401e-18
5.14295e-18
-1.14075e-17
-1.54648e-17
-4.64093e-19
1.87407e-17
1.98556e-17
1.37692e-17
9.348e-18
6.62809e-18
5.0211e-18
3.98778e-18
2.37517e-18
8.00531e-19
1.26307e-19
-5.59841e-20
-6.2357e-20
-3.55083e-20
-1.56198e-20
-5.68329e-21
-1.71764e-21
-3.98225e-22
-4.15479e-23
2.62084e-23
2.61061e-23
1.60563e-23
8.48241e-24
4.02096e-24
1.79528e-24
6.96879e-25
2.56193e-25
6.87104e-26
7.61802e-27
-9.76187e-27
-1.13378e-26
-8.34255e-27
-5.55514e-27
-3.3476e-27
-2.37249e-27
-1.67834e-27
-1.67653e-27
-1.66989e-27
-1.8968e-27
-2.03729e-27
-2.29106e-27
-2.28295e-27
-2.38538e-27
-2.17208e-27
-2.03799e-27
-1.67106e-27
-1.33841e-27
-9.20491e-28
-5.32294e-28
-1.54311e-28
1.27738e-28
5.53771e-29
-2.00562e-29
-3.58764e-29
-2.06491e-29
-5.81869e-30
5.94055e-31
1.53312e-30
7.82024e-31
2.32383e-31
4.4232e-32
4.48816e-33
-3.04244e-34
-2.42629e-34
-5.45715e-35
3.3765e-36
3.11461e-35
3.93401e-35
1.52695e-35
2.963e-35
3.12285e-35
2.07226e-35
1.03415e-35
4.2219e-36
1.46249e-36
4.43695e-37
1.24401e-37
3.49724e-38
1.04635e-38
2.89958e-39
2.02794e-41
-1.23172e-39
-1.71335e-39
-1.76364e-39
-1.57789e-39
-1.28678e-39
-9.78683e-40
-7.06578e-40
-4.92786e-40
-3.38412e-40
-2.3275e-40
-1.57972e-40
-6.72291e-41
4.9239e-15
2.65073e-12
1.38326e-09
2.77726e-07
1.90076e-05
0.000526823
0.00685942
0.0691555
0.286818
0.457824
0.46061
0.360493
0.171419
0.0435489
0.0144726
0.00911
0.00504676
0.00261466
0.00137607
0.000870929
0.000689862
0.00051748
0.000275583
7.95253e-05
2.59641e-05
1.6775e-05
1.30175e-05
9.46625e-06
5.29257e-06
5.31807e-07
-4.53429e-06
-9.84234e-06
-1.58012e-05
-2.26025e-05
-2.87286e-05
-3.26572e-05
-2.77576e-05
-1.70262e-05
-9.70225e-06
-4.81028e-06
-1.88989e-06
-6.48164e-07
-2.61469e-07
-1.46007e-07
-9.35709e-08
-9.05162e-08
-1.10186e-07
-1.15244e-07
-1.02745e-07
-7.82141e-08
-4.98961e-08
-2.8093e-08
-1.35657e-08
-5.83397e-09
-2.20417e-09
-7.72746e-10
-2.88783e-10
-1.76389e-11
-1.15204e-11
-4.57531e-12
5.87541e-12
8.31825e-12
1.12891e-11
1.56216e-11
1.68784e-11
1.76677e-11
1.56168e-11
1.45727e-11
1.08072e-11
7.55682e-12
4.26166e-12
2.31299e-12
9.21209e-13
5.41103e-13
3.63579e-13
2.231e-13
1.23376e-13
5.31401e-14
1.8608e-14
3.56312e-15
-2.03303e-15
-3.46978e-15
-3.25757e-15
-2.53323e-15
-1.73846e-15
-1.08238e-15
-5.93692e-16
-2.69964e-16
-1.15309e-16
-4.45148e-17
-1.73237e-17
-6.18528e-18
-5.74407e-19
4.61933e-18
1.10868e-17
2.16398e-17
1.91907e-17
7.94594e-18
3.61307e-18
1.4828e-18
5.99448e-19
3.01653e-19
4.78595e-19
1.11714e-18
2.0001e-18
2.02113e-18
9.87843e-19
2.93049e-19
3.99839e-20
2.51238e-19
2.27767e-19
1.51231e-19
4.10671e-20
-6.47979e-20
-1.39911e-19
-1.14973e-19
-5.2127e-20
-2.01729e-20
-5.92977e-21
-8.09297e-22
4.63308e-22
4.88107e-22
2.81824e-22
1.27518e-22
4.96148e-23
1.72973e-23
5.60736e-24
1.69599e-24
4.62499e-25
1.00426e-25
7.34625e-27
-9.5462e-27
-8.68098e-27
-5.38694e-27
-2.7723e-27
-1.42439e-27
-6.73231e-28
-3.43247e-28
-1.7326e-28
-1.14097e-28
-6.55712e-29
-4.97779e-29
-3.46086e-29
-3.2071e-29
-2.91027e-29
-3.04512e-29
-3.12054e-29
-3.51014e-29
-3.55676e-29
-4.1409e-29
-4.09627e-29
-4.74317e-29
-4.54856e-29
-4.94216e-29
-4.43233e-29
-4.34244e-29
-3.88556e-29
-2.50847e-29
-1.9968e-30
7.06363e-32
2.2519e-31
2.01008e-31
9.19125e-32
1.58076e-32
-5.79847e-33
-4.30139e-33
-1.27153e-33
-2.33451e-34
-2.69477e-35
-1.0983e-36
3.71966e-37
2.8528e-37
1.32475e-37
2.30732e-37
1.14815e-36
2.1033e-36
1.75919e-36
1.04448e-36
4.70807e-37
1.64633e-37
4.41288e-38
8.23481e-39
5.34041e-40
-3.8226e-40
-2.60182e-40
-1.36067e-40
-7.94903e-41
-5.65586e-41
-4.59842e-41
-3.85625e-41
-3.11292e-41
-2.34931e-41
-1.64438e-41
-1.09091e-41
-7.09437e-42
-4.6508e-42
-3.20087e-42
-2.43194e-42
-1.94349e-42
-7.58639e-43
)
;

boundaryField
{
    inlet
    {
        type            uniformFixedValue;
        uniformValue    table;
        uniformValueCoeffs
        {
            values          
4
(
(0 1)
(0.15 1)
(0.151 0)
(1 0)
)
;
        }
        value           uniform 0;
    }
    outlet
    {
        type            inletOutlet;
        inletValue      uniform 0;
        value           nonuniform List<scalar> 
20
(
0
0
0
-4.35529e-42
4.10193e-42
8.76145e-39
2.75923e-38
-5.79429e-37
-4.41602e-36
-1.32025e-35
-2.0632e-35
-1.83263e-35
-9.27919e-36
-2.3695e-36
-1.33793e-37
6.19883e-38
1.00673e-38
0
0
0
)
;
    }
    walls
    {
        type            zeroGradient;
    }
    frontAndBack
    {
        type            empty;
    }
}


// ************************************************************************* //
