/*--------------------------------*- C++ -*----------------------------------*\
| =========                 |                                                 |
| \\      /  F ield         | OpenFOAM: The Open Source CFD Toolbox           |
|  \\    /   O peration     | Version:  2506                                  |
|   \\  /    A nd           | Website:  www.openfoam.com                      |
|    \\/     M anipulation  |                                                 |
\*---------------------------------------------------------------------------*/
FoamFile
{
    version     2.0;
    format      ascii;
    arch        "LSB;label=32;scalar=64";
    class       volScalarField;
    location    "1.36063";
    object      s;
}
// * * * * * * * * * * * * * * * * * * * * * * * * * * * * * * * * * * * * * //

dimensions      [0 0 0 0 0 0 0];

internalField   nonuniform List<scalar> 
4000
(
1.77701e-17
-5.52026e-17
-1.28549e-16
-9.85321e-12
-9.57409e-10
2.42245e-08
3.553e-06
9.23938e-05
0.0011238
0.0126394
0.0853587
0.22976
0.314836
0.317119
0.271693
0.162708
0.0539688
0.00905148
0.00391687
0.00306207
0.00214591
0.00140912
0.000902994
0.000583377
0.000385336
0.000259673
0.000176927
0.000115043
6.62209e-05
3.61431e-05
1.46188e-05
8.06341e-06
4.90469e-06
3.44009e-06
2.92073e-06
2.28023e-06
3.5857e-07
-1.86191e-06
-4.0077e-06
-6.46378e-06
-9.7223e-06
-8.09092e-06
-6.27247e-06
-6.27116e-06
-7.83939e-06
-9.73068e-06
-1.10683e-05
-1.27196e-05
-1.33997e-05
-1.35828e-05
-1.34393e-05
-1.27206e-05
-1.17001e-05
-1.01537e-05
-8.30512e-06
-6.34411e-06
-4.49864e-06
-2.92225e-06
-1.68616e-06
-8.63573e-07
-3.78267e-07
-1.44062e-07
-4.87709e-08
-1.5379e-08
-5.83879e-09
-3.32808e-09
-2.45995e-09
-1.71624e-09
-1.06487e-09
-5.72657e-10
-2.69238e-10
-1.12488e-10
-4.1891e-11
-1.413e-11
-4.33972e-12
-1.21595e-12
-3.14098e-13
-7.55161e-14
-1.74419e-14
-3.9408e-15
-1.06527e-15
-3.10337e-16
-8.903e-17
-2.23371e-17
-5.7369e-18
6.67651e-18
1.31508e-18
4.33539e-19
5.61765e-19
8.73963e-19
7.99644e-19
3.2112e-19
3.36636e-20
2.35015e-20
9.52042e-21
-8.96272e-21
-8.68566e-20
-2.23582e-19
-2.92708e-19
-3.46307e-19
-7.07048e-19
-5.81247e-19
-1.38714e-18
-3.35933e-18
-5.09645e-18
-7.79456e-18
-1.0078e-17
-1.16604e-17
3.07487e-18
3.98192e-17
1.13049e-16
2.33324e-16
3.98559e-16
4.63169e-16
3.45313e-16
2.22797e-16
3.03091e-17
-6.73987e-17
-1.18854e-16
-1.55975e-16
-1.52955e-16
-1.09978e-16
-6.81205e-17
-3.48401e-17
-1.75732e-17
-6.55669e-18
-1.0566e-18
-3.00576e-19
3.1583e-18
2.9203e-18
1.76202e-18
8.63973e-19
3.91967e-19
1.11756e-19
2.12622e-20
-8.83044e-21
-5.37257e-20
-5.79278e-20
-4.83105e-20
-2.88328e-20
-1.16159e-20
-1.15913e-21
4.33921e-21
5.99023e-21
5.0587e-21
2.375e-21
-3.59878e-23
-1.37552e-21
-1.46238e-21
-8.36974e-22
-1.99858e-22
8.56553e-23
9.9148e-23
3.52341e-23
1.71721e-24
-3.9285e-24
-1.84763e-24
-2.45632e-25
-7.92642e-26
-3.37251e-25
4.58192e-26
5.91118e-26
-5.12967e-26
-5.75242e-25
-1.78188e-24
-3.62341e-24
-6.40375e-24
-9.82853e-24
-1.26542e-23
-9.28686e-24
-5.84484e-24
-2.92882e-24
-1.09238e-24
-2.83987e-25
-4.55233e-26
-2.74277e-27
1.7637e-28
-9.66782e-30
5.05417e-31
7.12437e-32
6.30878e-32
5.65118e-32
4.89661e-32
4.15987e-32
2.68823e-32
9.21097e-33
-7.22129e-33
-1.58247e-32
-1.3879e-32
-4.76082e-33
7.88518e-35
1.80448e-36
-6.96664e-37
-2.0413e-37
-6.23933e-38
9.11502e-40
1.52228e-38
1.29804e-38
8.00685e-39
2.16128e-39
6.86992e-18
-4.17617e-18
-5.22749e-17
-1.83011e-13
6.42856e-12
4.08355e-09
2.72595e-07
7.70762e-06
9.5921e-05
0.000746287
0.00363728
0.0103426
0.019456
0.025193
0.0292645
0.0330491
0.0377308
0.0466826
0.0600547
0.0786723
0.108157
0.156262
0.2252
0.299238
0.335168
0.335011
0.313373
0.252982
0.15998
0.0717301
0.0290939
0.0174026
0.0137816
0.0139184
0.0150511
0.0151525
0.013196
0.0114837
0.012827
0.0176469
0.0261179
0.0339063
0.0375293
0.0381217
0.0361976
0.033085
0.0299552
0.0257831
0.0220277
0.0181729
0.0140695
0.0107531
0.00781941
0.00556467
0.00384159
0.0025664
0.00163778
0.000982049
0.000561658
0.000297573
0.000148027
6.92753e-05
3.00227e-05
1.14474e-05
2.78062e-06
-8.56282e-07
-1.85882e-06
-1.7547e-06
-1.2478e-06
-7.11597e-07
-3.41447e-07
-1.42035e-07
-5.21946e-08
-1.70848e-08
-5.01365e-09
-1.32085e-09
-3.1201e-10
-6.7453e-11
-1.49181e-11
-3.95661e-12
-1.54883e-12
-6.09046e-13
-2.2101e-13
-6.38275e-14
-1.45958e-14
-2.75954e-15
-4.90162e-16
-1.09981e-16
-3.31643e-17
-9.82717e-18
-2.49961e-18
1.22447e-18
6.51124e-18
1.18612e-18
2.68179e-18
4.10542e-18
2.43386e-18
-2.49087e-18
-5.23505e-19
5.78983e-18
1.12561e-17
-9.25839e-18
-6.68442e-17
-1.73961e-16
-2.63621e-16
-2.56732e-16
9.77715e-16
5.77143e-15
1.57598e-14
3.23672e-14
5.56944e-14
8.49972e-14
1.17009e-13
1.2599e-13
1.08329e-13
8.43156e-14
4.63897e-14
2.62523e-14
1.25615e-14
2.26817e-16
-6.30238e-15
-6.58043e-15
-4.6916e-15
-2.84016e-15
-1.52163e-15
-7.48401e-16
-3.45007e-16
-1.48619e-16
-6.69032e-17
-2.42429e-17
-6.78316e-19
9.41906e-18
1.67298e-17
1.96324e-17
1.86025e-17
1.88456e-17
1.42531e-17
9.33883e-18
5.70127e-18
3.12081e-18
1.24643e-18
-2.53995e-20
-6.72993e-19
-7.70701e-19
-5.43999e-19
-2.21377e-19
2.01865e-20
1.26081e-19
1.20206e-19
6.12587e-20
7.0344e-21
-1.48132e-20
-1.1918e-20
-3.51883e-21
5.91266e-22
9.30552e-22
3.63782e-22
5.45605e-23
-1.66715e-24
-1.50264e-24
-4.13775e-24
-1.12615e-23
-1.14881e-23
3.4234e-23
1.85895e-22
4.8827e-22
8.35572e-22
1.27493e-21
1.1707e-21
7.18079e-22
3.31098e-22
1.13799e-22
2.64827e-23
2.54645e-24
-7.99416e-25
-3.90496e-25
-6.79498e-26
-1.93839e-27
2.92488e-28
8.26856e-29
7.26364e-29
6.34172e-29
5.94012e-29
5.70934e-29
5.51053e-29
4.67222e-29
2.99207e-29
1.47952e-29
5.38559e-30
1.24154e-30
1.01406e-31
-4.35961e-33
8.47058e-34
3.66272e-34
9.77361e-35
-1.03704e-37
-1.64352e-35
-1.19599e-35
-6.01443e-36
-1.35436e-36
-4.2944e-18
2.39926e-17
-7.68432e-17
-5.17985e-15
1.96627e-12
3.23863e-10
1.09266e-08
4.73152e-10
4.50819e-08
4.86628e-07
1.53988e-06
3.79336e-06
7.43249e-06
1.17869e-05
2.54401e-05
8.66641e-05
0.00110761
0.00282995
0.00490176
0.00775637
0.0121341
0.019242
0.030647
0.047414
0.0676614
0.090198
0.118683
0.152462
0.18793
0.224284
0.269178
0.310055
0.317622
0.30638
0.284413
0.252284
0.212049
0.19009
0.190427
0.204041
0.225432
0.243912
0.255461
0.261869
0.264041
0.263331
0.261457
0.257311
0.252428
0.246582
0.238876
0.229876
0.217173
0.20264
0.184621
0.164079
0.141046
0.115243
0.0896527
0.06477
0.0447693
0.0297231
0.0190179
0.0118603
0.00708901
0.00410977
0.0022567
0.00118124
0.000585232
0.000276679
0.000125806
5.52118e-05
2.33723e-05
9.51873e-06
3.70688e-06
1.37253e-06
4.74627e-07
1.49342e-07
4.03333e-08
8.22922e-09
4.95615e-10
-5.69909e-10
-3.65009e-10
-1.38139e-10
-3.76512e-11
-8.31972e-12
-1.74337e-12
-4.51199e-13
-1.55832e-13
-4.86444e-14
-1.44942e-14
-4.04737e-15
-1.05142e-15
-2.21986e-16
3.96329e-17
2.42218e-16
1.15667e-15
2.62224e-15
4.45536e-15
6.41964e-15
1.39945e-14
1.62406e-14
2.14964e-14
4.27911e-14
1.0324e-13
2.33037e-13
5.25676e-13
1.20843e-12
2.29177e-12
3.80964e-12
5.53577e-12
7.34507e-12
9.12883e-12
9.59028e-12
8.65987e-12
7.18128e-12
4.83977e-12
3.4787e-12
2.47016e-12
1.48984e-12
7.5509e-13
3.64746e-13
1.71864e-13
7.59614e-14
2.97122e-14
9.52752e-15
1.7866e-15
-6.36238e-16
-1.08075e-15
-9.47508e-16
-7.05552e-16
-4.95247e-16
-3.04903e-16
-1.53023e-16
-6.96903e-17
-8.74629e-18
1.56337e-17
2.5736e-17
3.20326e-17
3.65442e-17
3.93534e-17
3.89317e-17
3.38037e-17
2.48479e-17
1.38036e-17
4.04589e-18
-1.62202e-18
-3.29332e-18
-2.47481e-18
-8.87902e-19
2.70166e-19
6.36296e-19
4.27496e-19
1.18408e-19
-3.72393e-20
-5.06779e-20
-2.20335e-20
-4.28777e-21
5.31348e-23
1.30718e-22
-1.67218e-23
2.47094e-22
1.52297e-21
4.70089e-21
1.01007e-20
1.46171e-20
1.4881e-20
1.23904e-20
8.62645e-21
5.55802e-21
3.32481e-21
1.74831e-21
7.65756e-22
2.65686e-22
6.8052e-23
1.07641e-23
1.23355e-25
-4.41327e-25
-1.22518e-25
-3.29441e-26
-1.57975e-26
-9.77137e-27
-7.03686e-27
-5.13597e-27
-3.21035e-27
-1.64536e-27
-6.1645e-28
-1.00914e-28
6.54745e-29
6.7375e-29
3.00025e-29
5.43464e-30
-3.39214e-31
-1.91877e-31
-4.36051e-32
-5.00823e-34
5.12553e-33
3.35514e-33
1.52834e-33
3.49429e-34
-1.29893e-17
4.93414e-17
-1.41398e-16
6.48652e-17
2.83492e-13
1.99992e-11
4.40709e-11
-2.02176e-09
-1.86315e-08
-1.21141e-07
-4.4559e-07
-8.7867e-07
-1.06546e-06
-8.25247e-07
-2.99031e-07
4.08505e-07
1.95064e-06
3.20405e-06
5.52471e-06
1.0703e-05
2.30072e-05
5.25788e-05
0.000122716
0.000285172
0.000652602
0.00156395
0.0050849
0.0123417
0.0248621
0.0428722
0.068879
0.107473
0.152619
0.20502
0.258422
0.305929
0.341051
0.348273
0.34756
0.34704
0.34539
0.344798
0.346668
0.350965
0.358103
0.367413
0.378099
0.390523
0.403066
0.415326
0.427252
0.436769
0.443598
0.448653
0.450236
0.44771
0.438475
0.419749
0.391593
0.348338
0.297516
0.241573
0.184754
0.131745
0.0861045
0.0533673
0.0316868
0.0184561
0.0106496
0.00610635
0.00347795
0.00194295
0.00105528
0.000557288
0.000285707
0.000142886
6.96025e-05
3.25718e-05
1.45169e-05
6.11711e-06
2.43346e-06
9.03394e-07
3.0928e-07
9.60787e-08
2.59457e-08
5.53101e-09
5.6058e-10
-2.52814e-10
-2.125e-10
-8.95217e-11
-3.42559e-11
-1.14062e-11
-3.48058e-12
-9.97168e-13
-2.69565e-13
-6.52409e-14
-6.52853e-15
3.22474e-14
1.59154e-13
4.90167e-13
9.66552e-13
1.81486e-12
3.82494e-12
7.73029e-12
1.44652e-11
2.58967e-11
4.4405e-11
7.29734e-11
1.09343e-10
1.48258e-10
1.8873e-10
2.24546e-10
2.54363e-10
2.66759e-10
2.57466e-10
2.32932e-10
2.0219e-10
1.61463e-10
1.2766e-10
9.31357e-11
6.27508e-11
4.12602e-11
2.62231e-11
1.59167e-11
9.15829e-12
5.02536e-12
2.6478e-12
1.34717e-12
6.67196e-13
3.23948e-13
1.54412e-13
7.3141e-14
3.33615e-14
1.32294e-14
2.18806e-15
-3.77117e-15
-3.85931e-15
-3.15313e-15
-2.378e-15
-1.7097e-15
-1.1883e-15
-8.00767e-16
-5.22415e-16
-3.24013e-16
-1.32283e-16
-5.71141e-19
4.91946e-17
4.63365e-17
2.00297e-17
-4.40261e-18
-1.45686e-17
-1.386e-17
-7.75564e-18
-2.06384e-18
6.904e-19
1.02178e-18
5.0125e-19
1.11193e-19
-6.93879e-21
-1.13175e-20
-2.65098e-21
3.05243e-21
1.10672e-20
1.85287e-20
2.55156e-21
-4.84853e-20
-1.03804e-19
-1.23983e-19
-1.01476e-19
-6.37854e-20
-3.19102e-20
-1.24096e-20
-3.32994e-21
-2.62595e-22
3.0528e-22
2.06735e-22
7.66435e-23
1.86691e-23
2.54685e-24
-1.99473e-25
-3.45997e-25
-2.61445e-25
-2.00133e-25
-1.5e-25
-1.05307e-25
-6.76124e-26
-3.88913e-26
-1.95505e-26
-8.28272e-27
-2.74562e-27
-5.76602e-28
6.09309e-30
4.46129e-29
1.54164e-29
2.31241e-30
-7.06304e-31
-7.70346e-31
-4.01906e-31
-1.58054e-31
-3.05522e-32
-5.43894e-18
1.83462e-17
-3.41581e-17
1.77018e-17
2.62385e-14
2.05864e-12
-4.89508e-12
-1.53222e-10
-1.2163e-09
-8.13851e-09
-3.70619e-08
-7.24547e-08
-8.03307e-08
-6.34184e-08
-3.30128e-08
1.87721e-08
2.19048e-08
2.13881e-08
7.0038e-08
1.92865e-07
4.56711e-07
1.03696e-06
2.34847e-06
5.35462e-06
1.2281e-05
2.84333e-05
6.57378e-05
0.000149814
0.000337381
0.000755066
0.00194226
0.00647706
0.0161169
0.0335281
0.0591317
0.0888086
0.116218
0.138102
0.153574
0.163374
0.165005
0.16398
0.165058
0.169562
0.178396
0.191226
0.206857
0.2262
0.248136
0.272841
0.300512
0.330547
0.364827
0.399616
0.427644
0.448539
0.469266
0.488805
0.503757
0.518462
0.515913
0.50065
0.471273
0.424484
0.358881
0.285748
0.212567
0.147987
0.0958168
0.0597668
0.0363417
0.0219752
0.0133322
0.00811825
0.00492602
0.00298727
0.00176296
0.000996727
0.0005371
0.000275632
0.00013567
6.32455e-05
2.74636e-05
1.10062e-05
4.04261e-06
1.34141e-06
3.89512e-07
9.07159e-08
1.13376e-08
-3.79307e-09
-3.89463e-09
-1.84183e-09
-6.61829e-10
-2.55021e-10
-8.71698e-11
-2.8e-11
-9.16546e-12
-4.35334e-12
-5.59614e-12
2.74639e-12
4.40727e-12
8.89994e-13
1.70531e-11
5.21526e-11
1.11793e-10
2.09793e-10
3.55019e-10
5.51943e-10
7.89602e-10
9.70376e-10
1.18458e-09
1.39753e-09
1.59264e-09
1.68611e-09
1.61508e-09
1.42321e-09
1.19986e-09
1.01436e-09
8.29672e-10
6.66933e-10
5.13322e-10
3.8143e-10
2.71279e-10
1.83811e-10
1.18864e-10
7.38456e-11
4.42964e-11
2.57317e-11
1.44751e-11
7.82536e-12
3.95352e-12
1.79756e-12
6.82795e-13
1.71611e-13
-2.23527e-14
-6.89301e-14
-6.36308e-14
-4.67977e-14
-3.32554e-14
-2.413e-14
-1.77163e-14
-1.27434e-14
-8.72527e-15
-5.52172e-15
-3.2366e-15
-1.72984e-15
-8.30399e-16
-3.39621e-16
-1.31852e-17
2.06235e-16
2.27473e-16
1.63385e-16
8.19847e-17
2.24289e-17
-3.90078e-18
-7.43347e-18
-3.39156e-18
-1.89455e-19
6.04872e-19
3.76341e-19
1.18476e-19
3.11176e-20
-2.73503e-20
-2.59239e-19
-7.05416e-19
-1.1044e-18
-1.25898e-18
-1.10527e-18
-8.13323e-19
-5.32897e-19
-3.15616e-19
-1.67763e-19
-7.8584e-20
-3.15369e-20
-1.03253e-20
-2.44421e-21
-2.05216e-22
1.68521e-22
1.22429e-22
5.49793e-23
2.17425e-23
9.06462e-24
4.26556e-24
2.13113e-24
1.02543e-24
4.33638e-25
1.36984e-25
9.21379e-27
-3.00298e-26
-3.04151e-26
-1.93342e-26
-9.07443e-27
-3.00574e-27
-6.0371e-28
1.81123e-29
8.81067e-29
5.16874e-29
2.03441e-29
5.82969e-30
2.54603e-31
1.06707e-18
-3.20165e-18
1.2468e-18
-9.98494e-17
7.66473e-16
-2.38672e-14
-5.08146e-12
-2.82771e-11
-1.88748e-10
-1.04336e-09
-2.59969e-09
-2.74668e-09
-2.5644e-09
-1.65099e-09
-1.31059e-09
-4.78246e-10
-4.42651e-10
-1.40343e-09
-1.58662e-09
-2.94426e-10
4.27239e-09
1.76105e-08
5.42123e-08
1.5047e-07
3.95522e-07
1.01233e-06
2.46382e-06
5.90127e-06
1.3965e-05
3.30711e-05
7.98315e-05
0.000195575
0.000456145
0.0010814
0.00315171
0.00720161
0.0123496
0.017462
0.0216243
0.024493
0.0255383
0.0260452
0.0269603
0.0286001
0.0312842
0.0351074
0.0400504
0.0466267
0.0548495
0.065148
0.078013
0.093655
0.114128
0.141016
0.177224
0.218928
0.265189
0.315268
0.36539
0.416274
0.459861
0.496742
0.51201
0.53166
0.532855
0.5156
0.479701
0.42481
0.355063
0.28119
0.212044
0.152567
0.105387
0.0704789
0.04642
0.0301815
0.0193367
0.0122893
0.00774054
0.00480326
0.00290485
0.00165802
0.00087663
0.000429896
0.000198767
8.64991e-05
3.48282e-05
1.27708e-05
4.2045e-06
1.20759e-06
2.75204e-07
2.87595e-08
-1.69991e-08
-1.52895e-08
-7.52991e-09
-2.92738e-09
-2.19941e-09
-1.87854e-09
-1.54567e-09
-4.54653e-10
-8.5776e-10
-1.62617e-09
-1.91476e-09
-2.38447e-09
-3.03592e-09
-3.82637e-09
-4.91995e-09
-6.64478e-09
-8.6613e-09
-1.21348e-08
-1.40361e-08
-1.39483e-08
-1.20603e-08
-9.63134e-09
-7.28571e-09
-4.62464e-09
-2.04367e-09
-3.32102e-11
9.88849e-10
1.27242e-09
1.16775e-09
9.17891e-10
6.60704e-10
4.50259e-10
2.9505e-10
1.87845e-10
1.16996e-10
7.16403e-11
4.31813e-11
2.54837e-11
1.44755e-11
7.55133e-12
3.27102e-12
1.05914e-12
1.55166e-13
-1.17815e-13
-1.49957e-13
-1.21563e-13
-9.44005e-14
-7.33548e-14
-5.73672e-14
-4.48305e-14
-3.46628e-14
-2.62519e-14
-1.93262e-14
-1.3784e-14
-9.48726e-15
-6.31234e-15
-4.09774e-15
-2.61049e-15
-1.5899e-15
-1.00715e-15
-5.14635e-16
-1.58647e-16
-2.08117e-17
-6.53732e-18
-1.86369e-17
-2.16329e-17
-1.4533e-17
-6.4532e-18
-1.98437e-18
-5.07786e-19
-7.31273e-19
-2.17176e-18
-3.22813e-18
-3.10689e-18
-2.11922e-18
-1.12524e-18
-5.78973e-19
-3.72393e-19
-2.97669e-19
-2.4069e-19
-1.74479e-19
-1.09482e-19
-5.89599e-20
-2.70722e-20
-1.0431e-20
-3.22491e-21
-6.76724e-22
1.47166e-23
1.21206e-22
9.61538e-23
6.14976e-23
3.73165e-23
2.20236e-23
1.24471e-23
6.57198e-24
3.15168e-24
1.32397e-24
4.52334e-25
9.84294e-26
-1.11312e-26
-2.61304e-26
-1.63771e-26
-7.37673e-27
-2.61365e-27
-6.8066e-28
-6.59094e-29
6.42605e-29
5.34737e-29
7.3814e-19
5.1013e-19
-1.89031e-17
1.11297e-16
-2.07845e-16
-5.37311e-15
-1.2823e-13
-1.07759e-12
-7.25414e-12
-3.39463e-11
-7.37466e-11
-7.04886e-11
-4.75732e-11
-1.64229e-11
4.62525e-12
9.47409e-12
9.31526e-12
-3.11512e-11
-5.98711e-11
-1.52775e-10
-3.07906e-10
-2.17416e-10
8.27819e-10
4.70083e-09
1.62625e-08
4.80498e-08
1.29573e-07
3.35979e-07
8.51735e-07
2.14579e-06
5.4698e-06
1.3923e-05
3.40718e-05
8.49899e-05
0.000218131
0.000480914
0.000882302
0.00141122
0.00201241
0.00261312
0.00309353
0.00355348
0.00410391
0.00482675
0.00582611
0.00719046
0.00900078
0.0114472
0.0146476
0.018808
0.024144
0.0308674
0.0394697
0.0501433
0.0640199
0.082105
0.105686
0.136186
0.174704
0.222969
0.276467
0.340664
0.397613
0.451481
0.493592
0.523361
0.535693
0.550696
0.542861
0.518631
0.476273
0.416471
0.352131
0.288214
0.228324
0.175874
0.131803
0.0958347
0.0674497
0.0457325
0.0297139
0.0185774
0.0113189
0.00675046
0.00390892
0.00212328
0.00105177
0.000478028
0.000203825
8.24127e-05
3.13019e-05
1.09214e-05
3.41697e-06
9.02055e-07
1.52091e-07
-2.9015e-08
-4.87966e-08
-4.26647e-08
-4.75511e-08
-6.77807e-08
-9.18163e-08
-1.01298e-07
-1.08203e-07
-1.31064e-07
-1.62118e-07
-2.04699e-07
-2.63834e-07
-3.48217e-07
-4.44472e-07
-5.51424e-07
-6.11097e-07
-6.16472e-07
-5.75857e-07
-5.08775e-07
-4.22736e-07
-3.18727e-07
-2.1448e-07
-1.34116e-07
-8.13424e-08
-4.8819e-08
-2.94537e-08
-1.79075e-08
-1.09748e-08
-6.7687e-09
-4.17419e-09
-2.5703e-09
-1.5804e-09
-9.71521e-10
-5.99329e-10
-3.72085e-10
-2.32414e-10
-1.46854e-10
-9.07658e-11
-4.29966e-11
-1.21627e-11
-1.76081e-12
8.30737e-13
2.06062e-12
2.61762e-12
2.73168e-12
2.54389e-12
2.17172e-12
1.72607e-12
1.2837e-12
8.91936e-13
5.80733e-13
3.47925e-13
1.89794e-13
9.16632e-14
3.7758e-14
1.27189e-14
3.55172e-15
1.26037e-15
4.06071e-16
2.81928e-16
3.73312e-16
3.28546e-16
2.13442e-16
1.05235e-16
3.53504e-17
5.7867e-18
-2.12713e-18
-1.29363e-18
1.44458e-18
6.11115e-18
1.12594e-17
1.45592e-17
1.40608e-17
1.10992e-17
7.60726e-18
4.63565e-18
2.51221e-18
1.19067e-18
4.74197e-19
1.42447e-19
1.76034e-20
-1.50321e-20
-1.57064e-20
-9.71178e-21
-4.81981e-21
-2.07062e-21
-7.82977e-22
-2.49133e-22
-5.08255e-23
1.17844e-23
2.41431e-23
2.04947e-23
1.36999e-23
7.98601e-24
4.17587e-24
1.96662e-24
8.23439e-25
2.95798e-25
8.37141e-26
1.17272e-26
-6.38756e-27
-7.35793e-27
-4.66788e-27
-2.35542e-27
-7.39461e-28
-1.30535e-19
2.48235e-18
-9.98407e-18
2.44604e-17
-2.51272e-17
-1.02012e-15
1.66326e-15
-2.36813e-14
-2.3259e-13
-9.8975e-13
-1.61879e-12
-1.07064e-12
-1.33873e-13
7.03003e-13
1.3716e-12
4.89119e-13
-2.70971e-12
-3.95975e-12
-1.54568e-11
-5.33706e-11
-1.09506e-10
-1.97404e-10
-1.84087e-10
2.737e-11
8.53504e-10
3.28077e-09
9.94271e-09
2.77696e-08
7.46326e-08
1.97524e-07
5.22821e-07
1.38356e-06
3.53449e-06
9.23732e-06
2.40156e-05
5.47355e-05
0.000107641
0.000187808
0.000294838
0.000425505
0.000567144
0.00074167
0.000979026
0.0013058
0.00177713
0.00246237
0.00343664
0.00481083
0.00669652
0.00922542
0.0124822
0.0166268
0.0219876
0.0289948
0.0378516
0.048775
0.0621472
0.0783582
0.098335
0.12413
0.155819
0.197091
0.247273
0.302773
0.360306
0.418165
0.467125
0.507776
0.537896
0.551129
0.571323
0.569602
0.554506
0.525244
0.480711
0.427069
0.370437
0.31427
0.260935
0.210948
0.165236
0.124716
0.0900438
0.0615911
0.0381378
0.0219242
0.0122483
0.00677969
0.00367575
0.00187921
0.000881188
0.000384953
0.000161914
6.64677e-05
2.62388e-05
9.74704e-06
3.21377e-06
7.59238e-07
-9.50083e-08
-4.13494e-07
-5.73593e-07
-8.42754e-07
-1.22532e-06
-1.60811e-06
-1.98697e-06
-2.32706e-06
-2.59048e-06
-2.79633e-06
-2.90988e-06
-2.89588e-06
-2.80364e-06
-2.72289e-06
-2.66428e-06
-2.58223e-06
-2.43882e-06
-2.21088e-06
-1.87778e-06
-1.48438e-06
-1.14147e-06
-8.50444e-07
-6.13902e-07
-4.28307e-07
-2.88351e-07
-1.87319e-07
-1.17378e-07
-7.09828e-08
-4.14232e-08
-2.32838e-08
-1.2549e-08
-6.41616e-09
-3.03606e-09
-1.25105e-09
-3.59172e-10
5.0634e-11
2.04592e-10
2.17968e-10
1.99618e-10
1.69252e-10
1.33862e-10
9.94507e-11
7.02301e-11
4.71235e-11
3.00518e-11
1.81581e-11
1.03304e-11
5.51775e-12
2.72993e-12
1.2363e-12
4.98667e-13
1.67687e-13
3.79834e-14
-3.61956e-15
-1.31586e-14
-9.14336e-15
-5.1894e-15
-2.68455e-15
-1.22963e-15
-4.72048e-16
-8.48998e-17
9.39402e-17
1.12448e-16
8.26384e-17
6.66911e-17
7.31061e-17
8.60767e-17
8.82955e-17
7.93946e-17
6.39073e-17
4.77389e-17
3.36697e-17
2.23639e-17
1.38388e-17
7.88573e-18
4.09197e-18
1.90762e-18
7.80552e-19
2.65456e-19
6.20305e-20
-2.92747e-21
-1.56471e-20
-1.29973e-20
-8.10044e-21
-4.41871e-21
-2.21935e-21
-1.04574e-21
-4.62282e-22
-1.88006e-22
-6.6418e-23
-1.68559e-23
5.51615e-25
4.7527e-24
4.32432e-24
2.84039e-24
1.55375e-24
7.36938e-25
3.0303e-25
1.03849e-25
2.54206e-26
4.05983e-28
-5.2287e-27
-8.60724e-20
6.73242e-19
-6.07795e-19
-3.03708e-18
1.06763e-17
-1.25187e-18
-3.42216e-17
-2.6344e-16
-4.61318e-15
-1.521e-14
-1.44884e-14
2.40374e-15
6.24618e-15
2.09915e-14
-1.04822e-13
-5.39649e-13
-1.32731e-12
-2.9348e-12
-5.3452e-12
-6.69375e-12
-3.72281e-12
-5.64516e-12
-6.0683e-12
6.00067e-12
9.42743e-11
4.19449e-10
1.34226e-09
3.85833e-09
1.06129e-08
2.87166e-08
7.72781e-08
2.08501e-07
5.48406e-07
1.46071e-06
3.84522e-06
9.12021e-06
1.94179e-05
3.73904e-05
6.58874e-05
0.000109127
0.000170865
0.00026502
0.000409039
0.000608183
0.000918613
0.00140954
0.00213992
0.00319534
0.00467344
0.00669786
0.00942203
0.0130163
0.0176902
0.0236352
0.0310633
0.0401948
0.0512396
0.0644274
0.0799424
0.0981808
0.119215
0.14388
0.174221
0.210778
0.25362
0.301893
0.353393
0.404197
0.453998
0.495517
0.531805
0.558068
0.572694
0.590207
0.593018
0.583887
0.563964
0.532133
0.488487
0.438395
0.384886
0.33031
0.276265
0.224292
0.174814
0.129675
0.0908258
0.0595662
0.0345687
0.0179439
0.00928829
0.00492595
0.00261232
0.00132793
0.000635666
0.000295488
0.000135742
6.14687e-05
2.64558e-05
9.71764e-06
1.85896e-06
-1.84948e-06
-3.66188e-06
-4.75402e-06
-5.63656e-06
-6.29794e-06
-6.42494e-06
-6.00519e-06
-5.33713e-06
-4.67331e-06
-4.17819e-06
-3.89059e-06
-3.78547e-06
-3.77706e-06
-3.85788e-06
-3.94134e-06
-3.9505e-06
-3.74077e-06
-3.19704e-06
-2.54569e-06
-1.90966e-06
-1.35821e-06
-9.20247e-07
-5.96422e-07
-3.70682e-07
-2.21202e-07
-1.26629e-07
-6.92369e-08
-3.57861e-08
-1.70886e-08
-7.1082e-09
-2.09462e-09
2.01952e-10
1.0789e-09
1.266e-09
1.15326e-09
9.36171e-10
7.10166e-10
5.12953e-10
3.55759e-10
2.38006e-10
1.5355e-10
9.54351e-11
5.69356e-11
3.23964e-11
1.7453e-11
8.76309e-12
4.00774e-12
1.58898e-12
4.72495e-13
2.76766e-14
-1.04809e-13
-1.07057e-13
-7.25862e-14
-4.21178e-14
-2.22179e-14
-1.1053e-14
-5.26124e-15
-2.49554e-15
-1.09805e-15
-4.44483e-16
-8.33271e-17
9.19373e-17
1.69499e-16
1.90687e-16
1.66244e-16
1.32909e-16
1.07135e-16
8.7698e-17
6.97051e-17
5.19173e-17
3.56576e-17
2.24756e-17
1.29881e-17
6.86943e-18
3.30662e-18
1.42757e-18
5.32781e-19
1.53424e-19
1.58292e-20
-2.15666e-20
-2.38395e-20
-1.72234e-20
-1.05482e-20
-5.85765e-21
-3.01807e-21
-1.44749e-21
-6.38494e-22
-2.50542e-22
-7.99863e-23
-1.39074e-23
6.35939e-24
9.13304e-24
6.79884e-24
4.01614e-24
2.04688e-24
9.20144e-25
3.6187e-25
1.20246e-25
1.14757e-26
1.72605e-20
2.03224e-20
1.78458e-19
-8.0421e-19
-1.39005e-18
1.13531e-17
3.41864e-18
-3.73699e-17
-4.74369e-17
1.19689e-16
3.09089e-17
4.26833e-16
-3.65046e-15
-1.9504e-14
-5.22061e-14
-9.5422e-14
-1.16485e-13
-1.34266e-13
-3.50327e-14
3.4497e-13
1.6238e-12
4.45323e-12
1.30898e-11
3.11331e-11
7.29188e-11
1.8448e-10
4.80416e-10
1.28266e-09
3.39093e-09
8.84914e-09
2.31483e-08
6.03565e-08
1.55919e-07
4.02674e-07
1.03991e-06
2.52768e-06
5.69658e-06
1.18937e-05
2.32386e-05
4.53303e-05
8.53358e-05
0.000154464
0.000269837
0.000456819
0.000747194
0.00118172
0.00181095
0.00270672
0.00395627
0.00567299
0.00799639
0.0110873
0.0151495
0.0203929
0.0270605
0.0353962
0.0456367
0.0580126
0.0726559
0.0896537
0.108979
0.130538
0.154536
0.181425
0.211829
0.246068
0.2845
0.32619
0.370321
0.414889
0.457661
0.497326
0.531304
0.56074
0.581151
0.594699
0.606059
0.606787
0.599041
0.582214
0.555088
0.515551
0.467544
0.414796
0.359302
0.302678
0.246694
0.193705
0.145063
0.102698
0.0684547
0.0425149
0.0231562
0.0116669
0.00615699
0.00344271
0.00196187
0.00109634
0.000592326
0.000317244
0.00017213
9.49863e-05
5.30829e-05
3.02094e-05
1.82363e-05
1.2413e-05
1.58823e-05
2.92865e-05
4.16668e-05
4.73936e-05
4.50916e-05
3.67478e-05
2.55038e-05
1.42537e-05
5.28709e-06
-6.2515e-07
-4.03146e-06
-5.11861e-06
-4.99685e-06
-4.27057e-06
-3.31211e-06
-2.38198e-06
-1.61083e-06
-1.03376e-06
-6.32731e-07
-3.69843e-07
-2.05846e-07
-1.0809e-07
-5.24135e-08
-2.22617e-08
-6.94495e-09
1.26538e-10
2.86159e-09
3.47001e-09
3.16378e-09
2.55147e-09
1.91362e-09
1.36515e-09
9.36099e-10
6.20032e-10
3.97612e-10
2.46755e-10
1.47915e-10
8.53023e-11
4.69852e-11
2.44257e-11
1.17092e-11
4.91325e-12
1.53194e-12
3.08834e-14
-5.01035e-13
-5.72938e-13
-4.69595e-13
-3.28455e-13
-2.06407e-13
-1.17963e-13
-6.18429e-14
-2.96377e-14
-1.32344e-14
-5.93937e-15
-2.89094e-15
-1.47659e-15
-8.40472e-16
-5.35145e-16
-3.53569e-16
-1.94886e-16
-7.11733e-17
2.26795e-17
7.58599e-17
9.05653e-17
8.08275e-17
6.1145e-17
4.11081e-17
2.51137e-17
1.40852e-17
7.26874e-18
3.43103e-18
1.45342e-18
5.25055e-19
1.35497e-19
-3.03204e-21
-3.74183e-20
-3.54206e-20
-2.47745e-20
-1.49836e-20
-8.20365e-21
-4.12311e-21
-1.89687e-21
-7.83029e-22
-2.74575e-22
-6.77541e-23
2.52651e-24
1.81887e-23
1.59746e-23
1.02871e-23
5.6348e-24
2.73638e-24
1.18736e-24
4.59308e-25
8.84425e-26
-1.02119e-21
-2.35439e-20
9.44148e-20
1.5088e-20
-5.59808e-19
4.4364e-19
7.66725e-18
-6.40674e-18
-3.25136e-17
-3.31961e-17
-1.24947e-17
-1.11579e-16
-7.82399e-16
-2.1899e-15
-2.59229e-15
-2.07265e-15
1.43896e-15
2.18585e-14
1.07864e-13
3.73286e-13
1.03681e-12
2.80047e-12
8.06982e-12
2.27308e-11
6.15724e-11
1.66225e-10
4.3605e-10
1.14552e-09
2.9885e-09
7.60614e-09
1.93352e-08
4.80781e-08
1.18184e-07
2.86006e-07
6.84099e-07
1.61588e-06
3.80954e-06
8.6974e-06
1.88632e-05
3.87144e-05
7.44058e-05
0.000134973
0.000231671
0.000380011
0.000604869
0.000941834
0.00143712
0.00216209
0.0032025
0.00466602
0.00668645
0.00942688
0.0130952
0.017918
0.0241625
0.0321159
0.0420716
0.0542891
0.0689537
0.0861449
0.105837
0.127873
0.151997
0.177985
0.205703
0.235166
0.266529
0.299892
0.335165
0.372076
0.4097
0.447181
0.483332
0.516761
0.54617
0.571101
0.590503
0.60326
0.61107
0.611122
0.606664
0.594405
0.572804
0.540916
0.498603
0.449978
0.397061
0.34178
0.285922
0.231651
0.181185
0.136404
0.0982563
0.067726
0.0446622
0.0282094
0.0165901
0.00941024
0.00581754
0.00394529
0.0028119
0.00208819
0.00161411
0.00131064
0.00111773
0.000981168
0.000860372
0.000726663
0.000581892
0.000437689
0.000306573
0.000198381
0.000117025
6.11764e-05
2.61904e-05
6.36571e-06
-3.15305e-06
-5.82954e-06
-5.75794e-06
-5.17196e-06
-4.03885e-06
-2.86858e-06
-1.89289e-06
-1.1767e-06
-6.92854e-07
-3.85938e-07
-2.0142e-07
-9.61348e-08
-3.952e-08
-1.13011e-08
1.29444e-09
5.93858e-09
6.11531e-09
5.46026e-09
4.363e-09
3.23008e-09
2.26003e-09
1.51449e-09
9.78164e-10
6.10771e-10
3.68686e-10
2.14836e-10
1.2023e-10
6.4087e-11
3.19277e-11
1.42239e-11
5.03769e-12
6.82988e-13
-1.08751e-12
-1.57821e-12
-1.54182e-12
-1.32762e-12
-1.04001e-12
-7.43467e-13
-5.02139e-13
-3.21534e-13
-1.95607e-13
-1.12891e-13
-6.27983e-14
-3.38197e-14
-1.86347e-14
-1.06427e-14
-6.38674e-15
-3.91106e-15
-2.32615e-15
-1.2484e-15
-5.47192e-16
-1.43267e-16
4.65871e-17
1.07259e-16
1.05066e-16
8.06408e-17
5.40951e-17
3.29705e-17
1.85469e-17
9.66665e-18
4.64124e-18
2.01374e-18
7.51252e-19
2.0446e-19
1.64192e-21
-5.25419e-20
-5.19356e-20
-3.6976e-20
-2.24738e-20
-1.22321e-20
-6.04689e-21
-2.70476e-21
-1.06861e-21
-3.47105e-22
-6.85029e-23
1.79173e-23
3.20578e-23
2.49793e-23
1.52987e-23
8.15085e-24
3.89682e-24
1.67892e-24
6.49556e-25
1.25231e-25
-2.3425e-20
-1.47297e-19
9.34253e-19
-1.56697e-18
-1.48322e-18
1.68349e-17
1.33744e-17
-1.03381e-16
-9.23818e-16
-2.49414e-15
-5.88324e-15
-3.38216e-15
1.73252e-15
9.4155e-17
-6.87244e-15
-4.80138e-14
-1.47601e-13
-2.80344e-13
-2.42241e-13
-1.71196e-14
3.59891e-13
1.90942e-12
6.6254e-12
1.67839e-11
4.53053e-11
1.28574e-10
3.50321e-10
9.40794e-10
2.49895e-09
6.55851e-09
1.69981e-08
4.35746e-08
1.09751e-07
2.71407e-07
6.54225e-07
1.53611e-06
3.55092e-06
7.8187e-06
1.64082e-05
3.28047e-05
6.13167e-05
0.00010792
0.00017951
0.000291746
0.000471414
0.000753312
0.00118789
0.00185777
0.00285769
0.00430973
0.00637416
0.00923411
0.0131112
0.0182855
0.0250836
0.0338833
0.0450805
0.058913
0.0755792
0.094862
0.116699
0.140736
0.166672
0.194167
0.222832
0.252429
0.282681
0.313499
0.344789
0.376464
0.408388
0.440212
0.471512
0.501561
0.529642
0.554933
0.576536
0.593851
0.606221
0.612863
0.613124
0.610319
0.600986
0.583615
0.557959
0.52472
0.484898
0.439797
0.39079
0.339605
0.288116
0.238305
0.191858
0.150449
0.114837
0.0856323
0.0624754
0.0449582
0.0320729
0.0229808
0.0166371
0.0122823
0.00923692
0.00704325
0.00539301
0.0040905
0.00303544
0.00217823
0.00149727
0.000978151
0.000602279
0.000346031
0.000182576
8.55221e-05
3.22506e-05
5.77244e-06
-4.72103e-06
-6.3265e-06
-5.76454e-06
-4.88856e-06
-3.56775e-06
-2.37879e-06
-1.47152e-06
-8.52025e-07
-4.61095e-07
-2.30253e-07
-1.02406e-07
-3.60617e-08
-3.8901e-09
6.23932e-09
7.02504e-09
6.52837e-09
5.71972e-09
4.45631e-09
3.2351e-09
2.21962e-09
1.45236e-09
9.09849e-10
5.46198e-10
3.14125e-10
1.72264e-10
8.90649e-11
4.14309e-11
1.56977e-11
5.16663e-12
1.00199e-12
-9.22334e-13
-1.78476e-12
-2.01884e-12
-1.93594e-12
-1.75162e-12
-1.44977e-12
-1.13807e-12
-8.52569e-13
-6.14411e-13
-4.27182e-13
-2.8656e-13
-1.85208e-13
-1.16252e-13
-7.09748e-14
-4.29943e-14
-2.57323e-14
-1.49934e-14
-8.2956e-15
-4.21578e-15
-1.86957e-15
-6.42858e-16
-8.97628e-17
1.05679e-16
1.39152e-16
1.14582e-16
7.8816e-17
4.87263e-17
2.78215e-17
1.48024e-17
7.31853e-18
3.311e-18
1.31814e-18
4.12497e-19
5.12295e-20
-6.13606e-20
-7.45192e-20
-5.68241e-20
-3.57676e-20
-1.98402e-20
-9.89242e-21
-4.42809e-21
-1.73924e-21
-5.57778e-22
-1.0683e-22
2.99528e-23
5.07721e-23
3.87599e-23
2.33701e-23
1.23192e-23
5.86913e-24
2.54721e-24
9.94687e-25
3.38572e-25
3.64111e-26
-2.8129e-19
1.02383e-18
-1.61274e-18
-1.30873e-19
1.09982e-17
-7.1158e-17
3.73537e-17
-2.48237e-15
-4.50635e-14
-2.02646e-13
-4.57887e-13
-3.94834e-13
-9.9216e-14
2.1834e-13
2.49114e-13
2.2464e-13
-1.67656e-13
-4.55288e-13
-2.93442e-12
-6.63167e-12
-3.40392e-12
8.01514e-12
3.03319e-11
6.61161e-11
9.84692e-11
1.35961e-10
4.50374e-10
1.36934e-09
3.56194e-09
8.5227e-09
1.9354e-08
4.23815e-08
8.97876e-08
1.86428e-07
4.39141e-07
1.12049e-06
2.70179e-06
6.29518e-06
1.36986e-05
2.73466e-05
5.04098e-05
8.89813e-05
0.000156156
0.000280197
0.000500104
0.00087742
0.00150263
0.00248639
0.00400187
0.00633173
0.00973424
0.0144052
0.0206819
0.0290917
0.0400698
0.0538056
0.0704725
0.0900828
0.113224
0.13945
0.1676
0.196427
0.225726
0.255259
0.28475
0.314137
0.343208
0.371974
0.400383
0.42828
0.455606
0.481914
0.507035
0.530631
0.552305
0.571589
0.587876
0.600623
0.609401
0.612243
0.611092
0.607268
0.600569
0.587448
0.567249
0.541099
0.509507
0.473099
0.432692
0.389351
0.34429
0.298882
0.254476
0.212498
0.173958
0.139833
0.110407
0.0858586
0.0658482
0.0499766
0.0375538
0.027969
0.0205976
0.0149447
0.0106244
0.00735102
0.00491761
0.00315997
0.00193685
0.00112272
0.000609624
0.000305662
0.000137569
5.10044e-05
1.1492e-05
-3.95541e-06
-6.14367e-06
-5.42243e-06
-4.41518e-06
-3.12915e-06
-2.00451e-06
-1.17646e-06
-6.38001e-07
-3.17857e-07
-1.34127e-07
-4.46601e-08
-1.39813e-08
-2.30398e-09
3.18282e-09
5.2831e-09
5.05616e-09
4.2698e-09
3.19282e-09
2.19447e-09
1.40944e-09
8.55962e-10
4.91154e-10
2.57424e-10
1.28197e-10
6.67768e-11
3.53492e-11
1.8368e-11
8.78987e-12
3.35028e-12
3.98252e-13
-1.08058e-12
-1.41942e-12
-1.40674e-12
-1.30359e-12
-1.14901e-12
-9.70054e-13
-8.02248e-13
-6.47822e-13
-5.13027e-13
-3.96128e-13
-2.9865e-13
-2.18895e-13
-1.55252e-13
-1.05321e-13
-6.86301e-14
-4.25994e-14
-2.48251e-14
-1.3388e-14
-6.52558e-15
-2.73768e-15
-8.82995e-16
-1.10497e-16
1.31375e-16
1.58059e-16
1.2014e-16
7.64829e-17
4.38712e-17
2.32976e-17
1.15351e-17
5.27858e-18
2.16304e-18
7.24721e-19
1.28922e-19
-7.32657e-20
-1.10243e-19
-9.02477e-20
-5.94635e-20
-3.41651e-20
-1.75299e-20
-8.03887e-21
-3.22979e-21
-1.06773e-21
-2.26399e-22
3.51636e-23
7.96635e-23
6.17869e-23
3.67801e-23
1.89161e-23
8.7822e-24
3.74275e-24
1.46264e-24
5.09902e-25
1.4386e-25
1.91871e-26
-2.05066e-26
-5.16614e-19
3.30196e-18
-1.25905e-17
3.73089e-17
-1.92445e-17
-2.218e-15
-1.62169e-14
-1.66368e-13
-1.54061e-12
-7.54206e-12
-2.18525e-11
-2.49744e-11
-1.74342e-11
-5.41526e-12
5.65815e-12
1.24769e-11
1.32712e-11
1.21483e-11
8.16107e-12
-1.19377e-12
-9.15391e-11
-3.19633e-10
-5.95688e-10
-9.52863e-10
-1.05722e-09
-2.96426e-10
2.31665e-09
8.34275e-09
2.10532e-08
4.68945e-08
9.7511e-08
1.9374e-07
3.74138e-07
7.07288e-07
1.36292e-06
2.69298e-06
5.25892e-06
9.98808e-06
1.88534e-05
3.6105e-05
6.9909e-05
0.000139396
0.000286356
0.000559242
0.00107035
0.00204979
0.00367719
0.00613241
0.0100805
0.0168911
0.0269148
0.0402568
0.056877
0.0774627
0.103192
0.132636
0.16407
0.196367
0.229659
0.262373
0.294884
0.326104
0.355952
0.384376
0.411493
0.437536
0.462228
0.48522
0.506377
0.525461
0.541515
0.554644
0.567833
0.580296
0.590273
0.597544
0.600816
0.601846
0.601451
0.598665
0.592723
0.583422
0.570121
0.55221
0.529746
0.503077
0.472505
0.438896
0.405047
0.368671
0.330163
0.291552
0.253705
0.217279
0.183033
0.151485
0.123129
0.0981944
0.0767995
0.0588198
0.0440594
0.0321851
0.0228564
0.0157101
0.0104035
0.00660533
0.0040012
0.00229851
0.00123144
0.000608403
0.000273612
0.000108189
3.32603e-05
1.52791e-06
-4.4995e-06
-4.47076e-06
-3.75669e-06
-2.7148e-06
-1.74466e-06
-1.00581e-06
-5.03138e-07
-2.43267e-07
-1.25519e-07
-6.66041e-08
-3.39799e-08
-1.39749e-08
-3.29623e-09
1.18072e-09
2.12939e-09
2.06504e-09
1.57755e-09
1.05533e-09
6.76255e-10
4.34613e-10
2.75549e-10
1.71214e-10
1.03692e-10
6.00269e-11
3.11239e-11
1.41767e-11
6.18921e-12
2.70778e-12
1.12724e-12
3.70198e-13
-7.67267e-14
-3.43214e-13
-4.0895e-13
-3.76104e-13
-3.17108e-13
-2.64406e-13
-2.1877e-13
-1.85062e-13
-1.57611e-13
-1.36149e-13
-1.16005e-13
-9.75844e-14
-7.99637e-14
-6.31352e-14
-4.5712e-14
-3.07941e-14
-1.8363e-14
-9.63241e-15
-4.37846e-15
-1.63306e-15
-3.6831e-16
8.22407e-17
1.67002e-16
1.30523e-16
7.7921e-17
3.98005e-17
1.79896e-17
7.1693e-18
2.37545e-18
4.86223e-19
-1.39773e-19
-2.71577e-19
-2.37832e-19
-1.67282e-19
-1.04425e-19
-5.93891e-20
-3.0857e-20
-1.45202e-20
-6.03772e-21
-2.09161e-21
-4.9416e-22
2.77436e-23
1.29078e-22
1.03341e-22
6.02112e-23
2.94136e-23
1.25375e-23
4.68892e-24
1.53811e-24
4.22763e-25
7.13513e-26
-2.2122e-26
-3.61684e-26
-2.91989e-26
-1.96473e-26
-9.81084e-27
1.66629e-18
-7.29081e-18
1.67928e-17
-2.48241e-17
-3.64926e-17
-2.41459e-14
-5.56157e-13
-4.93056e-12
-4.14768e-11
-2.34672e-10
-8.03419e-10
-1.10085e-09
-9.44344e-10
-6.46788e-10
-1.32906e-10
-1.57616e-10
2.90583e-10
4.37456e-10
3.95365e-10
2.47519e-10
-3.53417e-10
-1.78726e-09
-3.47046e-09
-3.59504e-09
1.03331e-09
1.64366e-08
5.3303e-08
1.30923e-07
2.81694e-07
5.58016e-07
1.04131e-06
1.85253e-06
3.16978e-06
5.19635e-06
8.42736e-06
1.39321e-05
2.39127e-05
4.34327e-05
8.16988e-05
0.000158633
0.000302011
0.000623249
0.00130229
0.00242969
0.00511866
0.0127707
0.0257253
0.0429531
0.0648564
0.0925121
0.124175
0.159691
0.197513
0.23569
0.273062
0.309231
0.344271
0.378539
0.413803
0.445969
0.467677
0.484408
0.501007
0.515769
0.527623
0.537604
0.544006
0.547584
0.550504
0.55295
0.555089
0.557127
0.558411
0.558339
0.556483
0.552576
0.546358
0.537367
0.525228
0.509835
0.491516
0.47091
0.448285
0.424095
0.398639
0.372164
0.344993
0.317169
0.289019
0.260691
0.232594
0.204913
0.178158
0.1524
0.128186
0.105643
0.0852258
0.0670357
0.0513383
0.0380973
0.027292
0.0187424
0.012289
0.00765249
0.00450587
0.00249366
0.00128716
0.000609516
0.000241851
9.31159e-05
3.7413e-05
1.47514e-05
5.3383e-06
1.35649e-06
-5.93755e-07
-1.03267e-06
-8.11031e-07
-5.12648e-07
-3.05873e-07
-1.80518e-07
-1.02005e-07
-5.12542e-08
-2.30092e-08
-1.02228e-08
-4.77227e-09
-2.22566e-09
-7.95992e-10
6.6566e-11
3.19523e-10
2.70169e-10
1.89643e-10
1.28191e-10
8.46699e-11
5.44142e-11
3.41216e-11
2.09868e-11
1.27057e-11
7.61475e-12
4.49915e-12
2.51101e-12
1.20861e-12
4.7114e-13
1.46611e-13
2.30193e-14
-2.2247e-14
-3.26408e-14
-2.7379e-14
-2.07909e-14
-1.56902e-14
-1.18258e-14
-8.80182e-15
-6.57211e-15
-4.90882e-15
-3.98033e-15
-3.96792e-15
-4.59087e-15
-5.2663e-15
-5.51023e-15
-4.41019e-15
-2.95349e-15
-1.51366e-15
-6.48007e-16
-2.10444e-16
2.17189e-17
1.14384e-16
9.05306e-17
4.60217e-17
1.60219e-17
2.39762e-18
-1.8059e-18
-2.18564e-18
-1.54545e-18
-8.99802e-19
-4.71751e-19
-2.31614e-19
-1.08466e-19
-4.91268e-20
-2.17899e-20
-8.99072e-21
-3.1468e-21
-7.331e-22
7.1472e-23
2.2673e-22
1.77237e-22
1.00037e-22
4.58258e-23
1.71624e-23
4.86118e-24
6.4926e-25
-3.45756e-25
-3.59493e-25
-2.07479e-25
-1.17325e-25
-7.37859e-26
-4.77761e-26
-2.91853e-26
-1.62871e-26
-8.25563e-27
-3.84423e-27
-1.15472e-27
4.33718e-18
-2.65384e-17
1.13643e-16
-4.86942e-16
2.20664e-15
2.21971e-13
-3.11686e-14
-2.25766e-11
-2.84611e-10
-1.74303e-09
-8.86534e-09
-2.44357e-08
-3.46735e-08
-3.09027e-08
-1.93944e-08
-2.69471e-09
1.57592e-08
2.58885e-08
3.05593e-08
3.93953e-08
5.30494e-08
7.91551e-08
1.39224e-07
2.777e-07
5.76949e-07
1.18203e-06
2.33346e-06
4.40849e-06
7.96557e-06
1.37803e-05
2.28552e-05
3.63786e-05
5.56535e-05
8.13865e-05
0.00011692
0.000169726
0.000257275
0.000418468
0.000728258
0.00131114
0.00226204
0.00649598
0.0199039
0.042907
0.0726862
0.112608
0.154059
0.193005
0.232964
0.273641
0.313584
0.355431
0.390112
0.408883
0.427761
0.453371
0.476671
0.485983
0.486637
0.484775
0.481478
0.477661
0.472195
0.46421
0.453835
0.442014
0.429847
0.418436
0.40735
0.396556
0.385206
0.373598
0.360973
0.347716
0.334068
0.319684
0.304695
0.288936
0.272829
0.25652
0.240243
0.22388
0.20758
0.191566
0.17592
0.16069
0.146011
0.131647
0.117811
0.10435
0.0914329
0.0789307
0.0671228
0.0558815
0.0455314
0.0360471
0.0276762
0.0204348
0.0144633
0.00972846
0.00608491
0.00356037
0.00198689
0.00107823
0.000576047
0.000303575
0.000157463
8.0234e-05
4.03455e-05
1.83671e-05
6.29614e-06
1.44032e-06
1.55357e-07
-1.2171e-07
-1.57005e-07
-1.29257e-07
-8.64128e-08
-5.30574e-08
-3.10847e-08
-1.78584e-08
-1.01628e-08
-5.61605e-09
-2.86453e-09
-1.29586e-09
-5.30634e-10
-2.08984e-10
-7.75757e-11
-1.76182e-11
1.72978e-11
1.53056e-11
1.0162e-11
6.52269e-12
4.1399e-12
2.6014e-12
1.61685e-12
9.95264e-13
6.07464e-13
3.68312e-13
2.22295e-13
1.33927e-13
8.00905e-14
4.5651e-14
2.25015e-14
7.19738e-15
4.71705e-16
-8.26676e-16
-3.46964e-16
-2.58556e-17
1.566e-16
2.67433e-16
3.2194e-16
3.59434e-16
3.67114e-16
3.63127e-16
3.51709e-16
3.40909e-16
3.14425e-16
2.70797e-16
2.14314e-16
1.89277e-16
1.9289e-16
1.62786e-16
1.08694e-16
5.31905e-17
1.47445e-17
-2.54949e-18
-6.14622e-18
-4.47986e-18
-2.2714e-18
-8.9575e-19
-2.73187e-19
-5.35092e-20
4.23219e-21
1.15268e-20
7.99584e-21
4.09603e-21
1.94834e-21
1.0643e-21
6.25079e-22
3.37872e-22
1.49809e-22
4.72824e-23
6.23492e-24
-2.30586e-24
-2.28805e-24
-1.2972e-24
-5.89481e-25
-2.16758e-25
-5.99122e-26
-8.53795e-27
1.05126e-27
-6.8857e-27
-8.82626e-27
-6.19405e-27
-3.30788e-27
-1.46745e-27
-5.14551e-28
-8.44677e-29
7.83217e-29
1.02478e-28
-3.48669e-18
5.3721e-18
2.37088e-17
-1.92669e-16
1.93528e-14
2.55575e-12
4.87857e-12
-2.43e-10
-4.38244e-09
-3.02113e-08
-1.40514e-07
-3.63545e-07
-5.5161e-07
-5.50387e-07
-3.35251e-07
-3.55569e-08
2.97381e-07
8.13515e-07
1.22561e-06
1.93423e-06
3.36322e-06
6.31477e-06
1.22864e-05
2.38035e-05
4.4832e-05
8.12489e-05
0.000141193
0.000235112
0.000375514
0.00057633
0.000851646
0.00121376
0.00167136
0.00221569
0.00288284
0.00374527
0.0050396
0.00705257
0.0150159
0.0319404
0.0609357
0.105488
0.163216
0.21735
0.261961
0.30127
0.325022
0.345388
0.371711
0.40026
0.414964
0.416264
0.412583
0.404584
0.392392
0.371142
0.337446
0.301922
0.268176
0.23911
0.212339
0.188755
0.167742
0.150971
0.137644
0.127195
0.11828
0.110148
0.101944
0.0941822
0.0864646
0.0793907
0.0725475
0.0660991
0.0600797
0.0542896
0.0488826
0.0437559
0.0390383
0.0346271
0.0306105
0.0269419
0.0236308
0.0206842
0.0180577
0.0157207
0.0136588
0.0117743
0.0100991
0.00854552
0.00712721
0.0058169
0.00464098
0.00358695
0.00268481
0.00193465
0.00134514
0.000898475
0.000577973
0.000356531
0.000211547
0.000120146
6.52442e-05
3.3687e-05
1.64625e-05
7.52792e-06
3.13347e-06
1.08812e-06
1.94714e-07
-1.42919e-07
-2.21187e-07
-1.82772e-07
-9.15727e-08
-1.84442e-08
-5.8695e-09
-3.41537e-09
-1.89215e-09
-1.03144e-09
-5.64211e-10
-3.11076e-10
-1.73226e-10
-9.80586e-11
-5.64112e-11
-3.20977e-11
-1.74754e-11
-8.80737e-12
-3.92262e-12
-2.92564e-12
-5.02526e-13
1.0942e-13
2.41665e-14
4.15499e-16
-3.3938e-15
-2.76135e-15
-1.42435e-15
-5.75378e-16
-1.15905e-16
5.89686e-17
1.04684e-16
7.9538e-17
4.87866e-17
2.42848e-17
5.91728e-17
1.76602e-16
2.40766e-16
3.58648e-17
-1.0652e-17
6.44999e-18
3.42105e-17
6.80232e-17
9.70043e-17
1.18409e-16
1.35981e-16
1.59616e-16
1.60426e-16
1.55933e-16
1.54271e-16
1.52214e-16
1.29372e-16
7.98205e-17
3.61011e-17
8.24869e-18
-4.29369e-18
-6.41174e-18
-4.06753e-18
-1.46897e-18
-1.19236e-19
2.25618e-19
1.79273e-19
8.54111e-20
3.11506e-20
9.36698e-21
2.33774e-21
4.6303e-22
6.101e-23
2.23073e-22
2.33737e-22
1.42789e-22
6.39903e-23
2.13537e-23
4.37179e-24
-9.88658e-26
-3.7759e-25
-5.45377e-26
1.46267e-26
1.17188e-26
5.50771e-27
1.91409e-27
4.47529e-28
9.33986e-29
3.29018e-28
5.10635e-28
4.21762e-28
3.14177e-28
2.44106e-28
1.8681e-28
1.32644e-28
8.6169e-29
5.22885e-29
2.24915e-29
-1.11493e-17
5.10588e-17
-1.67634e-16
-5.41971e-17
1.17207e-13
2.77785e-11
1.77818e-09
3.53448e-09
-3.37535e-09
5.09676e-08
3.84804e-07
1.24552e-06
2.80351e-06
5.01351e-06
7.74086e-06
1.49927e-05
3.66898e-05
0.000208401
0.000797593
0.00128558
0.00174745
0.00232804
0.00326836
0.00483351
0.00721295
0.010497
0.0146618
0.0195484
0.0249528
0.0307984
0.0370412
0.0436835
0.0509753
0.0602594
0.0757374
0.0979835
0.127059
0.166116
0.202384
0.248844
0.295901
0.335448
0.355411
0.352044
0.343567
0.332502
0.319275
0.300603
0.268566
0.227918
0.186327
0.145231
0.106392
0.0783088
0.0611545
0.0487203
0.0392631
0.0318386
0.0250627
0.0193325
0.0141107
0.00994283
0.00678489
0.0046334
0.00318416
0.00221184
0.00152103
0.00103308
0.000703117
0.000499287
0.000345927
0.000230786
0.000143582
7.80908e-05
2.9425e-05
-6.27794e-06
-3.17276e-05
-4.96074e-05
-6.16588e-05
-6.91734e-05
-7.32494e-05
-7.4654e-05
-7.40244e-05
-7.18505e-05
-6.85329e-05
-6.43537e-05
-5.95646e-05
-5.43098e-05
-4.88131e-05
-4.31679e-05
-3.75414e-05
-3.20333e-05
-2.67995e-05
-2.19482e-05
-1.75861e-05
-1.37854e-05
-1.05657e-05
-7.91184e-06
-5.76968e-06
-4.08131e-06
-2.77734e-06
-1.80331e-06
-1.10279e-06
-6.27714e-07
-3.27229e-07
-1.54364e-07
-6.59914e-08
-2.5497e-08
-9.65615e-09
-4.98511e-09
-3.02232e-09
-1.64372e-09
-9.45458e-10
-3.71829e-10
-1.55637e-10
-6.85723e-11
-2.97175e-11
-1.23931e-11
-4.80258e-12
-1.58766e-12
-3.08265e-13
1.21958e-13
1.70898e-13
1.05812e-13
4.01193e-14
-9.72366e-15
-5.48396e-14
-1.25132e-13
-1.19584e-13
-3.46413e-15
-2.17585e-16
-5.64173e-16
-3.429e-16
-1.60954e-16
-8.15435e-17
-4.86365e-17
-2.8691e-17
-1.6492e-17
-8.36535e-18
-4.15412e-18
-1.7731e-18
-9.56599e-19
-2.03689e-18
-7.77278e-18
2.17779e-18
2.96947e-18
4.6624e-19
6.87203e-19
3.22137e-18
8.09011e-18
1.23072e-17
1.56446e-17
1.67879e-17
1.74619e-17
1.57029e-17
1.40768e-17
1.27181e-17
1.0277e-17
2.08923e-18
-1.99641e-18
-2.54887e-18
-1.44509e-18
-2.91781e-19
2.53964e-19
2.85407e-19
1.36689e-19
3.24325e-20
-1.46498e-21
-4.63212e-21
-2.23988e-21
-7.02564e-22
-1.6309e-22
-2.71433e-23
-3.12725e-24
-5.99062e-24
-1.17482e-23
-6.91283e-24
-3.48839e-24
-1.80464e-24
-8.4476e-25
-3.01604e-25
-6.66085e-26
-3.61829e-27
1.75424e-27
-1.9364e-29
-3.45418e-29
-1.04309e-29
2.0926e-30
5.16893e-30
3.15471e-30
4.1966e-30
1.44704e-29
2.21749e-29
2.04363e-29
1.43306e-29
8.54789e-30
4.48032e-30
1.93357e-30
4.46266e-31
-2.70929e-31
-9.35116e-18
7.60777e-17
-4.23104e-16
-3.53161e-15
-3.71136e-13
3.7065e-10
2.69052e-08
1.07451e-06
1.79163e-05
0.000163803
0.00102205
0.00406247
0.00964554
0.016337
0.0199107
0.0225802
0.0253762
0.0292011
0.0365818
0.0477131
0.0617536
0.0798562
0.105852
0.144165
0.196005
0.257228
0.318325
0.35969
0.367129
0.362647
0.349906
0.323881
0.289029
0.252785
0.222704
0.204763
0.201619
0.202674
0.199887
0.186679
0.163222
0.13168
0.0934761
0.0618335
0.0429406
0.0319208
0.0244636
0.0188221
0.0141464
0.0103725
0.00717134
0.00444722
0.00233643
0.00142242
0.000853926
0.000504909
0.000294697
0.000170482
9.72193e-05
5.39287e-05
2.80363e-05
1.2204e-05
2.58608e-06
-3.49005e-06
-7.27914e-06
-9.90429e-06
-1.14202e-05
-1.23769e-05
-1.25529e-05
-1.25836e-05
-1.23801e-05
-1.25399e-05
-1.28283e-05
-1.33536e-05
-1.39224e-05
-1.45168e-05
-1.5003e-05
-1.49516e-05
-1.44855e-05
-1.36535e-05
-1.26952e-05
-1.17009e-05
-1.0683e-05
-9.64973e-06
-8.58675e-06
-7.50971e-06
-6.46085e-06
-5.41376e-06
-4.43466e-06
-3.50211e-06
-2.66965e-06
-1.93473e-06
-1.33594e-06
-8.68953e-07
-5.3249e-07
-3.07084e-07
-1.67263e-07
-8.59715e-08
-4.18694e-08
-1.93336e-08
-8.49947e-09
-3.58406e-09
-1.46431e-09
-5.81325e-10
-2.25508e-10
-8.62382e-11
-3.27676e-11
-1.24263e-11
-4.81287e-12
-1.97358e-12
-8.3866e-13
-3.85813e-13
-3.14398e-13
5.47989e-14
8.38453e-14
7.25439e-14
7.70745e-14
7.49783e-14
6.43454e-14
4.99029e-14
3.6012e-14
2.42595e-14
1.46486e-14
7.85701e-15
3.87789e-15
1.92725e-15
1.09351e-15
4.35847e-16
-1.50386e-15
-5.71178e-16
-4.41298e-18
-1.40034e-17
-8.4162e-18
-2.00279e-17
-1.18072e-17
-8.26689e-18
-5.71607e-18
-3.97849e-18
-2.61095e-18
-1.71456e-18
-1.0332e-18
-7.30596e-19
-8.80317e-19
-1.22986e-18
-5.69877e-19
-1.90487e-21
-4.08477e-20
-2.54856e-19
-4.94494e-19
-7.30014e-19
-8.09767e-19
-8.6429e-19
-9.08293e-19
-9.64602e-19
-9.81827e-19
-1.05619e-18
-1.14065e-18
-1.0218e-18
-2.62557e-19
3.53401e-20
9.17825e-20
5.97627e-20
1.67446e-20
-5.86388e-21
-8.52626e-21
-3.92441e-21
-8.86385e-22
-3.17071e-23
4.93109e-23
1.99563e-23
4.43113e-24
5.64974e-25
-9.05158e-26
-2.24342e-25
-2.4491e-25
-3.81e-25
-4.28008e-25
-2.61968e-25
-1.05491e-25
-2.80806e-26
-3.46644e-27
5.50647e-28
2.44487e-28
3.47773e-30
-2.97447e-30
-5.77073e-32
-1.97158e-31
-1.24607e-31
-1.18299e-31
-1.86861e-31
-3.22038e-31
-4.81908e-31
-5.20805e-31
-4.81215e-31
-4.4951e-31
-4.23656e-31
-3.86235e-31
-3.35105e-31
-2.63035e-31
-1.159e-31
2.23749e-19
1.07513e-17
-1.34659e-16
-2.41571e-13
-1.24646e-10
5.43648e-10
3.28829e-07
1.44068e-05
0.000221172
0.00212341
0.0229187
0.112757
0.258654
0.329899
0.327777
0.287586
0.187222
0.0761065
0.0162929
0.00536856
0.00515624
0.00539086
0.00639183
0.00828369
0.0108727
0.0137438
0.0163873
0.018355
0.0194209
0.0197057
0.0193083
0.0183986
0.0174213
0.0169883
0.0170833
0.0175705
0.0145399
0.00752252
0.00347531
0.00169085
0.000880565
0.000435477
0.000145626
5.28478e-05
2.83809e-05
1.80857e-05
1.26476e-05
9.07783e-06
6.45955e-06
4.49007e-06
2.99782e-06
1.87582e-06
1.01755e-06
5.25449e-07
2.58171e-07
1.13874e-07
3.16108e-08
-1.55134e-08
-3.62783e-08
-5.6683e-08
-6.04344e-08
-7.40944e-08
-9.81488e-08
-1.55549e-07
-1.93019e-07
-2.30349e-07
-2.45093e-07
-2.66859e-07
-2.58794e-07
-2.52402e-07
-2.2478e-07
-2.041e-07
-1.68087e-07
-1.33757e-07
-9.84176e-08
-6.12683e-08
-4.07863e-08
-2.88011e-08
-2.35879e-08
-2.01873e-08
-1.75752e-08
-1.50196e-08
-1.25226e-08
-1.01813e-08
-8.05004e-09
-6.17388e-09
-4.58842e-09
-3.26455e-09
-2.24206e-09
-1.45846e-09
-9.07256e-10
-5.29773e-10
-2.92954e-10
-1.52249e-10
-7.60727e-11
-3.74197e-11
-1.83489e-11
-8.87056e-12
-4.17503e-12
-1.89243e-12
-8.25012e-13
-3.46836e-13
-1.41574e-13
-5.63622e-14
-2.20251e-14
-8.52386e-15
-3.29143e-15
-1.27271e-15
-4.86269e-16
-1.63686e-16
-6.22374e-17
7.22395e-16
2.35643e-15
2.34388e-15
1.99191e-15
1.7148e-15
1.47203e-15
1.25955e-15
1.03575e-15
7.97111e-16
5.77309e-16
3.89336e-16
2.43596e-16
1.29434e-16
6.68055e-17
3.47924e-17
2.32124e-17
2.00185e-17
5.20878e-18
-2.69501e-18
-4.69064e-19
6.00367e-19
2.92347e-19
-8.32871e-21
-4.51198e-21
-1.01168e-21
-3.65274e-21
-7.93669e-21
-1.11649e-20
-1.18169e-20
-9.94797e-21
-7.73992e-21
-2.85207e-21
4.69607e-21
-4.87794e-21
2.74277e-22
1.17119e-21
-4.28854e-21
-1.3784e-20
-2.51665e-20
-2.86542e-20
-3.01791e-20
-2.42561e-20
-1.8806e-20
-9.73418e-21
-2.47918e-21
7.03354e-21
1.48945e-20
4.15978e-21
-5.81296e-22
-1.12783e-21
-6.96672e-22
-2.06666e-22
4.06852e-23
6.81112e-23
2.79072e-23
5.57309e-24
3.35434e-25
-1.36014e-25
-4.68622e-26
-6.09102e-27
1.83018e-27
2.30344e-27
1.26498e-27
3.24303e-27
7.99238e-27
5.98286e-27
2.97752e-27
1.27731e-27
4.60919e-28
1.17601e-28
1.52832e-29
-5.2246e-31
-2.65708e-31
1.47373e-32
-4.55567e-34
1.12414e-34
1.29217e-34
2.02538e-34
2.03293e-34
-7.23427e-35
-9.82154e-34
-3.01994e-33
-5.49772e-33
-6.11716e-33
-5.27207e-33
-4.17824e-33
-3.01807e-33
-1.55537e-33
1.91298e-34
)
;

boundaryField
{
    inlet
    {
        type            uniformFixedValue;
        uniformValue    table;
        uniformValueCoeffs
        {
            values          
4
(
(0 1)
(0.15 1)
(0.151 0)
(1 0)
)
;
        }
        value           uniform 0;
    }
    outlet
    {
        type            inletOutlet;
        inletValue      uniform 0;
        value           nonuniform List<scalar> 
20
(
0
0
0
-3.05522e-32
2.54603e-31
5.34737e-29
-7.39461e-28
-5.2287e-27
1.14757e-26
8.84425e-26
1.25231e-25
3.64111e-26
-2.05066e-26
-9.81084e-27
-1.15472e-27
1.02478e-28
2.24915e-29
0
0
0
)
;
    }
    walls
    {
        type            zeroGradient;
    }
    frontAndBack
    {
        type            empty;
    }
}


// ************************************************************************* //
