/*--------------------------------*- C++ -*----------------------------------*\
| =========                 |                                                 |
| \\      /  F ield         | OpenFOAM: The Open Source CFD Toolbox           |
|  \\    /   O peration     | Version:  2506                                  |
|   \\  /    A nd           | Website:  www.openfoam.com                      |
|    \\/     M anipulation  |                                                 |
\*---------------------------------------------------------------------------*/
FoamFile
{
    version     2.0;
    format      ascii;
    arch        "LSB;label=32;scalar=64";
    class       volScalarField;
    location    "2.3475";
    object      s;
}
// * * * * * * * * * * * * * * * * * * * * * * * * * * * * * * * * * * * * * //

dimensions      [0 0 0 0 0 0 0];

internalField   nonuniform List<scalar> 
4000
(
-1.24229e-18
6.72922e-18
-2.86513e-17
8.62844e-17
5.10908e-16
-4.64819e-14
-7.80268e-12
-2.41341e-10
-6.13771e-10
7.48162e-09
1.95995e-07
2.72795e-06
3.88917e-05
0.000355339
0.00279999
0.0229742
0.0804227
0.166836
0.218676
0.225426
0.21588
0.18182
0.113007
0.0420457
0.00700612
0.00154639
0.00143242
0.00125174
0.00105007
0.000919425
0.000969862
0.00136042
0.00236371
0.00447212
0.00736036
0.0111721
0.0157257
0.0171373
0.0175204
0.0185123
0.0224274
0.0266866
0.0310989
0.0358059
0.0394114
0.0419432
0.0438309
0.0445762
0.0449792
0.0447476
0.043722
0.042447
0.0403138
0.0377711
0.0346834
0.0308853
0.026364
0.0213583
0.0163312
0.0116813
0.00780587
0.00484559
0.00279353
0.00150282
0.000763514
0.00037526
0.000183088
8.95167e-05
4.32182e-05
2.09109e-05
1.06413e-05
5.70453e-06
3.07882e-06
1.62517e-06
8.25306e-07
3.99155e-07
1.83608e-07
8.09513e-08
3.44049e-08
1.40894e-08
5.54916e-09
2.09888e-09
7.62954e-10
2.66189e-10
8.88268e-11
2.82754e-11
8.14465e-12
1.73579e-12
1.37902e-13
-1.87123e-13
-2.03976e-13
-1.10666e-13
-5.80883e-14
-3.20408e-14
-1.77825e-14
-1.30614e-14
-1.1786e-14
-1.05553e-14
-8.37091e-15
7.24752e-16
7.17612e-15
2.45324e-14
8.41357e-14
2.38077e-13
5.10175e-13
9.9498e-13
1.39649e-12
2.23423e-12
4.11195e-12
9.18829e-12
2.0046e-11
2.37745e-11
-7.53111e-11
-4.29792e-10
-8.8405e-10
-2.08172e-09
-4.55348e-09
-7.64088e-09
-1.11626e-08
-1.38337e-08
-1.711e-08
-1.9774e-08
-2.14229e-08
-2.1537e-08
-2.19652e-08
-2.28887e-08
-2.38548e-08
-2.13802e-08
-1.78884e-08
-1.67591e-08
-1.49293e-08
-1.35507e-08
-1.28121e-08
-1.13968e-08
-1.03376e-08
-9.98642e-09
-8.58885e-09
-7.67124e-09
-6.34265e-09
-4.89714e-09
-3.43512e-09
-2.18014e-09
-1.27121e-09
-6.97182e-10
-3.6618e-10
-1.9209e-10
-9.94721e-11
-5.19638e-11
-2.66518e-11
-1.32273e-11
-6.31393e-12
-2.86185e-12
-1.2387e-12
-5.08728e-13
-1.97572e-13
-7.1635e-14
-2.21331e-14
4.77671e-15
6.33885e-14
2.67682e-13
6.29608e-13
1.23354e-12
2.00065e-12
2.73208e-12
3.0646e-12
2.41762e-12
5.9005e-13
-2.07595e-12
-7.9295e-12
-8.37209e-12
-3.83376e-12
-3.60746e-13
3.75728e-13
1.69325e-13
6.8804e-14
2.81492e-14
8.94869e-15
3.43916e-15
2.3224e-15
1.56915e-15
1.02288e-15
6.60794e-16
4.29871e-16
2.81357e-16
1.82374e-16
1.1364e-16
6.5955e-17
3.48367e-17
1.6293e-17
6.32348e-18
1.43683e-18
-8.0383e-19
-3.39519e-18
-1.88311e-18
-1.06301e-18
-5.64987e-19
-2.87252e-19
-1.38918e-19
-5.72465e-20
-7.21169e-21
-4.50113e-19
6.55303e-19
5.60512e-18
-5.5457e-17
3.24647e-16
-1.9531e-15
-1.58851e-13
-1.1475e-11
-1.06213e-10
2.81886e-10
1.00852e-08
1.61208e-07
2.00623e-06
1.60955e-05
9.86443e-05
0.000465987
0.00153846
0.00355366
0.00664026
0.00955639
0.0124049
0.0149816
0.0170457
0.0185097
0.0196439
0.0205869
0.0219118
0.0234777
0.0255454
0.0286612
0.0341663
0.0450594
0.0664143
0.102026
0.144969
0.167059
0.166079
0.158805
0.146703
0.131331
0.115969
0.103621
0.0957539
0.0923659
0.0921139
0.0930371
0.0943862
0.0961827
0.0981059
0.100163
0.102402
0.104686
0.106749
0.109064
0.111009
0.112798
0.114472
0.115385
0.116017
0.115295
0.11429
0.112441
0.109947
0.106502
0.0985014
0.0823177
0.062935
0.0413688
0.0230911
0.0124798
0.00701072
0.0041954
0.00249618
0.00142919
0.000777179
0.000398892
0.000193937
9.06207e-05
4.10257e-05
1.79538e-05
7.5768e-06
3.07777e-06
1.20566e-06
4.57009e-07
1.68206e-07
6.04181e-08
2.12021e-08
7.26093e-09
2.43489e-09
7.89616e-10
2.3985e-10
6.55213e-11
1.31221e-11
-6.78691e-13
-2.69717e-12
-2.82977e-12
-3.37022e-12
-6.37733e-12
-1.07147e-11
-5.92772e-12
-1.95438e-12
2.86933e-13
2.22938e-12
-2.44979e-12
-4.63396e-11
-2.43701e-10
-9.25407e-10
-2.63791e-09
-5.89978e-09
-1.13277e-08
-2.01892e-08
-4.08497e-08
-1.1264e-07
-3.14514e-07
-6.89117e-07
-1.38088e-06
-2.57258e-06
-4.36512e-06
-6.62396e-06
-9.00281e-06
-1.14938e-05
-1.36995e-05
-1.55147e-05
-1.68223e-05
-1.77897e-05
-1.8328e-05
-1.84318e-05
-1.81551e-05
-1.76228e-05
-1.69657e-05
-1.59412e-05
-1.48189e-05
-1.38275e-05
-1.25341e-05
-1.12762e-05
-1.02922e-05
-8.88049e-06
-7.76936e-06
-6.54983e-06
-5.34925e-06
-4.18493e-06
-3.12258e-06
-2.20867e-06
-1.48099e-06
-9.35829e-07
-5.61145e-07
-3.09405e-07
-1.60437e-07
-7.64549e-08
-3.38133e-08
-1.41123e-08
-5.65184e-09
-2.23481e-09
-8.66331e-10
-3.28239e-10
-1.19297e-10
-4.14834e-11
-1.33757e-11
-3.83924e-12
-4.92344e-12
-2.46627e-11
-9.31401e-11
-2.63767e-10
-5.91134e-10
-1.08395e-09
-1.71981e-09
-2.40857e-09
-3.2825e-09
-3.55857e-09
-2.70225e-09
-1.35807e-09
-3.94443e-10
-3.49279e-11
1.03764e-12
2.45556e-12
3.23366e-12
3.12485e-12
3.07243e-12
2.83029e-12
2.47666e-12
2.08569e-12
1.69674e-12
1.32948e-12
1.00083e-12
7.22621e-13
4.93622e-13
3.11987e-13
1.78593e-13
9.04837e-14
3.96789e-14
1.4871e-14
5.36701e-15
2.4495e-15
1.10617e-15
4.88905e-16
2.10781e-16
8.82964e-17
3.53717e-17
1.25868e-17
2.30094e-18
1.5405e-19
-1.48917e-18
6.73007e-18
-1.58992e-17
-1.02174e-17
3.14802e-16
-4.13938e-15
-1.00415e-12
2.89672e-12
-6.80577e-12
-3.49543e-11
-1.63137e-10
-3.75466e-10
1.67224e-09
2.15065e-08
6.95203e-08
2.2474e-07
5.8133e-07
1.30158e-06
2.18216e-06
3.41497e-06
5.38544e-06
1.24005e-05
0.000186814
0.000869637
0.00152835
0.00228906
0.00321727
0.00438893
0.00591508
0.00798209
0.0110767
0.0160708
0.0261186
0.0418859
0.0561826
0.0656912
0.0712414
0.0737116
0.0731091
0.0679181
0.0622655
0.0584994
0.0561481
0.0547993
0.053922
0.0530007
0.0523876
0.0516946
0.0510104
0.0505308
0.0501105
0.0504716
0.0512493
0.0531102
0.0560033
0.06007
0.0656289
0.07192
0.0795463
0.0874946
0.0955044
0.102425
0.108566
0.115001
0.120874
0.123694
0.127327
0.123504
0.113831
0.100029
0.0853561
0.0686167
0.0480763
0.028218
0.0155913
0.00858433
0.0050978
0.00316692
0.00192174
0.00110713
0.000601851
0.000313832
0.000159753
7.9092e-05
3.78057e-05
1.73297e-05
7.59352e-06
3.18949e-06
1.28133e-06
4.912e-07
1.8034e-07
6.31336e-08
2.09157e-08
6.51438e-09
1.78635e-09
3.32074e-10
-2.17449e-10
-1.22325e-09
-2.76715e-09
-3.44258e-09
-2.36768e-09
-3.187e-09
-7.37262e-09
-2.21016e-08
-7.43831e-08
-2.4035e-07
-6.51457e-07
-1.44533e-06
-2.69714e-06
-4.49151e-06
-7.46028e-06
-1.22933e-05
-1.89694e-05
-2.65603e-05
-3.42812e-05
-4.20193e-05
-5.06563e-05
-5.95226e-05
-6.78004e-05
-7.53546e-05
-8.14364e-05
-8.6189e-05
-8.53472e-05
-8.36896e-05
-8.28302e-05
-8.20621e-05
-8.12644e-05
-8.03123e-05
-7.91102e-05
-7.76382e-05
-7.58795e-05
-7.38431e-05
-7.15438e-05
-6.90441e-05
-6.6376e-05
-6.34936e-05
-6.04281e-05
-5.71061e-05
-5.37381e-05
-5.02374e-05
-4.60863e-05
-4.0613e-05
-3.43308e-05
-2.92743e-05
-2.52037e-05
-1.97525e-05
-1.37063e-05
-8.21362e-06
-4.45365e-06
-2.49021e-06
-1.38455e-06
-7.49913e-07
-3.86702e-07
-1.90227e-07
-8.84745e-08
-3.9093e-08
-1.61666e-08
-6.42581e-09
-3.60418e-09
-7.12827e-09
-2.08675e-08
-5.72447e-08
-1.32774e-07
-2.33558e-07
-3.1649e-07
-3.42998e-07
-3.46506e-07
-3.16946e-07
-2.30903e-07
-1.32484e-07
-5.62846e-08
-1.65471e-08
-5.4531e-09
-1.81825e-09
-4.08774e-10
-6.32214e-11
-4.64262e-14
9.17083e-12
1.14082e-11
1.20899e-11
1.20766e-11
1.1573e-11
1.06112e-11
9.16576e-12
7.31845e-12
5.42538e-12
3.7471e-12
2.41494e-12
1.48445e-12
9.11098e-13
5.82816e-13
3.88521e-13
2.56276e-13
1.63968e-13
1.01258e-13
6.01207e-14
3.42581e-14
1.87192e-14
9.63458e-15
9.29113e-22
1.92713e-19
-3.19177e-18
2.32736e-17
-1.15098e-16
4.20697e-16
-2.18221e-15
7.6885e-14
6.507e-13
-1.71067e-13
-2.72628e-12
-2.27217e-11
-1.68886e-10
-8.97715e-10
-3.98512e-09
-1.47027e-08
-3.37445e-08
-5.47565e-08
-6.61459e-08
-5.94234e-08
-3.69179e-08
2.48807e-09
5.93924e-08
2.64253e-07
3.14877e-07
4.31354e-07
5.87823e-07
8.0679e-07
1.13362e-06
1.65713e-06
2.70375e-06
3.43891e-05
0.000159742
0.00067984
0.0019892
0.00343155
0.00456822
0.00524816
0.00543325
0.00518979
0.00454466
0.00393644
0.00352165
0.00325016
0.00309417
0.00300406
0.00294091
0.00292313
0.00291385
0.00292271
0.00295567
0.00301287
0.00331247
0.00376816
0.00457602
0.00575195
0.00749407
0.0101936
0.013847
0.0194559
0.026742
0.0359544
0.0476335
0.0604375
0.0736667
0.0876177
0.101712
0.113711
0.12235
0.129059
0.133786
0.136044
0.137348
0.132793
0.124938
0.112913
0.0974922
0.0817432
0.0620189
0.0400929
0.0229441
0.0129104
0.00767732
0.0048459
0.0030033
0.00176005
0.000964778
0.000506222
0.000258995
0.000128824
6.18547e-05
2.85283e-05
1.25564e-05
5.26613e-06
2.1154e-06
8.06652e-07
2.89878e-07
9.00448e-08
1.10631e-08
-4.07905e-08
-1.70525e-07
-3.23043e-07
-5.68897e-07
-1.00876e-06
-1.80768e-06
-3.35153e-06
-5.81696e-06
-9.75536e-06
-1.55926e-05
-2.34052e-05
-3.26987e-05
-4.31975e-05
-5.55678e-05
-7.07199e-05
-8.40217e-05
-8.30529e-05
-8.12352e-05
-7.54383e-05
-6.4681e-05
-5.22918e-05
-3.85967e-05
-2.57707e-05
-1.43988e-05
0.000201071
0.000592815
0.00106941
0.00155313
0.00197144
0.00228946
0.00250041
0.00255145
0.00248682
0.00236342
0.0020989
0.00179949
0.00149591
0.00110457
0.000759104
0.000458261
0.000247069
0.000119467
4.9183e-05
1.18764e-05
-8.38078e-06
-2.02093e-05
-2.80408e-05
-3.30477e-05
-3.52338e-05
-3.53089e-05
-3.3518e-05
-3.06823e-05
-2.71849e-05
-2.33772e-05
-1.94875e-05
-1.57735e-05
-1.24382e-05
-9.04106e-06
-4.45436e-06
-9.99017e-07
-1.01965e-08
-5.32904e-08
-2.2666e-07
-6.62612e-07
-1.22624e-06
-2.01806e-06
-3.13224e-06
-4.15422e-06
-4.81306e-06
-4.83892e-06
-4.17287e-06
-3.07994e-06
-1.98551e-06
-1.14242e-06
-5.88345e-07
-2.751e-07
-1.05479e-07
-3.59891e-08
-1.20285e-08
-4.68599e-09
-2.23339e-09
-1.37193e-09
-1.17258e-09
-1.29986e-09
-1.61577e-09
-2.09597e-09
-2.68847e-09
-3.11659e-09
-3.24342e-09
-3.02127e-09
-2.49643e-09
-1.81273e-09
-1.15462e-09
-6.69942e-10
-3.83592e-10
-2.1474e-10
-1.16082e-10
-6.12202e-11
-3.19921e-11
-1.66472e-11
-8.41453e-12
-8.53619e-20
7.60965e-19
-4.55454e-18
2.05048e-17
-7.30825e-17
2.31268e-16
-8.73702e-16
4.19335e-14
2.56257e-14
8.20474e-14
-7.61981e-14
-8.91614e-13
-6.43105e-12
-3.1911e-11
-1.41309e-10
-5.47748e-10
-1.25214e-09
-2.00537e-09
-2.32549e-09
-2.19706e-09
-1.71693e-09
-6.75399e-10
2.55567e-10
-2.09618e-09
-1.32095e-08
-2.13083e-08
-2.83612e-08
-3.61724e-08
-4.11108e-08
-3.35679e-08
1.95184e-09
1.66885e-07
7.00502e-07
2.04903e-06
4.4059e-06
7.03129e-06
8.94e-06
9.86004e-06
9.79725e-06
8.94698e-06
7.56725e-06
6.32768e-06
5.45703e-06
4.92954e-06
4.70466e-06
4.71061e-06
4.89045e-06
5.28314e-06
5.83149e-06
6.57646e-06
7.56216e-06
8.81531e-06
1.04677e-05
1.25592e-05
1.56496e-05
2.04099e-05
2.82528e-05
4.18195e-05
6.29435e-05
9.92069e-05
0.000569312
0.00207489
0.00522312
0.0104979
0.0185078
0.0289318
0.0419904
0.0565258
0.0724621
0.0877601
0.101503
0.113376
0.122413
0.128118
0.132183
0.135732
0.138385
0.13926
0.136684
0.131358
0.124179
0.112716
0.0958592
0.074219
0.0501166
0.029
0.0161121
0.00979689
0.00624589
0.0039234
0.0023618
0.00134326
0.000729547
0.000383519
0.000195262
9.56487e-05
4.5288e-05
2.04305e-05
8.38154e-06
2.17988e-06
-1.48782e-06
-4.33078e-06
-7.17649e-06
-1.05585e-05
-1.5315e-05
-2.1631e-05
-2.51255e-05
-2.61779e-05
-2.64861e-05
-2.2499e-05
-1.2375e-05
9.81199e-06
4.15989e-05
8.23959e-05
0.000246367
0.00129776
0.00372142
0.00788926
0.0136887
0.0209679
0.0295314
0.0389366
0.0487674
0.0586083
0.0679281
0.0764195
0.0838582
0.090054
0.0949658
0.0987235
0.101076
0.102155
0.102466
0.101398
0.0993999
0.0969025
0.0929076
0.0882454
0.0823986
0.0754903
0.0675453
0.058354
0.0485536
0.0388142
0.0295286
0.021531
0.014838
0.00977159
0.00614275
0.00367873
0.002113
0.00114615
0.0005915
0.000286188
0.00012943
5.28701e-05
1.84538e-05
5.28429e-06
1.7142e-06
4.11665e-07
-5.88071e-07
-1.28419e-06
-1.80501e-06
-2.48371e-06
-4.23958e-06
-7.63966e-06
-1.35024e-05
-1.81973e-05
-1.89699e-05
-1.69874e-05
-1.33534e-05
-9.41451e-06
-6.07787e-06
-3.708e-06
-2.22213e-06
-1.32772e-06
-7.96476e-07
-4.79448e-07
-2.83738e-07
-1.81177e-07
-1.31025e-07
-1.04781e-07
-8.95609e-08
-7.96321e-08
-7.21462e-08
-6.52915e-08
-5.85625e-08
-5.16464e-08
-4.41061e-08
-3.6096e-08
-2.8072e-08
-2.04606e-08
-1.37409e-08
-8.36913e-09
-4.32735e-09
-2.24308e-09
-1.32761e-09
-8.29722e-10
-5.22243e-10
-3.12005e-10
-2.19406e-20
2.11056e-19
-1.25021e-18
5.5674e-18
-2.15529e-17
9.56785e-17
-5.74285e-16
3.40877e-15
1.75359e-15
9.08132e-15
8.07758e-15
-9.46179e-14
-7.48765e-13
-3.54828e-12
-1.33997e-11
-3.02901e-11
-3.56477e-11
-4.84783e-11
-5.70555e-11
-5.51451e-11
-6.31907e-11
-5.01906e-11
-1.38125e-11
-9.12264e-11
-4.60657e-10
-9.0851e-10
-1.41546e-09
-2.11571e-09
-3.21022e-09
-3.75598e-09
-2.33199e-09
5.71826e-09
3.5444e-08
1.52751e-07
4.34265e-07
8.77143e-07
1.34062e-06
1.65672e-06
1.66701e-06
1.37749e-06
9.65551e-07
6.14314e-07
3.42129e-07
1.17295e-07
-5.81246e-08
-1.94046e-07
-3.00036e-07
-3.86393e-07
-4.56788e-07
-5.16e-07
-5.66397e-07
-6.08818e-07
-6.48444e-07
-7.00461e-07
-8.60325e-07
-1.26501e-06
-2.17592e-06
-4.01491e-06
-6.95722e-06
-1.2386e-05
-8.98e-06
2.5488e-06
3.00409e-05
8.01513e-05
0.000157264
0.00117113
0.00391745
0.00873778
0.0162932
0.026495
0.0382995
0.0508214
0.0632572
0.0755783
0.0869423
0.0968009
0.105858
0.114171
0.121056
0.127078
0.132344
0.137078
0.141922
0.144135
0.141374
0.135812
0.125512
0.107379
0.0843428
0.0605814
0.0380569
0.0223151
0.0141927
0.00948363
0.00633854
0.00419138
0.00262514
0.00155295
0.000899218
0.000520562
0.000309974
0.000193685
0.000131823
0.000105047
0.000102142
0.000126121
0.000452319
0.00136565
0.0030499
0.00566006
0.00940056
0.0145855
0.0217708
0.0311723
0.0433532
0.0578234
0.0744239
0.092961
0.112743
0.133241
0.15423
0.175078
0.195182
0.214182
0.231591
0.247192
0.26085
0.272515
0.282254
0.290244
0.29636
0.300726
0.303806
0.305047
0.304832
0.303456
0.299992
0.295117
0.28816
0.278884
0.267145
0.2522
0.233732
0.211716
0.185579
0.157227
0.126573
0.0964646
0.0687217
0.0448912
0.027353
0.0159697
0.00917355
0.00514415
0.00283087
0.00150333
0.00077592
0.000393355
0.000204255
0.000111919
7.49724e-05
6.1731e-05
5.6513e-05
4.76282e-05
3.12931e-05
5.35427e-06
-1.8558e-05
-1.51637e-05
1.78968e-06
1.59544e-05
2.02277e-05
1.59715e-05
8.45995e-06
2.12354e-06
-1.39749e-06
-2.56026e-06
-2.47035e-06
-1.97259e-06
-1.44996e-06
-1.04504e-06
-7.62374e-07
-5.72289e-07
-4.43389e-07
-3.53296e-07
-2.87736e-07
-2.3733e-07
-1.96025e-07
-1.62239e-07
-1.28735e-07
-9.56599e-08
-6.66135e-08
-4.43369e-08
-3.0947e-08
-2.52557e-08
-2.13254e-08
-1.76064e-08
-1.41582e-08
-1.10694e-08
-8.41101e-09
-5.68015e-09
1.27505e-21
-1.07076e-20
6.7539e-20
-2.63172e-19
2.39686e-19
5.33106e-18
-3.91888e-17
-3.70948e-18
9.21821e-18
-2.66728e-17
3.47025e-16
-2.43702e-15
-2.00547e-14
-8.49227e-14
-2.7993e-13
-5.88857e-13
-6.97185e-13
-9.34473e-13
-1.17059e-12
-1.18427e-12
-1.12806e-12
-9.05672e-13
-6.60979e-13
-5.14468e-12
-1.89563e-11
-3.72711e-11
-1.10745e-10
-2.03733e-10
-3.02426e-10
-3.99234e-10
-4.8286e-10
1.70222e-10
2.37678e-09
9.71272e-09
3.12821e-08
7.40287e-08
1.27542e-07
1.70328e-07
1.86304e-07
1.76764e-07
1.51144e-07
1.26204e-07
1.13964e-07
1.16426e-07
1.13012e-07
1.05148e-07
9.61317e-08
8.73685e-08
7.8865e-08
7.07271e-08
6.28826e-08
5.52897e-08
4.80178e-08
3.3846e-08
4.25771e-09
-4.78505e-08
-1.40206e-07
-3.71283e-07
-8.67815e-07
-1.87518e-06
-3.34708e-06
-6.16124e-06
-1.13761e-05
-1.9666e-05
-3.26685e-05
-1.81571e-05
1.85312e-05
8.5312e-05
0.000191158
0.000740987
0.00265037
0.00604007
0.0108188
0.016988
0.0243929
0.0322981
0.0403423
0.0486338
0.0572325
0.0672528
0.0779116
0.0886412
0.100406
0.112591
0.12644
0.136795
0.144295
0.15469
0.163223
0.162635
0.158491
0.149795
0.135557
0.118445
0.100661
0.0812918
0.0584437
0.0419202
0.0361995
0.0365367
0.0370381
0.0368344
0.0364348
0.0367797
0.0393817
0.0445011
0.0524745
0.0625271
0.0738788
0.0861269
0.0992283
0.113062
0.128111
0.144297
0.16202
0.181114
0.201375
0.222383
0.243516
0.264356
0.284571
0.303644
0.321286
0.337365
0.351812
0.364726
0.376206
0.386401
0.395452
0.403495
0.410606
0.416862
0.422397
0.427115
0.431095
0.43432
0.436537
0.437844
0.437941
0.436327
0.432498
0.425571
0.414547
0.399025
0.37785
0.351408
0.31799
0.279082
0.236166
0.190208
0.144815
0.102669
0.0679215
0.0411584
0.0232085
0.0129201
0.00727382
0.00412693
0.00241317
0.00145995
0.00103758
0.000868794
0.000804664
0.000756837
0.000733395
0.000757985
0.00101727
0.00187912
0.00271921
0.00315797
0.00308498
0.00260729
0.00193883
0.00128319
0.000762924
0.000411321
0.000203753
9.57302e-05
4.5304e-05
2.16959e-05
1.04342e-05
4.93977e-06
2.21528e-06
8.63016e-07
2.08622e-07
-8.4293e-08
-1.88703e-07
-1.96319e-07
-1.56511e-07
-9.58416e-08
-2.88475e-08
3.33083e-08
7.71119e-08
9.41659e-08
9.30178e-08
8.14036e-08
6.5435e-08
4.92351e-08
3.51057e-08
2.28295e-08
8.66443e-22
-9.36874e-21
5.90861e-20
-2.60203e-19
9.09723e-19
-2.94082e-18
1.20857e-17
-5.21077e-17
-5.70338e-17
-3.75208e-17
-5.36748e-17
-1.16474e-16
-5.06754e-16
-2.13945e-15
-5.96852e-15
-1.13431e-14
-1.37617e-14
-1.943e-14
-2.88886e-14
-4.09872e-14
-5.17961e-14
-3.59926e-14
-2.32551e-15
2.28893e-14
-4.32688e-13
-2.68242e-12
-5.51958e-12
-4.79628e-12
-4.50557e-12
1.72892e-11
2.61959e-11
5.74454e-11
2.59105e-10
8.54264e-10
2.44894e-09
5.21533e-09
8.51474e-09
1.12623e-08
1.27618e-08
1.29977e-08
1.21764e-08
1.11452e-08
1.02798e-08
9.71832e-09
9.50967e-09
9.56011e-09
9.75898e-09
1.0143e-08
1.06063e-08
1.11495e-08
1.1737e-08
1.23199e-08
1.29452e-08
1.3658e-08
1.40709e-08
1.33418e-08
1.20334e-08
-2.87601e-09
-4.82507e-08
-1.66115e-07
-4.41107e-07
-9.15807e-07
-2.01974e-06
-4.21075e-06
-7.97401e-06
-1.21797e-05
-1.86263e-05
-2.80102e-05
-4.19484e-05
-3.64459e-05
-9.45198e-06
4.26648e-05
0.000116656
0.000205761
0.000435427
0.00125377
0.00267871
0.00475566
0.00754405
0.0113122
0.0163159
0.0226169
0.0306109
0.040389
0.0535479
0.0694291
0.0864163
0.105453
0.126225
0.14776
0.160672
0.17241
0.185321
0.19939
0.207096
0.210023
0.211315
0.210814
0.209023
0.206227
0.201658
0.194534
0.185526
0.178811
0.176793
0.178644
0.183111
0.188329
0.19341
0.198335
0.203635
0.210233
0.218704
0.228769
0.240333
0.253204
0.266979
0.281091
0.295088
0.308842
0.322149
0.334924
0.347098
0.358852
0.369986
0.38038
0.390128
0.399171
0.407616
0.415577
0.423029
0.430112
0.436762
0.443111
0.449283
0.455667
0.461911
0.467591
0.472886
0.477307
0.479817
0.481438
0.481919
0.480597
0.476116
0.467637
0.453292
0.431114
0.400484
0.361272
0.315706
0.26444
0.212403
0.161752
0.115854
0.0774045
0.0483883
0.028342
0.0168358
0.0105566
0.00776547
0.00657321
0.00621845
0.0066707
0.00849659
0.0117137
0.0162075
0.0201303
0.0220701
0.0218924
0.0200144
0.0170654
0.0136746
0.0103476
0.0074183
0.00504977
0.00326875
0.002004
0.00116837
0.000695981
0.00043058
0.000275561
0.000182457
0.000125802
9.11069e-05
6.96177e-05
5.58441e-05
4.63531e-05
3.91054e-05
3.29303e-05
2.72505e-05
2.1805e-05
1.65876e-05
1.19566e-05
8.23461e-06
5.41922e-06
3.39999e-06
2.02786e-06
1.14115e-06
4.63747e-07
5.74921e-23
-7.6619e-22
3.61176e-21
-9.69548e-21
3.09351e-20
-1.90397e-19
1.05384e-18
-2.43753e-18
-3.57354e-18
-2.57478e-18
-7.82785e-18
-2.08978e-17
-7.0575e-18
-4.49588e-17
-1.21976e-16
-1.48048e-16
-2.36737e-16
-6.39589e-16
-1.60021e-15
-2.90806e-15
-4.52391e-15
-5.51865e-15
3.48733e-15
-4.79521e-15
-1.37418e-13
-2.30306e-13
-1.51772e-13
6.7681e-14
2.31243e-12
6.95494e-12
1.83689e-11
2.40483e-11
3.28588e-11
7.42166e-11
1.99638e-10
4.16104e-10
6.99097e-10
9.69702e-10
1.16936e-09
1.28207e-09
1.29376e-09
1.26417e-09
1.22086e-09
1.18496e-09
1.17285e-09
1.17347e-09
1.1764e-09
1.19304e-09
1.2128e-09
1.23653e-09
1.26996e-09
1.3169e-09
1.36382e-09
1.39709e-09
1.61437e-09
1.98488e-09
2.48629e-09
2.61156e-09
8.51677e-10
-7.10549e-09
-3.13233e-08
-8.79823e-08
-2.98517e-07
-7.58005e-07
-1.55059e-06
-2.55763e-06
-4.31021e-06
-6.99836e-06
-1.11935e-05
-1.58475e-05
-2.16988e-05
-2.90872e-05
-3.77471e-05
-4.65924e-05
-4.50069e-05
-2.86971e-05
-2.73956e-06
2.81326e-05
6.11749e-05
9.66586e-05
0.000149092
0.000286162
0.00115269
0.00302518
0.00633712
0.0115852
0.0191908
0.0302842
0.0458049
0.0660903
0.088379
0.111416
0.134795
0.157533
0.180271
0.197676
0.207844
0.216037
0.222973
0.228324
0.232965
0.239409
0.241232
0.239134
0.234455
0.228372
0.221965
0.21644
0.21242
0.209901
0.208791
0.208871
0.209904
0.212397
0.216015
0.220847
0.226641
0.233232
0.240777
0.248976
0.257553
0.266466
0.275622
0.28487
0.2942
0.303647
0.313304
0.323247
0.333457
0.343923
0.35477
0.366032
0.377484
0.389389
0.401511
0.413758
0.426175
0.43852
0.450657
0.462359
0.473165
0.482577
0.490362
0.49613
0.497974
0.497615
0.495823
0.491106
0.481766
0.465567
0.441802
0.407266
0.365221
0.316497
0.264758
0.212156
0.163097
0.119371
0.0856364
0.060624
0.046877
0.0399836
0.0382723
0.040313
0.0455364
0.0515994
0.057104
0.0595748
0.0582792
0.0539389
0.0476251
0.0403643
0.0329813
0.0260597
0.0199591
0.0148525
0.0107692
0.00763768
0.00532575
0.00367585
0.00253184
0.00175592
0.00123663
0.000889899
0.000655793
0.000493636
0.000377002
0.000289546
0.000221682
0.000167898
0.00012506
9.12393e-05
6.50194e-05
4.51926e-05
3.06117e-05
2.01732e-05
1.2908e-05
7.98094e-06
4.85845e-06
2.15092e-06
-1.12244e-23
1.31706e-22
-6.94694e-22
2.47006e-21
-7.55505e-21
1.90499e-20
-5.59064e-20
1.87349e-19
2.22491e-19
1.94346e-19
6.23808e-19
3.1843e-19
-1.01213e-18
-2.45961e-19
5.44673e-18
5.12165e-18
-3.22109e-18
-2.25348e-17
-3.12772e-17
-1.17606e-16
5.88951e-17
5.39418e-16
7.62931e-16
-2.48764e-15
-1.23761e-14
-8.49322e-15
5.41673e-14
1.78706e-13
4.54664e-13
5.5482e-13
1.3784e-12
1.58028e-12
2.05559e-12
5.68774e-12
1.68018e-11
3.56649e-11
6.19255e-11
8.92341e-11
1.11485e-10
1.24967e-10
1.2653e-10
1.23562e-10
1.25072e-10
1.42642e-10
1.80128e-10
2.20367e-10
3.21077e-10
4.09915e-10
4.95126e-10
5.9152e-10
8.07234e-10
1.10836e-09
1.41464e-09
1.68493e-09
1.92673e-09
2.22105e-09
2.59117e-09
3.03791e-09
3.44906e-09
3.29239e-09
1.34886e-09
-3.8354e-09
-2.14645e-08
-6.46832e-08
-1.53373e-07
-2.83795e-07
-6.8449e-07
-1.39755e-06
-2.49205e-06
-3.75428e-06
-5.2462e-06
-7.45025e-06
-9.80429e-06
-1.23765e-05
-1.40938e-05
-1.51028e-05
-1.53614e-05
-1.40258e-05
-1.07652e-05
-4.9619e-06
4.97371e-06
2.30418e-05
5.36346e-05
9.31481e-05
0.000161797
0.000328731
0.000788712
0.00215246
0.00517561
0.0104596
0.018526
0.0303647
0.0465975
0.0649888
0.0850119
0.104541
0.121748
0.134942
0.143778
0.147354
0.146332
0.140848
0.131896
0.120593
0.108628
0.097977
0.0893843
0.0831253
0.0789397
0.0764054
0.0753695
0.0756535
0.0771187
0.0798004
0.0834017
0.0880102
0.0935601
0.0999559
0.107215
0.115262
0.123956
0.133363
0.143423
0.154066
0.165492
0.177915
0.191382
0.205824
0.221213
0.237606
0.255093
0.273638
0.292983
0.313146
0.333785
0.354632
0.375422
0.395724
0.415197
0.433494
0.450297
0.465463
0.478986
0.490146
0.495926
0.497494
0.49741
0.496441
0.495006
0.491292
0.484061
0.470713
0.450414
0.422073
0.387027
0.344352
0.297758
0.249473
0.20642
0.168637
0.143751
0.128248
0.120265
0.117066
0.117109
0.116443
0.113809
0.107482
0.0978163
0.0862056
0.0739479
0.0619826
0.0508941
0.040997
0.0324253
0.0251975
0.0192574
0.014498
0.010778
0.00793762
0.00581268
0.00424842
0.00310892
0.00228211
0.00168068
0.00123986
0.000913546
0.000669869
0.000487084
0.00035014
0.000248262
0.000173361
0.000119129
8.04969e-05
5.34035e-05
3.47292e-05
2.21028e-05
1.37008e-05
8.43564e-06
3.84444e-06
-2.12596e-24
1.28722e-23
1.95058e-24
-1.76797e-22
5.14701e-22
-3.01758e-22
-2.09162e-21
3.42646e-21
1.04134e-20
-6.90167e-21
-4.24414e-21
8.10945e-20
8.87019e-20
1.26001e-19
3.34986e-19
-2.22269e-19
-9.26964e-19
1.58976e-18
1.15582e-17
2.63386e-17
4.63252e-17
9.61427e-17
4.68726e-17
-1.98814e-16
2.22598e-16
4.09882e-15
1.03335e-14
1.28024e-14
9.56441e-15
1.222e-14
2.55781e-14
5.20146e-14
1.17542e-13
4.54177e-13
1.48205e-12
3.21928e-12
5.73885e-12
8.51903e-12
1.11075e-11
1.24968e-11
1.83014e-11
2.4783e-11
6.1602e-11
1.09441e-10
4.8551e-10
1.28281e-09
2.70734e-09
4.81686e-09
7.78951e-09
1.16801e-08
1.67082e-08
2.27025e-08
2.91577e-08
3.5652e-08
4.13487e-08
4.5862e-08
4.90262e-08
5.06252e-08
5.14559e-08
5.08964e-08
4.96024e-08
4.71318e-08
4.45969e-08
3.97638e-08
2.85099e-08
1.0075e-08
-3.43912e-08
-1.15101e-07
-2.45952e-07
-4.13006e-07
-6.88095e-07
-1.24814e-06
-1.91574e-06
-2.64712e-06
-3.29481e-06
-3.68583e-06
-3.96719e-06
-3.71334e-06
-2.87762e-06
-1.33156e-06
9.6349e-07
4.41464e-06
9.74564e-06
1.7452e-05
2.97572e-05
5.10675e-05
7.76177e-05
0.000103655
0.000154095
0.000305841
0.000756841
0.00199118
0.00463459
0.00875281
0.0143894
0.0210296
0.0283428
0.0351747
0.0405064
0.0426854
0.0416824
0.0376692
0.0316778
0.0251862
0.0196595
0.015671
0.0130444
0.011491
0.0107466
0.0106225
0.0110316
0.0119012
0.0132238
0.0150553
0.0174024
0.0203583
0.0239873
0.0283022
0.0334309
0.0394945
0.0466418
0.0550435
0.0649369
0.0767915
0.0906017
0.105543
0.121394
0.139113
0.159711
0.182371
0.206635
0.232072
0.258233
0.284563
0.310552
0.335782
0.359897
0.38239
0.402754
0.420836
0.436345
0.449138
0.45919
0.466856
0.472366
0.475591
0.476732
0.47623
0.474624
0.472169
0.468227
0.461437
0.452889
0.443408
0.428349
0.406798
0.379212
0.34573
0.311038
0.276144
0.248413
0.227065
0.210407
0.196414
0.181421
0.168084
0.151589
0.133119
0.114312
0.0965181
0.0804964
0.0665122
0.0545251
0.0443503
0.0357644
0.0285595
0.0225597
0.0176168
0.0135994
0.0103836
0.00784895
0.00587941
0.00436751
0.0032181
0.00235086
0.00170076
0.00121678
0.000859531
0.000598732
0.000410946
0.000277844
0.000185094
0.000121589
7.87197e-05
5.01996e-05
3.15049e-05
1.94294e-05
1.171e-05
7.01561e-06
3.05345e-06
1.25138e-23
-1.18186e-22
5.14446e-22
-1.09704e-21
3.10323e-21
-8.38153e-21
5.74629e-21
1.96797e-20
2.46993e-20
-1.17915e-19
4.46471e-20
-7.98128e-20
-3.4608e-19
-4.92275e-19
1.07508e-18
6.11996e-18
6.35402e-18
1.28287e-17
1.77147e-17
1.5888e-17
4.50226e-18
-1.93794e-17
-4.77904e-17
-4.70391e-17
9.39723e-17
2.67364e-16
2.39107e-16
2.36951e-16
1.293e-16
1.6852e-16
5.58961e-16
2.05179e-15
7.80467e-15
3.83609e-14
1.33168e-13
2.96471e-13
5.43954e-13
8.27943e-13
1.15063e-12
2.16301e-12
2.55283e-11
8.51724e-11
8.52171e-10
2.2065e-09
5.79625e-09
1.06636e-08
1.66827e-08
2.3805e-08
3.26442e-08
4.35054e-08
5.67419e-08
7.24224e-08
9.00078e-08
1.0871e-07
1.26614e-07
1.42482e-07
1.5849e-07
1.73331e-07
1.81496e-07
1.85292e-07
1.88561e-07
1.89149e-07
1.87488e-07
1.83967e-07
1.78404e-07
1.70897e-07
1.61671e-07
1.50615e-07
1.33291e-07
1.09405e-07
7.59257e-08
2.23288e-08
-4.16161e-08
-1.12333e-07
-1.78631e-07
-2.1633e-07
-3.08964e-07
-4.2329e-07
-4.00691e-07
-2.12015e-07
2.17053e-07
8.16524e-07
1.5502e-06
2.6553e-06
4.38003e-06
7.11433e-06
1.12316e-05
1.6995e-05
2.65727e-05
4.15018e-05
5.36824e-05
5.56323e-05
5.04056e-05
4.13596e-05
4.09517e-05
8.09518e-05
0.000203327
0.000375419
0.000534541
0.000636729
0.000680412
0.000677684
0.000659168
0.000649513
0.000667674
0.000728204
0.00083492
0.000999615
0.00124409
0.00159603
0.00208774
0.00275616
0.003676
0.00486567
0.00640239
0.00836507
0.010843
0.0139074
0.0180797
0.023435
0.0302139
0.0385801
0.0489631
0.0622456
0.0786882
0.0982459
0.120675
0.14553
0.172152
0.199831
0.227875
0.255677
0.28291
0.308953
0.332705
0.353268
0.37152
0.388268
0.401281
0.406832
0.410542
0.412442
0.411905
0.409541
0.406112
0.402356
0.399065
0.396431
0.394225
0.393213
0.39258
0.393152
0.392465
0.390634
0.387164
0.380752
0.368099
0.355182
0.338131
0.316633
0.293621
0.270415
0.246659
0.221872
0.195437
0.167868
0.140271
0.114851
0.093006
0.0750134
0.0605717
0.0491101
0.0399994
0.0326755
0.0266915
0.0217236
0.0175534
0.0140394
0.0110887
0.00863484
0.00662206
0.00499733
0.00370816
0.00270325
0.00193424
0.00135708
0.000932829
0.000627852
0.000413658
0.000266609
0.000168123
0.000103943
6.3036e-05
3.75315e-05
2.19323e-05
1.2527e-05
6.9456e-06
3.72799e-06
2.00029e-06
7.96243e-07
1.15183e-22
-1.04208e-22
-3.65233e-21
1.96208e-20
-4.43915e-20
2.07862e-20
1.13091e-19
-1.37197e-20
-7.75817e-19
1.79817e-19
-6.37939e-20
-6.8509e-18
-1.14714e-17
-3.94443e-17
-9.53388e-17
-1.52985e-16
-1.73429e-16
-7.25534e-17
-4.38223e-17
-4.71466e-16
-1.5914e-15
-2.66807e-15
-3.31599e-15
-3.60569e-15
-3.60678e-15
-3.38329e-15
-2.63628e-15
-1.7828e-15
-9.60902e-16
-1.8416e-16
4.86554e-16
1.10767e-15
2.09033e-15
5.36e-15
1.2306e-14
2.09473e-14
3.51085e-14
2.86745e-13
-1.18558e-12
2.09168e-11
4.82201e-11
5.63171e-10
3.63353e-09
8.73435e-09
1.33466e-08
2.08715e-08
2.82308e-08
3.64562e-08
4.74333e-08
6.04974e-08
7.64305e-08
9.56603e-08
1.18378e-07
1.43647e-07
1.68264e-07
1.87123e-07
1.96212e-07
1.94142e-07
1.82552e-07
1.6587e-07
1.47868e-07
1.31879e-07
1.19842e-07
1.12363e-07
1.08742e-07
1.0745e-07
1.07085e-07
1.06401e-07
1.04359e-07
1.00251e-07
9.33221e-08
8.29892e-08
7.03178e-08
5.78927e-08
4.73843e-08
4.2662e-08
4.26909e-08
4.82189e-08
6.66424e-08
9.94141e-08
1.52757e-07
2.58679e-07
3.97468e-07
5.84073e-07
8.59142e-07
1.23739e-06
1.74405e-06
2.48057e-06
3.57004e-06
5.08467e-06
6.98141e-06
8.89787e-06
9.67305e-06
8.57315e-06
5.84509e-06
-1.07502e-06
-6.76264e-06
-9.90417e-06
-1.05744e-05
-8.27768e-06
-2.22449e-06
8.71003e-06
2.6112e-05
5.20877e-05
8.92174e-05
0.000140565
0.000200479
0.000312487
0.000495784
0.000779403
0.00119953
0.00186782
0.00288364
0.00433027
0.00631883
0.00897976
0.0124929
0.017841
0.0254087
0.0352724
0.0478309
0.0631354
0.081521
0.103782
0.128391
0.154653
0.182042
0.209122
0.235608
0.26136
0.284844
0.305073
0.322985
0.340051
0.355763
0.362103
0.362385
0.360082
0.353964
0.344429
0.332633
0.319901
0.30673
0.29411
0.282571
0.272572
0.26474
0.259302
0.25586
0.255135
0.255834
0.259061
0.263058
0.268181
0.27288
0.278207
0.282751
0.283777
0.278034
0.267872
0.250764
0.228174
0.201532
0.172357
0.141496
0.111873
0.0854774
0.064223
0.0481439
0.0364579
0.0281336
0.0222088
0.0179146
0.0146934
0.0121669
0.0100925
0.00832516
0.00678641
0.00543851
0.00426905
0.0032729
0.00244406
0.00177397
0.00124946
0.000852895
0.000563793
0.000360724
0.000223349
0.000133484
7.49094e-05
3.94646e-05
2.1545e-05
1.24422e-05
7.4425e-06
4.46106e-06
2.58726e-06
1.39752e-06
6.80029e-07
2.95009e-07
9.28836e-08
-3.66972e-22
3.18392e-21
-1.87228e-20
8.29009e-20
-2.76497e-19
5.67324e-19
-1.65737e-19
-1.64531e-18
-4.21446e-18
7.96268e-18
-8.35997e-18
-7.64985e-17
-6.05883e-16
-2.31258e-15
-6.04553e-15
-9.70003e-15
-1.30111e-14
-1.21624e-14
-8.06342e-15
-6.22423e-15
-1.46153e-14
-3.32883e-14
-5.08274e-14
-5.76e-14
-4.98978e-14
-2.66717e-14
1.28208e-14
6.74041e-14
1.35673e-13
2.21133e-13
3.21274e-13
4.10958e-13
4.63052e-13
4.7697e-13
4.72852e-13
4.6937e-13
1.12068e-13
1.2256e-12
-1.24969e-11
1.54546e-10
-4.48115e-10
4.04851e-10
-1.03463e-09
5.00453e-09
-4.72037e-08
-1.63258e-07
-3.30375e-07
-5.18209e-07
-7.16965e-07
-9.05665e-07
-1.04648e-06
-1.12391e-06
-1.13038e-06
-1.09557e-06
-1.04836e-06
-1.02164e-06
-1.05794e-06
-1.18308e-06
-1.4326e-06
-1.77683e-06
-2.20005e-06
-2.6246e-06
-2.99519e-06
-3.25656e-06
-3.3765e-06
-3.35349e-06
-3.19923e-06
-2.94637e-06
-2.63485e-06
-2.29938e-06
-1.98094e-06
-1.69374e-06
-1.4573e-06
-1.27448e-06
-1.14428e-06
-1.05957e-06
-1.00331e-06
-9.4878e-07
-8.57055e-07
-7.53728e-07
-6.66468e-07
-5.71418e-07
-4.62009e-07
-3.34988e-07
-1.75588e-07
3.55905e-08
3.01006e-07
6.22235e-07
9.94619e-07
1.39748e-06
1.78612e-06
2.08519e-06
2.26606e-06
2.17405e-06
1.41199e-06
-1.2913e-08
-1.40861e-06
-1.87064e-06
-1.84528e-07
5.25149e-06
1.65246e-05
3.7143e-05
7.19909e-05
0.000128183
0.000221076
0.000374354
0.000615141
0.000979908
0.00150848
0.00223779
0.00342161
0.00617006
0.0106196
0.0169366
0.0255195
0.036523
0.049813
0.0661188
0.0844247
0.104425
0.12692
0.151541
0.175814
0.1989
0.221304
0.242718
0.263026
0.277444
0.290366
0.305542
0.317744
0.319851
0.318136
0.313225
0.302828
0.286603
0.267561
0.247374
0.22685
0.207051
0.188056
0.170758
0.155081
0.141667
0.130489
0.121639
0.115187
0.111123
0.108896
0.109065
0.110513
0.114182
0.118799
0.125188
0.132127
0.140189
0.148806
0.157214
0.158904
0.15615
0.144689
0.126995
0.105506
0.0825727
0.0602116
0.0414693
0.0273217
0.0177622
0.0117404
0.00818347
0.00605354
0.00471491
0.00381877
0.00317623
0.00268042
0.00226864
0.00190525
0.00157326
0.00126537
0.000983547
0.000734873
0.000527464
0.000364524
0.000243747
0.000158685
0.000101155
6.34142e-05
3.92178e-05
2.39926e-05
1.44923e-05
8.37532e-06
4.46741e-06
2.23026e-06
1.10611e-06
5.62325e-07
2.89398e-07
1.45524e-07
6.75544e-08
2.43359e-08
-5.57331e-10
-1.60574e-21
-1.03641e-20
9.62419e-20
-3.26162e-19
4.90491e-19
6.34979e-19
-3.6224e-18
-2.5768e-18
-1.06477e-17
2.96097e-17
-2.38151e-16
-2.55743e-15
-2.66345e-14
-1.21394e-13
-3.65293e-13
-6.89886e-13
-1.03361e-12
-1.0282e-12
-7.76044e-13
-4.71304e-13
-4.17457e-13
-5.4159e-13
-9.0501e-13
-1.88488e-12
-2.86697e-12
-3.18165e-12
-3.08979e-12
-2.7211e-12
-2.21262e-12
-1.6907e-12
-1.25071e-12
-9.49228e-13
-8.00193e-13
-7.72928e-13
-8.581e-13
-1.0616e-12
-1.58235e-12
-7.95343e-13
-1.39572e-11
-5.98773e-10
-2.80848e-09
-7.44473e-08
-1.63212e-07
-6.41817e-07
-1.36832e-06
-2.16612e-06
-2.90072e-06
-3.49486e-06
-3.98033e-06
-4.37895e-06
-4.68901e-06
-4.88634e-06
-4.99534e-06
-4.96389e-06
-4.9114e-06
-4.94436e-06
-5.16364e-06
-5.6324e-06
-6.37411e-06
-7.32694e-06
-8.41442e-06
-9.499e-06
-1.04638e-05
-1.12011e-05
-1.16502e-05
-1.18047e-05
-1.16782e-05
-1.12858e-05
-1.06467e-05
-9.78846e-06
-8.76237e-06
-7.60972e-06
-6.38136e-06
-5.11193e-06
-3.83163e-06
-2.57165e-06
-1.36011e-06
-2.22876e-07
8.25085e-07
1.82261e-06
2.82659e-06
3.88688e-06
5.03634e-06
6.30308e-06
7.722e-06
9.32374e-06
1.1136e-05
1.32306e-05
1.56303e-05
1.84497e-05
2.17851e-05
2.58953e-05
3.10469e-05
3.79776e-05
4.73677e-05
6.10806e-05
8.13326e-05
0.00011227
0.000159555
0.000233419
0.000347147
0.000522235
0.000780873
0.00116609
0.00218762
0.00479565
0.00927561
0.0159235
0.0247914
0.0360232
0.0493741
0.0651239
0.0817814
0.0995805
0.119847
0.140976
0.161487
0.18143
0.200706
0.219017
0.237603
0.253099
0.261561
0.26847
0.27829
0.285558
0.285387
0.282261
0.276259
0.265995
0.248374
0.225005
0.199496
0.174209
0.149927
0.127689
0.107777
0.0904612
0.0755227
0.0629918
0.0521933
0.0434825
0.0368485
0.0320532
0.0284868
0.0258791
0.0240154
0.0228201
0.0220731
0.0220286
0.0223597
0.023552
0.025213
0.0278982
0.0312372
0.0357286
0.0410425
0.0472595
0.0495284
0.0490934
0.0430982
0.0341661
0.0243691
0.0157363
0.00945202
0.00557704
0.00333983
0.00209216
0.00138783
0.000974848
0.000723055
0.000563365
0.000457001
0.000381268
0.000322577
0.000272935
0.000227851
0.0001855
0.000146741
0.000112584
8.36023e-05
5.99123e-05
4.12798e-05
2.7354e-05
1.74522e-05
1.07471e-05
6.41558e-06
3.73508e-06
2.1359e-06
1.20899e-06
6.80545e-07
3.76593e-07
2.01396e-07
1.02921e-07
4.99475e-08
2.27611e-08
9.34183e-09
2.8315e-09
-4.17762e-10
-2.01722e-09
-4.80913e-21
-4.63042e-20
3.7893e-19
-1.7171e-18
5.4769e-18
-1.0612e-17
8.19562e-19
1.36977e-16
1.80536e-16
-1.46772e-17
-6.0926e-15
-4.24577e-14
-2.64679e-13
-1.48702e-12
-5.52558e-12
-1.69836e-11
-3.94431e-11
-6.2052e-11
-6.41684e-11
-4.68044e-11
-2.7498e-11
-1.21805e-11
-7.54982e-12
-1.18442e-11
-7.32757e-11
-1.70969e-10
-3.17035e-10
-5.14739e-10
-7.5607e-10
-1.02198e-09
-1.28449e-09
-1.51116e-09
-1.67307e-09
-1.73817e-09
-1.73827e-09
-1.68907e-09
-1.81203e-09
-1.53801e-09
-2.75766e-09
-1.43632e-08
-6.72056e-09
-2.39513e-07
-5.90959e-07
-2.22073e-06
-3.32512e-06
-4.13205e-06
-4.56823e-06
-4.60299e-06
-4.29057e-06
-3.72241e-06
-2.88129e-06
-9.55587e-07
5.52776e-06
2.65602e-05
8.16348e-05
0.000194017
0.000381494
0.000644989
0.000979116
0.00134595
0.00172635
0.00207143
0.0023613
0.0025666
0.00268384
0.00271088
0.00266274
0.00255143
0.00240112
0.00222267
0.0020388
0.00185281
0.00167919
0.00152075
0.00138048
0.00126184
0.0011631
0.00108475
0.00102425
0.000981606
0.000954175
0.00094107
0.000940529
0.000950971
0.000971778
0.00100222
0.00104131
0.00109175
0.00115203
0.00122737
0.00131914
0.00143717
0.00158554
0.00178636
0.00205162
0.00242463
0.00295679
0.0038547
0.00535135
0.00796345
0.0120317
0.0183097
0.0279015
0.0420987
0.0588408
0.0780523
0.0986937
0.119728
0.140547
0.16153
0.180978
0.198623
0.214269
0.229327
0.243207
0.252003
0.258745
0.26542
0.270893
0.273287
0.271483
0.266725
0.259028
0.248656
0.233681
0.210222
0.181015
0.151711
0.124232
0.0994252
0.0774732
0.0582751
0.0431961
0.0330676
0.0259196
0.0206641
0.0166018
0.0134364
0.0109085
0.00890701
0.00728239
0.00600658
0.00497607
0.00414735
0.00347504
0.00293265
0.00249214
0.00213578
0.00184184
0.00160501
0.00140627
0.00124759
0.00111353
0.00100925
0.000924208
0.000864597
0.0010274
0.00153747
0.00165999
0.00146909
0.000974327
0.000590449
0.00033269
0.000174208
8.28674e-05
3.48102e-05
1.11449e-05
3.3083e-07
-4.85236e-06
-7.9898e-06
-9.87547e-06
-1.08839e-05
-1.12924e-05
-1.12166e-05
-1.07053e-05
-9.77067e-06
-8.58585e-06
-7.31451e-06
-6.0696e-06
-4.92014e-06
-3.90436e-06
-3.03764e-06
-2.31876e-06
-1.7358e-06
-1.26968e-06
-9.06788e-07
-6.30639e-07
-4.23336e-07
-2.69272e-07
-1.5657e-07
-7.77778e-08
-2.90471e-08
-5.83703e-09
7.16567e-10
1.28596e-09
9.01041e-10
4.53047e-10
1.14519e-10
-8.76116e-11
-8.89116e-11
-2.04757e-20
8.15262e-20
-2.36286e-19
-1.38285e-19
5.56521e-18
-3.08207e-17
4.93775e-17
1.00674e-15
6.12237e-15
-2.22257e-14
-1.24939e-13
-9.57417e-13
-7.36086e-12
-4.41567e-11
-1.88989e-10
-6.40983e-10
-1.78584e-09
-3.24969e-09
-3.85392e-09
-3.0514e-09
-1.6872e-09
-3.35292e-10
2.67204e-10
7.64466e-11
-7.74318e-10
-2.20141e-09
-4.16639e-09
-6.54791e-09
-9.11849e-09
-1.15831e-08
-1.36368e-08
-1.50286e-08
-1.56257e-08
-1.54008e-08
-1.45351e-08
-1.31577e-08
-1.12971e-08
-8.85093e-09
1.38813e-08
9.82002e-08
3.35479e-07
1.08753e-06
8.95468e-07
0.00011332
0.000847861
0.002026
0.00353422
0.00522588
0.00712889
0.00921904
0.011583
0.0141968
0.0170408
0.0200553
0.0232289
0.0265817
0.0302406
0.0340692
0.0380612
0.0414666
0.0443997
0.0464065
0.0475515
0.0476551
0.0468714
0.0452337
0.0429744
0.0401924
0.0371755
0.0339622
0.0308736
0.0281025
0.0258415
0.0240791
0.0227715
0.0219024
0.0213951
0.0212334
0.0213489
0.0217367
0.0223386
0.0231331
0.0240842
0.0251533
0.0263686
0.0276745
0.0290193
0.0305075
0.0320562
0.0338497
0.0358348
0.0382819
0.0411216
0.0448647
0.0494654
0.0558832
0.064135
0.0749013
0.0879151
0.103735
0.121816
0.142528
0.168364
0.193911
0.209649
0.224573
0.239633
0.250807
0.259443
0.268938
0.275298
0.276446
0.274887
0.270143
0.262881
0.25359
0.242686
0.229071
0.209674
0.181807
0.150824
0.119816
0.090117
0.0627871
0.04241
0.0306282
0.0230974
0.0176166
0.0134312
0.0102066
0.00771781
0.00582285
0.00440539
0.00332747
0.00250736
0.00189464
0.00143511
0.00109159
0.000832661
0.000638722
0.00049147
0.000380478
0.000295775
0.000231127
0.000181208
0.000142467
0.000111954
8.74822e-05
6.7411e-05
5.00344e-05
3.4788e-05
1.97076e-05
5.19944e-06
-1.08191e-05
-2.65486e-05
-4.47516e-05
-5.98205e-05
-7.07177e-05
-7.02841e-05
-6.49488e-05
-5.77758e-05
-4.99966e-05
-4.21678e-05
-3.48146e-05
-2.83291e-05
-2.29356e-05
-1.72069e-05
-1.13008e-05
-7.20107e-06
-4.68443e-06
-3.14311e-06
-2.25847e-06
-1.82426e-06
-1.52528e-06
-1.24789e-06
-1.07905e-06
-9.42411e-07
-7.80215e-07
-5.98473e-07
-4.24926e-07
-2.78038e-07
-1.66701e-07
-9.17608e-08
-4.78585e-08
-2.69761e-08
-1.60143e-08
-9.54677e-09
-5.74922e-09
-3.72569e-09
-3.03607e-09
-2.90148e-09
-2.12425e-09
-9.91916e-10
-1.34525e-10
7.12443e-11
4.65942e-11
3.36821e-11
2.32257e-11
1.43773e-11
5.15266e-12
5.2707e-21
1.39646e-19
-1.33627e-18
7.15062e-18
-2.68623e-17
7.83592e-17
4.68207e-17
-2.18926e-15
1.15583e-13
-2.8202e-13
-9.47882e-13
-5.37308e-12
-1.46026e-11
1.71446e-11
3.77203e-10
2.39592e-09
9.46887e-09
3.6026e-08
9.53929e-08
2.0266e-07
3.22258e-07
4.9941e-07
7.64828e-07
1.1258e-06
1.57426e-06
2.10155e-06
2.70041e-06
3.38924e-06
4.26157e-06
5.3142e-06
6.5315e-06
7.91566e-06
9.4469e-06
1.10321e-05
1.27558e-05
1.47601e-05
1.78127e-05
2.3128e-05
0.000184642
0.000671369
0.00184858
0.00418235
0.00871752
0.0148781
0.0221002
0.0295313
0.0373825
0.045726
0.0552085
0.0655004
0.0762151
0.0866947
0.0966095
0.105741
0.11463
0.123673
0.129408
0.131528
0.132307
0.132225
0.131909
0.131187
0.130432
0.129598
0.129035
0.12875
0.129766
0.130848
0.133331
0.13645
0.139076
0.140811
0.14221
0.143422
0.144614
0.146008
0.147528
0.149313
0.151216
0.153341
0.155538
0.157828
0.16017
0.162532
0.164897
0.167357
0.169887
0.172675
0.175587
0.17886
0.182359
0.186331
0.190495
0.194747
0.199226
0.205729
0.21326
0.220815
0.222451
0.221782
0.220057
0.217129
0.213325
0.20849
0.202507
0.193883
0.181495
0.165659
0.149245
0.13209
0.114016
0.0939863
0.0718584
0.051059
0.037096
0.0282042
0.0221794
0.01761
0.0138416
0.0107896
0.0081673
0.00593645
0.00403398
0.00257148
0.00177597
0.00121599
0.000825744
0.000556654
0.000372608
0.000247674
0.000163368
0.000106838
6.93474e-05
4.46723e-05
2.84937e-05
1.80078e-05
1.12615e-05
6.96465e-06
4.25114e-06
2.55051e-06
1.49628e-06
8.41372e-07
4.43901e-07
1.88417e-07
2.90481e-08
-9.56448e-08
-1.98717e-07
-3.26937e-07
-4.61615e-07
-6.86288e-07
-9.29522e-07
-1.34055e-06
-1.78917e-06
-2.47356e-06
-4.29941e-06
-7.67659e-06
-1.20613e-05
-1.72113e-05
-1.68802e-05
-1.43077e-05
-1.05987e-05
-7.26614e-06
-4.77578e-06
-3.06281e-06
-1.92539e-06
-1.23843e-06
-8.30268e-07
-5.90792e-07
-4.41169e-07
-3.39967e-07
-2.63016e-07
-1.99899e-07
-1.47793e-07
-1.05723e-07
-7.21155e-08
-4.69044e-08
-2.94912e-08
-1.79809e-08
-1.06405e-08
-6.11713e-09
-3.42532e-09
-1.87161e-09
-1.00034e-09
-5.24429e-10
-2.70405e-10
-1.37578e-10
-6.98814e-11
-3.6472e-11
-2.11058e-11
-1.52353e-11
-1.47304e-11
-1.63113e-11
-1.57057e-11
-9.64894e-12
-8.71556e-13
-8.78599e-14
-2.54112e-14
3.35372e-13
9.25863e-13
4.08552e-13
1.10929e-19
-5.40406e-19
1.59272e-18
-1.08118e-18
-3.11166e-17
3.51021e-16
-2.53234e-15
-4.83882e-13
-6.77037e-12
2.56402e-12
4.56263e-10
7.18859e-09
7.95535e-08
7.73351e-07
5.25136e-06
2.77242e-05
0.000119025
0.000370705
0.000781863
0.00122512
0.00164259
0.00195386
0.00247821
0.00319958
0.00400556
0.0047903
0.00543204
0.00600531
0.00701818
0.00796934
0.00865806
0.00928745
0.00999663
0.0107305
0.0115079
0.0122575
0.0132617
0.0151835
0.0183697
0.0232369
0.0300616
0.0387851
0.0487581
0.0568292
0.065064
0.0761582
0.090953
0.109977
0.132756
0.151946
0.159325
0.161142
0.160367
0.157278
0.152153
0.145397
0.137913
0.130594
0.123433
0.115039
0.10363
0.0896912
0.0770078
0.0680996
0.06336
0.0629713
0.0656963
0.0707766
0.0766385
0.0825808
0.0877501
0.0922083
0.0957974
0.0986407
0.100852
0.102417
0.103553
0.104224
0.104682
0.104907
0.105075
0.105225
0.105397
0.105604
0.105796
0.10586
0.105793
0.105281
0.104433
0.102798
0.100538
0.0971298
0.092837
0.0871042
0.0802725
0.0720056
0.0625302
0.0515817
0.0411393
0.0322562
0.0249585
0.0189107
0.0140709
0.0102454
0.00731894
0.00511382
0.00350377
0.00235329
0.0015502
0.00100071
0.000635223
0.000403703
0.000247686
0.000142806
8.40331e-05
4.91179e-05
2.87506e-05
1.69863e-05
1.00764e-05
5.95678e-06
3.59498e-06
2.14849e-06
1.18095e-06
1.70533e-07
3.5538e-08
-2.97299e-08
-7.44187e-08
-9.77526e-08
-1.05716e-07
-1.05052e-07
-9.96409e-08
-9.46067e-08
-8.60718e-08
-7.62461e-08
-6.40801e-08
-5.26137e-08
-4.14097e-08
-3.18183e-08
-2.35767e-08
-1.73391e-08
-1.24478e-08
-9.27787e-09
-6.96025e-09
-5.91853e-09
-5.28834e-09
-6.2316e-09
-9.57218e-09
-1.65406e-08
-2.58693e-08
-4.32751e-08
-6.6259e-08
-1.10298e-07
-1.72773e-07
-3.12741e-07
-3.44142e-07
-3.95546e-07
-5.43764e-07
-7.78008e-07
-5.9149e-07
-4.41993e-07
-3.01849e-07
-1.90245e-07
-1.14095e-07
-6.58931e-08
-3.76701e-08
-2.21039e-08
-1.34367e-08
-8.34821e-09
-5.20271e-09
-3.21403e-09
-1.95308e-09
-1.16287e-09
-6.74882e-10
-3.78855e-10
-2.04811e-10
-1.05569e-10
-5.08702e-11
-2.27957e-11
-9.8047e-12
-4.35773e-12
-2.16981e-12
-1.18793e-12
-6.43309e-13
-3.19356e-13
-1.44491e-13
-6.24523e-14
-2.83582e-14
-1.95812e-14
-2.62854e-14
-4.13389e-14
-5.83885e-14
-7.79705e-14
-1.03536e-13
-1.24172e-13
-7.65249e-14
-3.66899e-15
-2.32621e-15
-2.83133e-15
-4.04307e-16
3.87796e-17
1.06026e-19
-1.06498e-18
7.49166e-18
-4.66955e-17
2.47295e-16
9.60675e-16
-5.73448e-14
-1.30462e-11
-8.07977e-11
1.70755e-10
9.72115e-09
1.56034e-07
1.75078e-06
2.08513e-05
0.000172293
0.00116693
0.0102497
0.0441623
0.113112
0.194384
0.232115
0.234736
0.225687
0.204598
0.158583
0.0941808
0.0388046
0.011965
0.00871977
0.0095955
0.0111803
0.0136645
0.0170827
0.0212232
0.0258454
0.0307722
0.0363092
0.0430783
0.0515594
0.0599567
0.0633542
0.063521
0.0576937
0.0447879
0.032123
0.0242199
0.0182924
0.0136147
0.0103588
0.00836658
0.0071173
0.006284
0.00554681
0.0048674
0.0041494
0.00357174
0.00304773
0.00280818
0.00238846
0.00214475
0.00164483
0.00133817
0.00101178
0.000904774
0.00091092
0.00115894
0.00146629
0.00192387
0.00228821
0.00271397
0.00297429
0.00324472
0.00336988
0.00344991
0.00348314
0.0034401
0.00341704
0.00332686
0.0032742
0.00316412
0.00306506
0.00293363
0.00277351
0.00258947
0.00237181
0.00212258
0.0018616
0.00155006
0.001266
0.000937213
0.000672077
0.000406475
0.000229878
9.99801e-05
4.13541e-05
2.01453e-05
1.29086e-05
9.35e-06
6.93629e-06
5.15703e-06
3.82444e-06
2.80723e-06
2.03766e-06
1.45643e-06
1.02529e-06
7.09542e-07
4.83185e-07
3.23584e-07
2.13183e-07
1.3746e-07
8.60046e-08
5.1645e-08
2.5705e-08
-5.63025e-09
-2.32728e-08
-4.05223e-08
-6.0479e-08
-7.4787e-08
-7.88166e-08
-7.56468e-08
-6.26426e-08
-4.39949e-08
-2.46167e-08
-1.3092e-08
-8.77211e-09
-5.89461e-09
-4.089e-09
-2.92611e-09
-2.2628e-09
-2.00376e-09
-1.78323e-09
-1.56956e-09
-1.35229e-09
-1.21444e-09
-1.03837e-09
-8.88856e-10
-6.98775e-10
-5.53457e-10
-4.02974e-10
-3.03533e-10
-2.08213e-10
-1.5462e-10
-1.03917e-10
-7.76742e-11
-6.22118e-11
-7.89998e-11
-6.23523e-11
-1.971e-11
-2.253e-11
-4.29836e-11
-6.14282e-11
-1.42988e-10
-3.18124e-10
-1.12699e-09
-1.61232e-09
-2.58257e-09
-5.01201e-09
-7.88546e-09
-4.99189e-09
-3.04568e-09
-1.76062e-09
-9.35585e-10
-4.44011e-10
-1.87741e-10
-7.21365e-11
-2.70718e-11
-1.08367e-11
-4.87e-12
-2.42963e-12
-1.29445e-12
-7.04859e-13
-3.74195e-13
-1.68757e-13
-2.95218e-14
3.39468e-14
4.69315e-14
4.02018e-14
2.81492e-14
1.61743e-14
7.34368e-15
2.42361e-15
4.87453e-16
6.63871e-18
-2.79327e-17
-1.448e-18
1.25308e-17
1.54661e-17
1.26053e-17
7.3608e-18
2.36661e-18
-3.12193e-18
-9.60872e-18
-1.74034e-17
-3.37681e-17
-9.77816e-17
-1.65984e-17
-2.4371e-17
-3.71054e-17
-4.40487e-17
-2.78506e-17
)
;

boundaryField
{
    inlet
    {
        type            uniformFixedValue;
        uniformValue    table;
        uniformValueCoeffs
        {
            values          
4
(
(0 1)
(0.15 1)
(0.151 0)
(1 0)
)
;
        }
        value           uniform 0;
    }
    outlet
    {
        type            inletOutlet;
        inletValue      uniform 0;
        value           nonuniform List<scalar> 
20
(
0
0
0
-8.41453e-12
-3.12005e-10
-5.68015e-09
2.28295e-08
4.63747e-07
2.15092e-06
3.84444e-06
3.05345e-06
7.96243e-07
9.28836e-08
-5.57331e-10
-2.01722e-09
-8.89116e-11
5.15266e-12
0
0
0
)
;
    }
    walls
    {
        type            zeroGradient;
    }
    frontAndBack
    {
        type            empty;
    }
}


// ************************************************************************* //
