/*--------------------------------*- C++ -*----------------------------------*\
| =========                 |                                                 |
| \\      /  F ield         | OpenFOAM: The Open Source CFD Toolbox           |
|  \\    /   O peration     | Version:  2506                                  |
|   \\  /    A nd           | Website:  www.openfoam.com                      |
|    \\/     M anipulation  |                                                 |
\*---------------------------------------------------------------------------*/
FoamFile
{
    version     2.0;
    format      ascii;
    arch        "LSB;label=32;scalar=64";
    class       volScalarField;
    location    "3.4";
    object      s;
}
// * * * * * * * * * * * * * * * * * * * * * * * * * * * * * * * * * * * * * //

dimensions      [0 0 0 0 0 0 0];

internalField   nonuniform List<scalar> 
4000
(
-8.4315e-21
2.51436e-20
-1.52142e-20
-4.5342e-19
3.01441e-18
-1.04738e-17
1.38582e-16
-1.22913e-16
-3.71275e-14
-1.61226e-13
-3.56417e-13
3.8913e-12
1.7689e-10
3.36033e-09
5.01166e-08
5.66489e-07
5.25122e-06
5.65183e-05
0.000483615
0.00687731
0.0333416
0.0859555
0.147937
0.178525
0.185352
0.180883
0.163701
0.11468
0.0557651
0.014019
0.00254577
0.00163303
0.00210195
0.00295386
0.00422259
0.00724623
0.0118485
0.0178686
0.0246415
0.0316378
0.038119
0.0435847
0.0481491
0.0523432
0.0563134
0.0586411
0.0597031
0.0602357
0.0603743
0.060263
0.0599433
0.059429
0.0588035
0.0581162
0.0574106
0.056663
0.0556675
0.054346
0.0530447
0.0516263
0.0497134
0.0466267
0.0410449
0.0317803
0.021789
0.0144221
0.00909178
0.00543394
0.00308897
0.00168037
0.000884777
0.000458522
0.000235158
0.000118801
5.80607e-05
2.73423e-05
1.27791e-05
6.20831e-06
3.15001e-06
1.60988e-06
8.08925e-07
3.94275e-07
1.85298e-07
8.39789e-08
3.67886e-08
1.55654e-08
6.29523e-09
2.39443e-09
8.52384e-10
2.64431e-10
5.66523e-11
-2.98564e-13
-1.33027e-11
-1.33789e-11
-1.09077e-11
-1.32892e-11
-2.05865e-11
-3.25634e-11
-3.95757e-11
-2.41206e-11
-1.22448e-11
-2.74023e-11
-6.79904e-11
-1.92217e-10
-6.8553e-10
-3.08594e-09
-1.48715e-08
-4.9514e-08
-1.0737e-07
-1.98596e-07
-3.33236e-07
-5.39484e-07
-8.35246e-07
-1.38826e-06
-1.99205e-06
-2.51109e-06
-3.03365e-06
-3.47837e-06
-3.80271e-06
-4.0681e-06
-4.24673e-06
-4.32204e-06
-4.30562e-06
-4.20675e-06
-4.05718e-06
-3.91745e-06
-3.7554e-06
-3.57473e-06
-3.37095e-06
-3.13829e-06
-2.93235e-06
-2.70377e-06
-2.42221e-06
-2.20202e-06
-1.95959e-06
-1.64682e-06
-1.46665e-06
-1.23841e-06
-1.09848e-06
-1.02557e-06
-1.04427e-06
-1.16165e-06
-1.35388e-06
-1.57641e-06
-1.78305e-06
-1.90675e-06
-1.91764e-06
-1.77889e-06
-1.50623e-06
-1.14964e-06
-7.80408e-07
-4.68076e-07
-2.4511e-07
-1.11393e-07
-4.37668e-08
-2.67235e-08
-3.1322e-08
-6.14971e-08
-1.35374e-07
-2.51662e-07
-2.6361e-07
-3.49842e-07
-5.50483e-07
-9.00646e-07
-1.37589e-06
-1.95039e-06
-2.54157e-06
-3.12272e-06
-3.65012e-06
-3.86375e-06
-3.91396e-06
-3.83593e-06
-3.49213e-06
-2.96544e-06
-2.36268e-06
-1.77975e-06
-1.29309e-06
-9.39638e-07
-6.92161e-07
-4.99192e-07
-3.50728e-07
-2.39961e-07
-1.59425e-07
-1.02264e-07
-6.2637e-08
-3.57958e-08
-1.83653e-08
-7.93299e-09
-2.67807e-09
-5.84058e-10
-1.62201e-10
-6.64171e-11
-3.59702e-11
-2.01844e-11
-1.12608e-11
-6.23701e-12
-3.09242e-12
-1.19259e-12
-3.00073e-13
-7.65089e-14
-2.50861e-21
-4.09365e-21
6.65072e-20
-4.12153e-19
1.75161e-18
-5.33844e-18
2.1793e-17
-1.47925e-16
-4.80097e-15
-3.91832e-14
-6.68798e-14
-2.31401e-12
-8.00593e-11
-7.71409e-10
-4.22343e-09
4.44718e-10
6.85704e-07
1.11636e-05
7.18201e-05
0.000287529
0.00090975
0.00224074
0.00446282
0.00750466
0.0106563
0.0137242
0.0164729
0.0186629
0.0199267
0.0198448
0.019242
0.01846
0.0173989
0.0164889
0.0161897
0.0163631
0.0169861
0.0181328
0.0198681
0.0215724
0.022844
0.023658
0.0246165
0.0257493
0.0271242
0.0286824
0.0302296
0.0320506
0.0338639
0.0357529
0.0378409
0.0398474
0.0420647
0.0443709
0.0469525
0.0494178
0.0515359
0.0533701
0.0554507
0.0577108
0.0598732
0.0616198
0.0625473
0.0624761
0.0613296
0.0595324
0.058253
0.0576572
0.0575497
0.0573057
0.0560602
0.050371
0.037984
0.0233093
0.0121064
0.00656055
0.00364826
0.00210407
0.00125985
0.000736568
0.000412345
0.00022061
0.000113201
5.61187e-05
2.70199e-05
1.2621e-05
5.69926e-06
2.48218e-06
1.04841e-06
4.2868e-07
1.69276e-07
6.48446e-08
2.37121e-08
7.98254e-09
2.15566e-09
-1.89386e-10
-1.5958e-09
-4.58244e-09
-1.257e-08
-2.30689e-08
-4.22183e-08
-7.39986e-08
-1.3062e-07
-2.21616e-07
-3.66151e-07
-7.55329e-07
-1.55944e-06
-2.88454e-06
-4.37443e-06
-5.86252e-06
-7.1748e-06
-7.79285e-06
-7.93987e-06
-7.57305e-06
-6.67635e-06
-4.17238e-06
3.12473e-06
4.79291e-05
0.000220435
0.000498021
0.000869475
0.0013209
0.00182145
0.00234329
0.00284657
0.00330029
0.00368453
0.00398009
0.00419796
0.00436278
0.00439871
0.00438978
0.00439866
0.00425599
0.00411636
0.00404824
0.00378845
0.00365361
0.00343213
0.00317628
0.00288939
0.00255415
0.00218883
0.00181669
0.00144164
0.00109789
0.000784695
0.000527684
0.000329402
0.000188477
9.75939e-05
4.53799e-05
1.77553e-05
3.95646e-06
-2.62289e-06
-4.98873e-06
-5.30582e-06
-4.80469e-06
-4.12068e-06
-3.79787e-06
-4.31733e-06
-6.17872e-06
-1.00556e-05
-1.55121e-05
-2.09164e-05
-2.54719e-05
-2.85568e-05
-3.01208e-05
-3.03592e-05
-3.04296e-05
-3.05364e-05
-3.04057e-05
-2.87083e-05
-2.68139e-05
-2.50649e-05
-2.3151e-05
-2.09536e-05
-1.85302e-05
-1.60275e-05
-1.35647e-05
-1.12215e-05
-9.07969e-06
-7.1978e-06
-5.59738e-06
-4.26567e-06
-3.17172e-06
-2.2796e-06
-1.55778e-06
-9.87943e-07
-5.67597e-07
-3.04659e-07
-1.64755e-07
-9.18269e-08
-5.41238e-08
-3.3433e-08
-2.30292e-08
-1.69323e-08
-1.24081e-08
-8.38705e-09
-4.03003e-09
1.25604e-21
-9.11331e-21
3.42078e-20
-8.68019e-20
1.30412e-19
1.39384e-19
-1.81111e-18
-1.2893e-18
-8.91882e-17
-4.01912e-17
-7.04593e-15
-1.60798e-13
-3.55114e-12
-3.12921e-11
-1.34278e-10
-4.20674e-10
2.56779e-09
1.15174e-08
1.29313e-08
4.93991e-08
1.67587e-07
4.65012e-07
1.06009e-06
2.02677e-06
3.27069e-06
5.19686e-06
1.10558e-05
4.55175e-05
0.000267285
0.00102843
0.00187803
0.00281143
0.00390953
0.00512141
0.00600623
0.00622393
0.00592035
0.00539456
0.00476178
0.00411575
0.00338652
0.00278462
0.0024039
0.00216996
0.00203586
0.00195881
0.00190991
0.00190108
0.00190554
0.00192987
0.00199498
0.00219991
0.0027498
0.00357427
0.00507371
0.00729531
0.0104496
0.0147981
0.0194363
0.0249018
0.0306575
0.0367134
0.0426203
0.0478259
0.0520382
0.0544158
0.0556257
0.05648
0.0577286
0.0600127
0.0629555
0.0655579
0.0664336
0.0662096
0.0647962
0.0616864
0.0541971
0.0429749
0.0300227
0.0180399
0.0107387
0.00654168
0.00401593
0.00251299
0.00157935
0.000956138
0.00055123
0.000303384
0.000161941
8.47242e-05
4.33114e-05
2.16913e-05
1.05614e-05
4.97464e-06
2.27549e-06
9.81401e-07
3.78313e-07
8.16714e-08
-9.07923e-08
-2.4558e-07
-4.98842e-07
-9.79729e-07
-1.65809e-06
-2.49002e-06
-3.39711e-06
-4.06015e-06
-4.08442e-06
-2.3626e-06
6.66139e-06
4.66998e-05
0.000213482
0.000842343
0.00211778
0.00425468
0.00741373
0.011475
0.016272
0.0214762
0.0264797
0.0312229
0.0359118
0.0403938
0.0445686
0.0484248
0.0518613
0.0548745
0.0574404
0.0595666
0.0613173
0.0628363
0.0639483
0.0647689
0.0655654
0.0659396
0.0660882
0.0663466
0.0659232
0.0654688
0.064533
0.0631263
0.0611259
0.0583204
0.0545473
0.0499266
0.0440724
0.0377388
0.0304279
0.0232041
0.0169054
0.0117644
0.00790262
0.00511154
0.00325586
0.00203705
0.00125773
0.000774216
0.000479031
0.000309034
0.000210741
0.00014895
9.90063e-05
7.36544e-05
6.93232e-05
0.000113731
0.00027699
0.000708953
0.00134055
0.00195004
0.0019538
0.00132748
0.000550194
9.99217e-05
0.000121095
0.000240436
0.000489524
0.000958916
0.00168428
0.00254522
0.00330314
0.00398517
0.00454641
0.00489987
0.00497259
0.00472405
0.00418082
0.00337101
0.00238227
0.00140377
0.000645982
0.000264323
0.00013767
6.98444e-05
3.23397e-05
1.19897e-05
1.08026e-06
-4.5132e-06
-7.07401e-06
-7.88864e-06
-7.50574e-06
-5.29461e-06
8.16533e-22
-2.79756e-21
3.04722e-21
1.52148e-20
-8.74369e-20
2.26046e-19
-3.52883e-19
-7.83642e-19
1.61352e-17
4.97151e-17
-6.68033e-16
-2.54565e-15
-3.63722e-14
-2.20769e-13
-2.54801e-12
-1.44572e-11
-3.08834e-11
-1.64248e-10
-1.00423e-09
-3.59825e-09
-9.87578e-09
-2.08126e-08
-3.58274e-08
-4.96465e-08
-5.70472e-08
-5.24036e-08
-2.65504e-08
3.54512e-08
2.02341e-07
5.27359e-07
6.8115e-07
8.66501e-07
4.15867e-06
6.21979e-05
0.000199363
0.000288736
0.000322765
0.000317757
0.000287142
0.000243686
0.000192919
0.000154197
0.000129187
0.000112793
0.000102527
9.5932e-05
9.13625e-05
8.91296e-05
8.78853e-05
8.78413e-05
8.90411e-05
9.05652e-05
9.28735e-05
9.54283e-05
9.9747e-05
0.000106007
0.000115528
0.00018457
0.000632262
0.00178473
0.00376369
0.00690577
0.0114644
0.0168824
0.0227632
0.0287885
0.0343976
0.0390187
0.042714
0.0460294
0.0495861
0.0535668
0.0577016
0.0612042
0.064293
0.0683032
0.0721785
0.0735129
0.0733885
0.0720681
0.069655
0.0655343
0.0564634
0.0441547
0.0305199
0.0183864
0.0110826
0.00678258
0.00427573
0.00279783
0.00180674
0.00112944
0.000673236
0.000385278
0.000218317
0.000121515
6.70249e-05
3.62024e-05
1.91706e-05
9.76739e-06
4.97376e-06
3.62116e-06
7.76789e-06
2.91904e-05
0.000117821
0.000476333
0.00146839
0.00341714
0.0067221
0.0118409
0.0191379
0.0275224
0.0361714
0.0454462
0.0551529
0.0645736
0.0731169
0.0806552
0.0872835
0.093153
0.0980268
0.102017
0.105391
0.108277
0.110768
0.112974
0.11501
0.116954
0.118818
0.120609
0.122318
0.123943
0.125488
0.126949
0.128327
0.129622
0.130761
0.131734
0.132439
0.132875
0.132933
0.132468
0.131173
0.128767
0.124559
0.118471
0.109204
0.097906
0.0844408
0.0693581
0.0543325
0.039832
0.0273343
0.0178848
0.0116559
0.00757392
0.00501857
0.00356177
0.00288721
0.00280586
0.00313753
0.00436959
0.00717698
0.0131398
0.0228506
0.0333176
0.0420496
0.0474943
0.0480496
0.044095
0.0368629
0.0280848
0.0194951
0.0127777
0.00879369
0.00778035
0.00991579
0.0157988
0.0248628
0.0360225
0.0485398
0.0615621
0.0739214
0.0842805
0.0914111
0.0942353
0.0917948
0.0839506
0.0711327
0.0544142
0.038028
0.0251681
0.0161982
0.0104643
0.00666648
0.00415198
0.00250989
0.00147193
0.000845514
0.000450717
3.80634e-24
2.79667e-22
-1.94027e-21
6.68829e-21
-1.01589e-20
-2.13999e-20
1.78617e-19
-7.39429e-19
4.33416e-18
3.98022e-18
-4.49985e-19
4.03016e-17
-2.2888e-16
2.55717e-15
-1.52623e-14
-3.17401e-14
-3.60889e-12
-1.93974e-11
-8.287e-11
-2.69163e-10
-6.86935e-10
-1.42169e-09
-2.40196e-09
-3.28168e-09
-3.69983e-09
-3.78603e-09
-3.44218e-09
-3.59608e-10
-4.85507e-10
-3.4333e-09
-8.57071e-10
-1.49082e-08
-3.09958e-08
-1.20317e-07
-2.00812e-07
-2.42114e-07
-2.5019e-07
-2.40422e-07
-2.16021e-07
-1.84565e-07
-1.56268e-07
-1.29539e-07
-1.01832e-07
-7.39597e-08
-4.77337e-08
-2.51924e-08
-7.19337e-09
8.55567e-09
2.26096e-08
3.56655e-08
4.85115e-08
6.08331e-08
6.41388e-08
3.4747e-08
-9.04859e-08
-4.03148e-07
-1.07382e-06
-1.89967e-06
-1.07823e-06
2.71347e-06
1.21015e-05
3.19926e-05
0.000105411
0.000741823
0.00223417
0.00474243
0.00847276
0.0128238
0.017088
0.0210398
0.024704
0.0282952
0.0319555
0.0360177
0.0402788
0.0448319
0.0501136
0.0555689
0.0612467
0.066181
0.0705077
0.0749916
0.0787699
0.0802265
0.0801894
0.0786707
0.0758907
0.0712609
0.0621569
0.05016
0.0365481
0.0232975
0.0144872
0.00972242
0.00751212
0.00636406
0.00555303
0.00483318
0.00425016
0.00386536
0.0040923
0.00521661
0.00765483
0.0116663
0.0175631
0.0252543
0.0339816
0.0436915
0.0538397
0.0637969
0.0734287
0.0824728
0.0902922
0.0964595
0.100863
0.104072
0.106833
0.109475
0.111673
0.112965
0.113647
0.114055
0.114278
0.114382
0.11447
0.114609
0.114858
0.115239
0.115755
0.116391
0.117229
0.118205
0.11922
0.120469
0.121785
0.123135
0.124804
0.126442
0.128136
0.12982
0.131437
0.133033
0.134725
0.136502
0.138337
0.140172
0.141534
0.141369
0.138986
0.133637
0.125497
0.113459
0.0973362
0.0795339
0.0622418
0.0465102
0.0337711
0.0245043
0.0192003
0.0177216
0.020385
0.0285255
0.0429244
0.0623186
0.0819374
0.0992155
0.111761
0.118267
0.120192
0.119056
0.115083
0.107828
0.0972878
0.0839033
0.0689705
0.0551151
0.045387
0.0416723
0.0448696
0.054957
0.0714847
0.0929755
0.117822
0.144066
0.17084
0.19526
0.212908
0.225633
0.232271
0.23088
0.219762
0.19928
0.170578
0.136895
0.102365
0.0697797
0.042211
0.0259314
0.0168352
0.0103644
-1.42443e-22
5.44034e-22
-1.30234e-21
1.99569e-21
-1.69433e-21
-1.14311e-21
5.60953e-21
-6.96827e-21
-3.70029e-20
-9.67869e-19
4.46371e-18
4.96471e-17
2.93107e-17
1.50737e-16
1.1356e-16
1.63133e-15
-3.49025e-14
-1.66269e-13
-2.10162e-13
-6.46329e-13
-2.05909e-12
-4.26869e-12
-7.22632e-12
-1.01738e-11
-1.17681e-11
-4.017e-12
1.79189e-11
-2.23769e-11
1.06038e-10
2.90784e-10
-2.46308e-11
-3.08273e-09
-1.41232e-08
-4.12725e-08
-7.84758e-08
-1.14623e-07
-1.40044e-07
-1.5584e-07
-1.5942e-07
-1.47872e-07
-1.26428e-07
-1.03934e-07
-8.32887e-08
-6.6003e-08
-5.32263e-08
-4.4777e-08
-3.9358e-08
-3.60799e-08
-3.29076e-08
-3.01779e-08
-2.86545e-08
-2.82175e-08
-2.85637e-08
-2.90795e-08
-3.85293e-08
-8.05231e-08
-2.07229e-07
-4.09319e-07
-7.10167e-07
-1.43334e-06
-2.93989e-06
-5.55975e-06
-9.96259e-06
-8.57543e-06
1.20405e-06
2.53053e-05
7.06829e-05
0.000467275
0.00136789
0.00272317
0.00440549
0.00634405
0.0083968
0.0105318
0.0128171
0.0152847
0.0181913
0.0215618
0.0254911
0.0304972
0.0363142
0.0430969
0.0504453
0.058351
0.066638
0.0733425
0.0784199
0.0817009
0.0850156
0.0875139
0.0885416
0.0876989
0.0858656
0.0834106
0.0799438
0.0744162
0.0673042
0.060648
0.055688
0.0530071
0.0532611
0.0567065
0.0626812
0.0700662
0.0779638
0.0855662
0.0920255
0.096791
0.100226
0.102989
0.105461
0.107336
0.107974
0.107616
0.105893
0.1034
0.0999818
0.0953333
0.0898543
0.0841919
0.0786532
0.0734564
0.0687425
0.0643713
0.0605197
0.0572489
0.0545572
0.0524197
0.0507704
0.0495126
0.0486651
0.0481656
0.0478451
0.0478745
0.0481336
0.0485237
0.0493665
0.0505382
0.0523684
0.0550027
0.0585532
0.063198
0.0690071
0.0759679
0.084314
0.0934187
0.103574
0.113564
0.122654
0.128915
0.131556
0.132832
0.132772
0.129312
0.122451
0.112176
0.098545
0.0849358
0.0745891
0.0686484
0.0726643
0.0843601
0.101666
0.118581
0.131355
0.137892
0.140136
0.140414
0.140472
0.140448
0.140463
0.140345
0.140016
0.139309
0.137534
0.133467
0.126298
0.11796
0.112041
0.110692
0.115398
0.12652
0.143096
0.16359
0.186409
0.209978
0.232942
0.254303
0.273156
0.286096
0.289104
0.289438
0.28766
0.281894
0.270234
0.250488
0.218718
0.179171
0.142931
0.090484
-3.31118e-23
1.4492e-22
-4.04087e-22
1.01091e-21
-2.56464e-21
6.27256e-21
-1.40918e-20
3.37119e-20
-9.8788e-20
-1.28806e-19
2.60598e-19
9.92124e-20
1.35598e-17
2.12681e-17
3.25611e-17
1.78855e-16
-3.12616e-16
-1.19675e-15
7.31336e-15
2.17011e-14
3.84674e-14
6.8972e-14
1.33279e-13
1.77493e-13
3.48836e-13
3.10427e-12
9.69601e-12
1.07965e-11
1.99983e-11
7.80423e-11
-1.17469e-10
-5.51565e-10
-1.46228e-09
-2.30955e-09
-3.3041e-09
-2.98855e-09
-2.38993e-09
-1.46786e-09
-2.09038e-10
1.18473e-09
2.39297e-09
3.23635e-09
3.74555e-09
4.00597e-09
4.10367e-09
4.08195e-09
3.97053e-09
3.79344e-09
3.55522e-09
3.27188e-09
2.95066e-09
2.60048e-09
2.01111e-09
6.95699e-10
-1.20619e-09
-3.06855e-09
-7.06342e-09
-1.44916e-08
-1.10763e-07
-3.38935e-07
-8.63271e-07
-2.06838e-06
-3.54158e-06
-5.36307e-06
-7.88611e-06
-1.15386e-05
-1.86565e-05
-1.90359e-05
-1.30977e-05
5.99531e-07
2.18182e-05
5.03631e-05
9.77285e-05
0.000224134
0.000427873
0.000705108
0.00108471
0.00162032
0.00241101
0.00366026
0.0055739
0.00838185
0.0121427
0.0168958
0.0230569
0.031013
0.0404753
0.0500012
0.0590482
0.067382
0.0741503
0.0796325
0.0840444
0.0870776
0.0897117
0.0925859
0.0966347
0.101343
0.105497
0.107088
0.10801
0.108821
0.109309
0.109249
0.108478
0.107102
0.105064
0.102512
0.0993987
0.0955404
0.0905193
0.0844299
0.0778566
0.0711898
0.064339
0.0574721
0.0507294
0.0442219
0.0381529
0.0326367
0.0277389
0.0235313
0.0199899
0.0171449
0.014956
0.0132695
0.0119666
0.0109614
0.0101828
0.00957565
0.00912077
0.00878494
0.00852494
0.00837127
0.00828613
0.0082596
0.00834595
0.00851731
0.00884465
0.00939153
0.0102445
0.0115766
0.0135783
0.0165148
0.0209287
0.0269809
0.0354954
0.0461133
0.058956
0.0745147
0.0901467
0.10422
0.11551
0.123124
0.126366
0.127752
0.128311
0.126699
0.124591
0.123001
0.124573
0.129348
0.135628
0.140513
0.142992
0.141015
0.135754
0.12905
0.123063
0.119508
0.119432
0.123019
0.129036
0.135434
0.141586
0.148148
0.15545
0.161496
0.165353
0.168884
0.173658
0.180372
0.188125
0.197217
0.208516
0.220596
0.232561
0.24446
0.255807
0.267185
0.278206
0.285955
0.292702
0.298421
0.301748
0.302227
0.29931
0.291648
0.282265
0.251459
9.93226e-24
-2.98047e-23
5.28618e-23
-4.62389e-23
-4.18038e-23
2.68968e-22
-1.0617e-21
3.78718e-21
-4.19783e-21
-2.74617e-20
1.27305e-19
-8.65451e-19
1.81981e-19
3.78055e-19
-3.18478e-19
1.4517e-17
1.03411e-17
-8.70659e-18
1.95268e-16
6.00095e-16
1.07643e-15
2.70272e-15
9.12966e-15
4.31479e-14
2.65585e-13
5.22224e-13
6.1712e-13
8.79766e-13
2.60945e-12
5.62865e-12
-3.13218e-11
-7.35839e-11
-8.58764e-11
-7.1943e-11
-3.94956e-11
8.53199e-11
3.15435e-10
5.76876e-10
8.89647e-10
1.30835e-09
1.43518e-09
1.4523e-09
1.37656e-09
1.23766e-09
1.07498e-09
9.20885e-10
7.90148e-10
6.90472e-10
6.14367e-10
5.5997e-10
5.23444e-10
4.99676e-10
4.9357e-10
5.12106e-10
4.76641e-10
4.18378e-10
3.35323e-10
7.23159e-11
-3.60015e-09
-1.38046e-08
-6.11615e-08
-2.09693e-07
-4.52936e-07
-1.17003e-06
-2.47112e-06
-4.66459e-06
-7.33577e-06
-1.0122e-05
-1.2895e-05
-1.64332e-05
-2.02722e-05
-2.4642e-05
-2.82876e-05
-2.8857e-05
-2.76832e-05
-2.44995e-05
-1.90795e-05
-1.11211e-05
-5.84781e-07
1.33664e-05
3.17792e-05
6.20258e-05
0.000129622
0.00042264
0.00135586
0.00315395
0.00606045
0.0101757
0.0158521
0.0233162
0.0314855
0.0395957
0.0470894
0.0529928
0.0573076
0.0599733
0.0617219
0.0627582
0.0636454
0.0642037
0.0644702
0.0639388
0.0624661
0.0599237
0.0563753
0.0524322
0.0482389
0.0440478
0.0398894
0.035756
0.0317156
0.0278274
0.0241235
0.0206984
0.0175195
0.0147114
0.0122786
0.01019
0.00844037
0.00699821
0.00582441
0.00488503
0.00413463
0.00353063
0.00304334
0.00264801
0.00232644
0.00206482
0.00185155
0.00167735
0.00153792
0.00142672
0.00133565
0.00126846
0.00121801
0.00118299
0.00116936
0.00117067
0.00118964
0.00122688
0.0012833
0.00136861
0.00148994
0.00165913
0.00189514
0.00231652
0.00351576
0.0059638
0.0102784
0.0175194
0.0280491
0.0419668
0.057319
0.074398
0.0904797
0.103723
0.113792
0.120167
0.123329
0.125236
0.127334
0.129163
0.129276
0.12658
0.118806
0.106774
0.0918809
0.0778965
0.0672912
0.0607508
0.0582717
0.0597501
0.0651101
0.0741659
0.0864663
0.101256
0.117657
0.134837
0.150536
0.161968
0.172067
0.181191
0.191997
0.203307
0.210269
0.213239
0.214735
0.215403
0.215303
0.215026
0.215593
0.218085
0.223321
0.231897
0.243892
0.259016
0.277521
0.290682
0.298447
0.302235
1.93809e-24
-8.862e-24
2.50109e-23
-6.42077e-23
1.5752e-22
-3.34144e-22
5.18569e-22
-6.34686e-22
1.05034e-21
2.07973e-21
-1.36498e-20
4.08008e-20
-2.0064e-19
-1.12101e-19
-1.25709e-19
-2.16684e-18
4.14544e-18
1.50894e-17
3.84441e-17
1.11662e-17
-2.8156e-17
3.57388e-16
1.20919e-15
4.44345e-15
1.03451e-14
8.01695e-15
1.20509e-14
8.93672e-14
3.8304e-13
-1.45941e-12
-3.26445e-12
-3.71694e-12
-3.56916e-12
-6.16086e-12
1.15547e-11
5.57541e-11
1.20484e-10
1.95779e-10
2.61968e-10
2.97886e-10
2.90453e-10
2.57235e-10
2.15818e-10
1.77716e-10
1.47202e-10
1.23238e-10
1.04383e-10
9.07333e-11
8.07012e-11
7.3466e-11
6.81258e-11
6.39839e-11
6.07384e-11
6.23943e-11
7.45177e-11
9.10648e-11
1.08942e-10
1.12913e-10
-9.89971e-11
-5.62616e-10
-2.41816e-09
-8.33932e-09
-2.17184e-08
-6.08581e-08
-2.11972e-07
-6.23678e-07
-1.31668e-06
-2.48303e-06
-4.35845e-06
-6.56474e-06
-9.05139e-06
-1.16854e-05
-1.3972e-05
-1.56918e-05
-1.6728e-05
-1.68042e-05
-1.64541e-05
-1.52606e-05
-1.32795e-05
-1.03866e-05
-6.79547e-06
-2.60079e-06
3.59069e-06
1.47488e-05
2.887e-05
4.71934e-05
8.58505e-05
0.000195172
0.000578066
0.00167203
0.00354877
0.00617857
0.00948365
0.0132149
0.017043
0.0198446
0.021275
0.021097
0.0196537
0.0171708
0.0143925
0.0119627
0.0101562
0.00885238
0.00786404
0.00710579
0.0064551
0.00587165
0.00531752
0.00477547
0.00425194
0.00375252
0.00328511
0.00286334
0.00248003
0.00214449
0.00185201
0.00159769
0.00137977
0.00119231
0.00102942
0.000888311
0.000765343
0.000657912
0.00056494
0.000484996
0.000416839
0.0003592
0.00031071
0.00027007
0.000236564
0.000209035
0.000186106
0.000168158
0.000153905
0.000143071
0.000136032
0.000131976
0.000131025
0.000133132
0.000138185
0.000147254
0.000160941
0.000180353
0.000207024
0.000242955
0.000296692
0.000376757
0.000497434
0.000677997
0.00154411
0.00447615
0.00989268
0.0187782
0.0310084
0.0454519
0.0605713
0.0756335
0.0876082
0.0965713
0.100256
0.0997362
0.0941283
0.083954
0.0700938
0.0546389
0.0400804
0.0291217
0.0221191
0.0182567
0.0167676
0.0172031
0.0193961
0.0235302
0.0299657
0.0389172
0.0504384
0.0642248
0.0795474
0.0953364
0.110444
0.123849
0.134747
0.142647
0.147462
0.1495
0.149367
0.147902
0.146026
0.144654
0.144589
0.146511
0.15091
0.15813
0.168524
0.182401
0.200089
0.221048
0.240227
0.271322
-2.35873e-25
7.37569e-25
-1.26039e-24
1.04692e-24
2.06812e-24
-1.06862e-23
3.69716e-23
-1.05883e-22
2.99662e-23
1.19415e-21
-5.16206e-21
1.36699e-20
-1.23143e-20
-5.27511e-21
5.07342e-20
-1.70732e-19
-4.22825e-20
-2.98939e-19
1.62794e-18
-2.42754e-18
-1.7953e-19
3.24428e-17
5.38742e-17
1.07445e-16
5.47163e-17
1.77806e-16
8.64425e-16
2.01109e-14
-1.69384e-14
-2.86355e-13
-3.29675e-13
-3.73643e-13
-2.48258e-13
8.7257e-13
4.79666e-12
1.08425e-11
1.62226e-11
2.07949e-11
2.38303e-11
2.44566e-11
2.25192e-11
1.958e-11
1.66003e-11
1.42702e-11
1.26514e-11
1.21907e-11
1.32878e-11
1.51409e-11
1.74023e-11
1.96401e-11
2.15824e-11
2.30318e-11
2.50346e-11
2.64867e-11
2.68887e-11
2.70038e-11
2.74236e-11
3.13775e-11
2.70688e-11
-6.25727e-12
-1.34856e-10
-5.23379e-10
-1.64057e-09
-4.69731e-09
-1.40007e-08
-3.40306e-08
-6.79845e-08
-1.32283e-07
-3.46516e-07
-8.07581e-07
-1.50877e-06
-2.41698e-06
-3.43084e-06
-4.48312e-06
-5.61828e-06
-6.47586e-06
-7.00738e-06
-7.22922e-06
-7.06594e-06
-6.42496e-06
-5.2299e-06
-3.4594e-06
-1.23941e-06
1.3981e-06
3.76615e-06
6.62255e-06
1.12106e-05
1.74225e-05
2.19803e-05
2.27302e-05
1.95655e-05
1.56429e-05
2.77505e-05
0.000115186
0.000355373
0.000603141
0.00074365
0.000743711
0.000660542
0.000528037
0.000397549
0.000294703
0.000229853
0.000197288
0.000186086
0.00018701
0.000191608
0.000195998
0.000197942
0.000196648
0.000192677
0.000186425
0.000178574
0.000170042
0.000160631
0.000151215
0.000141729
0.000132058
0.000122427
0.000112719
0.000102816
9.29231e-05
8.30696e-05
7.33504e-05
6.39774e-05
5.50834e-05
4.6811e-05
3.9269e-05
3.25101e-05
2.65433e-05
2.14076e-05
1.70481e-05
1.33612e-05
1.04003e-05
8.01448e-06
6.18345e-06
4.91659e-06
4.14073e-06
3.85445e-06
4.05455e-06
4.73003e-06
5.99277e-06
7.92029e-06
1.06621e-05
1.44139e-05
1.93401e-05
2.55758e-05
3.28376e-05
4.06339e-05
4.71335e-05
6.44363e-05
0.000106107
0.000187923
0.000326413
0.00188215
0.00566454
0.0118745
0.0208194
0.030113
0.0389372
0.0424117
0.0409871
0.0352883
0.0273147
0.0187981
0.0116793
0.00717532
0.00484653
0.00378986
0.00340181
0.0034389
0.00385827
0.00469736
0.00606622
0.00813033
0.0110725
0.0150724
0.0202661
0.0267607
0.0345663
0.0431268
0.0513136
0.0584618
0.0642095
0.0685146
0.0716428
0.0741067
0.0766642
0.0806428
0.0870869
0.0951722
0.102703
0.109902
0.119148
0.131329
0.145383
0.160952
0.179396
0.195882
0.231188
1.0808e-27
-4.64563e-27
4.34869e-27
1.1006e-25
-7.82214e-25
2.78563e-24
-4.50813e-24
3.16542e-25
1.20705e-23
-3.19894e-23
1.26312e-22
-4.7153e-22
8.13133e-22
4.38208e-22
-3.57021e-21
1.30128e-20
-7.76731e-21
-3.23652e-20
-1.93861e-19
1.10982e-20
1.60234e-18
-5.33683e-19
-2.07651e-17
-2.74409e-18
-4.92371e-17
-2.06726e-16
5.85089e-16
1.27327e-16
-9.3114e-15
-1.3435e-14
-1.66577e-14
-1.87531e-14
9.11908e-14
4.22957e-13
6.01614e-13
7.15492e-13
9.94354e-13
1.35649e-12
1.67159e-12
1.84078e-12
1.82919e-12
1.7429e-12
1.75929e-12
2.3924e-12
3.41714e-12
6.50581e-12
1.11308e-11
1.68724e-11
2.35036e-11
3.17422e-11
4.24074e-11
5.59649e-11
7.22637e-11
9.01414e-11
1.06519e-10
1.19494e-10
1.27418e-10
1.29796e-10
1.28094e-10
1.24844e-10
1.08059e-10
5.387e-11
-8.6213e-11
-4.14734e-10
-1.32675e-09
-2.96805e-09
-5.57974e-09
-1.0295e-08
-2.19416e-08
-4.16434e-08
-6.84858e-08
-1.02639e-07
-1.40414e-07
-2.0216e-07
-3.3448e-07
-5.1567e-07
-7.27644e-07
-9.47256e-07
-1.15016e-06
-1.31775e-06
-1.40584e-06
-1.3194e-06
-1.02896e-06
-4.20955e-07
3.60534e-07
1.05411e-06
1.81494e-06
2.83194e-06
4.08944e-06
5.44927e-06
6.252e-06
5.83136e-06
4.06593e-06
-3.33459e-06
-9.54169e-06
-1.49684e-05
-1.97541e-05
-2.37265e-05
-2.66739e-05
-2.85305e-05
-2.93541e-05
-2.92371e-05
-2.82829e-05
-2.65726e-05
-2.42696e-05
-2.15714e-05
-1.86613e-05
-1.56494e-05
-1.26221e-05
-9.71592e-06
-7.08879e-06
-4.85623e-06
-3.06276e-06
-1.69636e-06
-7.22834e-07
-8.13909e-08
2.98123e-07
4.96313e-07
5.51245e-07
4.87788e-07
3.09318e-07
1.59103e-08
-3.89211e-07
-8.96291e-07
-1.48652e-06
-2.13533e-06
-2.81721e-06
-3.50573e-06
-4.17485e-06
-4.80088e-06
-5.36706e-06
-5.86775e-06
-6.30805e-06
-6.68473e-06
-6.98491e-06
-7.19482e-06
-7.30693e-06
-7.31793e-06
-7.22129e-06
-7.0019e-06
-6.6435e-06
-6.12537e-06
-5.4305e-06
-4.54376e-06
-3.42604e-06
-1.98273e-06
-5.17108e-08
2.46579e-06
5.52078e-06
8.81003e-06
1.19472e-05
1.30283e-05
1.04116e-05
6.58571e-07
1.43382e-05
5.15702e-05
0.00012413
0.000389117
0.00153273
0.00326563
0.0037378
0.00300099
0.00219495
0.00154377
0.00107194
0.00080027
0.000701072
0.000733136
0.000839187
0.00098745
0.00127478
0.0016347
0.00209867
0.00269944
0.0035654
0.00476315
0.00643861
0.00859831
0.0110742
0.0139138
0.0171342
0.0207413
0.0246728
0.0288366
0.0331561
0.0375218
0.0423446
0.0496479
0.0593691
0.0712521
0.0847749
0.099339
0.114364
0.129472
0.144391
0.159133
0.173627
0.189282
0.202208
0.230668
5.88403e-26
-3.77386e-25
1.39429e-24
-4.28921e-24
7.93186e-24
2.81367e-24
-6.44039e-23
1.58635e-22
-1.0284e-22
-2.20854e-22
1.4723e-22
1.12279e-21
1.23418e-21
-1.14763e-21
-2.93973e-21
-8.01296e-21
-1.59876e-20
-1.89104e-20
-2.30206e-20
1.00821e-20
6.74155e-20
-3.06936e-19
-9.59001e-19
-1.22882e-18
-4.69934e-18
-1.73052e-17
6.72958e-17
-3.21966e-16
-5.79517e-16
-1.09429e-15
-7.70439e-16
8.87836e-15
2.42158e-14
3.29725e-14
3.37941e-14
4.96981e-14
8.5654e-14
1.34153e-13
1.8083e-13
2.09483e-13
2.50265e-13
3.44646e-13
6.15897e-13
2.36259e-12
1.44721e-11
6.93146e-11
1.78319e-10
3.41805e-10
5.82993e-10
9.13344e-10
1.3378e-09
1.8272e-09
2.2955e-09
2.67888e-09
2.88473e-09
2.86354e-09
2.65552e-09
2.33967e-09
2.00899e-09
1.68424e-09
1.40484e-09
1.17832e-09
9.79189e-10
8.10657e-10
5.77545e-10
1.8895e-10
-3.73358e-10
-1.15509e-09
-2.41632e-09
-4.22913e-09
-6.1128e-09
-7.79119e-09
-8.99558e-09
-1.05249e-08
-1.31143e-08
-1.54746e-08
-1.67872e-08
-1.67425e-08
-1.43477e-08
-8.29159e-09
-1.06534e-08
-4.43937e-08
-8.45621e-08
-9.56032e-08
-8.42191e-09
1.31132e-07
2.50275e-07
3.95781e-07
5.92412e-07
8.60509e-07
1.22257e-06
1.61269e-06
1.38118e-06
7.66054e-08
-2.00098e-06
-4.55495e-06
-7.4355e-06
-1.03824e-05
-1.32956e-05
-1.58383e-05
-1.78256e-05
-1.89592e-05
-1.91214e-05
-1.83295e-05
-1.68078e-05
-1.48679e-05
-1.27201e-05
-1.0456e-05
-8.1474e-06
-6.00851e-06
-4.28345e-06
-3.04884e-06
-2.20833e-06
-1.5935e-06
-1.11087e-06
-7.19202e-07
-4.10938e-07
-2.03653e-07
-1.2511e-07
-1.85655e-07
-3.95961e-07
-7.50111e-07
-1.24821e-06
-1.88118e-06
-2.61558e-06
-3.39984e-06
-4.17819e-06
-4.89488e-06
-5.50629e-06
-5.97281e-06
-6.29236e-06
-6.46508e-06
-6.49435e-06
-6.34754e-06
-6.11189e-06
-5.84177e-06
-5.55329e-06
-5.20301e-06
-4.72542e-06
-4.07281e-06
-3.18834e-06
-2.05237e-06
-5.74683e-07
1.31555e-06
3.65476e-06
6.29676e-06
8.92237e-06
1.13995e-05
1.38257e-05
1.63251e-05
1.92038e-05
2.22553e-05
2.50481e-05
2.63749e-05
2.68258e-05
2.6521e-05
2.35695e-05
2.62326e-05
4.09426e-05
6.3262e-05
8.43919e-05
0.000108972
0.000136
0.000158844
0.000205995
0.000310172
0.000479975
0.000704845
0.0018682
0.0036457
0.00545156
0.0068202
0.00755941
0.00775748
0.00768903
0.00768203
0.00799622
0.00875273
0.00998343
0.0117388
0.014106
0.0172663
0.0215342
0.0273391
0.0351529
0.0451019
0.0560928
0.0690965
0.0857048
0.103411
0.120888
0.137792
0.153973
0.169327
0.183836
0.197686
0.210912
0.224697
0.235788
0.25917
-4.93751e-25
2.56064e-24
-7.63823e-24
8.00641e-24
3.66988e-23
-2.03226e-22
3.5763e-22
1.20857e-22
-1.74636e-21
1.47645e-21
6.51202e-21
4.62606e-21
2.43878e-21
-3.956e-20
1.13205e-20
1.05762e-19
3.58529e-19
9.52805e-19
1.34429e-18
1.26992e-18
8.79095e-19
3.91723e-19
3.50708e-19
-4.83925e-19
9.40853e-19
3.00235e-18
-8.75222e-18
-6.84477e-18
-2.82174e-17
-2.2565e-17
4.28729e-16
1.35945e-15
1.12944e-15
1.22682e-15
1.91865e-15
4.21565e-15
8.57817e-15
1.53818e-14
2.19547e-14
3.42823e-14
1.13625e-13
6.22491e-13
2.77828e-12
6.84546e-12
5.55995e-11
2.83258e-10
8.26099e-10
1.74304e-09
3.0493e-09
4.60854e-09
6.42583e-09
8.51686e-09
1.07673e-08
1.3144e-08
1.54632e-08
1.7536e-08
1.9183e-08
2.0115e-08
2.03628e-08
1.96828e-08
1.83932e-08
1.65736e-08
1.44785e-08
1.23059e-08
1.0247e-08
8.4926e-09
6.95709e-09
5.6112e-09
4.50392e-09
3.53728e-09
2.5131e-09
1.51619e-09
6.83972e-10
6.78744e-12
-5.33101e-10
-8.65533e-10
-9.05263e-10
-5.48867e-10
8.6699e-10
3.93499e-09
7.91505e-09
1.50076e-08
2.02306e-08
2.04936e-08
1.98375e-08
3.31302e-08
4.89326e-08
6.86513e-08
9.76517e-08
1.41191e-07
2.078e-07
3.12111e-07
4.58437e-07
6.2812e-07
5.87197e-07
3.86568e-07
2.63313e-08
-4.49827e-07
-1.0498e-06
-1.6974e-06
-2.32197e-06
-2.81025e-06
-3.09298e-06
-3.121e-06
-2.89967e-06
-2.49995e-06
-2.03025e-06
-1.58786e-06
-1.21926e-06
-9.40744e-07
-7.49066e-07
-5.86345e-07
-4.1463e-07
-2.24683e-07
7.97468e-10
2.74154e-07
4.93709e-07
5.23643e-07
3.81637e-07
-1.24008e-07
-9.17823e-07
-1.82243e-06
-2.90824e-06
-4.17592e-06
-5.54745e-06
-6.91351e-06
-8.12845e-06
-9.04922e-06
-9.60661e-06
-9.82121e-06
-9.69285e-06
-8.822e-06
-6.98044e-06
-4.53442e-06
-1.49589e-06
2.18456e-06
6.4622e-06
1.1223e-05
1.63418e-05
2.1602e-05
2.71593e-05
3.33251e-05
4.16953e-05
5.45968e-05
7.54544e-05
0.000106821
0.000148617
0.000197888
0.000250316
0.000297041
0.000336498
0.000359853
0.000372065
0.000369107
0.000357169
0.000336766
0.000312977
0.000291343
0.00029426
0.000315412
0.000387304
0.000497885
0.000668114
0.00092563
0.00216633
0.00634311
0.0142432
0.0249042
0.0363166
0.0460525
0.0530033
0.0569229
0.0580981
0.0571024
0.0546588
0.0515367
0.0484581
0.0461657
0.0451308
0.0457943
0.0484737
0.0535019
0.0612474
0.0720566
0.0854709
0.100249
0.115134
0.129543
0.143604
0.153398
0.162022
0.172614
0.183739
0.195297
0.207319
0.219644
0.231976
0.245055
0.256351
0.278478
-3.28036e-24
2.09906e-23
-8.31155e-23
2.69487e-22
-5.49974e-22
1.66503e-22
3.10545e-21
-1.02647e-20
1.32804e-20
4.78243e-21
-3.64315e-20
-1.26601e-19
2.80533e-20
8.71837e-19
1.89613e-18
4.27595e-18
6.30022e-18
8.04876e-18
7.8078e-18
4.94902e-18
1.70317e-18
-8.69607e-19
-2.26751e-18
-2.3923e-18
-1.06599e-18
1.30411e-18
3.68841e-18
1.03617e-17
1.85034e-17
4.69143e-17
7.69572e-17
9.0977e-17
7.17451e-17
1.56761e-16
4.042e-17
6.32675e-16
1.01531e-15
4.0073e-15
-3.51796e-16
1.20047e-13
9.46047e-13
4.78262e-12
1.99823e-11
1.85588e-11
1.01516e-10
2.0655e-10
9.24194e-10
2.49633e-09
4.94827e-09
7.54522e-09
1.00505e-08
1.30962e-08
1.80811e-08
2.49371e-08
3.37879e-08
4.41245e-08
5.49776e-08
6.49064e-08
7.29237e-08
7.77493e-08
7.93908e-08
7.79212e-08
7.4265e-08
6.92369e-08
6.33879e-08
5.71245e-08
5.06384e-08
4.41957e-08
3.80612e-08
3.24659e-08
2.76373e-08
2.33827e-08
1.97724e-08
1.67845e-08
1.44392e-08
1.27496e-08
1.16981e-08
1.141e-08
1.20433e-08
1.28112e-08
1.44858e-08
1.69255e-08
1.87403e-08
2.0685e-08
2.25896e-08
2.4969e-08
2.90789e-08
3.57988e-08
4.51789e-08
5.76236e-08
7.40219e-08
9.9428e-08
1.55948e-07
2.48844e-07
3.52843e-07
4.35539e-07
4.4552e-07
4.31249e-07
3.98681e-07
3.50383e-07
2.91051e-07
2.21609e-07
1.43085e-07
5.36032e-08
-4.74969e-08
-1.58665e-07
-2.70877e-07
-3.67756e-07
-4.55091e-07
-4.91805e-07
-4.60365e-07
-2.33141e-07
9.17328e-08
4.88019e-07
9.46782e-07
1.35104e-06
1.37701e-06
8.26251e-07
-1.86198e-07
-1.64276e-06
-3.58197e-06
-4.86721e-06
-6.22187e-06
-7.71256e-06
-9.32017e-06
-1.09647e-05
-1.24815e-05
-1.35929e-05
-1.39244e-05
-1.30846e-05
-1.0142e-05
3.8235e-06
5.83869e-05
0.000183713
0.000406758
0.000738407
0.00118842
0.00175903
0.00245991
0.00327131
0.00420313
0.00520478
0.00627742
0.00733777
0.00835089
0.00923702
0.0099302
0.0103694
0.0105994
0.0105112
0.0102546
0.00970668
0.00905973
0.00824679
0.00742394
0.00655968
0.00574253
0.00504217
0.00481676
0.00487464
0.0055785
0.00774939
0.0129548
0.0224232
0.037829
0.0574618
0.079465
0.09895
0.113348
0.123103
0.129102
0.132116
0.13272
0.13142
0.128869
0.125797
0.123044
0.121236
0.120968
0.12269
0.126498
0.132364
0.140587
0.150155
0.15583
0.158426
0.159844
0.159987
0.159049
0.157512
0.155938
0.154552
0.15443
0.157566
0.164953
0.176352
0.190742
0.207407
0.222599
0.248681
1.55466e-23
-6.48368e-23
1.53753e-22
4.07498e-23
-1.63478e-21
6.14218e-21
-8.58778e-21
-1.15766e-20
1.04985e-19
-2.22212e-19
-4.42257e-19
-1.08801e-19
1.86182e-18
1.23971e-17
3.13768e-18
-8.78697e-18
-6.719e-17
-1.93183e-16
-1.6073e-16
-1.55818e-16
-1.79978e-16
-2.1748e-16
-1.81582e-16
-1.03726e-16
-7.26095e-17
-6.97072e-17
-7.48919e-17
-8.27472e-17
-9.50855e-17
-1.18531e-16
-1.63752e-16
-2.27704e-16
-3.00764e-16
-3.62787e-16
-4.59879e-16
-3.51335e-16
-5.67267e-16
-7.26999e-14
-1.04773e-14
2.17951e-12
1.21036e-11
5.14302e-11
7.79946e-11
8.60776e-10
-1.36048e-09
-4.85249e-09
-5.85643e-09
-7.5645e-09
-1.22463e-08
-1.52268e-08
-1.4666e-08
-1.04024e-08
1.75963e-09
2.25686e-08
4.93778e-08
8.22913e-08
1.07169e-07
1.13402e-07
1.15614e-07
1.14818e-07
1.11489e-07
1.06206e-07
9.98585e-08
9.32442e-08
8.68257e-08
8.07536e-08
7.4993e-08
6.94752e-08
6.41485e-08
5.90219e-08
5.41743e-08
4.96571e-08
4.57023e-08
4.22273e-08
3.75802e-08
3.22398e-08
2.64885e-08
2.01774e-08
1.40473e-08
8.33345e-09
2.05493e-09
-3.89751e-09
-9.25266e-09
-1.32606e-08
-1.60664e-08
-2.01028e-08
-2.51752e-08
-3.00512e-08
-3.49075e-08
-4.06063e-08
-4.80718e-08
-5.75793e-08
-6.48858e-08
-6.32014e-08
-5.10807e-08
-3.72226e-08
-3.28357e-08
-3.64376e-08
-4.40021e-08
-6.70587e-08
-1.18484e-07
-2.15145e-07
-3.59823e-07
-5.70045e-07
-8.47255e-07
-1.18626e-06
-1.54655e-06
-1.87808e-06
-2.05611e-06
-1.62707e-06
-6.22178e-07
6.74619e-07
2.02266e-06
3.1463e-06
3.84884e-06
4.06298e-06
3.784e-06
2.79085e-06
1.99808e-06
7.81613e-06
4.42746e-05
0.000175475
0.000495336
0.00106998
0.00193613
0.00311122
0.00460076
0.00640035
0.00849826
0.0108696
0.0134924
0.0162946
0.019375
0.022673
0.0261867
0.029645
0.0331173
0.0365749
0.0401508
0.0436707
0.0473338
0.0509217
0.0546638
0.0582559
0.0616696
0.0645982
0.066878
0.0682441
0.0689469
0.0684903
0.0674651
0.0652358
0.0625239
0.0588665
0.0549178
0.0504209
0.045816
0.0412373
0.0399248
0.0401778
0.0471798
0.0618375
0.0812771
0.102949
0.124452
0.142308
0.154766
0.160804
0.164082
0.166847
0.169218
0.171177
0.172663
0.173694
0.174339
0.174714
0.174842
0.174806
0.174763
0.174705
0.174476
0.173748
0.170195
0.164291
0.156835
0.148086
0.137002
0.120944
0.102311
0.0862819
0.0748916
0.0691747
0.0693781
0.075014
0.0851629
0.0985934
0.114004
0.12974
0.144124
0.160278
6.74839e-23
-4.16436e-22
1.70701e-21
-5.37356e-21
1.13794e-20
-8.19093e-21
-4.57044e-20
2.13617e-19
-3.69133e-19
-3.07093e-20
1.85772e-18
9.45721e-18
-9.63586e-18
-3.82638e-17
-1.94074e-16
-6.57033e-16
-4.62576e-15
-2.18814e-14
-5.08981e-14
-9.27433e-14
-1.34622e-13
-1.39347e-13
-9.65311e-14
-3.78494e-14
-1.27996e-14
-1.26532e-14
-3.20682e-14
-7.20184e-14
-1.34916e-13
-2.22264e-13
-3.31538e-13
-4.53498e-13
-5.7118e-13
-6.71891e-13
-7.57141e-13
-8.45194e-13
-9.20621e-13
-1.16154e-12
5.42198e-12
6.08823e-11
2.66733e-10
7.66528e-10
1.59231e-09
3.91784e-09
-9.64614e-09
-5.25859e-08
-1.03207e-07
-1.4547e-07
-1.74511e-07
-1.7481e-07
-1.47469e-07
-8.40972e-08
-9.9118e-09
2.87206e-08
2.3801e-08
-2.43174e-08
-1.84578e-07
-3.56783e-07
-4.82557e-07
-5.55744e-07
-5.87566e-07
-5.83633e-07
-5.53953e-07
-5.04074e-07
-4.41739e-07
-3.73545e-07
-3.04808e-07
-2.39325e-07
-1.79599e-07
-1.26766e-07
-8.14852e-08
-4.3546e-08
-1.26975e-08
1.17696e-08
3.00984e-08
4.22633e-08
4.82182e-08
4.89005e-08
4.54686e-08
3.88637e-08
2.96381e-08
1.8448e-08
5.81166e-09
-7.89725e-09
-2.24312e-08
-3.73579e-08
-5.22694e-08
-6.68793e-08
-8.08387e-08
-9.37175e-08
-1.0484e-07
-1.13124e-07
-1.17115e-07
-1.15484e-07
-1.05924e-07
-8.534e-08
-4.96912e-08
1.29258e-08
1.20346e-07
3.13767e-07
6.40514e-07
1.2018e-06
2.09097e-06
3.47136e-06
5.46436e-06
8.20326e-06
1.16816e-05
1.58937e-05
2.06214e-05
4.59767e-05
0.000147573
0.000384789
0.000785562
0.00137667
0.00219187
0.00326657
0.004629
0.00634107
0.00852149
0.0112176
0.0144697
0.0183643
0.023186
0.0288669
0.0349263
0.0412343
0.0476982
0.0541846
0.0605573
0.0666787
0.0724809
0.0778448
0.0829671
0.0876741
0.0922762
0.0967322
0.101248
0.105756
0.11031
0.114675
0.11936
0.124493
0.129591
0.13369
0.137027
0.13973
0.142087
0.144105
0.146095
0.147688
0.149392
0.150518
0.151486
0.151395
0.150535
0.148349
0.145193
0.141433
0.142315
0.147124
0.155153
0.161699
0.166721
0.171496
0.172664
0.17049
0.166658
0.163556
0.162607
0.163334
0.165553
0.168723
0.172094
0.174906
0.176622
0.176405
0.174375
0.171044
0.16639
0.159848
0.150584
0.136369
0.115125
0.0914823
0.0688946
0.0492849
0.0332853
0.0229911
0.0179456
0.0158489
0.0156408
0.0169529
0.0198165
0.0240658
0.0292987
0.0349934
0.0405701
0.0451812
0.0489017
0.0488109
-1.15333e-22
8.74042e-23
1.27041e-21
-1.09373e-20
4.7404e-20
-1.31659e-19
1.8113e-19
7.36431e-20
-2.8931e-18
1.46075e-17
1.48318e-17
-3.71431e-18
-4.93025e-16
-4.28455e-15
-1.3931e-14
-3.99311e-14
-1.33145e-13
-4.57742e-13
-1.48074e-12
-3.79206e-12
-8.29238e-12
-1.50272e-11
-1.77795e-11
-1.11184e-11
-1.71332e-12
1.71994e-12
3.1157e-12
4.08481e-12
4.84576e-12
5.42834e-12
5.9689e-12
6.70726e-12
7.91098e-12
9.70589e-12
1.23204e-11
1.63399e-11
2.3482e-11
3.77977e-11
8.99912e-10
4.49778e-09
1.27972e-08
2.38141e-08
2.40698e-08
4.15294e-09
8.14909e-10
-1.17272e-07
-2.75646e-07
-3.12458e-07
-2.03975e-07
2.43465e-08
3.24837e-07
6.40863e-07
9.26867e-07
1.16529e-06
1.45473e-06
2.07445e-06
3.48623e-06
6.21694e-06
1.0665e-05
1.66457e-05
2.39189e-05
3.16251e-05
3.9475e-05
4.69491e-05
5.41417e-05
6.09617e-05
6.78022e-05
7.4679e-05
8.21083e-05
8.99709e-05
9.88444e-05
0.000108428
0.000119226
0.000131152
0.000144223
0.000158689
0.000174256
0.000191095
0.000208732
0.000227272
0.000245875
0.000264319
0.000282041
0.000298526
0.000313491
0.000326802
0.000338217
0.000348374
0.000357
0.000365321
0.0003735
0.000383723
0.000397253
0.000420013
0.000455145
0.000519329
0.000623269
0.000811995
0.00111366
0.00160991
0.00232859
0.00336288
0.00470699
0.00640775
0.00840204
0.010668
0.013079
0.0156161
0.0181295
0.0206967
0.0235535
0.0268187
0.0301048
0.0335357
0.0373755
0.0417706
0.0467427
0.0524793
0.0590127
0.066256
0.0740228
0.0819873
0.0898825
0.0974428
0.104674
0.111676
0.117745
0.122408
0.126127
0.129143
0.131525
0.133832
0.136193
0.138444
0.140287
0.142574
0.145283
0.146575
0.147234
0.147543
0.147544
0.147134
0.146381
0.145451
0.144531
0.143877
0.143583
0.14375
0.144293
0.145453
0.147065
0.149296
0.151815
0.15465
0.15764
0.160716
0.163723
0.166542
0.168887
0.169423
0.166882
0.161092
0.151477
0.13642
0.116283
0.097328
0.0828041
0.0739934
0.0703227
0.0703958
0.0728445
0.0764251
0.0799258
0.0821168
0.0817728
0.0787112
0.0727778
0.0636131
0.0514621
0.0378956
0.0264747
0.018073
0.0121105
0.00797271
0.00529822
0.00364945
0.00258494
0.00191102
0.00149936
0.00124566
0.00108425
0.000996873
0.00102306
0.00113394
0.00128102
0.00141616
0.00148991
0.00145167
0.00131653
0.000783171
-3.83069e-22
1.9286e-21
-7.78999e-21
2.0811e-20
-3.32259e-20
-1.82894e-20
3.86836e-19
-3.29299e-18
4.34032e-18
2.94817e-17
-1.53128e-16
-1.07077e-15
-5.15671e-15
-4.07322e-14
-2.22138e-13
-8.15226e-13
-1.8319e-12
4.8241e-13
1.83734e-11
9.6937e-11
3.83468e-10
1.29305e-09
3.66347e-09
8.4368e-09
1.62646e-08
2.76715e-08
4.30966e-08
6.14912e-08
8.33634e-08
1.08304e-07
1.35479e-07
1.63172e-07
1.89343e-07
2.118e-07
2.3195e-07
2.5428e-07
2.89651e-07
3.59472e-07
4.82335e-07
6.61618e-07
9.23041e-07
1.29792e-06
1.79958e-06
2.3247e-06
3.11206e-06
5.70234e-06
1.56702e-05
5.04216e-05
0.000151698
0.00034576
0.000644874
0.0010562
0.00159747
0.00225273
0.00300004
0.00380941
0.00466038
0.0055133
0.00636477
0.00712495
0.00779206
0.00827347
0.00860386
0.00876837
0.00885541
0.00888024
0.00892158
0.00896724
0.00907724
0.00921725
0.00943543
0.0096904
0.0100199
0.0104263
0.0109235
0.0115241
0.0121893
0.0129652
0.0137785
0.0146421
0.0155131
0.0163483
0.0171038
0.0177473
0.0182748
0.0186907
0.0189763
0.0192307
0.019407
0.0196627
0.0199412
0.0203903
0.0209657
0.0218965
0.0231061
0.0248762
0.0271107
0.0299944
0.0333873
0.0374307
0.041878
0.0467219
0.0516458
0.0565367
0.0611235
0.0653315
0.0690571
0.0724524
0.0756009
0.0792791
0.0839117
0.0883318
0.0922436
0.0962946
0.0998986
0.103063
0.107588
0.113687
0.119464
0.123108
0.126007
0.128591
0.130873
0.132802
0.134292
0.135184
0.135359
0.134935
0.133849
0.132125
0.129992
0.12725
0.123548
0.118766
0.112007
0.102642
0.0920025
0.0812715
0.0706293
0.0607479
0.0515528
0.0438293
0.0378656
0.0348073
0.0331826
0.033012
0.033424
0.0348925
0.0364917
0.0393193
0.0420968
0.0463107
0.050598
0.0562594
0.0621516
0.0691764
0.0766551
0.0843831
0.0835021
0.0780463
0.0681125
0.0553692
0.0417812
0.0296433
0.0207503
0.0153684
0.012591
0.0114059
0.0109746
0.0107321
0.0103364
0.00962665
0.00861597
0.00746814
0.00640018
0.00543033
0.00420715
0.00288131
0.00172806
0.000994812
0.000619312
0.000370961
0.00021271
0.000115076
5.68231e-05
2.33256e-05
4.93444e-06
-4.47652e-06
-8.63042e-06
-9.80743e-06
-9.41597e-06
-8.30556e-06
-6.9759e-06
-5.71374e-06
-4.66068e-06
-3.8699e-06
-3.36216e-06
-3.16998e-06
-3.26783e-06
-3.2314e-06
5.65231e-22
9.58963e-23
-1.17004e-20
8.63286e-20
-4.39803e-19
1.59929e-18
-3.77704e-18
1.27413e-17
-1.23165e-17
-6.26258e-16
-4.64862e-15
-3.02208e-14
3.40279e-14
4.49046e-12
7.07058e-11
7.55205e-10
6.24814e-09
4.17528e-08
2.19841e-07
9.63452e-07
3.69058e-06
1.27318e-05
3.44342e-05
6.90844e-05
0.000113295
0.000160998
0.000214104
0.000255356
0.000295613
0.000338001
0.000384255
0.000430191
0.00046921
0.000497948
0.000513808
0.000541376
0.000571734
0.000664749
0.000866583
0.0011753
0.00168374
0.00257332
0.0039946
0.00574773
0.00756186
0.00935674
0.0111412
0.0130012
0.0151913
0.0177306
0.0206379
0.0239785
0.0267099
0.0285485
0.029837
0.0309296
0.0324442
0.0344853
0.0371516
0.0405088
0.0447173
0.049694
0.0554676
0.0618093
0.0686137
0.0754351
0.0820471
0.088041
0.0940705
0.0986017
0.100266
0.100855
0.101272
0.10149
0.101524
0.101438
0.101092
0.100519
0.099622
0.0984309
0.0968868
0.0950554
0.0929613
0.0906583
0.0882739
0.0859479
0.0838185
0.0820076
0.0806512
0.0799437
0.0796673
0.0797569
0.0804411
0.0816338
0.0832733
0.0854285
0.087771
0.0896849
0.0914551
0.0931525
0.094777
0.0962991
0.0977041
0.0989816
0.100017
0.100768
0.101049
0.100695
0.099303
0.0969757
0.0938699
0.0901348
0.0857516
0.0784369
0.0679146
0.0572361
0.0471358
0.0383637
0.0317361
0.0277322
0.0254211
0.0238529
0.0226514
0.0216541
0.0207409
0.0198082
0.0187702
0.0175903
0.0162811
0.0148634
0.0133326
0.0116219
0.00989918
0.00821824
0.00656829
0.00517632
0.00402474
0.003041
0.00218272
0.00147515
0.000876383
0.000442883
0.000225974
0.000154566
0.000110822
8.24478e-05
6.43246e-05
5.35263e-05
4.88833e-05
7.0717e-05
0.000117142
0.000234207
0.000418264
0.000794147
0.00135207
0.00235982
0.00381542
0.00532518
0.004002
0.00290684
0.00200228
0.00132749
0.000853542
0.00053585
0.000327634
0.000198607
0.000120433
7.12844e-05
4.00146e-05
2.01554e-05
7.73087e-06
3.59205e-07
-3.40193e-06
-4.87511e-06
-5.03735e-06
-4.58737e-06
-3.98041e-06
-3.39541e-06
-2.87713e-06
-2.4415e-06
-2.10459e-06
-1.90926e-06
-1.81274e-06
-1.76786e-06
-1.73495e-06
-1.68716e-06
-1.60758e-06
-1.40117e-06
-1.25451e-06
-1.10008e-06
-9.49002e-07
-8.09814e-07
-6.85442e-07
-5.78229e-07
-4.92443e-07
-4.32932e-07
-4.06237e-07
-4.16096e-07
-4.18283e-07
-2.69372e-07
2.05457e-21
-7.74712e-21
1.86133e-20
2.82522e-20
-6.09696e-19
1.98772e-18
2.6842e-18
1.56888e-16
-7.05361e-16
-3.2629e-15
2.59124e-15
3.14922e-13
5.8992e-12
7.9199e-11
8.46779e-10
7.85251e-09
6.71989e-08
5.11808e-07
4.27296e-06
3.25753e-05
0.000222735
0.00244141
0.013118
0.0387739
0.083311
0.136358
0.166835
0.176393
0.176595
0.171396
0.161274
0.14662
0.127301
0.0996058
0.069185
0.0429665
0.0250976
0.0142865
0.00869074
0.00736683
0.00923925
0.0132022
0.0186594
0.0260671
0.0362402
0.0460395
0.0513487
0.052913
0.0526751
0.050844
0.0451196
0.0349329
0.0244818
0.0173016
0.0146296
0.0135404
0.0125938
0.0118693
0.0115264
0.0118214
0.012676
0.0142813
0.016349
0.0188993
0.021449
0.0240132
0.0260951
0.0278804
0.0289997
0.0297929
0.0300784
0.0301979
0.0300053
0.0296787
0.0292642
0.0287645
0.0283139
0.0278417
0.0274738
0.0271248
0.0268427
0.0265752
0.0263087
0.0260267
0.0256966
0.0252999
0.0248206
0.0242043
0.0234841
0.0225767
0.0215536
0.0203224
0.01897
0.0174122
0.0157502
0.0139357
0.0120725
0.0101556
0.00828153
0.00649288
0.00489588
0.00356125
0.00251232
0.00172895
0.0011674
0.000783673
0.000554896
0.000516104
0.000798028
0.0013226
0.0017701
0.0021449
0.00224917
0.0020128
0.00159409
0.00121206
0.000762705
0.000337671
5.09521e-05
1.51167e-05
1.38823e-05
1.3005e-05
1.22619e-05
1.15427e-05
1.07954e-05
9.98586e-06
9.10106e-06
8.15943e-06
7.1888e-06
6.23069e-06
5.32268e-06
4.4413e-06
3.64025e-06
2.92912e-06
2.29514e-06
1.75314e-06
1.33189e-06
9.90321e-07
7.10301e-07
4.89064e-07
3.06056e-07
1.57317e-07
4.62198e-08
1.605e-09
-2.93402e-08
-6.73691e-08
-1.14641e-07
-2.22527e-07
-3.63221e-07
-6.57397e-07
-1.02552e-06
-1.70916e-06
-2.49359e-06
-3.726e-06
-5.1418e-06
-6.95348e-06
-8.84056e-06
-1.02953e-05
-1.25513e-05
-1.3615e-05
-1.33927e-05
-1.20364e-05
-9.78989e-06
-7.09836e-06
-4.49126e-06
-2.40682e-06
-1.10523e-06
-4.67671e-07
-2.01749e-07
-1.1306e-07
-1.03152e-07
-1.26012e-07
-1.50216e-07
-1.66605e-07
-1.70815e-07
-1.61682e-07
-1.37544e-07
-1.07045e-07
-7.85353e-08
-5.50505e-08
-3.69799e-08
-2.39858e-08
-1.50247e-08
-8.69314e-09
-4.19057e-09
-1.7314e-09
-1.04905e-09
-7.32397e-10
-6.04217e-10
-4.92199e-10
-3.93429e-10
-3.09532e-10
-2.40969e-10
-1.88567e-10
-1.53837e-10
-1.41938e-10
-1.68777e-10
-2.6482e-10
-3.94786e-10
-2.90316e-10
)
;

boundaryField
{
    inlet
    {
        type            uniformFixedValue;
        uniformValue    table;
        uniformValueCoeffs
        {
            values          
4
(
(0 1)
(0.15 1)
(0.151 0)
(1 0)
)
;
        }
        value           uniform 0;
    }
    outlet
    {
        type            inletOutlet;
        inletValue      uniform 0;
        value           nonuniform List<scalar> 
20
(
0
0
0
0.000450717
0.0103644
0.090484
0.251459
0.302235
0.271322
0.231188
0.230668
0.25917
0.278478
0.248681
0.160278
0.0488109
0.000783171
0
0
0
)
;
    }
    walls
    {
        type            zeroGradient;
    }
    frontAndBack
    {
        type            empty;
    }
}


// ************************************************************************* //
