/*--------------------------------*- C++ -*----------------------------------*\
| =========                 |                                                 |
| \\      /  F ield         | OpenFOAM: The Open Source CFD Toolbox           |
|  \\    /   O peration     | Version:  2506                                  |
|   \\  /    A nd           | Website:  www.openfoam.com                      |
|    \\/     M anipulation  |                                                 |
\*---------------------------------------------------------------------------*/
FoamFile
{
    version     2.0;
    format      ascii;
    arch        "LSB;label=32;scalar=64";
    class       surfaceScalarField;
    location    "0.5";
    object      phi;
}
// * * * * * * * * * * * * * * * * * * * * * * * * * * * * * * * * * * * * * //

dimensions      [0 3 -1 0 0 0 0];

oriented        oriented;

internalField   nonuniform List<scalar> 
7780
(
2.08007e-09
4.19931e-10
1.64584e-09
4.34228e-10
1.34741e-09
2.98438e-10
1.16196e-09
1.8544e-10
1.05027e-09
1.11697e-10
9.80695e-10
6.95767e-11
9.34359e-10
4.63371e-11
9.0124e-10
3.31213e-11
8.75993e-10
2.52484e-11
8.55736e-10
2.02587e-11
8.38899e-10
1.68383e-11
8.24585e-10
1.4316e-11
8.12226e-10
1.23594e-11
8.01433e-10
1.0795e-11
7.91909e-10
9.52451e-12
7.83418e-10
8.49274e-12
7.75752e-10
7.66691e-12
7.68708e-10
7.04488e-12
7.62081e-10
6.62844e-12
7.55666e-10
6.41618e-12
7.49253e-10
6.41395e-12
7.42625e-10
6.62937e-12
7.35553e-10
7.07267e-12
7.27796e-10
7.75866e-12
7.19089e-10
8.70813e-12
7.09141e-10
9.94918e-12
6.9762e-10
1.15222e-11
6.84114e-10
1.35069e-11
6.68128e-10
1.59879e-11
6.48992e-10
1.91365e-11
6.25735e-10
2.32595e-11
5.96773e-10
2.89636e-11
5.59568e-10
3.72081e-11
5.03404e-10
5.61685e-11
4.52956e-10
5.04495e-11
4.32827e-10
2.01278e-11
4.29656e-10
3.1686e-12
4.33023e-10
-3.36251e-12
4.44369e-10
-1.13191e-11
4.67786e-10
-2.33559e-11
5.16732e-10
-4.88535e-11
5.73903e-10
-5.70802e-11
6.25301e-10
-5.13478e-11
6.72753e-10
-4.74616e-11
7.14335e-10
-4.16487e-11
7.52041e-10
-3.78109e-11
7.88222e-10
-3.62945e-11
8.17357e-10
-2.92289e-11
8.45598e-10
-2.82971e-11
8.70387e-10
-2.48032e-11
8.90234e-10
-1.98283e-11
9.09248e-10
-1.89768e-11
9.19859e-10
-1.05729e-11
9.29795e-10
-9.90698e-12
9.29748e-10
6.29013e-14
9.25714e-10
4.03942e-12
9.13788e-10
1.19253e-11
8.92252e-10
2.15333e-11
8.70112e-10
2.21327e-11
8.33143e-10
3.69536e-11
7.98261e-10
3.48513e-11
7.58172e-10
4.00311e-11
7.16828e-10
4.12497e-11
6.78334e-10
3.83639e-11
6.3781e-10
4.03768e-11
6.03531e-10
3.41591e-11
5.68815e-10
3.46796e-11
5.39885e-10
2.90301e-11
5.12406e-10
2.77349e-11
4.88622e-10
2.4169e-11
4.67999e-10
2.10702e-11
4.48036e-10
2.03821e-11
4.31503e-10
1.68404e-11
4.16226e-10
1.54199e-11
4.02181e-10
1.40096e-11
3.90233e-10
1.17599e-11
3.79555e-10
1.03842e-11
3.69898e-10
9.31617e-12
3.61877e-10
7.68505e-12
3.5521e-10
6.37603e-12
3.49691e-10
5.29679e-12
3.45489e-10
4.05595e-12
3.42472e-10
2.94081e-12
3.40586e-10
1.86652e-12
3.40023e-10
5.87191e-13
3.40351e-10
-2.75541e-13
3.41458e-10
-1.03759e-12
3.43958e-10
-2.4223e-12
3.46979e-10
-2.94233e-12
3.50313e-10
-3.261e-12
3.55061e-10
-4.68434e-12
3.59981e-10
-4.86525e-12
3.65073e-10
-5.04756e-12
3.71584e-10
-6.47491e-12
3.77275e-10
-5.6633e-12
3.84962e-10
-7.66494e-12
3.91594e-10
-6.61517e-12
4.00284e-10
-8.67699e-12
4.07638e-10
-7.34358e-12
4.18437e-10
-1.07916e-11
4.27915e-10
-9.47119e-12
4.39591e-10
-1.16717e-11
4.51308e-10
-1.17137e-11
4.62693e-10
-1.13834e-11
4.76211e-10
-1.35182e-11
4.88288e-10
-1.20803e-11
5.02389e-10
-1.4107e-11
5.15347e-10
-1.29671e-11
5.2862e-10
-1.32851e-11
5.41313e-10
-1.27067e-11
5.53593e-10
-1.22951e-11
5.64446e-10
-1.08645e-11
5.75056e-10
-1.06153e-11
5.82906e-10
-7.84319e-12
5.91744e-10
-8.81197e-12
5.98123e-10
-6.32667e-12
6.03586e-10
-5.37517e-12
6.08832e-10
-5.11281e-12
6.12502e-10
-3.4821e-12
6.15611e-10
-2.85765e-12
6.18794e-10
-2.86449e-12
6.21257e-10
-2.0823e-12
6.23339e-10
-1.65747e-12
6.25961e-10
-2.18586e-12
6.28587e-10
-2.22414e-12
6.31601e-10
-2.6934e-12
6.35165e-10
-3.36961e-12
6.39166e-10
-3.9642e-12
6.44153e-10
-5.12616e-12
6.50801e-10
-6.96403e-12
6.57404e-10
-7.08697e-12
6.65567e-10
-8.7974e-12
6.76487e-10
-1.16763e-11
6.87114e-10
-1.14588e-11
6.99767e-10
-1.34985e-11
7.16274e-10
-1.7282e-11
7.30584e-10
-1.49187e-11
7.49316e-10
-1.90882e-11
7.67286e-10
-1.80211e-11
7.8647e-10
-1.89351e-11
8.05222e-10
-1.82725e-11
8.2222e-10
-1.6407e-11
8.35863e-10
-1.3074e-11
8.46757e-10
-1.04482e-11
8.47952e-10
-9.19898e-13
8.48136e-10
-6.40599e-14
8.32784e-10
1.53664e-11
8.14252e-10
1.85012e-11
7.87136e-10
2.70804e-11
7.52438e-10
3.46787e-11
7.17561e-10
3.48735e-11
6.73603e-10
4.39643e-11
6.33893e-10
3.97213e-11
5.88524e-10
4.53821e-11
5.47739e-10
4.07963e-11
5.03027e-10
4.47205e-11
4.61243e-10
4.17844e-11
4.16683e-10
4.45452e-11
3.73389e-10
4.32654e-11
3.30262e-10
4.30923e-11
3.30278e-10
-4.43456e-14
3.31567e-10
-1.30662e-12
3.34709e-10
-3.15051e-12
3.41204e-10
-6.49921e-12
3.59166e-10
-1.7966e-11
3.87604e-10
-2.84425e-11
4.36808e-10
-4.92096e-11
4.87776e-10
-5.09728e-11
5.34369e-10
-4.65961e-11
5.78722e-10
-4.4356e-11
6.20429e-10
-4.17095e-11
6.58447e-10
-3.80195e-11
6.91797e-10
-3.33507e-11
7.19844e-10
-2.80477e-11
7.42358e-10
-2.25138e-11
7.59476e-10
-1.71183e-11
7.71611e-10
-1.21351e-11
7.79424e-10
-7.81236e-12
7.83761e-10
-4.3367e-12
7.85052e-10
-1.2905e-12
7.84159e-10
8.93417e-13
7.81649e-10
2.51103e-12
7.78108e-10
3.54219e-12
7.74065e-10
4.04442e-12
7.69903e-10
4.16428e-12
7.65914e-10
3.99124e-12
7.62312e-10
3.60355e-12
7.59245e-10
3.06904e-12
7.56803e-10
2.44488e-12
7.5503e-10
1.7751e-12
7.53963e-10
1.06887e-12
7.53506e-10
4.60147e-13
7.53624e-10
-1.16247e-13
7.54265e-10
-6.38938e-13
7.55308e-10
-1.042e-12
7.56671e-10
-1.36095e-12
7.58225e-10
-1.55335e-12
7.59768e-10
-1.54174e-12
7.609e-10
-1.13074e-12
3.65691e-13
2.63693e-09
2.83006e-10
2.59027e-09
4.80887e-10
2.44461e-09
4.441e-10
2.27868e-09
3.5137e-10
2.12984e-09
2.60543e-10
2.01055e-09
1.88867e-10
1.91746e-09
1.39431e-10
1.84357e-09
1.07008e-10
1.78347e-09
8.53484e-11
1.73353e-09
7.0202e-11
1.69132e-09
5.90568e-11
1.65518e-09
5.04504e-11
1.62399e-09
4.35564e-11
1.59688e-09
3.79058e-11
1.57318e-09
3.32191e-11
1.55235e-09
2.9333e-11
1.53386e-09
2.61529e-11
1.51726e-09
2.36479e-11
1.50208e-09
2.1811e-11
1.48785e-09
2.06438e-11
1.47411e-09
2.01591e-11
1.46036e-09
2.03748e-11
1.44612e-09
2.13139e-11
1.43088e-09
2.30067e-11
1.41409e-09
2.54947e-11
1.39521e-09
2.88359e-11
1.37361e-09
3.31162e-11
1.34864e-09
3.84843e-11
1.31949e-09
4.51326e-11
1.28524e-09
5.33906e-11
1.2447e-09
6.37993e-11
1.19639e-09
7.72824e-11
1.13809e-09
9.55091e-11
1.06425e-09
1.3001e-10
9.97381e-10
1.17322e-10
9.64519e-10
5.29876e-11
9.58362e-10
9.31262e-12
9.71908e-10
-1.69377e-11
1.00493e-09
-4.43832e-11
1.06136e-09
-7.98171e-11
1.14954e-09
-1.37032e-10
1.24956e-09
-1.57039e-10
1.34722e-09
-1.4892e-10
1.43988e-09
-1.40037e-10
1.52406e-09
-1.25772e-10
1.60119e-09
-1.14921e-10
1.67298e-09
-1.08117e-10
1.73518e-09
-9.14911e-11
1.793e-09
-8.61891e-11
1.84392e-09
-7.57832e-11
1.88692e-09
-6.28742e-11
1.92415e-09
-5.62207e-11
1.95037e-09
-3.67949e-11
1.96975e-09
-2.92762e-11
1.97535e-09
-5.52264e-12
1.9706e-09
8.80048e-12
1.95288e-09
2.96498e-11
1.92002e-09
5.43882e-11
1.8783e-09
6.38555e-11
1.81805e-09
9.7189e-11
1.75238e-09
1.00494e-10
1.67752e-09
1.14858e-10
1.59786e-09
1.20856e-10
1.51779e-09
1.18397e-10
1.43549e-09
1.22672e-10
1.35831e-09
1.11388e-10
1.28208e-09
1.11025e-10
1.21277e-09
9.84985e-11
1.14715e-09
9.35223e-11
1.087e-09
8.44254e-11
1.03231e-09
7.57801e-11
9.80764e-10
7.18247e-11
9.34432e-10
6.29674e-11
8.91678e-10
5.79051e-11
8.52163e-10
5.32444e-11
8.16557e-10
4.71235e-11
7.84196e-10
4.25742e-11
7.54769e-10
3.86576e-11
7.28669e-10
3.37809e-11
7.05781e-10
2.93269e-11
6.85869e-10
2.53151e-11
6.69037e-10
2.10153e-11
6.55167e-10
1.69393e-11
6.44179e-10
1.29712e-11
6.36179e-10
8.68383e-12
6.30848e-10
5.13042e-12
6.28057e-10
1.80781e-12
6.28067e-10
-2.39725e-12
6.30027e-10
-4.88361e-12
6.33843e-10
-7.0708e-12
6.40095e-10
-1.09393e-11
6.48139e-10
-1.2917e-11
6.57786e-10
-1.47053e-11
6.69844e-10
-1.85436e-11
6.82975e-10
-1.88035e-11
6.98861e-10
-2.35588e-11
7.1581e-10
-2.3571e-11
7.35592e-10
-2.84624e-11
7.56438e-10
-2.81921e-11
7.80134e-10
-3.44889e-11
8.04879e-10
-3.42163e-11
8.32151e-10
-3.89422e-11
8.60844e-10
-4.0405e-11
8.90754e-10
-4.12895e-11
9.22488e-10
-4.52483e-11
9.53484e-10
-4.3071e-11
9.85462e-10
-4.60805e-11
1.01599e-09
-4.34875e-11
1.0456e-09
-4.29028e-11
1.07343e-09
-4.05303e-11
1.09927e-09
-3.81475e-11
1.12295e-09
-3.45722e-11
1.14485e-09
-3.2538e-11
1.16369e-09
-2.6734e-11
1.18172e-09
-2.68994e-11
1.19696e-09
-2.1646e-11
1.21056e-09
-1.90672e-11
1.22314e-09
-1.77993e-11
1.234e-09
-1.44432e-11
1.24405e-09
-1.30063e-11
1.25394e-09
-1.28289e-11
1.26322e-09
-1.13884e-11
1.27244e-09
-1.08421e-11
1.28243e-09
-1.2057e-11
1.29296e-09
-1.25566e-11
1.30449e-09
-1.39624e-11
1.31727e-09
-1.58481e-11
1.33144e-09
-1.78055e-11
1.34761e-09
-2.09662e-11
1.36621e-09
-2.52603e-11
1.38623e-09
-2.68526e-11
1.40906e-09
-3.14227e-11
1.43558e-09
-3.80855e-11
1.46334e-09
-3.92209e-11
1.4946e-09
-4.49045e-11
1.52978e-09
-5.27523e-11
1.56478e-09
-5.03505e-11
1.60362e-09
-5.84313e-11
1.64234e-09
-5.7244e-11
1.68126e-09
-5.82571e-11
1.71859e-09
-5.58391e-11
1.75177e-09
-4.9612e-11
1.77897e-09
-4.01423e-11
1.7985e-09
-2.97472e-11
1.80492e-09
-7.10586e-12
1.80218e-09
2.86006e-12
1.78009e-09
3.75594e-11
1.74677e-09
5.18599e-11
1.69885e-09
7.50028e-11
1.63667e-09
9.68404e-11
1.56703e-09
1.045e-10
1.48437e-09
1.26609e-10
1.40004e-09
1.24049e-10
1.30792e-09
1.37505e-10
1.2171e-09
1.31614e-10
1.12151e-09
1.40307e-10
1.02726e-09
1.36032e-10
9.31712e-10
1.40072e-10
8.41267e-10
1.33693e-10
7.57645e-10
1.26707e-10
7.23404e-10
3.41962e-11
7.05363e-10
1.67324e-11
6.9985e-10
2.35956e-12
7.0866e-10
-1.53134e-11
7.3947e-10
-4.87814e-11
7.94365e-10
-8.33425e-11
8.78177e-10
-1.33027e-10
9.72583e-10
-1.45382e-10
1.06758e-09
-1.41601e-10
1.16071e-09
-1.37481e-10
1.24906e-09
-1.30063e-10
1.32988e-09
-1.18844e-10
1.40098e-09
-1.04449e-10
1.46095e-09
-8.80185e-11
1.50921e-09
-7.0778e-11
1.54592e-09
-5.38273e-11
1.57182e-09
-3.80401e-11
1.58805e-09
-2.40466e-11
1.59589e-09
-1.21763e-11
1.59704e-09
-2.44007e-12
1.59304e-09
4.89624e-12
1.5853e-09
1.02487e-11
1.57512e-09
1.37271e-11
1.56356e-09
1.56091e-11
1.55152e-09
1.61987e-11
1.53973e-09
1.57804e-11
1.52872e-09
1.46165e-11
1.51885e-09
1.29423e-11
1.51034e-09
1.09598e-11
1.50328e-09
8.83568e-12
1.49765e-09
6.70312e-12
1.49342e-09
4.68743e-12
1.49047e-09
2.84122e-12
1.48861e-09
1.21943e-12
1.48768e-09
-1.13387e-13
1.48748e-09
-1.15461e-12
1.48776e-09
-1.83275e-12
1.48825e-09
-2.03188e-12
1.48867e-09
-1.54911e-12
1.64411e-13
2.61191e-09
1.71094e-10
2.71373e-09
3.79076e-10
2.73215e-09
4.25676e-10
2.68756e-09
3.9597e-10
2.61134e-09
3.36767e-10
2.52344e-09
2.76763e-10
2.43818e-09
2.24697e-10
2.3612e-09
1.83983e-10
2.29333e-09
1.53227e-10
2.23389e-09
1.29636e-10
2.18189e-09
1.1106e-10
2.13634e-09
9.60032e-11
2.09637e-09
8.35256e-11
2.06123e-09
7.30466e-11
2.03026e-09
6.41927e-11
2.00286e-09
5.67365e-11
1.97846e-09
5.05495e-11
1.95654e-09
4.55764e-11
1.93654e-09
4.18045e-11
1.91794e-09
3.92456e-11
1.90018e-09
3.7925e-11
1.88268e-09
3.78781e-11
1.86485e-09
3.91476e-11
1.84607e-09
4.17835e-11
1.82572e-09
4.5848e-11
1.80313e-09
5.14248e-11
1.77761e-09
5.86347e-11
1.74844e-09
6.76613e-11
1.7148e-09
7.87716e-11
1.67582e-09
9.23737e-11
1.63053e-09
1.09091e-10
1.57792e-09
1.29891e-10
1.51706e-09
1.56379e-10
1.44574e-09
2.01329e-10
1.38119e-09
1.81873e-10
1.34678e-09
8.73997e-11
1.34377e-09
1.23176e-11
1.3687e-09
-4.18992e-11
1.42043e-09
-9.61594e-11
1.49852e-09
-1.57962e-10
1.60305e-09
-2.41606e-10
1.71743e-09
-2.71417e-10
1.83165e-09
-2.63079e-10
1.94059e-09
-2.48886e-10
2.04056e-09
-2.2566e-10
2.13209e-09
-2.06381e-10
2.21606e-09
-1.92067e-10
2.28994e-09
-1.6539e-10
2.35762e-09
-1.53922e-10
2.41672e-09
-1.34937e-10
2.46671e-09
-1.12926e-10
2.50864e-09
-9.81814e-11
2.53977e-09
-6.79376e-11
2.56138e-09
-5.08799e-11
2.57023e-09
-1.43549e-11
2.56693e-09
1.21035e-11
2.55021e-09
4.63841e-11
2.51848e-09
8.61157e-11
2.47499e-09
1.07337e-10
2.4147e-09
1.5747e-10
2.34467e-09
1.7051e-10
2.26375e-09
1.95751e-10
2.17536e-09
2.09226e-10
2.08256e-09
2.11188e-10
1.98635e-09
2.18921e-10
1.89137e-09
2.06462e-10
1.79686e-09
2.05668e-10
1.70664e-09
1.88845e-10
1.62003e-09
1.80218e-10
1.53825e-09
1.66201e-10
1.46193e-09
1.51972e-10
1.38968e-09
1.43855e-10
1.32284e-09
1.29516e-10
1.26053e-09
1.19913e-10
1.20247e-09
1.11054e-10
1.1491e-09
1.00333e-10
1.10003e-09
9.15834e-11
1.05508e-09
8.3632e-11
1.01447e-09
7.44967e-11
9.78236e-10
6.57036e-11
9.46252e-10
5.74644e-11
9.18637e-10
4.87912e-11
8.95353e-10
4.03608e-11
8.76373e-10
3.20575e-11
8.61775e-10
2.33558e-11
8.51222e-10
1.57264e-11
8.4441e-10
8.63859e-12
8.41709e-10
3.02422e-13
8.42682e-10
-5.87134e-12
8.47011e-10
-1.14227e-11
8.55005e-10
-1.89596e-11
8.66114e-10
-2.40525e-11
8.80026e-10
-2.86405e-11
8.97439e-10
-3.59759e-11
9.17104e-10
-3.84849e-11
9.40394e-10
-4.68615e-11
9.65786e-10
-4.89718e-11
9.94685e-10
-5.73679e-11
1.02541e-09
-5.89225e-11
1.05966e-09
-6.87414e-11
1.09542e-09
-6.99749e-11
1.13385e-09
-7.73709e-11
1.17362e-09
-8.01707e-11
1.21435e-09
-8.2016e-11
1.25612e-09
-8.70163e-11
1.29711e-09
-8.4055e-11
1.33797e-09
-8.69335e-11
1.37715e-09
-8.26639e-11
1.41462e-09
-8.03634e-11
1.44995e-09
-7.58574e-11
1.48281e-09
-7.10103e-11
1.5132e-09
-6.49717e-11
1.54124e-09
-6.0597e-11
1.56651e-09
-5.2043e-11
1.59018e-09
-5.06317e-11
1.61143e-09
-4.29898e-11
1.631e-09
-3.87554e-11
1.64935e-09
-3.62901e-11
1.66632e-09
-3.15877e-11
1.68255e-09
-2.94177e-11
1.6985e-09
-2.89708e-11
1.71413e-09
-2.71724e-11
1.72997e-09
-2.67737e-11
1.74649e-09
-2.86023e-11
1.7638e-09
-2.97922e-11
1.78228e-09
-3.22744e-11
1.80219e-09
-3.55069e-11
1.82377e-09
-3.90726e-11
1.84745e-09
-4.42947e-11
1.87346e-09
-5.0882e-11
1.90147e-09
-5.44813e-11
1.93223e-09
-6.17971e-11
1.96624e-09
-7.17483e-11
2.00189e-09
-7.45931e-11
2.04067e-09
-8.3528e-11
2.08198e-09
-9.40577e-11
2.12381e-09
-9.2354e-11
2.16737e-09
-1.02346e-10
2.21038e-09
-1.00726e-10
2.25187e-09
-1.00252e-10
2.2905e-09
-9.4904e-11
2.32355e-09
-8.29357e-11
2.34966e-09
-6.63318e-11
2.3663e-09
-4.6304e-11
2.37064e-09
-1.12763e-11
2.36322e-09
1.04691e-11
2.33823e-09
6.26903e-11
2.29917e-09
9.09885e-11
2.24477e-09
1.29422e-10
2.17454e-09
1.67065e-10
2.09307e-09
1.85955e-10
1.99733e-09
2.22342e-10
1.89476e-09
2.26612e-10
1.7827e-09
2.49566e-10
1.66733e-09
2.46993e-10
1.54637e-09
2.61262e-10
1.42396e-09
2.58438e-10
1.30099e-09
2.63035e-10
1.18564e-09
2.49044e-10
1.07876e-09
2.3359e-10
1.01381e-09
9.91443e-11
9.74746e-10
5.58003e-11
9.58867e-10
1.82334e-11
9.67739e-10
-2.41927e-11
1.00816e-09
-8.92088e-11
1.07996e-09
-1.55149e-10
1.18306e-09
-2.36128e-10
1.29948e-09
-2.6181e-10
1.4181e-09
-2.60225e-10
1.53422e-09
-2.53597e-10
1.64384e-09
-2.39684e-10
1.74372e-09
-2.18727e-10
1.83146e-09
-1.92192e-10
1.90556e-09
-1.62125e-10
1.96541e-09
-1.30625e-10
2.01115e-09
-9.95688e-11
2.04358e-09
-7.04704e-11
2.06396e-09
-4.44295e-11
2.0739e-09
-2.21218e-11
2.0753e-09
-3.84103e-12
2.06986e-09
1.03398e-11
2.05942e-09
2.06932e-11
2.04557e-09
2.75714e-11
2.02974e-09
3.14414e-11
2.01312e-09
3.28229e-11
1.99666e-09
3.22393e-11
1.98109e-09
3.01894e-11
1.96691e-09
2.71273e-11
1.95442e-09
2.34492e-11
1.94377e-09
1.9486e-11
1.93498e-09
1.55035e-11
1.92796e-09
1.17066e-11
1.92257e-09
8.23625e-12
1.9186e-09
5.19086e-12
1.91584e-09
2.64204e-12
1.91405e-09
6.36851e-13
1.91298e-09
-7.61696e-13
1.91242e-09
-1.466e-12
1.91224e-09
-1.3705e-12
-1.16033e-13
2.56372e-09
1.07378e-10
2.6707e-09
2.72095e-10
2.74859e-09
3.47789e-10
2.78298e-09
3.61583e-10
2.77798e-09
3.4177e-10
2.749e-09
3.05748e-10
2.70595e-09
2.67748e-10
2.65698e-09
2.32953e-10
2.60765e-09
2.02553e-10
2.56055e-09
1.76743e-10
2.51671e-09
1.54898e-10
2.47653e-09
1.36187e-10
2.44e-09
1.2006e-10
2.40691e-09
1.0613e-10
2.377e-09
9.41098e-11
2.34991e-09
8.38243e-11
2.32528e-09
7.518e-11
2.30272e-09
6.81416e-11
2.2818e-09
6.27177e-11
2.2621e-09
5.89478e-11
2.24315e-09
5.68848e-11
2.22443e-09
5.65959e-11
2.20542e-09
5.81599e-11
2.18554e-09
6.16612e-11
2.1642e-09
6.71935e-11
2.14075e-09
7.48709e-11
2.11454e-09
8.4845e-11
2.08488e-09
9.73274e-11
2.05104e-09
1.12618e-10
2.01227e-09
1.31144e-10
1.96784e-09
1.53519e-10
1.91713e-09
1.8061e-10
1.85978e-09
2.13731e-10
1.79466e-09
2.66451e-10
1.73559e-09
2.40941e-10
1.70252e-09
1.20479e-10
1.70012e-09
1.47196e-11
1.72779e-09
-6.959e-11
1.78392e-09
-1.52318e-10
1.86503e-09
-2.39138e-10
1.96711e-09
-3.43752e-10
2.07679e-09
-3.81136e-10
2.18762e-09
-3.73898e-10
2.29375e-09
-3.54965e-10
2.39169e-09
-3.23511e-10
2.48146e-09
-2.96066e-10
2.5636e-09
-2.74149e-10
2.63631e-09
-2.38087e-10
2.70291e-09
-2.20541e-10
2.76051e-09
-1.92581e-10
2.80999e-09
-1.62451e-10
2.85092e-09
-1.39149e-10
2.88234e-09
-9.93744e-11
2.90419e-09
-7.27327e-11
2.91527e-09
-2.54216e-11
2.91507e-09
1.23174e-11
2.90307e-09
5.83925e-11
2.87807e-09
1.11115e-10
2.84147e-09
1.4393e-10
2.79078e-09
2.08158e-10
2.72918e-09
2.32093e-10
2.65633e-09
2.68585e-10
2.57448e-09
2.91063e-10
2.48564e-09
3.00049e-10
2.39137e-09
3.13239e-10
2.29479e-09
3.03136e-10
2.19674e-09
3.03821e-10
2.09993e-09
2.85738e-10
2.00512e-09
2.75052e-10
1.91346e-09
2.5779e-10
1.82617e-09
2.39105e-10
1.74263e-09
2.27169e-10
1.66411e-09
2.07784e-10
1.59026e-09
1.93552e-10
1.52101e-09
1.80146e-10
1.45684e-09
1.64444e-10
1.39753e-09
1.5091e-10
1.34311e-09
1.3815e-10
1.29374e-09
1.24002e-10
1.2496e-09
1.09993e-10
1.21063e-09
9.65844e-11
1.17702e-09
8.25317e-11
1.14879e-09
6.86849e-11
1.12597e-09
5.49409e-11
1.10869e-09
4.06637e-11
1.09672e-09
2.76951e-11
1.08983e-09
1.55104e-11
1.08839e-09
1.70669e-12
1.09181e-09
-9.32127e-12
1.09981e-09
-1.94594e-11
1.11252e-09
-3.17067e-11
1.12938e-09
-4.09383e-11
1.14985e-09
-4.91353e-11
1.17456e-09
-6.07108e-11
1.202e-09
-6.59366e-11
1.23343e-09
-7.82947e-11
1.26698e-09
-8.25327e-11
1.30392e-09
-9.43098e-11
1.34224e-09
-9.7247e-11
1.38352e-09
-1.10021e-10
1.4254e-09
-1.11864e-10
1.46894e-09
-1.20905e-10
1.51259e-09
-1.23819e-10
1.55603e-09
-1.25454e-10
1.59916e-09
-1.30144e-10
1.64059e-09
-1.2548e-10
1.68072e-09
-1.27056e-10
1.71857e-09
-1.20504e-10
1.75406e-09
-1.15844e-10
1.7872e-09
-1.08978e-10
1.81772e-09
-1.01522e-10
1.84592e-09
-9.31684e-11
1.87191e-09
-8.65875e-11
1.89569e-09
-7.58436e-11
1.91806e-09
-7.30317e-11
1.9387e-09
-6.36979e-11
1.95817e-09
-5.83133e-11
1.97687e-09
-5.5118e-11
1.99483e-09
-4.97167e-11
2.0125e-09
-4.72959e-11
2.03032e-09
-4.70037e-11
2.04828e-09
-4.53512e-11
2.06685e-09
-4.55343e-11
2.08637e-09
-4.82409e-11
2.10697e-09
-5.04289e-11
2.12896e-09
-5.4208e-11
2.15254e-09
-5.89335e-11
2.1779e-09
-6.42155e-11
2.20531e-09
-7.14248e-11
2.23479e-09
-8.0044e-11
2.26638e-09
-8.5728e-11
2.3003e-09
-9.53691e-11
2.33677e-09
-1.07854e-10
2.37463e-09
-1.12112e-10
2.4148e-09
-1.23413e-10
2.45618e-09
-1.35256e-10
2.49795e-09
-1.34085e-10
2.53973e-09
-1.4426e-10
2.58035e-09
-1.4165e-10
2.61827e-09
-1.38581e-10
2.65269e-09
-1.29747e-10
2.68115e-09
-1.11743e-10
2.70287e-09
-8.82516e-11
2.7154e-09
-5.88676e-11
2.7176e-09
-1.33779e-11
2.70805e-09
2.01653e-11
2.68448e-09
8.64015e-11
2.64704e-09
1.2852e-10
2.59557e-09
1.8092e-10
2.52879e-09
2.33854e-10
2.44954e-09
2.6519e-10
2.35573e-09
3.16144e-10
2.25207e-09
3.30263e-10
2.13713e-09
3.64511e-10
2.01524e-09
3.68887e-10
1.8864e-09
3.90109e-10
1.75339e-09
3.91445e-10
1.61948e-09
3.96946e-10
1.49502e-09
3.73507e-10
1.37917e-09
3.49458e-10
1.30146e-09
1.76854e-10
1.25443e-09
1.02829e-10
1.23798e-09
3.46749e-11
1.25351e-09
-3.97269e-11
1.30649e-09
-1.42195e-10
1.39325e-09
-2.41921e-10
1.51002e-09
-3.52901e-10
1.63737e-09
-3.89162e-10
1.76428e-09
-3.87135e-10
1.88614e-09
-3.75467e-10
1.99936e-09
-3.52899e-10
2.10124e-09
-3.20611e-10
2.18997e-09
-2.80923e-10
2.26452e-09
-2.3668e-10
2.3246e-09
-1.90709e-10
2.37054e-09
-1.4551e-10
2.40319e-09
-1.03119e-10
2.4238e-09
-6.50432e-11
2.43393e-09
-3.22529e-11
2.43532e-09
-5.2254e-12
2.4297e-09
1.59605e-11
2.41882e-09
3.15717e-11
2.4043e-09
4.20948e-11
2.38758e-09
4.81644e-11
2.36989e-09
5.05055e-11
2.35226e-09
4.98719e-11
2.33546e-09
4.69977e-11
2.32003e-09
4.25613e-11
2.30632e-09
3.71599e-11
2.29451e-09
3.12969e-11
2.28464e-09
2.53769e-11
2.27664e-09
1.97093e-11
2.27036e-09
1.45136e-11
2.26562e-09
9.93647e-12
2.26219e-09
6.07184e-12
2.25985e-09
2.9773e-12
2.25839e-09
6.96464e-13
2.25765e-09
-7.26385e-13
2.25756e-09
-1.27678e-12
-6.51942e-13
2.53695e-09
7.04297e-11
2.61782e-09
1.91227e-10
2.70118e-09
2.64434e-10
2.76648e-09
2.96281e-10
2.80804e-09
3.00211e-10
2.8265e-09
2.87289e-10
2.82743e-09
2.66816e-10
2.81695e-09
2.43437e-10
2.79952e-09
2.19986e-10
2.77822e-09
1.98045e-10
2.7552e-09
1.77918e-10
2.73183e-09
1.59553e-10
2.70884e-09
1.43055e-10
2.68662e-09
1.28353e-10
2.66536e-09
1.15367e-10
2.64511e-09
1.04077e-10
2.6258e-09
9.44868e-11
2.60732e-09
8.66256e-11
2.58949e-09
8.05525e-11
2.57208e-09
7.63585e-11
2.55483e-09
7.41335e-11
2.53743e-09
7.39926e-11
2.51953e-09
7.60705e-11
2.50069e-09
8.05025e-11
2.48045e-09
8.74296e-11
2.45831e-09
9.70097e-11
2.43373e-09
1.09433e-10
2.40611e-09
1.24942e-10
2.37488e-09
1.43855e-10
2.33943e-09
1.66597e-10
2.29921e-09
1.93734e-10
2.25382e-09
2.26003e-10
2.20311e-09
2.64446e-10
2.14629e-09
3.23276e-10
2.09405e-09
2.93179e-10
2.06226e-09
1.52274e-10
2.05679e-09
2.02005e-11
2.07914e-09
-9.19424e-11
2.12779e-09
-2.00983e-10
2.19807e-09
-3.0947e-10
2.2848e-09
-4.30543e-10
2.37801e-09
-4.74409e-10
2.47403e-09
-4.69957e-10
2.56669e-09
-4.47614e-10
2.65263e-09
-4.09403e-10
2.73162e-09
-3.74983e-10
2.80397e-09
-3.46423e-10
2.86926e-09
-3.03332e-10
2.92774e-09
-2.79004e-10
2.97887e-09
-2.43728e-10
3.0235e-09
-2.07113e-10
3.06038e-09
-1.7606e-10
3.08966e-09
-1.28676e-10
3.11063e-09
-9.37045e-11
3.12325e-09
-3.80327e-11
3.12664e-09
8.93811e-12
3.12073e-09
6.43057e-11
3.10463e-09
1.27221e-10
3.07856e-09
1.69994e-10
3.04154e-09
2.45176e-10
2.99435e-09
2.79272e-10
2.93675e-09
3.26178e-10
2.87001e-09
3.57805e-10
2.79495e-09
3.75129e-10
2.71317e-09
3.95067e-10
2.62642e-09
3.89959e-10
2.53623e-09
3.94082e-10
2.44445e-09
3.77555e-10
2.35258e-09
3.66897e-10
2.26179e-09
3.48485e-10
2.1737e-09
3.27036e-10
2.08832e-09
3.12358e-10
2.00711e-09
2.88825e-10
1.9301e-09
2.70433e-10
1.85756e-09
2.52635e-10
1.79009e-09
2.31937e-10
1.72763e-09
2.13447e-10
1.67038e-09
1.95528e-10
1.61852e-09
1.75994e-10
1.57235e-09
1.56305e-10
1.53179e-09
1.37254e-10
1.4971e-09
1.17305e-10
1.46831e-09
9.75145e-11
1.44548e-09
7.7788e-11
1.42876e-09
5.73584e-11
1.41796e-09
3.84625e-11
1.41283e-09
2.05983e-11
1.41375e-09
7.42717e-13
1.41995e-09
-1.55727e-11
1.43125e-09
-3.0797e-11
1.44763e-09
-4.81183e-11
1.46847e-09
-6.18017e-11
1.493e-09
-7.36863e-11
1.5218e-09
-8.95298e-11
1.55306e-09
-9.72056e-11
1.58794e-09
-1.13178e-10
1.62431e-09
-1.18908e-10
1.66328e-09
-1.33279e-10
1.70268e-09
-1.36648e-10
1.74389e-09
-1.51235e-10
1.78456e-09
-1.52536e-10
1.82565e-09
-1.61989e-10
1.86567e-09
-1.63843e-10
1.90454e-09
-1.64319e-10
1.94208e-09
-1.67678e-10
1.97746e-09
-1.60852e-10
2.01093e-09
-1.60526e-10
2.0421e-09
-1.5166e-10
2.07087e-09
-1.44603e-10
2.09758e-09
-1.35675e-10
2.12203e-09
-1.25949e-10
2.14471e-09
-1.15836e-10
2.16567e-09
-1.07531e-10
2.18519e-09
-9.53476e-11
2.20371e-09
-9.15592e-11
2.22128e-09
-8.12851e-11
2.23824e-09
-7.53203e-11
2.25494e-09
-7.1906e-11
2.2715e-09
-6.6406e-11
2.28822e-09
-6.41911e-11
2.30545e-09
-6.44497e-11
2.32323e-09
-6.33648e-11
2.34194e-09
-6.44736e-11
2.36176e-09
-6.82637e-11
2.38286e-09
-7.16639e-11
2.40546e-09
-7.68607e-11
2.42968e-09
-8.31174e-11
2.45567e-09
-9.00901e-11
2.48352e-09
-9.91017e-11
2.51307e-09
-1.09368e-10
2.54468e-09
-1.17092e-10
2.57819e-09
-1.2861e-10
2.61339e-09
-1.42765e-10
2.64958e-09
-1.47991e-10
2.68727e-09
-1.60798e-10
2.72513e-09
-1.72857e-10
2.76311e-09
-1.71871e-10
2.79993e-09
-1.8102e-10
2.83525e-09
-1.77066e-10
2.86735e-09
-1.70911e-10
2.89594e-09
-1.58647e-10
2.91897e-09
-1.35091e-10
2.93624e-09
-1.05759e-10
2.9456e-09
-6.8349e-11
2.94692e-09
-1.46971e-11
2.93814e-09
2.90296e-11
2.91896e-09
1.05688e-10
2.88777e-09
1.59799e-10
2.84495e-09
2.23781e-10
2.78859e-09
2.90228e-10
2.72025e-09
3.3352e-10
2.63809e-09
3.98293e-10
2.54483e-09
4.23513e-10
2.43924e-09
4.70104e-10
2.32451e-09
4.83621e-10
2.2008e-09
5.13816e-10
2.07086e-09
5.21389e-10
1.93912e-09
5.2869e-10
1.81848e-09
4.94168e-10
1.70703e-09
4.60917e-10
1.63272e-09
2.51168e-10
1.59141e-09
1.4414e-10
1.58447e-09
4.15998e-11
1.61271e-09
-6.79712e-11
1.67982e-09
-2.09308e-10
1.7784e-09
-3.40507e-10
1.9018e-09
-4.76305e-10
2.03006e-09
-5.1743e-10
2.15339e-09
-5.10466e-10
2.26836e-09
-4.90442e-10
2.37248e-09
-4.57018e-10
2.46414e-09
-4.1228e-10
2.54249e-09
-3.59274e-10
2.60727e-09
-3.01465e-10
2.65875e-09
-2.42186e-10
2.69758e-09
-1.84344e-10
2.72476e-09
-1.30298e-10
2.74151e-09
-8.17968e-11
2.74924e-09
-3.99753e-11
2.74941e-09
-5.40201e-12
2.74354e-09
2.18323e-11
2.73309e-09
4.20261e-11
2.71943e-09
5.57558e-11
2.70381e-09
6.37898e-11
2.6873e-09
6.70185e-11
2.67079e-09
6.63828e-11
2.65498e-09
6.28123e-11
2.64036e-09
5.71746e-11
2.62729e-09
5.02393e-11
2.61593e-09
4.26596e-11
2.60634e-09
3.49655e-11
2.59849e-09
2.75627e-11
2.59226e-09
2.07413e-11
2.5875e-09
1.46937e-11
2.58404e-09
9.53632e-12
2.58169e-09
5.3298e-12
2.58029e-09
2.09788e-12
2.57972e-09
-1.54004e-13
2.57992e-09
-1.47873e-12
-1.55684e-12
2.52314e-09
4.72952e-11
2.58145e-09
1.32914e-10
2.65358e-09
1.92305e-10
2.72404e-09
2.25817e-10
2.78429e-09
2.39968e-10
2.83085e-09
2.40728e-10
2.86446e-09
2.33204e-10
2.88683e-09
2.21068e-10
2.90005e-09
2.06765e-10
2.90656e-09
1.91535e-10
2.90839e-09
1.7609e-10
2.90671e-09
1.61233e-10
2.90237e-09
1.47389e-10
2.89613e-09
1.34597e-10
2.88845e-09
1.23044e-10
2.87965e-09
1.12878e-10
2.86993e-09
1.04208e-10
2.85942e-09
9.714e-11
2.84818e-09
9.179e-11
2.83622e-09
8.83239e-11
2.82351e-09
8.68457e-11
2.80997e-09
8.75322e-11
2.79545e-09
9.05864e-11
2.77976e-09
9.62003e-11
2.76262e-09
1.0457e-10
2.74372e-09
1.15905e-10
2.72271e-09
1.30446e-10
2.69918e-09
1.48474e-10
2.67271e-09
1.70331e-10
2.64287e-09
1.9644e-10
2.60928e-09
2.27326e-10
2.57167e-09
2.63612e-10
2.52998e-09
3.06143e-10
2.48368e-09
3.69581e-10
2.43984e-09
3.37015e-10
2.40945e-09
1.82677e-10
2.39896e-09
3.06936e-11
2.41174e-09
-1.0471e-10
2.44677e-09
-2.36009e-10
2.49936e-09
-3.6209e-10
2.56462e-09
-4.95853e-10
2.63615e-09
-5.46002e-10
2.71245e-09
-5.46321e-10
2.78704e-09
-5.22227e-10
2.85661e-09
-4.78962e-10
2.92073e-09
-4.39061e-10
2.97957e-09
-4.052e-10
3.0338e-09
-3.57501e-10
3.0813e-09
-3.26468e-10
3.12362e-09
-2.86032e-10
3.16078e-09
-2.44279e-10
3.19177e-09
-2.07074e-10
3.21735e-09
-1.54269e-10
3.23644e-09
-1.1281e-10
3.24983e-09
-5.14136e-11
3.25646e-09
2.3062e-12
3.25664e-09
6.41369e-11
3.24973e-09
1.34138e-10
3.23525e-09
1.84468e-10
3.21322e-09
2.67202e-10
3.18289e-09
3.09592e-10
3.14396e-09
3.65106e-10
3.09693e-09
4.04847e-10
3.04158e-09
4.30515e-10
2.97926e-09
4.57432e-10
2.91046e-09
4.58813e-10
2.8369e-09
4.67685e-10
2.75953e-09
4.54919e-10
2.68017e-09
4.46197e-10
2.59983e-09
4.28712e-10
2.52035e-09
4.0638e-10
2.44214e-09
3.90428e-10
2.36681e-09
3.64054e-10
2.29475e-09
3.42449e-10
2.22648e-09
3.20926e-10
2.16277e-09
2.95719e-10
2.10372e-09
2.72617e-10
2.04965e-09
2.49719e-10
2.00079e-09
2.24987e-10
1.95746e-09
1.99737e-10
1.91958e-09
1.75203e-10
1.88739e-09
1.49535e-10
1.86088e-09
1.24022e-10
1.84008e-09
9.85703e-11
1.82513e-09
7.22616e-11
1.8158e-09
4.77299e-11
1.81182e-09
2.45234e-11
1.81356e-09
-1.04733e-12
1.82016e-09
-2.22144e-11
1.83151e-09
-4.21763e-11
1.84742e-09
-6.40592e-11
1.86737e-09
-8.17644e-11
1.8904e-09
-9.67364e-11
1.91708e-09
-1.1622e-10
1.9455e-09
-1.25632e-10
1.97669e-09
-1.44372e-10
2.00854e-09
-1.50759e-10
2.04199e-09
-1.66725e-10
2.075e-09
-1.69663e-10
2.10875e-09
-1.84988e-10
2.1412e-09
-1.84986e-10
2.17324e-09
-1.94026e-10
2.20365e-09
-1.94251e-10
2.23263e-09
-1.933e-10
2.25999e-09
-1.95029e-10
2.28549e-09
-1.86353e-10
2.30924e-09
-1.84267e-10
2.33134e-09
-1.73752e-10
2.35165e-09
-1.64893e-10
2.37071e-09
-1.5472e-10
2.38829e-09
-1.43504e-10
2.40498e-09
-1.32507e-10
2.42069e-09
-1.23207e-10
2.43583e-09
-1.10464e-10
2.45053e-09
-1.06226e-10
2.46501e-09
-9.57489e-11
2.47942e-09
-8.97344e-11
2.49402e-09
-8.65343e-11
2.50895e-09
-8.14035e-11
2.52435e-09
-7.97166e-11
2.5405e-09
-8.07717e-11
2.55742e-09
-8.05008e-11
2.5754e-09
-8.27026e-11
2.59452e-09
-8.76228e-11
2.61493e-09
-9.22742e-11
2.63676e-09
-9.88381e-11
2.66008e-09
-1.06494e-10
2.68496e-09
-1.14956e-10
2.71138e-09
-1.25434e-10
2.73908e-09
-1.36927e-10
2.76872e-09
-1.46568e-10
2.79931e-09
-1.59011e-10
2.8311e-09
-1.74344e-10
2.86337e-09
-1.80034e-10
2.89641e-09
-1.93576e-10
2.9288e-09
-2.04991e-10
2.96104e-09
-2.0387e-10
2.99142e-09
-2.11219e-10
3.02023e-09
-2.05802e-10
3.04577e-09
-1.96512e-10
3.06823e-09
-1.8127e-10
3.08599e-09
-1.53075e-10
3.09934e-09
-1.19334e-10
3.1065e-09
-7.56705e-11
3.10815e-09
-1.64102e-11
3.10194e-09
3.52482e-11
3.08893e-09
1.18765e-10
3.06658e-09
1.82224e-10
3.0356e-09
2.54801e-10
2.9937e-09
3.32141e-10
2.94156e-09
3.85662e-10
2.8774e-09
4.62449e-10
2.80239e-09
4.98515e-10
2.71516e-09
5.57329e-10
2.61781e-09
5.80971e-10
2.50966e-09
6.21963e-10
2.39411e-09
6.36943e-10
2.27562e-09
6.4719e-10
2.16966e-09
6.0014e-10
2.07365e-09
5.56941e-10
2.01345e-09
3.11373e-10
1.98646e-09
1.71132e-10
1.9943e-09
3.37596e-11
2.03668e-09
-1.10367e-10
2.11521e-09
-2.87839e-10
2.21915e-09
-4.44456e-10
2.33984e-09
-5.96991e-10
2.45893e-09
-6.36523e-10
2.56875e-09
-6.20288e-10
2.66733e-09
-5.8903e-10
2.75347e-09
-5.43157e-10
2.82669e-09
-4.85503e-10
2.88709e-09
-4.19684e-10
2.93523e-09
-3.49608e-10
2.97195e-09
-2.78909e-10
2.99829e-09
-2.10687e-10
3.01543e-09
-1.47435e-10
3.02461e-09
-9.09736e-11
3.02708e-09
-4.24487e-11
3.02408e-09
-2.39386e-12
3.01675e-09
2.91567e-11
3.00621e-09
5.25714e-11
2.99346e-09
6.85131e-11
2.97939e-09
7.78589e-11
2.96479e-09
8.16218e-11
2.9503e-09
8.08754e-11
2.93642e-09
7.66866e-11
2.92355e-09
7.00534e-11
2.91192e-09
6.18634e-11
2.90171e-09
5.28758e-11
2.89297e-09
4.3712e-11
2.88568e-09
3.48506e-11
2.87979e-09
2.66346e-11
2.87519e-09
1.92926e-11
2.87177e-09
1.29601e-11
2.8694e-09
7.70087e-12
2.86797e-09
3.52485e-12
2.8674e-09
4.12606e-13
2.86766e-09
-1.73021e-12
-2.58945e-12
2.51582e-09
3.14801e-11
2.55895e-09
8.97851e-11
2.61808e-09
1.33171e-10
2.68304e-09
1.60858e-10
2.7468e-09
1.76206e-10
2.80508e-09
1.82449e-10
2.85598e-09
1.82302e-10
2.89911e-09
1.77939e-10
2.93494e-09
1.7093e-10
2.96425e-09
1.62223e-10
2.98763e-09
1.52715e-10
3.00593e-09
1.42935e-10
3.02009e-09
1.33221e-10
3.03061e-09
1.24078e-10
3.03791e-09
1.15749e-10
3.04236e-09
1.08425e-10
3.04429e-09
1.02283e-10
3.04395e-09
9.74802e-11
3.04158e-09
9.41599e-11
3.0373e-09
9.26091e-11
3.0313e-09
9.28399e-11
3.0237e-09
9.51416e-11
3.01452e-09
9.97605e-11
3.00378e-09
1.06944e-10
2.99142e-09
1.1693e-10
2.97735e-09
1.29977e-10
2.96143e-09
1.46375e-10
2.94345e-09
1.66449e-10
2.92321e-09
1.90574e-10
2.90046e-09
2.19189e-10
2.875e-09
2.52793e-10
2.84667e-09
2.91938e-10
2.81549e-09
3.37331e-10
2.78126e-09
4.03814e-10
2.7472e-09
3.71077e-10
2.71904e-09
2.10846e-10
2.70369e-09
4.60517e-11
2.70617e-09
-1.07178e-10
2.7262e-09
-2.56027e-10
2.75966e-09
-3.95558e-10
2.80252e-09
-5.38742e-10
2.85179e-09
-5.95322e-10
2.90768e-09
-6.02273e-10
2.96338e-09
-5.7798e-10
3.01562e-09
-5.3122e-10
3.06384e-09
-4.87263e-10
3.1082e-09
-4.49516e-10
3.14902e-09
-3.98268e-10
3.18516e-09
-3.62567e-10
3.21724e-09
-3.18079e-10
3.24573e-09
-2.72762e-10
3.26974e-09
-2.31085e-10
3.29047e-09
-1.75008e-10
3.30673e-09
-1.29076e-10
3.31986e-09
-6.45495e-11
3.32882e-09
-6.64978e-12
3.33419e-09
5.87705e-11
3.33563e-09
1.32703e-10
3.33222e-09
1.87879e-10
3.3247e-09
2.74724e-10
3.31135e-09
3.22939e-10
3.2919e-09
3.84558e-10
3.26628e-09
4.30482e-10
3.23343e-09
4.63398e-10
3.19441e-09
4.96499e-10
3.14857e-09
5.04691e-10
3.09757e-09
5.18701e-10
3.0414e-09
5.11055e-10
2.98193e-09
5.05591e-10
2.9198e-09
4.90737e-10
2.8568e-09
4.69264e-10
2.79357e-09
4.53571e-10
2.73167e-09
4.25908e-10
2.67175e-09
4.0238e-10
2.6145e-09
3.78238e-10
2.56079e-09
3.4953e-10
2.51083e-09
3.22697e-10
2.46511e-09
2.95561e-10
2.42378e-09
2.6642e-10
2.38725e-09
2.36345e-10
2.35537e-09
2.07118e-10
2.32831e-09
1.76596e-10
2.30599e-09
1.46321e-10
2.28833e-09
1.16178e-10
2.27545e-09
8.50843e-11
2.26709e-09
5.60285e-11
2.26292e-09
2.86456e-11
2.26326e-09
-1.43353e-12
2.26723e-09
-2.62199e-11
2.27485e-09
-4.98208e-11
2.28576e-09
-7.49877e-11
2.29966e-09
-9.56764e-11
2.31555e-09
-1.12637e-10
2.33402e-09
-1.34686e-10
2.3533e-09
-1.44925e-10
2.37433e-09
-1.65402e-10
2.39527e-09
-1.717e-10
2.41693e-09
-1.8839e-10
2.43767e-09
-1.90395e-10
2.45845e-09
-2.05769e-10
2.47773e-09
-2.04269e-10
2.49636e-09
-2.12656e-10
2.51344e-09
-2.11332e-10
2.52947e-09
-2.09322e-10
2.54419e-09
-2.09751e-10
2.55794e-09
-2.00097e-10
2.5706e-09
-1.9692e-10
2.5827e-09
-1.85838e-10
2.59395e-09
-1.76138e-10
2.60506e-09
-1.65814e-10
2.61569e-09
-1.54113e-10
2.62648e-09
-1.43264e-10
2.63713e-09
-1.33827e-10
2.64816e-09
-1.21457e-10
2.65935e-09
-1.17368e-10
2.67106e-09
-1.07413e-10
2.68323e-09
-1.01868e-10
2.69599e-09
-9.92814e-11
2.70949e-09
-9.49133e-11
2.72372e-09
-9.39993e-11
2.73884e-09
-9.6002e-11
2.75485e-09
-9.66726e-11
2.77194e-09
-1.00009e-10
2.79006e-09
-1.05986e-10
2.80934e-09
-1.11791e-10
2.82984e-09
-1.19536e-10
2.85154e-09
-1.28323e-10
2.87446e-09
-1.37933e-10
2.89846e-09
-1.4943e-10
2.92355e-09
-1.61942e-10
2.94975e-09
-1.72665e-10
2.97619e-09
-1.85328e-10
3.00343e-09
-2.01438e-10
3.03058e-09
-2.07024e-10
3.05781e-09
-2.20623e-10
3.08376e-09
-2.30733e-10
3.10936e-09
-2.2924e-10
3.13267e-09
-2.34329e-10
3.15453e-09
-2.27503e-10
3.17338e-09
-2.15301e-10
3.18981e-09
-1.97731e-10
3.20261e-09
-1.66e-10
3.21252e-09
-1.29401e-10
3.2181e-09
-8.14048e-11
3.2207e-09
-1.91112e-11
3.2179e-09
3.80175e-11
3.21178e-09
1.24916e-10
3.19931e-09
1.94731e-10
3.18152e-09
2.72628e-10
3.15594e-09
3.57738e-10
3.12269e-09
4.18922e-10
3.08013e-09
5.04992e-10
3.02818e-09
5.50465e-10
2.96528e-09
6.20221e-10
2.89236e-09
6.53893e-10
2.80823e-09
7.06087e-10
2.71578e-09
7.29405e-10
2.61959e-09
7.43391e-10
2.5371e-09
6.82638e-10
2.46491e-09
6.2914e-10
2.42473e-09
3.51554e-10
2.41554e-09
1.80329e-10
2.43847e-09
1.08235e-11
2.49212e-09
-1.64018e-10
2.5759e-09
-3.7163e-10
2.67677e-09
-5.45324e-10
2.78492e-09
-7.05144e-10
2.88577e-09
-7.37375e-10
2.97429e-09
-7.08808e-10
3.04986e-09
-6.64611e-10
3.11245e-09
-6.05741e-10
3.16248e-09
-5.35537e-10
3.20082e-09
-4.58029e-10
3.22867e-09
-3.77461e-10
3.24734e-09
-2.97583e-10
3.25817e-09
-2.21514e-10
3.26248e-09
-1.51745e-10
3.26154e-09
-9.0034e-11
3.25651e-09
-3.74205e-11
3.2484e-09
5.72577e-12
3.23805e-09
3.95059e-11
3.22621e-09
6.44147e-11
3.2135e-09
8.12227e-11
3.20045e-09
9.09122e-11
3.18748e-09
9.45915e-11
3.17494e-09
9.3421e-11
3.16308e-09
8.8549e-11
3.15209e-09
8.10395e-11
3.14212e-09
7.18338e-11
3.13326e-09
6.17445e-11
3.12553e-09
5.14423e-11
3.11893e-09
4.1444e-11
3.11345e-09
3.212e-11
3.10902e-09
2.37191e-11
3.1056e-09
1.639e-11
3.1031e-09
1.01984e-11
3.10148e-09
5.14672e-12
3.10069e-09
1.20309e-12
3.1007e-09
-1.73845e-12
-3.45498e-12
2.51188e-09
1.96019e-11
2.54546e-09
5.62019e-11
2.59425e-09
8.43817e-11
2.65154e-09
1.03572e-10
2.71216e-09
1.15582e-10
2.77242e-09
1.22185e-10
2.82994e-09
1.24786e-10
2.88334e-09
1.24534e-10
2.93197e-09
1.22304e-10
2.97551e-09
1.18683e-10
3.01402e-09
1.14207e-10
3.04764e-09
1.09313e-10
3.07655e-09
1.04307e-10
3.1011e-09
9.95319e-11
3.12157e-09
9.52738e-11
3.13826e-09
9.17409e-11
3.15143e-09
8.91154e-11
3.16134e-09
8.75668e-11
3.16825e-09
8.72506e-11
3.17239e-09
8.84682e-11
3.17402e-09
9.12102e-11
3.17337e-09
9.57926e-11
3.17061e-09
1.02525e-10
3.16588e-09
1.11676e-10
3.15932e-09
1.23492e-10
3.15103e-09
1.38268e-10
3.14107e-09
1.56339e-10
3.12945e-09
1.78065e-10
3.11617e-09
2.03862e-10
3.10116e-09
2.34197e-10
3.08439e-09
2.69571e-10
3.06583e-09
3.10498e-10
3.04556e-09
3.57595e-10
3.02382e-09
4.25558e-10
3.00021e-09
3.94688e-10
2.97546e-09
2.35606e-10
2.95671e-09
6.48044e-11
2.95038e-09
-1.00835e-10
2.95692e-09
-2.6255e-10
2.97298e-09
-4.11612e-10
2.9955e-09
-5.61264e-10
3.02448e-09
-6.24333e-10
3.06143e-09
-6.39273e-10
3.09931e-09
-6.15912e-10
3.13487e-09
-5.66821e-10
3.16749e-09
-5.19888e-10
3.19727e-09
-4.79285e-10
3.22453e-09
-4.25483e-10
3.24867e-09
-3.86666e-10
3.26994e-09
-3.39312e-10
3.2891e-09
-2.91896e-10
3.30535e-09
-2.47331e-10
3.32028e-09
-1.8994e-10
3.33269e-09
-1.41489e-10
3.34436e-09
-7.62272e-11
3.35431e-09
-1.65956e-11
3.3634e-09
4.96863e-11
3.37164e-09
1.24463e-10
3.37792e-09
1.81599e-10
3.38287e-09
2.69775e-10
3.38462e-09
3.21189e-10
3.38362e-09
3.85563e-10
3.37876e-09
4.35359e-10
3.36852e-09
4.73669e-10
3.35372e-09
5.11342e-10
3.33278e-09
5.25655e-10
3.30719e-09
5.44294e-10
3.27598e-09
5.42215e-10
3.24096e-09
5.40542e-10
3.20221e-09
5.29393e-10
3.16126e-09
5.10124e-10
3.11879e-09
4.95986e-10
3.07611e-09
4.68577e-10
3.03401e-09
4.44524e-10
2.99323e-09
4.19106e-10
2.95459e-09
3.88273e-10
2.9184e-09
3.59007e-10
2.88524e-09
3.28825e-10
2.85518e-09
2.9656e-10
2.82867e-09
2.62896e-10
2.80557e-09
2.30231e-10
2.78592e-09
1.96238e-10
2.76948e-09
1.62716e-10
2.75613e-09
1.29481e-10
2.74588e-09
9.52748e-11
2.73849e-09
6.33692e-11
2.73354e-09
3.35563e-11
2.73126e-09
8.14424e-13
2.7308e-09
-2.5786e-11
2.73234e-09
-5.13754e-11
2.73534e-09
-7.79949e-11
2.73983e-09
-1.0018e-10
2.74488e-09
-1.17684e-10
2.75111e-09
-1.40923e-10
2.75716e-09
-1.50977e-10
2.76386e-09
-1.72102e-10
2.76986e-09
-1.77709e-10
2.77593e-09
-1.94453e-10
2.78091e-09
-1.95376e-10
2.78565e-09
-2.10506e-10
2.78916e-09
-2.07784e-10
2.79226e-09
-2.15754e-10
2.79437e-09
-2.13436e-10
2.7962e-09
-2.11154e-10
2.79746e-09
-2.11004e-10
2.79888e-09
-2.01511e-10
2.80012e-09
-1.9816e-10
2.80201e-09
-1.87721e-10
2.80412e-09
-1.78242e-10
2.80722e-09
-1.68893e-10
2.81085e-09
-1.57731e-10
2.81566e-09
-1.48045e-10
2.82119e-09
-1.39325e-10
2.82799e-09
-1.2822e-10
2.83556e-09
-1.24888e-10
2.84435e-09
-1.16142e-10
2.85411e-09
-1.11571e-10
2.86487e-09
-1.09986e-10
2.87673e-09
-1.06741e-10
2.88956e-09
-1.06818e-10
2.9034e-09
-1.09887e-10
2.9182e-09
-1.11575e-10
2.93407e-09
-1.1603e-10
2.95082e-09
-1.22939e-10
2.96854e-09
-1.29733e-10
2.98719e-09
-1.38406e-10
3.00668e-09
-1.47992e-10
3.02698e-09
-1.58356e-10
3.04796e-09
-1.70457e-10
3.06958e-09
-1.83544e-10
3.09145e-09
-1.94477e-10
3.11326e-09
-2.07052e-10
3.13506e-09
-2.23145e-10
3.15631e-09
-2.28163e-10
3.17707e-09
-2.41261e-10
3.19606e-09
-2.49575e-10
3.21455e-09
-2.47555e-10
3.23055e-09
-2.50146e-10
3.2453e-09
-2.42083e-10
3.25747e-09
-2.27352e-10
3.26797e-09
-2.08183e-10
3.27601e-09
-1.74067e-10
3.28264e-09
-1.36129e-10
3.28682e-09
-8.5696e-11
3.29039e-09
-2.27831e-11
3.29101e-09
3.73454e-11
3.29156e-09
1.2436e-10
3.28877e-09
1.97546e-10
3.28394e-09
2.77484e-10
3.27473e-09
3.66967e-10
3.2609e-09
4.32753e-10
3.24112e-09
5.24767e-10
3.21418e-09
5.77392e-10
3.17859e-09
6.55806e-10
3.13411e-09
6.98374e-10
3.07955e-09
7.60643e-10
3.016e-09
7.92963e-10
2.94866e-09
8.10743e-10
2.89586e-09
7.35451e-10
2.85313e-09
6.71878e-10
2.83549e-09
3.69194e-10
2.8441e-09
1.71719e-10
2.87937e-09
-2.4451e-11
2.93897e-09
-2.23616e-10
3.02045e-09
-4.53111e-10
3.10971e-09
-6.3459e-10
3.19681e-09
-7.9224e-10
3.27238e-09
-8.12952e-10
3.33424e-09
-7.70666e-10
3.38291e-09
-7.13284e-10
3.41924e-09
-6.42072e-10
3.44424e-09
-5.6054e-10
3.45931e-09
-4.73101e-10
3.46611e-09
-3.84267e-10
3.4662e-09
-2.97667e-10
3.461e-09
-2.16319e-10
3.45191e-09
-1.42654e-10
3.44017e-09
-7.82896e-11
3.42682e-09
-2.40695e-11
3.41268e-09
1.98647e-11
3.39836e-09
5.38289e-11
3.38431e-09
7.84708e-11
3.37083e-09
9.47078e-11
3.3581e-09
1.03645e-10
3.34621e-09
1.06477e-10
3.33522e-09
1.04418e-10
3.32512e-09
9.86524e-11
3.31591e-09
9.02509e-11
3.30759e-09
8.01531e-11
3.30015e-09
6.91816e-11
3.29358e-09
5.80168e-11
3.28785e-09
4.71753e-11
3.28294e-09
3.70231e-11
3.27885e-09
2.78116e-11
3.27555e-09
1.9693e-11
3.27302e-09
1.27304e-11
3.27125e-09
6.91883e-12
3.27023e-09
2.21885e-12
3.26995e-09
-1.45403e-12
-4.07646e-12
2.5098e-09
9.8014e-12
2.53784e-09
2.81631e-11
2.57976e-09
4.24593e-11
2.63081e-09
5.25191e-11
2.6871e-09
5.9298e-11
2.74561e-09
6.36663e-11
2.80415e-09
6.62479e-11
2.86114e-09
6.75451e-11
2.91549e-09
6.79508e-11
2.96644e-09
6.77365e-11
3.01349e-09
6.71523e-11
3.05637e-09
6.64287e-11
3.09494e-09
6.57451e-11
3.12917e-09
6.52935e-11
3.15918e-09
6.52646e-11
3.18511e-09
6.5818e-11
3.20712e-09
6.70982e-11
3.22544e-09
6.92509e-11
3.24026e-09
7.24361e-11
3.25185e-09
7.68706e-11
3.26049e-09
8.25772e-11
3.26644e-09
8.98386e-11
3.26992e-09
9.90546e-11
3.27118e-09
1.10415e-10
3.27051e-09
1.24161e-10
3.26815e-09
1.40629e-10
3.26431e-09
1.6018e-10
3.25918e-09
1.83195e-10
3.25291e-09
2.10133e-10
3.24561e-09
2.41502e-10
3.23736e-09
2.7782e-10
3.22828e-09
3.19584e-10
3.21852e-09
3.67357e-10
3.20872e-09
4.35359e-10
3.19548e-09
4.07932e-10
3.17517e-09
2.55922e-10
3.15491e-09
8.50622e-11
3.14212e-09
-8.80297e-11
3.13785e-09
-2.58262e-10
3.13949e-09
-4.1324e-10
3.14481e-09
-5.66585e-10
3.1563e-09
-6.35826e-10
3.17639e-09
-6.59403e-10
3.19798e-09
-6.37536e-10
3.21789e-09
-5.8678e-10
3.23551e-09
-5.37532e-10
3.25098e-09
-4.94748e-10
3.26479e-09
-4.39278e-10
3.2766e-09
-3.98436e-10
3.28669e-09
-3.49372e-10
3.296e-09
-3.01175e-10
3.30386e-09
-2.55182e-10
3.31216e-09
-1.98229e-10
3.31973e-09
-1.49065e-10
3.3287e-09
-8.51918e-11
3.33814e-09
-2.60406e-11
3.3491e-09
3.87306e-11
3.36174e-09
1.11819e-10
3.37475e-09
1.68592e-10
3.39035e-09
2.54177e-10
3.405e-09
3.06537e-10
3.41913e-09
3.71443e-10
3.43277e-09
4.21741e-10
3.44328e-09
4.63184e-10
3.45128e-09
5.03378e-10
3.45446e-09
5.22487e-10
3.45413e-09
5.44617e-10
3.44854e-09
5.47758e-10
3.43942e-09
5.49599e-10
3.42622e-09
5.42512e-10
3.41004e-09
5.26244e-10
3.39147e-09
5.1453e-10
3.37141e-09
4.8865e-10
3.35067e-09
4.65315e-10
3.32992e-09
4.39941e-10
3.30982e-09
4.08473e-10
3.29068e-09
3.78251e-10
3.27312e-09
3.46462e-10
3.2571e-09
3.12642e-10
3.24308e-09
2.7694e-10
3.23106e-09
2.42255e-10
3.22082e-09
2.06446e-10
3.212e-09
1.71501e-10
3.20439e-09
1.37043e-10
3.198e-09
1.01621e-10
3.19262e-09
6.87213e-11
3.18766e-09
3.84827e-11
3.18323e-09
5.23304e-12
3.17854e-09
-2.1107e-11
3.1739e-09
-4.67446e-11
3.16859e-09
-7.26894e-11
3.16302e-09
-9.46122e-11
3.15633e-09
-1.10999e-10
3.14924e-09
-1.33835e-10
3.14086e-09
-1.426e-10
3.13197e-09
-1.63207e-10
3.12182e-09
-1.67568e-10
3.11115e-09
-1.83786e-10
3.09943e-09
-1.83649e-10
3.08738e-09
-1.98455e-10
3.07462e-09
-1.95022e-10
3.06192e-09
-2.0306e-10
3.04901e-09
-2.00523e-10
3.03679e-09
-1.98927e-10
3.02485e-09
-1.99063e-10
3.01426e-09
-1.90917e-10
3.00444e-09
-1.88341e-10
2.99643e-09
-1.79701e-10
2.98962e-09
-1.71434e-10
2.98482e-09
-1.64076e-10
2.98147e-09
-1.54366e-10
2.98018e-09
-1.46739e-10
2.98037e-09
-1.39492e-10
2.98261e-09
-1.30425e-10
2.98616e-09
-1.28393e-10
2.99153e-09
-1.21455e-10
2.99834e-09
-1.18308e-10
3.0065e-09
-1.18075e-10
3.01609e-09
-1.16266e-10
3.02685e-09
-1.17526e-10
3.03873e-09
-1.21754e-10
3.05163e-09
-1.24504e-10
3.06555e-09
-1.30033e-10
3.08019e-09
-1.37726e-10
3.09559e-09
-1.45315e-10
3.11162e-09
-1.54641e-10
3.12811e-09
-1.64685e-10
3.14502e-09
-1.75418e-10
3.16216e-09
-1.87694e-10
3.17924e-09
-2.00659e-10
3.19624e-09
-2.11453e-10
3.21257e-09
-2.23323e-10
3.22827e-09
-2.38771e-10
3.24297e-09
-2.42792e-10
3.25672e-09
-2.5492e-10
3.26833e-09
-2.61086e-10
3.27936e-09
-2.58462e-10
3.28784e-09
-2.5849e-10
3.29534e-09
-2.49443e-10
3.30079e-09
-2.32668e-10
3.30533e-09
-2.12648e-10
3.30857e-09
-1.77278e-10
3.31181e-09
-1.3941e-10
3.31435e-09
-8.83145e-11
3.31845e-09
-2.69582e-11
3.32196e-09
3.37806e-11
3.32829e-09
1.18e-10
3.33364e-09
1.92206e-10
3.34021e-09
2.70926e-10
3.34649e-09
3.60701e-10
3.35103e-09
4.28213e-10
3.35283e-09
5.22965e-10
3.35032e-09
5.79892e-10
3.34223e-09
6.63892e-10
3.32726e-09
7.13337e-10
3.30423e-09
7.83676e-10
3.27261e-09
8.24593e-10
3.2376e-09
8.45758e-10
3.21753e-09
7.55535e-10
3.20682e-09
6.82591e-10
3.21172e-09
3.64296e-10
3.23604e-09
1.47402e-10
3.27945e-09
-6.78651e-11
3.33907e-09
-2.83231e-10
3.411e-09
-5.25044e-10
3.48152e-09
-7.05107e-10
3.54129e-09
-8.52016e-10
3.58691e-09
-8.58569e-10
3.61904e-09
-8.02806e-10
3.63929e-09
-7.33529e-10
3.64904e-09
-6.51825e-10
3.64935e-09
-5.60853e-10
3.64219e-09
-4.65938e-10
3.62958e-09
-3.7166e-10
3.61285e-09
-2.80935e-10
3.59339e-09
-1.96857e-10
3.57251e-09
-1.21774e-10
3.55132e-09
-5.70945e-11
3.53065e-09
-3.39256e-12
3.51116e-09
3.93573e-11
3.49332e-09
7.16753e-11
3.47731e-09
9.44817e-11
3.46314e-09
1.08878e-10
3.45069e-09
1.16096e-10
3.43976e-09
1.17408e-10
3.43015e-09
1.14031e-10
3.4217e-09
1.07101e-10
3.41428e-09
9.76746e-11
3.40773e-09
8.66998e-11
3.40194e-09
7.49752e-11
3.3968e-09
6.31523e-11
3.39227e-09
5.17069e-11
3.38832e-09
4.09711e-11
3.38495e-09
3.1187e-11
3.38214e-09
2.24996e-11
3.37992e-09
1.49574e-11
3.3783e-09
8.53922e-12
3.37732e-09
3.18954e-12
3.37699e-09
-1.11452e-12
-4.66792e-12
2.50887e-09
9.30821e-13
2.53425e-09
2.78019e-12
2.57267e-09
4.03792e-12
2.62027e-09
4.92197e-12
2.67372e-09
5.8444e-12
2.73042e-09
6.96804e-12
2.78836e-09
8.3079e-12
2.84601e-09
9.89296e-12
2.9022e-09
1.17619e-11
2.956e-09
1.3931e-11
3.00673e-09
1.6418e-11
3.05392e-09
1.92427e-11
3.09724e-09
2.24219e-11
3.13654e-09
2.5997e-11
3.17177e-09
3.0033e-11
3.20299e-09
3.46015e-11
3.2303e-09
3.97829e-11
3.25388e-09
4.56717e-11
3.27394e-09
5.23792e-11
3.29079e-09
6.00219e-11
3.30449e-09
6.88754e-11
3.31524e-09
7.90962e-11
3.32354e-09
9.07496e-11
3.3298e-09
1.04158e-10
3.33429e-09
1.19673e-10
3.33728e-09
1.37643e-10
3.33908e-09
1.58379e-10
3.34002e-09
1.82255e-10
3.34035e-09
2.09806e-10
3.34027e-09
2.41585e-10
3.33998e-09
2.78114e-10
3.33967e-09
3.1989e-10
3.3396e-09
3.67431e-10
3.34075e-09
4.34206e-10
3.33734e-09
4.11347e-10
3.32218e-09
2.71084e-10
3.30213e-09
1.05118e-10
3.28516e-09
-7.10526e-11
3.27275e-09
-2.45838e-10
3.26289e-09
-4.03366e-10
3.25399e-09
-5.57674e-10
3.25044e-09
-6.32274e-10
3.25539e-09
-6.64373e-10
3.26181e-09
-6.43978e-10
3.26677e-09
-5.91774e-10
3.26975e-09
-5.40534e-10
3.271e-09
-4.96015e-10
3.27137e-09
-4.39638e-10
3.27061e-09
-3.97654e-10
3.26925e-09
-3.47987e-10
3.26834e-09
-3.00237e-10
3.26737e-09
-2.54195e-10
3.26841e-09
-1.99262e-10
3.27038e-09
-1.51034e-10
3.2756e-09
-9.04068e-11
3.28322e-09
-3.36687e-11
3.29443e-09
2.75286e-11
3.3096e-09
9.66516e-11
3.32742e-09
1.50766e-10
3.35031e-09
2.31292e-10
3.37505e-09
2.81797e-10
3.40146e-09
3.45045e-10
3.42875e-09
3.9447e-10
3.45605e-09
4.35912e-10
3.48383e-09
4.75615e-10
3.50818e-09
4.98145e-10
3.53063e-09
5.22153e-10
3.54878e-09
5.29565e-10
3.56426e-09
5.34057e-10
3.57589e-09
5.30822e-10
3.58428e-09
5.17814e-10
3.58988e-09
5.08923e-10
3.59314e-09
4.85418e-10
3.59479e-09
4.63725e-10
3.59533e-09
4.39469e-10
3.59518e-09
4.08714e-10
3.59455e-09
3.78951e-10
3.59408e-09
3.46989e-10
3.59356e-09
3.13195e-10
3.59335e-09
2.77166e-10
3.59384e-09
2.41759e-10
3.5945e-09
2.05759e-10
3.59465e-09
1.71328e-10
3.5942e-09
1.37451e-10
3.59325e-09
1.0255e-10
3.59165e-09
7.02966e-11
3.58855e-09
4.1573e-11
3.58386e-09
9.92089e-12
3.57691e-09
-1.41555e-11
3.56808e-09
-3.7919e-11
3.55647e-09
-6.10775e-11
3.5428e-09
-8.09397e-11
3.52632e-09
-9.45196e-11
3.50774e-09
-1.15255e-10
3.48669e-09
-1.2156e-10
3.46386e-09
-1.40371e-10
3.43915e-09
-1.42866e-10
3.41327e-09
-1.57899e-10
3.3863e-09
-1.56682e-10
3.35888e-09
-1.71041e-10
3.33125e-09
-1.67382e-10
3.30412e-09
-1.75936e-10
3.27752e-09
-1.73916e-10
3.25248e-09
-1.73887e-10
3.22852e-09
-1.75099e-10
3.20696e-09
-1.69357e-10
3.187e-09
-1.68385e-10
3.16983e-09
-1.62525e-10
3.1547e-09
-1.56293e-10
3.14238e-09
-1.51758e-10
3.13227e-09
-1.44246e-10
3.12495e-09
-1.39406e-10
3.11971e-09
-1.34234e-10
3.11712e-09
-1.27808e-10
3.11626e-09
-1.27497e-10
3.11769e-09
-1.22834e-10
3.12091e-09
-1.21462e-10
3.12575e-09
-1.22844e-10
3.13227e-09
-1.227e-10
3.14008e-09
-1.25267e-10
3.14908e-09
-1.30692e-10
3.1591e-09
-1.34495e-10
3.17005e-09
-1.41007e-10
3.18155e-09
-1.49308e-10
3.19358e-09
-1.5747e-10
3.20593e-09
-1.67161e-10
3.21838e-09
-1.77322e-10
3.23084e-09
-1.88042e-10
3.24304e-09
-2.00024e-10
3.25463e-09
-2.12319e-10
3.26576e-09
-2.22599e-10
3.27571e-09
-2.33238e-10
3.2845e-09
-2.47514e-10
3.29197e-09
-2.50192e-10
3.2981e-09
-2.60985e-10
3.30188e-09
-2.64792e-10
3.30507e-09
-2.61565e-10
3.30579e-09
-2.59117e-10
3.30586e-09
-2.4941e-10
3.30445e-09
-2.31154e-10
3.30292e-09
-2.11027e-10
3.30117e-09
-1.75495e-10
3.30072e-09
-1.38965e-10
3.30119e-09
-8.88224e-11
3.30513e-09
-3.09553e-11
3.31046e-09
2.84028e-11
3.32082e-09
1.07608e-10
3.33283e-09
1.80192e-10
3.34855e-09
2.5521e-10
3.36711e-09
3.42146e-10
3.38768e-09
4.07651e-10
3.40903e-09
5.01614e-10
3.42879e-09
5.60126e-10
3.44633e-09
6.46337e-10
3.4595e-09
7.00168e-10
3.46697e-09
7.76208e-10
3.4672e-09
8.24368e-10
3.4649e-09
8.48058e-10
3.47728e-09
7.43169e-10
3.4979e-09
6.61975e-10
3.5232e-09
3.39003e-10
3.55976e-09
1.10842e-10
3.60656e-09
-1.14663e-10
3.66055e-09
-3.37224e-10
3.71693e-09
-5.81419e-10
3.76351e-09
-7.51685e-10
3.79214e-09
-8.80653e-10
3.8052e-09
-8.71629e-10
3.80641e-09
-8.04011e-10
3.79777e-09
-7.24896e-10
3.7811e-09
-6.35158e-10
3.7595e-09
-5.39247e-10
3.73419e-09
-4.40631e-10
3.70552e-09
-3.4299e-10
3.67531e-09
-2.50717e-10
3.64503e-09
-1.66576e-10
3.61575e-09
-9.24884e-11
3.58827e-09
-2.96069e-11
3.56317e-09
2.17087e-11
3.54082e-09
6.17091e-11
3.52136e-09
9.11366e-11
3.50477e-09
1.11073e-10
3.49092e-09
1.22734e-10
3.47951e-09
1.275e-10
3.47021e-09
1.26719e-10
3.46262e-09
1.21621e-10
3.45639e-09
1.13324e-10
3.45124e-09
1.02829e-10
3.44691e-09
9.10241e-11
3.44323e-09
7.8664e-11
3.44002e-09
6.63591e-11
3.43721e-09
5.45132e-11
3.43477e-09
4.34168e-11
3.43265e-09
3.33061e-11
3.43085e-09
2.42961e-11
3.4294e-09
1.64037e-11
3.42836e-09
9.58323e-12
3.4278e-09
3.75159e-12
3.42792e-09
-1.2419e-12
-5.76492e-12
2.50878e-09
-7.84872e-12
2.53388e-09
-2.23159e-11
2.57197e-09
-3.40532e-11
2.61924e-09
-4.23495e-11
2.67239e-09
-4.7306e-11
2.72882e-09
-4.94677e-11
2.78656e-09
-4.94324e-11
2.84409e-09
-4.76418e-11
2.90026e-09
-4.44105e-11
2.95418e-09
-3.99818e-11
3.00515e-09
-3.45589e-11
3.05272e-09
-2.83315e-11
3.0966e-09
-2.14564e-11
3.13664e-09
-1.40356e-11
3.17279e-09
-6.12321e-12
3.20513e-09
2.26134e-12
3.23378e-09
1.11335e-11
3.25892e-09
2.0538e-11
3.28075e-09
3.055e-11
3.2995e-09
4.12667e-11
3.31552e-09
5.28635e-11
3.3291e-09
6.55091e-11
3.34053e-09
7.93229e-11
3.35016e-09
9.45301e-11
3.35839e-09
1.11445e-10
3.36565e-09
1.30386e-10
3.37229e-09
1.51742e-10
3.37856e-09
1.75985e-10
3.38476e-09
2.03608e-10
3.39114e-09
2.35206e-10
3.39801e-09
2.71248e-10
3.40574e-09
3.12158e-10
3.41462e-09
3.58553e-10
3.42585e-09
4.22977e-10
3.43172e-09
4.05478e-10
3.42222e-09
2.80586e-10
3.40372e-09
1.23619e-10
3.38439e-09
-5.17215e-11
3.36593e-09
-2.27365e-10
3.34677e-09
-3.84192e-10
3.32576e-09
-5.36656e-10
3.30876e-09
-6.15265e-10
3.29942e-09
-6.55035e-10
3.29103e-09
-6.35602e-10
3.28111e-09
-5.81872e-10
3.26936e-09
-5.28812e-10
3.25628e-09
-4.82949e-10
3.24308e-09
-4.26438e-10
3.22965e-09
-3.84208e-10
3.21677e-09
-3.35088e-10
3.20556e-09
-2.89013e-10
3.19567e-09
-2.44284e-10
3.18925e-09
-1.92834e-10
3.18527e-09
-1.47054e-10
3.18614e-09
-9.12717e-11
3.19107e-09
-3.85986e-11
3.20127e-09
1.73257e-11
3.21729e-09
8.06356e-11
3.23775e-09
1.30305e-10
3.26529e-09
2.03746e-10
3.29675e-09
2.50347e-10
3.33263e-09
3.09165e-10
3.37173e-09
3.55388e-10
3.41161e-09
3.96059e-10
3.45327e-09
4.33965e-10
3.49355e-09
4.57869e-10
3.53446e-09
4.81224e-10
3.57306e-09
4.90932e-10
3.60942e-09
4.97654e-10
3.64257e-09
4.97622e-10
3.67284e-09
4.87524e-10
3.7004e-09
4.8137e-10
3.7252e-09
4.60646e-10
3.74775e-09
4.41222e-10
3.76846e-09
4.18825e-10
3.7874e-09
3.89835e-10
3.80466e-09
3.61739e-10
3.82085e-09
3.30837e-10
3.83569e-09
2.98381e-10
3.84942e-09
2.63434e-10
3.86186e-09
2.2931e-10
3.87371e-09
1.9389e-10
3.88339e-09
1.61625e-10
3.89129e-09
1.29536e-10
3.89728e-09
9.6548e-11
3.90084e-09
6.67301e-11
3.90151e-09
4.09006e-11
3.89895e-09
1.24818e-11
3.8926e-09
-7.79494e-12
3.88282e-09
-2.81361e-11
3.86851e-09
-4.67639e-11
3.85059e-09
-6.30117e-11
3.82839e-09
-7.23171e-11
3.80248e-09
-8.9347e-11
3.773e-09
-9.20842e-11
3.74041e-09
-1.07773e-10
3.70524e-09
-1.07699e-10
3.66806e-09
-1.2072e-10
3.62959e-09
-1.18216e-10
3.59031e-09
-1.31761e-10
3.55104e-09
-1.28112e-10
3.51245e-09
-1.37344e-10
3.47484e-09
-1.36301e-10
3.43937e-09
-1.38424e-10
3.40551e-09
-1.41228e-10
3.37481e-09
-1.38656e-10
3.34628e-09
-1.39857e-10
3.32123e-09
-1.37477e-10
3.29879e-09
-1.33851e-10
3.27977e-09
-1.32727e-10
3.26349e-09
-1.27966e-10
3.25052e-09
-1.26432e-10
3.24002e-09
-1.2372e-10
3.23256e-09
-1.20333e-10
3.22709e-09
-1.22007e-10
3.22422e-09
-1.19928e-10
3.22335e-09
-1.20537e-10
3.22423e-09
-1.23664e-10
3.22689e-09
-1.25284e-10
3.23088e-09
-1.29173e-10
3.23601e-09
-1.35738e-10
3.24207e-09
-1.40499e-10
3.24892e-09
-1.4783e-10
3.2561e-09
-1.56508e-10
3.26354e-09
-1.64977e-10
3.27097e-09
-1.74716e-10
3.27814e-09
-1.84642e-10
3.2849e-09
-1.94963e-10
3.29096e-09
-2.06216e-10
3.29594e-09
-2.17401e-10
3.30009e-09
-2.26797e-10
3.30266e-09
-2.35807e-10
3.30369e-09
-2.48502e-10
3.30317e-09
-2.49616e-10
3.30108e-09
-2.58833e-10
3.29659e-09
-2.60235e-10
3.29158e-09
-2.56499e-10
3.28435e-09
-2.51817e-10
3.27686e-09
-2.41845e-10
3.26853e-09
-2.22749e-10
3.26082e-09
-2.03254e-10
3.25397e-09
-1.68606e-10
3.24954e-09
-1.34535e-10
3.24746e-09
-8.67594e-11
3.25031e-09
-3.3848e-11
3.25628e-09
2.2393e-11
3.26961e-09
9.42444e-11
3.28723e-09
1.62565e-10
3.31096e-09
2.3148e-10
3.33926e-09
3.13857e-10
3.37134e-09
3.7557e-10
3.40751e-09
4.65447e-10
3.44557e-09
5.22059e-10
3.48515e-09
6.06746e-10
3.5228e-09
6.62516e-10
3.55771e-09
7.41294e-10
3.58758e-09
7.94502e-10
3.61621e-09
8.19433e-10
3.65783e-09
7.01562e-10
3.70571e-09
6.14093e-10
3.74742e-09
2.97299e-10
3.79177e-09
6.6494e-11
3.83738e-09
-1.60272e-10
3.88083e-09
-3.80667e-10
3.91668e-09
-6.17268e-10
3.93436e-09
-7.69362e-10
3.9285e-09
-8.74794e-10
3.90961e-09
-8.52737e-10
3.88244e-09
-7.76843e-10
3.84796e-09
-6.90415e-10
3.80897e-09
-5.96167e-10
3.76751e-09
-4.97793e-10
3.72551e-09
-3.98626e-10
3.68455e-09
-3.02025e-10
3.64544e-09
-2.11603e-10
3.60898e-09
-1.30109e-10
3.57579e-09
-5.92941e-11
3.54626e-09
-8.03054e-14
3.52064e-09
4.73351e-11
3.49895e-09
8.34036e-11
3.48103e-09
1.09062e-10
3.46658e-09
1.25516e-10
3.45536e-09
1.33959e-10
3.44686e-09
1.35996e-10
3.44059e-09
1.32995e-10
3.43609e-09
1.2612e-10
3.43297e-09
1.16441e-10
3.43087e-09
1.04934e-10
3.42947e-09
9.24255e-11
3.42855e-09
7.95832e-11
3.42799e-09
6.69195e-11
3.42763e-09
5.487e-11
3.42731e-09
4.37374e-11
3.42698e-09
3.36344e-11
3.42668e-09
2.45965e-11
3.42648e-09
1.65998e-11
3.4265e-09
9.56207e-12
3.42689e-09
3.36847e-12
3.42788e-09
-2.2318e-12
-7.61464e-12
2.50949e-09
-1.73436e-11
2.53669e-09
-4.95074e-11
2.57757e-09
-7.49397e-11
2.62761e-09
-9.23924e-11
2.683e-09
-1.02694e-10
2.7408e-09
-1.07264e-10
2.79885e-09
-1.07482e-10
2.85563e-09
-1.04425e-10
2.9101e-09
-9.88858e-11
2.96156e-09
-9.14376e-11
3.00952e-09
-8.25236e-11
3.05374e-09
-7.25548e-11
3.09414e-09
-6.18523e-11
3.13073e-09
-5.06284e-11
3.16363e-09
-3.90224e-11
3.19301e-09
-2.71164e-11
3.21908e-09
-1.49409e-11
3.24211e-09
-2.48559e-12
3.26236e-09
1.02999e-11
3.28013e-09
2.34947e-11
3.29577e-09
3.7227e-11
3.30963e-09
5.16544e-11
3.32202e-09
6.69301e-11
3.3333e-09
8.32553e-11
3.34383e-09
1.0091e-10
3.35399e-09
1.2023e-10
3.36411e-09
1.41622e-10
3.37455e-09
1.65542e-10
3.38573e-09
1.92436e-10
3.39816e-09
2.22774e-10
3.4122e-09
2.57211e-10
3.42794e-09
2.9642e-10
3.44556e-09
3.40932e-10
3.46644e-09
4.02103e-10
3.48135e-09
3.90563e-10
3.47807e-09
2.8387e-10
3.46227e-09
1.39418e-10
3.44196e-09
-3.14088e-11
3.41887e-09
-2.0427e-10
3.39178e-09
-3.57091e-10
3.35983e-09
-5.04704e-10
3.33002e-09
-5.85438e-10
3.30634e-09
-6.31358e-10
3.28279e-09
-6.12055e-10
3.25758e-09
-5.56664e-10
3.2308e-09
-5.02049e-10
3.20324e-09
-4.55403e-10
3.17653e-09
-3.99737e-10
3.15067e-09
-3.58341e-10
3.12667e-09
-3.11072e-10
3.10565e-09
-2.67978e-10
3.08732e-09
-2.25947e-10
3.07383e-09
-1.79334e-10
3.06416e-09
-1.37375e-10
3.06065e-09
-8.7767e-11
3.06256e-09
-4.05081e-11
3.07105e-09
8.83828e-12
3.08673e-09
6.49477e-11
3.10819e-09
1.0885e-10
3.13824e-09
1.73698e-10
3.17355e-09
2.15039e-10
3.21492e-09
2.67797e-10
3.26127e-09
3.0906e-10
3.31043e-09
3.46914e-10
3.36315e-09
3.81255e-10
3.41628e-09
4.04734e-10
3.47048e-09
4.27009e-10
3.52312e-09
4.38262e-10
3.57505e-09
4.45686e-10
3.62459e-09
4.4805e-10
3.67239e-09
4.39717e-10
3.71838e-09
4.35385e-10
3.76094e-09
4.18122e-10
3.80076e-09
4.01444e-10
3.83822e-09
3.8141e-10
3.87322e-09
3.54872e-10
3.90567e-09
3.29319e-10
3.93615e-09
3.0038e-10
3.96428e-09
2.70258e-10
3.99028e-09
2.37428e-10
4.01338e-09
2.06206e-10
4.03441e-09
1.72837e-10
4.05328e-09
1.42742e-10
4.06949e-09
1.13317e-10
4.08241e-09
8.36276e-11
4.09166e-09
5.74808e-11
4.09723e-09
3.53375e-11
4.0986e-09
1.11156e-11
4.09538e-09
-4.55604e-12
4.08784e-09
-2.05906e-11
4.07474e-09
-3.36567e-11
4.05705e-09
-4.53105e-11
4.03416e-09
-4.94189e-11
4.00634e-09
-6.15223e-11
3.97415e-09
-5.98948e-11
3.93768e-09
-7.13085e-11
3.89801e-09
-6.80248e-11
3.8554e-09
-7.81082e-11
3.8111e-09
-7.39176e-11
3.76531e-09
-8.59677e-11
3.7194e-09
-8.22082e-11
3.6739e-09
-9.1843e-11
3.6294e-09
-9.18056e-11
3.58717e-09
-9.61843e-11
3.5466e-09
-1.00665e-10
3.50955e-09
-1.01599e-10
3.47487e-09
-1.05178e-10
3.44393e-09
-1.06539e-10
3.41582e-09
-1.0574e-10
3.39143e-09
-1.08336e-10
3.37008e-09
-1.06615e-10
3.35222e-09
-1.08571e-10
3.33692e-09
-1.08409e-10
3.32485e-09
-1.08256e-10
3.31487e-09
-1.12014e-10
3.30759e-09
-1.12625e-10
3.30231e-09
-1.15226e-10
3.29874e-09
-1.20048e-10
3.29689e-09
-1.23368e-10
3.29625e-09
-1.28454e-10
3.29657e-09
-1.35975e-10
3.29764e-09
-1.41493e-10
3.29925e-09
-1.4939e-10
3.30092e-09
-1.58147e-10
3.30253e-09
-1.66608e-10
3.30379e-09
-1.76048e-10
3.30442e-09
-1.85381e-10
3.30425e-09
-1.94935e-10
3.30299e-09
-2.05084e-10
3.30029e-09
-2.1481e-10
3.29645e-09
-2.23027e-10
3.29078e-09
-2.30155e-10
3.2833e-09
-2.41012e-10
3.27424e-09
-2.40503e-10
3.26352e-09
-2.4806e-10
3.25054e-09
-2.47193e-10
3.23725e-09
-2.43156e-10
3.22212e-09
-2.36642e-10
3.20719e-09
-2.26872e-10
3.19214e-09
-2.07649e-10
3.17844e-09
-1.89509e-10
3.1666e-09
-1.5674e-10
3.15816e-09
-1.26097e-10
3.15331e-09
-8.19228e-11
3.15462e-09
-3.51901e-11
3.16052e-09
1.64631e-11
3.17528e-09
7.94552e-11
3.19606e-09
1.41774e-10
3.22489e-09
2.02654e-10
3.26079e-09
2.77957e-10
3.30284e-09
3.33524e-10
3.35173e-09
4.16554e-10
3.40385e-09
4.69926e-10
3.45979e-09
5.50801e-10
3.51622e-09
6.06079e-10
3.57314e-09
6.84373e-10
3.62759e-09
7.40056e-10
3.68224e-09
7.64784e-10
3.74811e-09
6.35699e-10
3.81763e-09
5.44577e-10
3.87063e-09
2.44305e-10
3.91814e-09
1.89845e-11
3.95825e-09
-2.00373e-10
3.98734e-09
-4.09757e-10
3.99939e-09
-6.29314e-10
3.98765e-09
-7.57622e-10
3.94909e-09
-8.36232e-10
3.89743e-09
-8.01082e-10
3.84059e-09
-7.20007e-10
3.78165e-09
-6.31471e-10
3.72285e-09
-5.37368e-10
3.66604e-09
-4.40975e-10
3.61275e-09
-3.45331e-10
3.56416e-09
-2.5343e-10
3.52082e-09
-1.68262e-10
3.48296e-09
-9.2245e-11
3.45061e-09
-2.69395e-11
3.42363e-09
2.69043e-11
3.40175e-09
6.9213e-11
3.38461e-09
1.00551e-10
3.37171e-09
1.2196e-10
3.36247e-09
1.34761e-10
3.3566e-09
1.39829e-10
3.35335e-09
1.39244e-10
3.35215e-09
1.34194e-10
3.35249e-09
1.25776e-10
3.35391e-09
1.15028e-10
3.35598e-09
1.02856e-10
3.35839e-09
9.00152e-11
3.36087e-09
7.71001e-11
3.36323e-09
6.45605e-11
3.36536e-09
5.27393e-11
3.36724e-09
4.18626e-11
3.36886e-09
3.20141e-11
3.37027e-09
2.31798e-11
3.37159e-09
1.52843e-11
3.37295e-09
8.20213e-12
3.37454e-09
1.77862e-12
3.37653e-09
-4.22934e-12
-1.03565e-11
2.51128e-09
-2.86256e-11
2.54333e-09
-8.15584e-11
2.59029e-09
-1.21899e-10
2.64589e-09
-1.47991e-10
2.70516e-09
-1.61967e-10
2.76452e-09
-1.6662e-10
2.82164e-09
-1.64602e-10
2.87519e-09
-1.57981e-10
2.92456e-09
-1.48254e-10
2.96951e-09
-1.36388e-10
3.01004e-09
-1.23055e-10
3.04636e-09
-1.08876e-10
3.07876e-09
-9.4256e-11
3.10757e-09
-7.94313e-11
3.1331e-09
-6.4559e-11
3.15572e-09
-4.97277e-11
3.17574e-09
-3.49668e-11
3.19352e-09
-2.02619e-11
3.20939e-09
-5.56588e-12
3.22369e-09
9.19683e-12
3.23677e-09
2.41444e-11
3.24901e-09
3.94152e-11
3.26076e-09
5.51761e-11
3.27239e-09
7.1634e-11
3.28424e-09
8.90591e-11
3.29669e-09
1.07784e-10
3.3101e-09
1.28213e-10
3.32483e-09
1.50812e-10
3.3412e-09
1.76061e-10
3.35953e-09
2.04451e-10
3.38015e-09
2.36592e-10
3.40337e-09
2.73203e-10
3.42927e-09
3.15029e-10
3.45943e-09
3.71945e-10
3.48349e-09
3.665e-10
3.48724e-09
2.80122e-10
3.47535e-09
1.51308e-10
3.45526e-09
-1.13158e-11
3.42858e-09
-1.77591e-10
3.3944e-09
-3.22904e-10
3.3521e-09
-4.62395e-10
3.30951e-09
-5.42841e-10
3.27098e-09
-5.92822e-10
3.23167e-09
-5.72735e-10
3.19075e-09
-5.15756e-10
3.14888e-09
-4.60186e-10
3.10717e-09
-4.13699e-10
3.06765e-09
-3.60222e-10
3.03035e-09
-3.21032e-10
2.9964e-09
-2.77123e-10
2.96682e-09
-2.38386e-10
2.94131e-09
-2.00431e-10
2.92184e-09
-1.59858e-10
2.90737e-09
-1.22897e-10
2.90007e-09
-8.04685e-11
2.89919e-09
-3.96245e-11
2.90576e-09
2.26496e-12
2.92044e-09
5.02664e-11
2.94174e-09
8.75469e-11
2.97256e-09
1.42876e-10
3.00954e-09
1.78067e-10
3.05364e-09
2.23702e-10
3.10379e-09
2.58918e-10
3.15812e-09
2.92604e-10
3.21712e-09
3.22256e-10
3.27772e-09
3.44131e-10
3.34087e-09
3.63838e-10
3.40358e-09
3.7552e-10
3.46669e-09
3.8255e-10
3.52842e-09
3.86303e-10
3.5879e-09
3.80233e-10
3.64581e-09
3.77491e-10
3.70093e-09
3.63033e-10
3.75325e-09
3.49155e-10
3.80252e-09
3.32174e-10
3.84891e-09
3.08509e-10
3.89282e-09
2.85428e-10
3.93388e-09
2.59321e-10
3.97149e-09
2.32649e-10
4.00601e-09
2.02905e-10
4.03726e-09
1.74943e-10
4.06481e-09
1.45277e-10
4.09008e-09
1.17463e-10
4.11206e-09
9.13318e-11
4.13e-09
6.56826e-11
4.14412e-09
4.33622e-11
4.15427e-09
2.51906e-11
4.15994e-09
5.46469e-12
4.16097e-09
-5.57444e-12
4.1576e-09
-1.72045e-11
4.14856e-09
-2.46115e-11
4.1348e-09
-3.15329e-11
4.11576e-09
-3.03743e-11
4.09129e-09
-3.70463e-11
4.06232e-09
-3.09187e-11
4.02844e-09
-3.74284e-11
3.99105e-09
-3.06278e-11
3.94992e-09
-3.6977e-11
3.90664e-09
-3.06359e-11
3.86098e-09
-4.03111e-11
3.81478e-09
-3.60138e-11
3.7683e-09
-4.53637e-11
3.72239e-09
-4.58952e-11
3.67827e-09
-5.20595e-11
3.63536e-09
-5.7756e-11
3.59563e-09
-6.18689e-11
3.55785e-09
-6.73999e-11
3.52387e-09
-7.25558e-11
3.49275e-09
-7.46219e-11
3.46517e-09
-8.07596e-11
3.44036e-09
-8.18027e-11
3.41871e-09
-8.69255e-11
3.39961e-09
-8.93025e-11
3.38374e-09
-9.23914e-11
3.36972e-09
-9.79937e-11
3.35819e-09
-1.01085e-10
3.34843e-09
-1.05446e-10
3.34012e-09
-1.11709e-10
3.33329e-09
-1.16489e-10
3.3274e-09
-1.22497e-10
3.32215e-09
-1.30661e-10
3.31738e-09
-1.36639e-10
3.31282e-09
-1.44767e-10
3.30798e-09
-1.53257e-10
3.30275e-09
-1.61363e-10
3.29683e-09
-1.70157e-10
3.28995e-09
-1.78565e-10
3.28195e-09
-1.87044e-10
3.27256e-09
-1.95806e-10
3.26149e-09
-2.03852e-10
3.2491e-09
-2.10718e-10
3.23479e-09
-2.15886e-10
3.2186e-09
-2.24824e-10
3.20096e-09
-2.22824e-10
3.18175e-09
-2.28804e-10
3.16061e-09
-2.26e-10
3.13948e-09
-2.21979e-10
3.11706e-09
-2.14181e-10
3.09535e-09
-2.05127e-10
3.07426e-09
-1.86532e-10
3.0552e-09
-1.70424e-10
3.03891e-09
-1.40443e-10
3.02682e-09
-1.14011e-10
3.01935e-09
-7.4465e-11
3.01893e-09
-3.47949e-11
3.02425e-09
1.11123e-11
3.03944e-09
6.42446e-11
3.06193e-09
1.19272e-10
3.09368e-09
1.70896e-10
3.13423e-09
2.37406e-10
3.18237e-09
2.85387e-10
3.23952e-09
3.59404e-10
3.30229e-09
4.07156e-10
3.37177e-09
4.81308e-10
3.44458e-09
5.33262e-10
3.51962e-09
6.09339e-10
3.59268e-09
6.6699e-10
3.66613e-09
6.91344e-10
3.74811e-09
5.53719e-10
3.83265e-09
4.6004e-10
3.89184e-09
1.85123e-10
3.93672e-09
-2.59004e-11
3.96509e-09
-2.28733e-10
3.9745e-09
-4.19166e-10
3.95945e-09
-6.14259e-10
3.91662e-09
-7.14792e-10
3.84555e-09
-7.65166e-10
3.76412e-09
-7.19649e-10
3.68176e-09
-6.37648e-10
3.60194e-09
-5.51647e-10
3.52728e-09
-4.62699e-10
3.45948e-09
-3.73171e-10
3.39962e-09
-2.8547e-10
3.34826e-09
-2.02066e-10
3.3054e-09
-1.25401e-10
3.27067e-09
-5.75036e-11
3.24345e-09
2.82466e-13
3.22304e-09
4.73127e-11
3.20866e-09
8.35964e-11
3.19948e-09
1.09733e-10
3.19465e-09
1.26789e-10
3.19339e-09
1.36022e-10
3.19514e-09
1.38072e-10
3.19899e-09
1.35397e-10
3.20434e-09
1.28845e-10
3.21065e-09
1.19464e-10
3.21744e-09
1.08233e-10
3.22433e-09
9.59721e-11
3.23099e-09
8.33518e-11
3.2372e-09
7.08854e-11
3.24282e-09
5.89468e-11
3.24776e-09
4.77941e-11
3.25205e-09
3.75756e-11
3.25574e-09
2.8325e-11
3.25893e-09
1.99838e-11
3.26178e-09
1.24298e-11
3.26449e-09
5.49283e-12
3.2673e-09
-1.02727e-12
3.2705e-09
-7.42614e-12
-1.42462e-11
2.51475e-09
-4.33735e-11
2.55537e-09
-1.22181e-10
2.61184e-09
-1.78368e-10
2.67467e-09
-2.10817e-10
2.7371e-09
-2.24399e-10
2.79493e-09
-2.24457e-10
2.84627e-09
-2.15936e-10
2.89062e-09
-2.02337e-10
2.92848e-09
-1.86114e-10
2.96056e-09
-1.68466e-10
2.9876e-09
-1.50094e-10
3.01051e-09
-1.31791e-10
3.03004e-09
-1.13778e-10
3.04678e-09
-9.61798e-11
3.0613e-09
-7.9073e-11
3.07405e-09
-6.2474e-11
3.08543e-09
-4.63549e-11
3.09583e-09
-3.06606e-11
3.10558e-09
-1.53164e-11
3.11502e-09
-2.36684e-13
3.12445e-09
1.47128e-11
3.13421e-09
2.96552e-11
3.14462e-09
4.47674e-11
3.156e-09
6.02599e-11
3.16866e-09
7.63988e-11
3.18294e-09
9.35088e-11
3.19917e-09
1.11979e-10
3.21772e-09
1.32261e-10
3.23893e-09
1.54853e-10
3.2631e-09
1.80291e-10
3.29049e-09
2.09194e-10
3.32142e-09
2.42283e-10
3.35607e-09
2.80371e-10
3.39602e-09
3.31996e-10
3.4298e-09
3.32722e-10
3.44184e-09
2.68081e-10
3.43549e-09
1.57667e-10
3.41708e-09
7.08743e-12
3.38798e-09
-1.48491e-10
3.3476e-09
-2.8252e-10
3.29556e-09
-4.10346e-10
3.24042e-09
-4.87703e-10
3.18687e-09
-5.39264e-10
3.13168e-09
-5.17538e-10
3.07535e-09
-4.59419e-10
3.01918e-09
-4.04022e-10
2.96464e-09
-3.59163e-10
2.91406e-09
-3.09643e-10
2.86735e-09
-2.74321e-10
2.82563e-09
-2.35405e-10
2.78961e-09
-2.02364e-10
2.75892e-09
-1.6973e-10
2.73519e-09
-1.36126e-10
2.71734e-09
-1.05044e-10
2.70727e-09
-7.03992e-11
2.70421e-09
-3.65657e-11
2.70903e-09
-2.55478e-12
2.72237e-09
3.69209e-11
2.74272e-09
6.71907e-11
2.77296e-09
1.12636e-10
2.80978e-09
1.41248e-10
2.85427e-09
1.79225e-10
2.90532e-09
2.07877e-10
2.96133e-09
2.36603e-10
3.0227e-09
2.60889e-10
3.08653e-09
2.80291e-10
3.15373e-09
2.96618e-10
3.2214e-09
3.07826e-10
3.28999e-09
3.13933e-10
3.35794e-09
3.18341e-10
3.42438e-09
3.13796e-10
3.4895e-09
3.12388e-10
3.55184e-09
3.00711e-10
3.61162e-09
2.89406e-10
3.66852e-09
2.7529e-10
3.72151e-09
2.55537e-10
3.77081e-09
2.36139e-10
3.81683e-09
2.1331e-10
3.85905e-09
1.90427e-10
3.89751e-09
1.64439e-10
3.93219e-09
1.40248e-10
3.96283e-09
1.14632e-10
3.98999e-09
9.02828e-11
4.01361e-09
6.76986e-11
4.03333e-09
4.59626e-11
4.04937e-09
2.73254e-11
4.06175e-09
1.28115e-11
4.07e-09
-2.77712e-12
4.07434e-09
-9.90212e-12
4.07496e-09
-1.78008e-11
4.07069e-09
-2.03329e-11
4.06236e-09
-2.31921e-11
4.0499e-09
-1.79003e-11
4.03284e-09
-1.99727e-11
4.012e-09
-1.0077e-11
3.98614e-09
-1.15623e-11
3.95702e-09
-1.49574e-12
3.92391e-09
-3.86705e-12
3.88836e-09
4.91113e-12
3.84974e-09
-1.68485e-12
3.81003e-09
3.69406e-12
3.76922e-09
-4.55326e-12
3.72824e-09
-4.9229e-12
3.68806e-09
-1.18804e-11
3.64824e-09
-1.79303e-11
3.61083e-09
-2.44595e-11
3.57462e-09
-3.11926e-11
3.54128e-09
-3.92105e-11
3.51014e-09
-4.34863e-11
3.48196e-09
-5.25853e-11
3.4559e-09
-5.57434e-11
3.43253e-09
-6.35599e-11
3.4112e-09
-6.79686e-11
3.39247e-09
-7.36699e-11
3.3751e-09
-8.06211e-11
3.3598e-09
-8.57925e-11
3.34587e-09
-9.15047e-11
3.33296e-09
-9.87802e-11
3.32111e-09
-1.04619e-10
3.30981e-09
-1.11151e-10
3.29875e-09
-1.19543e-10
3.28779e-09
-1.2562e-10
3.27669e-09
-1.33597e-10
3.26496e-09
-1.41464e-10
3.25252e-09
-1.4889e-10
3.2391e-09
-1.56737e-10
3.22447e-09
-1.63974e-10
3.20852e-09
-1.71171e-10
3.19102e-09
-1.78397e-10
3.17176e-09
-1.84694e-10
3.15115e-09
-1.90187e-10
3.12871e-09
-1.93499e-10
3.10447e-09
-2.00608e-10
3.07909e-09
-1.97422e-10
3.05238e-09
-2.02056e-10
3.02423e-09
-1.97807e-10
2.99648e-09
-1.94176e-10
2.96807e-09
-1.85732e-10
2.94087e-09
-1.77896e-10
2.91502e-09
-1.6066e-10
2.89175e-09
-1.47146e-10
2.87201e-09
-1.20713e-10
2.85703e-09
-9.9043e-11
2.84744e-09
-6.489e-11
2.8454e-09
-3.27848e-11
2.84992e-09
6.57325e-12
2.86478e-09
4.93612e-11
2.88779e-09
9.62418e-11
2.92071e-09
1.3797e-10
2.96354e-09
1.94576e-10
3.01494e-09
2.33988e-10
3.07683e-09
2.97509e-10
3.14588e-09
3.381e-10
3.22355e-09
4.03631e-10
3.30635e-09
4.50457e-10
3.39449e-09
5.21201e-10
3.48325e-09
5.78226e-10
3.57306e-09
6.01537e-10
3.66633e-09
4.60448e-10
3.75696e-09
3.69419e-10
3.81413e-09
1.27949e-10
3.84984e-09
-6.16072e-11
3.86174e-09
-2.40622e-10
3.84774e-09
-4.05166e-10
3.80318e-09
-5.69703e-10
3.72896e-09
-6.40562e-10
3.62788e-09
-6.64086e-10
3.52057e-09
-6.12344e-10
3.41738e-09
-5.34455e-10
3.32181e-09
-4.56068e-10
3.23637e-09
-3.77258e-10
3.16245e-09
-2.99252e-10
3.1006e-09
-2.23615e-10
3.05072e-09
-1.52181e-10
3.01219e-09
-8.68625e-11
2.98401e-09
-2.93206e-11
2.965e-09
1.92944e-11
2.95389e-09
5.84241e-11
2.94938e-09
8.80991e-11
2.95024e-09
1.08881e-10
2.95529e-09
1.21732e-10
2.9636e-09
1.27719e-10
2.974e-09
1.27667e-10
2.9858e-09
1.23599e-10
2.99833e-09
1.16316e-10
3.01101e-09
1.06783e-10
3.02338e-09
9.58629e-11
3.03508e-09
8.42676e-11
3.04587e-09
7.25608e-11
3.05559e-09
6.11649e-11
3.06416e-09
5.03723e-11
3.07159e-09
4.03638e-11
3.07795e-09
3.1218e-11
3.08336e-09
2.29165e-11
3.08798e-09
1.53587e-11
3.09203e-09
8.37983e-12
3.09576e-09
1.76536e-12
3.09947e-09
-4.73943e-12
3.10357e-09
-1.15239e-11
-1.90298e-11
2.52122e-09
-6.45981e-11
2.57572e-09
-1.76676e-10
2.64462e-09
-2.47272e-10
2.7133e-09
-2.7949e-10
2.77328e-09
-2.84384e-10
2.82094e-09
-2.72115e-10
2.8567e-09
-2.51692e-10
2.88237e-09
-2.28007e-10
2.89955e-09
-2.03298e-10
2.91057e-09
-1.79486e-10
2.91768e-09
-1.57198e-10
2.92206e-09
-1.36174e-10
2.92469e-09
-1.16405e-10
2.92634e-09
-9.78272e-11
2.92759e-09
-8.03242e-11
2.92888e-09
-6.37687e-11
2.93057e-09
-4.80388e-11
2.93293e-09
-3.30194e-11
2.93621e-09
-1.86001e-11
2.94064e-09
-4.66633e-12
2.94645e-09
8.91221e-12
2.95383e-09
2.22687e-11
2.96303e-09
3.55681e-11
2.97428e-09
4.90158e-11
2.98781e-09
6.28649e-11
3.00391e-09
7.74178e-11
3.02285e-09
9.3034e-11
3.04498e-09
1.10134e-10
3.07064e-09
1.29194e-10
3.10018e-09
1.50752e-10
3.13394e-09
1.75432e-10
3.17226e-09
2.0397e-10
3.21541e-09
2.37221e-10
3.26507e-09
2.82331e-10
3.30922e-09
2.88579e-10
3.33132e-09
2.45978e-10
3.33283e-09
1.56157e-10
3.31836e-09
2.15525e-11
3.28882e-09
-1.18946e-10
3.24399e-09
-2.37685e-10
3.18376e-09
-3.50118e-10
3.11724e-09
-4.21176e-10
3.04934e-09
-4.71367e-10
2.97912e-09
-4.47308e-10
2.90877e-09
-3.89061e-10
2.84039e-09
-3.35644e-10
2.77568e-09
-2.94456e-10
2.71704e-09
-2.51006e-10
2.66406e-09
-2.21333e-10
2.6176e-09
-1.88952e-10
2.57793e-09
-1.62689e-10
2.5445e-09
-1.36297e-10
2.51855e-09
-1.1017e-10
2.49894e-09
-8.54415e-11
2.48726e-09
-5.87194e-11
2.48275e-09
-3.20561e-11
2.48608e-09
-5.88793e-12
2.49789e-09
2.5106e-11
2.51668e-09
4.84036e-11
2.54521e-09
8.41015e-11
2.58033e-09
1.06129e-10
2.62319e-09
1.36372e-10
2.67267e-09
1.58403e-10
2.72746e-09
1.81822e-10
2.78781e-09
2.00532e-10
2.85115e-09
2.16943e-10
2.91818e-09
2.29568e-10
2.98631e-09
2.39671e-10
3.05573e-09
2.44497e-10
3.12497e-09
2.49085e-10
3.19307e-09
2.45708e-10
3.26011e-09
2.45355e-10
3.32444e-09
2.36399e-10
3.38611e-09
2.27761e-10
3.44469e-09
2.16724e-10
3.49928e-09
2.00969e-10
3.54979e-09
1.85637e-10
3.59624e-09
1.66865e-10
3.63824e-09
1.48429e-10
3.67578e-09
1.2689e-10
3.70898e-09
1.07037e-10
3.73773e-09
8.58609e-11
3.76237e-09
6.56264e-11
3.78318e-09
4.68732e-11
3.80014e-09
2.89935e-11
3.81371e-09
1.37529e-11
3.82421e-09
2.31306e-12
3.83135e-09
-9.90991e-12
3.8358e-09
-1.43399e-11
3.83782e-09
-1.98016e-11
3.83674e-09
-1.92414e-11
3.8332e-09
-1.96347e-11
3.82711e-09
-1.17971e-11
3.81759e-09
-1.0446e-11
3.80608e-09
1.44965e-12
3.7909e-09
3.62434e-12
3.77364e-09
1.57674e-11
3.75272e-09
1.70512e-11
3.73026e-09
2.73741e-11
3.70437e-09
2.42106e-11
3.67737e-09
3.06881e-11
3.64815e-09
2.46673e-11
3.61801e-09
2.52168e-11
3.58773e-09
1.84026e-11
3.55665e-09
1.31538e-11
3.52671e-09
5.48155e-12
3.49678e-09
-1.2662e-12
3.4685e-09
-1.09311e-11
3.44115e-09
-1.61343e-11
3.41543e-09
-2.68645e-11
3.39117e-09
-3.14882e-11
3.3687e-09
-4.10965e-11
3.34736e-09
-4.66356e-11
3.3278e-09
-5.41121e-11
3.30883e-09
-6.16527e-11
3.29124e-09
-6.82078e-11
3.27437e-09
-7.46404e-11
3.25791e-09
-8.23206e-11
3.24199e-09
-8.86786e-11
3.2261e-09
-9.52418e-11
3.20997e-09
-1.03378e-10
3.19356e-09
-1.09159e-10
3.17662e-09
-1.16594e-10
3.15873e-09
-1.23521e-10
3.13987e-09
-1.29998e-10
3.11983e-09
-1.36679e-10
3.09843e-09
-1.42597e-10
3.07563e-09
-1.48416e-10
3.05123e-09
-1.54076e-10
3.02514e-09
-1.58688e-10
2.99776e-09
-1.62891e-10
2.96879e-09
-1.64585e-10
2.93822e-09
-1.70064e-10
2.90689e-09
-1.66096e-10
2.87454e-09
-1.69678e-10
2.84132e-09
-1.64546e-10
2.80884e-09
-1.6165e-10
2.77635e-09
-1.53197e-10
2.74546e-09
-1.46976e-10
2.71653e-09
-1.31722e-10
2.69057e-09
-1.21176e-10
2.66869e-09
-9.88433e-11
2.65182e-09
-8.2197e-11
2.64082e-09
-5.3907e-11
2.63747e-09
-2.94686e-11
2.64112e-09
2.89654e-12
2.65509e-09
3.53619e-11
2.67766e-09
7.36617e-11
2.71023e-09
1.05389e-10
2.75328e-09
1.51525e-10
2.80534e-09
1.81923e-10
2.86878e-09
2.34066e-10
2.94034e-09
2.66539e-10
3.02207e-09
3.21897e-10
3.1105e-09
3.62024e-10
3.2064e-09
4.25289e-10
3.30485e-09
4.79779e-10
3.4043e-09
5.02086e-10
3.50218e-09
3.6257e-10
3.59316e-09
2.78441e-10
3.64393e-09
7.71779e-11
3.66609e-09
-8.37632e-11
3.65794e-09
-2.32464e-10
3.61848e-09
-3.6571e-10
3.5446e-09
-4.95817e-10
3.44166e-09
-5.37626e-10
3.31588e-09
-5.38296e-10
3.18908e-09
-4.85549e-10
3.07169e-09
-4.17054e-10
2.96682e-09
-3.51193e-10
2.87645e-09
-2.86887e-10
2.80139e-09
-2.24186e-10
2.74158e-09
-1.63803e-10
2.69635e-09
-1.06947e-10
2.66454e-09
-5.50548e-11
2.64469e-09
-9.46345e-12
2.63511e-09
2.88686e-11
2.63409e-09
5.94509e-11
2.6399e-09
8.2289e-11
2.65094e-09
9.78377e-11
2.6658e-09
1.06871e-10
2.68323e-09
1.10289e-10
2.70186e-09
1.0903e-10
2.72106e-09
1.04405e-10
2.74006e-09
9.73095e-11
2.7583e-09
8.85379e-11
2.77537e-09
7.87954e-11
2.79098e-09
6.86588e-11
2.80496e-09
5.85751e-11
2.81726e-09
4.88679e-11
2.82788e-09
3.97479e-11
2.83692e-09
3.13258e-11
2.84451e-09
2.3623e-11
2.85085e-09
1.65786e-11
2.85615e-09
1.00583e-11
2.86067e-09
3.86088e-12
2.86471e-09
-2.27153e-12
2.86864e-09
-8.67065e-12
2.87296e-09
-1.58438e-11
-2.40782e-11
2.53344e-09
-9.80338e-11
2.6091e-09
-2.52337e-10
2.6899e-09
-3.28072e-10
2.75548e-09
-3.45073e-10
2.79902e-09
-3.27919e-10
2.82166e-09
-2.94754e-10
2.82765e-09
-2.57679e-10
2.82221e-09
-2.22567e-10
2.81025e-09
-1.91341e-10
2.79488e-09
-1.64113e-10
2.77818e-09
-1.40494e-10
2.76169e-09
-1.19691e-10
2.74635e-09
-1.0106e-10
2.73269e-09
-8.41655e-11
2.72105e-09
-6.868e-11
2.71162e-09
-5.43464e-11
2.70455e-09
-4.09649e-11
2.69991e-09
-2.8379e-11
2.69777e-09
-1.64601e-11
2.69819e-09
-5.08487e-12
2.70123e-09
5.87536e-12
2.70696e-09
1.65412e-11
2.71547e-09
2.70552e-11
2.72689e-09
3.75994e-11
2.74136e-09
4.8393e-11
2.75909e-09
5.96901e-11
2.78033e-09
7.17947e-11
2.8054e-09
8.50684e-11
2.83466e-09
9.99295e-11
2.86855e-09
1.16864e-10
2.90753e-09
1.36456e-10
2.95207e-09
1.59428e-10
3.00262e-09
1.86669e-10
3.06102e-09
2.23929e-10
3.11541e-09
2.34198e-10
3.14912e-09
2.12267e-10
3.16112e-09
1.44154e-10
3.15345e-09
2.92217e-11
3.1262e-09
-9.16968e-11
3.07952e-09
-1.91004e-10
3.01355e-09
-2.84144e-10
2.9376e-09
-3.4523e-10
2.85683e-09
-3.90591e-10
2.77332e-09
-3.63794e-10
2.69152e-09
-3.07254e-10
2.61435e-09
-2.58469e-10
2.5434e-09
-2.23506e-10
2.48073e-09
-1.88344e-10
2.42528e-09
-1.65877e-10
2.37748e-09
-1.41153e-10
2.33701e-09
-1.22222e-10
2.3032e-09
-1.02485e-10
2.27684e-09
-8.38122e-11
2.25685e-09
-6.54532e-11
2.24446e-09
-4.63284e-11
2.239e-09
-2.65971e-11
2.24094e-09
-7.8388e-12
2.25096e-09
1.50861e-11
2.26757e-09
3.17929e-11
2.29342e-09
5.82494e-11
2.32553e-09
7.40226e-11
2.36511e-09
9.67917e-11
2.41102e-09
1.12505e-10
2.46225e-09
1.30592e-10
2.51887e-09
1.439e-10
2.57872e-09
1.57075e-10
2.64224e-09
1.6603e-10
2.70723e-09
1.74654e-10
2.77362e-09
1.7809e-10
2.84015e-09
1.82547e-10
2.90568e-09
1.80183e-10
2.97033e-09
1.80712e-10
3.03234e-09
1.74409e-10
3.09165e-09
1.68476e-10
3.14773e-09
1.60669e-10
3.1996e-09
1.49115e-10
3.24712e-09
1.38132e-10
3.29005e-09
1.23941e-10
3.32803e-09
1.10455e-10
3.36091e-09
9.39988e-11
3.38888e-09
7.90492e-11
3.4119e-09
6.2823e-11
3.43028e-09
4.722e-11
3.44445e-09
3.26728e-11
3.45462e-09
1.88139e-11
3.46157e-09
6.79421e-12
3.4659e-09
-2.01491e-12
3.46758e-09
-1.15822e-11
3.46773e-09
-1.44738e-11
3.46673e-09
-1.8786e-11
3.46451e-09
-1.70047e-11
3.4617e-09
-1.68046e-11
3.45873e-09
-8.81804e-12
3.45452e-09
-6.22708e-12
3.4505e-09
5.48378e-12
3.44477e-09
9.36013e-12
3.43898e-09
2.15671e-11
3.43111e-09
2.49216e-11
3.4229e-09
3.55905e-11
3.41198e-09
3.51232e-11
3.40039e-09
4.2279e-11
3.38649e-09
3.85728e-11
3.37137e-09
4.03381e-11
3.35513e-09
3.46437e-11
3.33722e-09
3.1063e-11
3.31916e-09
2.35453e-11
3.29993e-09
1.79651e-11
3.2808e-09
8.19484e-12
3.26147e-09
3.18997e-12
3.24234e-09
-7.72687e-12
3.22344e-09
-1.25991e-11
3.20504e-09
-2.26986e-11
3.18681e-09
-2.84047e-11
3.16929e-09
-3.66054e-11
3.15148e-09
-4.38467e-11
3.13417e-09
-5.08992e-11
3.11681e-09
-5.72866e-11
3.09913e-09
-6.46538e-11
3.08134e-09
-7.08829e-11
3.06303e-09
-7.69189e-11
3.04394e-09
-8.42649e-11
3.02414e-09
-8.93274e-11
3.00341e-09
-9.58164e-11
2.98143e-09
-1.01499e-10
2.95824e-09
-1.06778e-10
2.93368e-09
-1.121e-10
2.90766e-09
-1.16587e-10
2.88017e-09
-1.20966e-10
2.8511e-09
-1.25067e-10
2.82043e-09
-1.28096e-10
2.78856e-09
-1.31103e-10
2.75536e-09
-1.31449e-10
2.72075e-09
-1.35493e-10
2.68579e-09
-1.31142e-10
2.65005e-09
-1.3392e-10
2.61398e-09
-1.28441e-10
2.57887e-09
-1.26498e-10
2.54432e-09
-1.18597e-10
2.51159e-09
-1.14208e-10
2.48129e-09
-1.01402e-10
2.45408e-09
-9.39627e-11
2.43128e-09
-7.60578e-11
2.41346e-09
-6.43944e-11
2.40169e-09
-4.21644e-11
2.3973e-09
-2.51119e-11
2.40003e-09
1.30076e-13
2.41262e-09
2.27501e-11
2.43387e-09
5.23937e-11
2.46474e-09
7.45047e-11
2.50621e-09
1.10054e-10
2.55661e-09
1.31512e-10
2.61878e-09
1.71901e-10
2.68952e-09
1.95795e-10
2.77155e-09
2.39861e-10
2.86162e-09
2.71951e-10
2.96114e-09
3.25761e-10
3.06527e-09
3.75648e-10
3.17035e-09
3.97002e-10
3.26739e-09
2.65534e-10
3.3524e-09
1.93427e-10
3.3922e-09
3.73839e-11
3.39766e-09
-8.92251e-11
3.36804e-09
-2.02842e-10
3.30396e-09
-3.01622e-10
3.2044e-09
-3.96257e-10
3.07927e-09
-4.12489e-10
2.93775e-09
-3.96774e-10
2.80109e-09
-3.48887e-10
2.67859e-09
-2.94557e-10
2.57242e-09
-2.45015e-10
2.4836e-09
-1.98063e-10
2.41223e-09
-1.52815e-10
2.35776e-09
-1.09327e-10
2.31911e-09
-6.83038e-11
2.29486e-09
-3.08017e-11
2.28327e-09
2.12317e-12
2.28238e-09
2.97613e-11
2.29015e-09
5.168e-11
2.30461e-09
6.7831e-11
2.32392e-09
7.85275e-11
2.34645e-09
8.43399e-11
2.37076e-09
8.59728e-11
2.39558e-09
8.42098e-11
2.42005e-09
7.99406e-11
2.44345e-09
7.39041e-11
2.46527e-09
6.67154e-11
2.48516e-09
5.89036e-11
2.50292e-09
5.08962e-11
2.51848e-09
4.30167e-11
2.53186e-09
3.54897e-11
2.54316e-09
2.84478e-11
2.55254e-09
2.19432e-11
2.56021e-09
1.59567e-11
2.56638e-09
1.04008e-11
2.57132e-09
5.12003e-12
2.5753e-09
-1.16943e-13
2.57864e-09
-5.6166e-12
2.58178e-09
-1.18095e-11
2.58533e-09
-1.9392e-11
-2.84279e-11
2.55723e-09
-1.55262e-10
2.65934e-09
-3.5445e-10
2.73775e-09
-4.06477e-10
2.77677e-09
-3.84089e-10
2.77852e-09
-3.29671e-10
2.75608e-09
-2.72312e-10
2.71959e-09
-2.21187e-10
2.6768e-09
-1.79773e-10
2.63324e-09
-1.4778e-10
2.59191e-09
-1.22783e-10
2.55411e-09
-1.02691e-10
2.52043e-09
-8.6008e-11
2.49108e-09
-7.17084e-11
2.46605e-09
-5.91397e-11
2.44525e-09
-4.78728e-11
2.42851e-09
-3.76096e-11
2.41569e-09
-2.81398e-11
2.40662e-09
-1.93154e-11
2.40119e-09
-1.10313e-11
2.3993e-09
-3.18898e-12
2.40083e-09
4.34895e-12
2.40572e-09
1.16466e-11
2.41396e-09
1.88152e-11
2.42557e-09
2.59978e-11
2.4406e-09
3.33598e-11
2.45922e-09
4.10713e-11
2.48166e-09
4.93545e-11
2.50824e-09
5.84879e-11
2.53938e-09
6.87942e-11
2.57558e-09
8.0658e-11
2.61748e-09
9.45628e-11
2.66576e-09
1.11144e-10
2.72118e-09
1.3125e-10
2.7859e-09
1.59216e-10
2.84908e-09
1.71016e-10
2.89504e-09
1.6631e-10
2.91959e-09
1.19605e-10
2.92105e-09
2.77544e-11
2.89825e-09
-6.88979e-11
2.8517e-09
-1.4445e-10
2.78175e-09
-2.14195e-10
2.69774e-09
-2.61217e-10
2.60506e-09
-2.97908e-10
2.51024e-09
-2.68978e-10
2.42056e-09
-2.17568e-10
2.33925e-09
-1.77157e-10
2.26695e-09
-1.51207e-10
2.20478e-09
-1.2618e-10
2.15065e-09
-1.11745e-10
2.10454e-09
-9.50399e-11
2.06556e-09
-8.32502e-11
2.03306e-09
-6.99835e-11
2.00745e-09
-5.81991e-11
1.98781e-09
-4.58208e-11
1.97507e-09
-3.35886e-11
1.96873e-09
-2.02619e-11
1.96909e-09
-8.19968e-12
1.97687e-09
7.30101e-12
1.99062e-09
1.80319e-11
2.01291e-09
3.59609e-11
2.0409e-09
4.60387e-11
2.07591e-09
6.17818e-11
2.11669e-09
7.17308e-11
2.16264e-09
8.46372e-11
2.21354e-09
9.29851e-11
2.26777e-09
1.02824e-10
2.3254e-09
1.08381e-10
2.38475e-09
1.15277e-10
2.44544e-09
1.17385e-10
2.50653e-09
1.21446e-10
2.56673e-09
1.19992e-10
2.62622e-09
1.2123e-10
2.68322e-09
1.17439e-10
2.7376e-09
1.14124e-10
2.78877e-09
1.09522e-10
2.83572e-09
1.02198e-10
2.87826e-09
9.56055e-11
2.91597e-09
8.62485e-11
2.9485e-09
7.79202e-11
2.97554e-09
6.69445e-11
2.99729e-09
5.72811e-11
3.01365e-09
4.64278e-11
3.02493e-09
3.59087e-11
3.03157e-09
2.6007e-11
3.03397e-09
1.63932e-11
3.03294e-09
7.82494e-12
3.02932e-09
1.60574e-12
3.02331e-09
-5.55963e-12
3.01634e-09
-7.49305e-12
3.00891e-09
-1.13342e-11
3.00162e-09
-9.69605e-12
2.99509e-09
-1.02614e-11
2.99039e-09
-4.10797e-12
2.98653e-09
-2.35091e-12
2.98504e-09
6.97959e-12
2.98421e-09
1.01943e-11
2.98561e-09
2.01677e-11
2.98708e-09
2.3457e-11
2.99008e-09
3.25993e-11
2.99194e-09
3.32611e-11
2.99435e-09
3.9872e-11
2.99516e-09
3.776e-11
2.99524e-09
4.02645e-11
2.994e-09
3.58871e-11
2.99092e-09
3.41377e-11
2.98687e-09
2.76009e-11
2.98099e-09
2.38433e-11
2.97406e-09
1.51299e-11
2.96597e-09
1.1279e-11
2.9567e-09
1.53516e-12
2.9466e-09
-2.49464e-12
2.93569e-09
-1.17944e-11
2.92399e-09
-1.67057e-11
2.91185e-09
-2.44752e-11
2.89849e-09
-3.04905e-11
2.8846e-09
-3.70215e-11
2.8698e-09
-4.249e-11
2.85386e-09
-4.87201e-11
2.83701e-09
-5.40368e-11
2.81897e-09
-5.88791e-11
2.79951e-09
-6.47937e-11
2.77883e-09
-6.86204e-11
2.7567e-09
-7.36637e-11
2.73296e-09
-7.77291e-11
2.7077e-09
-8.14898e-11
2.68081e-09
-8.52008e-11
2.65231e-09
-8.80972e-11
2.62223e-09
-9.09289e-11
2.59054e-09
-9.34416e-11
2.55734e-09
-9.4966e-11
2.52297e-09
-9.68134e-11
2.48752e-09
-9.60698e-11
2.4508e-09
-9.88095e-11
2.41409e-09
-9.44571e-11
2.37676e-09
-9.65758e-11
2.33962e-09
-9.1268e-11
2.30351e-09
-9.03342e-11
2.26845e-09
-8.34852e-11
2.23523e-09
-8.09505e-11
2.20481e-09
-7.09493e-11
2.17737e-09
-6.65141e-11
2.15452e-09
-5.32151e-11
2.13631e-09
-4.62021e-11
2.12416e-09
-3.00469e-11
2.11876e-09
-1.97519e-11
2.12039e-09
-1.53895e-12
2.131e-09
1.21151e-11
2.15009e-09
3.32805e-11
2.17797e-09
4.66096e-11
2.21623e-09
7.17843e-11
2.26288e-09
8.48601e-11
2.32126e-09
1.13511e-10
2.38819e-09
1.28867e-10
2.46715e-09
1.60899e-10
2.55524e-09
1.83854e-10
2.65496e-09
2.26028e-10
2.76197e-09
2.68644e-10
2.87017e-09
2.88792e-10
2.96224e-09
1.73467e-10
3.03678e-09
1.18884e-10
3.06289e-09
1.12782e-11
3.05092e-09
-7.72537e-11
3.00174e-09
-1.53653e-10
2.91798e-09
-2.17864e-10
2.80097e-09
-2.79242e-10
2.66485e-09
-2.76369e-10
2.52088e-09
-2.52804e-10
2.38754e-09
-2.15542e-10
2.27161e-09
-1.7862e-10
2.17361e-09
-1.47019e-10
2.09345e-09
-1.17893e-10
2.03062e-09
-8.99828e-11
1.98431e-09
-6.30204e-11
1.9534e-09
-3.73933e-11
1.93643e-09
-1.38275e-11
1.93175e-09
6.79377e-12
1.9373e-09
2.42171e-11
1.95098e-09
3.79932e-11
1.97079e-09
4.80227e-11
1.99483e-09
5.44881e-11
2.02141e-09
5.77598e-11
2.04907e-09
5.83128e-11
2.07659e-09
5.66843e-11
2.10309e-09
5.34446e-11
2.1279e-09
4.90917e-11
2.15057e-09
4.40401e-11
2.17084e-09
3.86368e-11
2.18858e-09
3.31565e-11
2.20379e-09
2.78029e-11
2.21657e-09
2.27109e-11
2.22707e-09
1.79449e-11
2.2355e-09
1.35149e-11
2.24207e-09
9.38099e-12
2.24702e-09
5.45351e-12
2.25056e-09
1.57498e-12
2.25298e-09
-2.53896e-12
2.25458e-09
-7.21381e-12
2.25578e-09
-1.30115e-11
2.25734e-09
-2.09491e-11
-3.07897e-11
2.60223e-09
-2.57496e-10
2.70529e-09
-4.575e-10
2.73048e-09
-4.3167e-10
2.69459e-09
-3.4819e-10
2.6276e-09
-2.62682e-10
2.54727e-09
-1.91985e-10
2.46741e-09
-1.41318e-10
2.39483e-09
-1.0719e-10
2.33103e-09
-8.39784e-11
2.27577e-09
-6.75265e-11
2.22832e-09
-5.52363e-11
2.18786e-09
-4.55506e-11
2.1537e-09
-3.75454e-11
2.12524e-09
-3.06772e-11
2.10198e-09
-2.46131e-11
2.08351e-09
-1.91353e-11
2.06946e-09
-1.40934e-11
2.05953e-09
-9.38472e-12
2.05351e-09
-5.00325e-12
2.05123e-09
-9.1296e-13
2.05245e-09
3.1329e-12
2.05706e-09
7.03697e-12
2.065e-09
1.08783e-11
2.07624e-09
1.47572e-11
2.09081e-09
1.8793e-11
2.10884e-09
2.30346e-11
2.13059e-09
2.76096e-11
2.15637e-09
3.27075e-11
2.18664e-09
3.85286e-11
2.22198e-09
4.53139e-11
2.26316e-09
5.33888e-11
2.3111e-09
6.31974e-11
2.36696e-09
7.53971e-11
2.4334e-09
9.27745e-11
2.50165e-09
1.02766e-10
2.55857e-09
1.09392e-10
2.59567e-09
8.2501e-11
2.60562e-09
1.78043e-11
2.5859e-09
-4.91782e-11
2.53806e-09
-9.66139e-11
2.46315e-09
-1.39286e-10
2.37047e-09
-1.68531e-10
2.26573e-09
-1.93175e-10
2.16246e-09
-1.65704e-10
2.07058e-09
-1.25686e-10
1.99175e-09
-9.83213e-11
1.92402e-09
-8.34846e-11
1.86709e-09
-6.9253e-11
1.8177e-09
-6.23533e-11
1.77573e-09
-5.30708e-11
1.73987e-09
-4.73913e-11
1.70978e-09
-3.98966e-11
1.68553e-09
-3.39469e-11
1.66658e-09
-2.68819e-11
1.65352e-09
-2.05296e-11
1.64617e-09
-1.29131e-11
1.64457e-09
-6.61118e-12
1.64961e-09
2.26284e-12
1.6598e-09
7.84103e-12
1.67767e-09
1.80842e-11
1.70047e-09
2.32456e-11
1.72974e-09
3.25092e-11
1.76399e-09
3.74862e-11
1.80319e-09
4.54253e-11
1.84666e-09
4.94977e-11
1.89356e-09
5.59019e-11
1.9434e-09
5.85202e-11
1.99527e-09
6.33798e-11
2.04833e-09
6.43091e-11
2.1022e-09
6.75654e-11
2.15536e-09
6.68441e-11
2.20822e-09
6.83905e-11
2.25897e-09
6.67179e-11
2.30755e-09
6.55732e-11
2.35338e-09
6.37309e-11
2.39541e-09
6.01939e-11
2.43357e-09
5.74664e-11
2.46719e-09
5.2641e-11
2.4961e-09
4.9005e-11
2.5197e-09
4.33156e-11
2.53824e-09
3.87123e-11
2.55151e-09
3.31201e-11
2.55969e-09
2.76951e-11
2.56315e-09
2.25206e-11
2.56217e-09
1.73674e-11
2.55762e-09
1.23702e-11
2.55016e-09
9.08144e-12
2.54004e-09
4.57098e-12
2.52885e-09
3.71337e-12
2.51683e-09
7.01921e-13
2.50541e-09
1.74046e-12
2.4948e-09
3.56933e-13
2.48697e-09
3.74173e-12
2.48087e-09
3.7539e-12
2.47836e-09
9.49926e-12
2.47789e-09
1.06651e-11
2.4813e-09
1.67589e-11
2.48661e-09
1.81541e-11
2.4952e-09
2.4006e-11
2.50446e-09
2.40051e-11
2.51581e-09
2.85278e-11
2.52684e-09
2.67318e-11
2.53823e-09
2.8872e-11
2.54881e-09
2.53073e-11
2.55819e-09
2.47603e-11
2.56643e-09
1.9362e-11
2.57294e-09
1.73371e-11
2.57774e-09
1.0329e-11
2.58099e-09
8.02735e-12
2.582e-09
5.25362e-13
2.58123e-09
-1.72365e-12
2.57846e-09
-9.0306e-12
2.57411e-09
-1.23584e-11
2.56812e-09
-1.84925e-11
2.55999e-09
-2.23615e-11
2.55019e-09
-2.72299e-11
2.53854e-09
-3.08493e-11
2.52483e-09
-3.50173e-11
2.50931e-09
-3.85252e-11
2.49188e-09
-4.14518e-11
2.47231e-09
-4.52193e-11
2.451e-09
-4.72886e-11
2.42771e-09
-5.03534e-11
2.40247e-09
-5.24669e-11
2.37543e-09
-5.44335e-11
2.34657e-09
-5.63383e-11
2.31604e-09
-5.75827e-11
2.28393e-09
-5.88512e-11
2.25028e-09
-5.98543e-11
2.21532e-09
-6.00844e-11
2.17931e-09
-6.08821e-11
2.14264e-09
-5.94697e-11
2.10483e-09
-6.10482e-11
2.0676e-09
-5.72537e-11
2.02982e-09
-5.87827e-11
1.9929e-09
-5.43271e-11
1.95692e-09
-5.42999e-11
1.92259e-09
-4.91033e-11
1.88991e-09
-4.82313e-11
1.86042e-09
-4.14176e-11
1.83353e-09
-3.96067e-11
1.81137e-09
-3.10668e-11
1.79317e-09
-2.80212e-11
1.78096e-09
-1.78699e-11
1.77446e-09
-1.32852e-11
1.77477e-09
-1.88618e-12
1.78265e-09
4.19751e-12
1.79866e-09
1.72406e-11
1.82208e-09
2.31807e-11
1.85539e-09
3.8458e-11
1.89594e-09
4.43087e-11
1.94785e-09
6.15986e-11
2.00759e-09
6.91187e-11
2.0797e-09
8.87908e-11
2.16155e-09
1.01991e-10
2.25753e-09
1.3005e-10
2.3647e-09
1.61463e-10
2.47437e-09
1.7912e-10
2.55706e-09
9.07759e-11
2.61751e-09
5.84365e-11
2.62965e-09
-8.63061e-13
2.60326e-09
-5.08618e-11
2.54146e-09
-9.18467e-11
2.44876e-09
-1.25162e-10
2.32808e-09
-1.5856e-10
2.19773e-09
-1.46013e-10
2.06935e-09
-1.24421e-10
1.95584e-09
-1.02035e-10
1.86011e-09
-8.28892e-11
1.78081e-09
-6.77179e-11
1.71691e-09
-5.39901e-11
1.66774e-09
-4.08129e-11
1.63258e-09
-2.78554e-11
1.6105e-09
-1.53169e-11
1.60027e-09
-3.59359e-12
1.60072e-09
6.33742e-12
1.60984e-09
1.50973e-11
1.62583e-09
2.20055e-11
1.6469e-09
2.69503e-11
1.67134e-09
3.0048e-11
1.6976e-09
3.14961e-11
1.72437e-09
3.15461e-11
1.75057e-09
3.04836e-11
1.77541e-09
2.86046e-11
1.79833e-09
2.61703e-11
1.81897e-09
2.3398e-11
1.83714e-09
2.0465e-11
1.85279e-09
1.75074e-11
1.86596e-09
1.46328e-11
1.87676e-09
1.19097e-11
1.88536e-09
9.33921e-12
1.89196e-09
6.91264e-12
1.89675e-09
4.58873e-12
1.8999e-09
2.30659e-12
1.90147e-09
4.73274e-16
1.90182e-09
-2.88039e-12
1.90097e-09
-6.36661e-12
1.89923e-09
-1.12775e-11
1.89721e-09
-1.89253e-11
-2.91529e-11
2.63482e-09
-3.92313e-10
2.59928e-09
-4.21957e-10
2.46551e-09
-2.97904e-10
2.30839e-09
-1.91071e-10
2.16375e-09
-1.18032e-10
2.04579e-09
-7.40298e-11
1.95333e-09
-4.88507e-11
1.88034e-09
-3.42041e-11
1.82171e-09
-2.53451e-11
1.77386e-09
-1.96757e-11
1.73437e-09
-1.5748e-11
1.70163e-09
-1.2801e-11
1.67452e-09
-1.04397e-11
1.6523e-09
-8.4503e-12
1.63439e-09
-6.7082e-12
1.62039e-09
-5.13347e-12
1.60996e-09
-3.6615e-12
1.60273e-09
-2.15322e-12
1.59865e-09
-9.22979e-13
1.59744e-09
2.98228e-13
1.59905e-09
1.52294e-12
1.60333e-09
2.76115e-12
1.61024e-09
3.96458e-12
1.61982e-09
5.18158e-12
1.6321e-09
6.51464e-12
1.6472e-09
7.93092e-12
1.66534e-09
9.46849e-12
1.68684e-09
1.12106e-11
1.71214e-09
1.32319e-11
1.74183e-09
1.56248e-11
1.77669e-09
1.85237e-11
1.81777e-09
2.21178e-11
1.86646e-09
2.67098e-11
1.92583e-09
3.34101e-11
1.99022e-09
3.83729e-11
2.05249e-09
4.71255e-11
2.09796e-09
3.70233e-11
2.11015e-09
5.61412e-12
2.08732e-09
-2.63415e-11
2.03473e-09
-4.40266e-11
1.95513e-09
-5.96907e-11
1.85711e-09
-7.051e-11
1.74554e-09
-8.16024e-11
1.64403e-09
-6.41874e-11
1.56239e-09
-4.40455e-11
1.49701e-09
-3.2948e-11
1.442e-09
-2.84785e-11
1.39629e-09
-2.35412e-11
1.35587e-09
-2.19376e-11
1.32139e-09
-1.85877e-11
1.29112e-09
-1.71309e-11
1.26555e-09
-1.43238e-11
1.2442e-09
-1.26019e-11
1.22725e-09
-9.93394e-12
1.2147e-09
-7.98818e-12
1.20691e-09
-5.12919e-12
1.20353e-09
-3.23588e-12
1.20566e-09
1.30416e-13
1.21166e-09
1.83879e-12
1.22417e-09
5.58281e-12
1.24031e-09
7.10064e-12
1.26213e-09
1.06898e-11
1.28759e-09
1.20235e-11
1.31767e-09
1.5335e-11
1.35082e-09
1.63303e-11
1.38751e-09
1.91885e-11
1.42627e-09
1.97335e-11
1.46753e-09
2.21051e-11
1.50962e-09
2.22136e-11
1.5532e-09
2.39952e-11
1.5963e-09
2.37636e-11
1.63987e-09
2.48449e-11
1.68208e-09
2.45314e-11
1.72311e-09
2.45761e-11
1.76246e-09
2.4402e-11
1.79915e-09
2.35199e-11
1.83342e-09
2.3203e-11
1.86427e-09
2.17761e-11
1.89205e-09
2.12018e-11
1.91571e-09
1.96138e-11
1.93577e-09
1.862e-11
1.95183e-09
1.70245e-11
1.96398e-09
1.55238e-11
1.97235e-09
1.41422e-11
1.97707e-09
1.26504e-11
1.97834e-09
1.11158e-11
1.97715e-09
1.02844e-11
1.97322e-09
8.51679e-12
1.96828e-09
8.67121e-12
1.96213e-09
6.87091e-12
1.95612e-09
7.76343e-12
1.95021e-09
6.27752e-12
1.94606e-09
7.89984e-12
1.94286e-09
6.95851e-12
1.9431e-09
9.25716e-12
1.94495e-09
8.81682e-12
1.95099e-09
1.07221e-11
1.95878e-09
1.03752e-11
1.97029e-09
1.24914e-11
1.98278e-09
1.15218e-11
1.99803e-09
1.32828e-11
2.01327e-09
1.14885e-11
2.02953e-09
1.2611e-11
2.04482e-09
1.00215e-11
2.05945e-09
1.01381e-11
2.07244e-09
6.37093e-12
2.08393e-09
5.84513e-12
2.09301e-09
1.25243e-12
2.10025e-09
7.88269e-13
2.10433e-09
-3.55902e-12
2.10675e-09
-4.14358e-12
2.10591e-09
-8.19528e-12
2.10269e-09
-9.1461e-12
2.09654e-09
-1.23473e-11
2.08775e-09
-1.35802e-11
2.07638e-09
-1.58799e-11
2.06267e-09
-1.71509e-11
2.04645e-09
-1.88091e-11
2.02796e-09
-2.00482e-11
2.00744e-09
-2.09429e-11
1.9845e-09
-2.22723e-11
1.95997e-09
-2.27552e-11
1.93342e-09
-2.37748e-11
1.90522e-09
-2.42406e-11
1.87551e-09
-2.47023e-11
1.84434e-09
-2.51383e-11
1.81199e-09
-2.52344e-11
1.77853e-09
-2.54063e-11
1.74408e-09
-2.54399e-11
1.70901e-09
-2.50678e-11
1.67324e-09
-2.51837e-11
1.63772e-09
-2.40185e-11
1.60122e-09
-2.46122e-11
1.56634e-09
-2.24176e-11
1.53075e-09
-2.32194e-11
1.49714e-09
-2.07182e-11
1.46397e-09
-2.11036e-11
1.43332e-09
-1.84306e-11
1.40367e-09
-1.85433e-11
1.37769e-09
-1.54081e-11
1.35334e-09
-1.52326e-11
1.33389e-09
-1.16054e-11
1.31699e-09
-1.11336e-11
1.30589e-09
-6.78707e-12
1.29857e-09
-5.99397e-12
1.2978e-09
-1.13905e-12
1.30207e-09
-1.07942e-13
1.31386e-09
5.43295e-12
1.33059e-09
6.42894e-12
1.35629e-09
1.27582e-11
1.38693e-09
1.36569e-11
1.42791e-09
2.06236e-11
1.47473e-09
2.22937e-11
1.53327e-09
3.02424e-11
1.60068e-09
3.45787e-11
1.68395e-09
4.67705e-11
1.78329e-09
6.21248e-11
1.88879e-09
7.36106e-11
1.95296e-09
2.66057e-11
1.99452e-09
1.68826e-11
1.99579e-09
-2.13194e-12
1.96398e-09
-1.90555e-11
1.90424e-09
-3.20995e-11
1.82148e-09
-4.24067e-11
1.71778e-09
-5.48575e-11
1.61628e-09
-4.45091e-11
1.52524e-09
-3.33762e-11
1.44909e-09
-2.58917e-11
1.38681e-09
-2.06006e-11
1.33589e-09
-1.67983e-11
1.29524e-09
-1.33419e-11
1.26445e-09
-1.00224e-11
1.24323e-09
-6.63869e-12
1.23098e-09
-3.06081e-12
1.22724e-09
1.42217e-13
1.23063e-09
2.9482e-12
1.24025e-09
5.47975e-12
1.25462e-09
7.63067e-12
1.27253e-09
9.04278e-12
1.29268e-09
9.8982e-12
1.31391e-09
1.02622e-11
1.33524e-09
1.0211e-11
1.35589e-09
9.83155e-12
1.37529e-09
9.21301e-12
1.39302e-09
8.43355e-12
1.40886e-09
7.5572e-12
1.42269e-09
6.63218e-12
1.43452e-09
5.67885e-12
1.44439e-09
4.76009e-12
1.45237e-09
3.93779e-12
1.45858e-09
3.12571e-12
1.46316e-09
2.33407e-12
1.4662e-09
1.5419e-12
1.4678e-09
7.07713e-13
1.46805e-09
-2.49245e-13
1.46669e-09
-1.52012e-12
1.46371e-09
-3.38971e-12
1.45864e-09
-6.20372e-12
1.4509e-09
-1.11794e-11
-1.94946e-11
2.10769e-09
1.68573e-09
1.38783e-09
1.19676e-09
1.07872e-09
1.00469e-09
9.55845e-10
9.21641e-10
8.96297e-10
8.76623e-10
8.60876e-10
8.48076e-10
8.37637e-10
8.29187e-10
8.2248e-10
8.17347e-10
8.13686e-10
8.11533e-10
8.10611e-10
8.1091e-10
8.12433e-10
8.15195e-10
8.1916e-10
8.24342e-10
8.30857e-10
8.38789e-10
8.48258e-10
8.59469e-10
8.72702e-10
8.88327e-10
9.06852e-10
9.2897e-10
9.55681e-10
9.89093e-10
1.02747e-09
1.07459e-09
1.11162e-09
1.11723e-09
1.09089e-09
1.04687e-09
9.87175e-10
9.16664e-10
8.35062e-10
7.70876e-10
7.26832e-10
6.93884e-10
6.65403e-10
6.41857e-10
6.19913e-10
6.01319e-10
5.84182e-10
5.69853e-10
5.57247e-10
5.47309e-10
5.39318e-10
5.34186e-10
5.30948e-10
5.31077e-10
5.32914e-10
5.38494e-10
5.45589e-10
5.56268e-10
5.68278e-10
5.83598e-10
5.9992e-10
6.1911e-10
6.38861e-10
6.61e-10
6.8326e-10
7.07305e-10
7.31114e-10
7.5599e-10
7.80531e-10
8.05091e-10
8.29453e-10
8.5291e-10
8.76036e-10
8.9773e-10
9.18856e-10
9.38412e-10
9.56998e-10
9.74016e-10
9.89557e-10
1.00373e-09
1.01642e-09
1.02758e-09
1.0379e-09
1.04644e-09
1.05513e-09
1.062e-09
1.06977e-09
1.07605e-09
1.08395e-09
1.0909e-09
1.10015e-09
1.10897e-09
1.11969e-09
1.13007e-09
1.14256e-09
1.15408e-09
1.16737e-09
1.17886e-09
1.19147e-09
1.2015e-09
1.21163e-09
1.218e-09
1.22385e-09
1.2251e-09
1.22588e-09
1.22231e-09
1.21816e-09
1.20995e-09
1.20079e-09
1.18842e-09
1.17481e-09
1.1589e-09
1.1417e-09
1.12284e-09
1.10274e-09
1.08175e-09
1.05944e-09
1.03667e-09
1.0129e-09
9.88698e-10
9.64069e-10
9.39029e-10
9.13905e-10
8.88603e-10
8.63244e-10
8.38217e-10
8.13024e-10
7.88945e-10
7.6423e-10
7.41681e-10
7.18322e-10
6.97474e-10
6.76267e-10
6.5777e-10
6.39202e-10
6.23805e-10
6.08613e-10
5.97063e-10
5.85988e-10
5.79252e-10
5.73293e-10
5.72171e-10
5.72065e-10
5.77491e-10
5.8391e-10
5.9666e-10
6.1031e-10
6.3093e-10
6.5322e-10
6.83458e-10
7.18031e-10
7.64796e-10
8.26915e-10
9.0052e-10
9.27123e-10
9.44005e-10
9.41873e-10
9.22818e-10
8.90718e-10
8.48311e-10
7.93452e-10
7.48941e-10
7.15563e-10
6.8967e-10
6.69067e-10
6.52267e-10
6.38923e-10
6.28899e-10
6.22258e-10
6.19195e-10
6.19335e-10
6.22281e-10
6.27759e-10
6.35387e-10
6.44428e-10
6.54324e-10
6.64585e-10
6.74794e-10
6.84624e-10
6.93835e-10
7.02267e-10
7.09822e-10
7.16453e-10
7.22129e-10
7.26888e-10
7.30824e-10
7.33948e-10
7.3628e-10
7.3782e-10
7.38527e-10
7.38276e-10
7.36755e-10
7.33364e-10
7.2716e-10
7.1598e-10
)
;

boundaryField
{
    inlet
    {
        type            calculated;
        value           nonuniform List<scalar> 
20
(
-2.5e-09
-2.5e-09
-2.5e-09
-2.5e-09
-2.5e-09
-2.5e-09
-2.5e-09
-2.5e-09
-2.5e-09
-2.5e-09
-2.5e-09
-2.5e-09
-2.5e-09
-2.5e-09
-2.5e-09
-2.5e-09
-2.5e-09
-2.5e-09
-2.5e-09
-2.5e-09
)
;
    }
    outlet
    {
        type            calculated;
        value           nonuniform List<scalar> 
20
(
7.60535e-10
1.48887e-09
1.91252e-09
2.2581e-09
2.58083e-09
2.86869e-09
3.10156e-09
3.27057e-09
3.37758e-09
3.42902e-09
3.42973e-09
3.37928e-09
3.27439e-09
3.10835e-09
2.878e-09
2.58968e-09
2.2597e-09
1.89557e-09
1.44124e-09
6.96486e-10
)
;
    }
    walls
    {
        type            calculated;
        value           uniform 0;
    }
    frontAndBack
    {
        type            empty;
    }
}


// ************************************************************************* //
