/*--------------------------------*- C++ -*----------------------------------*\
| =========                 |                                                 |
| \\      /  F ield         | OpenFOAM: The Open Source CFD Toolbox           |
|  \\    /   O peration     | Version:  2506                                  |
|   \\  /    A nd           | Website:  www.openfoam.com                      |
|    \\/     M anipulation  |                                                 |
\*---------------------------------------------------------------------------*/
FoamFile
{
    version     2.0;
    format      ascii;
    arch        "LSB;label=32;scalar=64";
    class       volScalarField;
    location    "0.65";
    object      s;
}
// * * * * * * * * * * * * * * * * * * * * * * * * * * * * * * * * * * * * * //

dimensions      [0 0 0 0 0 0 0];

internalField   nonuniform List<scalar> 
4000
(
2.61848e-06
2.98004e-06
3.91304e-06
5.32039e-06
7.2439e-06
9.81406e-06
1.32285e-05
1.77841e-05
2.39125e-05
3.21824e-05
4.3288e-05
5.80825e-05
7.76479e-05
0.00010365
0.000138339
0.000179596
0.000212965
0.000239525
0.0002627
0.000283232
0.000301175
0.000316489
0.00032918
0.000339321
0.000347036
0.000352482
0.000355827
0.000357231
0.000356846
0.000354785
0.000352715
0.000358033
0.000372462
0.000394958
0.000423073
0.000443958
0.000444007
0.000417782
0.000260741
-0.000591442
-0.00421301
-0.0202614
-0.0883282
-0.287069
-0.722075
-1.50987
-2.75059
-4.58959
-7.17642
-10.3179
-13.338
-15.0853
-16.5666
-16.5679
-15.2711
-12.8166
-10.2747
-7.95703
-6.44131
-4.652
-2.536
-0.944297
-0.1836
-0.0329854
-0.00764232
-0.00154728
0.000229231
0.000348202
0.000205855
0.000118707
6.10779e-05
3.13337e-05
1.58167e-05
7.88596e-06
3.88418e-06
1.89745e-06
9.25183e-07
4.54135e-07
2.26279e-07
1.11567e-07
5.41811e-08
2.59815e-08
1.23806e-08
6.00855e-09
3.56474e-09
7.74449e-09
5.06164e-08
4.18318e-07
9.35159e-06
8.92443e-05
0.000538767
0.00239628
0.00919012
0.0343673
0.138198
0.42797
1.04828
1.95416
2.97059
4.09834
5.54394
6.88194
7.6398
8.05707
8.2734
8.31297
8.15784
7.74512
6.9658
5.55623
2.15257
-2.94898
-9.3558
-15.5008
-16.0156
-14.681
-12.8228
-10.7009
-6.99924
-3.12656
-0.82808
-0.132938
-0.0231937
-0.00442225
0.000599431
0.00100076
0.000443163
0.000198727
8.74684e-05
3.86189e-05
1.69245e-05
7.23308e-06
3.01243e-06
1.2514e-06
5.38471e-07
2.3354e-07
1.00393e-07
4.23434e-08
1.75109e-08
6.86917e-09
2.48826e-09
1.01922e-09
1.40201e-09
6.93865e-09
4.44879e-08
3.56497e-07
4.32902e-06
4.8897e-05
0.00029739
0.00131508
0.00482546
0.0166126
0.0659355
0.241051
0.649056
1.3501
2.18125
3.09669
4.12294
5.25636
6.24392
6.80168
8.62434
9.5911
9.57807
8.88606
7.40168
4.51595
0.911436
-2.42787
-5.2098
-7.58606
-9.06148
-9.93748
-10.4592
-10.6383
-10.4913
-10.0151
-9.19692
-8.05297
-6.5855
-4.79068
-3.17664
-1.99992
-1.22701
-0.748671
-0.458545
-0.28021
-0.167751
-0.0961804
-0.0516528
-0.0254748
-0.0113177
-0.00441053
-0.00140601
-0.000232143
0.000216463
0.000419533
0.000465148
0.000307319
4.46535e-10
6.07355e-10
1.48643e-09
2.84564e-09
4.99693e-09
8.2916e-09
1.30608e-08
1.96594e-08
2.84743e-08
3.98497e-08
5.39647e-08
7.07182e-08
8.96694e-08
1.10061e-07
1.30873e-07
1.50917e-07
1.69161e-07
1.85194e-07
1.98872e-07
2.10368e-07
2.21027e-07
2.34226e-07
2.55213e-07
2.89845e-07
3.43096e-07
4.18042e-07
5.15484e-07
6.34093e-07
7.70952e-07
9.22811e-07
1.04218e-06
9.39652e-07
6.70878e-07
3.96492e-07
2.01845e-07
9.17976e-08
3.93773e-08
1.38329e-08
-1.17343e-08
-3.62271e-08
-1.79664e-07
-8.30918e-07
-3.14309e-06
-9.15562e-06
-2.16291e-05
-4.36381e-05
-7.82668e-05
-0.000130107
-0.000202728
-0.000289361
-0.000367335
-0.000426891
-0.000488285
-0.000519494
-0.000517714
-0.000485615
-0.000475153
-0.000538637
-0.00438669
-1.94237
-3.43492
-2.81059
-1.4687
-0.51903
-0.0970217
-0.00898577
-0.00042476
0.00132606
0.0009999
0.000592242
0.000289624
0.000135235
6.25604e-05
2.88968e-05
1.3287e-05
6.10175e-06
2.80453e-06
1.28819e-06
5.89395e-07
2.69377e-07
1.23971e-07
5.74745e-08
2.5883e-08
1.2018e-08
1.59847e-08
7.13335e-08
3.90343e-07
2.58047e-06
2.89809e-05
0.000195627
0.000995277
0.0040183
0.0148918
0.0551658
0.147396
0.27113
0.384668
0.521903
0.599596
0.570847
0.447635
0.278441
0.13013
0.0421292
0.0106923
0.00190723
0.000165578
5.49985e-05
0.00012725
0.000104849
-5.55797e-05
-0.000180001
-0.000408448
-0.00062949
-0.000760261
-0.000919052
-0.00150112
-1.59943
-6.49902
-6.33573
-3.9663
-1.54564
-0.343085
-0.0204772
0.00290994
0.00375646
0.0022315
0.000985162
0.000396131
0.000153774
6.24915e-05
2.60186e-05
1.08575e-05
4.48281e-06
1.86335e-06
7.89714e-07
3.29935e-07
1.28496e-07
4.62875e-08
1.60788e-08
6.07745e-09
7.49039e-09
2.11324e-08
9.92411e-08
4.69852e-07
2.71887e-06
1.91807e-05
0.00013983
0.000668495
0.00269116
0.0095917
0.038648
0.121832
0.259232
0.399659
0.513858
0.598891
0.577708
0.458853
0.290097
0.13982
0.0472495
0.013049
0.00289346
0.000570805
0.000244098
0.000201005
2.84024e-05
-0.000212183
-0.000579696
-0.00139877
-0.00237314
-0.0033253
-0.00411694
-0.00463093
-0.00480762
-0.00465732
-0.00424226
-0.00365209
-0.00298171
-0.00231406
-0.00171407
-0.00122296
-0.000848642
-0.000576698
-0.000384998
-0.000252426
-0.000162118
-0.000101639
-6.33304e-05
-8.99949e-05
-0.000114642
-0.000110452
-8.46103e-05
-4.93026e-05
-7.8783e-06
9.40926e-05
0.000267139
0.000434498
0.000426352
1.1824e-13
1.23603e-13
2.90397e-13
6.39132e-13
1.39315e-12
2.62126e-12
4.53494e-12
7.29849e-12
1.10492e-11
1.58461e-11
2.16218e-11
2.81741e-11
3.51988e-11
4.23428e-11
4.92591e-11
5.56499e-11
6.1294e-11
6.60487e-11
6.98337e-11
7.27951e-11
7.57649e-11
8.04259e-11
8.88655e-11
1.02863e-10
1.23416e-10
1.50593e-10
1.83598e-10
2.2097e-10
2.60857e-10
3.01169e-10
3.24841e-10
2.76331e-10
1.83112e-10
9.76375e-11
4.2225e-11
1.38357e-11
2.84736e-12
3.27844e-13
-2.57459e-13
-1.61664e-12
-6.88465e-12
-2.76581e-11
-9.40284e-11
-2.57851e-10
-5.92062e-10
-1.17957e-09
2.47334e-10
3.72529e-09
3.6033e-08
9.0322e-08
2.97343e-07
7.15635e-07
1.83637e-06
4.37136e-06
1.03095e-05
2.17506e-05
5.04145e-05
6.30592e-05
-0.00516488
-0.0468715
-1.7026
-2.74907
-2.35895
-1.43064
-0.594307
-0.152968
-0.00798757
0.00385313
0.00350808
0.00196466
0.00101406
0.000459993
0.000199557
8.8214e-05
4.00197e-05
1.8336e-05
8.36204e-06
3.80936e-06
1.72407e-06
7.84395e-07
3.50504e-07
1.50391e-07
6.66901e-08
4.4547e-08
1.14628e-07
5.05769e-07
2.48484e-06
1.40695e-05
0.000107476
0.000598471
0.00266137
0.0100262
0.037239
0.112376
0.246267
0.432908
0.625662
0.717403
0.72017
0.671812
0.497685
0.265413
0.0834029
0.00701793
-0.00136627
-0.00114065
-0.00064385
-0.000203285
-5.73993e-05
-1.68022e-05
-7.00917e-08
1.00336e-06
3.07386e-06
8.16082e-06
2.28022e-05
5.79041e-05
0.000112129
-0.00355015
-2.91498
-5.74501
-5.47925
-3.57287
-1.51579
-0.368906
-0.0176351
0.00584143
0.00537056
0.00293523
0.00139272
0.000574845
0.0002176
7.77724e-05
2.68319e-05
9.12929e-06
3.13097e-06
9.53535e-07
2.26658e-07
-1.02752e-08
-5.90862e-08
-6.15145e-08
-5.47934e-08
-1.1913e-08
1.63319e-07
8.21433e-07
3.49446e-06
1.70568e-05
9.25846e-05
0.000520379
0.00216198
0.00799599
0.0304958
0.100241
0.231568
0.412454
0.601419
0.705566
0.713571
0.660014
0.480852
0.252654
0.0778556
0.00566948
-0.00154123
-0.00107167
-0.000599207
-0.000184875
-3.87859e-05
2.29354e-06
2.7566e-06
7.59812e-07
-1.06681e-07
-5.32356e-07
-8.24223e-07
-1.05001e-06
-1.1823e-06
-1.2089e-06
-1.14322e-06
-1.01353e-06
-8.51204e-07
-6.82919e-07
-5.27084e-07
-3.93706e-07
-2.85977e-07
-2.026e-07
-1.40131e-07
-9.45915e-08
-6.22552e-08
-3.9914e-08
-2.47599e-08
-1.53993e-08
-1.96648e-08
-2.17492e-08
5.30397e-08
4.89704e-07
2.71475e-06
6.92207e-06
1.96338e-05
0.000203929
0.000445723
0.000494057
1.9777e-17
1.07e-17
2.87855e-17
7.69672e-17
1.89861e-16
4.15013e-16
8.55604e-16
1.53381e-15
2.48329e-15
3.71016e-15
5.02681e-15
6.5742e-15
8.22518e-15
9.87459e-15
1.14367e-14
1.28426e-14
1.40404e-14
1.49958e-14
1.569e-14
1.4659e-14
6.97721e-16
-5.16682e-14
-1.89369e-13
-4.79218e-13
-1.0017e-12
-1.84488e-12
-3.105e-12
-4.90335e-12
-7.41166e-12
-1.07378e-11
-1.39007e-11
-1.49062e-11
-1.38585e-11
-1.17366e-11
-9.28292e-12
-7.04891e-12
-3.95925e-12
-1.28792e-12
-6.17227e-14
7.96646e-15
3.49818e-14
3.38521e-14
2.22072e-13
1.91043e-13
7.75792e-13
6.53296e-13
1.55762e-12
-2.1532e-14
2.19956e-12
2.23875e-12
9.13527e-12
1.79195e-11
1.24001e-10
3.84933e-09
4.50564e-08
5.72614e-07
1.372e-05
6.02144e-05
7.79407e-05
-0.0147714
-0.1494
-1.53056
-2.08959
-1.82806
-1.15689
-0.531373
-0.15302
-0.011839
0.00374569
0.00395074
0.00234791
0.00128165
0.000592226
0.00024972
9.90911e-05
3.83058e-05
1.4848e-05
5.80563e-06
2.20682e-06
7.18389e-07
1.4894e-07
-3.45178e-08
-3.44698e-08
8.97807e-08
6.2116e-07
2.68068e-06
1.22095e-05
6.2268e-05
0.000366672
0.00173229
0.00682314
0.0251017
0.0809062
0.193047
0.360152
0.546844
0.683782
0.722676
0.68627
0.528999
0.294627
0.0985412
0.0103455
-0.00116199
-0.00127461
-0.000590204
-0.000126276
-2.16037e-05
-4.94161e-06
-1.17289e-06
-3.55813e-07
-1.42266e-07
-5.25841e-08
7.24636e-09
1.38769e-06
3.23399e-05
0.000163612
-0.00776186
-0.151053
-3.05988
-4.74576
-4.31258
-2.70808
-1.15082
-0.272793
-0.00940637
0.00605519
0.00496645
0.00255825
0.00126996
0.000541402
0.000210298
7.19805e-05
2.08311e-05
3.77165e-06
-7.45077e-07
-1.38573e-06
-9.99152e-07
-6.01939e-07
-2.99653e-07
-6.17431e-08
3.49656e-07
1.42817e-06
5.22582e-06
2.01889e-05
8.50667e-05
0.000397513
0.00180632
0.00669901
0.0246345
0.0815773
0.198774
0.370765
0.556242
0.684699
0.719057
0.66762
0.490452
0.255601
0.074275
0.00382366
-0.0016645
-0.0011812
-0.000441861
-5.54751e-05
-8.83831e-06
-1.67382e-06
-6.61775e-07
-2.39162e-07
-4.44821e-08
2.14901e-09
3.55351e-10
-9.53263e-11
-1.92197e-10
-2.17611e-10
-2.19454e-10
-2.05131e-10
-1.80583e-10
-1.51434e-10
-1.22003e-10
-9.49994e-11
-7.17577e-11
-5.2669e-11
-3.75755e-11
-2.6046e-11
-1.75346e-11
-1.14661e-11
-7.46726e-12
8.08165e-11
2.32314e-10
8.1854e-10
1.00101e-08
7.81638e-08
3.33713e-07
5.83819e-07
9.04313e-07
9.76079e-06
0.000201921
0.000477964
0.000601629
-1.98582e-17
-1.07213e-17
-2.11239e-17
-4.41128e-17
-8.60459e-17
-1.52699e-16
-2.47142e-16
-3.62043e-16
-4.8954e-16
-3.89802e-16
-1.69083e-16
-1.15834e-16
-9.28763e-17
-7.79023e-17
-6.73177e-17
-5.89782e-17
-5.19154e-17
-4.58202e-17
-4.05916e-17
-4.54054e-17
-4.78035e-17
-3.66926e-16
-1.36726e-15
-3.78581e-15
-8.47183e-15
-1.62746e-14
-2.78231e-14
-4.37494e-14
-6.53835e-14
-9.18259e-14
-1.10719e-13
-9.68753e-14
-6.28533e-14
-3.22978e-14
-1.38656e-14
-5.067e-15
-1.52621e-15
-2.94005e-16
-2.63926e-17
-3.46763e-17
-2.86654e-17
-3.96183e-17
-4.99551e-17
-8.0446e-16
-8.22134e-16
-6.00743e-15
-6.1021e-15
-2.42397e-14
-2.58001e-14
-5.74893e-14
-5.80947e-14
-8.36185e-14
2.00353e-11
1.15879e-09
2.38649e-08
3.83734e-07
2.49703e-06
1.87204e-05
4.6845e-05
-0.000143274
-0.0183354
-0.203705
-1.0265
-1.41238
-1.26119
-0.826502
-0.399033
-0.120638
-0.0114567
0.00344054
0.00334499
0.00207609
0.00116842
0.000560721
0.000239627
9.2843e-05
3.14335e-05
8.27614e-06
3.27354e-07
-1.68382e-06
-1.62671e-06
-1.06489e-06
-3.94929e-07
5.63864e-07
3.31246e-06
1.26216e-05
5.25623e-05
0.000238695
0.00115111
0.00470522
0.0171586
0.0574342
0.14764
0.296252
0.483544
0.650168
0.722374
0.707437
0.593903
0.373959
0.158361
0.0326919
0.000838125
-0.00144778
-0.000807593
-0.000255934
-3.92387e-05
-6.68467e-06
-1.18343e-06
-2.1045e-07
-3.67792e-08
-3.96619e-09
3.85694e-09
1.62639e-08
4.7803e-07
9.45614e-06
9.41429e-05
0.00038097
-0.0188217
-0.432026
-2.48457
-3.48143
-3.01365
-1.83638
-0.76397
-0.170529
-0.00247248
0.00475673
0.00307903
0.00157834
0.00069445
0.000258116
7.29056e-05
8.11518e-06
-1.22955e-05
-1.25752e-05
-8.97689e-06
-5.58969e-06
-3.10971e-06
-1.37606e-06
-1.37614e-07
2.29711e-06
8.52298e-06
2.77711e-05
9.85757e-05
0.000368891
0.00151559
0.00581074
0.0204335
0.0668213
0.169052
0.330545
0.519421
0.668487
0.721812
0.686445
0.535362
0.305999
0.109962
0.0157422
-0.000791435
-0.00129493
-0.000597687
-0.000131173
-1.43131e-05
-1.42991e-06
-1.3591e-07
-1.47879e-08
-1.39064e-09
-1.71965e-10
-5.09767e-11
-7.83815e-12
2.59733e-13
1.08251e-14
-3.20667e-14
-3.29847e-14
-3.03861e-14
-2.67436e-14
-2.25935e-14
-1.83982e-14
-1.44845e-14
-1.10395e-14
-8.14988e-15
-5.82709e-15
-4.01992e-15
-2.61586e-15
-2.64468e-15
1.04129e-13
1.66526e-12
5.079e-11
7.73893e-10
4.06509e-09
1.36639e-08
2.76883e-08
2.56162e-08
1.37994e-07
1.09949e-05
0.00020289
0.00051367
0.0006788
5.13044e-18
4.46211e-18
7.92563e-18
1.43674e-17
2.40555e-17
3.64372e-17
5.00378e-17
6.30729e-17
7.13298e-17
4.84703e-17
3.02213e-17
2.26118e-17
1.76588e-17
1.41033e-17
1.16296e-17
9.70698e-18
8.16375e-18
6.94091e-18
6.06501e-18
5.32091e-18
2.95886e-18
5.33869e-17
1.52018e-16
9.20548e-17
-1.24325e-18
-4.90022e-17
-9.56448e-17
-1.52355e-16
-2.08139e-16
-2.71897e-16
-2.89697e-16
-1.89642e-16
-6.74933e-17
-5.35838e-18
4.49352e-17
1.2972e-16
3.00036e-16
1.80564e-16
6.01246e-17
1.54423e-17
3.642e-18
-2.58175e-19
4.34004e-18
1.51729e-17
2.12653e-16
4.13238e-16
1.51391e-15
2.8922e-15
8.29153e-15
1.49983e-14
2.98205e-14
4.70897e-14
2.47035e-13
3.56073e-11
1.24084e-09
2.23376e-08
3.29206e-07
1.98919e-06
1.27685e-06
-3.79707e-05
-0.000590553
-0.0103793
-0.146636
-0.637587
-0.887785
-0.80822
-0.549461
-0.275641
-0.0876329
-0.0107373
0.00249874
0.0021109
0.00135279
0.000722133
0.000318043
0.000107142
1.83491e-05
-9.79823e-06
-1.64348e-05
-1.34055e-05
-9.14615e-06
-5.51715e-06
-2.71912e-06
1.48252e-06
1.51422e-05
5.22035e-05
0.000199668
0.000816348
0.00332973
0.0121273
0.0405479
0.111262
0.238192
0.416461
0.600503
0.710631
0.718343
0.643522
0.44359
0.214999
0.056051
0.00231534
-0.00177596
-0.00105276
-0.000410206
-7.05012e-05
-1.08233e-05
-1.85934e-06
-3.3287e-07
-5.52782e-08
-7.49592e-09
-7.49496e-10
-5.58089e-11
1.92949e-09
5.28632e-08
8.40427e-07
1.32633e-05
0.000108582
0.000401855
-0.0201765
-0.500112
-1.81152
-2.34812
-1.97623
-1.19374
-0.493683
-0.110269
-0.00121461
0.00194388
0.000785534
0.000106418
-0.000161077
-0.000185754
-0.000145228
-9.80641e-05
-6.20457e-05
-3.71945e-05
-2.07081e-05
-1.10616e-05
-5.46219e-06
-3.94676e-07
1.31231e-05
4.30718e-05
0.000128356
0.000415181
0.00141895
0.00515483
0.0176025
0.0557277
0.143365
0.29192
0.480492
0.647028
0.720756
0.700074
0.574877
0.350496
0.139593
0.0246564
-0.000365781
-0.00153883
-0.000757537
-0.000198522
-2.23308e-05
-2.48835e-06
-2.68063e-07
-2.4804e-08
-1.71129e-09
-8.08927e-11
1.13576e-12
1.50132e-12
1.2225e-13
-1.84341e-14
-7.98887e-16
9.51955e-17
3.73798e-17
4.27157e-17
4.78125e-17
5.13099e-17
5.24226e-17
5.05418e-17
4.54675e-17
4.30091e-17
3.95364e-17
2.38037e-17
5.70655e-17
1.23328e-16
3.10351e-14
7.60161e-14
8.2589e-12
5.57938e-11
1.24918e-10
7.17905e-10
-2.45254e-09
-3.28432e-08
2.56425e-08
1.04235e-05
0.000191911
0.000508252
0.000653329
-7.57335e-19
-1.21142e-18
-2.13358e-18
-3.52032e-18
-5.2232e-18
-6.92653e-18
-8.28512e-18
-9.10473e-18
-8.95731e-18
-6.16562e-18
-4.10209e-18
-2.97515e-18
-2.1893e-18
-1.64599e-18
-1.28413e-18
-1.01572e-18
-8.16695e-19
-6.7152e-19
-5.79042e-19
-4.52334e-19
-1.79678e-19
-5.29359e-18
-1.05827e-17
-3.94026e-18
4.27137e-18
1.28801e-17
2.53793e-17
4.64562e-17
7.46653e-17
1.14691e-16
1.59384e-16
1.68205e-16
1.25126e-16
6.46266e-17
1.78495e-17
-1.42347e-17
-6.05526e-17
-5.90951e-17
-3.02724e-17
-8.74363e-18
6.69074e-19
4.1261e-18
6.05979e-18
5.87709e-18
2.92722e-18
-4.20535e-17
-1.22374e-16
-5.16488e-16
-2.99426e-16
-1.51883e-15
-2.51688e-15
-7.27767e-15
-8.21502e-15
2.03999e-13
2.94867e-11
8.90837e-10
1.2691e-08
1.091e-07
6.3721e-07
2.01747e-06
-9.58175e-06
-0.00029755
-0.00584057
-0.0978846
-0.381703
-0.541652
-0.503027
-0.362209
-0.193447
-0.0702283
-0.014022
0.000319943
0.000564791
0.000190145
-5.2689e-05
-0.000152131
-0.00015614
-0.000125761
-8.8575e-05
-5.74525e-05
-3.52623e-05
-2.13111e-05
-9.12067e-06
1.5626e-05
7.00904e-05
0.000200249
0.00068573
0.00249921
0.00886667
0.0292898
0.0830007
0.188621
0.351013
0.541456
0.686864
0.724345
0.679765
0.512477
0.278879
0.0909786
0.00899304
-0.00136435
-0.00119963
-0.000538524
-0.000115204
-1.64673e-05
-2.65465e-06
-4.6286e-07
-7.94008e-08
-1.21726e-08
-1.5073e-09
-1.31111e-10
-3.20501e-12
9.8994e-11
3.81458e-09
7.68406e-08
9.53908e-07
1.47084e-05
0.000115462
0.000411421
-0.0124301
-0.433078
-1.215
-1.52906
-1.28792
-0.79598
-0.35008
-0.0913426
-0.00898902
-0.00197261
-0.00190512
-0.00162587
-0.00115216
-0.000716743
-0.000423751
-0.000244733
-0.000135842
-7.89851e-05
-4.95752e-05
-2.53501e-05
1.12753e-05
7.48694e-05
0.000193451
0.000525142
0.00154488
0.00484503
0.0157505
0.0479501
0.122501
0.256588
0.440527
0.620287
0.716189
0.709723
0.608934
0.394137
0.173544
0.0379454
0.000523776
-0.001746
-0.000888109
-0.000261896
-3.12804e-05
-3.78867e-06
-4.41589e-07
-4.59411e-08
-3.88881e-09
-2.48454e-10
-1.22354e-11
-1.09689e-12
-1.2755e-13
2.32211e-15
1.25229e-15
2.70403e-17
-1.15795e-17
-7.62209e-18
-6.70667e-18
-6.01486e-18
-5.09949e-18
-3.996e-18
-2.85152e-18
-1.80424e-18
-1.13025e-18
-1.32313e-18
-1.26062e-18
3.13041e-17
1.46904e-16
-5.81951e-16
-2.70577e-14
-9.01674e-14
6.03428e-12
4.16149e-11
-3.5264e-10
-1.90619e-08
-9.23931e-08
-1.13551e-07
1.56397e-05
0.00018327
0.000442055
0.000439841
7.7676e-20
2.46841e-19
4.59999e-19
7.1079e-19
9.51792e-19
1.12209e-18
1.18623e-18
1.14962e-18
1.0087e-18
6.97819e-19
4.54656e-19
3.12824e-19
2.16284e-19
1.53367e-19
1.13391e-19
8.53463e-20
6.60395e-20
5.28922e-20
4.50068e-20
3.33008e-20
1.87609e-20
3.9133e-19
6.03798e-19
6.72196e-20
-6.5139e-19
-1.60201e-18
-3.31149e-18
-6.64653e-18
-1.20203e-17
-2.04274e-17
-3.15768e-17
-3.96795e-17
-3.67676e-17
-2.42527e-17
-1.05434e-17
-6.31328e-19
1.07233e-17
1.51721e-17
1.0505e-17
3.79929e-18
-1.78522e-19
-1.56647e-18
-2.3083e-18
-3.61408e-18
-5.98197e-18
-4.55545e-18
7.3314e-18
4.44548e-17
2.9633e-17
7.40316e-17
4.34473e-16
4.63032e-16
9.59083e-16
4.6063e-14
2.2082e-12
3.61309e-11
4.81117e-10
1.15751e-08
9.64064e-08
4.59675e-07
-1.40934e-06
-1.63649e-05
-0.000124135
-0.00227371
-0.0581398
-0.224002
-0.334329
-0.32872
-0.253494
-0.151721
-0.0705001
-0.0236396
-0.00606469
-0.0024103
-0.00161692
-0.00119008
-0.000849207
-0.000576238
-0.000373318
-0.000226488
-0.0001181
-4.29074e-05
2.76442e-05
0.000120003
0.000285836
0.000718587
0.00213724
0.006916
0.0219892
0.0628735
0.14824
0.292062
0.479427
0.650946
0.725989
0.703775
0.575361
0.346824
0.134937
0.0220461
-0.00046774
-0.00138997
-0.00066847
-0.000178416
-2.46689e-05
-3.905e-06
-6.86476e-07
-1.21902e-07
-1.98817e-08
-2.74387e-09
-2.93767e-10
-2.14412e-11
-5.76453e-13
2.64984e-12
1.44932e-10
7.11285e-09
6.54897e-08
2.7055e-07
6.76974e-06
0.000175295
0.000772808
-0.00341813
-0.305386
-0.78623
-0.994992
-0.866319
-0.575006
-0.290163
-0.104853
-0.0292871
-0.00999221
-0.00625958
-0.00424412
-0.00269675
-0.00158993
-0.000895005
-0.000478079
-0.000196451
-4.74565e-05
7.02582e-05
0.00017962
0.000366808
0.000801161
0.00194959
0.00520837
0.0151304
0.0430347
0.106955
0.22663
0.402363
0.590426
0.708402
0.718136
0.639454
0.436077
0.208513
0.0536678
0.00153624
-0.00194645
-0.00103147
-0.000350272
-4.65461e-05
-5.68986e-06
-6.70763e-07
-7.20296e-08
-6.63956e-09
-4.87873e-10
-2.66925e-11
-1.00255e-12
-2.44109e-14
-4.27606e-16
-2.54549e-16
-6.5256e-17
-6.02885e-19
1.12018e-18
7.3654e-19
5.43885e-19
3.9446e-19
2.65873e-19
1.61609e-19
8.57487e-20
-1.63909e-20
-3.00462e-19
6.7743e-19
3.07433e-17
5.67381e-17
-1.72656e-15
-1.12899e-14
-2.70517e-15
3.68734e-12
1.91217e-11
3.07274e-12
-1.41347e-08
-9.01057e-08
-1.95215e-07
-1.74404e-07
3.02153e-05
0.000179067
0.000323875
0.000117271
-5.9877e-21
-3.93143e-20
-8.18211e-20
-1.2173e-19
-1.49703e-19
-1.59083e-19
-1.50477e-19
-1.30115e-19
-1.03125e-19
-6.95792e-20
-4.34997e-20
-2.82694e-20
-1.84204e-20
-1.23726e-20
-8.70494e-21
-6.27614e-21
-4.70854e-21
-3.70058e-21
-3.11864e-21
-2.29073e-21
-1.95746e-21
-2.36352e-20
-3.01846e-20
1.01279e-20
6.31289e-20
1.44099e-19
3.16077e-19
6.9107e-19
1.40321e-18
2.62141e-18
4.39709e-18
6.28356e-18
6.8323e-18
5.35336e-18
2.87448e-18
7.21222e-19
-1.70908e-18
-3.31182e-18
-2.82149e-18
-1.2302e-18
-4.96462e-20
3.88163e-19
5.94018e-19
1.0259e-18
2.3719e-18
2.93143e-18
2.18789e-18
-2.00978e-18
8.63832e-19
-1.43775e-18
-1.26879e-17
-6.1796e-18
2.89114e-16
8.69431e-15
1.93709e-13
3.53298e-12
6.39025e-11
1.04163e-09
1.00562e-08
8.35543e-08
3.81661e-07
-5.33729e-06
-4.41804e-05
-8.88639e-05
-0.000518987
-0.031169
-0.131048
-0.211944
-0.227804
-0.192716
-0.135118
-0.0803454
-0.0408259
-0.018994
-0.00897185
-0.00505497
-0.00325695
-0.00216304
-0.00141219
-0.000877949
-0.000454006
-7.10599e-05
0.000258813
0.00056715
0.00107088
0.00239891
0.00633045
0.0181983
0.0497663
0.118819
0.242778
0.420545
0.606989
0.718204
0.719427
0.627451
0.413775
0.186725
0.0418628
0.000872007
-0.00164491
-0.000848234
-0.00026808
-3.74009e-05
-5.78439e-06
-9.96941e-07
-1.76121e-07
-2.93302e-08
-4.31184e-09
-5.26635e-10
-4.94773e-11
-3.16628e-12
-1.51716e-13
-1.08934e-13
4.81623e-12
1.1798e-09
3.59738e-08
6.81511e-08
-1.21826e-06
-4.51679e-06
0.000180417
0.00114254
-0.00109469
-0.194781
-0.495571
-0.656003
-0.605572
-0.450888
-0.273718
-0.140398
-0.0631668
-0.0282137
-0.0146624
-0.00881612
-0.00542311
-0.00324009
-0.0018227
-0.000763009
8.12433e-05
0.000618837
0.000990088
0.0016241
0.00307442
0.00666179
0.016509
0.0418967
0.0980103
0.20475
0.369819
0.560776
0.697913
0.724938
0.663567
0.475328
0.24381
0.0716773
0.00417528
-0.00186074
-0.00110548
-0.000429117
-6.45385e-05
-7.38054e-06
-8.54171e-07
-9.29961e-08
-9.01084e-09
-7.38219e-10
-4.79233e-11
-2.31996e-12
-7.79524e-14
-1.61132e-15
-1.13636e-17
2.17657e-17
3.38075e-18
-3.68499e-20
-8.19394e-20
-4.84648e-20
-2.97834e-20
-1.75761e-20
-8.2402e-21
-3.50566e-22
-7.32946e-20
-5.73855e-19
1.92244e-18
3.36811e-17
3.99984e-17
-8.05984e-16
-3.51481e-15
3.37088e-14
2.57633e-12
1.89433e-11
3.54935e-11
-3.64932e-09
-5.6445e-08
-1.60193e-07
-2.29218e-07
2.34817e-06
4.59677e-05
0.000150342
0.000183722
7.51666e-07
3.59295e-22
4.97366e-21
1.20948e-20
1.78551e-20
2.05706e-20
1.9999e-20
1.71389e-20
1.33756e-20
9.65374e-21
6.22294e-21
3.71584e-21
2.28185e-21
1.40784e-21
9.00271e-22
6.05966e-22
4.2161e-22
3.09005e-22
2.40073e-22
2.01569e-22
1.52233e-22
1.69657e-22
1.22099e-21
1.34813e-21
-1.36166e-21
-4.74509e-21
-1.04166e-20
-2.44665e-20
-5.83846e-20
-1.3401e-19
-2.75811e-19
-4.97602e-19
-7.93782e-19
-9.86503e-19
-8.89603e-19
-5.58245e-19
-1.99106e-19
2.47848e-19
6.34151e-19
6.29438e-19
3.17643e-19
4.11501e-20
-6.82112e-20
-1.16038e-19
-2.20871e-19
-6.20846e-19
-9.2165e-19
-8.76713e-19
-5.71302e-19
-8.25756e-19
-1.56181e-18
-3.16961e-18
-6.71409e-18
-5.33581e-17
1.20679e-16
1.01461e-14
2.29443e-13
3.71952e-12
6.40023e-11
1.46452e-09
1.31791e-08
5.32599e-08
1.31092e-07
-1.17876e-05
-7.49418e-05
-0.000137681
1.80861e-05
-0.014188
-0.072233
-0.13187
-0.159923
-0.150722
-0.124684
-0.0917827
-0.0616637
-0.0386717
-0.0232644
-0.0137883
-0.00826739
-0.00513578
-0.00323101
-0.0019491
-0.000819654
0.000291637
0.00150873
0.0033542
0.00742357
0.0179029
0.0437487
0.10086
0.207588
0.370974
0.561609
0.7023
0.729592
0.667655
0.476844
0.2421
0.0689152
0.00360394
-0.0017609
-0.0010057
-0.000381483
-6.16995e-05
-8.76373e-06
-1.3685e-06
-2.26861e-07
-3.74558e-08
-5.77242e-09
-7.8131e-10
-8.71935e-11
-7.41534e-12
-4.26296e-13
-1.06058e-14
5.35657e-14
3.16451e-12
1.07127e-10
2.70696e-09
3.29516e-08
1.05042e-07
-3.24926e-06
-1.93425e-05
0.000110997
0.00126696
-0.00100568
-0.110556
-0.303077
-0.435376
-0.43846
-0.37446
-0.273043
-0.178735
-0.108496
-0.0621423
-0.0346247
-0.0193288
-0.0111788
-0.00659975
-0.00365958
-0.00107488
0.00129445
0.00331656
0.00580111
0.0105213
0.02129
0.0462497
0.0979994
0.194427
0.347889
0.536708
0.687287
0.731315
0.682454
0.512434
0.278256
0.0912411
0.00835034
-0.00167931
-0.00118599
-0.000484868
-8.3704e-05
-9.23141e-06
-9.98381e-07
-1.08354e-07
-1.09188e-08
-9.57081e-10
-6.9994e-11
-4.03572e-12
-1.73644e-13
-5.16499e-15
-7.98647e-17
5.23414e-18
-1.12071e-18
-1.42849e-19
4.83335e-21
4.45459e-21
2.35733e-21
1.19852e-21
1.06288e-21
2.17356e-21
-2.39004e-20
-1.77203e-19
6.40801e-19
9.42659e-18
5.78207e-18
-2.58895e-16
-1.04524e-15
4.4963e-15
4.17208e-13
1.19142e-11
4.44754e-11
-4.12468e-11
-1.59036e-08
-9.47004e-08
-1.76255e-07
-1.25735e-07
7.30236e-06
4.51353e-05
9.02463e-05
6.05058e-05
-2.07124e-07
-1.69315e-23
-5.0804e-22
-1.49616e-21
-2.25764e-21
-2.48872e-21
-2.24888e-21
-1.76854e-21
-1.25988e-21
-8.3406e-22
-5.08268e-22
-2.89555e-22
-1.68422e-22
-9.88895e-23
-6.05257e-23
-3.9208e-23
-2.65259e-23
-1.91346e-23
-1.48034e-23
-1.24709e-23
-9.89545e-24
-1.26277e-23
-5.51508e-23
-5.43075e-23
1.0702e-22
2.93515e-22
6.23318e-22
1.58564e-21
4.16619e-21
1.09711e-20
2.50764e-20
4.84998e-20
8.56651e-20
1.20022e-19
1.22541e-19
8.81047e-20
3.93334e-20
-3.23339e-20
-1.07497e-19
-1.20031e-19
-6.7941e-20
-1.39514e-20
9.17783e-21
1.88569e-20
4.00041e-20
1.31279e-19
2.22096e-19
2.46275e-19
2.25818e-19
2.8311e-19
5.29915e-19
1.25111e-18
2.32364e-18
7.05517e-18
1.48084e-17
-2.46279e-16
2.83309e-15
9.87266e-14
1.76717e-12
6.80513e-11
1.47237e-09
1.19977e-08
5.96722e-08
-1.32708e-08
-1.58069e-05
-0.000113901
-0.00022875
-1.75479e-05
-0.00394699
-0.0334119
-0.0740885
-0.106272
-0.115885
-0.108868
-0.0939064
-0.075408
-0.0572659
-0.0416862
-0.0292721
-0.0198891
-0.0131146
-0.00833789
-0.00478551
-0.00144567
0.00267349
0.00880143
0.0202937
0.0449436
0.0954052
0.189311
0.337969
0.52441
0.682726
0.737536
0.695719
0.535491
0.299261
0.102162
0.0108585
-0.00136806
-0.00112497
-0.000467509
-9.11512e-05
-1.19572e-05
-1.70284e-06
-2.65462e-07
-4.33963e-08
-6.95586e-09
-1.02217e-09
-1.29582e-10
-1.33322e-11
-1.03438e-12
-5.42921e-14
-1.84997e-15
2.18172e-15
1.44772e-13
5.51785e-12
1.83366e-10
6.49807e-09
4.80991e-08
8.29236e-08
-7.38701e-06
-5.27414e-05
2.67953e-05
0.0011343
-0.000204309
-0.0544173
-0.175114
-0.284722
-0.323982
-0.303618
-0.25915
-0.203004
-0.14835
-0.103166
-0.0684984
-0.043526
-0.0267479
-0.0157771
-0.00852264
-0.00212735
0.00461454
0.0135311
0.0282018
0.0557489
0.108179
0.198977
0.341804
0.524299
0.680679
0.736767
0.6972
0.543343
0.310207
0.111269
0.0136885
-0.00138898
-0.0012464
-0.000523632
-0.000100077
-1.08424e-05
-1.12187e-06
-1.14421e-07
-1.18384e-08
-1.14307e-09
-9.27788e-11
-6.1208e-12
-3.13988e-13
-1.20382e-14
-2.89651e-16
6.27956e-18
5.2927e-20
4.35821e-20
5.04957e-21
-2.51997e-22
-1.83185e-22
-9.47692e-23
1.45264e-23
5.73072e-22
-1.63984e-21
-3.62741e-20
-1.53801e-20
1.48201e-18
4.02982e-18
-4.13746e-17
-2.37959e-16
1.5465e-16
3.86931e-14
1.82397e-12
1.58667e-11
4.53202e-11
-3.9566e-10
-2.61168e-08
-9.02504e-08
-1.02302e-07
4.15033e-07
8.05145e-06
2.56135e-05
2.97e-05
2.57108e-06
-6.79836e-08
6.06394e-25
4.27392e-23
1.56658e-22
2.481e-22
2.6711e-22
2.27898e-22
1.66545e-22
1.09487e-22
6.69777e-23
3.84348e-23
2.08891e-23
1.15463e-23
6.48437e-24
3.81916e-24
2.39588e-24
1.58794e-24
1.13552e-24
8.8096e-25
7.5004e-25
6.31203e-25
8.46174e-25
2.2059e-24
2.02074e-24
-6.39547e-24
-1.50383e-23
-3.03083e-23
-8.52871e-23
-2.52102e-22
-7.83759e-22
-2.02169e-21
-4.18983e-21
-8.17562e-21
-1.28347e-20
-1.47532e-20
-1.2155e-20
-6.69242e-21
3.45754e-21
1.60478e-20
1.98592e-20
1.23532e-20
3.33496e-21
-8.05072e-22
-2.57544e-21
-6.55954e-21
-2.41113e-20
-4.67748e-20
-6.03932e-20
-6.5423e-20
-8.11036e-20
-1.2325e-19
-1.80108e-19
-1.83823e-19
2.15301e-19
-4.19585e-18
5.74167e-17
5.15482e-16
1.53258e-14
4.10922e-13
8.02246e-12
2.019e-10
2.256e-09
1.08512e-08
4.82548e-08
-2.47657e-07
-2.48072e-05
-0.0001805
-0.000323776
-5.63345e-05
0.000511754
-0.00937181
-0.0322527
-0.0571928
-0.0735696
-0.0799661
-0.0760065
-0.0697302
-0.0597706
-0.0487359
-0.0377796
-0.0275819
-0.0183142
-0.00968911
-0.000488179
0.0108025
0.0262946
0.0534499
0.104586
0.191814
0.327541
0.504142
0.668272
0.741669
0.714536
0.583465
0.353844
0.139904
0.0225592
-0.000696601
-0.00125913
-0.00054159
-0.000125676
-1.58715e-05
-2.15176e-06
-3.21006e-07
-5.11442e-08
-8.20222e-09
-1.2452e-09
-1.69371e-10
-1.96316e-11
-1.83941e-12
-1.30333e-13
-6.3174e-15
-1.4807e-16
6.27262e-17
1.08903e-14
4.19966e-13
1.28562e-11
3.47418e-10
9.90293e-09
5.79864e-08
5.92028e-08
-1.30092e-05
-0.000121515
-0.000116952
0.000794052
0.00107557
-0.0191197
-0.0845709
-0.158389
-0.212778
-0.229822
-0.21808
-0.193652
-0.161194
-0.127688
-0.0964777
-0.0693844
-0.0470284
-0.0287341
-0.0118014
0.00680776
0.0313781
0.0682137
0.127154
0.220322
0.355795
0.528734
0.68334
0.741608
0.70784
0.567309
0.337454
0.130277
0.0197449
-0.00104393
-0.00127827
-0.000541675
-0.000112453
-1.18519e-05
-1.16279e-06
-1.101e-07
-1.06345e-08
-1.07022e-09
-9.16154e-11
-5.64216e-12
-2.83692e-13
-1.17624e-14
-2.9491e-16
1.12219e-17
-1.12329e-19
-5.91805e-20
-2.46247e-21
-1.56567e-22
5.87677e-24
4.37586e-24
3.96806e-24
1.25151e-22
2.70207e-22
-7.36373e-21
-3.93818e-20
1.88222e-19
2.03687e-18
1.72513e-18
-4.56867e-17
-2.18351e-16
-5.8374e-16
5.02107e-14
2.70201e-12
1.16722e-11
1.56711e-11
-8.69898e-10
-1.82678e-08
-5.14182e-08
-1.29616e-08
6.22939e-07
3.86643e-06
6.33865e-06
1.47701e-06
-3.40018e-07
-7.55648e-09
-1.37319e-26
-3.02392e-24
-1.40869e-23
-2.39394e-23
-2.56421e-23
-2.09636e-23
-1.44068e-23
-8.82927e-24
-5.02895e-24
-2.71796e-24
-1.41006e-24
-7.43373e-25
-4.01227e-25
-2.28621e-25
-1.39759e-25
-9.1386e-26
-6.5216e-26
-5.10644e-26
-4.42253e-26
-3.95042e-26
-5.29588e-26
-7.98725e-26
-7.56468e-26
2.98903e-25
6.07297e-25
1.06908e-24
3.54456e-24
1.25188e-23
4.88583e-23
1.46589e-22
3.25771e-22
7.03357e-22
1.23823e-21
1.61275e-21
1.55343e-21
1.08749e-21
-1.76293e-22
-2.04418e-21
-2.83652e-21
-1.92555e-21
-6.36415e-22
-1.34296e-23
2.86886e-22
1.01984e-21
4.004e-21
8.71445e-21
1.24609e-20
1.37269e-20
1.31006e-20
-3.60247e-21
-6.49405e-20
-1.57147e-19
-3.74986e-19
1.54991e-18
-1.51768e-18
-6.08886e-17
-9.43529e-16
1.32336e-14
6.43729e-13
1.58807e-11
1.43938e-10
1.90484e-09
1.15323e-08
5.10891e-08
-4.41992e-07
-3.32604e-05
-0.000243256
-0.00042537
0.000110139
0.00159924
0.00417951
0.00180469
-0.00771097
-0.0188
-0.0292916
-0.0341528
-0.0351903
-0.031238
-0.0242079
-0.0151393
-0.00456878
0.0077686
0.0233114
0.0449438
0.0794798
0.13542
0.22229
0.347357
0.508109
0.667013
0.745362
0.7265
0.618934
0.400728
0.178421
0.0381786
0.00024683
-0.00140713
-0.000616318
-0.000160439
-1.94021e-05
-2.4808e-06
-3.50887e-07
-5.39434e-08
-8.57987e-09
-1.32648e-09
-1.88378e-10
-2.36342e-11
-2.52452e-12
-2.18357e-13
-1.44118e-14
-6.3693e-16
-8.07643e-18
1.90076e-17
-6.31213e-17
8.66305e-15
7.14228e-13
3.19326e-11
1.22305e-09
1.84918e-08
7.48292e-08
-4.3058e-08
-2.68248e-05
-0.000237444
-0.000330913
0.000544852
0.00272609
0.00188537
-0.0192961
-0.0607321
-0.102159
-0.131567
-0.144259
-0.139252
-0.124928
-0.10594
-0.0823637
-0.0570664
-0.0295629
0.00138043
0.0383849
0.0895
0.1611
0.260767
0.393935
0.553772
0.700483
0.743822
0.713668
0.582308
0.357072
0.146401
0.0256519
-0.000695634
-0.00127629
-0.000534903
-0.000116075
-1.23834e-05
-1.1259e-06
-9.61652e-08
-8.33578e-09
-7.55337e-10
-6.40798e-11
-4.64032e-12
-2.64902e-13
-8.1886e-15
-9.18734e-17
3.39325e-17
2.49927e-18
-2.69022e-19
-1.2432e-20
2.99557e-22
4.31188e-24
9.94832e-26
-7.6611e-25
8.59562e-24
1.08967e-22
-5.93555e-22
-1.10671e-20
4.4871e-21
6.54487e-19
2.12624e-18
-1.89545e-17
-1.36084e-16
-3.32718e-16
2.37436e-15
3.77167e-13
2.17296e-12
1.40644e-12
-2.43591e-11
-6.94604e-10
-5.25603e-09
-8.08172e-09
2.68099e-08
2.45353e-07
5.21412e-07
2.26466e-08
-2.5338e-07
-1.43035e-07
-5.43917e-10
-7.0819e-29
1.83575e-25
1.10483e-24
2.05133e-24
2.22105e-24
1.76296e-24
1.15168e-24
6.64082e-25
3.54778e-25
1.81044e-25
8.97607e-26
4.53033e-26
2.36068e-26
1.30805e-26
7.83886e-27
5.089e-27
3.64572e-27
2.89646e-27
2.56508e-27
2.42235e-27
3.17999e-27
2.82351e-27
3.42608e-27
-9.72076e-27
-1.50587e-26
-1.07926e-26
-7.86835e-26
-4.47122e-25
-2.60612e-24
-9.64599e-24
-2.29654e-23
-5.50821e-23
-1.09867e-22
-1.66118e-22
-1.94955e-22
-1.80828e-22
-4.93852e-23
1.98476e-22
3.34844e-22
2.54634e-22
1.02252e-22
2.21268e-23
-2.60494e-23
-1.41367e-22
-5.4443e-22
-1.18545e-21
-1.37172e-21
-8.3346e-23
5.19547e-21
2.46005e-20
6.41314e-20
9.86476e-20
1.40742e-19
-4.23574e-19
1.84002e-19
1.81e-17
1.14021e-16
-1.07197e-15
-6.98782e-15
7.99062e-13
1.28759e-11
1.25922e-10
1.48244e-09
8.86683e-09
3.1248e-08
-6.36466e-07
-3.64058e-05
-0.000280341
-0.000488847
0.000387631
0.0038242
0.0114283
0.0243226
0.0367934
0.04581
0.048131
0.0483011
0.0470372
0.0478471
0.0524751
0.0628819
0.0805435
0.107507
0.148122
0.207165
0.29115
0.404322
0.54258
0.683576
0.748367
0.732141
0.640003
0.43587
0.212607
0.0563306
0.00144472
-0.00153558
-0.000672076
-0.000194519
-2.26723e-05
-2.70729e-06
-3.53742e-07
-5.22222e-08
-8.27397e-09
-1.30631e-09
-1.91426e-10
-2.5283e-11
-2.98664e-12
-3.02597e-13
-2.49048e-14
-1.56656e-15
-6.52236e-17
-2.2205e-19
-7.39236e-18
4.16932e-17
-2.2257e-15
-1.6369e-13
2.57156e-13
6.47402e-11
5.22745e-09
3.59557e-08
1.17877e-07
-3.50719e-07
-5.81033e-05
-0.000366683
-0.000469222
0.000940421
0.00523628
0.013188
0.0235201
0.0231709
0.00937583
-0.00600983
-0.0217502
-0.0281542
-0.0243102
-0.0110461
0.0118193
0.0447105
0.0896915
0.149765
0.230082
0.332855
0.458296
0.599273
0.719352
0.743331
0.712089
0.585194
0.366543
0.157093
0.0306757
-0.000343716
-0.00121176
-0.000495898
-0.000110229
-1.23524e-05
-1.07645e-06
-6.80058e-08
-2.86734e-09
-1.81309e-11
1.42542e-11
2.04956e-12
6.10733e-14
-4.24287e-14
-1.32558e-15
2.66198e-17
7.54571e-18
-2.98864e-19
-1.27194e-20
1.74351e-21
2.38824e-24
-9.18268e-26
-5.38028e-26
-1.73805e-25
7.34898e-24
5.24472e-23
-8.41409e-22
-7.89106e-21
4.67802e-20
6.28348e-19
-9.35397e-19
-3.18287e-17
-7.11522e-17
4.22118e-16
4.72084e-14
3.38837e-13
5.9822e-14
-1.13729e-11
-6.8917e-11
-1.18285e-10
7.50522e-10
4.5841e-09
1.03066e-08
4.56451e-09
-5.50281e-08
-1.39984e-07
-1.11986e-07
-2.04467e-08
-4.70772e-11
2.65372e-29
-9.73516e-27
-7.67267e-26
-1.57905e-25
-1.75118e-25
-1.36485e-25
-8.55548e-26
-4.67952e-26
-2.36096e-26
-1.14179e-26
-5.41946e-27
-2.6284e-27
-1.32782e-27
-7.1892e-28
-4.24678e-28
-2.75198e-28
-1.98866e-28
-1.60951e-28
-1.46272e-28
-1.45215e-28
-1.86479e-28
-1.17407e-28
-2.09582e-28
4.22646e-29
-3.05109e-28
-2.31237e-27
-3.85404e-27
3.36664e-27
1.11918e-25
5.81056e-25
1.46707e-24
3.92906e-24
9.13351e-24
1.68757e-23
2.5439e-23
3.1633e-23
2.28105e-23
-6.16859e-24
-2.64997e-23
-2.69152e-23
-1.38114e-23
-2.81873e-24
4.07286e-24
8.67019e-24
1.29029e-23
-5.58235e-23
-4.45718e-22
-1.7749e-21
-5.97438e-21
-1.65173e-20
-3.07393e-20
-3.7097e-20
-3.25567e-20
7.64665e-20
-1.05729e-19
-4.07668e-18
3.67415e-17
3.37553e-16
-4.43332e-15
-2.44569e-14
3.79813e-13
1.23307e-11
1.81851e-10
1.44858e-09
6.23592e-09
-2.81153e-08
-2.72604e-06
-3.38524e-05
-0.00028208
-0.000562927
-0.000132311
0.0038656
0.017014
0.0407722
0.0721122
0.105802
0.135502
0.160361
0.177759
0.19382
0.213516
0.24041
0.278437
0.331981
0.403447
0.494637
0.602212
0.706586
0.744746
0.728106
0.642754
0.452507
0.236613
0.0733478
0.00448593
-0.00134281
-0.000656679
-0.000209819
-2.4421e-05
-2.73461e-06
-3.39229e-07
-5.02686e-08
-8.04832e-09
-1.23784e-09
-1.77393e-10
-2.35648e-11
-2.79349e-12
-2.82512e-13
-2.30834e-14
-1.43821e-15
-5.42957e-17
-2.4379e-18
-3.36856e-19
4.13006e-18
4.31848e-17
-2.31206e-15
-5.03674e-14
-7.36007e-15
6.18251e-12
1.78023e-10
4.90524e-09
3.88981e-08
1.39461e-07
-1.30202e-06
-9.71039e-05
-0.000471406
-0.000581226
0.00108308
0.00846267
0.0253766
0.0535972
0.0866371
0.115497
0.130038
0.139598
0.148379
0.162772
0.187147
0.224996
0.279526
0.351492
0.442055
0.54705
0.656024
0.731454
0.73638
0.699655
0.569203
0.36001
0.159398
0.0337859
2.20299e-05
-0.00106072
-0.000417582
-9.37365e-05
-1.1048e-05
-9.19513e-07
-4.28204e-08
6.62434e-10
4.17155e-10
5.85184e-11
4.46167e-12
2.98058e-13
2.09597e-14
5.38011e-16
-1.00522e-16
7.80647e-18
1.3874e-18
4.36859e-21
-3.78739e-21
-3.02406e-23
4.23069e-24
-2.87974e-27
-2.46768e-27
1.23594e-26
1.6043e-24
5.47218e-24
-2.94564e-22
-2.20632e-21
2.69106e-20
3.18807e-19
-1.09899e-18
-2.50892e-17
-2.48029e-17
1.0391e-15
1.56823e-14
2.60605e-14
-3.47252e-13
-6.94604e-12
-2.09482e-11
7.32283e-11
1.01924e-09
2.71672e-09
-1.32114e-09
-2.47325e-08
-5.4456e-08
-5.1565e-08
-1.87841e-08
-5.86569e-10
-3.64471e-12
-1.49901e-30
4.57989e-28
4.78428e-27
1.10404e-26
1.26752e-26
9.79133e-27
5.93635e-27
3.10147e-27
1.48679e-27
6.84257e-28
3.11623e-28
1.45751e-28
7.1657e-29
3.80751e-29
2.22763e-29
1.44701e-29
1.05849e-29
8.74952e-30
8.17629e-30
8.48737e-30
1.07723e-29
6.71282e-30
1.50508e-29
2.58363e-29
7.37898e-29
2.66426e-28
6.60408e-28
1.20116e-27
-3.08365e-27
-3.25445e-26
-8.36666e-26
-2.51489e-25
-7.29289e-25
-1.78904e-24
-3.58192e-24
-5.76312e-24
-6.35835e-24
-3.62668e-24
-1.08926e-24
1.65415e-24
1.3363e-24
-1.40512e-24
-1.88895e-24
5.74798e-24
3.33376e-23
1.30468e-22
3.79818e-22
1.1058e-21
3.2596e-21
7.44548e-21
1.10715e-20
1.11956e-20
3.80199e-21
2.5778e-21
-2.17291e-20
-3.43379e-19
-1.66328e-17
4.03828e-17
3.81835e-16
-1.64684e-14
-8.57751e-14
2.18152e-13
8.76953e-11
5.71491e-10
1.22255e-09
5.64504e-10
-1.19317e-07
-3.46396e-06
-2.83731e-05
-0.000261568
-0.000652148
-0.000745675
0.00225336
0.0153685
0.0449398
0.091851
0.149053
0.208348
0.264658
0.31537
0.36248
0.409934
0.461973
0.521728
0.588341
0.657919
0.718849
0.731791
0.709741
0.619756
0.444462
0.244691
0.0855552
0.00838388
-0.00101938
-0.000603508
-0.000200712
-2.61248e-05
-2.61489e-06
-2.46556e-07
-2.5496e-08
-2.78994e-09
-2.90234e-10
-2.95136e-11
-3.00883e-12
-1.57663e-13
1.53642e-14
3.45679e-15
4.25655e-16
3.89757e-17
-2.93755e-18
-4.3966e-19
-1.37581e-19
-7.87358e-19
1.24797e-17
2.16424e-16
-8.61772e-16
-1.46866e-13
-1.26476e-12
1.70358e-12
8.46678e-10
1.43713e-08
4.98468e-08
1.47747e-07
-3.65785e-06
-0.000138055
-0.00054046
-0.000790779
0.000367784
0.00819389
0.0322011
0.0773378
0.133574
0.195222
0.250803
0.298471
0.340834
0.385616
0.433931
0.49235
0.559103
0.630533
0.698756
0.727668
0.717995
0.669652
0.53173
0.337956
0.151815
0.0330073
0.00125602
-0.000720248
-0.000294422
-7.28674e-05
-8.38752e-06
-5.78969e-07
-1.68737e-08
2.83596e-09
6.03587e-10
7.54756e-11
4.73837e-12
2.9513e-13
1.51712e-14
7.64217e-16
6.22283e-17
2.19286e-18
-3.54051e-19
-2.65573e-20
1.0284e-21
2.52396e-22
4.44828e-24
-4.19291e-25
2.82315e-28
-2.3721e-28
1.15124e-26
1.56112e-25
-2.63508e-24
-5.24389e-23
1.6478e-22
8.75437e-21
3.11021e-20
-7.25475e-19
-6.81212e-18
1.49444e-17
5.05362e-16
1.93029e-15
-1.15941e-14
-1.97328e-13
-1.20077e-12
7.97864e-13
3.5284e-11
2.42982e-10
3.4826e-10
-1.72434e-09
-8.30641e-09
-1.28589e-08
-4.77764e-09
-6.55324e-10
-9.50827e-13
-1.75556e-13
3.60442e-32
-1.93626e-29
-2.71201e-28
-7.08289e-28
-8.48832e-28
-6.54759e-28
-3.8647e-28
-1.93987e-28
-8.88251e-29
-3.90634e-29
-1.71129e-29
-7.74498e-30
-3.71836e-30
-1.94629e-30
-1.13221e-30
-7.39488e-31
-5.48813e-31
-4.63934e-31
-4.46138e-31
-4.82121e-31
-6.1344e-31
-4.66264e-31
-1.08058e-30
-2.77462e-30
-6.43134e-30
-1.95703e-29
-5.47355e-29
-1.36164e-28
-3.63533e-29
1.75941e-27
4.02475e-27
1.36532e-26
5.82215e-26
2.07928e-25
5.43855e-25
1.06671e-24
1.49252e-24
1.38602e-24
1.18328e-24
1.91909e-25
4.07586e-26
1.08708e-24
8.48271e-25
-3.84501e-24
-1.84341e-23
-6.55892e-23
-1.65784e-22
-4.60103e-22
-1.31034e-21
-2.65793e-21
-3.33104e-21
-2.94895e-21
5.08302e-22
-7.32436e-21
2.46802e-20
3.64274e-19
5.17946e-18
-4.10856e-17
-1.56083e-16
-3.08451e-16
-1.83553e-14
-1.06504e-13
-1.23762e-13
8.03764e-11
7.3703e-10
1.86252e-09
4.30201e-10
-7.92489e-08
-3.69722e-06
-2.54917e-05
-0.000221153
-0.000624472
-0.000900058
-3.57993e-05
0.00915145
0.0365043
0.0870602
0.156904
0.238271
0.321745
0.401275
0.47499
0.54319
0.60534
0.656581
0.688168
0.690554
0.659949
0.563902
0.409826
0.233703
0.0885297
0.0118334
-0.000561744
-0.000493569
-0.000168432
-2.59422e-05
-2.42445e-06
-1.48319e-07
-5.923e-09
2.19543e-10
1.20274e-10
3.9005e-11
1.26669e-12
-9.17421e-13
-1.20294e-13
-5.45527e-15
-1.72741e-16
4.25408e-17
4.78248e-18
-3.11994e-19
-1.40351e-19
3.11838e-20
1.34464e-19
-1.97586e-18
4.63176e-17
1.83268e-16
-3.28911e-15
-6.91888e-13
-4.30757e-12
1.93328e-11
6.03709e-09
3.12005e-08
6.16453e-08
8.33091e-08
-8.87353e-06
-0.000163762
-0.000579854
-0.00093778
-0.000694078
0.00556645
0.0303882
0.0808973
0.154071
0.239083
0.324637
0.404199
0.476045
0.542477
0.603513
0.654652
0.687837
0.693682
0.67429
0.603729
0.470283
0.298247
0.1353
0.0301749
0.00193841
-0.000477411
-0.000221607
-5.80873e-05
-5.78925e-06
-3.73598e-07
-1.51697e-08
9.62569e-10
2.65731e-10
3.16248e-11
2.07695e-12
1.20943e-13
4.45181e-15
-1.11031e-17
-4.37643e-17
-3.99698e-18
3.41347e-19
3.08201e-20
-1.53591e-21
-5.52896e-23
4.20617e-25
-5.04794e-26
1.86036e-26
3.39632e-30
1.40433e-29
1.47172e-27
1.34332e-27
-6.34227e-25
-4.30573e-24
1.22974e-22
1.52434e-21
-9.63593e-21
-2.42396e-19
-3.41049e-19
1.87883e-17
1.28741e-16
-4.7397e-16
-9.6519e-15
-3.49617e-14
1.87597e-13
1.88707e-12
6.17553e-12
-4.10432e-12
-1.22984e-10
-3.55895e-10
-3.45357e-10
-3.6424e-10
-8.3178e-11
8.37434e-12
1.52982e-12
7.79124e-15
-6.59827e-34
7.46504e-31
1.41358e-29
4.20614e-29
5.29579e-29
4.10251e-29
2.36978e-29
1.14823e-29
5.04443e-30
2.12805e-30
8.99169e-31
3.95012e-31
1.85751e-31
9.60757e-32
5.57369e-32
3.66767e-32
2.76484e-32
2.39101e-32
2.36591e-32
2.65313e-32
3.42815e-32
3.26449e-32
7.30636e-32
2.08812e-31
4.32216e-31
1.14409e-30
3.38085e-30
9.86077e-30
1.17222e-29
-9.95849e-29
-1.25771e-28
-4.90892e-28
-4.92695e-27
-2.67675e-26
-8.64862e-26
-1.96488e-25
-3.20722e-25
-3.64161e-25
-3.83056e-25
-1.12018e-25
-7.96065e-26
-4.61925e-25
-3.02197e-25
1.60995e-24
6.97778e-24
2.40274e-23
5.56965e-23
1.53226e-22
4.29837e-22
7.98185e-22
8.78129e-22
6.94375e-22
-3.84784e-22
2.88909e-21
-9.53287e-21
-7.11307e-20
-2.08859e-18
4.25694e-17
1.11927e-16
-1.15748e-15
-4.33294e-15
-3.38399e-15
-4.96599e-14
9.25311e-13
2.14702e-10
1.59465e-09
3.37943e-09
-2.90265e-08
-4.15954e-07
-2.83467e-06
-1.59468e-05
-0.000148407
-0.000526862
-0.000860519
-0.000929162
0.00241446
0.0200125
0.0609413
0.12634
0.209358
0.298933
0.385966
0.46308
0.525467
0.566513
0.577211
0.542967
0.462852
0.340087
0.199503
0.0791623
0.0132787
0.000324645
-0.000359179
-0.000131895
-2.40404e-05
-1.85701e-06
-8.14203e-08
2.63016e-09
1.59382e-09
2.69608e-10
2.50713e-11
2.897e-12
4.17984e-13
6.83864e-14
2.77145e-15
-2.28944e-16
5.92481e-18
1.20017e-18
-3.89891e-19
8.62351e-20
2.4389e-20
-5.10225e-21
-2.64629e-20
-1.2289e-19
-7.75704e-19
4.39142e-17
1.42153e-16
-7.76021e-15
-1.38829e-12
-6.49252e-12
6.01718e-11
1.09181e-08
4.11152e-08
7.0383e-08
-7.2366e-07
-1.06433e-05
-0.000151996
-0.000566017
-0.000968677
-0.00109722
0.00188607
0.0205398
0.0663244
0.1388
0.228642
0.323262
0.411773
0.488967
0.549758
0.588956
0.598883
0.569913
0.495735
0.379475
0.23887
0.106916
0.0233741
0.00178367
-0.000387065
-0.000202901
-5.35065e-05
-3.83813e-06
-1.78694e-07
-1.95961e-09
1.18817e-09
2.20274e-10
8.48821e-12
5.78309e-13
3.40354e-14
1.34524e-15
-2.50856e-17
-1.26229e-17
1.17018e-18
2.88088e-19
-1.46026e-20
-2.67937e-21
7.08447e-23
1.18519e-23
2.33085e-26
-2.56732e-26
-1.32759e-27
1.71794e-29
2.47527e-30
5.83278e-29
-1.99878e-27
-5.26816e-26
3.70493e-25
1.87742e-23
4.87001e-23
-3.28207e-21
-2.94506e-20
2.43056e-19
4.70798e-18
7.21972e-18
-3.14314e-16
-2.26246e-15
4.72102e-15
1.26696e-13
4.6661e-13
-1.00081e-12
-1.59937e-11
-4.83726e-11
-6.32331e-12
1.84327e-11
3.33845e-11
1.84203e-11
5.35754e-12
2.42012e-13
3.19126e-15
2.14532e-35
-2.65369e-32
-6.84505e-31
-2.32617e-30
-3.0908e-30
-2.41598e-30
-1.37125e-30
-6.43788e-31
-2.72398e-31
-1.10623e-31
-4.52067e-32
-1.93333e-32
-8.92803e-33
-4.57461e-33
-2.65227e-33
-1.76027e-33
-1.34826e-33
-1.19236e-33
-1.21323e-33
-1.40846e-33
-1.8654e-33
-2.13442e-33
-4.6084e-33
-1.34975e-32
-2.53946e-32
-5.48067e-32
-1.59731e-31
-5.31275e-31
-8.21676e-31
6.59684e-30
-3.93608e-30
-1.46282e-29
4.65207e-28
3.69269e-27
1.39536e-26
3.56839e-26
6.56397e-26
8.49181e-26
1.00824e-25
3.56039e-26
3.40119e-26
1.57606e-25
9.30039e-26
-5.62697e-25
-2.23837e-24
-7.51171e-24
-1.60744e-23
-4.41196e-23
-1.22054e-22
-2.10076e-22
-2.09662e-22
-1.45396e-22
1.04086e-22
-7.14017e-22
2.42193e-21
4.63206e-21
7.26365e-19
-8.97411e-18
-3.11607e-17
1.56076e-16
1.19942e-16
-1.35106e-15
-1.47945e-14
-8.5512e-14
6.71359e-13
1.89631e-10
1.67369e-09
2.76592e-09
-2.00757e-08
-2.29636e-07
-1.48042e-06
-8.30093e-06
-8.25438e-05
-0.000383556
-0.000751221
-0.000986339
-0.000667974
0.00502158
0.0268539
0.0712206
0.134
0.205617
0.27415
0.329421
0.360675
0.35763
0.313599
0.236069
0.140625
0.0560537
0.0101302
0.000610988
-0.000279534
-0.000117106
-2.2183e-05
-1.45731e-06
-6.37579e-08
2.05311e-09
1.16547e-09
1.94437e-10
1.99069e-11
2.34938e-12
2.58523e-13
2.79983e-14
3.25141e-15
3.59564e-16
5.21944e-18
-1.32589e-20
1.56285e-18
1.99125e-19
-1.1154e-20
-3.10187e-21
5.06432e-22
5.83196e-21
-1.65819e-19
5.29178e-19
4.42324e-17
-3.60739e-17
-4.64974e-15
-3.44331e-13
-1.73023e-12
-7.27831e-13
1.15187e-09
1.50416e-08
3.21872e-08
6.76639e-10
-8.49858e-07
-8.86738e-06
-0.000115956
-0.00048906
-0.000932909
-0.00118463
-0.00071006
0.00826072
0.03878
0.0950124
0.169415
0.24904
0.321721
0.376745
0.404841
0.397253
0.348905
0.266014
0.163988
0.069898
0.0137716
0.000866101
-0.000413993
-0.000206875
-5.39725e-05
-3.22555e-06
-1.03731e-07
5.40194e-09
1.57872e-09
9.86399e-11
4.03591e-12
2.24123e-13
9.11578e-15
1.55997e-16
-6.43283e-17
-1.13269e-17
5.00772e-19
1.17872e-19
-5.93719e-21
-9.71583e-22
2.21501e-23
3.1426e-24
-1.0188e-26
-1.49372e-26
-4.22506e-28
7.56945e-29
3.64761e-31
2.12465e-31
-5.67767e-30
-3.15672e-28
1.2338e-27
1.45089e-25
6.78338e-25
-3.14426e-23
-3.60918e-22
2.80682e-21
6.89265e-20
1.66562e-19
-5.28799e-18
-4.82397e-17
5.92642e-17
2.93569e-15
1.65931e-14
-1.4936e-14
-5.70848e-13
-2.72094e-12
-3.00215e-12
3.73494e-12
8.00413e-12
9.65954e-12
4.49425e-12
1.27198e-12
2.68043e-14
1.33028e-16
-8.36368e-37
8.31193e-34
2.89264e-32
1.11385e-31
1.55965e-31
1.23321e-31
6.90645e-32
3.15667e-32
1.29318e-32
5.0825e-33
2.0179e-33
8.43529e-34
3.83756e-34
1.95249e-34
1.13283e-34
7.58212e-35
5.89352e-35
5.31895e-35
5.5507e-35
6.64526e-35
9.0519e-35
1.17823e-34
2.49635e-34
7.34529e-34
1.26467e-33
1.91275e-33
4.5922e-33
1.81353e-32
2.16241e-32
-4.70607e-31
1.0922e-30
4.94721e-30
-4.24408e-29
-4.41808e-28
-1.87069e-27
-5.2767e-27
-1.07196e-26
-1.53744e-26
-2.00121e-26
-8.54644e-27
-9.37117e-27
-3.80496e-26
-2.19626e-26
1.37926e-25
5.15598e-25
1.68232e-24
3.34228e-24
9.09507e-24
2.47099e-23
3.98433e-23
3.73263e-23
2.1881e-23
-1.38105e-23
1.04273e-22
-3.73373e-22
6.05185e-22
-1.44111e-19
9.92737e-19
5.94192e-18
-3.19726e-18
2.5712e-17
-2.86303e-16
-2.08568e-15
6.78745e-15
7.53806e-14
-2.37964e-13
6.19302e-12
1.76122e-09
7.04549e-09
3.55948e-09
-7.37235e-08
-4.38507e-07
-2.43691e-06
-2.63053e-05
-0.000173907
-0.000471242
-0.000786033
-0.000916336
-0.000591951
0.00306316
0.0160743
0.0384601
0.0653557
0.0891651
0.101163
0.0967076
0.0764612
0.0463955
0.0178282
0.00293638
-0.000152261
-0.000307215
-0.000124722
-1.86261e-05
-1.12169e-06
-5.926e-08
1.57701e-09
8.48338e-10
1.15712e-10
1.14216e-11
1.14404e-12
9.46418e-14
6.4607e-15
1.40725e-16
-9.24824e-17
-2.26245e-17
2.98811e-18
7.40814e-19
-5.58615e-20
-1.33042e-20
1.19444e-21
3.2992e-22
-6.74575e-24
-6.97907e-22
-1.49892e-20
3.42096e-19
1.1799e-17
5.9022e-18
-1.4989e-15
-1.79724e-13
-5.40699e-13
2.57553e-13
6.21658e-11
1.21248e-09
1.1088e-08
2.15422e-08
-1.49018e-08
-3.68006e-07
-3.55841e-06
-5.48334e-05
-0.000279601
-0.000658421
-0.00103572
-0.00107245
-1.59069e-05
0.00937218
0.0313435
0.0633227
0.0979211
0.124745
0.135119
0.125665
0.0979116
0.0588813
0.0226503
0.00343057
-0.000371497
-0.000477773
-0.000202629
-4.66909e-05
-3.40025e-06
-1.23757e-07
6.98458e-09
1.56572e-09
8.01409e-11
2.72067e-12
8.41367e-14
2.15951e-15
-2.24749e-17
-1.70966e-17
-4.43539e-19
3.32254e-19
-1.17047e-20
-3.26059e-21
1.11066e-22
-1.0035e-23
-1.54442e-24
2.86669e-25
4.27223e-27
-1.78199e-27
-1.86128e-30
2.5833e-30
7.66798e-34
1.57415e-33
-1.44327e-30
-1.2382e-29
1.02622e-27
1.28715e-26
-3.01269e-25
-5.66052e-24
3.56566e-23
1.31401e-21
2.43484e-21
-1.49145e-19
-1.12242e-18
5.93456e-18
1.08665e-16
2.51866e-16
-3.24995e-15
-2.34489e-14
-4.61305e-14
9.77012e-14
1.12942e-12
1.59092e-12
1.5424e-12
1.50865e-12
4.43694e-13
5.35991e-14
1.96726e-15
-2.26748e-19
)
;

boundaryField
{
    inlet
    {
        type            uniformFixedValue;
        uniformValue    table;
        uniformValueCoeffs
        {
            values          
4
(
(0 1)
(0.15 1)
(0.151 0)
(1 0)
)
;
        }
        value           uniform 0;
    }
    outlet
    {
        type            inletOutlet;
        inletValue      uniform 0;
        value           nonuniform List<scalar> 
200
(
0
0
0
0
0
0
0
0
0
0
0
0
0
0
0
0
0
0
0
0
0
0
0
0
0
0
0
0
0
0
0
0
0
0
0
0
0
0
0
0
0
0
0
0
0
0
0
0
0
0
0
0
0
0
0
0
0
0
0
0
0
0
0
0
0
0
0
0
0
0
0
-4.38507e-07
-2.43691e-06
-2.63053e-05
-0.000173907
-0.000471242
-0.000786033
-0.000916336
-0.000591951
0.00306316
0.0160743
0.0384601
0.0653557
0.0891651
0.101163
0.0967076
0.0764612
0.0463955
0.0178282
0.00293638
-0.000152261
-0.000307215
-0.000124722
-1.86261e-05
0
0
0
0
0
0
0
0
0
0
0
0
0
0
0
0
0
0
0
0
0
0
0
0
0
0
0
0
0
0
0
0
-1.49018e-08
-3.68006e-07
-3.55841e-06
-5.48334e-05
-0.000279601
-0.000658421
-0.00103572
-0.00107245
-1.59069e-05
0.00937218
0.0313435
0.0633227
0.0979211
0.124745
0.135119
0.125665
0.0979116
0.0588813
0.0226503
0.00343057
-0.000371497
-0.000477773
-0.000202629
-4.66909e-05
-3.40025e-06
-1.23757e-07
6.98458e-09
1.56572e-09
0
0
0
0
0
0
0
0
0
0
0
0
0
0
0
0
0
0
0
0
0
0
0
0
0
-5.66052e-24
3.56566e-23
1.31401e-21
2.43484e-21
-1.49145e-19
-1.12242e-18
5.93456e-18
1.08665e-16
2.51866e-16
-3.24995e-15
-2.34489e-14
-4.61305e-14
9.77012e-14
1.12942e-12
1.59092e-12
1.5424e-12
1.50865e-12
4.43694e-13
5.35991e-14
1.96726e-15
-2.26748e-19
)
;
    }
    walls
    {
        type            zeroGradient;
    }
    frontAndBack
    {
        type            empty;
    }
}


// ************************************************************************* //
