/*--------------------------------*- C++ -*----------------------------------*\
| =========                 |                                                 |
| \\      /  F ield         | OpenFOAM: The Open Source CFD Toolbox           |
|  \\    /   O peration     | Version:  2506                                  |
|   \\  /    A nd           | Website:  www.openfoam.com                      |
|    \\/     M anipulation  |                                                 |
\*---------------------------------------------------------------------------*/
FoamFile
{
    version     2.0;
    format      ascii;
    arch        "LSB;label=32;scalar=64";
    class       volScalarField;
    location    "0.15";
    object      s;
}
// * * * * * * * * * * * * * * * * * * * * * * * * * * * * * * * * * * * * * //

dimensions      [0 0 0 0 0 0 0];

internalField   nonuniform List<scalar> 
4000
(
0.000201118
0.00022839
0.000267981
0.000305052
0.000337846
0.000365462
0.000386987
0.000402426
0.000412584
0.000418565
0.000421438
0.000422104
0.000421253
0.000419381
0.000416829
0.000413824
0.000410514
0.000406994
0.000403324
0.000399542
0.000395671
0.000391722
0.000387701
0.000383604
0.000379425
0.000375149
0.000370752
0.000366198
0.000361377
0.000474502
-0.0122514
-0.116732
-0.354454
-0.753115
-1.35891
-2.29781
-3.24024
-4.24999
-5.7155
-7.11015
-8.24468
-9.1155
-9.8096
-10.3833
-10.872
-11.3063
-11.6457
-11.9042
-12.0627
-12.1015
-11.8924
-11.0602
-9.89497
-8.03678
-6.08095
-4.22199
-2.82195
-1.71791
-0.873978
-0.0741294
0.54244
0.880155
0.984342
0.99942
1.00084
1.00074
1.00043
1.00016
1.00005
0.999993
0.999966
0.999957
0.999953
0.999951
0.99995
0.999948
0.999945
0.99994
0.99993
0.999915
0.99989
0.999843
0.99976
0.999581
0.999181
0.998074
0.994801
0.983446
0.944382
0.814863
0.427174
-0.309827
-1.25456
-2.3575
-3.58761
-4.6692
-5.63326
-6.52823
-7.37422
-8.18027
-8.95176
-9.69444
-10.4076
-11.0891
-11.7369
-12.347
-12.9201
-13.4128
-13.7128
-13.8166
-13.6561
-12.6301
-11.0228
-8.61021
-5.99379
-3.74904
-2.11456
-0.90541
0.10631
0.71658
0.965006
1.00173
1.00228
1.00133
1.00051
1.00017
1.00003
0.999958
0.999944
0.99994
0.99994
0.99994
0.999939
0.999937
0.999933
0.999926
0.999914
0.999897
0.999867
0.999818
0.999734
0.999562
0.999209
0.998335
0.995959
0.98885
0.96457
0.889844
0.657748
0.127875
-0.658082
-1.58695
-2.65839
-3.78444
-4.78237
-5.71112
-6.59904
-7.47129
-8.33345
-9.20766
-10.3431
-11.0645
-15.5578
-16.5668
-15.4577
-13.1088
-9.69238
-6.16029
-3.66656
-2.08745
-1.13498
-0.569945
-0.248869
-0.112887
-0.0594343
-0.0326837
-0.0176789
-0.00922704
-0.00456058
-0.00205235
-0.000742825
-7.90278e-05
0.000247645
0.000403582
0.000475163
0.00050642
0.000518935
0.00052295
0.000523221
0.00052193
0.000520051
0.000518103
0.000516456
0.00051561
0.000516614
0.000522059
0.000538917
0.000588987
0.000757144
0.0012793
1.06149e-08
1.31664e-08
1.97358e-08
2.5761e-08
3.13387e-08
3.61818e-08
3.99323e-08
4.25403e-08
4.41822e-08
4.50855e-08
4.54515e-08
4.54389e-08
4.51645e-08
4.47104e-08
4.41324e-08
4.34683e-08
4.27431e-08
4.19737e-08
4.11713e-08
4.03432e-08
3.9494e-08
3.86262e-08
3.77409e-08
3.68375e-08
3.59142e-08
3.49672e-08
3.39906e-08
3.29757e-08
3.19056e-08
2.67203e-08
-3.87437e-07
-3.43146e-06
-9.94562e-06
-1.97737e-05
-3.29356e-05
-4.93593e-05
-6.4734e-05
-8.25333e-05
-0.000108844
-0.000135863
-0.000160548
-0.000182247
-0.0002011
-0.000218097
-0.000234103
-0.000249648
-0.000263576
-0.000276349
-0.000287538
-0.000296812
-0.000300558
-0.00028731
-0.000264741
-0.000217265
-0.000146599
-7.27897e-05
-1.47021e-05
3.45001e-05
0.000277447
-0.110304
0.0669933
0.486389
0.807399
0.956384
0.996369
0.999849
0.99995
0.999844
0.999783
0.999779
0.999805
0.999831
0.999849
0.999857
0.999855
0.999841
0.999813
0.999765
0.999687
0.999564
0.999367
0.99901
0.998372
0.997048
0.994265
0.987295
0.970295
0.924014
0.785832
0.54613
0.305468
0.168296
0.0832115
0.0469958
0.0267668
0.0150354
0.00832952
0.00449186
0.00231632
0.00109055
0.000400776
7.72473e-06
-0.000193566
-0.000253456
-0.000282859
-0.000306317
-0.000329062
-0.000350668
-0.000368547
-0.000383533
-0.000393777
-0.000375751
-0.000342088
-0.000277645
-0.000277408
-0.000465696
-0.00103689
-0.117333
-0.10736
0.235686
0.688166
0.925552
0.995884
1.00048
1.00001
0.999689
0.999596
0.999633
0.999688
0.999734
0.999764
0.999776
0.999772
0.999751
0.999712
0.999649
0.999551
0.999403
0.999159
0.998749
0.99805
0.996666
0.993948
0.987767
0.973182
0.938845
0.839145
0.6297
0.370795
0.186095
0.0957645
0.0513099
0.030142
0.0175146
0.0100544
0.00567194
0.00310134
0.00159914
0.000718917
0.000197107
-0.000124855
-0.000293407
-0.000468404
-0.000487119
-0.000457115
-0.000389659
-0.000291647
-0.000204173
-0.000144518
-0.00010407
-6.98419e-05
-3.99001e-05
-2.01922e-05
-1.00688e-05
-5.19666e-06
-2.71595e-06
-1.39344e-06
-6.82402e-07
-3.0554e-07
-1.10703e-07
-1.28219e-08
3.48078e-08
5.71705e-08
6.72615e-08
7.15421e-08
7.31264e-08
7.34967e-08
7.33422e-08
7.29916e-08
7.26348e-08
7.24646e-08
7.2867e-08
7.46874e-08
8.03605e-08
9.89547e-08
1.72353e-07
5.5749e-07
3.4257e-06
3.45759e-05
0.000164227
5.98648e-13
6.88575e-13
1.11725e-12
1.59672e-12
2.08893e-12
2.5339e-12
2.87191e-12
3.10674e-12
3.25378e-12
3.3327e-12
3.361e-12
3.35267e-12
3.3183e-12
3.2655e-12
3.19965e-12
3.12452e-12
3.04273e-12
2.95615e-12
2.86605e-12
2.77335e-12
2.67865e-12
2.58235e-12
2.48467e-12
2.38568e-12
2.28532e-12
2.18333e-12
2.07929e-12
1.97249e-12
1.84689e-12
4.0541e-13
-1.54235e-11
-1.1378e-10
-2.96583e-10
-5.26713e-10
-7.81372e-10
-1.04478e-09
-1.26891e-09
-1.53989e-09
-2.0055e-09
-2.53331e-09
-3.05536e-09
-3.54877e-09
-3.9995e-09
-4.42917e-09
-4.85795e-09
-5.31101e-09
-5.72872e-09
-6.20164e-09
-6.53815e-09
-5.8376e-09
-1.60019e-09
3.07228e-08
5.96975e-08
9.14689e-09
-1.46238e-06
-6.52299e-05
-0.000303574
-0.000865706
-0.00116562
0.00728389
0.0228798
0.248773
0.570893
0.822122
0.951654
0.992349
0.997271
0.997995
0.998292
0.998512
0.998687
0.998818
0.998905
0.998945
0.998937
0.998874
0.998744
0.998522
0.998169
0.997607
0.996701
0.995086
0.992227
0.986566
0.975429
0.950069
0.888764
0.758813
0.548215
0.313715
0.1297
0.0269844
0.00210608
-0.00109348
-0.000958466
-0.000575752
-0.000348945
-0.000200794
-0.000111291
-5.94887e-05
-3.08826e-05
-6.42841e-06
-5.75728e-07
-6.99546e-08
-5.08584e-09
-3.51322e-09
-6.73691e-09
-8.66801e-09
-9.3793e-09
-1.0006e-08
-9.63567e-09
-8.51684e-09
-9.27747e-09
-8.56516e-07
-3.13091e-05
-0.000204228
-0.000349004
-0.000774543
-0.0170972
0.131788
0.467674
0.770282
0.93864
0.991974
0.996908
0.997247
0.997563
0.997914
0.998196
0.998389
0.998505
0.998548
0.998523
0.998424
0.998238
0.997939
0.99747
0.996747
0.995559
0.993571
0.990222
0.983848
0.972058
0.947545
0.892245
0.778749
0.585487
0.352044
0.157367
0.0410858
0.00506221
-0.000732026
-0.000999261
-0.00061576
-0.000352401
-0.000206819
-0.000118367
-6.59489e-05
-3.58559e-05
-1.81795e-05
-2.91197e-06
-5.46565e-07
-9.85922e-08
-2.39598e-08
-1.49134e-08
-1.26235e-08
-9.89849e-09
-7.52823e-09
-5.90841e-09
-4.63825e-09
-3.19798e-09
-1.80054e-09
-9.13608e-10
-4.65312e-10
-2.40716e-10
-1.22828e-10
-5.97277e-11
-2.62425e-11
-8.89801e-12
-2.04567e-13
4.00168e-12
5.95562e-12
6.8408e-12
7.21125e-12
7.34203e-12
7.36473e-12
7.34018e-12
7.14493e-12
-6.20229e-12
-8.28299e-11
-3.69972e-10
-1.1019e-09
-2.7872e-09
-6.86391e-09
-1.85897e-08
-4.6526e-08
-2.31261e-07
-1.44159e-06
-2.8199e-06
-1.66517e-06
3.59411e-17
3.55341e-17
5.80205e-17
8.64581e-17
1.16768e-16
1.44746e-16
1.66504e-16
1.81688e-16
1.91143e-16
1.95843e-16
1.97062e-16
1.95767e-16
1.92655e-16
1.88245e-16
1.82913e-16
1.76934e-16
1.70504e-16
1.63766e-16
1.56822e-16
1.49748e-16
1.42596e-16
1.35403e-16
1.28193e-16
1.20645e-16
1.10408e-16
9.97038e-17
9.00842e-17
8.15792e-17
7.16027e-17
-1.30635e-17
-5.914e-16
-3.68072e-15
-8.47079e-15
-1.36476e-14
-1.83533e-14
-2.22487e-14
-2.5085e-14
-2.89121e-14
-3.68431e-14
-4.66129e-14
-5.19499e-14
1.32423e-13
3.13027e-13
2.04205e-12
2.66465e-12
1.45139e-11
1.60882e-11
8.08195e-11
8.56457e-11
2.30628e-10
-1.58067e-10
-1.74705e-09
-1.05672e-08
-1.0604e-07
-7.8244e-07
-4.66256e-06
-3.23533e-05
-0.000159885
-0.000424902
-0.00065699
0.0134059
0.113324
0.353815
0.619252
0.821006
0.936416
0.978838
0.988555
0.991927
0.993833
0.995061
0.99582
0.996244
0.996412
0.996368
0.99611
0.995607
0.994755
0.9934
0.991256
0.987902
0.982137
0.972241
0.95297
0.916531
0.846433
0.7227
0.536968
0.324114
0.148953
0.0456029
0.00507956
-0.0018579
-0.00166233
-0.000859434
-0.000332953
-9.29643e-05
-2.73632e-05
-8.67576e-06
-2.66689e-06
-7.70647e-07
-2.08174e-07
-5.09519e-08
-1.13192e-08
-2.31815e-09
-4.70857e-10
-9.67631e-11
-1.79167e-11
5.19841e-12
-5.19937e-11
-1.66562e-10
-1.16949e-10
-6.88431e-09
-3.11908e-07
-5.36075e-06
-0.000156113
-0.000872338
-0.00252516
0.00620799
0.0710517
0.293856
0.574037
0.796136
0.927592
0.974931
0.985557
0.989297
0.991608
0.993188
0.994184
0.994723
0.99491
0.994801
0.994394
0.993629
0.992411
0.990513
0.98765
0.983089
0.975719
0.963587
0.940922
0.900769
0.828961
0.709229
0.53315
0.327067
0.152112
0.0480282
0.00644653
-0.00165041
-0.00168042
-0.000882929
-0.00037602
-0.000119767
-3.63541e-05
-1.23447e-05
-4.12342e-06
-1.29014e-06
-3.68768e-07
-9.48953e-08
-2.09222e-08
-4.13588e-09
-6.51346e-10
-7.33652e-11
-5.67191e-12
-5.45775e-13
-2.97732e-13
-2.48596e-13
-1.94641e-13
-1.2751e-13
-6.96247e-14
-3.48397e-14
-1.7688e-14
-8.97643e-15
-4.35481e-15
-1.89378e-15
-6.06599e-16
3.54771e-17
3.42616e-16
4.8405e-16
5.49505e-16
5.7705e-16
5.86899e-16
5.93673e-16
8.5472e-16
5.32802e-15
-1.47518e-13
-2.74556e-12
-1.4008e-11
-5.09929e-11
-1.62655e-10
-4.88493e-10
-1.7647e-09
-7.65738e-09
-4.65192e-08
-2.96183e-07
-1.07515e-06
-2.56533e-06
-4.55511e-06
-3.50632e-18
-4.72742e-18
-6.63485e-18
-7.85641e-18
-8.31716e-18
-8.1618e-18
-7.60125e-18
-6.89329e-18
-6.18938e-18
-5.5566e-18
-5.02083e-18
-4.5853e-18
-4.24256e-18
-3.97628e-18
-3.77351e-18
-3.62295e-18
-3.51514e-18
-3.44215e-18
-3.39745e-18
-3.3756e-18
-3.37205e-18
-3.38322e-18
-3.40177e-18
-3.46822e-18
-3.1682e-18
-2.60886e-18
-2.11142e-18
-1.7999e-18
-1.53923e-18
3.08401e-19
-6.55512e-19
2.53431e-16
1.75299e-16
1.08971e-16
6.88537e-17
4.39879e-17
2.79466e-17
1.74661e-17
1.07022e-17
6.25374e-18
5.66363e-18
3.22944e-18
9.37298e-18
-2.54417e-15
-3.18676e-15
-8.40055e-14
-6.21281e-13
-1.54327e-12
-1.01857e-11
-1.40564e-11
-4.75044e-11
-2.10411e-11
-8.88724e-10
-8.99242e-09
-5.53462e-08
-3.81984e-07
-5.0776e-06
-7.38574e-05
-0.000306267
-0.000518191
5.69622e-05
0.0180188
0.137345
0.361866
0.590555
0.771435
0.889064
0.945844
0.967874
0.976771
0.981443
0.984262
0.985936
0.986716
0.986745
0.986032
0.984497
0.981869
0.977641
0.971012
0.960252
0.942383
0.913722
0.866332
0.79131
0.674176
0.511242
0.324777
0.16169
0.0574331
0.0100634
-0.000854233
-0.00148615
-0.000752539
-0.000320656
-0.000104732
-3.12373e-05
-8.36466e-06
-2.30424e-06
-7.14826e-07
-2.27124e-07
-7.06607e-08
-2.10148e-08
-5.77309e-09
-1.4234e-09
-3.23126e-10
-6.55901e-11
-1.06341e-11
3.04163e-12
9.24864e-11
3.80905e-10
1.23643e-09
1.66357e-09
-7.04197e-08
-1.43767e-06
-2.65411e-05
-0.000202945
-0.000557278
-0.00086345
0.0130584
0.11764
0.334966
0.567297
0.755945
0.876369
0.93514
0.959746
0.970201
0.975828
0.979176
0.981053
0.981771
0.98149
0.980227
0.97781
0.973872
0.967811
0.958326
0.943454
0.920232
0.885091
0.829768
0.747796
0.628461
0.47075
0.295178
0.143376
0.0483252
0.00834194
-0.000763152
-0.00128977
-0.000655463
-0.000284011
-0.000100888
-3.37615e-05
-1.05616e-05
-3.10403e-06
-9.58421e-07
-2.97222e-07
-8.65428e-08
-2.26973e-08
-5.21157e-09
-1.00184e-09
-1.25036e-10
-1.09317e-11
-4.39824e-13
1.32133e-14
1.54787e-15
1.2373e-16
2.39147e-17
3.36136e-17
4.05275e-17
5.1641e-17
6.16722e-17
4.15477e-17
2.67168e-17
1.58323e-17
4.08188e-19
-4.31658e-18
-5.12935e-18
-4.6092e-18
-3.84941e-18
-3.73067e-18
4.48924e-18
9.4247e-17
1.98869e-16
-6.33097e-15
-4.54791e-14
-4.46638e-14
-6.5373e-15
-3.78935e-14
-9.01221e-14
1.91777e-13
-1.82243e-11
-8.55542e-10
-1.19143e-08
-1.22748e-07
-5.33995e-07
-1.31744e-06
-1.69638e-06
2.02464e-19
4.04539e-19
5.21433e-19
5.17798e-19
4.5174e-19
3.68061e-19
2.90051e-19
2.27464e-19
1.80592e-19
1.46558e-19
1.2224e-19
1.05144e-19
9.33052e-20
8.53248e-20
8.02023e-20
7.72912e-20
7.6155e-20
7.65038e-20
7.81468e-20
8.09634e-20
8.48826e-20
8.99101e-20
9.54721e-20
1.07441e-19
9.11247e-20
4.65723e-20
1.80396e-22
-3.32324e-20
-6.09478e-20
-2.24021e-19
1.28348e-18
-1.5799e-17
-2.32556e-17
-2.2993e-17
-2.0332e-17
-1.7002e-17
-1.32984e-17
-9.27604e-18
-5.8118e-18
-3.38038e-18
-2.47976e-18
-2.239e-18
-3.55186e-18
-5.2121e-18
4.86766e-16
8.24985e-16
1.72641e-14
1.33537e-13
2.89101e-13
2.32527e-12
3.12679e-12
1.30683e-11
-1.84002e-12
-3.71764e-11
-6.03158e-09
-6.67124e-08
-6.11578e-07
-5.52059e-06
-6.65543e-05
-0.000286013
-0.000582434
0.000484063
0.0156935
0.116921
0.304305
0.503139
0.673452
0.796001
0.872935
0.91602
0.93885
0.95056
0.956544
0.959221
0.959372
0.957081
0.952365
0.944505
0.93254
0.914874
0.889454
0.851502
0.796926
0.717958
0.609832
0.469047
0.310368
0.166204
0.0665291
0.0160431
0.000449527
-0.00125019
-0.000749877
-0.000338757
-0.000115877
-3.26278e-05
-8.61822e-06
-2.31438e-06
-6.22898e-07
-1.72159e-07
-4.89707e-08
-1.37227e-08
-3.64898e-09
-9.0911e-10
-2.08312e-10
-4.21868e-11
-7.59091e-12
-1.20584e-12
-1.66749e-13
-5.69645e-14
1.20793e-12
2.74693e-11
1.28902e-09
6.01779e-09
-9.28926e-08
-3.04502e-06
-5.48111e-05
-0.000321593
-0.00072174
-0.000228626
0.0162429
0.116018
0.298602
0.497161
0.663122
0.779467
0.853896
0.896892
0.920901
0.934083
0.940872
0.943392
0.942595
0.938748
0.931508
0.920287
0.903722
0.88037
0.846985
0.799886
0.735928
0.647963
0.535317
0.398786
0.25371
0.128409
0.0463076
0.00934078
4.49407e-05
-0.000943798
-0.000547957
-0.000234355
-8.15345e-05
-2.44831e-05
-7.15858e-06
-2.08012e-06
-5.77478e-07
-1.47855e-07
-3.44887e-08
-7.12546e-09
-1.2521e-09
-1.8748e-10
-2.08503e-11
-9.24051e-13
4.27538e-14
7.23922e-15
2.52129e-16
-3.71496e-17
-7.14857e-18
-7.48899e-18
-7.81079e-18
-5.57223e-18
-4.6738e-18
-3.53044e-18
-1.43053e-18
-5.00632e-19
-1.65164e-20
8.16399e-20
7.90118e-20
5.72196e-20
3.62639e-20
1.78151e-20
1.38917e-20
2.99678e-19
1.44864e-18
-1.05317e-17
-1.12952e-16
-1.24824e-16
-9.61966e-17
8.23585e-16
1.04923e-14
2.03444e-13
1.64842e-12
1.1765e-11
-3.57243e-11
-2.33327e-09
-2.14978e-08
-9.574e-08
-2.57024e-07
-2.40741e-07
-7.72667e-21
-2.44045e-20
-3.07512e-20
-2.69268e-20
-2.02395e-20
-1.42606e-20
-9.86259e-21
-6.90854e-21
-4.99008e-21
-3.75215e-21
-2.95078e-21
-2.43362e-21
-2.10269e-21
-1.8989e-21
-1.78486e-21
-1.73919e-21
-1.74958e-21
-1.80974e-21
-1.91747e-21
-2.07363e-21
-2.28154e-21
-2.55008e-21
-2.84078e-21
-3.62024e-21
-2.60083e-21
6.69619e-22
4.60001e-21
8.06071e-21
1.14404e-20
2.71991e-20
-1.0914e-19
8.94867e-19
2.23527e-18
3.41506e-18
4.26911e-18
4.75138e-18
4.73772e-18
4.04492e-18
2.96181e-18
1.93216e-18
1.29559e-18
1.00448e-18
1.58952e-18
1.44743e-18
1.6082e-18
-1.2596e-16
-3.11057e-16
-1.41649e-17
2.08195e-17
6.49776e-17
7.68645e-15
2.42694e-13
3.45808e-12
7.73896e-11
1.32593e-09
5.16168e-09
-8.76041e-09
-4.35754e-07
-4.29791e-06
-5.66485e-05
-0.000291834
-0.000603818
-4.81091e-05
0.00918804
0.0777227
0.220773
0.386542
0.538006
0.659592
0.747876
0.807335
0.84514
0.867326
0.87869
0.882317
0.879767
0.871538
0.856876
0.834785
0.803652
0.761115
0.702675
0.626101
0.527592
0.409708
0.279871
0.159108
0.0702767
0.0210068
0.00214714
-0.000888641
-0.000705925
-0.000313078
-0.000113294
-3.21477e-05
-8.16249e-06
-2.06346e-06
-5.32628e-07
-1.42698e-07
-3.77289e-08
-9.60507e-09
-2.35989e-09
-5.52834e-10
-1.20505e-10
-2.39484e-11
-4.34479e-12
-6.84019e-13
-9.11785e-14
-7.47077e-15
-6.5244e-16
4.08352e-13
1.75569e-11
3.43365e-10
7.81861e-09
3.71403e-08
1.83898e-08
-2.92593e-06
-5.87529e-05
-0.000350901
-0.00076854
-0.000205521
0.012555
0.0902808
0.233359
0.392541
0.534341
0.646251
0.726673
0.780632
0.814766
0.834764
0.844371
0.84583
0.84021
0.827431
0.807213
0.778225
0.738987
0.68648
0.618456
0.534591
0.432804
0.31972
0.205059
0.106742
0.0407348
0.00916537
0.000491564
-0.000657173
-0.000428736
-0.000182351
-6.20415e-05
-1.76708e-05
-4.86014e-06
-1.29602e-06
-3.35401e-07
-8.439e-08
-2.03552e-08
-4.59928e-09
-9.48151e-10
-1.73684e-10
-2.76829e-11
-3.72125e-12
-3.53242e-13
-2.12075e-14
-7.40245e-16
-6.10406e-18
1.49262e-18
1.25093e-18
1.14514e-18
9.02119e-19
4.18903e-19
2.3624e-19
1.0998e-19
2.59438e-20
3.11587e-21
-1.50769e-21
-1.56338e-21
-9.89382e-22
-5.43069e-22
-1.98106e-22
8.28958e-22
3.07744e-22
-5.14365e-20
-2.21325e-19
1.02259e-18
8.34945e-18
2.15208e-18
1.28272e-17
3.52518e-16
3.85838e-15
3.81705e-14
2.74828e-13
1.73684e-12
-9.60685e-13
-1.1e-10
-6.53716e-10
-3.24204e-09
-1.06462e-08
-1.07907e-08
2.0973e-22
1.09575e-21
1.41441e-21
1.13569e-21
7.61167e-22
4.78451e-22
2.9855e-22
1.91422e-22
1.28507e-22
9.11857e-23
6.86731e-23
5.50095e-23
4.67728e-23
4.20612e-23
3.97851e-23
3.93801e-23
4.05779e-23
4.33069e-23
4.76438e-23
5.37938e-23
6.2083e-23
7.31838e-23
8.48151e-23
1.26243e-22
6.51754e-23
-1.47893e-22
-4.3519e-22
-7.30961e-22
-1.06576e-21
-2.32432e-21
6.46929e-21
-4.49695e-20
-1.82663e-19
-4.09362e-19
-6.83546e-19
-9.72811e-19
-1.20564e-18
-1.25089e-18
-1.09372e-18
-8.36727e-19
-5.90493e-19
-4.31795e-19
-4.72502e-19
-3.84389e-19
-2.32721e-19
-6.53833e-19
-1.40995e-18
-3.78704e-18
-9.29115e-18
-7.86407e-18
3.97655e-16
3.76996e-14
8.72626e-13
1.25138e-11
1.28905e-10
1.8649e-09
1.17668e-08
3.03929e-08
-1.8552e-07
-3.09937e-06
-3.67115e-05
-0.000284756
-0.000672805
-0.000787575
0.00353105
0.0402952
0.138277
0.263092
0.386835
0.496107
0.583622
0.648407
0.692713
0.719921
0.733255
0.734938
0.726405
0.707471
0.677815
0.636761
0.582988
0.514094
0.431131
0.335388
0.234638
0.140032
0.0667957
0.0229598
0.00389267
-0.000456594
-0.00061902
-0.000283168
-0.000109403
-3.11726e-05
-7.69285e-06
-1.86387e-06
-4.55514e-07
-1.11165e-07
-2.71165e-08
-6.66257e-09
-1.61398e-09
-3.79955e-10
-8.52619e-11
-1.72194e-11
-2.93276e-12
-4.69718e-13
-6.80435e-14
-8.25704e-15
-8.01879e-16
-6.17701e-17
4.7861e-14
2.99722e-12
6.37432e-11
9.84501e-10
1.52025e-08
6.73285e-08
1.52323e-07
-2.65688e-06
-5.66671e-05
-0.000383673
-0.000852584
-0.000791936
0.00710667
0.0577093
0.159358
0.277963
0.391937
0.488843
0.564134
0.618243
0.653901
0.673963
0.680865
0.676245
0.660484
0.634088
0.596531
0.547439
0.485576
0.411476
0.328359
0.239221
0.153634
0.0814519
0.0320639
0.00750861
0.000520564
-0.000519942
-0.000341185
-0.000146286
-4.70695e-05
-1.19171e-05
-2.92586e-06
-7.02763e-07
-1.62407e-07
-3.52886e-08
-6.99405e-09
-1.2195e-09
-1.76932e-10
-1.88109e-11
-9.51566e-13
1.11353e-13
3.47644e-14
3.01663e-15
2.13512e-16
-3.68104e-18
-1.81542e-18
-1.78789e-19
-1.59709e-19
-1.13293e-19
-6.87504e-20
-2.13913e-20
-8.23131e-21
-2.34695e-21
-3.12047e-22
1.87128e-23
3.83978e-23
2.26154e-23
1.0656e-23
4.31834e-24
2.47206e-24
2.30687e-23
1.61324e-23
-2.07274e-21
-1.13696e-20
8.43383e-20
9.38027e-19
1.49645e-18
-1.28439e-18
9.14771e-18
3.64514e-16
2.94909e-15
2.87875e-14
3.12811e-13
2.07777e-12
1.51052e-11
1.04171e-10
4.53702e-10
6.65222e-10
-2.57848e-10
-4.32322e-24
-3.84561e-23
-5.26829e-23
-4.00357e-23
-2.46137e-23
-1.41596e-23
-8.15421e-24
-4.88162e-24
-3.09878e-24
-2.10566e-24
-1.53744e-24
-1.20844e-24
-1.01955e-24
-9.18807e-25
-8.78799e-25
-8.86728e-25
-9.38168e-25
-1.03466e-24
-1.18283e-24
-1.39458e-24
-1.68756e-24
-2.09783e-24
-2.50526e-24
-4.49984e-24
-1.10167e-24
1.1442e-23
3.00565e-23
5.17733e-23
7.95801e-23
1.67951e-22
-3.02139e-22
1.95777e-21
1.32848e-20
4.18673e-20
8.87529e-20
1.56195e-19
2.34531e-19
2.89736e-19
2.99872e-19
2.68493e-19
2.13362e-19
1.64014e-19
1.50446e-19
1.19691e-19
4.5961e-20
6.77571e-20
3.02319e-19
9.08465e-19
2.79826e-18
2.49715e-18
-5.49025e-17
8.42936e-16
3.7679e-14
7.68634e-13
1.28462e-11
1.41792e-10
1.22631e-09
1.16861e-08
5.01583e-08
5.11095e-08
-1.62087e-06
-1.75395e-05
-0.000209775
-0.00073394
-0.00121846
-3.73492e-05
0.0147725
0.0703423
0.153788
0.244178
0.329856
0.403162
0.460328
0.500415
0.524338
0.533369
0.529012
0.511584
0.481739
0.440265
0.38753
0.323878
0.253024
0.179363
0.111104
0.0564018
0.02124
0.00459333
-6.50678e-05
-0.000526352
-0.00026868
-0.000107297
-3.04163e-05
-7.1805e-06
-1.61563e-06
-3.53043e-07
-7.61101e-08
-1.61909e-08
-3.32292e-09
-6.42654e-10
-1.15705e-10
-1.98747e-11
-3.42871e-12
-5.3852e-13
-8.18058e-14
-1.10378e-14
-1.22959e-15
-8.3707e-17
-9.08264e-18
-2.93661e-17
1.67111e-15
2.06345e-13
6.14466e-12
1.17663e-10
1.43022e-09
1.63919e-08
7.9476e-08
2.21666e-07
-2.36648e-06
-4.83876e-05
-0.000388867
-0.000946547
-0.00139019
0.00223357
0.0286754
0.0927243
0.173502
0.255243
0.328469
0.387806
0.431322
0.458961
0.471667
0.470659
0.456495
0.430508
0.39333
0.346138
0.289929
0.227643
0.164215
0.104469
0.055565
0.021872
0.00507355
0.000192073
-0.000500527
-0.000301676
-0.000127232
-3.71429e-05
-8.22971e-06
-1.77908e-06
-3.66608e-07
-7.04353e-08
-1.19945e-08
-1.69191e-09
-1.64955e-10
-2.11443e-12
3.08401e-12
9.62518e-13
2.28663e-13
3.84564e-14
8.25253e-16
-1.3913e-16
-1.76348e-17
-4.5536e-19
7.13872e-20
1.97865e-20
1.46898e-20
8.22978e-21
3.85543e-21
8.17183e-22
2.15779e-22
3.69683e-23
2.10431e-24
-9.72049e-25
-6.37647e-25
-2.75767e-25
-1.00963e-25
-1.54212e-26
-7.68808e-26
-1.96217e-24
-2.52097e-24
1.41651e-22
6.97496e-22
-5.86266e-21
-4.36834e-20
2.54537e-20
-4.03994e-19
-7.3152e-18
-4.01964e-17
9.8654e-17
1.68042e-15
2.09106e-14
1.69447e-13
2.89368e-12
2.34247e-11
1.08694e-10
1.80396e-10
3.18501e-12
7.10747e-26
1.09424e-24
1.6326e-24
1.20309e-24
6.9383e-25
3.72825e-25
2.01785e-25
1.14617e-25
6.97637e-26
4.59406e-26
3.28492e-26
2.55488e-26
2.15341e-26
1.95486e-26
1.89812e-26
1.95808e-26
2.13149e-26
2.43229e-26
2.89149e-26
3.56059e-26
4.5165e-26
5.92159e-26
7.20894e-26
1.61358e-25
-1.48562e-26
-6.93099e-25
-1.78651e-24
-3.20479e-24
-5.22249e-24
-1.09297e-23
1.09287e-23
-7.05586e-23
-8.80569e-22
-3.76087e-21
-9.72865e-21
-2.06479e-20
-3.68113e-20
-5.31342e-20
-6.43784e-20
-6.67901e-20
-5.98792e-20
-5.13059e-20
-4.55812e-20
-3.70116e-20
-1.61617e-20
-1.14124e-20
-4.31452e-20
-1.48485e-19
-4.82926e-19
-5.07638e-19
1.16168e-17
-4.11798e-17
4.77663e-16
1.87991e-14
4.36349e-13
8.11476e-12
1.19092e-10
1.0971e-09
7.08049e-09
3.67242e-08
5.41469e-08
-1.39513e-06
-1.51772e-05
-0.00014084
-0.000663465
-0.00133027
-0.00177513
0.00193203
0.0245038
0.0721577
0.128888
0.18627
0.237553
0.278155
0.306094
0.32067
0.322295
0.311209
0.288608
0.256278
0.215866
0.169651
0.12193
0.0772557
0.0409958
0.0164156
0.00386399
6.82253e-05
-0.000453137
-0.000254453
-0.000102749
-2.88873e-05
-6.27255e-06
-1.25647e-06
-2.39713e-07
-4.41588e-08
-7.84639e-09
-1.3366e-09
-2.13109e-10
-3.15485e-11
-4.58328e-12
-6.8391e-13
-9.94522e-14
-1.2917e-14
-1.31393e-15
-7.32357e-17
3.7297e-17
-6.2457e-18
-2.56627e-18
5.65921e-18
-1.9157e-16
6.76209e-15
2.7407e-13
6.45204e-12
1.2676e-10
1.57673e-09
1.58377e-08
8.02809e-08
2.85499e-07
-2.21488e-06
-4.42484e-05
-0.000357968
-0.00100915
-0.00167417
-0.000733333
0.00958262
0.0425271
0.0909397
0.141849
0.188653
0.227093
0.254217
0.269064
0.271806
0.262645
0.243149
0.214776
0.179681
0.140075
0.0996722
0.0626962
0.0323905
0.0119847
0.00251711
-0.000259973
-0.000550354
-0.000286881
-0.000119043
-3.11041e-05
-6.09982e-06
-1.07452e-06
-1.59416e-07
-1.63234e-08
3.15895e-10
7.56713e-10
3.65382e-10
9.71286e-11
1.37413e-11
8.30791e-13
3.15405e-14
8.35561e-15
1.61894e-15
1.64707e-16
2.09321e-18
-8.38027e-20
1.35133e-19
4.6405e-21
-1.60596e-21
-1.0308e-21
-4.65861e-22
-1.67396e-22
-2.44591e-23
-4.42561e-24
-4.52922e-25
7.22272e-27
2.04705e-26
8.77561e-27
2.97474e-27
9.04377e-28
8.3902e-28
1.96231e-28
-8.802e-26
-3.90639e-25
8.9918e-24
8.24892e-23
-4.54374e-22
-7.0803e-21
-1.17022e-20
5.00106e-20
-2.44605e-19
-7.97692e-18
-3.59953e-17
6.29616e-17
1.69327e-15
2.92267e-14
5.0994e-13
4.12741e-12
1.55373e-11
2.24743e-11
3.03934e-12
-9.68799e-28
-2.60054e-26
-4.30815e-26
-3.13697e-26
-1.72768e-26
-8.81551e-27
-4.55095e-27
-2.48501e-27
-1.46693e-27
-9.45279e-28
-6.67464e-28
-5.17285e-28
-4.37973e-28
-4.02224e-28
-3.97794e-28
-4.20579e-28
-4.71874e-28
-5.578e-28
-6.90015e-28
-8.87676e-28
-1.1802e-27
-1.63239e-27
-2.00279e-27
-5.74662e-27
2.80254e-27
3.67903e-26
9.57736e-26
1.798e-25
3.11015e-25
6.56972e-25
-2.4778e-25
1.86791e-24
5.39221e-23
3.02121e-22
9.24834e-22
2.32259e-21
4.8357e-21
8.02487e-21
1.12817e-20
1.3422e-20
1.34645e-20
1.29382e-20
1.22134e-20
1.02215e-20
5.49875e-21
3.68619e-21
7.01222e-21
1.87896e-20
6.55354e-20
1.05468e-19
-9.73863e-19
9.68705e-18
-4.46856e-17
2.10754e-17
9.66693e-15
3.01916e-13
4.93535e-12
6.16927e-11
6.23328e-10
3.75458e-09
1.82139e-08
1.13232e-08
-9.10614e-07
-1.05741e-05
-9.02125e-05
-0.000507961
-0.00122922
-0.002075
-0.00169662
0.00357962
0.0224685
0.0514804
0.0831601
0.112174
0.13511
0.149599
0.154936
0.150893
0.13843
0.119363
0.0956594
0.0696664
0.0449096
0.0240859
0.0096212
0.00223391
-0.000132534
-0.000450746
-0.000248103
-0.000101982
-2.79169e-05
-5.57403e-06
-9.89718e-07
-1.49951e-07
-1.82921e-08
-1.17904e-09
2.31988e-10
1.19103e-10
4.37628e-11
8.71725e-12
1.01791e-12
1.90278e-14
-1.33263e-14
-1.87e-15
7.63572e-17
5.5668e-17
6.47845e-18
1.15063e-18
1.48219e-19
-5.84146e-19
4.56505e-18
-1.47228e-16
3.45892e-15
1.96016e-13
5.34981e-12
1.13066e-10
1.46582e-09
1.19174e-08
6.55328e-08
1.62479e-07
-3.02714e-06
-4.21517e-05
-0.000328854
-0.000957118
-0.00165613
-0.00206994
0.00079468
0.0124245
0.0354544
0.0618642
0.086561
0.106224
0.118668
0.12299
0.119082
0.108196
0.091675
0.0716304
0.0504887
0.0306274
0.0147237
0.00476505
0.000490537
-0.000655346
-0.00058353
-0.000296111
-0.000111686
-2.68024e-05
-4.61855e-06
-6.03337e-07
-3.65177e-08
1.17856e-08
6.00434e-09
1.98971e-09
4.31044e-10
7.95276e-11
1.57046e-11
2.95712e-12
4.61638e-13
6.12963e-14
6.8322e-15
5.84398e-16
2.83175e-17
2.25977e-18
5.88151e-19
3.91824e-20
1.24332e-21
1.29364e-22
5.73713e-23
2.12947e-23
5.80237e-24
5.919e-25
7.24762e-26
4.2889e-27
-5.43041e-28
-3.21598e-28
-1.04731e-28
-2.86673e-29
-7.68362e-30
-2.94674e-29
-3.96901e-29
2.78611e-27
1.22188e-26
-2.04806e-25
-1.1556e-24
1.58318e-23
3.69338e-23
-6.17784e-22
9.13571e-21
1.22148e-19
2.56812e-19
-5.40462e-18
-3.83705e-17
1.0362e-16
2.82136e-15
3.59861e-14
2.54497e-13
1.04384e-12
1.63763e-12
6.9513e-14
1.12824e-29
5.28178e-28
9.8561e-28
7.19392e-28
3.83716e-28
1.88362e-28
9.38569e-29
4.97914e-29
2.87719e-29
1.82877e-29
1.28415e-29
9.97477e-30
8.52201e-30
7.94646e-30
8.02746e-30
8.71728e-30
1.00964e-29
1.23767e-29
1.5942e-29
2.14326e-29
2.98683e-29
4.35908e-29
5.32794e-29
2.00477e-28
-1.88418e-28
-1.77409e-27
-4.71695e-27
-9.28357e-27
-1.70484e-26
-3.68259e-26
-2.97063e-27
-1.8065e-26
-3.08963e-24
-2.19958e-23
-7.77564e-23
-2.27533e-22
-5.45422e-22
-1.02643e-21
-1.66337e-21
-2.24732e-21
-2.49791e-21
-2.68247e-21
-2.73682e-21
-2.36718e-21
-1.47139e-21
-1.08558e-21
-1.30814e-21
-2.31378e-21
-7.26203e-21
-1.68774e-20
1.10161e-19
-4.9375e-19
4.63661e-18
-3.80275e-17
1.11969e-16
6.07272e-15
1.36055e-13
2.14587e-12
2.36229e-11
2.06504e-10
1.61092e-09
6.54567e-09
-1.39392e-08
-6.41314e-07
-7.38981e-06
-5.76181e-05
-0.000364823
-0.000991099
-0.0016915
-0.00246124
-0.00172275
0.00192506
0.0109171
0.0235375
0.0365231
0.0463054
0.0517949
0.0521934
0.0478117
0.0398136
0.0296231
0.0190837
0.00975544
0.00351816
0.000460433
-0.00047612
-0.000486037
-0.000254339
-0.000108152
-2.87365e-05
-5.28056e-06
-7.84747e-07
-8.32712e-08
3.58297e-10
3.22338e-09
1.06327e-09
3.09263e-10
5.56466e-11
9.50798e-12
1.76662e-12
3.31079e-13
5.88041e-14
9.74154e-15
1.38841e-15
1.69877e-16
1.88524e-17
2.44499e-18
3.847e-19
3.55533e-20
1.88801e-20
4.02507e-19
1.60877e-17
1.48722e-17
4.35259e-15
1.95404e-13
4.64149e-12
8.07912e-11
1.0368e-09
6.92088e-09
4.0601e-08
-2.02729e-08
-3.37184e-06
-3.72068e-05
-0.000269741
-0.000826393
-0.00146612
-0.00223545
-0.00196905
0.000463527
0.00714998
0.0166872
0.0264827
0.0339779
0.0376384
0.0371036
0.0329317
0.0261296
0.0178525
0.009871
0.00392407
0.000612581
-0.000681048
-0.000840843
-0.000555486
-0.000281089
-0.000106538
-2.52236e-05
-4.14824e-06
-4.34389e-07
1.00532e-08
2.16915e-08
7.24974e-09
1.97083e-09
3.91041e-10
7.76699e-11
1.4185e-11
2.31745e-12
3.37897e-13
4.24795e-14
4.39916e-15
2.91654e-16
-1.27392e-18
1.84497e-18
6.31054e-19
4.86886e-20
1.46319e-21
6.39705e-23
-2.02168e-24
-2.57049e-24
-8.04094e-25
-1.63775e-25
-1.18805e-26
-9.58394e-28
-2.76022e-29
1.16225e-29
4.24586e-30
1.11021e-30
2.58971e-31
7.22486e-32
-1.37977e-30
-1.02114e-29
2.19537e-28
2.66164e-27
-2.30936e-26
-4.4565e-25
1.46441e-24
4.20893e-23
8.59358e-23
-2.20748e-22
1.05541e-20
1.44701e-19
2.9426e-19
-4.39183e-18
-1.95176e-17
1.72187e-16
1.66673e-15
1.29806e-14
6.0574e-14
1.00079e-13
-3.69517e-15
-1.14907e-31
-9.33795e-30
-1.98411e-29
-1.46795e-29
-7.66622e-30
-3.65795e-30
-1.77593e-30
-9.23128e-31
-5.26081e-31
-3.31973e-31
-2.33177e-31
-1.82409e-31
-1.57834e-31
-1.49888e-31
-1.55036e-31
-1.73243e-31
-2.07417e-31
-2.63932e-31
-3.54215e-31
-4.97834e-31
-7.27299e-31
-1.12e-30
-1.34945e-30
-6.76206e-30
9.81965e-30
7.87936e-29
2.15036e-28
4.44028e-28
8.65746e-28
1.92914e-27
7.70659e-28
-1.6009e-27
1.67561e-25
1.46609e-24
5.86806e-24
1.97485e-23
5.38102e-23
1.1352e-22
2.11059e-22
3.20865e-22
3.91675e-22
4.67247e-22
5.14203e-22
4.58704e-22
3.12325e-22
2.46474e-22
2.38202e-22
2.84453e-22
7.19602e-22
2.38576e-21
-9.07286e-21
3.18741e-20
-2.6644e-19
5.23032e-18
-1.30817e-17
9.69012e-18
2.17433e-15
4.16549e-14
6.31515e-13
7.82586e-12
5.66685e-11
4.28494e-10
9.45257e-10
-2.22836e-08
-4.26625e-07
-4.69373e-06
-3.59031e-05
-0.000220341
-0.000695867
-0.00127898
-0.0019125
-0.00251257
-0.00213541
-0.000710115
0.00132057
0.00435871
0.00676977
0.00784303
0.00740121
0.00575588
0.00347462
0.00130172
-3.61861e-05
-0.000645609
-0.000708019
-0.000488133
-0.000254282
-0.000105582
-2.98722e-05
-5.11418e-06
-6.46824e-07
-3.33279e-08
1.27158e-08
5.96946e-09
1.65219e-09
3.443e-10
6.19943e-11
1.11663e-11
2.01611e-12
3.6072e-13
6.42796e-14
1.08589e-14
1.61415e-15
2.25249e-16
3.16356e-17
5.34941e-18
9.00404e-19
1.10532e-19
1.06499e-20
4.35733e-21
-1.14061e-19
-1.53956e-18
-2.25051e-17
4.87208e-17
5.85396e-15
1.43686e-13
2.79013e-12
4.70244e-11
6.21242e-10
4.5085e-09
2.23397e-08
-7.55517e-08
-2.81805e-06
-2.87299e-05
-0.000194088
-0.000632421
-0.00120613
-0.00179145
-0.00232882
-0.00212046
-0.00106105
0.000535661
0.00228924
0.00375078
0.00410955
0.0033936
0.00200363
0.00063309
-0.000427706
-0.000988373
-0.00105658
-0.000799797
-0.000480576
-0.000244483
-9.23062e-05
-2.30076e-05
-4.05027e-06
-4.49358e-07
4.472e-09
1.77254e-08
6.19375e-09
1.51502e-09
3.05494e-10
5.34653e-11
7.76543e-12
9.6923e-13
1.00995e-13
8.0113e-15
3.20246e-16
-8.20374e-17
-2.09833e-17
5.04622e-19
3.32428e-19
1.48508e-20
-2.91478e-22
3.23828e-23
6.09327e-24
4.16064e-25
9.87282e-26
2.5478e-26
3.81909e-27
2.03297e-28
1.01911e-29
-1.1641e-33
-1.79244e-31
-4.8717e-32
-1.05399e-32
-2.16386e-33
-6.08909e-34
2.33131e-32
1.19199e-31
-1.56299e-30
-1.38363e-31
-2.56176e-29
-6.39464e-27
-1.75705e-26
1.35718e-24
7.89269e-24
-1.10304e-22
-9.84919e-22
4.37205e-21
1.01982e-19
3.73654e-19
-2.77107e-18
-2.53198e-17
3.92e-17
5.50625e-16
3.10322e-15
5.32671e-15
-2.37962e-16
1.03977e-33
1.45795e-31
3.556e-31
2.68938e-31
1.38657e-31
6.48229e-32
3.0891e-32
1.5839e-32
8.95515e-33
5.64011e-33
3.98216e-33
3.14934e-33
2.7682e-33
2.68419e-33
2.8486e-33
3.28073e-33
4.06527e-33
5.37438e-33
7.51964e-33
1.10525e-32
1.69305e-32
2.75024e-32
3.24053e-32
2.17773e-31
-4.4353e-31
-3.239e-30
-9.09594e-30
-1.9717e-29
-4.08258e-29
-9.43213e-29
-5.79756e-29
1.24528e-28
-8.70575e-27
-9.01606e-26
-4.02157e-25
-1.53859e-24
-4.70988e-24
-1.1035e-23
-2.34564e-23
-3.97736e-23
-5.29125e-23
-6.97099e-23
-8.2043e-23
-7.52398e-23
-5.42282e-23
-4.43426e-23
-3.85125e-23
-3.44775e-23
-6.55799e-23
-2.7314e-22
9.30838e-22
-1.31063e-21
1.13577e-20
-5.68511e-19
9.52819e-19
4.38555e-18
-8.31067e-17
4.54216e-16
1.02565e-14
1.67351e-13
2.0342e-12
1.74371e-11
1.1899e-10
2.01359e-10
-1.0034e-08
-2.00129e-07
-2.35122e-06
-1.87202e-05
-0.000112205
-0.000408312
-0.000851632
-0.00134448
-0.00176777
-0.00208053
-0.00221271
-0.00197683
-0.00160844
-0.0012887
-0.00112802
-0.00109646
-0.00113213
-0.00112461
-0.000956013
-0.000698324
-0.000431163
-0.00022918
-9.70288e-05
-2.9016e-05
-5.64028e-06
-6.6655e-07
-2.07391e-08
1.64642e-08
6.61509e-09
1.639e-09
3.16677e-10
5.73859e-11
9.99045e-12
1.66409e-12
2.70563e-13
4.25932e-14
6.35501e-15
8.63419e-16
1.02309e-16
1.44822e-17
3.59355e-18
7.58539e-19
1.02173e-19
1.13244e-20
1.30508e-21
-4.56847e-22
1.00611e-20
4.90597e-20
1.91601e-18
-1.20092e-17
-1.30786e-17
2.60804e-15
6.05923e-14
1.18767e-12
2.51091e-11
4.94776e-10
3.84429e-09
2.12709e-08
-3.02918e-08
-1.94068e-06
-1.96055e-05
-0.000120018
-0.000420134
-0.00087044
-0.0013185
-0.0016948
-0.00199964
-0.00208427
-0.00199607
-0.00178381
-0.00161762
-0.001532
-0.00149534
-0.00139717
-0.00119215
-0.000924208
-0.000627915
-0.000379435
-0.000194526
-7.3236e-05
-1.90245e-05
-3.67635e-06
-4.51437e-07
-1.01122e-08
1.22145e-08
4.50431e-09
1.01316e-09
1.95099e-10
3.21006e-11
4.57169e-12
5.70038e-13
6.06672e-14
5.29128e-15
2.93139e-16
-3.79283e-17
-1.0995e-17
6.99157e-20
1.1909e-19
-1.52722e-21
-9.10553e-22
1.00358e-23
4.21122e-24
4.56982e-26
-1.11402e-26
-2.94018e-27
-6.81756e-28
-7.44426e-29
-3.06465e-30
-8.36594e-32
3.60609e-33
2.27959e-33
4.9477e-34
9.01709e-35
8.72851e-36
-8.54208e-35
1.62452e-33
3.39517e-32
-2.9042e-31
-9.36112e-30
2.48164e-29
1.79246e-27
1.56266e-27
-1.49229e-25
-3.42083e-25
-2.21572e-24
-1.51351e-22
-1.45875e-21
2.08996e-21
9.01087e-20
1.71582e-19
-4.11532e-18
-2.44443e-17
-1.97982e-17
1.23021e-16
2.63872e-16
-2.08346e-17
-8.40213e-36
-2.03385e-33
-5.72878e-33
-4.45618e-33
-2.28217e-33
-1.05164e-33
-4.94679e-34
-2.5149e-34
-1.41719e-34
-8.94785e-35
-6.37565e-35
-5.11213e-35
-4.57619e-35
-4.54032e-35
-4.95225e-35
-5.88635e-35
-7.55697e-35
-1.03875e-34
-1.51604e-34
-2.33113e-34
-3.74518e-34
-6.41334e-34
-7.36647e-34
-6.61894e-33
1.79591e-32
1.23283e-31
3.568e-31
8.12471e-31
1.78718e-30
4.29154e-30
3.26697e-30
-4.98878e-30
4.36955e-28
5.14196e-27
2.52505e-26
1.08678e-25
3.69812e-25
9.55545e-25
2.31567e-24
4.34267e-24
6.25461e-24
9.04813e-24
1.12874e-23
1.05982e-23
7.90891e-24
6.55207e-24
5.35427e-24
3.97799e-24
5.66427e-24
2.60665e-23
-7.79301e-23
1.61754e-22
3.05584e-23
3.72435e-20
-3.56657e-20
-5.86789e-19
2.77112e-18
-2.53011e-17
-8.12569e-17
-5.80869e-16
-2.94956e-14
-5.89282e-13
8.43376e-12
1.37385e-10
7.04042e-10
1.41175e-09
-5.38492e-08
-9.5435e-07
-8.58504e-06
-4.64526e-05
-0.000191473
-0.000473479
-0.000802358
-0.00108444
-0.00130117
-0.00140991
-0.00145411
-0.00141587
-0.0013021
-0.00115056
-0.00095495
-0.000738676
-0.000518773
-0.00033274
-0.000185439
-7.89584e-05
-2.48531e-05
-5.52342e-06
-8.30266e-07
-3.77849e-08
1.45342e-08
6.10918e-09
1.38121e-09
2.67857e-10
4.47414e-11
6.57943e-12
9.00305e-13
1.14096e-13
1.28133e-14
1.2162e-15
3.45449e-17
-2.17007e-17
1.34788e-18
1.84043e-18
3.31219e-19
3.81639e-20
6.11696e-21
1.16654e-21
1.58183e-22
6.5167e-23
-5.68461e-22
2.2306e-22
-8.17427e-20
1.10466e-18
-5.94102e-18
-8.33075e-17
2.44778e-16
1.42217e-14
5.43761e-13
1.62959e-11
3.93941e-10
4.62357e-09
2.47608e-08
2.75512e-08
-1.08957e-06
-1.15957e-05
-6.40705e-05
-0.000236918
-0.000511806
-0.000832919
-0.00110638
-0.00127174
-0.00138515
-0.00138844
-0.00133029
-0.00121294
-0.00104624
-0.000850023
-0.000643778
-0.00044412
-0.000271693
-0.000132121
-5.00351e-05
-1.37582e-05
-2.88978e-06
-4.04358e-07
-1.85512e-08
7.92467e-09
3.0719e-09
6.35301e-10
1.18379e-10
1.84855e-11
2.54186e-12
3.09323e-13
3.3016e-14
3.05502e-15
1.77453e-16
-1.75801e-17
-4.49532e-18
6.09902e-19
9.13621e-20
-1.80364e-21
-4.75995e-22
8.95644e-24
9.45003e-25
-5.47593e-26
7.44036e-27
1.21692e-27
1.10177e-28
1.59582e-29
1.22455e-30
4.21687e-32
4.30083e-34
-7.08405e-35
-2.49133e-35
-4.48163e-36
-6.93182e-37
-3.37605e-38
-2.0765e-37
-1.04739e-35
2.31621e-34
3.24236e-34
-1.59466e-31
-1.06133e-31
6.15882e-29
2.23149e-28
-1.07497e-26
-5.34185e-26
9.05192e-25
3.47259e-24
-1.07408e-22
-1.03282e-21
-3.61813e-22
3.7508e-20
4.93477e-20
-2.24501e-18
-1.15538e-17
-2.16761e-17
-1.16796e-17
3.92225e-19
5.94561e-38
2.55889e-35
8.35913e-35
6.7147e-35
3.4305e-35
1.56475e-35
7.29544e-36
3.69172e-36
2.0809e-36
1.32197e-36
9.53529e-37
7.76807e-37
7.0963e-37
7.21655e-37
8.1013e-37
9.94928e-37
1.32451e-36
1.89421e-36
2.88507e-36
4.64239e-36
7.82441e-36
1.41108e-35
1.58628e-35
1.87801e-34
-6.5916e-34
-4.33446e-33
-1.29451e-32
-3.09928e-32
-7.24491e-32
-1.81009e-31
-1.57298e-31
8.6752e-32
-2.12271e-29
-2.72596e-28
-1.46139e-27
-7.01031e-27
-2.62773e-26
-7.4537e-26
-2.054e-25
-4.22599e-25
-6.55128e-25
-1.03468e-24
-1.35632e-24
-1.29755e-24
-9.87185e-25
-8.15723e-25
-6.38426e-25
-4.2143e-25
-4.71761e-25
-2.03061e-24
5.78518e-24
-1.64075e-23
-5.4836e-23
-1.73462e-21
6.99981e-22
4.1613e-20
-5.23614e-20
1.68257e-18
2.73361e-18
-1.18415e-16
-1.21752e-15
5.28839e-15
1.37151e-13
3.54507e-12
8.76044e-11
9.53526e-10
6.16472e-09
8.20368e-09
-3.03596e-07
-3.21553e-06
-1.89273e-05
-7.25557e-05
-0.000199113
-0.000363151
-0.000543892
-0.000660515
-0.000724367
-0.000735494
-0.000683917
-0.000592147
-0.000477445
-0.000349074
-0.000219435
-0.000119032
-5.33197e-05
-1.75894e-05
-4.46196e-06
-7.96376e-07
-6.91888e-08
9.39796e-09
4.98678e-09
1.08745e-09
2.18304e-10
3.36939e-11
4.50805e-12
5.5238e-13
6.33986e-14
7.01512e-15
6.64685e-16
1.21039e-17
-4.33574e-18
2.30673e-18
7.32749e-19
8.27793e-20
1.22703e-20
3.66402e-21
7.22545e-22
8.7343e-23
7.84409e-24
-2.31331e-24
2.16243e-23
-9.61592e-23
1.90951e-21
7.959e-21
8.58931e-19
-5.58588e-18
-7.52594e-17
-3.18292e-16
2.83591e-15
4.33399e-13
1.83489e-11
4.63987e-10
5.45401e-09
2.71516e-08
7.11221e-08
-4.64863e-07
-5.76055e-06
-2.99328e-05
-0.000105664
-0.000250788
-0.000421399
-0.000578265
-0.000681852
-0.000718284
-0.000688565
-0.000622582
-0.000525262
-0.00039532
-0.000267864
-0.000156249
-7.69775e-05
-2.8856e-05
-8.65079e-06
-1.94678e-06
-2.87643e-07
-1.24204e-08
6.30171e-09
2.23314e-09
4.2056e-10
7.10819e-11
1.00407e-11
1.25881e-12
1.41542e-13
1.43631e-14
1.28461e-15
3.13668e-17
-2.34767e-17
-1.54376e-18
2.47728e-19
1.45703e-20
-2.72152e-21
-1.53013e-22
1.52711e-23
1.51309e-24
1.38308e-25
1.44154e-26
5.97397e-28
-5.58139e-30
-1.88749e-30
-2.84091e-31
-1.60358e-32
-5.43194e-34
9.35714e-37
9.53195e-37
2.38935e-37
3.63794e-38
4.71157e-39
2.16245e-39
8.77677e-38
-6.31297e-37
-4.82628e-35
6.12506e-35
1.92369e-32
7.41835e-32
-4.88117e-30
-3.49929e-29
2.49168e-28
2.51506e-27
7.36251e-26
1.49309e-24
9.23798e-24
-6.3088e-23
-1.05539e-21
-1.3634e-21
4.536e-20
1.76119e-19
-2.96112e-19
-2.14384e-18
-1.96719e-18
5.54891e-20
-3.39959e-40
-2.92673e-37
-1.11144e-36
-9.23894e-37
-4.72101e-37
-2.13749e-37
-9.9062e-38
-5.00367e-38
-2.82916e-38
-1.81406e-38
-1.327e-38
-1.10026e-38
-1.02738e-38
-1.07235e-38
-1.24038e-38
-1.57533e-38
-2.17619e-38
-3.23967e-38
-5.15133e-38
-8.67632e-38
-1.53441e-37
-2.9108e-37
-3.24329e-37
-4.92469e-36
2.1962e-35
1.40151e-34
4.32561e-34
1.09004e-33
2.70845e-33
7.04504e-33
6.76424e-33
4.63638e-33
9.89857e-31
1.34223e-29
7.81824e-29
4.14782e-28
1.70063e-27
5.28464e-27
1.65148e-26
3.70005e-26
6.14205e-26
1.05276e-25
1.43807e-25
1.39387e-25
1.0686e-25
8.70254e-26
6.55772e-26
3.99994e-26
3.76291e-26
1.30155e-25
-3.43459e-25
1.36247e-24
5.64977e-24
6.19605e-23
-9.53184e-24
-1.79315e-21
-1.30662e-21
-4.66578e-20
5.22597e-19
2.14734e-18
-1.49031e-17
-8.20098e-17
7.75627e-16
6.17284e-14
2.23421e-12
6.45561e-11
9.53418e-10
6.46697e-09
2.57107e-08
-3.71938e-08
-1.09218e-06
-6.88463e-06
-2.45559e-05
-6.11272e-05
-0.000122751
-0.00018779
-0.000232172
-0.000255096
-0.000244967
-0.000210247
-0.000160702
-0.000108015
-6.0738e-05
-2.76073e-05
-1.01264e-05
-2.90433e-06
-5.82751e-07
-6.10183e-08
6.25259e-09
4.24353e-09
9.21145e-10
1.56387e-10
2.1611e-11
2.68953e-12
3.03634e-13
3.15434e-14
3.08283e-15
1.67557e-16
-4.24001e-17
-5.11797e-18
1.19599e-18
2.6762e-19
2.39986e-20
4.83116e-21
1.24607e-21
1.86816e-22
2.24226e-23
3.7526e-24
6.30918e-25
2.01391e-25
-5.11229e-25
2.87697e-24
3.86382e-24
-3.25558e-21
1.15536e-20
6.07843e-19
-4.37109e-18
-3.90614e-17
-1.76469e-16
7.51212e-15
6.45963e-13
2.41916e-11
5.11124e-10
6.01568e-09
2.7932e-08
9.04686e-08
-8.02808e-08
-2.30633e-06
-1.29105e-05
-4.02158e-05
-9.47937e-05
-0.000158047
-0.000219215
-0.000250502
-0.000245876
-0.000219444
-0.000176593
-0.000123171
-7.38922e-05
-3.59936e-05
-1.43923e-05
-4.64033e-06
-1.10303e-06
-1.6226e-07
-6.59209e-10
6.87107e-09
2.048e-09
3.34668e-10
4.69618e-11
5.62368e-12
6.22453e-13
6.36122e-14
6.05255e-15
4.7311e-16
-7.37534e-18
-1.02639e-17
-3.33275e-19
1.11294e-19
3.23369e-21
-5.83537e-22
6.17278e-23
1.25331e-23
5.37582e-25
2.303e-26
2.6626e-27
1.55655e-28
1.92568e-29
2.36626e-30
1.54828e-31
8.27288e-33
2.37768e-34
4.75975e-36
-6.35646e-38
-1.03762e-38
-2.02999e-39
-2.65222e-40
-3.03653e-41
-2.19008e-41
6.46622e-40
1.44613e-38
-7.09501e-37
-9.85595e-36
5.3442e-34
6.85093e-33
-2.4629e-31
-2.92099e-30
4.13587e-29
4.38384e-28
-1.64392e-27
4.11309e-26
1.3299e-24
7.41385e-24
-3.79456e-23
-4.2804e-22
1.4096e-21
2.8829e-20
1.37099e-19
2.47366e-19
2.32975e-19
-2.82586e-21
1.5072e-42
3.06987e-39
1.3517e-38
1.16335e-38
5.9561e-39
2.68125e-39
1.23746e-39
6.25107e-40
3.55307e-40
2.30438e-40
1.71133e-40
1.44617e-40
1.38201e-40
1.48207e-40
1.76786e-40
2.32346e-40
3.33226e-40
5.16574e-40
8.57718e-40
1.51235e-39
2.80673e-39
5.59394e-39
6.30457e-39
1.18299e-37
-6.62037e-37
-4.14352e-36
-1.32399e-35
-3.51607e-35
-9.28702e-35
-2.51758e-34
-2.64375e-34
-5.59511e-34
-4.36458e-32
-6.11917e-31
-3.86568e-30
-2.25494e-29
-1.00655e-28
-3.42669e-28
-1.2108e-27
-2.93494e-27
-5.19362e-27
-9.60223e-27
-1.35585e-26
-1.32309e-26
-1.0122e-26
-8.04322e-27
-5.8315e-27
-3.35389e-27
-2.79488e-27
-6.79009e-27
1.74945e-26
-8.66119e-26
-3.49245e-25
-1.9063e-24
1.97082e-24
6.14025e-23
1.13268e-22
2.1268e-22
-1.60943e-20
1.65828e-19
-1.3855e-19
-2.23246e-17
-5.95265e-17
1.72304e-16
4.82461e-14
2.06806e-12
6.10285e-11
8.66147e-10
5.43109e-09
2.47161e-08
3.61993e-08
-3.09895e-07
-2.02341e-06
-6.95232e-06
-1.68047e-05
-2.92932e-05
-4.27941e-05
-5.26956e-05
-5.41657e-05
-4.71684e-05
-3.50196e-05
-2.20086e-05
-1.12597e-05
-4.69218e-06
-1.48527e-06
-3.29828e-07
-3.24989e-08
7.43029e-09
4.28988e-09
9.24709e-10
1.37324e-10
1.62869e-11
1.72885e-12
1.72326e-13
1.65881e-14
1.54843e-15
8.08126e-17
-1.00663e-17
5.09053e-19
5.7206e-19
6.23115e-20
4.75216e-21
1.91173e-21
5.0632e-22
9.24745e-23
1.80665e-23
3.29236e-24
4.3188e-25
3.98174e-26
-1.07006e-27
3.82302e-27
5.59925e-26
-2.99906e-24
1.29214e-22
-2.68928e-21
2.93077e-20
3.27559e-19
-6.10705e-18
-3.14131e-17
3.43075e-17
1.57024e-14
8.72516e-13
2.74758e-11
5.26528e-10
6.21762e-09
2.64461e-08
9.0094e-08
9.9987e-08
-8.4434e-07
-4.37777e-06
-1.36107e-05
-2.61346e-05
-4.32147e-05
-5.55101e-05
-5.77238e-05
-5.17035e-05
-4.00691e-05
-2.57514e-05
-1.39306e-05
-6.1439e-06
-2.09496e-06
-5.17944e-07
-6.4403e-08
9.62424e-09
7.54567e-09
2.07461e-09
3.39204e-10
3.8597e-11
3.62712e-12
3.25554e-13
2.88127e-14
2.41989e-15
1.10062e-16
-2.68862e-17
-3.12428e-18
3.77557e-19
6.71587e-20
1.14454e-21
-1.02075e-22
2.45385e-23
1.97111e-24
4.52876e-26
3.45733e-26
5.76043e-27
4.96947e-28
3.41875e-29
1.90736e-30
7.16374e-32
2.24782e-33
7.85217e-35
4.35009e-36
1.427e-37
3.04522e-39
1.04554e-40
1.53688e-41
1.73791e-42
1.84049e-43
5.73327e-44
-2.59548e-41
-6.44382e-41
3.0115e-38
2.15951e-37
-2.11916e-35
-2.42093e-34
9.71111e-33
1.50244e-31
4.91774e-31
-9.68136e-30
-5.65092e-28
-7.86032e-27
-4.22625e-27
8.92824e-25
8.43413e-24
6.28639e-24
-3.53926e-22
-1.33268e-21
6.43545e-21
3.71096e-20
3.99847e-20
-1.01297e-21
-3.02887e-45
-2.97504e-41
-1.50776e-40
-1.34132e-40
-6.88516e-41
-3.08471e-41
-1.41946e-41
-7.18115e-42
-4.10985e-42
-2.69916e-42
-2.03699e-42
-1.75629e-42
-1.71923e-42
-1.89571e-42
-2.33329e-42
-3.17482e-42
-4.72866e-42
-7.63489e-42
-1.32388e-41
-2.44372e-41
-4.75917e-41
-9.95469e-41
-1.1623e-40
-2.58394e-39
1.79525e-38
1.11256e-37
3.68855e-37
1.03364e-36
2.90226e-36
8.21484e-36
9.43096e-36
3.45585e-35
1.79018e-33
2.57282e-32
1.7628e-31
1.12589e-30
5.45564e-30
2.03763e-29
8.10961e-29
2.11494e-28
3.97467e-28
7.87931e-28
1.1412e-27
1.11378e-27
8.42874e-28
6.47406e-28
4.49792e-28
2.46079e-28
1.87408e-28
2.84185e-28
-7.86518e-28
4.76111e-27
1.62569e-26
6.54243e-26
-1.41346e-25
-1.43057e-24
-4.67035e-24
6.8577e-24
-2.91875e-22
-2.38787e-21
1.35135e-19
-2.20462e-19
-1.6647e-17
-1.15983e-17
9.04167e-16
5.21915e-14
1.88058e-12
4.72735e-11
8.07735e-10
4.46098e-09
1.95233e-08
4.13075e-08
-1.22352e-08
-4.43754e-07
-1.61132e-06
-3.41815e-06
-5.75637e-06
-7.86563e-06
-8.60162e-06
-7.72853e-06
-5.72452e-06
-3.47863e-06
-1.64451e-06
-5.8512e-07
-1.29442e-07
-4.36867e-09
9.80839e-09
4.60774e-09
1.04305e-09
1.64687e-10
1.61664e-11
1.35793e-12
1.06176e-13
8.56065e-15
6.54981e-16
1.98983e-17
-4.12995e-18
5.65132e-19
2.6996e-19
3.58433e-20
6.52864e-21
1.63133e-21
2.97138e-22
4.75059e-23
7.7119e-24
1.08801e-24
1.28862e-25
1.61888e-26
2.25531e-27
3.44917e-28
3.54832e-28
-8.17909e-27
1.47217e-25
-3.802e-24
-2.13025e-23
-2.17444e-21
5.53869e-20
2.50794e-19
-8.24335e-18
-2.98782e-17
2.61113e-16
2.26909e-14
1.00094e-12
3.01731e-11
5.32254e-10
6.05171e-09
2.38033e-08
7.91303e-08
1.10029e-07
-9.62445e-08
-1.22911e-06
-3.16484e-06
-6.28525e-06
-9.00525e-06
-9.88677e-06
-9.06896e-06
-6.97814e-06
-4.26839e-06
-2.09233e-06
-7.71442e-07
-1.78721e-07
-6.47832e-09
1.55243e-08
7.90424e-09
2.04954e-09
3.60496e-10
4.10187e-11
3.13337e-12
2.07361e-13
1.40677e-14
9.48322e-16
2.53154e-17
-7.51764e-18
2.29551e-19
2.31431e-19
1.38234e-20
-9.10344e-22
-2.2e-24
2.09431e-23
2.55331e-24
3.35594e-25
4.44615e-26
3.74923e-27
2.25172e-28
1.43747e-29
1.03661e-30
7.35973e-32
4.87607e-33
2.43261e-34
8.18381e-36
1.84345e-37
4.94713e-39
1.71689e-40
2.91256e-42
-7.83932e-44
-1.02088e-44
-8.62638e-46
4.22815e-45
-1.98101e-43
-1.3279e-41
5.67745e-40
2.53817e-38
-7.79703e-37
-2.99436e-35
6.23969e-34
1.89523e-32
-4.471e-32
-2.86504e-30
-2.38678e-29
-5.38276e-28
-8.36892e-27
-1.64388e-26
6.70627e-25
4.52946e-24
-2.41385e-23
-3.61854e-22
-1.24046e-21
-5.89611e-22
7.83675e-22
-4.17324e-23
-3.78181e-47
2.63539e-43
1.51739e-42
1.3894e-42
7.1467e-43
3.18871e-43
1.46437e-43
7.42765e-44
4.28534e-44
2.85163e-44
2.18815e-44
1.92576e-44
1.93148e-44
2.18984e-44
2.78058e-44
3.91529e-44
6.05238e-44
1.01697e-43
1.83974e-43
3.55106e-43
7.24785e-43
1.5879e-42
1.96109e-42
4.9443e-41
-4.19294e-40
-2.59525e-39
-8.93631e-39
-2.64056e-38
-7.86403e-38
-2.32603e-37
-2.91517e-37
-1.51727e-36
-6.38095e-35
-9.39522e-34
-6.96093e-33
-4.83386e-32
-2.5276e-31
-1.03177e-30
-4.56985e-30
-1.26928e-29
-2.51507e-29
-5.29355e-29
-7.79574e-29
-7.56398e-29
-5.62513e-29
-4.15173e-29
-2.75711e-29
-1.44217e-29
-1.02077e-29
-8.58431e-30
3.10544e-29
-2.13719e-28
-5.6061e-28
-2.40568e-27
6.77203e-27
2.12921e-26
1.51005e-25
5.61951e-25
5.90436e-24
-4.66193e-22
-1.21993e-21
8.8162e-20
-1.25538e-20
-9.51754e-18
-6.3452e-18
6.63477e-16
4.33476e-14
1.61717e-12
4.34235e-11
5.76983e-10
3.46733e-09
1.31829e-08
3.59459e-08
4.8075e-08
1.68085e-08
-6.75806e-08
-2.55547e-07
-4.92171e-07
-6.12461e-07
-5.70145e-07
-4.02429e-07
-2.08301e-07
-5.82981e-08
8.92807e-09
2.14856e-08
1.30787e-08
4.95837e-09
1.20367e-09
2.18286e-10
2.52653e-11
1.98892e-12
1.35796e-13
8.71242e-15
5.48442e-16
7.36573e-18
2.81791e-19
1.18101e-18
2.30416e-19
2.92417e-20
4.33535e-21
7.23601e-22
1.1525e-22
2.00035e-23
3.63529e-24
6.21616e-25
1.00722e-25
1.49488e-26
1.82581e-27
1.74541e-28
1.27994e-29
-1.71043e-29
3.53951e-28
-4.68299e-27
7.22689e-26
3.15603e-24
-1.87073e-22
-1.77111e-21
6.96845e-20
1.74986e-19
-9.93642e-18
-3.15469e-17
3.19554e-16
2.54119e-14
1.15148e-12
3.24566e-11
5.27531e-10
5.26759e-09
2.01647e-08
5.56778e-08
1.17488e-07
1.21802e-07
4.27024e-08
-2.18238e-07
-5.34934e-07
-6.80425e-07
-6.64647e-07
-5.05408e-07
-2.51191e-07
-6.58347e-08
1.81908e-08
3.25111e-08
1.96613e-08
7.81547e-09
2.01307e-09
3.89301e-10
4.95633e-11
4.21486e-12
2.44051e-13
1.26512e-14
6.51928e-16
2.71475e-17
-4.58509e-19
3.06232e-19
8.17126e-20
4.3938e-21
2.13898e-22
9.33589e-23
1.60703e-23
1.8772e-24
2.09697e-25
2.07668e-26
1.70236e-27
1.42954e-28
1.27304e-29
9.60401e-31
5.87846e-32
2.98205e-33
1.29351e-34
5.83414e-36
3.2389e-37
1.50313e-38
4.2498e-40
6.2705e-42
7.67346e-44
2.52442e-45
7.80017e-47
3.56869e-48
-1.34497e-47
4.11106e-45
3.42694e-44
-1.28397e-41
-7.13862e-41
2.09075e-38
2.13027e-37
-1.56503e-35
-2.04792e-34
-1.03183e-33
2.37191e-32
2.44308e-30
2.76739e-29
-2.53685e-28
-6.48746e-27
-3.7236e-26
9.07817e-26
1.957e-24
1.65829e-24
-9.34189e-23
-2.85601e-22
-1.66629e-22
3.2123e-24
)
;

boundaryField
{
    inlet
    {
        type            uniformFixedValue;
        uniformValue    table;
        uniformValueCoeffs
        {
            values          
4
(
(0 1)
(0.15 1)
(0.151 0)
(1 0)
)
;
        }
        value           uniform 1;
    }
    outlet
    {
        type            inletOutlet;
        inletValue      uniform 0;
        value           nonuniform List<scalar> 
200
(
0
0
0
0
0
0
0
0
0
0
0
0
0
0
0
0
0
0
0
0
0
0
0
0
0
0
0
0
0
0
0
0
0
0
0
0
0
0
0
0
0
0
0
0
0
0
0
0
0
0
0
0
0
0
0
0
0
0
0
0
0
0
0
0
0
0
4.33476e-14
1.61717e-12
4.34235e-11
5.76983e-10
3.46733e-09
1.31829e-08
3.59459e-08
4.8075e-08
1.68085e-08
-6.75806e-08
-2.55547e-07
-4.92171e-07
-6.12461e-07
-5.70145e-07
-4.02429e-07
-2.08301e-07
-5.82981e-08
8.92807e-09
2.14856e-08
1.30787e-08
4.95837e-09
1.20367e-09
2.18286e-10
2.52653e-11
1.98892e-12
0
0
0
0
0
0
0
0
0
0
0
0
0
0
0
0
0
0
0
0
0
0
0
0
0
0
0
0
0
0
3.19554e-16
2.54119e-14
1.15148e-12
3.24566e-11
5.27531e-10
5.26759e-09
2.01647e-08
5.56778e-08
1.17488e-07
1.21802e-07
4.27024e-08
-2.18238e-07
-5.34934e-07
-6.80425e-07
-6.64647e-07
-5.05408e-07
-2.51191e-07
-6.58347e-08
1.81908e-08
3.25111e-08
1.96613e-08
7.81547e-09
2.01307e-09
3.89301e-10
4.95633e-11
4.21486e-12
2.44051e-13
0
0
0
0
0
0
0
0
0
0
0
0
0
0
0
0
0
0
0
0
0
0
0
0
0
0
0
0
0
0
0
0
0
0
2.09075e-38
2.13027e-37
-1.56503e-35
-2.04792e-34
-1.03183e-33
2.37191e-32
2.44308e-30
2.76739e-29
-2.53685e-28
-6.48746e-27
-3.7236e-26
9.07817e-26
1.957e-24
1.65829e-24
-9.34189e-23
-2.85601e-22
-1.66629e-22
3.2123e-24
)
;
    }
    walls
    {
        type            zeroGradient;
    }
    frontAndBack
    {
        type            empty;
    }
}


// ************************************************************************* //
