/*--------------------------------*- C++ -*----------------------------------*\
| =========                 |                                                 |
| \\      /  F ield         | OpenFOAM: The Open Source CFD Toolbox           |
|  \\    /   O peration     | Version:  2506                                  |
|   \\  /    A nd           | Website:  www.openfoam.com                      |
|    \\/     M anipulation  |                                                 |
\*---------------------------------------------------------------------------*/
FoamFile
{
    version     2.0;
    format      ascii;
    arch        "LSB;label=32;scalar=64";
    class       volScalarField;
    location    "3.9";
    object      s;
}
// * * * * * * * * * * * * * * * * * * * * * * * * * * * * * * * * * * * * * //

dimensions      [0 0 0 0 0 0 0];

internalField   nonuniform List<scalar> 
4000
(
-2.00233e-21
9.36554e-21
-3.59298e-20
9.52621e-20
-7.98853e-20
-4.99631e-19
1.40645e-18
-1.37874e-17
5.02697e-16
2.69082e-15
4.34395e-15
-2.92565e-13
-5.57377e-12
-1.00852e-10
-9.17827e-10
-3.49043e-09
-1.2984e-08
-1.83978e-08
5.01005e-07
1.23244e-05
0.000139384
0.00156191
0.0157869
0.0513017
0.105746
0.147052
0.161802
0.16182
0.154292
0.12324
0.0705066
0.0226924
0.00488559
0.00285677
0.00342254
0.00434798
0.00649651
0.0095512
0.0132881
0.017135
0.0202849
0.0227781
0.0254736
0.0284178
0.0310264
0.0334047
0.0357005
0.0382865
0.0408118
0.0433352
0.0458729
0.0481177
0.0502872
0.052088
0.0535381
0.0546439
0.0553909
0.0557736
0.0558252
0.0555697
0.0549886
0.0541231
0.0530888
0.0508179
0.0453754
0.035468
0.0223091
0.0123068
0.00744459
0.00459192
0.002725
0.00154402
0.000844206
0.000450944
0.000236701
0.000121335
5.9975e-05
2.85088e-05
1.32841e-05
6.33658e-06
3.14411e-06
1.5813e-06
7.87222e-07
3.82004e-07
1.79161e-07
8.1528e-08
3.6021e-08
1.53827e-08
6.34653e-09
2.49933e-09
9.23267e-10
3.20542e-10
9.59486e-11
1.51953e-11
-1.75001e-11
-5.32747e-11
-1.29942e-10
-2.30583e-10
-3.03473e-10
-2.88352e-10
-3.06598e-10
-8.97884e-10
-3.54082e-09
-1.32621e-08
-3.88888e-08
-1.06083e-07
-2.28321e-07
-4.24192e-07
-6.43423e-07
-9.3244e-07
-1.26037e-06
-1.68829e-06
-2.20218e-06
-2.67211e-06
-3.08943e-06
-3.38089e-06
-3.35258e-06
-3.05946e-06
-2.49193e-06
-1.67607e-06
-6.2915e-07
6.16874e-07
2.03369e-06
3.61413e-06
5.80681e-06
1.37903e-05
2.54873e-05
3.75414e-05
4.8583e-05
5.87586e-05
6.387e-05
6.62709e-05
6.99788e-05
6.6133e-05
6.21267e-05
6.385e-05
5.16086e-05
5.18824e-05
4.35241e-05
3.69172e-05
3.12065e-05
2.80908e-05
2.63552e-05
2.47829e-05
2.26476e-05
1.99392e-05
1.65461e-05
1.28977e-05
9.3125e-06
6.1701e-06
3.73588e-06
2.05744e-06
1.04256e-06
5.02512e-07
2.37628e-07
1.05308e-07
1.77305e-08
-6.94734e-08
-1.72974e-07
-2.94686e-07
-5.90319e-07
-1.04125e-06
-1.54589e-06
-2.17028e-06
-3.2158e-06
-4.50614e-06
-5.10558e-06
-5.44069e-06
-5.83213e-06
-6.14247e-06
-6.34613e-06
-6.39126e-06
-6.24817e-06
-6.00899e-06
-5.63826e-06
-5.11405e-06
-4.4629e-06
-3.74581e-06
-3.02821e-06
-2.36577e-06
-1.80547e-06
-1.35884e-06
-1.0156e-06
-7.53303e-07
-5.46838e-07
-3.40917e-07
-2.36408e-07
-1.44824e-07
-8.47842e-08
-4.74912e-08
-2.64749e-08
-1.59821e-08
-9.96616e-09
-6.43546e-09
-4.31338e-09
-2.97321e-09
-2.11749e-09
-1.49499e-09
-9.91139e-10
-4.41143e-10
-1.17349e-21
3.55441e-21
-6.38203e-21
-6.0899e-21
1.2894e-19
-6.67252e-19
1.94733e-18
-2.54233e-18
8.49107e-17
-4.23073e-16
-1.08346e-14
-1.69614e-13
-2.18969e-12
-2.14169e-11
-1.75758e-10
-1.37436e-09
-1.17854e-08
-4.51822e-08
-2.85934e-08
2.75355e-06
3.46647e-05
0.000160755
0.000548729
0.00150359
0.00329404
0.00603849
0.00946905
0.0129635
0.0164524
0.0196308
0.0218727
0.0220971
0.0208381
0.0189757
0.017047
0.0153554
0.0139178
0.0129362
0.0123209
0.0114406
0.0105464
0.00964718
0.00895393
0.00841878
0.00804618
0.00778495
0.0075655
0.00746024
0.00740565
0.00743529
0.00761564
0.00796243
0.00875426
0.00981717
0.0114128
0.0135342
0.0162892
0.019674
0.0234235
0.0277755
0.0321613
0.0365922
0.040814
0.0439772
0.0449805
0.0454402
0.0455548
0.045644
0.0458699
0.045782
0.0453735
0.0445519
0.0426254
0.0374438
0.0286462
0.0180291
0.0096352
0.00531094
0.00298023
0.00173854
0.00105951
0.000631418
0.000358305
0.000193231
9.95822e-05
4.9909e-05
2.44246e-05
1.16099e-05
5.36812e-06
2.40254e-06
1.03837e-06
4.36611e-07
1.77583e-07
6.91304e-08
2.49916e-08
6.40458e-09
-2.58185e-09
-1.0228e-08
-3.95394e-08
-8.56116e-08
-1.41674e-07
-2.33745e-07
-4.08002e-07
-7.53141e-07
-1.2889e-06
-2.16208e-06
-3.37777e-06
-4.72052e-06
-5.63827e-06
-5.24929e-06
-1.14601e-06
1.48183e-05
7.60228e-05
0.000306232
0.000762864
0.00153187
0.00267148
0.00414574
0.00587914
0.00775595
0.00967502
0.0115264
0.0132655
0.0148849
0.016338
0.0176349
0.0187776
0.0197452
0.020568
0.0213058
0.0218141
0.0221975
0.0226144
0.0227679
0.0228383
0.0230758
0.0228998
0.0228854
0.0226372
0.0222265
0.0216012
0.0206485
0.0192953
0.0176581
0.0156241
0.0134643
0.011026
0.00867964
0.00650048
0.0046242
0.0031319
0.00202232
0.00124567
0.000733118
0.000410766
0.000220567
0.000112912
5.61696e-05
2.64173e-05
1.02041e-05
1.27696e-07
-5.49559e-06
-8.68881e-06
-9.54548e-06
-7.04184e-06
1.17645e-06
1.9835e-05
5.84785e-05
0.000132882
0.000268148
0.000498545
0.000852685
0.00131676
0.00162271
0.00164367
0.00146054
0.00118374
0.000921004
0.000753076
0.000607809
0.000450001
0.000295038
0.000161445
6.52437e-05
1.3998e-05
-1.37555e-06
-5.68307e-06
-6.66297e-06
-6.16769e-06
-5.00039e-06
-3.58234e-06
-2.17297e-06
-9.41993e-07
1.16866e-08
6.64128e-07
1.03927e-06
1.18881e-06
1.15869e-06
9.52231e-07
5.25622e-07
-1.80041e-22
2.32207e-22
1.37659e-21
-5.63858e-21
8.24002e-21
4.7092e-20
-3.94962e-19
1.94611e-18
-3.26627e-18
-3.03154e-17
-4.70336e-16
-5.20095e-15
-5.34687e-14
-3.56468e-13
-2.36169e-12
-1.95008e-11
-1.78177e-10
-7.87808e-10
-1.10296e-09
1.10156e-08
1.81114e-08
3.16578e-08
1.02453e-07
3.15528e-07
7.83766e-07
1.64226e-06
2.8975e-06
5.07617e-06
1.21264e-05
4.90952e-05
0.000250711
0.000973592
0.00208888
0.003301
0.00415113
0.00439737
0.00417714
0.00377171
0.00330151
0.00280023
0.00227331
0.00184752
0.00156302
0.00137437
0.00125184
0.00116456
0.00109132
0.00103892
0.000992885
0.000956222
0.000929955
0.000906124
0.000893002
0.000884321
0.000891161
0.000910673
0.00101338
0.001459
0.00235179
0.00406088
0.00667411
0.0104952
0.0151151
0.0204336
0.0264901
0.0316874
0.0359151
0.0393918
0.0419652
0.0439787
0.0461651
0.0485184
0.0505885
0.0514867
0.0515159
0.050884
0.0496873
0.0476446
0.0431262
0.0350328
0.0249405
0.015117
0.00885416
0.00531901
0.00325012
0.00206179
0.00133126
0.00082871
0.000490363
0.000275874
0.000149605
7.98203e-05
4.17762e-05
2.13146e-05
1.06168e-05
5.05638e-06
2.27471e-06
8.38297e-07
3.58719e-08
-5.03994e-07
-9.42675e-07
-1.24495e-06
-1.1325e-06
5.42314e-07
7.70239e-06
3.33463e-05
0.000119626
0.000402259
0.00117586
0.00271245
0.00531941
0.0090976
0.0139486
0.019102
0.0242625
0.0296697
0.0351528
0.0404713
0.0453305
0.0496769
0.0535208
0.0568821
0.0598268
0.0624779
0.0648003
0.0668435
0.0686364
0.0702144
0.0716252
0.0729253
0.0740753
0.0751136
0.0761067
0.0769759
0.0777786
0.078567
0.0791789
0.0797198
0.0800593
0.0802203
0.080087
0.0795371
0.0783942
0.0764943
0.0732191
0.0690066
0.0632239
0.0563593
0.0484805
0.0398912
0.0312227
0.0226966
0.0154334
0.0102382
0.00657847
0.00412416
0.00260727
0.00178786
0.00138085
0.0012037
0.00117894
0.00154912
0.00241107
0.00395059
0.00618717
0.00872766
0.0107718
0.0122088
0.0122348
0.0114267
0.0108238
0.0114399
0.0137934
0.0176439
0.0225931
0.0278492
0.0327508
0.0367698
0.0394501
0.0406827
0.0403892
0.0385913
0.0354066
0.031037
0.0259035
0.0209959
0.0167959
0.0132412
0.0103308
0.00809077
0.00655616
0.00569115
0.00532396
0.00509484
0.00482706
0.00448041
0.00407501
0.00362675
0.00306024
0.00194152
3.95429e-23
-4.73275e-23
-4.59469e-22
5.59765e-21
-2.95254e-20
1.07791e-19
-2.74477e-19
5.00935e-19
-1.49036e-18
9.00835e-20
2.14049e-17
-3.68475e-17
-3.22888e-16
-3.61268e-15
2.73228e-16
-3.14562e-14
-1.55002e-12
-5.36491e-12
1.49711e-11
-8.68803e-11
-5.58361e-10
-2.65959e-09
-8.62274e-09
-2.07463e-08
-3.84798e-08
-5.76945e-08
-6.6993e-08
-6.24146e-08
-3.64196e-08
2.46836e-08
1.68693e-07
5.02724e-07
8.11616e-07
2.04105e-06
1.40958e-05
4.11405e-05
6.73598e-05
8.23108e-05
8.48269e-05
7.81355e-05
6.56776e-05
5.49091e-05
4.78566e-05
4.32149e-05
4.04271e-05
3.87498e-05
3.76526e-05
3.73455e-05
3.73026e-05
3.76426e-05
3.83783e-05
3.91366e-05
4.00775e-05
4.08786e-05
4.20063e-05
4.3314e-05
4.54747e-05
4.93269e-05
5.52367e-05
6.59855e-05
8.19056e-05
0.000189355
0.000821962
0.00230141
0.0051763
0.00936152
0.0139939
0.0186234
0.0231508
0.0273691
0.0313144
0.035212
0.0390446
0.0427475
0.0459296
0.0482741
0.0503545
0.05258
0.0548013
0.055791
0.0559429
0.0554316
0.0541185
0.0519351
0.0469927
0.0382162
0.0277889
0.0174346
0.0103544
0.00632829
0.00404673
0.00280388
0.00197111
0.00132681
0.000822939
0.000466444
0.000268925
0.000161058
0.000101108
7.78157e-05
0.000105832
0.00023904
0.000570155
0.00126104
0.0026092
0.00514077
0.00948729
0.0158243
0.0228527
0.0306123
0.0390581
0.0473142
0.0547027
0.0608554
0.0659487
0.0697098
0.0723063
0.0741435
0.0757046
0.0771502
0.0784646
0.0795591
0.0803699
0.0809947
0.0815037
0.0819657
0.0824105
0.0828539
0.0832964
0.0837281
0.0841939
0.0846697
0.0851127
0.085618
0.0861148
0.0865875
0.087159
0.0876833
0.0882277
0.0887841
0.0893655
0.0900129
0.0907391
0.0915512
0.0924506
0.0931266
0.0932354
0.09254
0.0905949
0.0871303
0.082234
0.075119
0.0647907
0.053444
0.0422042
0.0315321
0.0225487
0.0162993
0.0131554
0.0126167
0.0147104
0.021363
0.0307641
0.0407396
0.0496655
0.0567833
0.0610277
0.0622058
0.0606087
0.056954
0.0519529
0.0462675
0.0409937
0.0378047
0.0385312
0.0436046
0.0525288
0.0645403
0.0783122
0.0899398
0.0963242
0.100508
0.103465
0.104902
0.104551
0.102536
0.0989257
0.0932167
0.0846211
0.0740069
0.0624729
0.050939
0.0409695
0.0347627
0.0332136
0.0363167
0.0433761
0.0526102
0.0623454
0.0661451
-2.63413e-24
8.61423e-23
-6.7716e-22
2.91884e-21
-8.5418e-21
1.57753e-20
-6.22809e-21
-6.49517e-20
1.45188e-19
-3.12822e-19
5.97448e-18
2.87526e-17
1.56649e-18
5.60827e-17
1.87679e-15
7.87627e-16
-5.29975e-15
9.08192e-14
1.59242e-13
-8.99236e-12
-4.43647e-11
-1.75436e-10
-5.3979e-10
-1.22917e-09
-2.20481e-09
-3.16612e-09
-3.65841e-09
-3.76513e-09
-3.41483e-09
-1.13025e-09
-1.62692e-09
1.29945e-09
1.00736e-08
3.65123e-08
1.49794e-08
-8.76404e-08
-2.18743e-07
-3.25892e-07
-3.8672e-07
-4.05509e-07
-3.9469e-07
-3.71804e-07
-3.44793e-07
-3.17276e-07
-2.91397e-07
-2.67039e-07
-2.43843e-07
-2.22576e-07
-2.02306e-07
-1.83359e-07
-1.656e-07
-1.48685e-07
-1.32914e-07
-1.19909e-07
-1.16652e-07
-1.30176e-07
-1.72915e-07
-3.48328e-07
-7.75597e-07
-1.73168e-06
-3.53018e-06
-4.76607e-06
6.17384e-07
1.51026e-05
4.70126e-05
0.000201511
0.000937225
0.00238982
0.00460948
0.00748867
0.0105362
0.0136946
0.0169153
0.020221
0.023727
0.027433
0.031122
0.0349103
0.0389004
0.0429386
0.0469834
0.0504229
0.0532047
0.0559719
0.0588404
0.060856
0.0615918
0.0613567
0.0599114
0.0578483
0.0545818
0.0484593
0.0401505
0.0307266
0.0217892
0.0157669
0.0135771
0.0136682
0.0148052
0.0161838
0.0180248
0.0202941
0.0234292
0.0275374
0.0328869
0.0395928
0.0474646
0.0556214
0.062997
0.0687799
0.0724596
0.0750228
0.0770793
0.0781623
0.0782501
0.0774918
0.0758356
0.0737842
0.0714831
0.0688306
0.0659672
0.0631765
0.0606523
0.0583961
0.0564222
0.0547019
0.0532013
0.0519253
0.0508503
0.0499191
0.0491788
0.0485902
0.0480269
0.0476382
0.0473347
0.0470167
0.0469734
0.047043
0.0474215
0.0481701
0.0493597
0.051143
0.0536111
0.0567586
0.06081
0.0654169
0.0707087
0.0760788
0.0809652
0.0842369
0.0858835
0.0870944
0.0877581
0.0865379
0.0831473
0.0777427
0.0693439
0.0605339
0.0544975
0.0535594
0.0585521
0.0688483
0.0794073
0.0867414
0.0903114
0.0914913
0.0909538
0.0893504
0.087641
0.0857767
0.0840011
0.0822985
0.0803886
0.0776703
0.0737809
0.0700092
0.0684658
0.0702997
0.0754514
0.0835881
0.0929077
0.101729
0.108939
0.114122
0.116964
0.117104
0.116853
0.116202
0.114842
0.112726
0.110225
0.107516
0.104246
0.0999856
0.0950626
0.0892431
0.0815018
0.0762344
0.0731538
0.0834312
-2.54452e-25
7.42592e-24
-3.77751e-23
-7.45843e-23
1.13357e-21
-5.32806e-21
1.46733e-20
-2.5295e-20
2.32604e-20
4.33337e-20
-2.50139e-19
2.79754e-18
1.02581e-18
7.78501e-17
3.2607e-17
3.06583e-17
6.18766e-17
2.1976e-15
-2.53045e-14
-1.12325e-13
-5.30454e-13
-9.12391e-13
-2.66903e-12
-6.62402e-12
-1.46777e-11
-2.57195e-11
-3.36955e-11
-3.60533e-11
-2.97036e-11
-9.40931e-11
-2.12767e-11
9.5779e-12
1.17442e-11
1.93962e-09
-1.17739e-09
-1.56869e-08
-3.61189e-08
-5.42961e-08
-6.41969e-08
-6.43128e-08
-5.54975e-08
-4.4354e-08
-3.47482e-08
-2.74688e-08
-2.23433e-08
-1.8737e-08
-1.61485e-08
-1.44448e-08
-1.33102e-08
-1.27012e-08
-1.25601e-08
-1.29095e-08
-1.50152e-08
-1.9143e-08
-2.49794e-08
-3.23792e-08
-4.5955e-08
-8.56695e-08
-1.94183e-07
-4.70829e-07
-9.39088e-07
-1.56353e-06
-2.6688e-06
-4.4758e-06
-8.58435e-06
-1.16035e-05
-3.10841e-06
1.96749e-05
6.02044e-05
0.00014442
0.000473517
0.00106276
0.00190075
0.00297575
0.00431653
0.00596451
0.00797133
0.010285
0.0128999
0.0157589
0.0191052
0.0232432
0.0279603
0.0330862
0.0383584
0.043617
0.0487845
0.0536749
0.0575399
0.0605705
0.0627593
0.0654757
0.0685533
0.0705112
0.0712405
0.0710162
0.0704695
0.0697197
0.0690429
0.0685853
0.0683122
0.068348
0.0689245
0.0700531
0.0716623
0.0737164
0.0760528
0.0777191
0.0780573
0.0771665
0.0747226
0.0710701
0.066071
0.0602209
0.054303
0.0485376
0.0429283
0.0376646
0.0329792
0.0289176
0.0254401
0.0225278
0.0201122
0.0181045
0.0164522
0.015103
0.0140223
0.0131633
0.0124733
0.0119057
0.0114584
0.0111016
0.0107865
0.0105578
0.0103735
0.0102096
0.010151
0.0101455
0.0102877
0.0106163
0.01118
0.0120826
0.0134353
0.0153684
0.0182354
0.0219388
0.0270042
0.033261
0.0409158
0.0501207
0.0593852
0.0679712
0.0753331
0.0806568
0.0835344
0.0853285
0.0868101
0.0870749
0.0871203
0.087126
0.0890202
0.0942055
0.0983101
0.099087
0.0971459
0.0926758
0.0861682
0.0801551
0.0761371
0.0748691
0.0760549
0.0786075
0.0815829
0.0847311
0.0874545
0.0895575
0.0909325
0.0916037
0.0925472
0.093718
0.0960469
0.0991499
0.102351
0.104933
0.106171
0.105594
0.103226
0.099527
0.0952534
0.0913294
0.0887446
0.0885927
0.0921351
0.0971072
0.100478
0.103382
0.105148
0.107311
0.107706
0.110533
2.11596e-24
-9.91182e-24
4.85059e-23
-2.00001e-22
6.08821e-22
-1.24486e-21
1.15646e-21
1.80172e-21
-8.49979e-21
2.42812e-20
-8.78006e-20
-3.20451e-19
-4.45121e-19
6.50571e-18
-3.49002e-17
-5.17239e-18
9.50526e-18
1.08494e-16
-1.89887e-16
-8.81035e-16
-6.52789e-15
1.31501e-14
4.44284e-14
7.72311e-14
7.65435e-14
4.03903e-15
1.10505e-15
3.27995e-13
1.04173e-12
1.04674e-12
6.11798e-12
1.76778e-11
5.87895e-11
-2.09597e-10
-1.14632e-09
-1.48997e-09
-1.05278e-09
-5.26447e-10
-7.80029e-11
2.33316e-10
4.16896e-10
5.08991e-10
5.4884e-10
5.61874e-10
5.6113e-10
5.49338e-10
5.25802e-10
4.90692e-10
4.4372e-10
3.85707e-10
3.1797e-10
2.43293e-10
1.61255e-10
6.55926e-11
-1.81624e-10
-1.13981e-09
-3.42762e-09
-8.12552e-09
-1.87131e-08
-4.6804e-08
-1.11572e-07
-2.37683e-07
-5.98334e-07
-1.31698e-06
-2.7427e-06
-4.39674e-06
-6.80886e-06
-9.71747e-06
-1.43845e-05
-1.90464e-05
-1.64632e-05
-7.26589e-06
8.49353e-06
2.97525e-05
5.39637e-05
7.75189e-05
9.73743e-05
0.000211458
0.000449528
0.00085365
0.00157556
0.00277838
0.00453761
0.00691291
0.00998212
0.0138722
0.0187456
0.0242094
0.0299913
0.0357367
0.0407847
0.0451562
0.0491619
0.0526974
0.0560927
0.0602819
0.0647089
0.0672372
0.0685743
0.0693201
0.0697818
0.0699424
0.0696857
0.0698448
0.0690879
0.0666336
0.0623089
0.0567635
0.050761
0.0445169
0.0382622
0.0322317
0.0266014
0.0215986
0.0172201
0.0135593
0.0106816
0.00850313
0.0068715
0.00564113
0.00470487
0.00399326
0.00344722
0.00302177
0.002689
0.00242622
0.00221737
0.00205087
0.00191672
0.00180709
0.00172035
0.00165088
0.00159123
0.00154789
0.00151324
0.00148579
0.00147478
0.0014714
0.00147891
0.00149752
0.00152797
0.00157913
0.00165645
0.00176484
0.00200885
0.00250469
0.00352909
0.00532564
0.00827971
0.0130481
0.0197216
0.0282442
0.037657
0.0482084
0.0585426
0.0674612
0.0749078
0.0802706
0.0835355
0.0860363
0.0882256
0.0895375
0.0885512
0.083833
0.0750635
0.0639501
0.0522273
0.0426255
0.0361477
0.0328409
0.0325214
0.0349884
0.0400524
0.0474287
0.0566101
0.0667643
0.0770596
0.0850643
0.0901118
0.0940167
0.0968764
0.0984728
0.0990493
0.0988062
0.0971845
0.0934978
0.0879421
0.0810039
0.073289
0.0654409
0.0580981
0.0518836
0.0473609
0.0453365
0.04666
0.0516081
0.0595335
0.0704836
0.0818987
0.0994309
2.62192e-25
-8.98314e-25
3.34768e-24
-7.05777e-24
-7.48483e-24
1.10441e-22
-3.82839e-22
7.1391e-22
-6.04735e-22
-5.05655e-22
2.44798e-21
-3.13025e-20
-3.31875e-20
-2.61137e-19
-2.2659e-18
8.83297e-19
3.9642e-18
2.83701e-18
-5.09943e-18
2.14729e-20
-1.10376e-16
5.30985e-16
1.92994e-15
3.9271e-15
5.6666e-15
5.33837e-15
8.41278e-15
1.15929e-13
2.12617e-13
4.91487e-13
1.22419e-12
1.11707e-12
2.28468e-11
-8.74445e-11
-2.25784e-10
-2.42195e-10
-1.72147e-10
-5.62568e-11
9.11359e-11
2.08669e-10
2.45138e-10
2.46342e-10
2.33367e-10
2.20569e-10
2.13811e-10
2.13063e-10
2.16035e-10
2.22713e-10
2.30537e-10
2.39117e-10
2.47878e-10
2.53522e-10
2.54418e-10
2.51119e-10
2.32954e-10
1.87016e-10
1.02805e-10
-6.58156e-11
-4.40024e-10
-1.59946e-09
-4.80119e-09
-1.39883e-08
-3.63755e-08
-1.51055e-07
-4.40437e-07
-8.63686e-07
-1.76063e-06
-3.1255e-06
-5.1507e-06
-7.19166e-06
-9.04057e-06
-1.08024e-05
-1.26898e-05
-1.4852e-05
-1.69698e-05
-1.87666e-05
-1.99663e-05
-1.58402e-05
-9.24661e-06
-5.05367e-07
1.0019e-05
2.17942e-05
3.70909e-05
7.05674e-05
0.000171796
0.000644118
0.00162595
0.00317591
0.00535344
0.00826553
0.0119558
0.0159036
0.0195699
0.0225194
0.0247037
0.0260245
0.0267764
0.0269789
0.0270014
0.0266249
0.026081
0.025175
0.0239314
0.0222402
0.0200354
0.0175813
0.0150629
0.0126981
0.0105536
0.00865223
0.00700447
0.00560154
0.00443045
0.00348553
0.00273084
0.00214652
0.00169703
0.00135157
0.00108807
0.000886131
0.000729974
0.000609242
0.000515088
0.000440835
0.00038213
0.000335335
0.00029781
0.000267588
0.000243045
0.000222966
0.000206909
0.000194007
0.000183189
0.000175189
0.000168925
0.000164293
0.000162217
0.000161629
0.00016291
0.000166059
0.000170894
0.000178451
0.000189148
0.000203527
0.000223917
0.000251824
0.000294322
0.000358168
0.000457563
0.00060931
0.00138578
0.00338646
0.00688212
0.0125254
0.0201818
0.0292878
0.0388312
0.0486114
0.0566321
0.0631151
0.0655081
0.0639792
0.0584263
0.0497256
0.0386235
0.0276124
0.0185436
0.0124795
0.0090702
0.00759042
0.00733195
0.00799199
0.00957641
0.0122938
0.0165144
0.0226628
0.0304304
0.0393434
0.0485769
0.0571739
0.0643123
0.0694204
0.0721848
0.0725217
0.0705527
0.0665874
0.0610869
0.0546153
0.0477345
0.040937
0.0346105
0.0290241
0.0243761
0.0208229
0.0185397
0.0179756
0.0194693
0.0242945
0.029681
0.048057
-6.99171e-26
2.69128e-25
-1.14274e-24
4.46245e-24
-1.36207e-23
2.8447e-23
-2.89707e-23
-2.95447e-23
1.94249e-22
-5.53607e-22
1.35305e-21
-1.10387e-21
7.30728e-21
-5.61799e-20
2.03392e-19
2.26417e-19
1.78279e-20
1.07776e-19
-1.22274e-18
6.62283e-18
1.03714e-17
3.41708e-17
7.38757e-17
1.49538e-16
1.94438e-17
6.05122e-16
5.20776e-15
8.59408e-15
6.2348e-15
3.60938e-14
1.29043e-13
3.23472e-13
-6.95574e-13
-4.67194e-12
-4.50012e-12
-1.28348e-12
5.87352e-12
1.43029e-11
2.26199e-11
2.62512e-11
2.42197e-11
2.07962e-11
1.76262e-11
1.52282e-11
1.35061e-11
1.19231e-11
1.0348e-11
8.88233e-12
7.48939e-12
6.30322e-12
5.39161e-12
4.76701e-12
4.71848e-12
7.73917e-12
1.59706e-11
2.55478e-11
3.38123e-11
2.97118e-11
-2.85646e-13
-8.45301e-11
-3.20737e-10
-1.10104e-09
-2.5847e-09
-9.59035e-09
-2.89409e-08
-6.56326e-08
-1.62954e-07
-4.53684e-07
-9.47751e-07
-1.57385e-06
-2.55798e-06
-3.55061e-06
-4.54312e-06
-5.45289e-06
-6.22816e-06
-6.74819e-06
-6.91642e-06
-6.47213e-06
-5.81161e-06
-4.38076e-06
-2.97485e-06
-1.79206e-06
-3.00119e-07
2.31743e-06
6.13663e-06
9.78941e-06
1.14364e-05
1.31677e-05
2.71889e-05
9.3824e-05
0.000386731
0.000954767
0.00172211
0.00253017
0.00324666
0.00366339
0.00373754
0.00351173
0.00316295
0.00277808
0.0024578
0.00219545
0.00198588
0.00180484
0.00163094
0.00146524
0.0012989
0.00113815
0.000984255
0.000838879
0.000705107
0.000584306
0.000477741
0.000386876
0.000309941
0.000247112
0.000196472
0.000156086
0.000124396
9.95591e-05
8.00028e-05
6.46418e-05
5.2466e-05
4.27412e-05
3.49445e-05
2.86132e-05
2.34277e-05
1.9168e-05
1.56675e-05
1.28029e-05
1.05143e-05
8.70622e-06
7.27691e-06
6.26883e-06
5.57013e-06
5.1628e-06
5.07933e-06
5.23566e-06
5.64603e-06
6.30333e-06
7.17173e-06
8.33085e-06
9.80808e-06
1.16553e-05
1.3932e-05
1.65174e-05
1.9173e-05
2.12733e-05
2.19131e-05
1.88283e-05
2.93694e-05
6.71147e-05
0.000148145
0.000302322
0.00131572
0.0036788
0.00752154
0.0130558
0.0188096
0.0244018
0.0262167
0.0245239
0.0199075
0.0141116
0.00852319
0.00473971
0.00269425
0.00170354
0.00124498
0.00106193
0.0010573
0.00120975
0.00154596
0.00213467
0.00308414
0.00452697
0.00659572
0.00939328
0.0129652
0.0172535
0.0216951
0.0255061
0.0281783
0.0294061
0.0291228
0.0275004
0.0248897
0.0217189
0.018383
0.0151901
0.0123304
0.00989434
0.00793741
0.00657507
0.00576797
0.00540902
0.00549087
0.00645317
0.00753096
0.013567
-7.71779e-27
1.68867e-26
-2.63224e-26
2.94307e-26
1.23723e-25
-9.39625e-25
2.94902e-24
-5.1217e-24
4.47212e-24
5.7008e-25
6.72759e-24
-1.03688e-22
1.25725e-21
-4.53024e-21
2.2037e-20
-9.54561e-21
-3.23324e-20
8.0762e-20
-2.56316e-19
-1.41273e-19
1.12475e-18
1.65839e-18
-1.62302e-18
-2.17981e-18
-1.35866e-17
8.43513e-17
2.27347e-16
6.67065e-17
2.53086e-16
6.1802e-15
1.69705e-14
2.77242e-14
-4.46408e-13
-9.39292e-13
-8.89373e-13
8.14365e-13
3.46e-12
5.15124e-12
4.89977e-12
3.7247e-12
2.68368e-12
1.90945e-12
1.38308e-12
6.28194e-13
-5.44918e-13
-2.15481e-12
-4.07346e-12
-6.11764e-12
-8.12539e-12
-9.87554e-12
-1.12e-11
-1.20049e-11
-1.22226e-11
-1.19299e-11
-1.11014e-11
-9.78948e-12
-7.81103e-12
-2.7528e-12
1.08413e-12
-3.71617e-12
-2.60339e-11
-1.06964e-10
-2.70529e-10
-9.00294e-10
-2.6602e-09
-6.37116e-09
-1.52274e-08
-3.68698e-08
-7.5136e-08
-1.29079e-07
-2.19992e-07
-4.08449e-07
-6.93642e-07
-1.01393e-06
-1.32604e-06
-1.57891e-06
-1.73522e-06
-1.84997e-06
-1.89965e-06
-1.78948e-06
-1.4699e-06
-9.31814e-07
-3.76385e-07
1.24686e-07
5.97054e-07
1.19211e-06
1.83775e-06
2.6152e-06
2.9287e-06
1.85919e-06
-5.05213e-07
-3.7808e-06
-7.60816e-06
-1.15085e-05
-1.49865e-05
-1.77017e-05
-1.94831e-05
-2.03537e-05
-2.0501e-05
-2.01798e-05
-1.94868e-05
-1.85281e-05
-1.72284e-05
-1.54398e-05
-1.30751e-05
-1.02668e-05
-7.32387e-06
-4.52718e-06
-2.13434e-06
-2.84175e-07
1.01782e-06
1.84366e-06
2.28602e-06
2.42466e-06
2.29877e-06
1.99732e-06
1.58078e-06
1.08852e-06
5.38122e-07
-7.40611e-08
-7.19272e-07
-1.37882e-06
-2.02844e-06
-2.68441e-06
-3.33435e-06
-4.01677e-06
-4.68328e-06
-5.27986e-06
-5.78668e-06
-6.19236e-06
-6.49526e-06
-6.69931e-06
-6.81124e-06
-6.84861e-06
-6.81385e-06
-6.71233e-06
-6.5479e-06
-6.3209e-06
-6.03525e-06
-5.69596e-06
-5.30574e-06
-4.876e-06
-4.41881e-06
-3.94684e-06
-3.4804e-06
-3.06218e-06
-2.79935e-06
-2.87188e-06
-3.50076e-06
-5.32457e-06
-8.60781e-06
-1.55589e-05
-2.63737e-05
-4.56916e-05
-4.03588e-05
-4.06961e-06
7.45821e-05
0.000248654
0.000881968
0.00185975
0.0020066
0.00142237
0.000833744
0.000452517
0.00023418
0.000122398
6.83883e-05
4.61368e-05
4.14258e-05
4.78838e-05
6.51336e-05
9.70519e-05
0.000151832
0.00024374
0.000394917
0.000635413
0.000999325
0.00151516
0.0021891
0.00298492
0.00381629
0.00456994
0.00512836
0.00540197
0.00536692
0.00507933
0.00463518
0.00413226
0.00366139
0.00329611
0.00303892
0.00285929
0.00271411
0.00256658
0.00243448
0.00235977
0.00237205
0.0025087
0.00278777
0.00360523
1.32254e-28
-1.77755e-28
2.66609e-27
-1.81056e-26
6.20849e-26
-9.9522e-26
4.48939e-28
2.03607e-25
4.57462e-26
-4.97673e-25
-3.90224e-24
2.2361e-23
-3.81652e-23
-2.11404e-23
1.66864e-22
-1.63137e-21
1.19251e-21
1.73867e-21
-1.17565e-20
-1.12624e-21
-2.69742e-20
3.57385e-20
-1.16244e-18
1.04095e-18
-1.4674e-18
-7.24515e-18
3.13498e-17
-1.08334e-16
-1.45934e-16
7.66101e-16
1.27395e-15
-1.37226e-14
-3.74055e-14
-5.31183e-14
3.76095e-14
3.90982e-13
6.86322e-13
6.8674e-13
5.3835e-13
4.44319e-13
2.14456e-13
-4.28337e-14
-7.77934e-13
-2.99548e-12
-6.47386e-12
-1.11438e-11
-1.67843e-11
-2.25853e-11
-2.79155e-11
-3.21438e-11
-3.49205e-11
-3.6141e-11
-3.5766e-11
-3.39645e-11
-3.08776e-11
-2.68819e-11
-2.21546e-11
-1.65026e-11
-8.17606e-12
1.96844e-12
1.18645e-11
1.50843e-11
3.20545e-12
-6.31003e-11
-2.7799e-10
-7.46163e-10
-1.79965e-09
-3.91335e-09
-7.49009e-09
-1.26212e-08
-2.07611e-08
-3.37428e-08
-5.16333e-08
-7.23448e-08
-9.362e-08
-1.12011e-07
-1.24516e-07
-1.32978e-07
-1.59341e-07
-2.05996e-07
-2.50079e-07
-2.47251e-07
-1.84521e-07
-6.79274e-08
5.36769e-08
1.41815e-07
2.31062e-07
3.46787e-07
4.61023e-07
3.39266e-07
-4.6262e-07
-2.10925e-06
-4.55865e-06
-7.53319e-06
-1.08291e-05
-1.44446e-05
-1.78392e-05
-2.04079e-05
-2.2249e-05
-2.33875e-05
-2.39262e-05
-2.3965e-05
-2.35996e-05
-2.26294e-05
-2.06149e-05
-1.79414e-05
-1.49317e-05
-1.1932e-05
-9.23573e-06
-7.00176e-06
-5.26903e-06
-3.93901e-06
-2.96039e-06
-2.28479e-06
-1.85359e-06
-1.66298e-06
-1.64081e-06
-1.72006e-06
-1.84909e-06
-2.02906e-06
-2.2094e-06
-2.42859e-06
-2.70715e-06
-2.98394e-06
-3.24648e-06
-3.38221e-06
-3.48492e-06
-3.57133e-06
-3.62539e-06
-3.64273e-06
-3.62743e-06
-3.58481e-06
-3.51142e-06
-3.42367e-06
-3.317e-06
-3.19796e-06
-3.07497e-06
-2.95474e-06
-2.84767e-06
-2.76472e-06
-2.70253e-06
-2.65561e-06
-2.60385e-06
-2.54179e-06
-2.46468e-06
-2.36811e-06
-2.22516e-06
-2.09007e-06
-2.1122e-06
-2.36722e-06
-3.1224e-06
-4.96144e-06
-8.94736e-06
-1.46081e-05
-2.11222e-05
-3.2458e-05
-4.45903e-05
-5.72825e-05
-5.41594e-05
-4.4707e-05
-4.0241e-05
-3.6642e-05
-3.09053e-05
-2.49749e-05
-2.0121e-05
-1.62744e-05
-1.36681e-05
-1.24653e-05
-1.15703e-05
-9.40672e-06
-5.75985e-06
-6.03321e-07
6.53296e-06
1.69464e-05
3.26731e-05
5.66111e-05
9.2007e-05
0.000141332
0.000204756
0.000278086
0.000355082
0.000430238
0.000503506
0.0005837
0.000676748
0.000776001
0.000881452
0.00099837
0.00129551
0.00169429
0.00212938
0.00262531
0.0030515
0.00334259
0.00349585
0.00351714
0.00344996
0.00335928
0.00330771
0.00332969
-1.93679e-27
7.62945e-27
-2.55092e-27
-1.14374e-25
8.29337e-25
-3.02325e-24
5.64108e-24
-1.41199e-24
-1.65332e-23
2.30738e-23
5.29189e-23
-2.45596e-22
1.92996e-22
1.07214e-21
1.38124e-21
1.60104e-21
1.62714e-21
8.51813e-22
2.52081e-21
8.95618e-22
-2.69746e-21
1.12564e-20
-1.40244e-19
6.06182e-19
-9.39859e-19
1.91172e-19
3.05225e-18
-2.2544e-17
2.01567e-17
-1.29505e-17
-2.80905e-16
-2.66445e-15
-5.82654e-15
1.13688e-14
5.19617e-14
6.3119e-14
5.48587e-14
4.29159e-14
5.64243e-14
9.54266e-14
-5.04743e-13
-1.03784e-12
-7.35503e-12
-2.19699e-11
-4.46644e-11
-7.74095e-11
-1.19725e-10
-1.65925e-10
-2.11328e-10
-2.50025e-10
-2.77148e-10
-2.8642e-10
-2.74059e-10
-2.43277e-10
-2.00701e-10
-1.55043e-10
-1.10914e-10
-6.91496e-11
-2.68782e-11
1.7519e-11
6.31877e-11
1.07722e-10
1.47709e-10
1.78997e-10
1.89176e-10
1.54448e-10
3.45256e-11
-2.21161e-10
-6.78343e-10
-1.33658e-09
-2.23496e-09
-3.34055e-09
-4.5638e-09
-5.81723e-09
-6.97347e-09
-7.88056e-09
-8.35881e-09
-8.20221e-09
-7.50019e-09
-6.68639e-09
-6.81059e-09
-1.04745e-08
-1.62859e-08
-1.51392e-08
3.11766e-11
1.91326e-08
3.43433e-08
5.40598e-08
7.29554e-08
7.90947e-08
-2.09763e-09
-2.29597e-07
-6.59645e-07
-1.33643e-06
-2.30299e-06
-3.62531e-06
-5.39396e-06
-7.35071e-06
-9.36391e-06
-1.11311e-05
-1.2451e-05
-1.30624e-05
-1.28754e-05
-1.19128e-05
-1.03512e-05
-8.47705e-06
-6.56768e-06
-4.84464e-06
-3.42302e-06
-2.31892e-06
-1.5022e-06
-8.92079e-07
-5.01114e-07
-2.92247e-07
-1.84163e-07
-1.20937e-07
-8.72243e-08
-7.23815e-08
-7.0046e-08
-7.76294e-08
-9.56738e-08
-1.23655e-07
-1.61594e-07
-2.09318e-07
-2.6599e-07
-3.30266e-07
-4.02262e-07
-4.82093e-07
-5.69315e-07
-6.62735e-07
-7.624e-07
-8.69924e-07
-9.80621e-07
-1.08779e-06
-1.18147e-06
-1.24819e-06
-1.28018e-06
-1.27942e-06
-1.25626e-06
-1.21477e-06
-1.1432e-06
-1.02962e-06
-8.74539e-07
-7.30045e-07
-6.57989e-07
-6.60211e-07
-7.05815e-07
-7.74899e-07
-8.81778e-07
-1.03921e-06
-1.26876e-06
-1.71597e-06
-2.57787e-06
-3.95663e-06
-6.76518e-06
-1.03023e-05
-1.63005e-05
-2.22428e-05
-2.60162e-05
-2.71837e-05
-2.46039e-05
-2.12859e-05
-1.76455e-05
-1.47699e-05
-1.42835e-05
-1.65467e-05
-2.30556e-05
-2.94313e-05
-3.35294e-05
-2.79347e-05
-2.0488e-05
-1.43241e-05
-9.72273e-06
-5.91961e-06
-2.44729e-06
4.44621e-07
3.11471e-06
4.88762e-06
6.41046e-06
8.72294e-06
1.48281e-05
4.62861e-05
0.000123649
0.000288465
0.000605024
0.00115314
0.002021
0.00348158
0.00589762
0.00934806
0.0138696
0.0194193
0.0250694
0.0296695
0.0324523
0.0330664
0.0316335
0.0285028
0.0249518
0.0184656
1.02914e-26
-9.32931e-26
-3.21354e-26
1.39054e-24
-5.54464e-24
7.91597e-24
7.68129e-24
-3.36439e-23
-6.44743e-23
5.72478e-22
-1.45343e-21
-8.49609e-23
4.84314e-21
5.49091e-21
1.36747e-20
4.80739e-21
-7.0809e-21
-1.84699e-20
-2.55175e-20
-1.80383e-20
-1.0073e-20
-1.65289e-20
1.12581e-20
-5.13194e-20
2.95326e-20
2.26946e-19
-9.56636e-19
1.09368e-18
4.17721e-18
2.05396e-18
-8.36589e-17
-2.13419e-16
4.38802e-17
4.16642e-15
6.50047e-15
4.76654e-15
3.45515e-15
1.67383e-15
3.45306e-13
-1.9875e-12
-7.13382e-13
-3.99157e-12
-6.06799e-11
-2.0003e-10
-4.19292e-10
-7.12202e-10
-1.05532e-09
-1.41513e-09
-1.75812e-09
-2.04708e-09
-2.24819e-09
-2.62218e-09
-3.2416e-09
-3.94317e-09
-4.5796e-09
-4.9737e-09
-5.03259e-09
-4.73842e-09
-4.19722e-09
-3.46619e-09
-2.69622e-09
-1.95263e-09
-1.3019e-09
-7.67582e-10
-3.55487e-10
-6.22489e-11
1.32529e-10
2.47885e-10
3.02718e-10
2.64195e-10
1.40656e-10
-3.44946e-11
-2.19389e-10
-3.91621e-10
-5.31412e-10
-6.05413e-10
-5.93021e-10
-4.80225e-10
-2.53655e-10
1.14227e-10
5.87424e-10
1.05303e-09
1.22248e-09
1.00998e-09
1.22583e-09
3.34358e-09
5.60735e-09
8.98424e-09
1.39286e-08
2.04061e-08
3.70163e-08
6.83063e-08
8.09895e-08
7.18376e-08
2.25587e-08
-9.69098e-08
-3.17294e-07
-6.21153e-07
-9.89889e-07
-1.35953e-06
-1.67118e-06
-1.84748e-06
-1.85865e-06
-1.70919e-06
-1.44816e-06
-1.14554e-06
-8.57021e-07
-6.155e-07
-4.29931e-07
-2.94793e-07
-2.01173e-07
-1.39812e-07
-9.90575e-08
-7.33012e-08
-5.63491e-08
-3.19758e-08
-2.34068e-08
-2.63847e-08
-3.19271e-08
-4.40347e-08
-7.09796e-08
-1.20057e-07
-1.91971e-07
-2.82666e-07
-3.88763e-07
-5.12702e-07
-6.69885e-07
-8.48622e-07
-1.03638e-06
-1.22423e-06
-1.40513e-06
-1.58051e-06
-1.71756e-06
-1.77821e-06
-1.76805e-06
-1.69401e-06
-1.54793e-06
-1.36666e-06
-1.16266e-06
-9.49196e-07
-7.27882e-07
-5.17045e-07
-3.7574e-07
-3.82886e-07
-5.52145e-07
-8.31351e-07
-1.16846e-06
-1.52699e-06
-1.87495e-06
-2.1784e-06
-2.42247e-06
-2.62109e-06
-2.83012e-06
-3.13374e-06
-3.71143e-06
-4.66997e-06
-6.57537e-06
-8.87352e-06
-1.07457e-05
-1.18336e-05
-1.06418e-05
-9.01562e-06
-9.36525e-06
-1.54372e-05
-1.365e-05
1.08423e-05
7.23479e-05
0.00015686
0.000233465
0.00039606
0.000495065
0.000463201
0.000339234
0.000206004
0.000123698
8.17774e-05
6.54121e-05
7.23554e-05
0.000111075
0.000202343
0.000386903
0.000739188
0.00138566
0.00253739
0.00453442
0.00776559
0.0126269
0.0197658
0.0297621
0.0412772
0.0530868
0.0641368
0.0735638
0.0805546
0.0845246
0.0851943
0.0827268
0.0772437
0.0711047
0.0577327
3.52776e-25
-1.6294e-24
3.69187e-24
-1.24193e-24
-3.43795e-23
1.65995e-22
-3.89045e-22
3.69746e-22
4.22042e-22
-8.30497e-22
-4.03207e-21
2.07545e-20
-4.91207e-20
-1.76078e-19
-9.04528e-20
-1.60576e-19
-1.05818e-19
-1.2457e-20
6.94025e-20
1.08257e-19
5.67337e-19
5.78932e-19
9.64713e-20
-1.67334e-19
-1.66923e-19
-3.0931e-19
-3.07631e-19
-6.13074e-20
-9.61158e-19
3.20858e-20
-1.28111e-17
3.28129e-17
1.767e-16
2.40866e-16
2.83774e-16
2.51848e-16
3.60484e-16
4.36554e-16
3.44621e-13
-9.04878e-12
1.70012e-11
-4.86506e-11
-6.74393e-10
-3.15554e-09
-7.92832e-09
-1.73364e-08
-3.45603e-08
-5.83128e-08
-8.55186e-08
-1.123e-07
-1.35471e-07
-1.53262e-07
-1.64819e-07
-1.69965e-07
-1.67737e-07
-1.58425e-07
-1.43273e-07
-1.23685e-07
-1.02461e-07
-8.07379e-08
-6.0828e-08
-4.35698e-08
-2.96168e-08
-1.89551e-08
-1.12361e-08
-5.94019e-09
-2.50711e-09
-3.20842e-10
1.19441e-09
1.82589e-09
2.00015e-09
1.95071e-09
1.77264e-09
1.54167e-09
1.30999e-09
1.08681e-09
8.92551e-10
7.42528e-10
6.49959e-10
6.46145e-10
7.38191e-10
8.4333e-10
9.34659e-10
1.01531e-09
1.07775e-09
1.18273e-09
1.55202e-09
2.23727e-09
3.45412e-09
5.97638e-09
1.28619e-08
2.45128e-08
3.79458e-08
5.23156e-08
6.22525e-08
6.39282e-08
6.19667e-08
5.79298e-08
5.24787e-08
4.61569e-08
3.94948e-08
3.28342e-08
2.64447e-08
1.61621e-08
6.65199e-09
-5.14478e-09
-1.8549e-08
-3.13847e-08
-3.98954e-08
-4.33988e-08
-4.39461e-08
-4.68831e-08
-6.36799e-08
-8.91353e-08
-1.22244e-07
-1.58438e-07
-1.97752e-07
-2.16242e-07
-2.24567e-07
-2.79277e-07
-4.32249e-07
-7.21948e-07
-1.15813e-06
-1.71589e-06
-2.3369e-06
-2.9759e-06
-3.51389e-06
-3.76907e-06
-3.75853e-06
-3.60879e-06
-3.34326e-06
-2.98298e-06
-2.53644e-06
-2.00415e-06
-1.37886e-06
-6.69414e-07
1.13413e-07
9.29543e-07
1.72937e-06
2.43827e-06
3.02764e-06
3.52191e-06
4.2897e-06
6.1873e-06
1.06643e-05
1.90678e-05
3.18962e-05
4.82004e-05
6.62732e-05
8.2671e-05
9.62384e-05
0.000103806
0.000106748
0.000103891
9.77989e-05
8.86337e-05
7.85191e-05
6.93182e-05
6.67156e-05
6.81346e-05
7.88142e-05
9.67892e-05
0.000132093
0.000201766
0.000892739
0.00298544
0.00648399
0.010603
0.0143793
0.016991
0.0180063
0.0175263
0.0159208
0.0136588
0.0112037
0.00906251
0.00758145
0.00679963
0.00668344
0.00725575
0.00861667
0.0109841
0.0147421
0.0206758
0.0299063
0.0420654
0.0557721
0.0698411
0.0835834
0.0965447
0.10816
0.11786
0.1251
0.129616
0.131399
0.130526
0.12718
0.121389
0.115083
0.101945
-3.00569e-25
3.24906e-24
2.81267e-24
-3.73845e-23
1.06189e-22
2.44718e-23
-9.93011e-22
2.71035e-21
-1.19395e-21
-1.55575e-20
8.368e-20
-6.06222e-20
-5.12139e-19
-9.46853e-19
-2.19604e-18
-5.56231e-19
2.1129e-18
4.96477e-18
3.50868e-18
-4.79951e-18
-8.24468e-18
-7.76332e-18
-4.30098e-18
-2.82217e-19
2.23273e-18
3.92563e-18
6.66281e-18
1.29196e-17
2.67473e-17
5.72052e-17
1.05935e-16
1.19391e-16
6.11938e-17
2.4798e-17
5.66951e-17
-1.4918e-15
6.79004e-16
8.23929e-16
5.70246e-13
3.32876e-10
-6.98524e-10
-1.84687e-09
-1.63e-08
-4.65443e-08
-9.32206e-08
-1.61573e-07
-2.5454e-07
-3.65299e-07
-4.64529e-07
-5.36362e-07
-5.80455e-07
-6.00087e-07
-5.97929e-07
-5.67875e-07
-5.15107e-07
-4.63737e-07
-4.08782e-07
-3.40051e-07
-2.70683e-07
-2.07202e-07
-1.52826e-07
-1.07958e-07
-7.23285e-08
-4.50177e-08
-2.49036e-08
-1.0755e-08
-1.25807e-09
5.0757e-09
9.0047e-09
9.7983e-09
9.94467e-09
9.49437e-09
8.62748e-09
7.50235e-09
6.25226e-09
5.10559e-09
4.25071e-09
3.63785e-09
3.19663e-09
2.89015e-09
2.69377e-09
2.60556e-09
2.6157e-09
2.70904e-09
2.84427e-09
3.05654e-09
3.38275e-09
3.9107e-09
4.6959e-09
5.62641e-09
6.59219e-09
8.11281e-09
1.1786e-08
1.75168e-08
2.33414e-08
2.7225e-08
2.94919e-08
2.97937e-08
2.73667e-08
1.87567e-08
3.36733e-09
-2.36231e-08
-5.30997e-08
-8.57646e-08
-1.10434e-07
-1.69426e-07
-2.46022e-07
-3.20339e-07
-3.64975e-07
-3.69348e-07
-3.26504e-07
-2.63583e-07
-2.27671e-07
-2.50105e-07
-4.53496e-07
-5.32834e-07
-4.47062e-07
-2.84653e-07
-1.48228e-07
-1.12252e-07
-2.46984e-07
-5.90389e-07
-1.13666e-06
-1.81447e-06
-2.47412e-06
-2.89317e-06
-2.1436e-06
5.86834e-06
3.63416e-05
0.000102894
0.000211349
0.000359893
0.000549893
0.000774155
0.00104317
0.00135827
0.00173467
0.00217829
0.002716
0.00334212
0.00408322
0.00489535
0.00578282
0.00665966
0.00749823
0.00821116
0.00875413
0.00905397
0.0091555
0.0089533
0.0085811
0.00794727
0.00722543
0.00638093
0.00555025
0.00472171
0.00396492
0.00333892
0.00308455
0.00302506
0.00350418
0.00515061
0.00868064
0.0145319
0.0232687
0.0333876
0.0432909
0.0510403
0.0561005
0.0586435
0.0590255
0.0576181
0.0549437
0.0516204
0.0481235
0.0449595
0.042643
0.0416235
0.0423764
0.0452955
0.0505699
0.0581964
0.067908
0.0792897
0.0922222
0.104373
0.111177
0.116075
0.121715
0.128781
0.135879
0.141915
0.147447
0.151904
0.153268
0.153393
0.152766
0.151414
0.149528
0.146694
-1.45486e-23
6.53319e-23
-1.52201e-22
1.96661e-22
2.89288e-22
-2.48082e-21
7.10411e-21
-1.05167e-20
2.2589e-21
-1.47595e-20
2.44067e-19
-3.67452e-19
2.80413e-18
9.96553e-18
-1.30055e-17
8.60634e-18
-2.07038e-18
-3.02309e-17
-8.89445e-17
-3.33021e-16
-7.41866e-16
-1.08794e-15
-1.05186e-15
-5.75564e-16
-2.26356e-16
-1.81331e-16
-3.23145e-16
-6.01477e-16
-1.04592e-15
-1.70333e-15
-2.55418e-15
-3.57272e-15
-4.71777e-15
-5.96103e-15
-7.35566e-15
-9.29288e-15
-5.66169e-15
-1.34461e-15
8.07221e-12
1.17668e-09
-4.81825e-09
-2.55525e-08
-6.26944e-08
-1.2617e-07
-2.38802e-07
-3.79374e-07
-5.22802e-07
-6.92767e-07
-8.44304e-07
-8.84704e-07
-8.79558e-07
-8.41468e-07
-7.73765e-07
-6.82822e-07
-5.77464e-07
-4.71087e-07
-3.73037e-07
-2.87946e-07
-2.18457e-07
-1.65032e-07
-1.24487e-07
-9.33716e-08
-6.8658e-08
-4.85649e-08
-3.2018e-08
-1.83958e-08
-7.23085e-09
1.78368e-09
8.80127e-09
1.41149e-08
1.76511e-08
1.98317e-08
2.10438e-08
2.1543e-08
2.15269e-08
2.12394e-08
2.08852e-08
2.05847e-08
2.0357e-08
2.02363e-08
2.02064e-08
2.02766e-08
2.0429e-08
2.06369e-08
2.08811e-08
2.11337e-08
2.13685e-08
2.16141e-08
2.18393e-08
2.2119e-08
2.248e-08
2.30516e-08
2.39281e-08
2.4237e-08
2.20256e-08
1.08364e-08
-9.05776e-09
-5.14016e-08
-1.16481e-07
-2.27696e-07
-3.77816e-07
-5.90189e-07
-8.2734e-07
-5.20207e-07
-4.5266e-09
6.59214e-07
1.34999e-06
1.94212e-06
2.29854e-06
2.37988e-06
2.17545e-06
1.7859e-06
1.30679e-06
8.83277e-07
1.20357e-06
4.92723e-06
2.10823e-05
7.61062e-05
0.000226832
0.00053088
0.00103109
0.00174897
0.00269696
0.00387223
0.00525656
0.00682414
0.00853658
0.0103584
0.012285
0.0143123
0.0163167
0.0181527
0.0199427
0.0216422
0.0234501
0.0253406
0.0274332
0.0297132
0.0323606
0.03527
0.0385761
0.0419485
0.0454129
0.0485808
0.0514529
0.0537751
0.0555311
0.0564878
0.0568757
0.0562681
0.055132
0.0529786
0.0503856
0.0470235
0.0434041
0.0393593
0.0352258
0.0311672
0.0295754
0.0297546
0.0348928
0.0436049
0.0541779
0.0647548
0.0745825
0.0820066
0.0864709
0.0889809
0.0908217
0.0922999
0.093438
0.0941704
0.0942167
0.0935135
0.0925948
0.0922024
0.0931471
0.0967782
0.101733
0.10539
0.108655
0.111391
0.113675
0.115193
0.11517
0.114794
0.114742
0.115729
0.118607
0.123933
0.130874
0.137664
0.14315
0.147011
0.149219
0.150007
0.149719
0.148449
0.146485
0.142293
-2.42963e-23
9.95767e-23
-4.55268e-22
1.28834e-21
-2.17523e-21
-2.21572e-21
2.86083e-20
-8.9811e-20
1.79481e-19
-3.71228e-19
-2.06465e-18
1.20222e-17
2.88057e-17
1.01504e-16
1.25522e-16
-3.73625e-17
-5.9053e-16
-1.48543e-15
-4.42382e-15
-1.30791e-14
-3.87845e-14
-9.13277e-14
-1.68894e-13
-2.13001e-13
-1.2311e-13
1.03997e-14
1.04264e-13
2.61191e-13
5.36952e-13
9.63225e-13
1.53057e-12
2.20273e-12
2.96318e-12
3.77143e-12
4.62832e-12
5.73151e-12
7.34167e-12
1.1025e-11
1.10029e-09
5.12834e-10
-4.29383e-10
-1.12576e-07
3.93322e-09
1.41701e-08
-6.46463e-08
-4.83847e-08
7.22518e-08
2.03117e-07
2.87785e-07
3.32843e-07
3.60614e-07
3.77755e-07
3.8423e-07
3.76962e-07
3.57374e-07
3.31636e-07
3.10271e-07
2.99653e-07
3.08338e-07
3.34042e-07
3.79865e-07
4.38083e-07
5.06273e-07
5.75928e-07
6.45463e-07
7.10132e-07
7.71234e-07
8.26413e-07
8.79595e-07
9.28871e-07
9.79598e-07
1.02885e-06
1.0816e-06
1.13731e-06
1.19731e-06
1.26454e-06
1.33895e-06
1.42387e-06
1.51766e-06
1.62342e-06
1.73943e-06
1.86569e-06
2.00211e-06
2.14671e-06
2.30043e-06
2.46436e-06
2.63819e-06
2.83473e-06
3.05375e-06
3.32166e-06
3.64795e-06
4.07721e-06
4.63193e-06
5.39891e-06
6.43908e-06
7.92366e-06
9.99502e-06
1.298e-05
1.71663e-05
2.31619e-05
3.14553e-05
4.3019e-05
5.97555e-05
0.000159054
0.00034999
0.00063186
0.000984358
0.00140973
0.00188802
0.00244743
0.00308573
0.00385419
0.00476191
0.00584618
0.00719226
0.008881
0.0108883
0.0132492
0.0161111
0.0196162
0.0235542
0.0277298
0.032015
0.0362184
0.0401911
0.0438522
0.0471643
0.0501564
0.0529115
0.0554605
0.0579253
0.0603774
0.0630121
0.065758
0.0688082
0.072008
0.0754874
0.0793949
0.0838305
0.0879178
0.0915119
0.0945037
0.0972015
0.0996345
0.102053
0.104228
0.106164
0.10766
0.108955
0.109754
0.11043
0.110501
0.110129
0.108903
0.107135
0.104539
0.101354
0.0981244
0.0981097
0.099297
0.100055
0.100737
0.101162
0.100627
0.0986549
0.0963019
0.0950228
0.0950765
0.0960423
0.0979761
0.100619
0.104062
0.108085
0.111676
0.113885
0.114174
0.113279
0.111086
0.107533
0.103
0.0964547
0.0850962
0.0699953
0.0565336
0.0474499
0.0438184
0.0451066
0.0501865
0.0576129
0.0658871
0.0735762
0.0794621
0.0828517
0.0836152
0.0819608
0.0782846
0.0731353
0.0670103
0.0614226
0.0484965
1.16898e-22
-4.39111e-22
7.51042e-22
-7.70014e-22
-1.84024e-21
9.76383e-21
-1.17236e-20
4.47701e-21
3.80151e-19
-1.80572e-18
-1.05453e-17
1.16061e-17
-3.59932e-17
-1.32163e-16
2.31009e-15
-3.27307e-15
-1.34881e-14
-4.30278e-14
-9.14865e-14
-9.54948e-14
3.56236e-13
2.828e-12
1.37792e-11
5.88311e-11
2.25849e-10
7.25144e-10
1.85677e-09
3.96945e-09
7.27858e-09
1.17599e-08
1.69336e-08
2.21934e-08
2.76022e-08
3.29658e-08
3.75271e-08
4.43721e-08
5.19033e-08
8.55224e-08
3.32418e-07
9.56636e-07
2.74679e-06
1.9488e-05
0.000247939
0.00064829
0.000905527
0.000905988
0.000731344
0.000532745
0.000364511
0.000242576
0.000159949
0.000106171
7.56786e-05
6.84954e-05
8.74572e-05
0.000133494
0.000205568
0.000299454
0.000409881
0.000525949
0.000642907
0.000748814
0.000841644
0.000915117
0.00097371
0.00101542
0.00104831
0.00107167
0.00109417
0.00111352
0.00113732
0.00116262
0.00119936
0.00124281
0.00129909
0.00137185
0.00147311
0.0016148
0.00178576
0.0020043
0.00227071
0.00256354
0.00286243
0.00314469
0.00339957
0.0036186
0.00378207
0.00392868
0.00401861
0.00412613
0.00420934
0.00436266
0.00453313
0.00484713
0.00525269
0.00589367
0.00672642
0.00787698
0.00927932
0.0110453
0.0130561
0.0153776
0.0178656
0.0204971
0.0230783
0.025629
0.0279633
0.0300996
0.0319892
0.0338566
0.0358442
0.0383041
0.0413425
0.044929
0.0489286
0.0531752
0.0575325
0.0618775
0.0662855
0.070503
0.0736997
0.0759071
0.0774592
0.0789158
0.080331
0.0815368
0.082904
0.0846532
0.0861537
0.0876072
0.0890827
0.0905645
0.0920093
0.0934128
0.0947274
0.0959495
0.0970431
0.0980138
0.098718
0.0992384
0.0995399
0.0996738
0.0997146
0.0997649
0.0997464
0.0997244
0.0996428
0.0996461
0.0995554
0.0996042
0.0994991
0.0995133
0.0994478
0.0995959
0.0997285
0.0999822
0.100222
0.100157
0.0989606
0.0964451
0.0920905
0.0854911
0.0766933
0.0674796
0.0588558
0.0526415
0.049309
0.0486405
0.0500303
0.0526672
0.0555067
0.057252
0.0566434
0.0530195
0.0467825
0.0389064
0.0303788
0.0234651
0.0186011
0.0147963
0.0115475
0.00905309
0.00748791
0.00656193
0.00609256
0.00590008
0.00586623
0.00593991
0.00608199
0.00624518
0.0063739
0.00640593
0.0062631
0.0058987
0.0053309
0.00461574
0.0038208
0.00298989
0.00213245
0.000892532
4.15006e-22
-1.76373e-21
6.11731e-21
-1.92539e-20
4.98275e-20
-8.05764e-20
-4.59451e-20
4.9293e-19
-1.0061e-18
3.15807e-17
-3.63513e-17
-1.19124e-15
-8.88474e-15
-3.75959e-14
-6.6448e-14
-4.29507e-14
2.25166e-12
2.81386e-11
2.32332e-10
1.4812e-09
7.96746e-09
3.72233e-08
1.56062e-07
6.01784e-07
2.1601e-06
6.67402e-06
1.57854e-05
3.16111e-05
5.34394e-05
7.88234e-05
0.000103246
0.000122907
0.0001425
0.000164195
0.000172631
0.000212176
0.000222206
0.000477551
0.00180798
0.00404096
0.0064304
0.00827732
0.00870979
0.00762332
0.0061539
0.00499066
0.00431488
0.0041778
0.00457161
0.00534456
0.00641227
0.00770352
0.00919287
0.0109257
0.0127011
0.014311
0.0159415
0.0173129
0.0182987
0.0191862
0.0200762
0.0208325
0.0214581
0.0218874
0.0222304
0.0224978
0.0228148
0.0231914
0.0237541
0.0244679
0.0254568
0.0266764
0.0282304
0.0300645
0.0320699
0.0342848
0.0367139
0.0394039
0.0422157
0.045047
0.0476556
0.0499652
0.0519467
0.0536238
0.0550514
0.0562952
0.0573991
0.0584538
0.0594596
0.060513
0.0615895
0.0627736
0.0639894
0.0652967
0.066574
0.067797
0.0688466
0.0696397
0.0701814
0.0705003
0.0706568
0.0707292
0.070942
0.0715247
0.0729348
0.0750377
0.0772995
0.0793841
0.0810746
0.0824384
0.0835653
0.0844118
0.085036
0.0855156
0.0858427
0.0859666
0.0858231
0.0853162
0.0843298
0.0826929
0.0805238
0.077972
0.0752756
0.0717931
0.066314
0.0580248
0.0490657
0.0407997
0.0338773
0.0284355
0.0245687
0.0222137
0.020788
0.0197579
0.0188359
0.0180081
0.0171737
0.0163897
0.0155763
0.0148379
0.0140603
0.0134267
0.012734
0.0122914
0.0118181
0.0117908
0.0118613
0.0123737
0.012835
0.0138003
0.0145817
0.0159345
0.0171698
0.0190716
0.0210626
0.0238753
0.0272555
0.0309269
0.0288172
0.0256055
0.0215467
0.0176118
0.0143328
0.0117543
0.00973337
0.00830858
0.00717051
0.00609382
0.00502817
0.00401665
0.00311887
0.00238674
0.0018413
0.00143684
0.00106398
0.000684357
0.000349047
0.000181
0.000109116
6.51917e-05
3.86416e-05
2.27969e-05
1.35172e-05
8.12052e-06
4.9973e-06
3.17534e-06
2.08448e-06
1.39415e-06
9.13357e-07
5.37792e-07
2.13808e-07
-8.21377e-08
-3.54718e-07
-5.97337e-07
-8.0128e-07
-9.65056e-07
-1.09632e-06
-1.20671e-06
-1.29007e-06
-1.27219e-06
5.10895e-22
-2.84684e-21
1.39613e-20
-5.69378e-20
2.00829e-19
-5.27905e-19
6.76932e-19
-6.21707e-18
1.72652e-17
2.38598e-16
1.60909e-16
-9.94577e-15
-2.14828e-13
-6.48166e-13
-8.11491e-13
1.81972e-12
2.91961e-11
2.77161e-10
2.33803e-09
1.97136e-08
1.54328e-07
1.30134e-06
1.10896e-05
8.20252e-05
0.000766726
0.00554403
0.0182959
0.043149
0.0803103
0.115203
0.132123
0.135812
0.134762
0.130428
0.123811
0.116021
0.109963
0.105318
0.0977699
0.0857723
0.0647971
0.0397542
0.0196658
0.00986993
0.00806742
0.0120301
0.0194273
0.0295886
0.0394222
0.0449207
0.046808
0.0471786
0.0463703
0.0442223
0.0393719
0.0306033
0.0214939
0.0151052
0.0128606
0.0126227
0.0125823
0.0127521
0.0131557
0.0138997
0.0149566
0.0164727
0.0183573
0.0207313
0.0233133
0.0259313
0.0283819
0.0305266
0.0322775
0.0336201
0.0345758
0.0351784
0.035492
0.0355772
0.0355411
0.0353646
0.035089
0.0347353
0.034331
0.0338943
0.0334271
0.0329294
0.032397
0.0317974
0.0311434
0.0303715
0.0295155
0.0285008
0.0273808
0.0260832
0.0246611
0.0230613
0.0213254
0.019422
0.0173882
0.0152386
0.0130556
0.0109288
0.00893855
0.00714399
0.00558025
0.0042697
0.00323454
0.002529
0.00226966
0.00244954
0.00282132
0.00338509
0.00399064
0.00462205
0.00515319
0.00554302
0.00571937
0.00568903
0.00547099
0.00510278
0.0046535
0.00415588
0.00363087
0.00298152
0.00227387
0.00159537
0.00112269
0.000721197
0.000411111
0.000189313
5.83184e-05
2.8323e-05
2.62668e-05
2.46201e-05
2.305e-05
2.14744e-05
1.98701e-05
1.82544e-05
1.66332e-05
1.50576e-05
1.35228e-05
1.21086e-05
1.07778e-05
9.66386e-06
8.65433e-06
8.01567e-06
7.59306e-06
7.57928e-06
7.67673e-06
8.18025e-06
8.69038e-06
9.64524e-06
1.068e-05
1.2311e-05
1.44164e-05
1.8889e-05
4.55054e-05
0.000136109
4.92678e-05
3.6539e-05
3.18514e-05
2.57321e-05
1.84218e-05
1.14607e-05
6.03132e-06
2.69314e-06
1.15199e-06
6.9835e-07
7.03428e-07
7.91546e-07
8.00961e-07
7.1951e-07
5.92708e-07
4.48513e-07
2.8429e-07
1.23697e-07
7.8744e-09
-4.76757e-08
-7.44291e-08
-8.59001e-08
-8.86129e-08
-8.72641e-08
-8.40951e-08
-8.01617e-08
-7.60361e-08
-7.19164e-08
-6.7822e-08
-6.35685e-08
-5.89293e-08
-5.40059e-08
-4.88507e-08
-4.45708e-08
-4.10835e-08
-3.91201e-08
-3.97483e-08
-4.39887e-08
-5.73402e-08
-8.07433e-08
-1.14198e-07
-7.22743e-08
)
;

boundaryField
{
    inlet
    {
        type            uniformFixedValue;
        uniformValue    table;
        uniformValueCoeffs
        {
            values          
4
(
(0 1)
(0.15 1)
(0.151 0)
(1 0)
)
;
        }
        value           uniform 0;
    }
    outlet
    {
        type            inletOutlet;
        inletValue      uniform 0;
        value           nonuniform List<scalar> 
20
(
0
0
0
0.0661451
0.0834312
0.110533
0.0994309
0.048057
0.013567
0.00360523
0.00332969
0.0184656
0.0577327
0.101945
0.146694
0.142293
0.0484965
0
0
0
)
;
    }
    walls
    {
        type            zeroGradient;
    }
    frontAndBack
    {
        type            empty;
    }
}


// ************************************************************************* //
