/*--------------------------------*- C++ -*----------------------------------*\
| =========                 |                                                 |
| \\      /  F ield         | OpenFOAM: The Open Source CFD Toolbox           |
|  \\    /   O peration     | Version:  2506                                  |
|   \\  /    A nd           | Website:  www.openfoam.com                      |
|    \\/     M anipulation  |                                                 |
\*---------------------------------------------------------------------------*/
FoamFile
{
    version     2.0;
    format      ascii;
    arch        "LSB;label=32;scalar=64";
    class       volScalarField;
    location    "4.9";
    object      p;
}
// * * * * * * * * * * * * * * * * * * * * * * * * * * * * * * * * * * * * * //

dimensions      [0 2 -2 0 0 0 0];

internalField   nonuniform List<scalar> 
4000
(
0.000554699
0.000496777
0.000465421
0.000451868
0.000443659
0.000437936
0.000433939
0.000430933
0.000428443
0.000426244
0.000424233
0.000422353
0.00042057
0.000418864
0.000417226
0.000415649
0.000414133
0.000412675
0.000411279
0.000409946
0.00040868
0.000407485
0.000406366
0.000405328
0.000404377
0.00040352
0.000402764
0.000402117
0.000401586
0.000401181
0.000400911
0.000400793
0.000400843
0.000400951
0.000401577
0.00040262
0.000403348
0.0004036
0.000403343
0.000402319
0.000400237
0.000395916
0.00038933
0.00038118
0.000371483
0.000360431
0.000348153
0.00033456
0.00032029
0.00030524
0.00028968
0.000274126
0.000258394
0.000243437
0.000228808
0.000215522
0.000203446
0.000192772
0.00018419
0.000176648
0.000171565
0.000167795
0.000165584
0.00016482
0.000164935
0.000166218
0.000167947
0.000170399
0.000173076
0.000176055
0.000179161
0.000182267
0.000185431
0.000188502
0.000191492
0.00019439
0.000197153
0.000199784
0.000202287
0.000204651
0.000206881
0.000208985
0.000210968
0.000212839
0.000214607
0.000216281
0.00021787
0.000219383
0.000220823
0.000222199
0.000223512
0.000224766
0.000225966
0.000227105
0.00022819
0.000229221
0.000230204
0.000231136
0.000232026
0.000232876
0.000233694
0.000234482
0.000235243
0.000235981
0.000236698
0.000237391
0.000238062
0.0002387
0.000239302
0.000239851
0.000240334
0.000240724
0.000241003
0.000241124
0.000241077
0.000240784
0.000240226
0.000239351
0.000238087
0.000236405
0.000234247
0.000231545
0.00022827
0.000224389
0.000219839
0.000214608
0.000208672
0.000202011
0.000194627
0.000186518
0.000177644
0.000168113
0.000157919
0.000146992
0.000135542
0.000123599
0.000110978
9.82842e-05
8.51511e-05
7.20306e-05
5.89725e-05
4.62295e-05
3.40426e-05
2.27895e-05
1.2334e-05
3.71606e-06
-3.99327e-06
-9.44675e-06
-1.34698e-05
-1.59201e-05
-1.66194e-05
-1.63944e-05
-1.46499e-05
-1.23812e-05
-9.19725e-06
-5.80958e-06
-2.00173e-06
1.77799e-06
5.58089e-06
9.22314e-06
1.32687e-05
1.6354e-05
1.91489e-05
2.16914e-05
2.40436e-05
2.61052e-05
2.79373e-05
2.91014e-05
2.97282e-05
2.99962e-05
2.99253e-05
2.9556e-05
2.8939e-05
2.8122e-05
2.71472e-05
2.60526e-05
2.48711e-05
2.36306e-05
2.23547e-05
2.10621e-05
1.97678e-05
1.84831e-05
1.72165e-05
1.59736e-05
1.47583e-05
1.35726e-05
1.24175e-05
1.12922e-05
1.01982e-05
9.13389e-06
8.09854e-06
7.09195e-06
6.11416e-06
5.16558e-06
4.24704e-06
3.35997e-06
2.50643e-06
1.68724e-06
9.02096e-07
2.11619e-07
0.000503033
0.000479904
0.000461997
0.00045221
0.000445344
0.00043978
0.00043549
0.000432163
0.000429419
0.000427026
0.000424871
0.000422885
0.000421022
0.000419259
0.000417577
0.000415969
0.000414428
0.000412954
0.000411545
0.000410204
0.000408934
0.000407737
0.000406618
0.000405582
0.000404636
0.000403785
0.000403036
0.000402399
0.00040188
0.000401489
0.000401235
0.000401134
0.0004012
0.000401296
0.000401794
0.000402606
0.000402995
0.000402815
0.000401985
0.000400187
0.000397125
0.000391853
0.000384587
0.000375949
0.00036592
0.000354674
0.000342348
0.000328911
0.000314944
0.000300367
0.000285439
0.000270623
0.000255773
0.000241744
0.000228187
0.000215834
0.000204559
0.000194511
0.000186302
0.000179056
0.000173948
0.000170068
0.000167592
0.000166483
0.000166228
0.000167106
0.000168469
0.000170564
0.000172946
0.00017566
0.00017856
0.000181495
0.000184525
0.000187501
0.00019042
0.000193272
0.000196012
0.000198634
0.000201142
0.000203522
0.000205775
0.000207907
0.000209921
0.000211823
0.000213624
0.000215327
0.000216945
0.000218486
0.000219954
0.000221359
0.000222706
0.000223994
0.00022523
0.000226419
0.000227555
0.000228645
0.000229693
0.000230701
0.000231661
0.000232584
0.000233465
0.000234314
0.000235128
0.000235911
0.000236667
0.000237383
0.00023807
0.000238705
0.000239288
0.000239796
0.000240213
0.00024051
0.000240664
0.000240624
0.000240379
0.000239848
0.000239011
0.000237816
0.000236195
0.000234117
0.000231531
0.000228375
0.000224626
0.000220256
0.000215215
0.000209501
0.0002031
0.000196001
0.000188219
0.00017976
0.000170596
0.000160845
0.000150509
0.000139519
0.000128128
0.00011634
0.000104013
9.16984e-05
7.90963e-05
6.66167e-05
5.43366e-05
4.24675e-05
3.12398e-05
2.095e-05
1.15737e-05
3.75072e-06
-3.18603e-06
-8.18032e-06
-1.18811e-05
-1.41963e-05
-1.49204e-05
-1.48018e-05
-1.32797e-05
-1.12541e-05
-8.34498e-06
-5.21603e-06
-1.65302e-06
1.9152e-06
5.55143e-06
8.95361e-06
1.29299e-05
1.60098e-05
1.88311e-05
2.14019e-05
2.37627e-05
2.578e-05
2.75381e-05
2.86219e-05
2.92177e-05
2.94873e-05
2.94279e-05
2.90748e-05
2.84805e-05
2.76917e-05
2.67492e-05
2.56894e-05
2.45441e-05
2.33404e-05
2.21009e-05
2.08438e-05
1.95836e-05
1.83312e-05
1.70947e-05
1.58799e-05
1.46902e-05
1.35278e-05
1.23935e-05
1.1288e-05
1.02092e-05
9.15898e-06
8.13539e-06
7.13828e-06
6.16783e-06
5.22453e-06
4.30929e-06
3.42354e-06
2.56898e-06
1.7456e-06
9.50588e-07
2.30412e-07
0.000478702
0.000471133
0.000460563
0.0004526
0.000446334
0.000441218
0.00043692
0.000433404
0.000430454
0.000427877
0.000425573
0.000423467
0.000421511
0.000419674
0.000417935
0.000416281
0.000414705
0.000413203
0.000411772
0.000410414
0.00040913
0.000407922
0.000406794
0.000405752
0.0004048
0.000403945
0.000403194
0.000402554
0.000402034
0.000401641
0.000401384
0.000401272
0.000401322
0.000401359
0.000401707
0.000402269
0.000402282
0.000401611
0.000400173
0.00039762
0.000393709
0.00038772
0.000380028
0.000371156
0.00036105
0.000349865
0.000337753
0.000324735
0.000311315
0.000297455
0.000283364
0.000269464
0.000255676
0.000242613
0.000230028
0.000218488
0.000207928
0.000198422
0.000190493
0.000183406
0.000178132
0.000173966
0.000171058
0.000169434
0.00016864
0.000168974
0.00016983
0.000171464
0.000173447
0.00017582
0.000178448
0.000181157
0.000184016
0.000186862
0.000189683
0.000192472
0.00019517
0.000197768
0.00020027
0.000202656
0.000204923
0.000207076
0.000209113
0.000211041
0.000212868
0.000214595
0.000216236
0.000217802
0.000219293
0.000220721
0.000222097
0.000223415
0.000224685
0.000225914
0.000227091
0.000228235
0.000229321
0.000230376
0.000231382
0.000232359
0.000233288
0.000234187
0.000235046
0.000235866
0.000236653
0.000237386
0.000238079
0.000238701
0.000239251
0.000239703
0.000240037
0.000240221
0.000240229
0.000240007
0.000239546
0.000238761
0.000237636
0.000236119
0.000234147
0.000231695
0.000228716
0.000225158
0.000221006
0.000216236
0.000210813
0.000204743
0.00019802
0.000190644
0.000182635
0.000174009
0.000164758
0.000154979
0.000144689
0.000133857
0.000122698
0.000111223
9.93742e-05
8.75902e-05
7.56673e-05
6.39385e-05
5.25004e-05
4.15187e-05
3.11955e-05
2.17432e-05
1.31295e-05
5.88847e-06
-5.21512e-07
-5.27237e-06
-8.8645e-06
-1.12601e-05
-1.22012e-05
-1.23842e-05
-1.12236e-05
-9.57868e-06
-7.02416e-06
-4.23596e-06
-9.59065e-07
2.3512e-06
5.8176e-06
8.93667e-06
1.29222e-05
1.58978e-05
1.86513e-05
2.11933e-05
2.3532e-05
2.54698e-05
2.71497e-05
2.81359e-05
2.86871e-05
2.89562e-05
2.89041e-05
2.85606e-05
2.79824e-05
2.72168e-05
2.63026e-05
2.52748e-05
2.4164e-05
2.29966e-05
2.17941e-05
2.05739e-05
1.93499e-05
1.81326e-05
1.69296e-05
1.57464e-05
1.45862e-05
1.34509e-05
1.23413e-05
1.12576e-05
1.01993e-05
9.16482e-06
8.15506e-06
7.16929e-06
6.20749e-06
5.27019e-06
4.35832e-06
3.47319e-06
2.61622e-06
1.78681e-06
9.79727e-07
2.2648e-07
0.000467709
0.000464924
0.000458471
0.000451977
0.000446671
0.000442121
0.000437984
0.000434503
0.000431456
0.000428741
0.000426306
0.000424077
0.000422013
0.000420089
0.000418277
0.000416562
0.000414935
0.000413389
0.000411922
0.000410531
0.000409217
0.000407983
0.00040683
0.000405763
0.000404786
0.000403906
0.000403128
0.00040246
0.000401907
0.000401476
0.000401173
0.000400999
0.000400965
0.000400884
0.00040106
0.000401377
0.000401035
0.000399899
0.000397907
0.000394733
0.000390206
0.000383765
0.000375857
0.000366925
0.000356918
0.000345984
0.000334286
0.000321877
0.000309207
0.000296238
0.000283103
0.000270254
0.000257612
0.000245591
0.000234047
0.000223354
0.000213506
0.000204518
0.000196802
0.00018979
0.00018425
0.000179674
0.000176196
0.000173896
0.000172407
0.000172027
0.000172217
0.000173238
0.000174687
0.000176598
0.000178852
0.000181246
0.000183864
0.00018652
0.000189195
0.000191882
0.000194507
0.000197058
0.000199535
0.000201911
0.000204179
0.000206343
0.000208397
0.000210344
0.000212192
0.00021394
0.000215599
0.000217187
0.000218695
0.00022014
0.000221538
0.000222879
0.000224176
0.00022544
0.000226652
0.000227841
0.000228974
0.000230084
0.00023114
0.000232174
0.000233151
0.000234101
0.000235001
0.000235855
0.000236668
0.00023741
0.000238099
0.000238694
0.000239196
0.000239574
0.000239803
0.000239851
0.00023969
0.000239262
0.000238561
0.0002375
0.000236069
0.000234221
0.000231895
0.000229076
0.000225725
0.000221798
0.000217289
0.000212183
0.000206455
0.000200119
0.000193179
0.000185643
0.000177538
0.000168889
0.000159702
0.000150062
0.00014
0.000129511
0.000118772
0.00010781
9.66184e-05
8.55382e-05
7.44423e-05
6.35848e-05
5.30672e-05
4.30061e-05
3.35652e-05
2.48881e-05
1.69489e-05
1.01572e-05
4.0945e-06
-6.20311e-07
-4.33241e-06
-7.0308e-06
-8.42064e-06
-9.11408e-06
-8.51384e-06
-7.41443e-06
-5.35529e-06
-3.01406e-06
-9.98748e-08
2.89862e-06
6.18907e-06
9.03752e-06
1.30497e-05
1.59016e-05
1.8549e-05
2.1034e-05
2.33388e-05
2.5188e-05
2.67903e-05
2.76668e-05
2.81522e-05
2.84051e-05
2.83466e-05
2.79984e-05
2.74236e-05
2.66708e-05
2.57769e-05
2.47749e-05
2.36946e-05
2.25611e-05
2.13948e-05
2.02122e-05
1.90262e-05
1.78467e-05
1.66808e-05
1.55332e-05
1.4407e-05
1.33035e-05
1.22234e-05
1.11663e-05
1.01318e-05
9.11893e-06
8.1276e-06
7.15724e-06
6.20781e-06
5.27975e-06
4.37391e-06
3.49138e-06
2.63324e-06
1.79836e-06
9.82756e-07
2.05573e-07
0.000460978
0.000459651
0.000455676
0.000450982
0.000446653
0.000442582
0.000438829
0.000435492
0.000432397
0.000429617
0.000427101
0.000424746
0.000422565
0.000420542
0.00041864
0.000416844
0.000415146
0.000413539
0.000412015
0.000410572
0.00040921
0.000407929
0.000406729
0.000405615
0.00040459
0.000403658
0.000402824
0.000402093
0.000401471
0.000400961
0.000400563
0.000400273
0.000400096
0.000399848
0.000399808
0.000399844
0.00039914
0.00039756
0.000395067
0.00039138
0.000386392
0.000379671
0.000371687
0.000362825
0.000353057
0.000342531
0.000331406
0.000319769
0.000307932
0.000295932
0.000283964
0.000272275
0.000260831
0.000249924
0.000239477
0.000229704
0.000220624
0.000212218
0.000204775
0.000197904
0.000192153
0.000187195
0.000183141
0.000180111
0.000177846
0.000176618
0.000175996
0.00017623
0.000176975
0.000178257
0.000179978
0.000181922
0.000184176
0.000186541
0.000188985
0.000191501
0.000193999
0.00019646
0.000198878
0.000201221
0.000203472
0.000205634
0.000207697
0.000209659
0.000211527
0.000213296
0.000214974
0.000216584
0.000218111
0.000219574
0.000220994
0.000222358
0.00022368
0.000224979
0.000226224
0.000227459
0.000228637
0.000229802
0.000230907
0.000231998
0.000233022
0.000234019
0.000234955
0.000235834
0.000236661
0.000237394
0.000238058
0.000238602
0.000239025
0.000239295
0.000239382
0.000239253
0.00023888
0.000238203
0.000237223
0.000235851
0.000234085
0.000231883
0.000229194
0.000226009
0.000222302
0.000218038
0.00021322
0.000207842
0.00020189
0.000195383
0.000188333
0.000180758
0.000172689
0.000164159
0.000155184
0.000145843
0.000136179
0.000126202
0.000116037
0.000105747
9.53536e-05
8.51063e-05
7.49367e-05
6.50281e-05
5.54743e-05
4.63483e-05
3.77728e-05
2.98367e-05
2.25255e-05
1.61187e-05
1.0323e-05
5.56185e-06
1.62994e-06
-1.47077e-06
-3.44479e-06
-4.78391e-06
-4.91888e-06
-4.52694e-06
-3.14562e-06
-1.40579e-06
1.00198e-06
3.57975e-06
6.63023e-06
9.19091e-06
1.31868e-05
1.59063e-05
1.8414e-05
2.08102e-05
2.30591e-05
2.47963e-05
2.62931e-05
2.70356e-05
2.74335e-05
2.7656e-05
2.75827e-05
2.72245e-05
2.66511e-05
2.59124e-05
2.50428e-05
2.40728e-05
2.30305e-05
2.19398e-05
2.08196e-05
1.96849e-05
1.85477e-05
1.74168e-05
1.6299e-05
1.51981e-05
1.41164e-05
1.3055e-05
1.20139e-05
1.0993e-05
9.99144e-06
9.00854e-06
8.04365e-06
7.09634e-06
6.16645e-06
5.25427e-06
4.36043e-06
3.48579e-06
2.63126e-06
1.79544e-06
9.78064e-07
1.80326e-07
0.000456485
0.000455729
0.000453164
0.000449758
0.000446264
0.000442806
0.000439448
0.00043624
0.000433177
0.000430421
0.000427878
0.000425406
0.00042312
0.000421007
0.000419006
0.000417116
0.000415337
0.000413654
0.000412057
0.000410545
0.000409116
0.000407767
0.000406499
0.000405314
0.000404213
0.000403201
0.000402279
0.000401452
0.000400721
0.000400088
0.000399549
0.000399094
0.000398721
0.000398266
0.000397965
0.000397672
0.000396602
0.00039461
0.000391678
0.000387579
0.000382261
0.000375399
0.000367463
0.000358787
0.000349376
0.000339375
0.000328936
0.000318148
0.000307224
0.000296269
0.00028554
0.000275032
0.00026479
0.000255016
0.000245663
0.000236844
0.000228565
0.0002208
0.000213728
0.000207101
0.000201282
0.000196077
0.000191553
0.000187873
0.000184885
0.000182795
0.00018131
0.000180655
0.00018057
0.000181074
0.000182102
0.000183441
0.000185178
0.000187116
0.000189211
0.00019145
0.000193734
0.000196032
0.000198333
0.000200596
0.000202795
0.00020493
0.000206983
0.000208947
0.000210829
0.000212617
0.000214315
0.00021595
0.000217499
0.000218984
0.000220429
0.000221817
0.000223163
0.000224497
0.000225773
0.000227051
0.000228269
0.000229484
0.000230634
0.000231776
0.000232838
0.000233871
0.000234829
0.000235716
0.000236534
0.000237232
0.000237838
0.000238292
0.000238594
0.000238709
0.000238605
0.000238251
0.000237618
0.00023665
0.000235352
0.000233639
0.000231519
0.000228957
0.000225912
0.000222385
0.00021836
0.000213812
0.000208754
0.00020319
0.000197113
0.000190548
0.000183512
0.000176028
0.000168131
0.000159857
0.000151232
0.000142328
0.000133196
0.000123833
0.000114379
0.00010488
9.53603e-05
8.60066e-05
7.67944e-05
6.78475e-05
5.92424e-05
5.10197e-05
4.32629e-05
3.6022e-05
2.9276e-05
2.32175e-05
1.76536e-05
1.28323e-05
8.66455e-06
5.15646e-06
2.56549e-06
5.37727e-07
-4.22151e-07
-8.36403e-07
-2.80601e-07
7.14114e-07
2.45727e-06
4.48021e-06
7.1769e-06
9.40153e-06
1.32654e-05
1.5828e-05
1.81604e-05
2.04254e-05
2.25801e-05
2.41726e-05
2.55227e-05
2.61098e-05
2.64052e-05
2.65857e-05
2.64937e-05
2.61275e-05
2.55617e-05
2.48475e-05
2.40151e-05
2.30917e-05
2.21033e-05
2.10719e-05
2.00146e-05
1.89444e-05
1.78719e-05
1.68056e-05
1.57514e-05
1.47122e-05
1.36894e-05
1.26834e-05
1.16944e-05
1.07217e-05
9.76469e-06
8.82264e-06
7.89488e-06
6.98082e-06
6.08019e-06
5.19301e-06
4.31965e-06
3.4607e-06
2.61705e-06
1.78698e-06
9.75051e-07
1.56917e-07
0.00045347
0.000452981
0.000451201
0.000448624
0.000445756
0.000442771
0.000439741
0.000436742
0.000433834
0.000431083
0.000428466
0.000425952
0.000423626
0.000421444
0.000419336
0.00041735
0.000415487
0.000413721
0.000412044
0.000410449
0.00040894
0.000407508
0.000406152
0.000404875
0.000403675
0.000402555
0.000401516
0.000400558
0.000399682
0.000398886
0.000398163
0.0003975
0.000396889
0.000396191
0.000395592
0.000394934
0.000393502
0.000391145
0.000387847
0.000383438
0.000377909
0.00037103
0.000363248
0.000354853
0.000345888
0.000336494
0.000326804
0.000316901
0.000306991
0.000297144
0.000287536
0.000278181
0.000269112
0.000260441
0.000252142
0.000244253
0.00023677
0.000229671
0.000223042
0.000216742
0.000211015
0.000205728
0.000200874
0.000196705
0.000193146
0.000190298
0.000188007
0.00018647
0.00018552
0.00018517
0.000185394
0.000186005
0.000187082
0.000188451
0.000190061
0.000191893
0.000193843
0.000195877
0.000197972
0.000200081
0.000202166
0.000204225
0.00020623
0.000208168
0.000210043
0.000211836
0.000213547
0.000215205
0.000216776
0.000218286
0.000219758
0.000221174
0.000222544
0.000223911
0.000225214
0.000226531
0.000227779
0.000229037
0.000230219
0.000231399
0.000232483
0.000233534
0.00023449
0.000235356
0.000236132
0.000236757
0.000237263
0.00023758
0.000237712
0.000237622
0.000237277
0.000236651
0.000235717
0.000234424
0.000232785
0.000230723
0.000228252
0.000225351
0.000221985
0.000218167
0.00021389
0.000209137
0.000203933
0.000198285
0.000192197
0.000185693
0.000178796
0.000171531
0.000163932
0.000156038
0.000147877
0.000139511
0.000131005
0.000122338
0.000113672
0.000105016
9.63894e-05
8.79349e-05
7.96572e-05
7.16327e-05
6.39168e-05
5.65285e-05
4.95163e-05
4.29018e-05
3.66571e-05
3.09259e-05
2.55807e-05
2.07077e-05
1.6325e-05
1.24561e-05
9.28243e-06
6.5916e-06
4.80308e-06
3.56086e-06
3.21065e-06
3.36379e-06
4.31424e-06
5.65861e-06
7.8614e-06
9.68452e-06
1.32423e-05
1.56006e-05
1.77191e-05
1.97999e-05
2.18055e-05
2.32168e-05
2.43779e-05
2.48008e-05
2.49898e-05
2.51194e-05
2.50077e-05
2.46414e-05
2.40964e-05
2.34235e-05
2.26478e-05
2.17912e-05
2.08774e-05
1.99268e-05
1.89533e-05
1.79675e-05
1.6979e-05
1.59956e-05
1.5023e-05
1.40628e-05
1.3115e-05
1.21796e-05
1.12567e-05
1.03457e-05
9.4459e-06
8.55699e-06
7.67818e-06
6.80883e-06
5.94845e-06
5.09671e-06
4.2536e-06
3.4194e-06
2.595e-06
1.77805e-06
9.78181e-07
1.39172e-07
0.000451466
0.000451107
0.00044976
0.000447701
0.00044527
0.000442627
0.000439856
0.00043704
0.000434249
0.000431532
0.000428913
0.000426397
0.000424011
0.000421743
0.000419576
0.000417521
0.000415576
0.000413727
0.000411966
0.000410287
0.000408686
0.00040716
0.000405706
0.000404321
0.000403005
0.000401756
0.000400575
0.00039946
0.000398408
0.000397417
0.000396477
0.00039557
0.000394688
0.000393718
0.000392792
0.000391749
0.000389969
0.000387296
0.000383706
0.00037908
0.000373443
0.00036665
0.000359107
0.000351068
0.000342614
0.000333877
0.000324973
0.000315982
0.000307072
0.000298305
0.000289779
0.000281525
0.000273558
0.000265921
0.000258598
0.000251582
0.000244864
0.000238417
0.000232265
0.000226332
0.000220837
0.000215625
0.000210566
0.00020608
0.000202142
0.000198704
0.000195737
0.00019342
0.000191656
0.000190464
0.000189854
0.000189677
0.000189996
0.000190684
0.000191689
0.000192986
0.000194471
0.00019612
0.000197896
0.000199749
0.000201632
0.000203537
0.00020543
0.00020729
0.000209114
0.00021088
0.000212581
0.000214245
0.000215829
0.000217358
0.000218853
0.000220294
0.000221686
0.000223083
0.000224407
0.000225755
0.000227027
0.000228306
0.0002295
0.000230696
0.000231775
0.000232815
0.000233736
0.000234545
0.000235236
0.000235744
0.0002361
0.000236234
0.000236145
0.000235806
0.000235179
0.000234249
0.000232991
0.000231364
0.000229389
0.000226997
0.000224213
0.000221025
0.000217407
0.000213378
0.00020894
0.000204086
0.000198844
0.000193228
0.000187245
0.000180923
0.000174284
0.000167351
0.000160159
0.000152743
0.000145135
0.00013739
0.000129555
0.000121649
0.000113774
0.000105945
9.81896e-05
9.06018e-05
8.31981e-05
7.60218e-05
6.91078e-05
6.24632e-05
5.61066e-05
5.00388e-05
4.42287e-05
3.88035e-05
3.36782e-05
2.87648e-05
2.42051e-05
2.00435e-05
1.63504e-05
1.3059e-05
1.05037e-05
8.47692e-06
7.20221e-06
6.46981e-06
6.54911e-06
7.12268e-06
8.69028e-06
1.00359e-05
1.30937e-05
1.51752e-05
1.70311e-05
1.88668e-05
2.06549e-05
2.18489e-05
2.27856e-05
2.30521e-05
2.31434e-05
2.32186e-05
2.30915e-05
2.27399e-05
2.22353e-05
2.1626e-05
2.09309e-05
2.0165e-05
1.93499e-05
1.85039e-05
1.76371e-05
1.6757e-05
1.58725e-05
1.49922e-05
1.41207e-05
1.32574e-05
1.24004e-05
1.15504e-05
1.07075e-05
9.87078e-06
9.04058e-06
8.21698e-06
7.39884e-06
6.58548e-06
5.77625e-06
4.97033e-06
4.16713e-06
3.3666e-06
2.56953e-06
1.77268e-06
9.90129e-07
1.30449e-07
0.000450217
0.000449921
0.000448808
0.000447051
0.000444895
0.000442475
0.000439879
0.000437191
0.00043448
0.000431802
0.000429191
0.000426666
0.000424241
0.000421922
0.000419706
0.000417591
0.000415576
0.000413652
0.000411813
0.000410052
0.000408359
0.000406737
0.000405178
0.000403678
0.000402234
0.000400844
0.000399504
0.000398213
0.000396965
0.000395757
0.000394576
0.000393401
0.000392222
0.000390958
0.000389689
0.000388252
0.000386141
0.000383196
0.000379382
0.000374621
0.000368959
0.000362331
0.000355091
0.000347464
0.000339564
0.000331516
0.000323413
0.000315332
0.000307394
0.000299652
0.000292157
0.000284928
0.000277969
0.000271274
0.000264836
0.000258617
0.000252604
0.000246774
0.000241106
0.000235605
0.000230335
0.000225274
0.00022023
0.000215545
0.00021134
0.000207492
0.00020404
0.000201117
0.000198656
0.000196705
0.000195315
0.00019436
0.000193891
0.00019384
0.00019416
0.00019483
0.000195732
0.000196879
0.000198219
0.000199695
0.000201265
0.000202919
0.000204611
0.00020631
0.000208013
0.000209692
0.000211335
0.000212964
0.000214531
0.000216056
0.000217554
0.000219006
0.000220407
0.000221819
0.000223151
0.00022451
0.000225783
0.000227065
0.000228247
0.000229426
0.000230469
0.000231458
0.000232303
0.000233011
0.000233573
0.000233919
0.00023408
0.000233989
0.000233645
0.000233028
0.000232103
0.000230863
0.000229289
0.000227355
0.000225082
0.00022242
0.000219396
0.000216007
0.000212237
0.000208106
0.00020362
0.000198781
0.000193621
0.000188156
0.000182395
0.000176364
0.000170083
0.000163576
0.000156874
0.000150007
0.000143007
0.000135924
0.000128782
0.000121628
0.000114524
0.000107487
0.000100548
9.37601e-05
8.71434e-05
8.07205e-05
7.45075e-05
6.85077e-05
6.2715e-05
5.71252e-05
5.17219e-05
4.65388e-05
4.15358e-05
3.66377e-05
3.20047e-05
2.76102e-05
2.34603e-05
1.96381e-05
1.64294e-05
1.3701e-05
1.15247e-05
9.90343e-06
9.08058e-06
8.82547e-06
9.64073e-06
1.04181e-05
1.28051e-05
1.45196e-05
1.60526e-05
1.75777e-05
1.90749e-05
2.00215e-05
2.07143e-05
2.08473e-05
2.08602e-05
2.08836e-05
2.07517e-05
2.04392e-05
2.00044e-05
1.94876e-05
1.88985e-05
1.82466e-05
1.75563e-05
1.68408e-05
1.61009e-05
1.53433e-05
1.45782e-05
1.38198e-05
1.30716e-05
1.23235e-05
1.15719e-05
1.08212e-05
1.00701e-05
9.31691e-06
8.56585e-06
7.81766e-06
7.07043e-06
6.32279e-06
5.57424e-06
4.82307e-06
4.06788e-06
3.3085e-06
2.54547e-06
1.77438e-06
1.01185e-06
1.34067e-07
0.000449594
0.000449326
0.000448317
0.000446702
0.00044468
0.000442371
0.000439864
0.00043724
0.00043457
0.000431912
0.000429302
0.000426764
0.000424314
0.00042196
0.000419704
0.000417541
0.000415469
0.000413483
0.000411576
0.000409739
0.000407964
0.000406248
0.000404584
0.000402968
0.000401393
0.000399855
0.00039835
0.000396872
0.000395416
0.000393982
0.000392553
0.000391092
0.000389599
0.000388028
0.000386406
0.00038458
0.000382154
0.000378974
0.00037499
0.000370156
0.000364535
0.000358126
0.000351232
0.000344058
0.000336741
0.000329396
0.000322092
0.000314901
0.000307895
0.000301116
0.000294581
0.000288288
0.000282234
0.00027638
0.000270727
0.000265218
0.000259838
0.000254569
0.00024936
0.000244266
0.000239224
0.000234334
0.000229478
0.00022482
0.000220439
0.000216276
0.0002125
0.000209152
0.000206134
0.000203546
0.000201491
0.000199829
0.000198603
0.000197813
0.000197425
0.000197393
0.000197668
0.000198223
0.000199031
0.00020002
0.000201152
0.000202443
0.000203834
0.000205273
0.000206755
0.000208258
0.000209764
0.00021129
0.000212781
0.000214255
0.000215713
0.000217137
0.000218515
0.000219907
0.00022122
0.000222557
0.000223802
0.000225052
0.000226188
0.00022731
0.000228276
0.000229171
0.000229897
0.000230463
0.000230853
0.000231004
0.000230941
0.000230606
0.000229997
0.000229105
0.000227897
0.00022638
0.000224539
0.000222361
0.00021987
0.000217033
0.000213878
0.000210408
0.00020661
0.000202498
0.000198086
0.000193388
0.000188433
0.000183232
0.000177794
0.000172143
0.000166298
0.000160282
0.00015412
0.000147839
0.000141468
0.000135043
0.000128594
0.00012216
0.000115778
0.000109473
0.000103269
9.71926e-05
9.12631e-05
8.54915e-05
7.98759e-05
7.44221e-05
6.91034e-05
6.3918e-05
5.88431e-05
5.38682e-05
4.89887e-05
4.41494e-05
3.94338e-05
3.48699e-05
3.04088e-05
2.61355e-05
2.23181e-05
1.89264e-05
1.59364e-05
1.34891e-05
1.17849e-05
1.06696e-05
1.06459e-05
1.07851e-05
1.23498e-05
1.35991e-05
1.47483e-05
1.59036e-05
1.70446e-05
1.77291e-05
1.81857e-05
1.82239e-05
1.81889e-05
1.81736e-05
1.80476e-05
1.77901e-05
1.74599e-05
1.70826e-05
1.66292e-05
1.61096e-05
1.55768e-05
1.50269e-05
1.44331e-05
1.38049e-05
1.31549e-05
1.25191e-05
1.19101e-05
1.12942e-05
1.06608e-05
1.00239e-05
9.37799e-06
8.71568e-06
8.04997e-06
7.38369e-06
6.71321e-06
6.03796e-06
5.35744e-06
4.66723e-06
3.96529e-06
3.25216e-06
2.5276e-06
1.78568e-06
1.03989e-06
1.50913e-07
0.000449542
0.000449276
0.000448273
0.000446666
0.00044465
0.000442346
0.00043984
0.000437214
0.000434541
0.000431874
0.000429252
0.000426699
0.000424228
0.000421849
0.000419563
0.000417365
0.000415251
0.000413216
0.000411251
0.000409349
0.0004075
0.000405699
0.000403937
0.000402209
0.000400507
0.000398825
0.000397155
0.00039549
0.000393815
0.000392157
0.000390491
0.000388739
0.000386921
0.000385033
0.000383059
0.000380853
0.000378128
0.000374736
0.00037062
0.000365759
0.000360224
0.00035407
0.000347547
0.000340851
0.000334137
0.000327498
0.00032098
0.000314646
0.000308521
0.000302636
0.000296977
0.000291524
0.000286268
0.000281152
0.00027618
0.000271288
0.000266461
0.000261692
0.000256903
0.000252189
0.000247424
0.000242746
0.00023807
0.00023347
0.000229052
0.000224815
0.000220848
0.000217152
0.000213677
0.000210616
0.000208046
0.000205785
0.000203873
0.000202398
0.000201346
0.000200612
0.000200222
0.000200121
0.000200311
0.000200778
0.000201361
0.000202178
0.000203169
0.000204252
0.000205406
0.000206624
0.000207888
0.000209211
0.000210544
0.000211891
0.000213237
0.000214568
0.000215864
0.000217179
0.000218422
0.000219685
0.000220857
0.000222023
0.00022307
0.000224085
0.000224934
0.000225691
0.00022626
0.000226652
0.000226843
0.000226783
0.00022649
0.000225924
0.000225082
0.000223962
0.000222534
0.000220812
0.00021879
0.000216471
0.000213871
0.000210976
0.000207816
0.000204399
0.000200715
0.000196751
0.000192533
0.000188097
0.000183457
0.000178614
0.000173577
0.000168369
0.000163008
0.000157515
0.000151912
0.00014622
0.000140466
0.000134678
0.000128879
0.000123109
0.000117382
0.000111729
0.000106167
0.000100707
9.5362e-05
9.01401e-05
8.5022e-05
8.00213e-05
7.50923e-05
7.02409e-05
6.54321e-05
6.06435e-05
5.58839e-05
5.10963e-05
4.63127e-05
4.15934e-05
3.69068e-05
3.23689e-05
2.80457e-05
2.40125e-05
2.02653e-05
1.70706e-05
1.45207e-05
1.25298e-05
1.15669e-05
1.11527e-05
1.17504e-05
1.24096e-05
1.3109e-05
1.38522e-05
1.45898e-05
1.50035e-05
1.52552e-05
1.52623e-05
1.52404e-05
1.5243e-05
1.51397e-05
1.4895e-05
1.46643e-05
1.44901e-05
1.42171e-05
1.38417e-05
1.34752e-05
1.30984e-05
1.26693e-05
1.22048e-05
1.17251e-05
1.12442e-05
1.07673e-05
1.02719e-05
9.74371e-06
9.19946e-06
8.64937e-06
8.08957e-06
7.52022e-06
6.94094e-06
6.3489e-06
5.74895e-06
5.14163e-06
4.51515e-06
3.86794e-06
3.20379e-06
2.52011e-06
1.80759e-06
1.06717e-06
1.72734e-07
0.000450062
0.000449772
0.000448679
0.000446948
0.000444811
0.000442404
0.000439811
0.000437117
0.000434393
0.00043169
0.000429042
0.000426469
0.000423982
0.000421587
0.000419284
0.000417063
0.000414921
0.000412852
0.000410845
0.000408891
0.00040698
0.000405104
0.000403255
0.000401425
0.000399605
0.000397787
0.000395963
0.000394123
0.000392258
0.000390364
0.000388418
0.000386392
0.000384284
0.000382086
0.000379756
0.00037718
0.000374164
0.000370574
0.000366346
0.000361486
0.000356063
0.000350182
0.000344045
0.000337841
0.000331737
0.000325799
0.000320045
0.000314528
0.000309224
0.000304154
0.000299277
0.000294563
0.000289997
0.000285513
0.00028112
0.000276753
0.000272396
0.000268059
0.000263644
0.000259275
0.000254789
0.000250343
0.00024586
0.000241397
0.00023703
0.000232763
0.000228659
0.000224742
0.000221057
0.000217688
0.000214643
0.000211881
0.000209373
0.000207324
0.000205698
0.000204339
0.00020327
0.000202491
0.000202054
0.000201935
0.000201973
0.000202221
0.000202685
0.000203321
0.000204058
0.000204889
0.000205795
0.000206797
0.000207868
0.000208999
0.000210144
0.000211293
0.000212421
0.000213572
0.000214674
0.000215791
0.000216829
0.000217849
0.000218756
0.000219611
0.000220302
0.000220884
0.000221274
0.000221478
0.000221467
0.000221205
0.000220703
0.000219941
0.000218924
0.000217659
0.000216123
0.000214321
0.000212255
0.000209938
0.000207389
0.000204608
0.000201589
0.000198338
0.000194867
0.000191151
0.00018722
0.000183132
0.000178875
0.000174446
0.000169854
0.000165118
0.000160256
0.000155287
0.000150228
0.0001451
0.000139924
0.000134723
0.000129511
0.000124331
0.000119178
0.00011409
0.000109073
0.000104131
9.92715e-05
9.45034e-05
8.97912e-05
8.51598e-05
8.05456e-05
7.5967e-05
7.13751e-05
6.67506e-05
6.20989e-05
5.73676e-05
5.25642e-05
4.77661e-05
4.28921e-05
3.80985e-05
3.33178e-05
2.87885e-05
2.44722e-05
2.05838e-05
1.71377e-05
1.42776e-05
1.23461e-05
1.1329e-05
1.09669e-05
1.0957e-05
1.11641e-05
1.14959e-05
1.18072e-05
1.19061e-05
1.19664e-05
1.2022e-05
1.20474e-05
1.20603e-05
1.20641e-05
1.20113e-05
1.19565e-05
1.19119e-05
1.17658e-05
1.15568e-05
1.14032e-05
1.12239e-05
1.09606e-05
1.0656e-05
1.0334e-05
9.99588e-06
9.63999e-06
9.25935e-06
8.84995e-06
8.419e-06
7.97207e-06
7.50781e-06
7.02633e-06
6.52795e-06
6.01158e-06
5.48404e-06
4.94685e-06
4.37873e-06
3.78117e-06
3.16604e-06
2.52728e-06
1.85227e-06
1.15732e-06
2.46345e-07
0.000451208
0.000450862
0.000449558
0.000447547
0.000445151
0.000442526
0.000439758
0.000436929
0.000434112
0.000431348
0.000428666
0.000426073
0.000423572
0.00042118
0.000418878
0.000416643
0.000414488
0.000412404
0.000410372
0.000408381
0.000406423
0.000404487
0.000402565
0.000400646
0.000398722
0.000396783
0.000394817
0.000392814
0.000390763
0.000388651
0.000386461
0.000384177
0.000381783
0.000379275
0.000376595
0.000373661
0.000370356
0.000366563
0.000362227
0.000357378
0.000352075
0.000346463
0.000340713
0.000335026
0.000329533
0.000324283
0.000319261
0.000314511
0.000309956
0.000305615
0.00030142
0.000297337
0.00029335
0.000289393
0.000285478
0.000281547
0.000277587
0.00027361
0.000269519
0.000265455
0.000261231
0.000257018
0.000252734
0.000248435
0.000244164
0.000239934
0.000235806
0.0002318
0.000227965
0.000224338
0.000220932
0.000217801
0.000214931
0.000212408
0.000210201
0.000208283
0.000206595
0.000205158
0.000204145
0.000203442
0.000202966
0.000202643
0.000202507
0.000202563
0.000202803
0.00020317
0.000203616
0.000204184
0.00020491
0.000205745
0.000206605
0.000207477
0.000208341
0.000209225
0.000210094
0.000210976
0.000211806
0.00021261
0.000213322
0.000213966
0.000214467
0.00021485
0.000215058
0.000215093
0.000214936
0.000214556
0.000213936
0.000213066
0.000211937
0.000210563
0.000208978
0.00020721
0.00020527
0.000203127
0.000200756
0.000198176
0.000195368
0.00019236
0.000189219
0.00018592
0.00018242
0.000178733
0.000174862
0.000170836
0.000166687
0.000162419
0.00015804
0.000153566
0.00014901
0.000144394
0.000139733
0.00013505
0.000130347
0.000125676
0.000121008
0.000116394
0.000111827
0.000107313
0.000102846
9.84446e-05
9.40564e-05
8.97213e-05
8.53575e-05
8.10005e-05
7.65843e-05
7.21027e-05
6.75474e-05
6.28803e-05
5.80803e-05
5.32419e-05
4.82306e-05
4.32514e-05
3.81542e-05
3.32182e-05
2.83277e-05
2.37313e-05
1.95351e-05
1.59489e-05
1.30441e-05
1.11458e-05
9.84152e-06
9.20187e-06
8.92965e-06
8.79966e-06
8.71053e-06
8.65535e-06
8.62944e-06
8.69728e-06
8.77321e-06
8.8884e-06
9.06759e-06
9.20373e-06
9.32136e-06
9.42833e-06
9.48554e-06
9.50019e-06
9.5064e-06
9.47309e-06
9.37714e-06
9.23671e-06
9.06416e-06
8.85992e-06
8.62359e-06
8.35477e-06
8.05369e-06
7.72371e-06
7.36829e-06
6.98871e-06
6.58764e-06
6.16341e-06
5.71712e-06
5.2543e-06
4.77165e-06
4.25571e-06
3.71071e-06
3.13978e-06
2.54217e-06
1.9031e-06
1.23853e-06
3.18019e-07
0.00045311
0.000452649
0.000450949
0.00044845
0.00044563
0.000442667
0.000439632
0.00043661
0.000433661
0.000430822
0.000428119
0.000425519
0.000423001
0.000420639
0.000418372
0.000416137
0.000413984
0.000411902
0.000409863
0.000407853
0.000405863
0.000403884
0.000401905
0.000399915
0.000397905
0.000395862
0.000393774
0.000391629
0.000389412
0.000387109
0.000384701
0.000382173
0.000379503
0.000376701
0.000373684
0.0003704
0.000366797
0.00036278
0.000358322
0.000353475
0.000348289
0.000342945
0.000337556
0.000332382
0.000327518
0.000322941
0.000318609
0.000314562
0.000310675
0.000306963
0.00030334
0.000299779
0.000296261
0.000292728
0.000289195
0.000285616
0.000281974
0.000278299
0.000274484
0.000270682
0.000266698
0.000262707
0.000258617
0.000254491
0.000250346
0.000246203
0.000242109
0.000238084
0.000234164
0.000230394
0.000226776
0.000223391
0.000220199
0.000217263
0.000214583
0.000212152
0.000209989
0.000208107
0.000206531
0.000205189
0.000204109
0.000203256
0.00020257
0.000202011
0.000201654
0.000201502
0.000201518
0.000201691
0.000201997
0.000202367
0.0002028
0.000203291
0.000203822
0.000204379
0.000204952
0.000205532
0.000206095
0.000206625
0.000207098
0.000207496
0.00020779
0.000207966
0.000208002
0.000207885
0.000207602
0.000207131
0.00020646
0.000205589
0.000204532
0.000203256
0.000201771
0.000200123
0.000198368
0.000196489
0.000194416
0.000192128
0.000189636
0.000186971
0.00018417
0.00018122
0.0001781
0.000174819
0.00017138
0.000167796
0.000164086
0.000160255
0.000156315
0.000152281
0.000148167
0.000143992
0.00013977
0.000135523
0.000131245
0.000126994
0.000122724
0.000118497
0.00011429
0.000110118
0.00010596
0.000101849
9.77143e-05
9.36133e-05
8.94454e-05
8.52674e-05
8.09926e-05
7.66365e-05
7.21679e-05
6.75724e-05
6.27933e-05
5.79483e-05
5.28544e-05
4.77518e-05
4.242e-05
3.71533e-05
3.17938e-05
2.66314e-05
2.17216e-05
1.7298e-05
1.33396e-05
1.06632e-05
8.61485e-06
7.29808e-06
6.43408e-06
5.87127e-06
5.45411e-06
5.30221e-06
5.26823e-06
5.42244e-06
5.66687e-06
5.95007e-06
6.28489e-06
6.62075e-06
6.94126e-06
7.23828e-06
7.49322e-06
7.69959e-06
7.86378e-06
7.97826e-06
8.03441e-06
8.03702e-06
7.99295e-06
7.90443e-06
7.77315e-06
7.60116e-06
7.3905e-06
7.1441e-06
6.86519e-06
6.5558e-06
6.22366e-06
5.8613e-06
5.47433e-06
5.0611e-06
4.61489e-06
4.14602e-06
3.65319e-06
3.12469e-06
2.56029e-06
1.95231e-06
1.31393e-06
3.9038e-07
0.00045602
0.000455324
0.000452905
0.000449613
0.000446177
0.000442741
0.000439344
0.000436102
0.000433014
0.00043007
0.000427392
0.000424855
0.000422351
0.000419999
0.000417764
0.000415587
0.000413468
0.000411402
0.000409369
0.000407355
0.00040535
0.000403344
0.000401326
0.000399284
0.000397208
0.000395083
0.000392898
0.000390637
0.000388283
0.000385819
0.000383224
0.00038048
0.000377559
0.00037448
0.000371139
0.000367513
0.00036359
0.000359309
0.000354692
0.000349823
0.000344734
0.000339635
0.000334598
0.000329939
0.000325702
0.00032177
0.000318074
0.00031465
0.000311333
0.000308141
0.000304976
0.000301826
0.00029867
0.000295467
0.000292228
0.000288924
0.000285535
0.000282103
0.000278517
0.000274937
0.000271163
0.000267375
0.000263468
0.000259516
0.000255509
0.000251481
0.000247456
0.000243464
0.00023952
0.000235685
0.000231939
0.000228375
0.000224945
0.000221719
0.000218705
0.000215899
0.000213334
0.000210994
0.000208898
0.000207024
0.000205383
0.000203951
0.000202726
0.000201697
0.000200873
0.000200239
0.000199762
0.000199413
0.0001992
0.000199091
0.000199091
0.000199168
0.000199314
0.000199489
0.000199713
0.000199944
0.000200196
0.000200414
0.000200621
0.000200763
0.000200856
0.000200851
0.000200759
0.000200549
0.000200215
0.000199723
0.000199075
0.000198272
0.000197335
0.000196235
0.000194996
0.000193614
0.000192116
0.000190483
0.00018869
0.000186731
0.000184606
0.000182323
0.000179892
0.000177306
0.000174553
0.000171646
0.000168582
0.000165375
0.000162037
0.000158574
0.000155002
0.000151334
0.000147583
0.000143769
0.000139902
0.000136005
0.000132065
0.000128147
0.00012419
0.000120267
0.000116338
0.000112433
0.000108512
0.000104626
0.000100684
9.67646e-05
9.27477e-05
8.87142e-05
8.45531e-05
8.03088e-05
7.59191e-05
7.14025e-05
6.66613e-05
6.18415e-05
5.67137e-05
5.15443e-05
4.60521e-05
4.05444e-05
3.48104e-05
2.91544e-05
2.35736e-05
1.8375e-05
1.34186e-05
9.95644e-06
7.09899e-06
5.10398e-06
3.72078e-06
2.81374e-06
2.16187e-06
2.0078e-06
2.08029e-06
2.41386e-06
2.8699e-06
3.35966e-06
3.89398e-06
4.44206e-06
4.9665e-06
5.44914e-06
5.87819e-06
6.24674e-06
6.55477e-06
6.80019e-06
6.97997e-06
7.09654e-06
7.15582e-06
7.15991e-06
7.11258e-06
7.01709e-06
6.87677e-06
6.69529e-06
6.47629e-06
6.22295e-06
5.9378e-06
5.62188e-06
5.2778e-06
4.90151e-06
4.49155e-06
4.0598e-06
3.60078e-06
3.10581e-06
2.57013e-06
1.99128e-06
1.38055e-06
4.56426e-07
0.0004604
0.000459213
0.00045549
0.000450935
0.000446662
0.00044263
0.000438729
0.00043531
0.000432215
0.000429243
0.000426546
0.000424041
0.000421642
0.000419363
0.000417183
0.000415065
0.000412994
0.000410958
0.000408945
0.000406942
0.000404937
0.00040292
0.00040088
0.000398806
0.000396685
0.000394504
0.000392249
0.000389902
0.000387445
0.000384858
0.000382116
0.000379194
0.000376061
0.000372733
0.000369088
0.000365132
0.000360858
0.000356252
0.00035142
0.000346485
0.00034146
0.000336578
0.000331874
0.000327737
0.000324112
0.00032078
0.000317645
0.000314743
0.000311881
0.000309091
0.000306269
0.000303425
0.000300533
0.000297574
0.000294554
0.000291459
0.000288265
0.000285024
0.000281625
0.000278226
0.000274635
0.000271025
0.000267284
0.000263496
0.000259626
0.000255725
0.000251788
0.000247862
0.000243939
0.000240091
0.000236282
0.00023261
0.000229026
0.0002256
0.00022234
0.000219244
0.000216351
0.000213643
0.000211149
0.000208854
0.000206774
0.000204892
0.00020321
0.00020172
0.00020041
0.000199274
0.000198306
0.000197473
0.0001968
0.000196239
0.000195805
0.000195453
0.000195207
0.000195003
0.000194888
0.000194783
0.000194735
0.000194674
0.000194641
0.000194556
0.000194473
0.000194314
0.000194121
0.000193839
0.000193485
0.000193029
0.000192481
0.000191819
0.00019107
0.000190189
0.000189213
0.000188104
0.000186889
0.000185538
0.000184044
0.000182397
0.000180595
0.00017863
0.000176509
0.000174228
0.000171776
0.000169171
0.000166406
0.000163495
0.000160449
0.000157276
0.000153991
0.000150606
0.000147135
0.000143597
0.000139999
0.00013637
0.000132683
0.000129018
0.000125294
0.000121601
0.000117877
0.000114172
0.000110426
0.000106708
0.000102908
9.91288e-05
9.52268e-05
9.13105e-05
8.72415e-05
8.30988e-05
7.87822e-05
7.43516e-05
6.96635e-05
6.48962e-05
5.97774e-05
5.45944e-05
4.90166e-05
4.33569e-05
3.73447e-05
3.12796e-05
2.51073e-05
1.91719e-05
1.32024e-05
8.93468e-06
5.33833e-06
2.73332e-06
9.18827e-07
-2.31863e-07
-9.97959e-07
-1.03487e-06
-7.40813e-07
-1.62549e-07
5.3656e-07
1.25958e-06
2.00992e-06
2.76067e-06
3.46526e-06
4.10661e-06
4.67821e-06
5.17551e-06
5.59812e-06
5.94527e-06
6.2171e-06
6.41725e-06
6.55332e-06
6.62477e-06
6.63848e-06
6.59808e-06
6.50815e-06
6.37283e-06
6.19601e-06
5.98187e-06
5.72768e-06
5.44281e-06
5.12677e-06
4.77804e-06
4.39711e-06
3.98729e-06
3.54698e-06
3.07272e-06
2.5621e-06
2.01177e-06
1.43156e-06
5.08101e-07
0.000466982
0.000464569
0.000458505
0.000452132
0.000446829
0.00044224
0.000437963
0.000434352
0.00043121
0.000428323
0.000425697
0.000423275
0.000420987
0.000418801
0.000416693
0.000414639
0.000412621
0.000410625
0.000408641
0.000406657
0.000404663
0.000402649
0.000400603
0.000398514
0.000396371
0.00039416
0.000391864
0.000389467
0.000386947
0.000384279
0.000381438
0.00037839
0.000375098
0.000371565
0.000367656
0.000363394
0.000358736
0.000353732
0.00034861
0.000343557
0.000338558
0.000333862
0.000329466
0.000325841
0.000322788
0.000319979
0.000317301
0.000314799
0.00031227
0.000309763
0.000307178
0.000304546
0.000301836
0.000299051
0.000296185
0.000293245
0.000290199
0.000287102
0.000283852
0.000280598
0.000277158
0.0002737
0.000270101
0.000266461
0.000262717
0.000258942
0.000255097
0.000251255
0.000247378
0.000243552
0.000239727
0.000236003
0.000232331
0.000228778
0.000225352
0.000222051
0.000218922
0.000215943
0.000213152
0.000210528
0.000208101
0.000205852
0.000203786
0.000201903
0.000200191
0.000198649
0.000197279
0.000196044
0.000194979
0.000194026
0.000193219
0.000192499
0.000191913
0.000191377
0.000190959
0.000190564
0.000190261
0.000189962
0.000189732
0.000189473
0.000189263
0.000189005
0.000188763
0.000188466
0.000188148
0.000187765
0.000187341
0.000186827
0.000186263
0.000185584
0.000184837
0.00018396
0.000182985
0.00018187
0.000180617
0.000179211
0.000177648
0.000175916
0.000174021
0.00017196
0.000169723
0.000167331
0.000164775
0.000162071
0.000159229
0.000156257
0.000153172
0.000149985
0.00014671
0.000143365
0.000139955
0.000136513
0.000133005
0.000129516
0.000125955
0.000122425
0.000118844
0.000115283
0.000111659
0.000108063
0.000104367
0.000100694
9.68792e-05
9.30594e-05
8.9066e-05
8.50175e-05
8.07698e-05
7.64307e-05
7.1808e-05
6.71148e-05
6.20413e-05
5.68921e-05
5.12988e-05
4.55738e-05
3.93896e-05
3.30228e-05
2.63571e-05
1.97271e-05
1.27423e-05
7.68625e-06
3.45445e-06
3.25767e-07
-1.81656e-06
-3.08902e-06
-3.82748e-06
-3.63683e-06
-3.03899e-06
-2.1855e-06
-1.23855e-06
-2.88028e-07
6.58776e-07
1.58031e-06
2.42596e-06
3.18815e-06
3.86483e-06
4.45415e-06
4.95827e-06
5.37678e-06
5.71162e-06
5.96902e-06
6.15415e-06
6.27152e-06
6.32493e-06
6.32089e-06
6.26379e-06
6.15784e-06
6.00705e-06
5.81512e-06
5.58339e-06
5.31647e-06
5.01574e-06
4.6816e-06
4.31471e-06
3.91657e-06
3.48765e-06
3.02711e-06
2.5342e-06
2.00896e-06
1.46067e-06
5.40134e-07
0.000477702
0.000471047
0.000460962
0.000453067
0.000446683
0.000441425
0.000436983
0.000433302
0.000430194
0.000427445
0.000424952
0.000422647
0.000420467
0.000418373
0.00041634
0.000414348
0.00041238
0.000410425
0.000408473
0.000406513
0.000404537
0.000402537
0.0004005
0.000398415
0.000396272
0.000394056
0.000391751
0.000389338
0.000386796
0.000384098
0.000381213
0.000378105
0.000374725
0.000371059
0.000366962
0.000362453
0.000357396
0.000351914
0.000346427
0.000341191
0.000336171
0.000331601
0.00032746
0.000324294
0.000321727
0.000319331
0.00031699
0.00031476
0.00031245
0.000310126
0.00030769
0.000305197
0.000302604
0.000299939
0.000297179
0.000294351
0.000291414
0.000288425
0.000285293
0.00028215
0.000278834
0.000275499
0.000272018
0.000268504
0.000264867
0.000261207
0.00025745
0.000253693
0.000249871
0.000246087
0.000242274
0.000238537
0.000234824
0.000231201
0.000227674
0.000224245
0.000220959
0.000217796
0.0002148
0.000211945
0.000209269
0.000206754
0.00020441
0.000202238
0.000200231
0.000198388
0.000196716
0.000195178
0.000193817
0.000192566
0.000191479
0.000190483
0.000189641
0.000188861
0.000188222
0.000187624
0.000187142
0.000186684
0.000186324
0.000185962
0.000185681
0.00018538
0.00018513
0.000184849
0.000184585
0.000184274
0.000183955
0.00018356
0.000183137
0.000182606
0.000182016
0.000181295
0.000180479
0.000179513
0.000178412
0.000177149
0.000175726
0.000174129
0.000172362
0.000170424
0.000168308
0.000166034
0.000163593
0.000161005
0.000158278
0.000155421
0.000152452
0.00014938
0.00014622
0.000142992
0.000139695
0.000136368
0.000132969
0.000129593
0.000126133
0.00012271
0.000119218
0.000115756
0.000112214
0.000108707
0.000105085
0.000101494
9.77487e-05
9.40129e-05
9.00837e-05
8.61233e-05
8.19413e-05
7.76963e-05
7.31482e-05
6.85449e-05
6.35461e-05
5.84704e-05
5.29247e-05
4.72184e-05
4.09787e-05
3.44456e-05
2.74227e-05
2.01642e-05
1.21698e-05
6.35089e-06
1.58963e-06
-1.95758e-06
-4.31847e-06
-5.60546e-06
-6.19889e-06
-5.71756e-06
-4.78396e-06
-3.6599e-06
-2.48902e-06
-1.34212e-06
-2.33904e-07
8.06218e-07
1.75751e-06
2.60843e-06
3.3581e-06
4.00982e-06
4.56589e-06
5.0294e-06
5.40486e-06
5.69874e-06
5.91353e-06
6.05792e-06
6.13646e-06
6.15429e-06
6.1163e-06
6.02701e-06
5.89054e-06
5.71054e-06
5.48971e-06
5.23098e-06
4.93641e-06
4.60726e-06
4.24462e-06
3.84998e-06
3.4247e-06
2.96949e-06
2.48591e-06
1.98046e-06
1.46064e-06
5.48985e-07
0.000502117
0.000480285
0.000462901
0.00045302
0.000445932
0.000440134
0.000435632
0.000432112
0.000429195
0.000426636
0.000424307
0.000422133
0.000420062
0.000418057
0.000416096
0.000414164
0.000412246
0.000410334
0.000408417
0.000406487
0.000404536
0.000402561
0.000400549
0.000398487
0.000396366
0.000394171
0.000391888
0.000389498
0.000386978
0.000384302
0.000381439
0.000378347
0.000374977
0.00037129
0.000367144
0.000362531
0.000357131
0.000351108
0.000345158
0.000339627
0.00033446
0.000329857
0.000325821
0.000322993
0.000320801
0.000318716
0.000316615
0.000314564
0.00031239
0.00031018
0.000307836
0.000305434
0.000302916
0.000300334
0.000297648
0.000294903
0.000292043
0.000289146
0.000286109
0.000283056
0.000279842
0.00027661
0.000273227
0.000269822
0.000266277
0.000262719
0.00025904
0.000255367
0.000251602
0.000247868
0.000244084
0.000240356
0.000236633
0.000232978
0.000229396
0.000225892
0.000222512
0.000219232
0.000216106
0.000213101
0.000210262
0.000207572
0.000205043
0.000202679
0.000200475
0.000198432
0.000196558
0.000194821
0.000193264
0.000191819
0.000190553
0.000189379
0.000188375
0.000187444
0.000186674
0.000185967
0.000185387
0.000184853
0.000184431
0.000184033
0.00018373
0.00018343
0.000183198
0.000182948
0.000182735
0.000182483
0.000182238
0.000181919
0.000181577
0.000181127
0.000180618
0.000179972
0.000179226
0.000178321
0.000177278
0.000176062
0.000174683
0.000173124
0.000171389
0.000169481
0.000167392
0.000165146
0.000162731
0.000160172
0.000157475
0.000154651
0.000151719
0.000148686
0.000145569
0.000142388
0.000139138
0.000135865
0.000132519
0.000129201
0.000125796
0.00012244
0.000119001
0.000115608
0.000112122
0.000108685
0.000105122
0.000101605
9.79221e-05
9.42714e-05
9.04038e-05
8.65297e-05
8.24127e-05
7.82665e-05
7.38016e-05
6.93045e-05
6.44046e-05
5.94388e-05
5.39966e-05
4.83915e-05
4.22203e-05
3.56947e-05
2.85267e-05
2.07673e-05
1.17464e-05
5.1469e-06
-9.56115e-08
-4.0186e-06
-6.54972e-06
-7.82494e-06
-8.23305e-06
-7.44003e-06
-6.15494e-06
-4.77135e-06
-3.39069e-06
-2.06454e-06
-8.17825e-07
3.18305e-07
1.34675e-06
2.26135e-06
3.06363e-06
3.75819e-06
4.34767e-06
4.83951e-06
5.24057e-06
5.55509e-06
5.78875e-06
5.94879e-06
6.04082e-06
6.07016e-06
6.04189e-06
5.96066e-06
5.83061e-06
5.65533e-06
5.43776e-06
5.18055e-06
4.88584e-06
4.5552e-06
4.19007e-06
3.7921e-06
3.36304e-06
2.90452e-06
2.42066e-06
1.92571e-06
1.42008e-06
5.28838e-07
0.000555735
0.000498987
0.000467527
0.000453365
0.000444612
0.000438472
0.000434174
0.000430951
0.000428292
0.000425943
0.00042378
0.000421734
0.000419763
0.000417838
0.000415943
0.000414065
0.000412193
0.000410322
0.000408443
0.000406551
0.00040464
0.000402693
0.00040071
0.00039868
0.000396593
0.000394436
0.000392193
0.000389848
0.000387379
0.000384761
0.000381962
0.000378945
0.000375657
0.000372043
0.000367977
0.000363433
0.000357863
0.000351412
0.000344916
0.00033898
0.000333526
0.000328717
0.000324593
0.000321935
0.00031998
0.000318113
0.000316176
0.000314242
0.00031215
0.000310012
0.000307723
0.000305382
0.000302914
0.000300395
0.000297763
0.000295084
0.000292289
0.000289471
0.000286511
0.000283536
0.000280404
0.000277263
0.000273962
0.000270655
0.000267189
0.000263727
0.000260119
0.000256529
0.000252824
0.00024915
0.000245408
0.00024171
0.000238003
0.000234348
0.000230751
0.000227216
0.000223791
0.000220448
0.00021725
0.000214157
0.000211221
0.000208424
0.000205781
0.000203297
0.00020097
0.0001988
0.0001968
0.000194937
0.000193259
0.000191693
0.000190319
0.000189041
0.000187946
0.00018694
0.000186091
0.000185314
0.000184686
0.00018412
0.000183679
0.000183278
0.000182981
0.000182699
0.000182493
0.000182278
0.000182111
0.000181898
0.000181699
0.000181416
0.00018111
0.000180683
0.000180193
0.000179549
0.000178802
0.000177879
0.000176815
0.000175565
0.000174149
0.000172547
0.000170763
0.000168805
0.000166664
0.000164368
0.000161907
0.000159308
0.000156576
0.000153725
0.000150773
0.000147729
0.000144609
0.000141433
0.000138194
0.000134943
0.000131621
0.000128339
0.000124967
0.000121662
0.000118262
0.000114929
0.00011149
0.000108116
0.000104607
0.000101156
9.75294e-05
9.39454e-05
9.01468e-05
8.63961e-05
8.23527e-05
7.83311e-05
7.39487e-05
6.95736e-05
6.47725e-05
5.99374e-05
5.4614e-05
4.91589e-05
4.31255e-05
3.67364e-05
2.9617e-05
2.16111e-05
1.16758e-05
4.38196e-06
-1.29033e-06
-5.55649e-06
-8.24305e-06
-9.53146e-06
-9.79619e-06
-8.72361e-06
-7.13174e-06
-5.51906e-06
-3.95877e-06
-2.49219e-06
-1.14543e-06
6.6119e-08
1.14408e-06
2.09667e-06
2.93075e-06
3.64999e-06
4.25981e-06
4.76668e-06
5.17849e-06
5.50222e-06
5.74385e-06
5.91011e-06
6.00707e-06
6.04032e-06
6.01501e-06
5.9358e-06
5.8068e-06
5.63155e-06
5.41297e-06
5.15362e-06
4.85556e-06
4.5204e-06
4.14967e-06
3.74507e-06
3.30841e-06
2.84141e-06
2.34866e-06
1.85036e-06
1.354e-06
4.91919e-07
)
;

boundaryField
{
    inlet
    {
        type            zeroGradient;
    }
    outlet
    {
        type            fixedValue;
        value           uniform 0;
    }
    walls
    {
        type            zeroGradient;
    }
    frontAndBack
    {
        type            empty;
    }
}


// ************************************************************************* //
