/*--------------------------------*- C++ -*----------------------------------*\
| =========                 |                                                 |
| \\      /  F ield         | OpenFOAM: The Open Source CFD Toolbox           |
|  \\    /   O peration     | Version:  2506                                  |
|   \\  /    A nd           | Website:  www.openfoam.com                      |
|    \\/     M anipulation  |                                                 |
\*---------------------------------------------------------------------------*/
FoamFile
{
    version     2.0;
    format      ascii;
    arch        "LSB;label=32;scalar=64";
    class       volScalarField;
    location    "4.32";
    object      s;
}
// * * * * * * * * * * * * * * * * * * * * * * * * * * * * * * * * * * * * * //

dimensions      [0 0 0 0 0 0 0];

internalField   nonuniform List<scalar> 
4000
(
1.79753e-22
-9.04403e-22
3.59252e-21
-1.05056e-20
8.50145e-21
1.24251e-19
-6.45378e-19
-1.38345e-18
3.5437e-17
-2.02366e-16
4.50351e-16
2.07081e-16
-1.77316e-14
-4.01248e-13
-5.23652e-12
-3.77344e-11
-2.07608e-10
-3.67778e-09
-3.92577e-09
6.51454e-08
1.14172e-06
1.46643e-05
0.000166055
0.00120878
0.00734081
0.030578
0.0757999
0.130331
0.151666
0.15364
0.147776
0.129402
0.0821317
0.0275304
0.00358765
0.00345236
0.00441719
0.00585098
0.00791841
0.010859
0.0135458
0.0156053
0.0174779
0.0187187
0.0198495
0.021145
0.0224189
0.0238486
0.0253191
0.0268796
0.0286858
0.0305706
0.0328948
0.0354093
0.0382349
0.0411507
0.0440431
0.0468004
0.0492726
0.0513662
0.0529868
0.054088
0.0546768
0.0548027
0.054484
0.053602
0.0516534
0.0446148
0.0304026
0.0151447
0.00695557
0.00446847
0.00274135
0.0015629
0.000847659
0.000444174
0.00022545
0.00010927
4.98766e-05
2.22591e-05
1.01813e-05
4.80356e-06
2.30584e-06
1.10182e-06
5.14135e-07
2.32954e-07
1.02544e-07
4.37979e-08
1.81513e-08
7.26311e-09
2.78165e-09
1.0191e-09
3.49871e-10
1.04764e-10
1.23846e-11
-4.29571e-11
-1.20022e-10
-2.2594e-10
-3.08468e-10
-3.32358e-10
-4.14081e-10
-1.40579e-09
-8.33836e-09
-2.89916e-08
-7.43404e-08
-1.65443e-07
-3.15565e-07
-5.14511e-07
-7.57049e-07
-1.02719e-06
-1.33307e-06
-1.61493e-06
-1.76749e-06
-1.74959e-06
-1.4523e-06
-8.52408e-07
1.38377e-07
1.56266e-06
3.36921e-06
2.55786e-05
0.000104638
0.00022946
0.000385124
0.000564187
0.000737743
0.00089449
0.00102601
0.00112279
0.00119445
0.00125855
0.00127551
0.00128825
0.00133203
0.00132437
0.00133397
0.00141903
0.0013982
0.00146802
0.00147668
0.00147961
0.00143183
0.00130351
0.00106473
0.000816438
0.000601039
0.000424979
0.000288237
0.000189084
0.000121905
7.87291e-05
5.16337e-05
3.40738e-05
2.22321e-05
1.40063e-05
8.3675e-06
4.68182e-06
2.43434e-06
1.14551e-06
4.23424e-07
2.22247e-09
-2.96243e-07
-6.46134e-07
-1.12647e-06
-1.6983e-06
-2.36384e-06
-3.18155e-06
-3.97931e-06
-4.36407e-06
-4.64058e-06
-4.81474e-06
-4.87564e-06
-4.79183e-06
-4.56969e-06
-4.25604e-06
-3.89774e-06
-3.50509e-06
-3.07212e-06
-2.60932e-06
-2.144e-06
-1.70711e-06
-1.32485e-06
-1.01539e-06
-7.85735e-07
-6.29059e-07
-5.26269e-07
-4.5066e-07
-3.81859e-07
-3.11991e-07
-2.42524e-07
-1.78946e-07
-1.26807e-07
-8.8064e-08
-6.09281e-08
-4.2341e-08
-2.82547e-08
-1.75648e-08
-1.02636e-08
-5.69859e-09
-2.90193e-09
-1.18225e-09
1.7026e-22
-7.15834e-22
2.43865e-21
-7.85077e-21
2.32904e-20
-6.39033e-20
1.62845e-19
-3.42346e-19
1.2215e-20
5.76075e-18
-3.49655e-17
1.04325e-16
-1.70453e-16
-6.72655e-15
-1.06091e-13
-8.73159e-13
-4.84105e-12
-4.82368e-11
-3.57093e-10
-9.66148e-11
1.6167e-08
2.50723e-07
3.50725e-06
2.86115e-05
0.000168201
0.000675786
0.00190764
0.00432442
0.00777136
0.0118957
0.0165104
0.021099
0.0250773
0.0256856
0.0243834
0.0224393
0.0201091
0.0178879
0.0160182
0.014313
0.0123755
0.0108624
0.00939549
0.00811763
0.00709012
0.0062743
0.00557149
0.0050456
0.00465516
0.00437915
0.00420687
0.00410038
0.00409431
0.00413508
0.00438327
0.0048291
0.0055577
0.00672039
0.00810012
0.0101825
0.012582
0.0155494
0.0189881
0.0225218
0.0262784
0.0299867
0.0338021
0.0376911
0.0398383
0.040361
0.0403618
0.0402236
0.0401225
0.0398521
0.0391197
0.0374913
0.033607
0.0251748
0.0142338
0.0057249
0.0028356
0.00167869
0.000981667
0.000544939
0.000284333
0.000139237
6.56589e-05
3.02063e-05
1.35069e-05
5.85566e-06
2.45959e-06
1.00073e-06
3.9539e-07
1.51761e-07
5.57327e-08
1.77499e-08
1.0642e-09
-1.14771e-08
-3.68998e-08
-8.49332e-08
-1.41559e-07
-2.37258e-07
-4.45055e-07
-8.32328e-07
-1.39092e-06
-2.21712e-06
-3.17147e-06
-3.83325e-06
-3.76121e-06
-2.12909e-06
4.55802e-06
0.000306928
0.00108434
0.0023304
0.00408228
0.00610288
0.00829034
0.0106069
0.0129113
0.0153382
0.017859
0.0203079
0.0225986
0.0247419
0.0266191
0.0282417
0.0296313
0.0307954
0.0317664
0.0326226
0.0332997
0.0338584
0.0344337
0.0348917
0.0353055
0.035869
0.0362555
0.0367665
0.0372072
0.0376193
0.0379413
0.038089
0.0379269
0.037493
0.0364526
0.03517
0.0330679
0.0304833
0.0273128
0.0234842
0.0192564
0.0143808
0.0101542
0.00703534
0.00487082
0.00326737
0.00210216
0.00125928
0.000685586
0.000326473
0.000152321
6.79763e-05
2.80187e-05
9.07183e-06
5.95651e-07
-1.07256e-06
0.000112326
0.000617871
0.00156687
0.00269654
0.00380946
0.00478561
0.00556892
0.00614707
0.00651884
0.0066996
0.00671708
0.00659972
0.00637125
0.00604669
0.00563031
0.00511975
0.00451542
0.00383209
0.00310509
0.00238473
0.00172246
0.00116026
0.000727614
0.000438508
0.000267555
0.000162899
9.80363e-05
5.81469e-05
3.41386e-05
2.01641e-05
1.2381e-05
8.26148e-06
6.19866e-06
5.17151e-06
9.54403e-23
-4.01167e-22
1.19487e-21
-3.46984e-21
8.73493e-21
-1.51907e-20
-1.02515e-20
2.35216e-19
-1.1062e-18
2.74579e-18
-2.14645e-18
-5.11996e-18
2.94103e-18
2.43432e-18
-2.84388e-16
-2.60627e-15
-2.71314e-14
-1.09287e-13
-4.61903e-12
-2.22381e-11
-6.5418e-11
2.20923e-10
2.15619e-09
1.12119e-08
4.425e-08
1.38893e-07
3.59844e-07
7.37323e-07
1.52054e-06
2.86857e-06
5.3639e-06
1.67984e-05
0.000451071
0.00238242
0.00429299
0.00527958
0.00566229
0.0056639
0.00528786
0.00458871
0.00361374
0.00267307
0.00191996
0.00140286
0.00106848
0.00084721
0.00069252
0.000585627
0.000505917
0.000446937
0.000404559
0.000373076
0.000354465
0.000343858
0.000344252
0.000352544
0.000370682
0.000402064
0.000446138
0.000514963
0.000600726
0.000828242
0.00136324
0.00225554
0.00364837
0.00553389
0.0080403
0.0115917
0.0160878
0.0206366
0.0249575
0.0291281
0.0336113
0.0375447
0.0396609
0.0413974
0.0443593
0.0461167
0.0452881
0.0430996
0.0398755
0.0343303
0.0257469
0.0156547
0.00712577
0.00362963
0.00223207
0.00140276
0.000853908
0.000495791
0.000271152
0.000140998
7.15418e-05
3.57854e-05
1.75532e-05
8.41602e-06
3.87307e-06
1.6178e-06
4.28433e-07
-2.66001e-07
-6.7478e-07
-6.6259e-07
4.0165e-07
4.48726e-06
1.72724e-05
5.35296e-05
0.000389413
0.00164033
0.00403157
0.00747693
0.0117626
0.0168282
0.0227589
0.0291777
0.0354553
0.041006
0.0457893
0.0498542
0.0531415
0.0558589
0.0579178
0.0594102
0.0604729
0.061235
0.0618281
0.0624187
0.0630075
0.063596
0.0641843
0.0647718
0.0653579
0.0659435
0.0665288
0.0671138
0.0676946
0.0682666
0.0688369
0.0693998
0.0699648
0.0705337
0.0711129
0.0717128
0.0723391
0.0729414
0.073312
0.0735383
0.0733405
0.0728344
0.0718308
0.0701874
0.0679594
0.0643849
0.059393
0.0520128
0.043525
0.0344724
0.0255911
0.0167265
0.00914593
0.00487158
0.00311888
0.00220706
0.00160394
0.00125443
0.00129289
0.00184827
0.00355279
0.00694371
0.0124377
0.0193823
0.027177
0.0351486
0.0424588
0.0481643
0.0517879
0.0536403
0.0540542
0.0532694
0.0515077
0.0490459
0.0462129
0.0433169
0.0406449
0.0384668
0.0370106
0.0363962
0.036551
0.037157
0.0377005
0.0375797
0.0363847
0.0340572
0.0307735
0.0267945
0.02243
0.0183755
0.0153896
0.013217
0.0115629
0.00988944
2.2556e-23
-9.03229e-23
1.79124e-22
-2.18697e-22
-4.32391e-22
3.83465e-21
-1.44596e-20
3.2115e-20
-1.02435e-20
-2.34265e-19
9.04231e-19
-1.34371e-18
2.28414e-19
-1.09416e-18
6.75834e-18
-2.62326e-17
-1.79205e-16
-3.20844e-15
-3.08305e-14
-7.07431e-13
-4.28684e-12
-4.72719e-12
5.48235e-11
-1.23741e-11
1.7914e-10
3.98049e-09
1.5499e-08
3.5076e-08
9.25067e-08
1.9126e-07
3.32666e-07
5.66289e-07
1.93445e-07
-2.56799e-07
1.03245e-06
1.25795e-05
3.01603e-05
4.51225e-05
5.21291e-05
5.05749e-05
4.26751e-05
3.42306e-05
2.72977e-05
2.1819e-05
1.76476e-05
1.44217e-05
1.18815e-05
9.97512e-06
8.45984e-06
7.29606e-06
6.42699e-06
5.76859e-06
5.34479e-06
5.07855e-06
5.02693e-06
5.11584e-06
5.38915e-06
5.91351e-06
6.71019e-06
8.0016e-06
9.84719e-06
1.23686e-05
1.58978e-05
2.085e-05
2.77923e-05
3.72502e-05
6.15552e-05
0.000394303
0.00125936
0.00273161
0.00482632
0.00762616
0.011449
0.0163047
0.0214905
0.026639
0.0320148
0.0373852
0.0424674
0.0447011
0.0464223
0.0486214
0.048447
0.0468085
0.0436847
0.0395791
0.0340537
0.0274042
0.0193942
0.0108096
0.00554702
0.00343397
0.00232562
0.0016007
0.00108188
0.000706499
0.000440803
0.000270783
0.000172492
0.000129472
0.000159434
0.000600657
0.00166213
0.0034903
0.0063036
0.0100839
0.0152164
0.0220081
0.0306636
0.0389019
0.0462715
0.0526134
0.0577886
0.0612952
0.0631858
0.0645973
0.065818
0.0663624
0.0662775
0.0657743
0.0649183
0.0638503
0.0626889
0.0615139
0.0604084
0.0593997
0.0584441
0.0575767
0.0568048
0.0561128
0.0555549
0.0551017
0.0546655
0.0543558
0.054096
0.0537782
0.0536209
0.0534269
0.0533325
0.0533413
0.0534985
0.053921
0.0546987
0.0558976
0.0575921
0.0596035
0.0621655
0.0647776
0.0671379
0.0689155
0.0701876
0.0715326
0.0730205
0.0738623
0.0729483
0.0703397
0.0660326
0.0595626
0.0496512
0.0379144
0.0298267
0.0233401
0.0185302
0.0159206
0.0159563
0.0174635
0.020764
0.0251433
0.0307585
0.0381313
0.0473403
0.0580676
0.0693617
0.0779956
0.0816912
0.0833773
0.0836755
0.0829314
0.0814911
0.0795616
0.0772104
0.074606
0.0719218
0.0693202
0.0669477
0.0649759
0.0635119
0.0625824
0.0625656
0.0647497
0.0695888
0.0762898
0.0819607
0.0859392
0.0886446
0.0903554
0.0912767
0.0914627
0.0915853
0.0876893
-4.42182e-24
2.51936e-23
-1.05824e-22
3.43102e-22
-8.32808e-22
1.20602e-21
7.22836e-22
-1.0951e-20
3.65957e-20
-6.67671e-20
6.3708e-20
-1.31949e-19
8.30456e-19
-2.56365e-18
3.61967e-18
1.45342e-17
8.82306e-18
2.40056e-16
-2.23363e-15
-5.60061e-15
-1.41663e-14
-2.63283e-13
-6.10173e-13
-2.23126e-12
4.49074e-11
4.60754e-10
1.86834e-09
4.18535e-09
6.23668e-09
9.42189e-09
1.47746e-08
5.43099e-09
-8.73996e-09
-2.86628e-08
-3.04817e-08
-1.49822e-07
-2.6792e-07
-3.55817e-07
-3.97259e-07
-3.97552e-07
-3.68831e-07
-3.28312e-07
-2.86141e-07
-2.46704e-07
-2.11903e-07
-1.81631e-07
-1.55468e-07
-1.3352e-07
-1.14844e-07
-9.93147e-08
-8.66039e-08
-7.62741e-08
-6.83102e-08
-6.22877e-08
-5.83794e-08
-5.59146e-08
-5.29071e-08
-4.52897e-08
-2.89839e-08
1.06325e-08
7.57011e-08
1.91259e-07
3.98547e-07
7.52764e-07
1.37762e-06
2.42117e-06
3.9556e-06
4.6798e-06
4.79668e-06
4.32743e-06
9.8701e-06
0.000129731
0.000670684
0.00181638
0.00370456
0.00641071
0.0102713
0.0151627
0.0212676
0.0275388
0.0334918
0.0389296
0.0439146
0.0468704
0.048143
0.0491159
0.0508494
0.0511529
0.0503149
0.0481423
0.0451585
0.0418879
0.0382888
0.0342958
0.0291015
0.0227756
0.016255
0.0120355
0.0109768
0.0128148
0.0163155
0.0216742
0.0279
0.0342512
0.0405391
0.0463608
0.0518533
0.0567513
0.0606687
0.0624965
0.0642849
0.0654094
0.0650078
0.0636221
0.0612855
0.0583577
0.0547952
0.050534
0.0462157
0.0420339
0.0380469
0.034402
0.0311629
0.0283218
0.0258815
0.0238058
0.0220542
0.0205902
0.0193663
0.0183269
0.0174741
0.0167655
0.0161251
0.0156045
0.0151492
0.0147036
0.0143741
0.014055
0.0138123
0.0136443
0.0135703
0.0136443
0.0139182
0.0143955
0.0154897
0.0170844
0.0198771
0.0236997
0.02867
0.0348494
0.0413255
0.0480228
0.0545402
0.0607737
0.0662646
0.0697233
0.0712691
0.0726839
0.0720297
0.0690379
0.0663225
0.064064
0.0617769
0.0591625
0.0569419
0.0556528
0.0559745
0.0570089
0.0584245
0.0604616
0.0636183
0.0681554
0.0736948
0.0793832
0.0843084
0.0864383
0.0861264
0.0849084
0.0821469
0.0774322
0.0718557
0.0665123
0.0622562
0.0597592
0.0594317
0.0608157
0.0627822
0.0650419
0.0674836
0.0698225
0.0719748
0.0740294
0.0766843
0.0802794
0.0844546
0.0892451
0.0945631
0.100078
0.105313
0.110036
-3.51486e-24
1.59415e-23
-4.38915e-23
9.05495e-23
-1.08366e-22
-3.20111e-23
3.92059e-22
-2.31739e-22
-3.30836e-21
1.39997e-20
-2.34844e-20
-1.02629e-20
1.31791e-19
-3.10624e-19
4.91595e-19
-5.30963e-19
7.77915e-19
2.44406e-17
-3.10956e-17
-3.60366e-17
-4.56672e-15
9.3114e-15
-9.66052e-15
7.14904e-15
4.46582e-12
1.30996e-11
4.02845e-11
9.12448e-11
1.62222e-10
2.79892e-10
7.62051e-10
-3.55845e-11
2.92525e-10
1.18218e-09
-1.71426e-08
-4.96667e-08
-7.56524e-08
-8.88701e-08
-8.71072e-08
-7.37671e-08
-5.49474e-08
-3.89065e-08
-2.76296e-08
-2.0034e-08
-1.49543e-08
-1.14285e-08
-8.87986e-09
-7.05508e-09
-5.67145e-09
-4.63027e-09
-3.84489e-09
-3.23835e-09
-2.79144e-09
-2.45e-09
-2.20763e-09
-2.31947e-09
-3.34721e-09
-5.09565e-09
-6.79103e-09
-7.22024e-09
-2.99066e-09
1.14453e-08
3.9426e-08
8.75014e-08
1.72397e-07
3.04531e-07
5.55403e-07
9.44845e-07
1.25639e-06
1.54921e-06
2.65385e-06
4.73733e-06
5.83792e-06
7.77389e-06
2.50349e-05
0.000138989
0.000673493
0.00182973
0.00381445
0.00685211
0.0113525
0.0168015
0.0230523
0.0294712
0.0351117
0.0398317
0.0436618
0.0467891
0.049043
0.0503895
0.0514872
0.0531353
0.0547032
0.0566647
0.0584424
0.0596242
0.0605375
0.0617292
0.0633823
0.0649739
0.0661963
0.0670887
0.0676995
0.0681276
0.0682555
0.0680079
0.0669736
0.0650064
0.062122
0.0584352
0.0543129
0.0490524
0.0431214
0.0370315
0.0311202
0.0257713
0.0211107
0.0171603
0.0139094
0.01127
0.00920206
0.00764976
0.0064801
0.00558173
0.00488612
0.00434085
0.00390965
0.00356698
0.00329122
0.00306515
0.00288334
0.00273354
0.0026006
0.00249222
0.00239546
0.00230376
0.00223098
0.00216119
0.00210488
0.00206219
0.00203591
0.00203589
0.00206738
0.0021425
0.002257
0.0024136
0.00275411
0.0034122
0.00462572
0.00676582
0.00990628
0.0146395
0.0206782
0.0279153
0.0362857
0.0456202
0.0540334
0.0614053
0.067064
0.0698219
0.070934
0.0717401
0.0727875
0.0730631
0.0728636
0.0724422
0.0719373
0.0716304
0.0717414
0.0721486
0.0729598
0.0742715
0.076743
0.0788775
0.0796415
0.0797557
0.0783376
0.0750165
0.0698098
0.0630541
0.0553059
0.0472368
0.0395298
0.0328058
0.0275995
0.0243683
0.0234978
0.0253017
0.0299848
0.0374669
0.0471426
0.0578056
0.0673775
0.0737132
0.0782989
0.0823068
0.0866578
0.0912452
0.0952102
0.0992306
-5.13693e-25
1.8306e-24
-3.22331e-24
3.91893e-24
-1.10276e-23
8.35151e-23
-4.13052e-22
1.37388e-21
-3.32143e-21
5.85534e-21
-6.53049e-21
-6.5445e-22
3.09456e-20
-1.26431e-19
3.54851e-19
-8.16273e-19
1.09124e-18
-2.78968e-18
-1.29529e-18
1.17775e-16
-4.57155e-16
8.11719e-16
2.56677e-15
1.39867e-14
1.01343e-13
4.10252e-13
1.45722e-12
3.56226e-12
6.85895e-12
1.28121e-11
6.61363e-11
-7.02079e-11
-1.62455e-10
5.6869e-11
-1.42738e-10
7.00177e-11
4.03845e-10
6.28181e-10
7.09481e-10
6.83759e-10
5.94318e-10
4.7471e-10
3.49315e-10
2.35256e-10
1.39294e-10
6.5019e-11
1.20189e-11
-2.67591e-11
-5.40219e-11
-7.27697e-11
-8.52483e-11
-9.29661e-11
-9.82846e-11
-1.01144e-10
-1.03427e-10
-1.04938e-10
-1.03534e-10
-8.71787e-11
-1.6532e-11
1.34291e-10
-6.4483e-11
4.01381e-10
3.62124e-09
1.02417e-08
2.22132e-08
4.16861e-08
7.64667e-08
1.36903e-07
3.00854e-07
6.048e-07
9.53064e-07
1.46162e-06
2.18305e-06
2.98204e-06
5.83577e-06
1.0056e-05
1.14938e-05
1.7687e-05
5.85773e-05
0.00026506
0.000995522
0.0024332
0.0047418
0.00825935
0.0129523
0.0181326
0.0232028
0.0278637
0.0320208
0.0354327
0.03805
0.0403173
0.0425394
0.0448364
0.0472682
0.0496526
0.0520784
0.0541388
0.0559027
0.0570772
0.057829
0.0578565
0.0570125
0.0551558
0.0521094
0.0480463
0.042823
0.0369195
0.0308441
0.0250399
0.0197871
0.0152452
0.0114417
0.00846228
0.00629542
0.00475585
0.00364597
0.00283235
0.00223301
0.00178624
0.0014489
0.00119351
0.000998656
0.000848451
0.000732527
0.000642373
0.000571827
0.000516372
0.00047223
0.00043648
0.000407903
0.000384538
0.000363874
0.000347063
0.000331952
0.000317786
0.000306216
0.000295205
0.000286033
0.000278844
0.000273888
0.000272614
0.000275565
0.000284514
0.000298968
0.000318153
0.000346536
0.000385003
0.000437736
0.000512871
0.000589194
0.00103981
0.00225179
0.00463303
0.00841065
0.0144146
0.0222837
0.0312643
0.0407024
0.0498077
0.055531
0.059122
0.0614559
0.0627614
0.062713
0.0617902
0.0601894
0.0590325
0.0588992
0.0597161
0.0611008
0.0625504
0.063718
0.0644139
0.064338
0.0631423
0.0605714
0.0565411
0.0511773
0.0448112
0.0379197
0.0310252
0.0245901
0.0189478
0.0142908
0.0107112
0.00827865
0.00713837
0.0073981
0.00895898
0.0119709
0.0169231
0.0245525
0.0341788
0.0447654
0.0554058
0.0653996
0.0741005
0.0809088
0.0873172
5.33515e-26
-2.61955e-25
6.10586e-25
5.84662e-26
-7.33049e-24
3.48305e-23
-9.95564e-23
2.05379e-22
-3.20471e-22
3.18489e-22
2.82021e-22
-3.02108e-21
1.12592e-20
-2.81183e-20
4.96229e-20
-7.41082e-20
1.311e-19
-4.52526e-19
1.337e-19
5.99996e-20
1.9984e-17
1.35066e-17
1.55763e-16
1.49088e-15
3.33256e-15
1.42248e-14
5.64215e-14
1.54325e-13
2.59481e-13
2.84468e-12
8.74994e-13
-1.99105e-11
-3.32959e-11
-2.26894e-11
1.88237e-11
1.16212e-10
2.15779e-10
2.92441e-10
3.30451e-10
3.28555e-10
2.9392e-10
2.49627e-10
2.09644e-10
1.77484e-10
1.49319e-10
1.25122e-10
1.03505e-10
8.48686e-11
6.80585e-11
5.3312e-11
4.18357e-11
3.30618e-11
2.5695e-11
1.94503e-11
1.42626e-11
1.00604e-11
6.76359e-12
4.36419e-12
5.7729e-12
3.44196e-11
9.86282e-11
2.28463e-10
4.97287e-10
1.44521e-09
3.29689e-09
6.42562e-09
1.20823e-08
2.21771e-08
4.12773e-08
1.02358e-07
1.82518e-07
3.03777e-07
5.81215e-07
1.05494e-06
1.5774e-06
2.55562e-06
3.86583e-06
5.78571e-06
1.07038e-05
1.33764e-05
1.20708e-05
1.74497e-05
7.92086e-05
0.000406683
0.00126065
0.00273071
0.00482001
0.0075171
0.0105938
0.0135129
0.0159457
0.0177815
0.0191193
0.0200092
0.0207115
0.0211813
0.0216702
0.0219801
0.0221888
0.022102
0.0217962
0.0209753
0.0195731
0.0175834
0.0150771
0.0123291
0.0095757
0.00722644
0.00537549
0.00397293
0.00293001
0.00215951
0.00159218
0.00117783
0.000871531
0.000648003
0.000484772
0.0003654
0.000278497
0.000214893
0.000168009
0.00013349
0.000107883
8.87156e-05
7.43745e-05
6.36029e-05
5.55075e-05
4.94337e-05
4.48515e-05
4.13631e-05
3.87657e-05
3.67907e-05
3.51296e-05
3.38947e-05
3.27967e-05
3.17691e-05
3.09601e-05
3.01579e-05
2.94891e-05
2.8988e-05
2.86731e-05
2.87326e-05
2.92181e-05
3.03548e-05
3.2108e-05
3.43613e-05
3.76226e-05
4.20363e-05
4.81529e-05
5.69591e-05
6.89334e-05
8.65802e-05
0.000109481
0.000138607
0.000159778
0.000832717
0.00276291
0.00638891
0.0115616
0.0187742
0.0243536
0.0282996
0.0306572
0.031662
0.0312067
0.0299734
0.0281385
0.0267593
0.0263167
0.0267281
0.027794
0.0292591
0.0308098
0.0320879
0.0327407
0.0324858
0.0311615
0.0287651
0.0254713
0.0216075
0.0175747
0.0137443
0.0103804
0.0076119
0.00545328
0.00384748
0.00271588
0.00200679
0.00174772
0.00191066
0.00249249
0.00362481
0.00554609
0.0084704
0.0126752
0.0185306
0.0255444
0.0330964
0.0398537
0.0493572
2.2934e-26
-8.98743e-26
2.125e-25
-4.42254e-25
1.13103e-24
-4.22457e-24
1.51043e-23
-4.32281e-23
1.01412e-22
-1.9912e-22
2.82195e-22
-3.97355e-23
-1.32689e-21
4.77291e-21
-9.9398e-21
1.50449e-20
-2.55927e-20
6.9587e-20
2.40241e-20
-1.54074e-18
6.00863e-18
-4.25477e-18
-2.75332e-17
1.33374e-17
4.33763e-17
4.67384e-16
2.25378e-15
6.76205e-15
1.76748e-14
6.12037e-13
-9.31213e-13
-2.7209e-12
-3.87765e-12
-1.51037e-12
1.30165e-11
2.8939e-11
3.92665e-11
4.3974e-11
4.38977e-11
3.95909e-11
3.22535e-11
2.47876e-11
1.84634e-11
1.37061e-11
1.03525e-11
7.69582e-12
5.53463e-12
3.81573e-12
2.42608e-12
1.33431e-12
5.06414e-13
-8.63598e-14
-4.36329e-13
-5.5538e-13
-4.04668e-13
-3.3206e-14
4.30478e-13
8.00762e-13
1.184e-12
5.31725e-12
1.37787e-11
4.86725e-11
1.02791e-10
2.4024e-10
5.31684e-10
1.04895e-09
2.00458e-09
3.74529e-09
7.14022e-09
1.35178e-08
2.37883e-08
4.16382e-08
7.22987e-08
1.58809e-07
2.37114e-07
4.07767e-07
8.2933e-07
1.46149e-06
2.29887e-06
3.21128e-06
3.74972e-06
4.90177e-06
6.17395e-06
4.66604e-06
1.1185e-06
-5.34118e-06
-2.87784e-06
0.000122046
0.00046663
0.000971687
0.00153095
0.00202685
0.00237558
0.002507
0.00247426
0.00229526
0.00207677
0.00181857
0.0015857
0.00144301
0.00137775
0.00133616
0.00128937
0.00121395
0.00110025
0.000960465
0.000803975
0.000648384
0.00050481
0.000380708
0.00027968
0.000201015
0.000141911
9.88559e-05
6.77784e-05
4.57906e-05
3.02751e-05
1.93456e-05
1.17027e-05
6.36258e-06
2.64142e-06
6.93369e-08
-1.70649e-06
-2.87236e-06
-3.56408e-06
-3.90034e-06
-3.97565e-06
-3.86273e-06
-3.61839e-06
-3.28586e-06
-2.89517e-06
-2.47474e-06
-2.05044e-06
-1.63015e-06
-1.23826e-06
-8.83988e-07
-5.66757e-07
-2.99686e-07
-7.78866e-08
1.01435e-07
2.40518e-07
3.55247e-07
4.57181e-07
5.68406e-07
6.91823e-07
8.20152e-07
9.91005e-07
1.22458e-06
1.5806e-06
2.1718e-06
3.09534e-06
4.73443e-06
7.43769e-06
1.21243e-05
1.99106e-05
3.17155e-05
3.88337e-05
3.70159e-05
0.000379621
0.00175654
0.00325504
0.00458047
0.00542998
0.00592085
0.0059534
0.00574066
0.00536593
0.00514664
0.00518787
0.00545251
0.00589274
0.00644938
0.00703981
0.00755524
0.00787313
0.00788718
0.00753503
0.00682645
0.00585912
0.00478934
0.00376553
0.00287926
0.00216128
0.00160272
0.00117855
0.000861048
0.000626342
0.000460586
0.000366645
0.000355926
0.000436597
0.000630034
0.000977864
0.00154246
0.00242006
0.00373065
0.00550081
0.00772822
0.00995201
0.0139629
8.0632e-28
-4.27887e-27
2.03781e-26
-9.59373e-26
3.80901e-25
-1.21991e-24
3.19001e-24
-7.17127e-24
1.38471e-23
-1.84285e-23
-6.90758e-24
1.35961e-22
-4.66167e-22
9.63082e-22
-1.24239e-21
1.02086e-21
-2.33099e-21
9.83849e-21
-9.72333e-21
-4.1056e-20
8.66273e-20
3.15791e-19
-2.30686e-18
-4.64819e-19
-1.32809e-17
-1.68921e-17
1.01338e-16
3.82762e-17
3.81597e-15
-1.72641e-14
-4.97375e-14
-6.9595e-14
-1.31575e-13
1.08481e-12
2.648e-12
3.38997e-12
3.77781e-12
3.86397e-12
3.55563e-12
2.96837e-12
2.24787e-12
1.5986e-12
1.06312e-12
3.46998e-13
-5.35956e-13
-1.56148e-12
-2.57381e-12
-3.47676e-12
-4.24792e-12
-4.8289e-12
-5.20007e-12
-5.34957e-12
-5.22133e-12
-4.74129e-12
-3.75068e-12
-2.1102e-12
-6.74659e-14
2.18855e-12
4.16065e-12
5.5531e-12
6.67318e-12
1.01932e-11
1.65582e-11
3.58458e-11
7.81605e-11
1.5908e-10
3.13505e-10
6.05898e-10
1.19109e-09
2.22642e-09
3.88878e-09
6.88584e-09
1.19715e-08
2.13938e-08
3.45982e-08
5.81268e-08
1.00598e-07
1.66487e-07
2.53037e-07
4.37033e-07
7.9877e-07
1.22156e-06
1.06184e-06
-8.60602e-09
-2.41754e-06
-5.15985e-06
-7.50403e-06
-1.09306e-05
-1.26713e-05
-1.41125e-05
-1.48737e-05
-1.48938e-05
-1.42558e-05
-1.34464e-05
-1.2759e-05
-1.2273e-05
-1.15917e-05
-1.05723e-05
-9.19665e-06
-7.75744e-06
-6.36825e-06
-5.16711e-06
-4.21159e-06
-3.57583e-06
-3.32461e-06
-3.42219e-06
-3.77404e-06
-4.30318e-06
-4.92144e-06
-5.56214e-06
-6.18565e-06
-6.75734e-06
-7.25596e-06
-7.66973e-06
-7.9836e-06
-8.20841e-06
-8.34766e-06
-8.41034e-06
-8.41365e-06
-8.36225e-06
-8.2586e-06
-8.14083e-06
-7.98012e-06
-7.62622e-06
-7.19801e-06
-6.72266e-06
-6.23113e-06
-5.73587e-06
-5.24517e-06
-4.76552e-06
-4.30432e-06
-3.86357e-06
-3.437e-06
-3.04945e-06
-2.69865e-06
-2.38426e-06
-2.10955e-06
-1.87374e-06
-1.67659e-06
-1.52008e-06
-1.40504e-06
-1.34022e-06
-1.3327e-06
-1.35678e-06
-1.40682e-06
-1.47592e-06
-1.56241e-06
-1.66395e-06
-1.77655e-06
-1.88753e-06
-1.98656e-06
-2.04011e-06
-1.99326e-06
-1.68994e-06
-9.3039e-07
9.34053e-07
4.60415e-06
9.96806e-06
2.00136e-05
2.29403e-05
2.56755e-05
3.69326e-05
6.5852e-05
0.000114097
0.000171432
0.000229919
0.000279635
0.000331373
0.00039244
0.000463094
0.000541446
0.000622313
0.000697159
0.000755521
0.000787446
0.000786699
0.000752874
0.00069109
0.000609808
0.000518271
0.000424752
0.000335406
0.000253498
0.000182858
0.000125059
8.00648e-05
4.69746e-05
2.47111e-05
1.29121e-05
1.26422e-05
2.62845e-05
5.83905e-05
0.000116241
0.000209804
0.000350109
0.000545061
0.000792377
0.00108939
0.00141078
0.00186486
-1.82515e-29
4.09819e-29
-1.43043e-28
9.42949e-28
-5.16401e-27
2.19688e-26
-7.30015e-26
2.056e-25
-5.15299e-25
1.09722e-24
-1.48028e-24
-1.13879e-24
1.36215e-23
-4.16837e-23
7.48018e-23
-1.09368e-22
3.18986e-22
-1.15625e-21
1.2955e-21
1.12821e-20
-6.79159e-20
1.68698e-19
-1.93948e-19
1.15643e-18
-1.01493e-18
-8.7188e-18
8.01629e-17
-3.71218e-16
1.21427e-15
-2.21923e-15
-2.78806e-15
-2.53164e-14
4.79655e-14
2.7998e-13
3.65724e-13
4.08103e-13
4.27777e-13
4.19263e-13
3.71873e-13
3.06739e-13
2.14568e-13
-5.38197e-14
-6.81763e-13
-3.16014e-12
-6.19381e-12
-9.24531e-12
-1.23358e-11
-1.50623e-11
-1.73229e-11
-1.87467e-11
-1.93999e-11
-1.93263e-11
-1.84073e-11
-1.6552e-11
-1.36146e-11
-9.44172e-12
-4.15758e-12
3.21785e-12
1.46236e-11
2.5763e-11
3.38922e-11
3.69972e-11
3.70265e-11
3.66622e-11
3.85229e-11
4.73197e-11
6.83543e-11
1.14224e-10
2.10399e-10
3.86491e-10
6.75367e-10
1.18687e-09
2.06604e-09
3.53575e-09
5.73501e-09
9.49214e-09
1.58352e-08
2.55415e-08
3.82666e-08
5.68685e-08
9.83902e-08
1.68302e-07
2.26083e-07
2.07506e-07
-2.85281e-08
-3.67145e-07
-1.17021e-06
-3.01748e-06
-5.22098e-06
-7.50581e-06
-9.829e-06
-1.20794e-05
-1.40334e-05
-1.57409e-05
-1.69274e-05
-1.72329e-05
-1.69711e-05
-1.63954e-05
-1.50495e-05
-1.30989e-05
-1.07762e-05
-8.36507e-06
-6.12645e-06
-4.23133e-06
-2.7501e-06
-1.68629e-06
-1.07739e-06
-8.4659e-07
-7.5639e-07
-7.50531e-07
-8.03461e-07
-8.89205e-07
-9.88397e-07
-1.08789e-06
-1.17315e-06
-1.23972e-06
-1.28299e-06
-1.30128e-06
-1.29859e-06
-1.27735e-06
-1.23911e-06
-1.18887e-06
-1.13036e-06
-1.06701e-06
-1.0032e-06
-9.41454e-07
-8.82091e-07
-8.24304e-07
-7.67435e-07
-7.11694e-07
-6.57804e-07
-6.05181e-07
-5.52941e-07
-5.02855e-07
-4.54745e-07
-4.10272e-07
-3.70813e-07
-3.36472e-07
-3.0866e-07
-2.87212e-07
-2.72851e-07
-2.67033e-07
-2.69895e-07
-2.82879e-07
-3.12718e-07
-3.70894e-07
-4.67165e-07
-5.98646e-07
-7.77161e-07
-1.01078e-06
-1.27877e-06
-1.56551e-06
-1.82254e-06
-2.05794e-06
-2.0881e-06
-1.88826e-06
-1.36178e-06
4.10876e-07
2.80896e-06
6.4832e-06
9.73195e-06
1.24018e-05
1.58563e-05
1.89564e-05
1.97066e-05
1.88905e-05
1.71466e-05
1.52338e-05
1.32326e-05
1.11882e-05
9.25646e-06
7.24577e-06
5.09985e-06
2.90703e-06
1.02639e-06
-5.62599e-07
-2.12969e-06
-3.87613e-06
-5.98647e-06
-8.68123e-06
-1.19827e-05
-1.58448e-05
-2.39628e-05
-3.35303e-05
-4.14706e-05
-4.73947e-05
-5.06936e-05
-5.14691e-05
-5.01465e-05
-4.69789e-05
-4.19906e-05
-3.50352e-05
-2.57748e-05
-1.37716e-05
1.32701e-06
2.84256e-05
7.31232e-05
0.000108619
0.000145675
0.000189656
-4.34319e-28
2.29812e-27
-6.57667e-27
1.2816e-26
-1.4945e-26
1.1717e-27
3.93364e-26
-9.35559e-26
2.36532e-26
3.27254e-25
-2.2819e-25
-1.79503e-24
2.72022e-24
2.28337e-24
-1.94094e-24
-1.07387e-23
2.55927e-23
-6.72694e-23
1.68485e-22
6.5331e-22
-4.24982e-21
1.50924e-20
-6.04579e-20
3.32695e-19
-7.5145e-19
2.40294e-18
-1.66714e-19
-8.90764e-20
-5.93877e-17
2.39806e-17
-1.47706e-16
-3.7297e-15
7.73164e-15
2.30426e-14
3.30739e-14
3.8267e-14
3.98727e-14
3.83981e-14
3.56951e-14
9.8178e-15
-7.60939e-14
-1.00821e-12
-5.94885e-12
-2.26238e-11
-4.12761e-11
-6.15228e-11
-8.41664e-11
-1.06434e-10
-1.27203e-10
-1.42074e-10
-1.51292e-10
-1.55486e-10
-1.54264e-10
-1.47547e-10
-1.33755e-10
-1.12329e-10
-7.91287e-11
-3.7593e-11
-2.30113e-13
2.64584e-11
4.02921e-11
4.42095e-11
4.14988e-11
3.47459e-11
2.61552e-11
1.81556e-11
1.30065e-11
1.47423e-11
2.88721e-11
6.08906e-11
1.17906e-10
2.15956e-10
3.77389e-10
6.40428e-10
1.06204e-09
1.72197e-09
2.75879e-09
4.29878e-09
6.42706e-09
9.53605e-09
1.49819e-08
2.47524e-08
4.38582e-08
8.19699e-08
1.31459e-07
1.67772e-07
1.65581e-07
4.88303e-08
-3.26489e-07
-9.96706e-07
-2.00312e-06
-3.46371e-06
-5.3075e-06
-7.14962e-06
-8.715e-06
-9.72368e-06
-1.01314e-05
-9.89681e-06
-9.10039e-06
-7.84984e-06
-6.38351e-06
-4.89219e-06
-3.55113e-06
-2.45053e-06
-1.61485e-06
-1.02024e-06
-6.13803e-07
-3.46736e-07
-1.85123e-07
-1.13475e-07
-9.24036e-08
-8.75755e-08
-8.93019e-08
-9.39983e-08
-9.97226e-08
-1.06141e-07
-1.13225e-07
-1.21055e-07
-1.29798e-07
-1.38804e-07
-1.50066e-07
-1.66357e-07
-1.89083e-07
-2.18632e-07
-2.50944e-07
-2.81474e-07
-3.09564e-07
-3.30722e-07
-3.43164e-07
-3.46648e-07
-3.41639e-07
-3.29055e-07
-3.09299e-07
-2.84364e-07
-2.57429e-07
-2.3136e-07
-2.07598e-07
-1.86373e-07
-1.71868e-07
-1.58473e-07
-1.46527e-07
-1.42868e-07
-1.44591e-07
-1.5524e-07
-1.7299e-07
-1.99477e-07
-2.34786e-07
-2.77794e-07
-3.31351e-07
-4.00049e-07
-4.77008e-07
-6.1385e-07
-7.92427e-07
-1.06699e-06
-1.36971e-06
-1.62343e-06
-1.78018e-06
-1.6648e-06
-1.35794e-06
-3.18751e-07
8.56515e-07
1.98589e-06
3.09977e-06
4.06369e-06
4.58839e-06
4.71969e-06
4.47384e-06
4.001e-06
3.20239e-06
2.06748e-06
8.52881e-07
-8.85543e-07
-3.08631e-06
-5.89507e-06
-8.09942e-06
-8.06926e-06
-7.07662e-06
-5.20211e-06
-4.05587e-07
1.52534e-05
6.26797e-05
0.000179363
0.000421692
0.000860886
0.00146516
0.00208144
0.00252933
0.00268022
0.00253016
0.00220322
0.00180777
0.00141547
0.0010687
0.000785573
0.000567876
0.000408959
0.000302909
0.000243999
0.000226788
0.000263724
-5.20969e-27
2.63671e-26
-8.27555e-26
2.09297e-25
-4.22576e-25
6.08503e-25
-3.07302e-25
-1.85961e-24
7.14865e-24
-1.02449e-23
-3.80112e-24
2.25633e-23
2.12204e-23
-7.12752e-23
-9.81516e-23
1.53117e-22
5.08576e-22
8.28332e-22
1.0519e-21
8.22265e-22
2.30352e-21
-2.87276e-21
1.21338e-20
-2.15197e-20
-1.89245e-21
4.99539e-19
-2.65007e-18
1.01415e-17
-2.1786e-17
1.35725e-17
-5.78028e-17
2.57065e-16
2.27934e-16
1.08948e-15
1.98841e-15
2.52267e-15
2.76903e-15
2.08015e-15
2.01355e-14
-1.68824e-13
6.04177e-13
-7.8102e-12
-4.25558e-11
-1.63617e-10
-2.94531e-10
-4.40262e-10
-6.12707e-10
-7.89963e-10
-9.63824e-10
-1.09828e-09
-1.14496e-09
-1.12119e-09
-1.04084e-09
-9.21207e-10
-7.78043e-10
-6.3089e-10
-4.97934e-10
-3.88288e-10
-3.14887e-10
-2.78129e-10
-2.79104e-10
-3.05897e-10
-3.47959e-10
-3.92411e-10
-4.2924e-10
-4.53987e-10
-4.63553e-10
-4.59169e-10
-4.43637e-10
-4.18733e-10
-3.80723e-10
-3.27609e-10
-2.60346e-10
-1.75085e-10
-4.10306e-11
1.59165e-10
4.44546e-10
8.47842e-10
1.39887e-09
2.1462e-09
3.18635e-09
4.66815e-09
8.09633e-09
1.90479e-08
4.33798e-08
6.95498e-08
9.08337e-08
1.01304e-07
9.4443e-08
7.89355e-08
3.49107e-08
-9.65027e-08
-3.4835e-07
-6.75244e-07
-1.01788e-06
-1.27482e-06
-1.39556e-06
-1.33069e-06
-1.1581e-06
-9.36286e-07
-7.16422e-07
-5.21097e-07
-3.64358e-07
-2.46088e-07
-1.6128e-07
-1.03023e-07
-6.4377e-08
-3.94264e-08
-2.20699e-08
-8.63887e-09
-3.72259e-10
4.29339e-09
7.88353e-09
1.10886e-08
1.35453e-08
1.48656e-08
1.49476e-08
1.34942e-08
9.51097e-09
8.95877e-10
-1.72345e-08
-5.2065e-08
-1.01898e-07
-1.64784e-07
-2.34726e-07
-3.06661e-07
-3.64999e-07
-3.97799e-07
-4.1661e-07
-4.21957e-07
-4.09967e-07
-3.82751e-07
-3.41619e-07
-2.95971e-07
-2.56313e-07
-2.23451e-07
-1.98617e-07
-2.05402e-07
-2.34923e-07
-2.85604e-07
-3.60782e-07
-4.60175e-07
-5.77874e-07
-7.18678e-07
-8.80837e-07
-1.0442e-06
-1.20805e-06
-1.39219e-06
-1.50454e-06
-1.53744e-06
-1.53657e-06
-1.50704e-06
-1.47092e-06
-1.44184e-06
-1.44088e-06
-1.48657e-06
-1.59455e-06
-1.70748e-06
-1.75814e-06
-1.68878e-06
-1.5959e-06
-1.41833e-06
-1.16879e-06
-8.92908e-07
-6.0255e-07
-2.65058e-07
1.29698e-07
3.02671e-07
1.80185e-07
2.09463e-07
3.11181e-07
1.74129e-06
5.42143e-06
1.05201e-05
2.16551e-05
5.14926e-05
0.000128734
0.000311851
0.000711807
0.00153478
0.00302415
0.0052914
0.00841093
0.0124962
0.0170177
0.0210272
0.0238523
0.0250512
0.0244921
0.0223382
0.019043
0.0152158
0.0114319
0.00810386
0.00544579
0.00348743
0.00220173
0.00158499
0.00136044
0.00166388
1.6776e-26
-8.32757e-26
2.24717e-25
-4.87214e-25
8.4617e-25
-9.35755e-25
-8.42606e-25
5.42176e-24
1.84866e-24
-5.68215e-23
1.05333e-22
1.358e-22
-5.39744e-22
-1.67993e-22
1.39868e-21
-9.43806e-22
-5.79238e-21
-1.14016e-20
-1.70615e-20
-2.18831e-20
-2.47624e-20
-2.82904e-20
-2.82705e-20
-4.95266e-20
-1.92265e-20
-1.39991e-19
-7.87057e-20
-1.14599e-19
2.85324e-19
-1.72969e-18
-1.05295e-17
5.15823e-17
7.89347e-17
1.20346e-16
1.92144e-16
2.54412e-16
3.2959e-16
1.7951e-16
6.5437e-14
7.45208e-13
7.78632e-12
-6.66216e-11
-3.28764e-10
-1.26831e-09
-2.17971e-09
-3.04959e-09
-4.01548e-09
-4.98396e-09
-6.01625e-09
-1.26653e-08
-2.49822e-08
-4.11241e-08
-5.92763e-08
-7.79424e-08
-9.48136e-08
-1.08236e-07
-1.16331e-07
-1.20204e-07
-1.21164e-07
-1.17632e-07
-1.11253e-07
-1.01984e-07
-9.12372e-08
-7.98554e-08
-6.86655e-08
-5.82815e-08
-4.8953e-08
-4.08085e-08
-3.38429e-08
-2.79155e-08
-2.29833e-08
-1.88305e-08
-1.54101e-08
-1.25878e-08
-1.02644e-08
-8.37178e-09
-6.84206e-09
-5.57105e-09
-4.44529e-09
-3.43769e-09
-2.55655e-09
-1.75624e-09
-8.78462e-10
2.62217e-10
3.16092e-09
8.67168e-09
1.71659e-08
2.87633e-08
3.83037e-08
4.43767e-08
4.427e-08
3.71515e-08
2.99174e-08
2.41945e-08
1.92503e-08
1.50234e-08
1.15703e-08
8.92922e-09
6.98227e-09
5.62587e-09
4.73811e-09
4.25676e-09
4.12563e-09
4.26007e-09
4.59645e-09
5.15119e-09
6.17148e-09
8.09332e-09
1.09536e-08
1.3654e-08
1.38718e-08
1.59319e-08
1.98678e-08
2.5333e-08
3.08279e-08
3.33228e-08
2.7283e-08
2.57488e-10
-6.57639e-08
-1.66174e-07
-2.53827e-07
-3.41822e-07
-4.23364e-07
-5.00598e-07
-5.5725e-07
-6.1647e-07
-6.42171e-07
-6.39271e-07
-6.15251e-07
-5.757e-07
-5.3641e-07
-5.15976e-07
-5.31548e-07
-6.00742e-07
-7.02129e-07
-7.88171e-07
-8.07725e-07
-6.91712e-07
-3.16862e-07
-2.85753e-07
-4.60502e-07
-7.32299e-07
-1.02848e-06
-1.27152e-06
-1.4427e-06
-1.55752e-06
-1.61445e-06
-1.60955e-06
-1.55363e-06
-1.47264e-06
-1.38943e-06
-1.32082e-06
-1.26533e-06
-1.22611e-06
-1.20116e-06
-1.20643e-06
-1.26024e-06
-1.35519e-06
-1.44462e-06
-1.49192e-06
-1.48298e-06
-1.42601e-06
-1.29959e-06
-1.03522e-06
-4.71269e-07
3.87564e-07
1.24718e-06
2.01469e-06
2.16744e-06
1.45248e-06
3.58829e-06
2.3191e-05
0.000110166
0.000412578
0.00104389
0.00210718
0.00375297
0.0061633
0.00954342
0.0143517
0.0208825
0.0284011
0.0362648
0.0437677
0.0501855
0.0548469
0.0572448
0.0571232
0.0545045
0.0497053
0.0433278
0.0361265
0.0288594
0.0221666
0.0165011
0.0121425
0.00928458
0.00830769
0.00827607
0.0112216
1.99148e-25
-9.41079e-25
2.86698e-24
-7.56515e-24
1.80823e-23
-3.82396e-23
5.95664e-23
-2.78063e-24
-3.28144e-22
9.09756e-22
-6.09852e-22
-1.47994e-21
-2.08652e-23
8.98268e-21
5.84899e-21
-6.39517e-20
-1.26943e-19
-1.74825e-19
-1.92606e-19
-1.88688e-19
-1.80008e-19
-1.73202e-19
-1.80569e-19
-2.10212e-19
-2.76352e-19
-3.70463e-19
-4.14452e-19
-3.99888e-19
7.91784e-19
2.00959e-18
6.32307e-18
1.11731e-17
1.40461e-17
1.2708e-17
-4.54092e-18
4.1264e-18
-6.08814e-17
3.70346e-16
1.07245e-12
2.23757e-11
4.39762e-11
-1.35979e-09
-4.47022e-09
-2.56854e-08
-5.2743e-08
-8.9843e-08
-1.53414e-07
-2.38006e-07
-3.43202e-07
-4.58144e-07
-5.68139e-07
-6.76658e-07
-7.68596e-07
-8.42074e-07
-8.97333e-07
-9.3516e-07
-9.5627e-07
-9.55804e-07
-9.36394e-07
-8.91914e-07
-8.30161e-07
-7.53365e-07
-6.69959e-07
-5.8601e-07
-5.07072e-07
-4.36557e-07
-3.75654e-07
-3.2392e-07
-2.80288e-07
-2.42642e-07
-2.10039e-07
-1.80776e-07
-1.54631e-07
-1.30991e-07
-1.1003e-07
-9.18049e-08
-7.61261e-08
-6.28482e-08
-5.16541e-08
-4.23218e-08
-3.45892e-08
-2.83186e-08
-2.33663e-08
-1.95271e-08
-1.65774e-08
-1.3909e-08
-1.08116e-08
-6.96135e-09
-2.64666e-09
1.55673e-09
5.85818e-09
9.18524e-09
1.07508e-08
1.08083e-08
9.8873e-09
8.38461e-09
6.75016e-09
5.19969e-09
3.91234e-09
4.03379e-09
4.92496e-09
6.66266e-09
8.60042e-09
1.04096e-08
1.17315e-08
1.31739e-08
1.77337e-08
2.95417e-08
3.60309e-08
1.03366e-08
-5.65559e-08
-1.58381e-07
-3.10915e-07
-5.05378e-07
-7.13292e-07
-8.93569e-07
-1.04967e-06
-1.18215e-06
-1.20283e-06
-1.01634e-06
-8.58668e-07
-7.99386e-07
-7.35992e-07
-6.48917e-07
-5.29861e-07
-3.77632e-07
-2.01499e-07
-1.78791e-08
1.31981e-07
2.15394e-07
2.39906e-07
2.19198e-07
1.25541e-07
-2.98615e-08
-2.93234e-07
-5.3502e-07
-1.82358e-08
4.6783e-06
2.71877e-05
0.000115991
0.000324646
0.000621984
0.000990567
0.00135997
0.00169079
0.00197226
0.00218789
0.00230573
0.00232893
0.00223522
0.00206908
0.00182595
0.00156211
0.00128316
0.00102548
0.000791059
0.000593428
0.000439788
0.000348203
0.000287287
0.000262784
0.000261227
0.000272576
0.000297311
0.00034066
0.000387926
0.000897412
0.00185844
0.00319727
0.0048851
0.00688598
0.00917609
0.0117757
0.0149092
0.0186874
0.0232343
0.0288833
0.0356585
0.0431905
0.0509895
0.0586255
0.0657489
0.0721284
0.0774842
0.0813809
0.0834814
0.0835382
0.0814045
0.0771484
0.0711047
0.0638351
0.0560549
0.0485466
0.0420724
0.0372929
0.0347521
0.0347161
0.0380335
0.0421461
0.0580107
7.10533e-26
-5.09609e-25
2.63687e-24
-7.90464e-24
1.81359e-23
-4.14267e-23
1.17885e-22
-2.2407e-22
-4.93812e-22
4.91387e-21
-1.31731e-20
5.4799e-21
3.57978e-20
-1.36888e-20
-9.00273e-20
3.13454e-19
6.46015e-19
9.25386e-19
1.25923e-18
1.63694e-18
1.74136e-18
2.02618e-18
2.65234e-18
3.61167e-18
6.03817e-18
1.02778e-17
1.78335e-17
1.64855e-18
-1.33492e-17
-3.14661e-17
-5.38941e-17
-7.4437e-17
-8.59501e-17
-8.50619e-17
-7.2499e-17
-4.27626e-17
5.31997e-18
8.0397e-16
2.87222e-11
6.17019e-10
4.19368e-10
-1.15966e-08
-5.11237e-08
-2.08164e-07
-4.61454e-07
-7.24812e-07
-9.68388e-07
-1.17563e-06
-1.35799e-06
-1.49072e-06
-1.57126e-06
-1.6899e-06
-1.74374e-06
-1.7699e-06
-1.77294e-06
-1.75696e-06
-1.72373e-06
-1.67104e-06
-1.60254e-06
-1.52109e-06
-1.43214e-06
-1.33875e-06
-1.24481e-06
-1.15303e-06
-1.06574e-06
-9.8457e-07
-9.10268e-07
-8.43053e-07
-7.82645e-07
-7.29094e-07
-6.79764e-07
-6.26745e-07
-5.74579e-07
-5.23218e-07
-4.72751e-07
-4.23728e-07
-3.76502e-07
-3.31773e-07
-2.89929e-07
-2.51401e-07
-2.16249e-07
-1.84549e-07
-1.56118e-07
-1.30452e-07
-1.069e-07
-8.68433e-08
-7.26451e-08
-6.14412e-08
-5.16554e-08
-4.28436e-08
-3.48365e-08
-2.7636e-08
-2.13343e-08
-1.59513e-08
-1.1385e-08
-7.52928e-09
-4.06369e-09
3.53738e-09
1.96191e-08
5.10149e-08
9.1691e-08
1.42551e-07
1.8445e-07
2.09722e-07
2.20165e-07
2.36009e-07
2.86471e-07
3.57933e-07
4.15577e-07
4.25946e-07
3.5562e-07
1.63651e-07
-1.5686e-07
-5.98868e-07
-1.10385e-06
-1.54426e-06
-1.70708e-06
-1.38721e-06
-4.32499e-07
2.88856e-06
3.30897e-05
8.6606e-05
0.000149106
0.000210439
0.000266955
0.000322131
0.000384099
0.000467872
0.00060016
0.000819696
0.00116958
0.00167299
0.00238367
0.00328695
0.00446321
0.00588176
0.00759605
0.00954595
0.0117739
0.0142047
0.0169354
0.0195866
0.0221592
0.0243948
0.0263052
0.027703
0.0285629
0.0287166
0.0283145
0.0271432
0.0255222
0.0232614
0.0207265
0.0178367
0.0148612
0.0118876
0.00923299
0.00707028
0.00581517
0.00501939
0.00472248
0.00492878
0.0058285
0.00759825
0.0107414
0.0149477
0.0201636
0.0254825
0.0308048
0.03602
0.0408967
0.0454224
0.0498326
0.0542928
0.0588561
0.0637564
0.0692668
0.0739621
0.0770592
0.0793176
0.0814053
0.0835662
0.0865959
0.0904561
0.0927626
0.0943957
0.0954779
0.0956017
0.0947664
0.0932649
0.0916501
0.0906748
0.0906688
0.0912428
0.0922618
0.0938431
0.0958899
0.0986409
0.101998
0.109966
-2.4509e-24
1.01923e-23
-2.729e-23
7.50514e-23
-2.3526e-22
7.79263e-22
-2.20761e-21
3.95818e-21
1.10588e-22
-2.22325e-20
4.22837e-20
4.35799e-20
-1.38716e-19
-5.09775e-19
1.03822e-18
1.35131e-17
1.55466e-17
1.94718e-17
1.55243e-17
1.02025e-17
1.15576e-17
6.85523e-18
-1.73637e-17
-8.62746e-17
-2.09636e-16
-2.69972e-16
3.33083e-16
3.59136e-15
1.45208e-14
4.31017e-14
1.04674e-13
2.17625e-13
3.96615e-13
6.40888e-13
9.53869e-13
1.35156e-12
1.92256e-12
2.87391e-12
1.14867e-09
3.999e-09
-6.44712e-09
-5.63335e-08
-2.78563e-07
-5.268e-07
-1.35894e-06
-2.05252e-06
-2.10582e-06
-2.00031e-06
-1.86246e-06
-1.67105e-06
-1.27723e-06
1.85362e-06
1.05902e-05
1.86714e-05
2.21111e-05
2.06262e-05
1.75403e-05
1.43306e-05
1.13781e-05
8.75809e-06
6.6121e-06
4.87794e-06
3.53529e-06
2.50217e-06
1.72716e-06
1.14774e-06
7.23883e-07
4.15091e-07
1.96474e-07
4.29888e-08
-6.00559e-08
-1.26962e-07
-1.64788e-07
-1.80981e-07
-1.80913e-07
-1.68592e-07
-1.47927e-07
-1.21462e-07
-9.17907e-08
-6.03922e-08
-2.8884e-08
1.90513e-09
3.13075e-08
5.89299e-08
8.46655e-08
1.08627e-07
1.31646e-07
1.55429e-07
1.80875e-07
2.10305e-07
2.45154e-07
2.89087e-07
3.44475e-07
4.18028e-07
5.14007e-07
6.44509e-07
8.17918e-07
1.03516e-06
1.28356e-06
1.54494e-06
1.84628e-06
2.21602e-06
2.74814e-06
3.517e-06
4.62638e-06
6.28343e-06
1.05996e-05
9.96895e-05
0.000282769
0.000591177
0.00103463
0.00165264
0.00244612
0.0034356
0.00460777
0.00594622
0.007406
0.00894329
0.0104918
0.0119778
0.0133738
0.0145685
0.0155483
0.016359
0.0170827
0.0178215
0.0186559
0.0196865
0.0211194
0.0230531
0.0254753
0.0281688
0.0312084
0.0344045
0.0378651
0.0413988
0.0450269
0.0485569
0.0520155
0.0552238
0.0582452
0.0609251
0.0633531
0.065428
0.0672506
0.0686223
0.069625
0.0701458
0.0703694
0.0700237
0.0693673
0.0679965
0.0661753
0.0635308
0.0602156
0.055799
0.050452
0.0443699
0.0403732
0.0376513
0.0368356
0.0383613
0.0419014
0.0468604
0.0531112
0.0592853
0.0647164
0.0691786
0.0728759
0.0752938
0.0767829
0.0781395
0.0795537
0.0806616
0.081118
0.0809639
0.0804625
0.079908
0.0796487
0.0799544
0.0810608
0.0831892
0.0865036
0.0907833
0.0952435
0.0990315
0.101615
0.102911
0.10307
0.102226
0.100408
0.0976657
0.0941509
0.0901069
0.085728
0.080558
0.0739149
0.0667449
0.0610444
0.0591023
-5.66225e-24
2.84863e-23
-9.50046e-23
2.84275e-22
-8.41039e-22
2.75885e-21
-9.70431e-21
2.83186e-20
-3.60879e-20
-1.62782e-19
9.96385e-19
-1.75734e-18
-1.10684e-18
1.40226e-18
2.52655e-18
-1.55303e-17
-5.79784e-18
-2.68319e-17
-7.21705e-17
-2.27986e-18
8.81292e-16
7.57242e-15
4.88561e-14
2.60649e-13
1.21064e-12
5.05489e-12
1.90342e-11
6.46903e-11
1.96262e-10
5.13864e-10
1.15596e-09
2.26611e-09
3.91222e-09
5.97565e-09
8.34503e-09
1.09551e-08
1.42724e-08
1.93556e-08
8.42318e-08
2.88456e-07
7.9761e-07
1.89499e-06
4.28368e-06
8.3108e-06
0.000262481
0.000837147
0.00157291
0.00209586
0.00245479
0.00266574
0.00274642
0.00273203
0.00268226
0.00260465
0.00248687
0.00228955
0.00197419
0.00157916
0.00121946
0.000927482
0.000704594
0.000534254
0.00040876
0.000316442
0.000251122
0.000206108
0.000177348
0.000160188
0.000152032
0.00014975
0.00015197
0.000156662
0.000163178
0.000170531
0.000178163
0.00018593
0.000193359
0.000200659
0.000207513
0.000214364
0.000221097
0.000228125
0.000235772
0.000244467
0.000254891
0.000267852
0.000284182
0.00030581
0.000333737
0.000371337
0.000420431
0.000486634
0.000572887
0.000688237
0.000835658
0.00104446
0.00141914
0.00209749
0.00298964
0.00417944
0.00553344
0.0071162
0.00879485
0.0106057
0.012451
0.0144083
0.0163343
0.0183822
0.020411
0.0226153
0.0249697
0.0276312
0.030531
0.033663
0.0368844
0.0400619
0.0430194
0.0456314
0.0478071
0.0495194
0.0508608
0.0519407
0.0529566
0.0540845
0.0554684
0.0571856
0.0592481
0.0617963
0.0649685
0.0678364
0.0698374
0.0712984
0.0726853
0.07395
0.0749193
0.075557
0.0759399
0.0761791
0.0763374
0.0765889
0.0768693
0.0774214
0.0781328
0.0792315
0.0805712
0.0821379
0.0837988
0.0855006
0.087181
0.0887652
0.0902129
0.0914137
0.0923494
0.0928575
0.0929149
0.0923727
0.091523
0.0894169
0.0879406
0.0874173
0.0882326
0.0888666
0.0891404
0.0890194
0.0882132
0.0869138
0.0854322
0.0837649
0.0817015
0.0790881
0.0760823
0.0727484
0.0685907
0.0624781
0.0534316
0.0437652
0.0357058
0.0307307
0.0293276
0.0309113
0.034102
0.037269
0.0391335
0.0391947
0.0377834
0.0357201
0.033784
0.0322037
0.0307037
0.0289162
0.0266245
0.0238151
0.0207323
0.0176647
0.0147723
0.0122348
0.0101968
0.00866408
0.00752905
0.00653857
8.16252e-25
1.80326e-23
-1.18548e-22
4.90942e-22
-1.28205e-21
5.33768e-22
1.52479e-20
-8.91214e-20
2.60801e-19
-3.34965e-19
1.9894e-19
-4.40488e-18
2.54363e-17
-4.60755e-17
-5.86434e-16
-2.72754e-15
-6.74803e-15
-3.60608e-15
6.51425e-14
6.4849e-13
5.15701e-12
3.82273e-11
2.49357e-10
1.35619e-09
6.47741e-09
2.81961e-08
1.1154e-07
4.04207e-07
1.32694e-06
3.60493e-06
8.07108e-06
1.54256e-05
2.55196e-05
3.62296e-05
4.62694e-05
5.51146e-05
6.46637e-05
7.71752e-05
0.00150632
0.00396011
0.00736074
0.0114799
0.016443
0.020664
0.0230621
0.0232973
0.0209866
0.0188177
0.0161011
0.0137438
0.0121855
0.0108441
0.00974853
0.00899659
0.00856246
0.00834702
0.00833023
0.00845305
0.00871564
0.00907549
0.00965387
0.0107776
0.0118315
0.0123716
0.0127582
0.0130166
0.0132073
0.0133151
0.0133912
0.0134107
0.0134224
0.013407
0.0133895
0.0133695
0.0133478
0.0133476
0.0133664
0.0134399
0.0135715
0.0138027
0.0141475
0.0146383
0.0153038
0.016173
0.0172816
0.0186754
0.0203795
0.0224899
0.0250374
0.0280025
0.0305457
0.0327838
0.0352112
0.0380839
0.0411982
0.0446463
0.0479584
0.0508468
0.0533578
0.0554872
0.0574012
0.0590217
0.060615
0.061787
0.0630129
0.0641346
0.0651925
0.0656213
0.0659834
0.0662948
0.0667629
0.06738
0.0683155
0.0695119
0.0709841
0.0725905
0.074246
0.0758285
0.0772626
0.0785088
0.0795018
0.0802486
0.0806935
0.0808335
0.080641
0.0800818
0.0791397
0.0777918
0.0760319
0.0738784
0.0713196
0.0684298
0.0649664
0.0603622
0.053433
0.0448144
0.0363956
0.0292454
0.023564
0.0194771
0.0168163
0.0154846
0.0147837
0.0144742
0.0142313
0.0144476
0.0149194
0.016145
0.017648
0.0200246
0.0226102
0.0261609
0.0299351
0.0343875
0.0389609
0.0438907
0.0489488
0.0543234
0.0569686
0.0582591
0.0579507
0.0561964
0.0531937
0.0491951
0.0439526
0.0384262
0.0328837
0.0269265
0.0201428
0.0139303
0.0100518
0.00776778
0.00628298
0.00519444
0.0043125
0.00355284
0.00289049
0.00232253
0.0018461
0.00145109
0.00112478
0.000858435
0.000646906
0.000485031
0.000365894
0.000281693
0.000221151
0.000169265
0.000122073
8.00843e-05
4.63008e-05
2.64028e-05
1.74902e-05
1.26259e-05
9.57811e-06
7.50554e-06
6.06796e-06
5.08822e-06
4.36761e-06
3.74804e-06
1.3773e-23
-3.67788e-23
1.60883e-23
5.42175e-22
-2.87752e-21
-3.04002e-21
1.67957e-19
-1.46651e-18
6.93425e-18
-1.30478e-17
-4.51128e-17
2.85134e-16
-1.208e-16
-4.06995e-15
-4.3513e-14
-2.54556e-13
-2.64588e-13
6.13884e-13
9.1199e-12
8.17213e-11
6.64847e-10
5.34029e-09
4.32101e-08
3.27914e-07
2.64667e-06
2.01875e-05
0.000123454
0.00065364
0.00329049
0.0110477
0.0260135
0.0499823
0.0822793
0.101523
0.105845
0.105866
0.105624
0.107977
0.10958
0.109791
0.10868
0.105981
0.101215
0.0932801
0.0778704
0.0490101
0.0211032
0.0110529
0.0119469
0.0167353
0.0266634
0.0380296
0.0433816
0.0449305
0.0453056
0.0446447
0.0427723
0.0393444
0.0337709
0.0252722
0.0175824
0.0135442
0.0126879
0.0128826
0.0131705
0.0134955
0.0139591
0.0146483
0.0156511
0.0170267
0.0187687
0.0207929
0.0228774
0.0253371
0.0277533
0.0296241
0.0310495
0.0321843
0.0330717
0.0337684
0.034291
0.0346723
0.0349331
0.0350893
0.035155
0.0351372
0.0350377
0.0348574
0.0345948
0.0342396
0.0338027
0.0331984
0.0324804
0.0316082
0.0306397
0.0295029
0.0282633
0.0268802
0.025334
0.0236126
0.021729
0.0196929
0.0175393
0.015315
0.0130933
0.0109504
0.00896276
0.00718738
0.00567782
0.00448375
0.00364087
0.00315316
0.00298859
0.00309589
0.00341844
0.00388425
0.00441125
0.00491698
0.00533153
0.00560471
0.00571012
0.00564796
0.00544018
0.00511041
0.00467824
0.00415838
0.00357209
0.00295433
0.00234741
0.00178872
0.00130325
0.000904774
0.000597703
0.000377686
0.000232
0.000142891
9.22826e-05
6.51358e-05
5.1025e-05
4.36027e-05
3.94064e-05
3.66902e-05
3.46075e-05
3.28333e-05
3.12286e-05
2.99068e-05
2.89745e-05
2.86978e-05
2.90978e-05
3.03424e-05
3.22878e-05
0.000118164
0.000305744
0.000717612
0.00130773
0.00229418
0.00378121
0.00572595
0.00549595
0.00453902
0.00348097
0.00247352
0.00161168
0.0009549
0.000511679
0.000250332
0.000115903
5.3563e-05
2.60668e-05
1.40741e-05
8.7477e-06
6.20777e-06
4.80588e-06
3.86503e-06
3.12147e-06
2.48021e-06
1.91291e-06
1.41836e-06
1.00371e-06
6.7203e-07
4.18179e-07
2.31708e-07
1.00473e-07
1.24801e-08
-4.33462e-08
-7.66496e-08
-9.51627e-08
-1.04218e-07
-1.06978e-07
-1.05238e-07
-1.00076e-07
-9.17277e-08
-7.99328e-08
-6.75718e-08
-5.65659e-08
-4.85091e-08
-4.48723e-08
-4.73644e-08
-5.98698e-08
-7.50847e-08
)
;

boundaryField
{
    inlet
    {
        type            uniformFixedValue;
        uniformValue    table;
        uniformValueCoeffs
        {
            values          
4
(
(0 1)
(0.15 1)
(0.151 0)
(1 0)
)
;
        }
        value           uniform 0;
    }
    outlet
    {
        type            inletOutlet;
        inletValue      uniform 0;
        value           nonuniform List<scalar> 
20
(
-1.18225e-09
5.17151e-06
0.00988944
0.0876893
0.110036
0.0992306
0.0873172
0.0493572
0.0139629
0.00186486
0.000189656
0.000263724
0.00166388
0.0112216
0.0580107
0.109966
0.0591023
0.00653857
3.74804e-06
-7.50847e-08
)
;
    }
    walls
    {
        type            zeroGradient;
    }
    frontAndBack
    {
        type            empty;
    }
}


// ************************************************************************* //
