/*--------------------------------*- C++ -*----------------------------------*\
| =========                 |                                                 |
| \\      /  F ield         | OpenFOAM: The Open Source CFD Toolbox           |
|  \\    /   O peration     | Version:  2506                                  |
|   \\  /    A nd           | Website:  www.openfoam.com                      |
|    \\/     M anipulation  |                                                 |
\*---------------------------------------------------------------------------*/
FoamFile
{
    version     2.0;
    format      ascii;
    arch        "LSB;label=32;scalar=64";
    class       volScalarField;
    location    "2.23981";
    object      s;
}
// * * * * * * * * * * * * * * * * * * * * * * * * * * * * * * * * * * * * * //

dimensions      [0 0 0 0 0 0 0];

internalField   nonuniform List<scalar> 
4000
(
-1.10175e-18
8.52933e-18
-4.76237e-17
2.02789e-16
-3.27303e-16
-4.96225e-14
-1.49611e-12
-2.5681e-10
-5.31837e-10
9.11166e-09
2.19681e-07
2.93696e-06
4.17586e-05
0.000368625
0.00241028
0.0137694
0.0567745
0.138102
0.214976
0.227751
0.220858
0.197173
0.140632
0.0652239
0.0126043
0.00160054
0.00150016
0.00133788
0.00111619
0.000922149
0.000839339
0.000963383
0.00140401
0.00217846
0.00291973
0.00480328
0.00970868
0.0108325
0.0108109
0.0114316
0.015461
0.0203007
0.0258416
0.0315688
0.0360724
0.0392533
0.0415722
0.0427105
0.0434074
0.0434877
0.0427927
0.0417337
0.0394745
0.0368793
0.0337573
0.0299801
0.0256092
0.0208905
0.0162351
0.0119362
0.00828302
0.00539717
0.00328321
0.00185976
0.000978091
0.000482159
0.000230268
0.000109014
5.13314e-05
2.40135e-05
1.17632e-05
6.09373e-06
3.22257e-06
1.68527e-06
8.54216e-07
4.14634e-07
1.91264e-07
8.41647e-08
3.55808e-08
1.44561e-08
5.63216e-09
2.10269e-09
7.53443e-10
2.58341e-10
8.38203e-11
2.58875e-11
7.18909e-12
9.25523e-13
-3.02881e-13
-3.77893e-13
-3.58093e-13
-1.75388e-13
-8.19506e-14
-4.59879e-14
-2.0589e-14
-1.31383e-14
-9.43054e-15
-8.09059e-15
-1.40386e-14
-6.36546e-16
3.90108e-16
6.09621e-15
1.92605e-14
7.38505e-14
2.42367e-13
4.49693e-13
6.90196e-13
9.04857e-13
5.98111e-13
-2.59417e-13
-1.32787e-12
-1.99102e-12
1.65652e-12
1.0124e-11
1.23845e-11
-9.2251e-12
-1.87889e-10
-4.86672e-10
-8.05489e-10
-1.58112e-09
-2.8214e-09
-4.25629e-09
-6.55984e-09
-9.42974e-09
-1.15418e-08
-1.28561e-08
-1.32372e-08
-1.25224e-08
-1.1443e-08
-1.06263e-08
-9.24009e-09
-8.24173e-09
-7.87894e-09
-6.83017e-09
-6.15886e-09
-6.2302e-09
-5.08087e-09
-4.64004e-09
-3.68258e-09
-2.69602e-09
-1.68603e-09
-8.76706e-10
-3.8196e-10
-1.32008e-10
-2.96684e-11
1.28965e-13
3.7327e-12
8.47509e-13
-1.4452e-12
-2.09676e-12
-1.7807e-12
-1.15171e-12
-6.22492e-13
-2.96418e-13
-1.28356e-13
-5.07252e-14
-1.83094e-14
-6.15406e-15
-2.36907e-15
1.84816e-14
1.97103e-13
5.89982e-13
1.23377e-12
2.01851e-12
2.88977e-12
2.85787e-12
1.37612e-12
3.05164e-13
6.1737e-13
4.56754e-13
2.50505e-13
1.28303e-13
6.8362e-14
3.9568e-14
2.24035e-14
1.13309e-14
5.71443e-15
3.31611e-15
2.0711e-15
1.29847e-15
7.51592e-16
4.12065e-16
2.2247e-16
1.22424e-16
6.86031e-17
3.70115e-17
1.81172e-17
8.22787e-18
3.76083e-18
1.35505e-18
-2.9403e-19
-1.67294e-18
-1.35595e-18
-7.21417e-19
-3.92692e-19
-2.25673e-19
-1.31793e-19
-7.49818e-20
-3.97456e-20
-1.03522e-20
-9.23601e-19
4.05504e-18
-1.03104e-17
-1.20766e-17
3.81642e-16
-2.86316e-15
-6.13933e-14
-9.21719e-12
-9.65741e-11
1.32334e-10
5.58495e-09
6.09116e-08
7.96621e-07
6.91772e-06
4.44476e-05
0.000221448
0.000815818
0.00212739
0.00447185
0.0072894
0.0103581
0.0134104
0.0160234
0.0179374
0.0198951
0.0208721
0.0221667
0.0236871
0.0256989
0.0286374
0.0335852
0.0427563
0.0605028
0.0910753
0.134488
0.172459
0.173052
0.165643
0.151053
0.130769
0.111528
0.0990326
0.0935866
0.0927756
0.0941807
0.0966661
0.0991286
0.101463
0.103571
0.105535
0.10745
0.109623
0.112252
0.115123
0.117722
0.120629
0.123081
0.124386
0.125296
0.124815
0.124004
0.122287
0.119752
0.116394
0.110344
0.100264
0.0841129
0.0658622
0.0458492
0.0259055
0.0138832
0.00821798
0.00504776
0.00301471
0.0017176
0.000927922
0.000468948
0.000222802
0.000101449
4.43907e-05
1.86455e-05
7.50988e-06
2.90006e-06
1.07542e-06
3.8423e-07
1.32884e-07
4.46223e-08
1.45601e-08
4.63517e-09
1.43584e-09
4.15712e-10
1.08498e-10
2.12732e-11
-2.45326e-12
-4.03142e-12
-3.69774e-12
-1.9961e-12
-1.34432e-12
-2.14766e-12
-5.1315e-12
-2.09751e-12
-1.24483e-12
-1.85246e-12
-1.81305e-12
-2.81448e-12
-1.07898e-11
-4.87968e-11
-1.24743e-10
-3.46195e-10
-8.61947e-10
-1.80228e-09
-3.27711e-09
-6.14751e-09
-1.10714e-08
-2.0306e-08
-3.58251e-08
-8.0761e-08
-3.41596e-07
-1.01983e-06
-2.02723e-06
-3.21035e-06
-4.40204e-06
-5.70845e-06
-7.02297e-06
-8.08283e-06
-8.84358e-06
-9.29468e-06
-9.43606e-06
-9.34816e-06
-9.14377e-06
-8.68568e-06
-8.15263e-06
-7.70546e-06
-7.0681e-06
-6.48055e-06
-6.08136e-06
-5.41425e-06
-4.9157e-06
-4.27013e-06
-3.57352e-06
-2.80098e-06
-2.0114e-06
-1.38087e-06
-9.1106e-07
-5.73474e-07
-3.47169e-07
-1.99326e-07
-1.09758e-07
-5.78505e-08
-2.92812e-08
-1.44309e-08
-6.8946e-09
-3.22173e-09
-1.44165e-09
-6.10958e-10
-2.36989e-10
-8.36311e-11
-2.75839e-11
-8.59899e-12
-2.19057e-12
2.1611e-12
1.63235e-11
4.33878e-11
-1.4892e-11
-1.94659e-10
-4.08567e-10
-5.94039e-10
-4.06863e-10
-1.39603e-10
-3.34202e-11
-1.41886e-13
5.38254e-12
4.16338e-12
2.94414e-12
2.64574e-12
2.8035e-12
3.01118e-12
3.04018e-12
2.8541e-12
2.50442e-12
2.09044e-12
1.66051e-12
1.24322e-12
8.68038e-13
5.60225e-13
3.32837e-13
1.82178e-13
9.27524e-14
4.47114e-14
2.04584e-14
9.28013e-15
4.29487e-15
1.96612e-15
8.80501e-16
3.83867e-16
1.62403e-16
6.62453e-17
2.54143e-17
8.32343e-18
-8.77405e-19
-2.79273e-19
4.4602e-19
1.00084e-18
-1.07248e-17
3.6009e-17
7.53061e-17
-4.70636e-15
-2.81028e-13
1.6532e-12
-5.07512e-12
-1.66476e-12
7.44475e-11
7.14606e-10
4.00055e-09
1.65756e-08
5.64681e-08
1.60855e-07
3.82094e-07
7.7403e-07
1.42624e-06
2.50114e-06
4.89181e-06
1.34023e-05
0.000107444
0.000597424
0.00119861
0.00193753
0.00286401
0.00405608
0.00564421
0.00783602
0.0113016
0.0169547
0.0289564
0.049317
0.0691009
0.0848972
0.0966559
0.104251
0.10578
0.0999178
0.0929476
0.0867222
0.0810515
0.0761473
0.0716326
0.0667577
0.0623242
0.0581693
0.0544798
0.0514963
0.049026
0.0475697
0.0468891
0.047681
0.0498314
0.0535019
0.0590615
0.0656721
0.0741151
0.0832831
0.09291
0.103523
0.112616
0.119746
0.126936
0.133473
0.140316
0.140159
0.135711
0.128215
0.118026
0.104542
0.0864622
0.064908
0.0414587
0.020941
0.0110003
0.00657901
0.00402077
0.00237921
0.00132922
0.000696066
0.000350201
0.000171957
8.19229e-05
3.75429e-05
1.64757e-05
6.90247e-06
2.75837e-06
1.0506e-06
3.81422e-07
1.31908e-07
4.32611e-08
1.34544e-08
3.81422e-09
9.61398e-10
1.28059e-10
-5.51987e-11
-1.51056e-10
-4.11251e-10
-1.60427e-09
-1.27165e-09
-1.65422e-09
-2.66503e-09
-6.13979e-09
-2.06434e-08
-5.83965e-08
-1.39364e-07
-2.98536e-07
-6.25868e-07
-1.38605e-06
-3.29464e-06
-6.73075e-06
-1.17656e-05
-1.79652e-05
-2.47523e-05
-3.38478e-05
-4.29011e-05
-5.14136e-05
-5.88381e-05
-6.4887e-05
-6.97196e-05
-7.30376e-05
-7.50556e-05
-7.61486e-05
-7.64534e-05
-7.62739e-05
-7.50057e-05
-7.34325e-05
-7.12215e-05
-6.85481e-05
-6.57034e-05
-6.24967e-05
-5.9258e-05
-5.60592e-05
-5.25912e-05
-4.9263e-05
-4.57903e-05
-4.22834e-05
-3.81066e-05
-3.43846e-05
-3.2295e-05
-2.90137e-05
-2.50952e-05
-2.09566e-05
-1.6534e-05
-1.21338e-05
-7.9963e-06
-5.02998e-06
-3.14172e-06
-1.91056e-06
-1.13727e-06
-6.5024e-07
-3.59169e-07
-1.88322e-07
-9.33513e-08
-4.26528e-08
-1.76834e-08
-6.37569e-09
-2.4925e-09
-1.16767e-09
-1.17923e-09
-1.73796e-08
-5.27447e-08
-6.67885e-08
-5.69947e-08
-3.31669e-08
-1.52891e-08
-7.20091e-09
-3.20311e-09
-1.31398e-09
-4.96316e-10
-1.68306e-10
-4.60941e-11
-5.1212e-12
6.51825e-12
9.99588e-12
1.1327e-11
1.19401e-11
1.20525e-11
1.16441e-11
1.07261e-11
9.07966e-12
6.99581e-12
4.95514e-12
3.29778e-12
2.1482e-12
1.42956e-12
9.6741e-13
6.47939e-13
4.24246e-13
2.6975e-13
1.65955e-13
9.85937e-14
5.65261e-14
3.12832e-14
1.67291e-14
8.65859e-15
4.33864e-15
-3.315e-20
-9.21626e-20
5.50996e-19
1.53299e-18
-4.25855e-17
4.15177e-16
-2.1629e-15
6.32083e-14
2.72126e-13
-3.32605e-13
-8.3672e-13
6.70522e-13
1.93934e-11
1.51573e-10
7.34559e-10
2.42624e-09
6.53112e-09
1.42874e-08
2.69234e-08
4.78209e-08
8.07824e-08
1.27689e-07
1.83807e-07
1.84526e-07
2.00449e-07
2.28998e-07
2.95028e-07
4.38548e-07
7.27769e-07
1.28325e-06
3.05542e-06
6.82401e-05
0.000310937
0.00130681
0.00374924
0.00640876
0.00889333
0.0108431
0.0119317
0.0120108
0.0109002
0.00950116
0.00829133
0.00726769
0.00642699
0.00570664
0.00506471
0.0045407
0.00408084
0.00369604
0.00339158
0.00314523
0.00298887
0.00288463
0.00304705
0.00345786
0.00426842
0.00578334
0.00803928
0.0118595
0.0172032
0.024375
0.0348655
0.0480984
0.0625626
0.077025
0.092635
0.107454
0.120413
0.130754
0.136082
0.140886
0.145985
0.145965
0.142764
0.136303
0.126427
0.11305
0.093119
0.0693985
0.0447673
0.0233334
0.0124629
0.00754231
0.00467069
0.00279178
0.00156193
0.000822771
0.00041853
0.000207134
9.92389e-05
4.56095e-05
1.99804e-05
8.32781e-06
3.30899e-06
1.25297e-06
4.52365e-07
1.52103e-07
4.56058e-08
6.21288e-09
-8.00389e-09
-1.86791e-08
-4.76856e-08
-1.44211e-07
-3.39134e-07
-7.44525e-07
-1.76083e-06
-3.82534e-06
-7.32757e-06
-1.24339e-05
-1.92363e-05
-2.56754e-05
-3.43741e-05
-4.64232e-05
-6.14331e-05
-7.82624e-05
-9.42347e-05
-0.000106245
-0.000113708
-0.000117085
-0.000117947
-0.000117084
-0.000114594
-0.000110283
-0.000104236
-9.654e-05
-8.77234e-05
-7.84998e-05
-6.92921e-05
-6.02499e-05
-5.26e-05
-4.6056e-05
-3.97649e-05
-3.54686e-05
-3.18719e-05
-2.8335e-05
-2.74491e-05
-2.70584e-05
-2.84997e-05
-3.14668e-05
-3.56052e-05
-4.04038e-05
-4.45063e-05
-4.74786e-05
-4.91287e-05
-4.95064e-05
-4.85064e-05
-4.6307e-05
-4.27855e-05
-3.83381e-05
-3.3511e-05
-2.85461e-05
-2.38372e-05
-1.94641e-05
-1.55566e-05
-1.20207e-05
-8.18748e-06
-3.73229e-06
-9.90333e-07
-4.95905e-08
-3.2965e-08
-1.21331e-07
-3.44145e-07
-5.65724e-07
-6.81755e-07
-6.55994e-07
-5.81739e-07
-4.79873e-07
-3.70794e-07
-2.48542e-07
-1.50239e-07
-8.55946e-08
-4.54653e-08
-2.20429e-08
-9.70105e-09
-4.07585e-09
-1.86109e-09
-1.00253e-09
-7.33085e-10
-7.64864e-10
-9.83274e-10
-1.34116e-09
-1.80602e-09
-2.30294e-09
-2.61118e-09
-2.60125e-09
-2.27646e-09
-1.75124e-09
-1.19628e-09
-7.45419e-10
-4.3866e-10
-2.50751e-10
-1.38745e-10
-7.46844e-11
-3.95833e-11
-2.07866e-11
-1.08266e-11
-5.58669e-12
-2.85115e-12
-1.40132e-12
-8.40938e-21
2.04117e-20
4.66377e-20
-3.03976e-20
-6.82037e-18
9.754e-17
-1.01643e-15
8.42325e-15
-5.57311e-15
1.13414e-14
-9.97416e-15
-1.72046e-14
6.81397e-13
5.02933e-12
2.08561e-11
6.50196e-11
1.66583e-10
3.77612e-10
7.40114e-10
1.2742e-09
1.93288e-09
2.65741e-09
3.5584e-09
6.36041e-09
7.69212e-09
3.29071e-09
-7.10639e-09
-1.76599e-08
2.29178e-09
4.73092e-08
1.91699e-07
9.41623e-07
2.76706e-06
6.38763e-06
9.96561e-06
1.33908e-05
1.56048e-05
1.68274e-05
1.75032e-05
1.76408e-05
1.66889e-05
1.56686e-05
1.50387e-05
1.47259e-05
1.47428e-05
1.4939e-05
1.51977e-05
1.56733e-05
1.61917e-05
1.68542e-05
1.7764e-05
1.88941e-05
2.05783e-05
2.27768e-05
2.58766e-05
2.99728e-05
3.57813e-05
4.44205e-05
5.65798e-05
7.49433e-05
9.99432e-05
0.000206744
0.0013982
0.00421915
0.00921741
0.0163442
0.02632
0.038571
0.052317
0.0682399
0.0831926
0.0968385
0.109759
0.120882
0.131078
0.137265
0.141152
0.144234
0.143926
0.140608
0.13418
0.124284
0.107387
0.0838348
0.0587967
0.0349591
0.0186529
0.011166
0.00707478
0.00444189
0.00268264
0.0015261
0.000822889
0.00042775
0.000214649
0.000103927
4.84922e-05
2.17878e-05
9.40423e-06
3.72999e-06
1.15013e-06
-1.42362e-07
-8.02806e-07
-1.30749e-06
-2.17966e-06
-3.73627e-06
-6.92993e-06
-1.25746e-05
-2.1666e-05
-3.35671e-05
-4.93684e-05
-6.07828e-05
-6.88049e-05
-7.29456e-05
-7.727e-05
-8.37814e-05
-9.2209e-05
0.000216755
0.00202636
0.00520481
0.00958259
0.0148281
0.0206095
0.0266378
0.0325188
0.0379774
0.0427833
0.046743
0.0498016
0.052031
0.0532424
0.0535934
0.0534668
0.0525116
0.0511106
0.0495441
0.0471987
0.044671
0.0416033
0.0380335
0.0339708
0.0292752
0.0241151
0.0191239
0.0145012
0.0105853
0.00733101
0.00487033
0.00309626
0.00188044
0.00109736
0.000606648
0.000320735
0.000159501
7.4378e-05
3.13899e-05
1.16531e-05
3.5947e-06
6.67072e-07
-6.57714e-07
-1.42003e-06
-1.82017e-06
-1.92301e-06
-1.86371e-06
-1.81106e-06
-1.78217e-06
-1.90405e-06
-1.78846e-06
-1.48041e-06
-1.18785e-06
-9.26728e-07
-6.91557e-07
-4.99679e-07
-3.46448e-07
-2.29975e-07
-1.47956e-07
-9.78514e-08
-7.07408e-08
-5.62346e-08
-4.91009e-08
-4.56385e-08
-4.41433e-08
-4.30776e-08
-4.12401e-08
-3.81475e-08
-3.38112e-08
-2.84504e-08
-2.23663e-08
-1.64274e-08
-1.13177e-08
-7.12808e-09
-3.89899e-09
-2.06355e-09
-1.20393e-09
-7.36726e-10
-4.53787e-10
-2.75846e-10
-1.62753e-10
-9.21296e-11
-4.38552e-11
2.12404e-21
4.42895e-21
-1.57036e-20
-4.47481e-20
5.00539e-19
-1.42435e-18
-3.23247e-18
-9.68907e-17
-5.25385e-16
4.81425e-16
1.45153e-15
-5.9515e-15
1.17237e-14
1.99425e-13
8.23411e-13
1.93119e-12
3.70705e-12
6.94298e-12
1.26463e-11
2.16741e-11
3.47472e-11
6.20772e-11
1.0644e-10
8.69275e-11
-2.26265e-10
-1.20001e-09
-2.36107e-09
-2.05997e-09
-1.47862e-09
2.89109e-09
1.63033e-08
6.28231e-08
2.21217e-07
7.69432e-07
1.81917e-06
2.85174e-06
3.41387e-06
2.82551e-06
1.58581e-06
4.40803e-07
-3.48441e-07
-7.91215e-07
-1.02019e-06
-1.12921e-06
-1.17229e-06
-1.17243e-06
-1.13967e-06
-1.08474e-06
-1.00935e-06
-9.2141e-07
-8.26114e-07
-7.26291e-07
-6.26777e-07
-5.27537e-07
-4.31461e-07
-3.47603e-07
-3.05744e-07
-3.35109e-07
-3.779e-07
-3.09622e-07
2.70996e-07
4.1287e-06
1.10506e-05
1.87058e-05
2.56756e-05
2.96745e-05
0.000525018
0.00237865
0.00588697
0.0114842
0.0191099
0.028859
0.0400594
0.0519041
0.0655792
0.079953
0.0937898
0.10687
0.119311
0.131114
0.137366
0.143368
0.148557
0.147863
0.143883
0.136088
0.121271
0.0996264
0.0766161
0.053714
0.0326994
0.0197254
0.0127354
0.00840726
0.00546715
0.00346917
0.00210589
0.00121384
0.000676775
0.000373625
0.000206944
0.00011603
6.56835e-05
3.72656e-05
2.18515e-05
1.52124e-05
1.67541e-05
2.39292e-05
3.38979e-05
4.3532e-05
5.00383e-05
0.00018735
0.00213842
0.00647291
0.0138458
0.0244184
0.0383161
0.0555419
0.0757475
0.0973011
0.11921
0.140441
0.160309
0.178436
0.194388
0.208131
0.219534
0.228534
0.235232
0.239864
0.242326
0.242845
0.242041
0.239544
0.235873
0.231415
0.225387
0.218572
0.210478
0.201026
0.190189
0.177535
0.162933
0.146387
0.127488
0.107674
0.0866965
0.0664619
0.0480422
0.0318236
0.019774
0.0118155
0.00695953
0.00400891
0.0022807
0.00125752
0.000673847
0.000351985
0.000184902
9.85479e-05
6.00069e-05
4.05777e-05
2.79042e-05
1.84403e-05
1.07218e-05
4.39854e-06
-5.78847e-07
-3.15751e-06
-3.87271e-06
-3.58377e-06
-2.90171e-06
-2.18192e-06
-1.58458e-06
-1.15012e-06
-8.53567e-07
-6.53913e-07
-5.1705e-07
-4.14033e-07
-3.3387e-07
-2.78326e-07
-2.39864e-07
-2.03791e-07
-1.71386e-07
-1.40731e-07
-1.11085e-07
-8.3e-08
-5.84822e-08
-3.98873e-08
-3.07424e-08
-2.55246e-08
-2.11869e-08
-1.73236e-08
-1.38298e-08
-1.06963e-08
-7.92129e-09
-5.5032e-09
-3.44178e-09
-1.73604e-09
-7.84846e-10
-2.66032e-10
3.87835e-21
-1.84517e-21
-1.80114e-20
5.17784e-20
3.84798e-20
-1.46558e-18
1.01739e-17
-1.86231e-17
-2.01176e-17
-7.71284e-17
2.79242e-16
-1.92522e-16
-2.66529e-15
6.12909e-15
2.41047e-14
5.26822e-14
8.07174e-15
-9.11888e-14
-1.95816e-14
3.25273e-13
1.23175e-12
3.77582e-12
5.13533e-12
-3.02588e-11
-7.65593e-11
-2.13501e-11
9.68266e-11
2.21341e-10
3.8742e-10
8.61835e-10
2.38388e-09
6.36936e-09
1.93042e-08
6.21653e-08
2.3393e-07
3.72003e-07
4.5925e-07
4.65833e-07
4.17485e-07
3.46733e-07
2.6802e-07
1.89133e-07
1.4373e-07
1.11092e-07
8.59614e-08
6.64219e-08
5.10554e-08
3.90472e-08
2.96362e-08
2.23962e-08
1.68636e-08
1.27178e-08
9.68641e-09
7.63157e-09
6.43016e-09
2.24521e-09
-5.12698e-09
-1.53848e-08
-2.6012e-08
-1.83489e-08
2.83776e-08
2.42371e-07
8.35054e-07
2.06389e-06
4.16049e-06
5.91052e-06
1.4335e-05
2.30893e-05
3.25061e-05
4.14301e-05
5.55165e-05
0.000792966
0.00272242
0.00598987
0.0109377
0.0177291
0.0267277
0.037854
0.050812
0.0665069
0.0827487
0.0989828
0.115683
0.132705
0.143142
0.151882
0.163199
0.169894
0.168929
0.164686
0.15591
0.141411
0.123833
0.10538
0.084345
0.0599748
0.0369695
0.0249786
0.0193909
0.0167205
0.0142439
0.0117485
0.00945726
0.00816276
0.0083553
0.00975928
0.0123447
0.0159092
0.0208825
0.027972
0.0379333
0.0513978
0.0692374
0.0907423
0.115951
0.143832
0.174015
0.20536
0.235931
0.264666
0.290948
0.314315
0.334712
0.352327
0.367314
0.379933
0.390291
0.39867
0.405328
0.410492
0.414161
0.416393
0.417341
0.416595
0.414219
0.410581
0.405358
0.398956
0.390913
0.380991
0.369107
0.354803
0.337973
0.31823
0.294779
0.268501
0.238369
0.205906
0.172326
0.137942
0.105219
0.0754309
0.0510149
0.0320398
0.0183884
0.0101813
0.00567387
0.00318236
0.00183094
0.0010604
0.000683689
0.000484571
0.000359759
0.000269696
0.000204051
0.000156675
0.000125606
0.000102006
7.93132e-05
5.78497e-05
3.92251e-05
2.46017e-05
1.42256e-05
7.52567e-06
3.55197e-06
1.37185e-06
2.67435e-07
-2.36879e-07
-4.26597e-07
-4.61263e-07
-4.26135e-07
-3.62766e-07
-2.90394e-07
-2.16437e-07
-1.42879e-07
-6.94225e-08
4.814e-09
7.7719e-08
1.25452e-07
1.34609e-07
1.17111e-07
9.01884e-08
6.47505e-08
4.35629e-08
2.73985e-08
1.59915e-08
8.45222e-09
3.75184e-09
9.86459e-10
-7.4511e-10
5.68567e-22
7.62496e-21
-1.03694e-20
-6.63752e-20
4.1201e-19
-1.05138e-18
7.14177e-19
4.50021e-18
-1.15278e-17
-8.55544e-18
6.44324e-17
-3.05861e-18
-3.18639e-16
7.6489e-16
1.67057e-15
-6.30893e-15
-2.9565e-14
-5.28749e-14
-7.13007e-14
-6.30129e-14
6.92402e-14
1.58765e-13
-9.69665e-13
-1.49894e-12
9.34952e-13
9.38641e-12
3.12685e-11
5.86008e-11
1.4154e-10
2.32635e-10
3.64462e-10
6.4258e-10
1.60994e-09
5.43044e-09
1.58963e-08
2.43774e-08
3.29263e-08
4.02605e-08
4.5333e-08
4.80265e-08
4.82563e-08
4.78329e-08
4.72535e-08
4.55278e-08
4.22914e-08
3.81053e-08
3.30688e-08
2.82853e-08
2.36665e-08
1.9756e-08
1.63643e-08
1.34795e-08
1.10626e-08
9.04727e-09
7.36207e-09
5.95831e-09
4.71219e-09
3.62352e-09
2.8885e-09
2.56473e-09
9.01234e-09
3.37026e-08
1.0198e-07
2.6556e-07
6.12004e-07
1.25887e-06
2.48593e-06
3.97135e-06
5.92609e-06
8.41066e-06
1.13581e-05
2.2886e-05
3.24525e-05
4.10794e-05
6.33696e-05
0.000174569
0.000975265
0.00307235
0.00678664
0.0125462
0.0208496
0.0326567
0.047647
0.0662516
0.0861897
0.106552
0.128209
0.150224
0.165223
0.176726
0.188838
0.201435
0.212188
0.215454
0.215667
0.213893
0.210104
0.204592
0.195108
0.179304
0.158438
0.138382
0.123552
0.116602
0.117345
0.122554
0.130287
0.138775
0.1482
0.159758
0.174308
0.192288
0.213349
0.236484
0.260972
0.28565
0.309808
0.331785
0.350777
0.367422
0.38198
0.394713
0.406059
0.416216
0.425357
0.433637
0.441178
0.448036
0.45423
0.459794
0.464817
0.469376
0.473488
0.476995
0.479934
0.482317
0.483685
0.48368
0.481923
0.478289
0.472639
0.464535
0.45359
0.439166
0.42082
0.398877
0.372357
0.34175
0.307453
0.269599
0.230137
0.189346
0.150241
0.113954
0.0819261
0.0551998
0.0349239
0.0206538
0.0115296
0.00659713
0.00432853
0.00316388
0.00249346
0.00205609
0.00181839
0.00173303
0.00178613
0.00179521
0.00166342
0.00141601
0.0011127
0.000813187
0.000558155
0.000363999
0.000228444
0.000139891
8.49393e-05
5.22722e-05
3.36822e-05
2.36868e-05
1.87613e-05
1.66577e-05
1.59305e-05
1.56574e-05
1.52734e-05
1.44798e-05
1.31456e-05
1.12175e-05
8.92058e-06
6.66741e-06
4.69455e-06
3.11612e-06
1.94827e-06
1.14195e-06
6.20631e-07
3.03494e-07
1.20952e-07
3.86607e-08
6.38229e-09
-1.04727e-08
-1.23377e-22
1.70023e-21
-3.43835e-21
-9.08713e-21
6.92789e-20
-1.72294e-19
5.96058e-20
7.30974e-19
-1.65383e-18
1.39518e-18
4.09137e-18
-1.77142e-17
4.17274e-17
1.78954e-16
6.48203e-17
-7.1091e-16
-9.04741e-16
9.7842e-17
1.49172e-15
1.88722e-15
7.79859e-15
-1.79872e-14
-5.61132e-14
1.43169e-13
9.3689e-13
1.41684e-12
1.4309e-12
2.16758e-12
8.06361e-12
1.15603e-11
1.75346e-11
3.83933e-11
1.19435e-10
4.7177e-10
1.36297e-09
2.17088e-09
3.23159e-09
4.67492e-09
6.26922e-09
7.61113e-09
8.0823e-09
7.69125e-09
6.679e-09
5.45917e-09
4.35038e-09
3.45844e-09
2.75631e-09
2.24952e-09
1.88603e-09
1.6307e-09
1.45284e-09
1.3399e-09
1.26562e-09
1.19744e-09
1.13567e-09
1.0823e-09
1.10654e-09
1.16466e-09
1.20608e-09
1.35848e-09
2.12599e-09
5.32961e-09
1.65499e-08
4.38656e-08
9.4494e-08
1.96048e-07
3.7949e-07
6.7086e-07
1.14452e-06
2.05753e-06
3.53933e-06
6.08232e-06
1.01221e-05
1.62872e-05
2.41259e-05
4.46395e-05
6.91232e-05
9.35406e-05
0.000156194
0.000368401
0.00109024
0.00318405
0.0071845
0.0137001
0.0237801
0.0383734
0.0566727
0.0786102
0.10191
0.124845
0.147021
0.168131
0.188517
0.204346
0.213866
0.221965
0.229272
0.235551
0.243346
0.253074
0.261214
0.262136
0.261187
0.259451
0.257246
0.255027
0.25345
0.253695
0.256244
0.26135
0.26894
0.278945
0.290524
0.302934
0.315389
0.327374
0.339267
0.350516
0.360833
0.370258
0.378798
0.386635
0.393525
0.39991
0.406198
0.412697
0.419536
0.426824
0.434527
0.442576
0.450865
0.459165
0.467561
0.476912
0.485781
0.493294
0.499123
0.502515
0.503176
0.502685
0.500769
0.496937
0.490998
0.483029
0.472626
0.459425
0.442345
0.42055
0.393902
0.36331
0.32961
0.292442
0.253517
0.213279
0.173908
0.136283
0.102448
0.0736317
0.0511913
0.0344359
0.0243611
0.0182436
0.0146282
0.0125772
0.0116157
0.0110812
0.0106977
0.00996091
0.00878058
0.00735438
0.00588771
0.00453086
0.00337045
0.00243852
0.00172848
0.00121116
0.000848002
0.000600274
0.000434239
0.000323269
0.000247882
0.000194709
0.000155108
0.000123861
9.80726e-05
7.63397e-05
5.80732e-05
4.30095e-05
3.0933e-05
2.15659e-05
1.45509e-05
9.48421e-06
5.95308e-06
3.57945e-06
2.04498e-06
1.09505e-06
5.35103e-07
2.24972e-07
6.68838e-08
-1.97202e-08
9.79118e-24
-3.08223e-22
3.95212e-22
2.26092e-21
-1.34883e-20
3.12488e-20
-6.35998e-21
-1.53485e-19
3.2112e-19
2.55575e-19
-1.46599e-18
-6.92217e-19
7.38008e-18
4.22997e-18
-3.08823e-18
-2.04541e-17
-3.07765e-17
7.82419e-17
4.03361e-16
1.0251e-15
8.93052e-16
-2.31826e-16
7.75591e-15
2.55996e-14
3.82408e-14
3.37182e-14
4.19094e-14
7.66681e-14
2.22081e-13
4.74851e-13
9.68967e-13
2.66638e-12
9.68102e-12
4.2645e-11
1.24844e-10
2.11301e-10
3.299e-10
4.79765e-10
6.06106e-10
6.58494e-10
6.18874e-10
5.41651e-10
4.79413e-10
4.59338e-10
5.15138e-10
5.9325e-10
7.03184e-10
8.26611e-10
9.13042e-10
9.72494e-10
1.02305e-09
1.26289e-09
2.14295e-09
3.77446e-09
6.01258e-09
8.38521e-09
1.04118e-08
1.19106e-08
1.27601e-08
1.26909e-08
1.20325e-08
1.12387e-08
1.22869e-08
1.66393e-08
2.29475e-08
4.24117e-08
6.89865e-08
1.05395e-07
1.64457e-07
3.21476e-07
7.03586e-07
1.34626e-06
2.56167e-06
5.32164e-06
9.37381e-06
1.44868e-05
2.21367e-05
3.21021e-05
4.88548e-05
8.25811e-05
0.000114063
0.000152254
0.000272565
0.000670507
0.00190013
0.0048239
0.00998277
0.0179927
0.0301259
0.0460698
0.0641603
0.0830158
0.1022
0.120243
0.135611
0.147193
0.155385
0.160034
0.162369
0.162485
0.161933
0.161435
0.162658
0.166239
0.171385
0.177413
0.183531
0.189815
0.196575
0.20365
0.210945
0.218049
0.224635
0.230901
0.236513
0.241791
0.246869
0.25179
0.256919
0.262375
0.268236
0.274872
0.282324
0.291008
0.301422
0.313689
0.327596
0.343067
0.359865
0.377632
0.396002
0.41448
0.432462
0.449536
0.465089
0.478692
0.490324
0.499769
0.504221
0.505196
0.504265
0.501507
0.496484
0.488875
0.478368
0.464469
0.44838
0.430698
0.411161
0.389604
0.365828
0.339475
0.310669
0.2791
0.245643
0.210666
0.175584
0.141627
0.112021
0.0865906
0.0684275
0.0554222
0.0462103
0.039601
0.0349078
0.0310691
0.0276214
0.024007
0.020228
0.0165543
0.0132013
0.0102912
0.00786782
0.00591886
0.00439788
0.00324106
0.00237957
0.00174795
0.00128892
0.000955668
0.000712133
0.000531932
0.000396629
0.000293792
0.000215179
0.000155235
0.000109994
7.64012e-05
5.19586e-05
3.45681e-05
2.24771e-05
1.42508e-05
8.77409e-06
5.21567e-06
2.96759e-06
1.59287e-06
7.84453e-07
3.32321e-07
9.73296e-08
-3.60672e-08
8.37116e-24
-5.05245e-23
-1.42099e-23
4.61272e-22
-1.39262e-21
1.05419e-21
5.00213e-21
-1.28087e-20
-3.79774e-21
4.68664e-20
3.64173e-21
2.24192e-20
3.77807e-20
-3.07884e-19
-3.76436e-20
1.43339e-18
2.86867e-18
2.31248e-18
2.61742e-18
1.57829e-17
-8.6009e-19
1.32714e-16
4.80299e-16
3.72933e-16
5.03216e-16
5.89781e-16
1.01114e-15
2.81793e-15
9.57336e-15
2.38837e-14
5.87545e-14
1.95674e-13
8.06052e-13
3.90499e-12
1.17841e-11
2.11955e-11
3.39302e-11
4.89208e-11
6.06727e-11
6.31338e-11
7.0677e-11
1.10395e-10
2.65516e-10
4.17142e-10
7.32689e-10
1.75806e-09
4.3464e-09
8.71474e-09
1.48502e-08
2.268e-08
3.18249e-08
4.21061e-08
5.34328e-08
6.72982e-08
8.25913e-08
9.74751e-08
1.10351e-07
1.19518e-07
1.24791e-07
1.24168e-07
1.18845e-07
1.08793e-07
9.49643e-08
8.04034e-08
6.65944e-08
5.47986e-08
5.31984e-08
5.88065e-08
6.88053e-08
9.2982e-08
1.3064e-07
2.13278e-07
3.9417e-07
9.25759e-07
2.01981e-06
3.43142e-06
5.58265e-06
9.11445e-06
1.39419e-05
2.04546e-05
2.91245e-05
4.12435e-05
6.42966e-05
8.83687e-05
9.25362e-05
0.000104739
0.00020587
0.000633662
0.00201973
0.00488206
0.0093611
0.0153414
0.0226124
0.0305941
0.0386845
0.0450259
0.0491505
0.0502744
0.0490138
0.0456378
0.0413712
0.0370871
0.0340305
0.0325065
0.0323966
0.0336442
0.0360282
0.0394918
0.0439522
0.0492235
0.0552435
0.0618605
0.0689292
0.0765111
0.0844041
0.0925879
0.101208
0.110464
0.120562
0.131542
0.143771
0.157578
0.174328
0.194374
0.215374
0.235929
0.2596
0.285171
0.31158
0.33792
0.363535
0.387946
0.410577
0.430809
0.448175
0.462043
0.472039
0.477944
0.479833
0.478035
0.472725
0.464448
0.453527
0.440637
0.426316
0.410893
0.395138
0.379349
0.363636
0.348291
0.332859
0.316101
0.298461
0.281193
0.261004
0.238326
0.213443
0.186676
0.160275
0.134902
0.113729
0.09628
0.0820475
0.0702309
0.0603134
0.0515357
0.0435834
0.0362363
0.0295825
0.0237605
0.0188141
0.0147099
0.0113706
0.00869921
0.00659434
0.00495849
0.00370249
0.00274774
0.00202738
0.00148654
0.00108176
0.000779641
0.000555092
0.0003894
0.000268513
0.000181674
0.000120463
7.82345e-05
4.97607e-05
3.09935e-05
1.88871e-05
1.12247e-05
6.47158e-06
3.58561e-06
1.87503e-06
8.90671e-07
3.47236e-07
6.90526e-08
-5.6616e-08
-8.28566e-08
7.77631e-23
2.05397e-22
-7.08824e-22
-4.76999e-22
5.14202e-21
-1.26774e-20
1.34325e-20
8.63091e-21
-7.18666e-20
8.98539e-20
9.21036e-19
-7.91603e-19
-2.95416e-18
5.80842e-18
2.66498e-17
3.7919e-17
2.02705e-17
-2.28336e-17
-8.33307e-17
-1.10719e-16
-1.27989e-16
-1.3207e-16
-1.26871e-16
-1.21814e-16
-1.24224e-16
-1.3596e-16
-1.43981e-16
-1.10724e-16
9.84231e-17
1.00614e-15
3.41853e-15
1.4298e-14
6.67079e-14
3.51927e-13
1.12226e-12
2.14019e-12
3.49683e-12
5.1204e-12
7.06774e-12
8.42627e-12
9.36852e-11
4.8394e-10
2.15941e-09
4.33458e-09
9.41688e-09
1.92808e-08
3.53266e-08
5.66164e-08
8.1453e-08
1.08179e-07
1.35091e-07
1.5995e-07
1.81293e-07
2.03396e-07
2.1994e-07
2.30971e-07
2.48436e-07
2.56921e-07
2.59943e-07
2.58544e-07
2.53354e-07
2.43961e-07
2.30641e-07
2.14052e-07
1.95044e-07
1.7323e-07
1.49329e-07
1.28896e-07
1.11655e-07
1.01781e-07
1.02875e-07
1.16759e-07
1.4606e-07
2.11741e-07
3.34878e-07
5.20535e-07
8.16438e-07
1.37834e-06
2.17186e-06
3.23299e-06
5.1175e-06
8.19616e-06
1.20822e-05
1.71502e-05
2.24773e-05
2.92662e-05
3.82845e-05
4.04759e-05
3.43358e-05
2.22416e-05
6.45037e-06
-8.37984e-06
-5.62859e-06
0.000117747
0.000439252
0.000760744
0.000971939
0.000995726
0.000993487
0.00104647
0.00119648
0.00145845
0.00185921
0.00242148
0.00317429
0.00416443
0.00543069
0.00702276
0.00899958
0.0113851
0.014221
0.0175514
0.0214848
0.0261992
0.0318115
0.0389132
0.046993
0.0562853
0.0664504
0.0802786
0.0976568
0.118661
0.142982
0.170052
0.199174
0.229483
0.259966
0.289836
0.318625
0.345559
0.368872
0.38876
0.406141
0.419152
0.426413
0.429673
0.428328
0.422688
0.413178
0.400595
0.385367
0.368602
0.350793
0.332921
0.315632
0.299296
0.284612
0.271658
0.26019
0.250667
0.242039
0.235077
0.228154
0.221272
0.213545
0.204863
0.193778
0.180486
0.165376
0.148169
0.130432
0.113365
0.0974538
0.0827742
0.0692694
0.0570369
0.0461487
0.0368185
0.0290961
0.0228404
0.017837
0.0138634
0.0107194
0.00823781
0.00628428
0.00475228
0.00355728
0.00263161
0.00192059
0.00137996
0.000973915
0.000673552
0.000455415
0.000300395
0.000192884
0.000120244
7.26326e-05
4.25317e-05
2.41058e-05
1.31278e-05
6.71572e-06
3.09025e-06
1.31522e-06
5.98985e-07
2.64926e-07
9.20243e-08
1.18555e-09
-4.25847e-08
-6.91455e-08
-6.50209e-08
-3.35081e-22
1.5193e-21
4.08405e-21
-2.96883e-20
7.4515e-20
-4.17818e-20
-2.66358e-19
5.36133e-19
7.80982e-19
-4.16185e-18
-1.01152e-17
-5.09479e-18
-7.17632e-19
-3.63815e-17
3.80735e-17
3.05847e-16
-1.8602e-16
-2.35811e-15
-4.17882e-15
-4.82473e-15
-4.87786e-15
-4.42564e-15
-3.56558e-15
-1.82835e-15
-3.06003e-16
9.49746e-16
1.9598e-15
2.66753e-15
3.0045e-15
3.06134e-15
2.95922e-15
3.28212e-15
7.38246e-15
3.18504e-14
8.77895e-14
2.12259e-13
1.55985e-13
1.01301e-12
-3.41843e-12
-3.8691e-11
5.25129e-10
3.62039e-09
1.37285e-08
2.34877e-08
3.95736e-08
5.75143e-08
8.12174e-08
1.11896e-07
1.48982e-07
1.79531e-07
2.17675e-07
2.4744e-07
2.62527e-07
2.51615e-07
1.99274e-07
1.15256e-07
2.44829e-08
-6.72222e-08
-1.46673e-07
-1.97722e-07
-2.24054e-07
-2.25605e-07
-2.11253e-07
-1.87446e-07
-1.59839e-07
-1.33504e-07
-1.09621e-07
-8.86607e-08
-6.97351e-08
-5.12613e-08
-3.44664e-08
-1.9736e-08
-4.9347e-09
1.31724e-08
4.50612e-08
9.18573e-08
1.56018e-07
2.50516e-07
3.92621e-07
5.87117e-07
8.59535e-07
1.26175e-06
1.79165e-06
2.53378e-06
3.91987e-06
5.73617e-06
6.45192e-06
6.03552e-06
2.8654e-06
-3.43092e-06
-1.04741e-05
-1.66328e-05
-2.17973e-05
-2.32253e-05
-1.9343e-05
-1.31138e-05
-2.97069e-06
1.30485e-05
3.81564e-05
7.69753e-05
0.000136887
0.000228296
0.000366174
0.000570567
0.00086656
0.00128711
0.00187091
0.00267576
0.00380285
0.00529802
0.0072755
0.00990292
0.0134167
0.0181105
0.024135
0.0323497
0.0436786
0.0589147
0.0784826
0.101867
0.127901
0.157322
0.188022
0.218874
0.24916
0.278486
0.304692
0.326454
0.345726
0.364539
0.378337
0.380754
0.379179
0.373419
0.363075
0.349196
0.332474
0.313635
0.293227
0.272255
0.251041
0.230661
0.211275
0.193606
0.177874
0.164221
0.152943
0.143996
0.136942
0.132204
0.12872
0.127218
0.126491
0.126912
0.127467
0.12832
0.128802
0.128022
0.123269
0.116012
0.105192
0.0925667
0.0792011
0.0659643
0.0532297
0.0418191
0.0320763
0.0243204
0.0184158
0.0139872
0.0106695
0.00816671
0.00625717
0.00478226
0.00363147
0.00272842
0.00201962
0.00146653
0.00104034
0.00071822
0.000480918
0.000311413
0.000194464
0.000116714
6.67807e-05
3.53712e-05
1.71073e-05
8.62414e-06
4.5451e-06
2.43532e-06
1.29213e-06
6.37937e-07
2.58784e-07
7.34806e-08
-2.72051e-09
-3.4245e-08
-4.52542e-08
-4.58107e-08
-4.21033e-08
-2.85322e-08
-1.60356e-21
1.35623e-21
1.31041e-20
-2.56716e-20
-4.40499e-20
6.34299e-19
-2.48509e-18
4.04712e-18
5.46674e-19
-2.85716e-17
-6.13639e-17
8.49934e-17
-1.76519e-17
-6.05896e-16
-5.36803e-16
1.02113e-15
2.61331e-15
-1.01337e-14
-4.93603e-14
-8.91144e-14
-9.72969e-14
-7.92021e-14
-3.32833e-14
4.05751e-14
1.38589e-13
2.55712e-13
4.08896e-13
6.22797e-13
7.97091e-13
8.16782e-13
7.82692e-13
7.12203e-13
6.17788e-13
5.14711e-13
4.18059e-13
3.65081e-13
-1.53993e-12
1.51662e-11
3.14729e-11
5.95276e-10
4.7062e-09
1.97163e-08
4.21414e-08
6.28861e-08
8.77572e-08
5.01751e-08
-1.47535e-08
-8.09181e-08
-1.1718e-07
-1.21376e-07
-1.90806e-07
-4.79812e-07
-8.14443e-07
-1.29047e-06
-2.03359e-06
-3.03952e-06
-4.29053e-06
-5.67306e-06
-7.07214e-06
-8.2215e-06
-9.02429e-06
-9.34264e-06
-9.18529e-06
-8.60774e-06
-7.7232e-06
-6.68687e-06
-5.64048e-06
-4.70308e-06
-3.9197e-06
-3.29131e-06
-2.74696e-06
-2.1883e-06
-1.6688e-06
-1.32585e-06
-1.05961e-06
-8.18438e-07
-5.84759e-07
-3.56374e-07
-1.20855e-07
1.38795e-07
4.25928e-07
7.54e-07
1.14025e-06
1.60561e-06
2.16211e-06
2.75195e-06
3.20782e-06
3.32315e-06
3.07819e-06
2.24958e-06
8.22154e-07
-9.05675e-07
-2.75158e-06
-3.80927e-06
-1.72233e-06
5.11551e-06
1.85396e-05
4.22227e-05
8.10486e-05
0.000143269
0.000240016
0.000387377
0.000605119
0.000923406
0.00138515
0.00203361
0.00291988
0.00411143
0.00569044
0.00798513
0.0120817
0.0185353
0.027949
0.0406454
0.0564962
0.0761992
0.0999786
0.127297
0.157355
0.186421
0.214397
0.241311
0.265216
0.28514
0.301671
0.318851
0.333473
0.336405
0.33436
0.327879
0.31502
0.297293
0.27659
0.254547
0.231591
0.208723
0.186392
0.164939
0.144541
0.125896
0.108969
0.0942403
0.0814343
0.070697
0.0618402
0.0547812
0.049387
0.0454951
0.0427305
0.0413536
0.0407702
0.0414371
0.0426972
0.0449871
0.0477659
0.0513533
0.0553881
0.0596331
0.0608553
0.0601033
0.0556075
0.0486696
0.0405571
0.0322536
0.0242897
0.0175647
0.0123198
0.00858354
0.00604897
0.00434184
0.00317743
0.00236302
0.0017748
0.00133548
0.000998238
0.000734291
0.000526276
0.000364507
0.00024363
0.000157902
9.99086e-05
6.20082e-05
3.7826e-05
2.26913e-05
1.33934e-05
7.72277e-06
4.15667e-06
2.00705e-06
9.00309e-07
3.97348e-07
1.73e-07
7.09253e-08
2.30528e-08
-2.0917e-10
-1.26968e-08
-1.72979e-08
-1.61085e-08
-1.24247e-08
-8.48901e-09
-4.97021e-09
-5.97145e-21
3.09552e-20
-9.09519e-20
3.3099e-19
-8.82304e-19
2.27736e-18
-6.28459e-18
1.38215e-17
-1.82978e-17
7.68368e-17
3.77201e-16
6.72838e-16
-9.3346e-16
1.04608e-15
1.51482e-14
4.93012e-14
9.38457e-14
1.10099e-13
-1.20955e-13
-1.23787e-12
-2.94537e-12
-4.41998e-12
-4.78373e-12
-4.13529e-12
-3.08518e-12
-1.94815e-12
-9.94566e-13
-4.1263e-13
-2.84422e-13
-5.77758e-13
-1.16891e-12
-1.89541e-12
-2.60197e-12
-3.15409e-12
-3.60365e-12
-4.02904e-12
-1.67312e-11
1.32409e-10
-1.92407e-10
-3.92811e-09
-2.45555e-08
-5.86565e-08
2.02313e-09
-1.03789e-06
-1.9375e-06
-2.83434e-06
-3.56147e-06
-4.15615e-06
-4.60255e-06
-4.90432e-06
-5.10528e-06
-4.96433e-06
-4.70366e-06
-5.03526e-06
-6.00396e-06
-7.50674e-06
-9.46124e-06
-1.16388e-05
-1.3776e-05
-1.55691e-05
-1.67964e-05
-1.73153e-05
-1.71131e-05
-1.62222e-05
-1.47163e-05
-1.27164e-05
-1.03654e-05
-7.81722e-06
-5.20578e-06
-2.65802e-06
-2.58661e-07
1.91232e-06
3.90599e-06
5.79918e-06
7.68287e-06
9.64375e-06
1.17167e-05
1.39568e-05
1.63864e-05
1.90619e-05
2.19909e-05
2.52319e-05
2.88413e-05
3.28918e-05
3.7489e-05
4.27262e-05
4.87268e-05
5.59146e-05
6.4634e-05
7.57229e-05
8.98147e-05
0.000108477
0.000133491
0.000169203
0.000220327
0.000296962
0.000409825
0.000579697
0.000824683
0.00117859
0.00167817
0.00238173
0.00334173
0.00484734
0.00775315
0.0124771
0.019297
0.0285082
0.0400899
0.0543414
0.071779
0.0926581
0.117834
0.144222
0.170373
0.19572
0.219237
0.241836
0.261271
0.271424
0.281321
0.293874
0.298469
0.296371
0.290788
0.280953
0.263858
0.240846
0.215258
0.188849
0.163181
0.13938
0.117644
0.0985393
0.0817057
0.0672322
0.0547758
0.0440624
0.0353177
0.0285973
0.0233468
0.0192909
0.0160726
0.013563
0.0115806
0.00999964
0.00870119
0.00762451
0.00671482
0.00602211
0.00549984
0.00525985
0.0052464
0.00562032
0.00634344
0.00762305
0.00947608
0.0119982
0.0135326
0.0144226
0.0134625
0.0112236
0.00855928
0.00607623
0.00403546
0.00260947
0.00168468
0.00111865
0.000772097
0.000551662
0.000405095
0.000303108
0.000228979
0.000173058
0.000129755
9.58551e-05
6.9417e-05
4.90749e-05
3.37081e-05
2.23623e-05
1.42463e-05
8.6847e-06
5.06636e-06
2.83782e-06
1.53537e-06
8.09459e-07
4.19129e-07
2.12082e-07
1.03066e-07
4.71222e-08
1.99626e-08
7.23335e-09
1.48824e-09
-1.14888e-09
-2.17529e-09
-1.87825e-09
-1.32516e-09
-8.55334e-10
-5.39325e-10
-3.16906e-10
-4.50715e-20
2.07061e-19
-5.11945e-19
7.5967e-19
1.3897e-18
-1.46181e-17
5.08863e-17
-9.04968e-17
2.28825e-16
9.32682e-16
2.38708e-15
1.07902e-15
1.89351e-14
1.56219e-13
7.18457e-13
2.08806e-12
4.0539e-12
4.92668e-12
2.42533e-12
-5.14507e-12
-1.45142e-11
-2.48979e-11
-1.29321e-10
-3.21731e-10
-6.06932e-10
-9.9089e-10
-1.45595e-09
-1.96163e-09
-2.44985e-09
-2.8556e-09
-3.12085e-09
-3.20752e-09
-3.11035e-09
-2.83758e-09
-2.49463e-09
-2.13573e-09
-2.25447e-09
-4.80166e-10
-3.21882e-08
-1.80766e-07
-8.13205e-07
-2.48551e-06
-3.91298e-06
-6.16501e-06
-5.69625e-06
-5.27853e-06
-5.02768e-06
-4.90838e-06
-5.07078e-06
-5.34579e-06
-3.54379e-06
9.3571e-06
6.33618e-05
0.000225893
0.000573655
0.00110065
0.00178049
0.00256816
0.00341793
0.00420473
0.00488294
0.00534858
0.0055889
0.00558367
0.00537566
0.00501025
0.00455617
0.00406348
0.00358555
0.00314283
0.00276176
0.00243834
0.00218003
0.00197879
0.00182767
0.00172215
0.00165303
0.00161631
0.00160513
0.00161763
0.00164837
0.00169597
0.00175867
0.00183568
0.00192827
0.00203777
0.00216559
0.00232209
0.0025101
0.00274837
0.00304859
0.00344357
0.00395319
0.00464288
0.00555031
0.00679328
0.00843207
0.010843
0.0144377
0.0202122
0.0284296
0.0391175
0.0517465
0.0669285
0.0854556
0.106133
0.127709
0.150367
0.172642
0.19394
0.213696
0.233776
0.252657
0.263339
0.271932
0.279389
0.282594
0.280977
0.27549
0.266451
0.254377
0.236172
0.20898
0.178685
0.148838
0.121073
0.0962695
0.0746434
0.0560793
0.0417758
0.0319457
0.0250236
0.0198452
0.0158957
0.0127616
0.010282
0.00829188
0.00669958
0.00540231
0.0043618
0.00351567
0.00284695
0.00230988
0.00189058
0.00155406
0.00128174
0.00106033
0.000881113
0.000733426
0.000612898
0.000511299
0.000426848
0.000354313
0.000293097
0.000240835
0.000198638
0.0001678
0.000151284
0.000125897
9.74038e-05
6.26423e-05
3.31604e-05
1.19382e-05
-1.62559e-06
-9.37154e-06
-1.33207e-05
-1.5003e-05
-1.5383e-05
-1.50077e-05
-1.40979e-05
-1.28503e-05
-1.14082e-05
-9.88233e-06
-8.36218e-06
-6.91847e-06
-5.60188e-06
-4.44183e-06
-3.45229e-06
-2.6326e-06
-1.97132e-06
-1.45039e-06
-1.04841e-06
-7.431e-07
-5.13276e-07
-3.40367e-07
-2.09496e-07
-1.11355e-07
-4.38104e-08
-1.11482e-08
2.14262e-10
2.07742e-09
1.42779e-09
7.64926e-10
3.05658e-10
1.26171e-10
7.72902e-11
4.94658e-11
3.14582e-11
1.97833e-11
1.21487e-11
-7.59338e-20
3.43354e-19
-9.49334e-19
1.1448e-18
6.20299e-18
-6.04543e-17
3.13327e-16
-8.22011e-16
1.95181e-15
-8.32062e-16
-3.17024e-14
4.50352e-14
7.01202e-13
5.80356e-12
3.15881e-11
1.16917e-10
3.15461e-10
5.91932e-10
8.47134e-10
9.6649e-10
8.10809e-10
2.71976e-10
-8.51316e-10
-2.72499e-09
-5.3955e-09
-8.73237e-09
-1.2421e-08
-1.60152e-08
-1.90343e-08
-2.10748e-08
-2.19022e-08
-2.14605e-08
-1.98144e-08
-1.71219e-08
-1.37121e-08
-9.80151e-09
-5.33732e-09
-1.07368e-09
1.01577e-07
3.95862e-07
8.80422e-07
-9.3878e-07
-6.31407e-06
0.000329736
0.00125941
0.00266495
0.0045304
0.00677184
0.00945648
0.0125435
0.0161256
0.0200933
0.0243739
0.0290025
0.0342531
0.0398275
0.0455994
0.0510226
0.055984
0.0596971
0.0622312
0.0631666
0.0627161
0.0608862
0.0580308
0.0543622
0.0502851
0.04602
0.0419235
0.0380829
0.0350391
0.0327695
0.0312595
0.0303685
0.0299814
0.0300503
0.030458
0.0311759
0.032107
0.0332509
0.0345397
0.0359706
0.0375372
0.0392424
0.0411194
0.0432083
0.0455063
0.0481841
0.0512237
0.0548632
0.0590959
0.0642953
0.0704721
0.0782057
0.0875243
0.0991644
0.113148
0.130339
0.150951
0.176667
0.202703
0.219682
0.234372
0.249011
0.262837
0.274228
0.28198
0.289667
0.29448
0.293498
0.289478
0.281602
0.270564
0.257563
0.243611
0.226058
0.200881
0.169821
0.137382
0.105644
0.0759183
0.0506923
0.034587
0.0250243
0.0187057
0.0141876
0.0108337
0.00829567
0.0063488
0.00483911
0.00367007
0.00277903
0.00209991
0.00159144
0.00120455
0.000913859
0.000692998
0.000526598
0.00039986
0.000304689
0.000232097
0.000177796
0.000136404
0.000105486
8.17091e-05
6.33718e-05
4.90908e-05
3.78891e-05
2.89351e-05
2.15399e-05
1.52789e-05
9.41569e-06
3.83768e-06
-2.38621e-06
-9.10343e-06
-1.73998e-05
-2.73111e-05
-3.75013e-05
-3.91805e-05
-3.69974e-05
-3.07471e-05
-2.58695e-05
-2.22515e-05
-1.88684e-05
-1.48285e-05
-1.12857e-05
-8.34997e-06
-6.05614e-06
-4.33313e-06
-3.07832e-06
-2.27823e-06
-1.72544e-06
-1.30078e-06
-9.62716e-07
-6.9574e-07
-4.90194e-07
-3.36488e-07
-2.25295e-07
-1.47383e-07
-9.43635e-08
-5.92427e-08
-3.65477e-08
-2.22069e-08
-1.33213e-08
-7.90945e-09
-4.66539e-09
-2.78521e-09
-1.80573e-09
-1.1335e-09
-5.55584e-10
-1.06736e-10
3.64819e-11
4.33509e-11
3.71558e-11
2.47329e-11
1.4545e-11
8.27146e-12
4.63768e-12
2.56917e-12
1.28618e-12
8.93981e-20
-2.27227e-19
-3.54615e-20
2.58995e-18
-1.72829e-17
6.05816e-17
1.87758e-16
-4.09133e-15
-2.33254e-15
-2.55565e-13
-2.88722e-13
2.54978e-12
2.96734e-11
2.01116e-10
9.81668e-10
3.78934e-09
1.23655e-08
3.35968e-08
7.74647e-08
1.56966e-07
2.89818e-07
4.93501e-07
7.80263e-07
1.15819e-06
1.63629e-06
2.23305e-06
2.9828e-06
3.95587e-06
5.24294e-06
6.8835e-06
8.90354e-06
1.12982e-05
1.40104e-05
1.6885e-05
2.00107e-05
2.35642e-05
2.87102e-05
3.70411e-05
0.000321371
0.00103268
0.00257009
0.0054479
0.0106887
0.0171522
0.0247778
0.0330487
0.042263
0.0525349
0.0642467
0.0762972
0.0880468
0.0989857
0.109034
0.118468
0.127785
0.134064
0.136608
0.137361
0.137522
0.137134
0.136619
0.135974
0.135525
0.135582
0.136838
0.139291
0.142754
0.146351
0.152271
0.155988
0.158193
0.159519
0.160613
0.161608
0.162619
0.1638
0.165057
0.166493
0.167995
0.169671
0.171439
0.173363
0.175462
0.177754
0.180286
0.183096
0.186101
0.189474
0.193005
0.19691
0.200898
0.205422
0.21113
0.217443
0.223383
0.228117
0.230407
0.231316
0.231177
0.229665
0.227076
0.223059
0.217836
0.210242
0.19943
0.184517
0.168053
0.150129
0.130971
0.10996
0.0871976
0.0635141
0.0447255
0.0325042
0.0242313
0.0182152
0.0136713
0.0101804
0.0075037
0.00546795
0.00393072
0.00278153
0.00193184
0.00132174
0.000894813
0.000600846
0.00040064
0.000265279
0.00017436
0.000113725
7.35205e-05
4.71163e-05
2.985e-05
1.87322e-05
1.15889e-05
7.07759e-06
4.24509e-06
2.49599e-06
1.42569e-06
7.83944e-07
4.04417e-07
1.86313e-07
6.49802e-08
1.61078e-09
-2.88407e-08
-4.65349e-08
-6.25531e-08
-9.2986e-08
-1.33387e-07
-2.10428e-07
-3.01813e-07
-4.59147e-07
-6.46881e-07
-9.31968e-07
-1.32371e-06
-2.50988e-06
-4.62247e-06
-7.50774e-06
-8.23917e-06
-7.91158e-06
-6.69465e-06
-5.24432e-06
-3.87083e-06
-2.74547e-06
-1.88463e-06
-1.29675e-06
-9.08685e-07
-6.51046e-07
-4.73449e-07
-3.44515e-07
-2.47556e-07
-1.74293e-07
-1.19512e-07
-7.94244e-08
-5.09716e-08
-3.15759e-08
-1.8937e-08
-1.10275e-08
-6.2525e-09
-3.45991e-09
-1.87233e-09
-9.92749e-10
-5.16782e-10
-2.64834e-10
-1.34002e-10
-6.73032e-11
-3.41998e-11
-1.88651e-11
-1.29345e-11
-1.1779e-11
-8.34205e-12
-2.58243e-12
-2.44516e-13
-5.53384e-14
-1.11032e-14
-6.13989e-16
8.30151e-16
5.88114e-16
2.69678e-16
-9.56788e-17
1.13184e-19
-7.22961e-19
3.2217e-18
-1.08873e-17
8.44182e-18
2.82979e-16
-3.03143e-15
-4.41158e-13
-5.24859e-12
-1.10538e-12
2.41359e-10
3.75702e-09
3.32414e-08
3.39099e-07
2.54188e-06
1.40745e-05
5.8283e-05
0.000180407
0.00040099
0.000706576
0.00116204
0.00181675
0.00262548
0.00353064
0.0044608
0.00532991
0.00600203
0.00664273
0.00787819
0.00882869
0.00967845
0.0105787
0.0115649
0.0126691
0.0137677
0.0147735
0.0159551
0.0180481
0.0214343
0.0265081
0.0334983
0.0425503
0.05282
0.0600108
0.0690662
0.0808918
0.0959145
0.114764
0.13714
0.155592
0.161382
0.162695
0.161197
0.157168
0.151047
0.143643
0.135792
0.128165
0.119983
0.109763
0.0956313
0.080634
0.0683099
0.0607056
0.0579065
0.0595735
0.0640916
0.0703861
0.0768274
0.0828918
0.0879958
0.0923186
0.0957809
0.0985109
0.100641
0.102193
0.103383
0.104225
0.104936
0.105504
0.106055
0.106584
0.10707
0.107473
0.107698
0.107608
0.107184
0.106112
0.104515
0.10196
0.0986765
0.0941602
0.0887921
0.0820443
0.0744653
0.0654678
0.0554218
0.0451693
0.036192
0.0284093
0.0218864
0.0164841
0.0121743
0.00879006
0.00621709
0.00429661
0.00290809
0.0019238
0.00124754
0.000790996
0.000491606
0.000298941
0.000178299
0.000104373
6.01223e-05
3.41334e-05
1.91428e-05
1.06286e-05
5.85956e-06
3.21753e-06
1.763e-06
9.63553e-07
5.20696e-07
2.71054e-07
1.25969e-07
3.82926e-08
-1.62029e-08
-5.01725e-08
-7.04311e-08
-8.08216e-08
-8.37724e-08
-8.10952e-08
-7.42209e-08
-6.47007e-08
-5.38651e-08
-4.29644e-08
-3.28678e-08
-2.41473e-08
-1.70813e-08
-1.16714e-08
-7.75916e-09
-5.07579e-09
-3.33134e-09
-2.23559e-09
-1.60308e-09
-1.76954e-09
-2.04889e-09
-3.09328e-09
-4.8064e-09
-9.46068e-09
-1.58418e-08
-3.01375e-08
-5.21051e-08
-9.91814e-08
-1.47073e-07
-1.98578e-07
-3.15578e-07
-4.93344e-07
-4.2231e-07
-3.07999e-07
-2.14159e-07
-1.44814e-07
-9.59987e-08
-6.26207e-08
-3.99355e-08
-2.53954e-08
-1.61408e-08
-1.02045e-08
-6.3637e-09
-3.88984e-09
-2.32076e-09
-1.3503e-09
-7.65129e-10
-4.20107e-10
-2.24372e-10
-1.16487e-10
-5.88952e-11
-2.90565e-11
-1.40159e-11
-6.61806e-12
-3.05811e-12
-1.38081e-12
-6.08395e-13
-2.61551e-13
-1.08978e-13
-4.30399e-14
-1.63482e-14
-1.01694e-14
-1.86308e-14
-3.88578e-14
-5.88714e-14
-6.05697e-14
-2.09482e-14
-5.42981e-15
-8.84731e-16
-9.20563e-17
-1.01689e-16
-7.01803e-17
-4.15161e-17
-2.30337e-17
-3.09822e-19
6.15066e-19
2.06332e-18
-3.61392e-17
2.98319e-16
-1.54723e-15
-7.29657e-14
-1.02394e-11
-8.89654e-11
2.36167e-10
1.10572e-08
1.73975e-07
1.92038e-06
2.2993e-05
0.000189966
0.00120713
0.00671502
0.0315794
0.0898096
0.175918
0.231299
0.236938
0.229991
0.210758
0.174332
0.111132
0.0500988
0.0141962
0.00894926
0.00939285
0.0107698
0.0130878
0.0164415
0.020632
0.025436
0.0305976
0.0362384
0.0427538
0.0504172
0.0598444
0.0636249
0.0636971
0.0597525
0.0479313
0.0351256
0.0260437
0.0194268
0.0139749
0.0098611
0.00701196
0.0051815
0.00407948
0.00328128
0.00268788
0.00210091
0.00170196
0.00132531
0.00128194
0.00108597
0.00112761
0.000926839
0.000808292
0.00061749
0.000583338
0.000627498
0.000877133
0.00117279
0.00161198
0.00196555
0.00239061
0.00266702
0.00296074
0.00312478
0.00324643
0.00332797
0.00332441
0.00334305
0.00327388
0.0032497
0.00314594
0.00306079
0.0029347
0.00278015
0.00260555
0.00239812
0.00215309
0.00191343
0.00159318
0.00133513
0.000986373
0.000735466
0.000442164
0.000259376
0.000106907
3.81879e-05
1.4065e-05
7.11022e-06
4.59173e-06
3.20371e-06
2.28151e-06
1.64138e-06
1.18168e-06
8.46782e-07
5.9886e-07
4.16989e-07
2.85011e-07
1.91311e-07
1.25924e-07
8.12157e-08
5.10358e-08
3.08877e-08
1.75092e-08
8.74458e-09
3.3404e-09
1.82152e-10
-1.4276e-09
-2.11305e-09
-2.27754e-09
-2.14037e-09
-1.82358e-09
-1.43566e-09
-1.04486e-09
-7.17204e-10
-4.77381e-10
-3.13647e-10
-2.23873e-10
-1.73857e-10
-1.3339e-10
-1.04264e-10
-8.2179e-11
-5.94911e-11
-4.86296e-11
-3.61383e-11
-2.77642e-11
-2.09147e-11
-1.53971e-11
-1.10749e-11
-9.33956e-12
-5.38662e-12
-7.3545e-12
-3.89718e-12
-8.10403e-12
-4.59139e-12
-3.39105e-12
-5.80301e-13
-8.38738e-13
-1.81933e-12
-6.18144e-12
-5.0356e-12
-1.48478e-11
-2.23826e-11
-6.6602e-11
-1.56322e-10
-5.98594e-10
-9.9792e-10
-1.82652e-09
-4.00073e-09
-6.98987e-09
-4.28353e-09
-2.67537e-09
-1.60737e-09
-8.98301e-10
-4.55871e-10
-2.0735e-10
-8.41844e-11
-3.10949e-11
-1.11672e-11
-4.28281e-12
-1.81075e-12
-8.40857e-13
-4.11971e-13
-2.05742e-13
-9.33233e-14
2.534e-15
3.69522e-14
3.5288e-14
2.17744e-14
1.05808e-14
4.22513e-15
1.32682e-15
2.89958e-16
3.17146e-17
7.47457e-19
1.11463e-17
1.99515e-17
2.30547e-17
2.17827e-17
1.78368e-17
1.26561e-17
9.02584e-18
3.27468e-18
-1.1436e-17
-8.67308e-18
-8.51433e-18
-1.02883e-17
-3.06345e-18
-1.68383e-18
-2.1805e-18
-2.52807e-18
-3.11773e-18
)
;

boundaryField
{
    inlet
    {
        type            uniformFixedValue;
        uniformValue    table;
        uniformValueCoeffs
        {
            values          
4
(
(0 1)
(0.15 1)
(0.151 0)
(1 0)
)
;
        }
        value           uniform 0;
    }
    outlet
    {
        type            inletOutlet;
        inletValue      uniform 0;
        value           nonuniform List<scalar> 
20
(
0
-8.77405e-19
4.33864e-15
-1.40132e-12
-4.38552e-11
-2.66032e-10
-7.4511e-10
-1.04727e-08
-1.97202e-08
-3.60672e-08
-8.28566e-08
-6.50209e-08
-2.85322e-08
-4.97021e-09
-3.16906e-10
1.21487e-11
1.28618e-12
-9.56788e-17
-2.30337e-17
-3.11773e-18
)
;
    }
    walls
    {
        type            zeroGradient;
    }
    frontAndBack
    {
        type            empty;
    }
}


// ************************************************************************* //
