/*--------------------------------*- C++ -*----------------------------------*\
| =========                 |                                                 |
| \\      /  F ield         | OpenFOAM: The Open Source CFD Toolbox           |
|  \\    /   O peration     | Version:  2506                                  |
|   \\  /    A nd           | Website:  www.openfoam.com                      |
|    \\/     M anipulation  |                                                 |
\*---------------------------------------------------------------------------*/
FoamFile
{
    version     2.0;
    format      ascii;
    arch        "LSB;label=32;scalar=64";
    class       volScalarField;
    location    "4.65";
    object      p;
}
// * * * * * * * * * * * * * * * * * * * * * * * * * * * * * * * * * * * * * //

dimensions      [0 2 -2 0 0 0 0];

internalField   nonuniform List<scalar> 
4000
(
0.000555243
0.000497321
0.000465965
0.000452412
0.000444203
0.00043848
0.000434482
0.000431476
0.000428985
0.000426787
0.000424776
0.000422896
0.000421112
0.000419407
0.00041777
0.000416195
0.00041468
0.000413225
0.000411833
0.000410505
0.000409246
0.000408059
0.000406949
0.000405922
0.000404983
0.00040414
0.000403398
0.000402766
0.000402251
0.000401862
0.000401608
0.000401507
0.000401575
0.0004017
0.000402346
0.00040341
0.000404154
0.000404413
0.000404155
0.000403118
0.000401007
0.000396633
0.000389979
0.000381755
0.000371987
0.000360871
0.000348539
0.000334903
0.000320605
0.000305539
0.000289976
0.000274426
0.000258705
0.000243765
0.000229154
0.000215886
0.000203824
0.000193158
0.000184577
0.000177032
0.000171937
0.000168151
0.000165921
0.000165137
0.000165232
0.000166498
0.000168215
0.000170661
0.000173339
0.000176327
0.000179451
0.000182582
0.00018578
0.000188893
0.000191935
0.000194895
0.000197732
0.00020045
0.000203058
0.000205544
0.000207917
0.000210184
0.000212347
0.00021441
0.000216374
0.000218238
0.000220002
0.000221662
0.00022321
0.000224652
0.000225987
0.000227217
0.000228348
0.000229386
0.000230336
0.000231208
0.000232008
0.000232743
0.000233423
0.000234058
0.000234654
0.000235221
0.000235762
0.000236284
0.000236792
0.000237282
0.000237768
0.000238237
0.000238693
0.000239124
0.000239523
0.000239869
0.000240149
0.000240321
0.000240375
0.000240236
0.000239881
0.00023925
0.000238264
0.000236878
0.000235021
0.000232606
0.000229585
0.000225906
0.000221493
0.000216322
0.000210367
0.00020361
0.000196062
0.000187736
0.00017861
0.00016881
0.000158348
0.000147168
0.000135521
0.000123442
0.000110718
9.80016e-05
8.48912e-05
7.18427e-05
5.88856e-05
4.62546e-05
3.41763e-05
2.30164e-05
1.26357e-05
4.06505e-06
-3.61922e-06
-9.06523e-06
-1.30949e-05
-1.55607e-05
-1.62796e-05
-1.6076e-05
-1.43503e-05
-1.20976e-05
-8.92371e-06
-5.53994e-06
-1.72774e-06
2.06442e-06
5.8889e-06
9.56171e-06
1.36483e-05
1.67803e-05
1.96288e-05
2.22345e-05
2.46597e-05
2.68032e-05
2.8726e-05
2.99828e-05
3.06991e-05
3.10501e-05
3.1051e-05
3.0738e-05
3.01587e-05
2.9358e-05
2.83763e-05
2.72502e-05
2.60121e-05
2.46904e-05
2.33099e-05
2.18916e-05
2.04538e-05
1.90122e-05
1.75804e-05
1.61706e-05
1.47936e-05
1.34586e-05
1.21739e-05
1.0946e-05
9.77997e-06
8.67878e-06
7.64304e-06
6.67059e-06
5.75627e-06
4.89568e-06
4.07677e-06
3.28938e-06
2.52246e-06
1.76344e-06
9.99681e-07
2.79956e-07
0.000503578
0.000480448
0.000462541
0.000452754
0.000445888
0.000440323
0.000436033
0.000432706
0.000429961
0.000427568
0.000425413
0.000423426
0.000421564
0.000419801
0.00041812
0.000416512
0.000414973
0.000413501
0.000412096
0.00041076
0.000409495
0.000408305
0.000407195
0.000406169
0.000405235
0.000404397
0.000403663
0.000403041
0.000402538
0.000402164
0.000401929
0.000401845
0.00040193
0.000402043
0.000402562
0.000403395
0.000403797
0.00040362
0.000402784
0.000400966
0.000397867
0.000392538
0.000385202
0.000376495
0.0003664
0.000355097
0.000342724
0.00032925
0.000315261
0.000300672
0.000285741
0.000270932
0.000256096
0.000242081
0.000228541
0.000216201
0.000204936
0.000194895
0.000186685
0.000179435
0.000174316
0.00017042
0.000167926
0.000166797
0.000166523
0.000167383
0.000168734
0.000170821
0.000173202
0.000175921
0.000178834
0.000181791
0.00018485
0.000187864
0.000190829
0.000193737
0.000196541
0.000199239
0.000201836
0.000204321
0.000206696
0.000208969
0.000211143
0.00021322
0.000215206
0.000217099
0.000218899
0.00022061
0.000222222
0.000223737
0.000225153
0.000226465
0.000227679
0.0002288
0.000229826
0.000230775
0.000231646
0.000232453
0.000233193
0.000233885
0.000234525
0.000235131
0.000235703
0.000236247
0.000236773
0.000237272
0.000237758
0.000238216
0.00023865
0.000239044
0.000239388
0.000239658
0.000239835
0.000239872
0.000239758
0.00023941
0.000238803
0.000237874
0.000236544
0.000234768
0.000232477
0.00022959
0.000226067
0.000221863
0.000216916
0.000211215
0.000204747
0.000197507
0.000189522
0.000180817
0.000171385
0.000161367
0.000150787
0.000139596
0.000128041
0.000116129
0.000103751
9.14294e-05
7.88743e-05
6.64733e-05
5.42918e-05
4.25273e-05
3.13976e-05
2.11886e-05
1.18748e-05
4.09476e-06
-2.81778e-06
-7.80457e-06
-1.15096e-05
-1.38376e-05
-1.4579e-05
-1.44802e-05
-1.29764e-05
-1.09672e-05
-8.06918e-06
-4.94568e-06
-1.3802e-06
2.19843e-06
5.85404e-06
9.2836e-06
1.32987e-05
1.6422e-05
1.92966e-05
2.19302e-05
2.43638e-05
2.64624e-05
2.83101e-05
2.94833e-05
3.01658e-05
3.0517e-05
3.05291e-05
3.02334e-05
2.96791e-05
2.89105e-05
2.79663e-05
2.68813e-05
2.56866e-05
2.44092e-05
2.30726e-05
2.16967e-05
2.02986e-05
1.88932e-05
1.74936e-05
1.61112e-05
1.47565e-05
1.34388e-05
1.21671e-05
1.09477e-05
9.78644e-06
8.6872e-06
7.65158e-06
6.67869e-06
5.76527e-06
4.90308e-06
4.08572e-06
3.30235e-06
2.54155e-06
1.79039e-06
1.03414e-06
3.03999e-07
0.000479247
0.000471677
0.000461108
0.000453144
0.000446878
0.000441761
0.000437463
0.000433947
0.000430996
0.000428419
0.000426115
0.000424009
0.000422052
0.000420215
0.000418476
0.000416823
0.000415248
0.000413748
0.00041232
0.000410965
0.000409686
0.000408484
0.000407365
0.000406332
0.000405392
0.00040455
0.000403813
0.000403189
0.000402685
0.000402309
0.00040207
0.000401977
0.000402046
0.000402101
0.000402469
0.000403051
0.000403074
0.000402402
0.000400952
0.000398372
0.000394419
0.000388372
0.000380616
0.000371681
0.000361519
0.000350284
0.000338132
0.000325083
0.000311647
0.000297777
0.000283684
0.00026979
0.000256011
0.000242959
0.000230386
0.000218855
0.000208302
0.0001988
0.00019087
0.000183777
0.000178493
0.000174313
0.000171388
0.000169746
0.000168934
0.00016925
0.000170092
0.000171717
0.000173697
0.000176072
0.000178711
0.000181437
0.000184322
0.000187202
0.000190064
0.000192903
0.000195659
0.000198325
0.000200905
0.000203382
0.000205754
0.000208032
0.000210213
0.000212304
0.000214312
0.000216232
0.000218067
0.000219824
0.000221487
0.000223059
0.000224543
0.000225924
0.000227209
0.000228403
0.000229494
0.000230507
0.000231425
0.00023228
0.000233058
0.000233788
0.000234455
0.000235087
0.000235675
0.00023623
0.000236762
0.000237255
0.000237731
0.000238164
0.000238561
0.000238902
0.000239173
0.000239348
0.000239404
0.000239287
0.000238986
0.000238413
0.000237541
0.000236308
0.000234635
0.000232482
0.000229783
0.00022647
0.000222511
0.00021787
0.000212502
0.000206408
0.000199587
0.000192045
0.000183818
0.000174941
0.00016543
0.000155401
0.00014489
0.00013388
0.000122584
0.00011102
9.91376e-05
8.73623e-05
7.54883e-05
6.38353e-05
5.24892e-05
4.1603e-05
3.13679e-05
2.19891e-05
1.34334e-05
6.23112e-06
-1.56443e-07
-4.89866e-06
-8.49252e-06
-1.08981e-05
-1.18545e-05
-1.20563e-05
-1.09144e-05
-9.28701e-06
-6.74572e-06
-3.96549e-06
-6.88934e-07
2.62895e-06
6.11216e-06
9.25541e-06
1.32783e-05
1.62952e-05
1.9099e-05
2.17013e-05
2.4111e-05
2.61281e-05
2.78953e-05
2.89675e-05
2.96034e-05
2.99542e-05
2.9975e-05
2.96916e-05
2.91579e-05
2.84184e-05
2.75096e-05
2.64646e-05
2.5313e-05
2.40804e-05
2.27888e-05
2.14567e-05
2.01002e-05
1.8733e-05
1.73675e-05
1.60146e-05
1.46844e-05
1.33863e-05
1.21281e-05
1.09186e-05
9.7639e-06
8.66868e-06
7.63563e-06
6.66474e-06
5.75345e-06
4.89581e-06
4.08418e-06
3.3081e-06
2.55546e-06
1.81178e-06
1.05714e-06
3.17555e-07
0.000468254
0.000465469
0.000459016
0.000452522
0.000447215
0.000442665
0.000438527
0.000435046
0.000431998
0.000429283
0.000426848
0.000424618
0.000422554
0.00042063
0.000418818
0.000417103
0.000415477
0.000413933
0.000412467
0.00041108
0.00040977
0.000408541
0.000407396
0.000406337
0.000405372
0.000404504
0.00040374
0.000403086
0.00040255
0.000402136
0.000401851
0.000401694
0.000401678
0.000401616
0.000401809
0.000402142
0.000401806
0.000400666
0.000398657
0.000395453
0.000390881
0.000384386
0.000376421
0.000367435
0.000357379
0.000346405
0.000334673
0.000322239
0.00030956
0.000296577
0.000283441
0.000270596
0.00025796
0.000245944
0.000234406
0.00022372
0.000213876
0.000204888
0.000197169
0.000190153
0.000184604
0.000180016
0.000176525
0.000174209
0.000172704
0.000172307
0.000172483
0.000173493
0.000174937
0.000176848
0.000179109
0.000181516
0.000184156
0.000186842
0.000189553
0.000192284
0.000194961
0.000197571
0.000200116
0.000202571
0.00020493
0.000207203
0.000209385
0.000211481
0.000213501
0.00021544
0.000217303
0.000219098
0.000220808
0.000222435
0.000223984
0.000225433
0.000226787
0.000228054
0.000229211
0.000230289
0.000231262
0.000232169
0.000232984
0.000233749
0.000234437
0.000235086
0.000235681
0.000236235
0.000236759
0.000237234
0.000237683
0.000238076
0.00023842
0.000238691
0.000238871
0.000238931
0.000238846
0.000238554
0.000238048
0.00023723
0.000236078
0.000234531
0.000232511
0.000229985
0.000226897
0.000223187
0.000218835
0.00021382
0.000208108
0.000201716
0.000194651
0.000186932
0.000178603
0.000169706
0.00016027
0.000150395
0.000140138
0.000129498
0.000118646
0.000107626
9.64193e-05
8.53591e-05
7.43132e-05
6.3527e-05
5.30928e-05
4.3117e-05
3.37544e-05
2.51423e-05
1.72577e-05
1.05009e-05
4.45924e-06
-2.45508e-07
-3.95694e-06
-6.66279e-06
-8.06624e-06
-8.77732e-06
-8.19644e-06
-7.11615e-06
-5.07306e-06
-2.74324e-06
1.66577e-07
3.16864e-06
6.47223e-06
9.34129e-06
1.3388e-05
1.62786e-05
1.8973e-05
2.15155e-05
2.3889e-05
2.58147e-05
2.75012e-05
2.84611e-05
2.90304e-05
2.93659e-05
2.93826e-05
2.90983e-05
2.85731e-05
2.78527e-05
2.69714e-05
2.59601e-05
2.4847e-05
2.36563e-05
2.24083e-05
2.112e-05
1.98063e-05
1.84798e-05
1.7152e-05
1.58332e-05
1.45328e-05
1.326e-05
1.20235e-05
1.08315e-05
9.69097e-06
8.6074e-06
7.58422e-06
6.62233e-06
5.71964e-06
4.87105e-06
4.06862e-06
3.30159e-06
2.55687e-06
1.81843e-06
1.06422e-06
3.20197e-07
0.000461523
0.000460196
0.000456221
0.000451527
0.000447198
0.000443127
0.000439373
0.000436036
0.00043294
0.00043016
0.000427644
0.000425288
0.000423106
0.000421084
0.000419182
0.000417385
0.000415688
0.000414082
0.00041256
0.00041112
0.000409762
0.000408486
0.000407293
0.000406186
0.000405171
0.00040425
0.000403429
0.000402713
0.000402106
0.000401611
0.00040123
0.000400956
0.000400795
0.000400563
0.000400538
0.000400584
0.000399883
0.000398295
0.000395783
0.000392064
0.000387034
0.000380264
0.000372232
0.000363325
0.000353518
0.000342958
0.000331807
0.000320153
0.000308304
0.000296291
0.000284323
0.000272634
0.000261192
0.000250287
0.000239843
0.00023007
0.00022099
0.000212581
0.000205135
0.000198258
0.000192499
0.000187532
0.000183468
0.000180425
0.000178148
0.000176905
0.000176271
0.000176495
0.000177234
0.000178514
0.000180238
0.000182191
0.000184462
0.000186852
0.000189327
0.000191882
0.000194425
0.000196937
0.000199414
0.000201825
0.000204155
0.000206412
0.000208587
0.000210684
0.000212713
0.000214668
0.000216553
0.000218386
0.000220139
0.000221821
0.000223435
0.000224956
0.000226383
0.000227729
0.000228955
0.000230105
0.000231135
0.000232093
0.000232943
0.000233739
0.000234439
0.000235095
0.000235684
0.000236221
0.00023672
0.000237153
0.000237554
0.00023788
0.000238142
0.000238311
0.000238366
0.000238276
0.000238011
0.000237507
0.000236756
0.000235658
0.000234195
0.000232309
0.000229926
0.000227023
0.000223554
0.000219472
0.00021477
0.000209439
0.000203464
0.00019687
0.000189676
0.000181911
0.000173623
0.00016486
0.000155657
0.000146103
0.000136286
0.000126181
0.000115924
0.000105606
9.5216e-05
8.49966e-05
7.48766e-05
6.50322e-05
5.55496e-05
4.64951e-05
3.79846e-05
3.00982e-05
2.28385e-05
1.64622e-05
1.06863e-05
5.93597e-06
2.00677e-06
-1.09864e-06
-3.0837e-06
-4.43829e-06
-4.59213e-06
-4.21995e-06
-2.85699e-06
-1.13197e-06
1.26674e-06
3.84299e-06
6.90147e-06
9.47835e-06
1.35039e-05
1.62588e-05
1.88101e-05
2.12606e-05
2.3575e-05
2.53855e-05
2.69626e-05
2.77859e-05
2.82669e-05
2.85725e-05
2.85764e-05
2.82852e-05
2.77658e-05
2.70651e-05
2.62145e-05
2.52423e-05
2.41749e-05
2.30348e-05
2.18405e-05
2.06074e-05
1.93488e-05
1.80765e-05
1.68009e-05
1.55312e-05
1.42761e-05
1.30444e-05
1.18444e-05
1.06844e-05
9.57152e-06
8.51173e-06
7.50882e-06
6.56414e-06
5.67616e-06
4.84018e-06
4.04835e-06
3.28985e-06
2.55113e-06
1.81558e-06
1.06207e-06
3.13787e-07
0.000457031
0.000456274
0.00045371
0.000450304
0.000446809
0.000443351
0.000439993
0.000436784
0.000433722
0.000430965
0.000428421
0.000425949
0.000423663
0.00042155
0.000419549
0.000417659
0.000415881
0.000414198
0.000412603
0.000411093
0.000409668
0.000408324
0.000407062
0.000405883
0.000404792
0.000403789
0.000402879
0.000402064
0.000401347
0.000400728
0.000400203
0.000399762
0.000399403
0.000398962
0.000398672
0.000398384
0.000397313
0.000395311
0.000392358
0.00038823
0.000382873
0.000375971
0.000367996
0.000359283
0.000349841
0.000339815
0.000329355
0.000318554
0.000307611
0.000296652
0.000285919
0.000275408
0.000265163
0.000255388
0.000246033
0.00023721
0.000228928
0.000221158
0.00021408
0.000207449
0.000201623
0.00019641
0.000191879
0.000188191
0.000185193
0.000183092
0.000181599
0.000180935
0.000180845
0.000181346
0.000182376
0.000183722
0.000185471
0.000187429
0.00018955
0.000191821
0.000194144
0.000196487
0.000198838
0.000201161
0.000203429
0.000205647
0.0002078
0.000209887
0.000211918
0.000213882
0.000215786
0.000217651
0.000219443
0.000221175
0.000222852
0.000224443
0.000225943
0.000227369
0.000228667
0.00022989
0.000230977
0.000231988
0.00023287
0.000233691
0.000234394
0.000235044
0.000235609
0.000236107
0.000236556
0.00023692
0.000237237
0.000237461
0.0002376
0.000237627
0.000237512
0.000237226
0.000236735
0.000235975
0.00023494
0.000233528
0.000231727
0.000229485
0.000226738
0.00022347
0.000219651
0.000215244
0.000210258
0.000204697
0.000198559
0.00019188
0.000184687
0.000177017
0.000168919
0.000160442
0.000151623
0.000142541
0.000133314
0.000123837
0.000114322
0.00010481
9.53069e-05
8.59866e-05
7.68212e-05
6.79283e-05
5.93794e-05
5.12116e-05
4.35066e-05
3.63193e-05
2.95926e-05
2.35577e-05
1.80118e-05
1.32012e-05
9.03739e-06
5.52737e-06
2.92886e-06
8.89288e-07
-8.7162e-08
-5.19935e-07
1.70602e-08
9.94939e-07
2.72499e-06
4.74139e-06
7.44011e-06
9.67576e-06
1.35623e-05
1.61564e-05
1.85289e-05
2.08444e-05
2.30606e-05
2.47227e-05
2.61489e-05
2.68145e-05
2.71918e-05
2.74544e-05
2.74396e-05
2.71419e-05
2.66328e-05
2.59602e-05
2.51516e-05
2.42316e-05
2.32247e-05
2.21516e-05
2.10286e-05
1.9869e-05
1.86848e-05
1.74869e-05
1.62845e-05
1.50855e-05
1.38974e-05
1.27278e-05
1.15846e-05
1.04756e-05
9.40767e-06
8.38667e-06
7.4164e-06
6.49843e-06
5.63155e-06
4.81151e-06
4.03095e-06
3.27952e-06
2.54422e-06
1.80895e-06
1.05632e-06
2.97173e-07
0.000454016
0.000453527
0.000451746
0.000449169
0.000446302
0.000443317
0.000440286
0.000437287
0.000434379
0.000431628
0.000429011
0.000426497
0.00042417
0.000421988
0.000419881
0.000417895
0.000416032
0.000414268
0.000412592
0.000410999
0.000409494
0.000408066
0.000406715
0.000405444
0.000404253
0.000403142
0.000402113
0.000401166
0.000400302
0.000399518
0.000398807
0.000398155
0.000397556
0.000396868
0.000396276
0.000395619
0.000394184
0.000391816
0.000388498
0.000384062
0.000378499
0.000371588
0.000363776
0.000355353
0.000346364
0.000336948
0.000327241
0.000317325
0.000307399
0.000297549
0.000287933
0.000278571
0.000269496
0.000260821
0.000252515
0.00024462
0.000237132
0.000230025
0.000223388
0.000217085
0.000211351
0.000206057
0.0002012
0.000197026
0.00019346
0.000190604
0.000188308
0.000186768
0.000185814
0.000185464
0.000185689
0.000186307
0.000187393
0.000188778
0.000190409
0.000192269
0.000194254
0.000196326
0.000198465
0.000200626
0.000202773
0.000204906
0.000207002
0.000209053
0.000211065
0.000213026
0.000214936
0.000216822
0.000218645
0.000220417
0.000222149
0.000223801
0.000225367
0.00022687
0.000228236
0.000229531
0.000230673
0.000231734
0.000232642
0.000233482
0.000234176
0.000234804
0.000235324
0.000235758
0.000236126
0.000236386
0.000236582
0.000236661
0.000236634
0.000236471
0.00023614
0.000235612
0.000234853
0.000233798
0.000232447
0.0002307
0.000228552
0.00022596
0.000222871
0.000219279
0.000215166
0.000210509
0.000205331
0.000199647
0.000193467
0.000186833
0.000179778
0.000172342
0.000164573
0.000156517
0.000148213
0.000139733
0.000131128
0.000122395
0.000113707
0.000105045
9.64392e-05
8.80192e-05
7.97818e-05
7.17982e-05
6.41213e-05
5.6769e-05
4.97895e-05
4.32015e-05
3.6976e-05
3.12612e-05
2.59291e-05
2.10661e-05
1.66877e-05
1.28192e-05
9.64199e-06
6.94412e-06
5.14298e-06
3.88546e-06
3.51872e-06
3.65537e-06
4.59051e-06
5.92476e-06
8.12416e-06
9.95284e-06
1.35255e-05
1.59108e-05
1.80651e-05
2.01923e-05
2.22548e-05
2.37318e-05
2.49645e-05
2.54636e-05
2.57319e-05
2.59405e-05
2.59035e-05
2.56042e-05
2.51159e-05
2.4486e-05
2.37361e-05
2.28865e-05
2.19599e-05
2.09753e-05
1.99457e-05
1.88822e-05
1.77956e-05
1.66961e-05
1.55916e-05
1.44883e-05
1.33917e-05
1.23079e-05
1.12438e-05
1.02066e-05
9.20235e-06
8.23629e-06
7.31188e-06
6.43057e-06
5.5914e-06
4.7907e-06
4.02205e-06
3.27623e-06
2.5418e-06
1.80403e-06
1.05206e-06
2.7034e-07
0.000452012
0.000451653
0.000450306
0.000448247
0.000445816
0.000443173
0.000440402
0.000437586
0.000434794
0.000432078
0.000429458
0.000426943
0.000424556
0.000422289
0.000420122
0.000418068
0.000416124
0.000414276
0.000412516
0.000410839
0.000409242
0.00040772
0.00040627
0.000404892
0.000403583
0.000402342
0.00040117
0.000400065
0.000399024
0.000398042
0.000397112
0.000396215
0.000395341
0.000394379
0.000393457
0.000392412
0.000390626
0.000387942
0.000384334
0.000379686
0.000374021
0.000367203
0.000359637
0.000351577
0.000343102
0.000334348
0.000325428
0.000316424
0.000307501
0.000298726
0.00029019
0.000281926
0.000273951
0.000266305
0.000258975
0.00025195
0.000245225
0.000238769
0.00023261
0.000226671
0.000221169
0.000215951
0.000210893
0.000206406
0.000202462
0.000199017
0.000196051
0.000193734
0.00019197
0.000190781
0.000190176
0.000190005
0.000190335
0.000191036
0.000192057
0.000193376
0.000194897
0.000196581
0.000198395
0.000200293
0.000202233
0.000204207
0.000206184
0.000208148
0.000210102
0.000212025
0.000213916
0.000215801
0.000217634
0.00021943
0.000221196
0.000222895
0.000224511
0.000226076
0.000227498
0.000228854
0.000230042
0.000231144
0.00023207
0.000232916
0.000233588
0.000234177
0.000234629
0.000234975
0.000235231
0.000235352
0.000235388
0.000235283
0.000235046
0.000234652
0.000234065
0.00023326
0.000232201
0.000230832
0.000229152
0.000227072
0.000224594
0.000221686
0.000218305
0.000214458
0.000210136
0.000205331
0.000200075
0.000194393
0.000188302
0.000181846
0.000175061
0.000167986
0.000160663
0.000153135
0.000145439
0.000137634
0.000129705
0.000121789
0.000113917
0.000106092
9.83567e-05
9.07971e-05
8.34223e-05
7.62713e-05
6.93783e-05
6.27509e-05
5.64081e-05
5.03514e-05
4.45518e-05
3.91317e-05
3.40125e-05
2.91088e-05
2.45528e-05
2.03929e-05
1.67001e-05
1.3407e-05
1.08438e-05
8.80633e-06
7.52046e-06
6.77452e-06
6.83863e-06
7.40103e-06
8.96236e-06
1.03077e-05
1.33733e-05
1.54775e-05
1.73652e-05
1.92423e-05
2.10818e-05
2.2337e-05
2.33404e-05
2.36795e-05
2.38453e-05
2.39935e-05
2.39354e-05
2.36459e-05
2.31949e-05
2.26272e-05
2.19574e-05
2.12003e-05
2.03778e-05
1.95064e-05
1.85949e-05
1.76521e-05
1.66882e-05
1.57131e-05
1.47332e-05
1.37512e-05
1.27702e-05
1.17951e-05
1.08317e-05
9.88586e-06
8.96277e-06
8.06662e-06
7.20021e-06
6.36469e-06
5.55931e-06
4.78119e-06
4.02527e-06
3.28395e-06
2.54822e-06
1.80545e-06
1.05371e-06
2.36447e-07
0.000450763
0.000450468
0.000449354
0.000447597
0.000445441
0.000443021
0.000440426
0.000437737
0.000435026
0.000432349
0.000429738
0.000427212
0.000424787
0.000422469
0.000420253
0.000418139
0.000416125
0.000414203
0.000412365
0.000410607
0.000408917
0.000407298
0.000405744
0.00040425
0.000402813
0.00040143
0.000400099
0.000398816
0.000397578
0.000396379
0.000395206
0.000394039
0.000392866
0.000391608
0.000390341
0.0003889
0.000386782
0.000383827
0.000379998
0.000375218
0.000369535
0.000362887
0.000355629
0.000347985
0.000340067
0.000332002
0.000323884
0.000315789
0.000307838
0.000300085
0.000292579
0.000285338
0.000278368
0.000271662
0.000265215
0.000258986
0.000252965
0.000247126
0.000241451
0.000235945
0.000230665
0.000225598
0.00022056
0.000215875
0.000211667
0.000207816
0.000204367
0.000201446
0.00019899
0.000197045
0.000195661
0.000194716
0.000194259
0.000194222
0.000194557
0.000195236
0.000196182
0.000197362
0.00019874
0.000200255
0.000201877
0.000203595
0.000205366
0.000207165
0.00020899
0.000210818
0.000212639
0.000214479
0.000216283
0.000218069
0.000219837
0.000221551
0.000223189
0.000224788
0.000226243
0.000227637
0.000228852
0.000229974
0.000230903
0.00023174
0.000232373
0.000232904
0.00023327
0.000233503
0.00023362
0.000233576
0.000233421
0.000233102
0.000232626
0.000231975
0.000231109
0.000230011
0.000228647
0.000226969
0.000224977
0.000222598
0.00021984
0.000216682
0.000213093
0.000209085
0.000204663
0.00019983
0.000194628
0.000189081
0.000183212
0.000177061
0.000170662
0.000164051
0.000157264
0.000150335
0.000143295
0.000136183
0.000129018
0.000121877
0.000114786
0.000107759
0.000100834
9.40634e-05
8.74609e-05
8.10469e-05
7.48375e-05
6.88373e-05
6.30421e-05
5.74494e-05
5.2044e-05
4.68586e-05
4.18563e-05
3.69626e-05
3.23336e-05
2.79427e-05
2.37956e-05
1.9977e-05
1.67638e-05
1.4031e-05
1.18518e-05
1.0222e-05
9.38593e-06
9.12121e-06
9.93233e-06
1.07027e-05
1.30931e-05
1.48265e-05
1.6387e-05
1.79483e-05
1.94907e-05
2.04929e-05
2.12464e-05
2.14459e-05
2.15251e-05
2.16123e-05
2.1541e-05
2.1283e-05
2.08957e-05
2.04153e-05
1.98477e-05
1.92063e-05
1.85152e-05
1.77839e-05
1.70132e-05
1.62123e-05
1.53929e-05
1.4568e-05
1.37404e-05
1.29047e-05
1.20608e-05
1.12134e-05
1.03677e-05
9.5288e-06
8.70054e-06
7.88582e-06
7.08657e-06
6.3036e-06
5.53652e-06
4.78354e-06
4.04154e-06
3.30439e-06
2.56559e-06
1.81583e-06
1.06348e-06
2.01687e-07
0.000450141
0.000449873
0.000448864
0.000447249
0.000445226
0.000442918
0.000440411
0.000437786
0.000435117
0.000432459
0.000429849
0.000427311
0.000424861
0.000422508
0.000420252
0.00041809
0.00041602
0.000414035
0.00041213
0.000410295
0.000408523
0.000406811
0.000405153
0.000403542
0.000401973
0.000400443
0.000398945
0.000397476
0.000396027
0.000394603
0.000393181
0.000391725
0.000390238
0.000388672
0.000387051
0.00038522
0.000382788
0.000379598
0.000375602
0.000370752
0.000365115
0.000358691
0.000351782
0.000344592
0.000337259
0.000329897
0.000322578
0.000315371
0.000308351
0.000301558
0.000295011
0.000288705
0.000282638
0.000276774
0.00027111
0.00026559
0.000260201
0.000254925
0.000249709
0.000244609
0.000239561
0.000234667
0.000229812
0.000225156
0.000220771
0.000216611
0.000212842
0.000209496
0.000206483
0.000203906
0.00020186
0.00020021
0.000198998
0.000198227
0.000197858
0.000197845
0.00019814
0.000198724
0.000199579
0.000200604
0.000201785
0.000203135
0.0002046
0.000206135
0.000207732
0.000209376
0.000211049
0.000212769
0.000214482
0.000216201
0.000217916
0.000219596
0.000221208
0.000222794
0.000224242
0.000225634
0.000226845
0.000227963
0.000228868
0.000229669
0.000230247
0.000230701
0.000230964
0.000231071
0.000231032
0.000230811
0.000230451
0.000229909
0.00022919
0.000228281
0.000227144
0.000225769
0.000224123
0.000222171
0.000219916
0.000217304
0.000214351
0.000211045
0.00020736
0.000203307
0.000198907
0.000194181
0.000189168
0.000183887
0.000178359
0.00017262
0.0001667
0.000160626
0.000154429
0.000148134
0.000141766
0.000135354
0.000128924
0.000122517
0.000116156
0.000109862
0.000103666
9.75942e-05
9.16631e-05
8.58839e-05
8.0256e-05
7.47865e-05
6.94513e-05
6.42507e-05
5.91631e-05
5.41789e-05
4.92946e-05
4.44552e-05
3.9742e-05
3.51818e-05
3.07275e-05
2.64609e-05
2.26447e-05
1.92561e-05
1.62703e-05
1.38194e-05
1.21056e-05
1.09841e-05
1.09575e-05
1.10909e-05
1.26576e-05
1.39231e-05
1.50952e-05
1.62804e-05
1.74606e-05
1.81948e-05
1.87045e-05
1.87987e-05
1.88173e-05
1.88526e-05
1.87728e-05
1.85616e-05
1.82801e-05
1.79296e-05
1.74853e-05
1.69783e-05
1.64542e-05
1.58984e-05
1.52876e-05
1.46387e-05
1.39688e-05
1.33057e-05
1.26527e-05
1.19858e-05
1.12985e-05
1.05929e-05
9.87584e-06
9.15381e-06
8.42895e-06
7.70244e-06
6.9753e-06
6.24812e-06
5.52108e-06
4.79378e-06
4.06674e-06
3.33546e-06
2.59381e-06
1.83605e-06
1.07946e-06
1.72531e-07
0.000450089
0.000449823
0.00044882
0.000447213
0.000445197
0.000442893
0.000440387
0.000437761
0.000435088
0.000432421
0.0004298
0.000427247
0.000424777
0.000422398
0.000420113
0.000417915
0.000415803
0.000413769
0.000411807
0.000409907
0.000408062
0.000406264
0.000404508
0.000402785
0.000401089
0.000399414
0.000397752
0.000396094
0.000394426
0.00039278
0.000391121
0.000389371
0.000387558
0.000385676
0.000383702
0.000381493
0.000378762
0.000375362
0.000371235
0.000366362
0.000360814
0.000354647
0.000348111
0.000341398
0.000334667
0.000328011
0.000321477
0.000315127
0.000308987
0.000303087
0.000297413
0.000291947
0.000286678
0.000281551
0.000276569
0.000271667
0.000266831
0.000262054
0.000257259
0.00025254
0.00024777
0.000243088
0.000238411
0.000233813
0.000229396
0.000225163
0.0002212
0.000217507
0.000214042
0.000210996
0.000208434
0.000206186
0.000204291
0.000202837
0.000201806
0.000201105
0.000200717
0.000200641
0.00020087
0.000201385
0.000202019
0.000202885
0.000203944
0.000205117
0.00020638
0.000207729
0.000209149
0.000210649
0.00021218
0.00021375
0.000215335
0.000216906
0.000218424
0.000219928
0.00022131
0.000222642
0.000223803
0.000224866
0.000225721
0.000226457
0.000226961
0.000227322
0.000227473
0.00022745
0.000227257
0.000226866
0.000226311
0.000225563
0.000224623
0.000223489
0.000222128
0.000220531
0.000218663
0.000216506
0.000214064
0.00021131
0.000208264
0.000204928
0.000201282
0.000197322
0.000193077
0.000188596
0.000183901
0.000178995
0.000173902
0.000168651
0.000163267
0.000157769
0.000152179
0.000146518
0.000140804
0.00013506
0.000129304
0.00012357
0.000117867
0.000112224
0.000106662
0.000101193
9.58311e-05
9.05866e-05
8.54424e-05
8.04133e-05
7.54565e-05
7.05797e-05
6.57499e-05
6.09457e-05
5.61761e-05
5.13846e-05
4.66019e-05
4.18865e-05
3.72073e-05
3.26794e-05
2.83647e-05
2.43412e-05
2.06019e-05
1.74086e-05
1.4858e-05
1.28662e-05
1.18988e-05
1.14909e-05
1.20879e-05
1.27617e-05
1.34785e-05
1.42424e-05
1.50117e-05
1.54695e-05
1.57713e-05
1.58203e-05
1.5836e-05
1.58716e-05
1.57742e-05
1.55605e-05
1.54127e-05
1.52664e-05
1.49752e-05
1.46119e-05
1.42634e-05
1.38959e-05
1.34729e-05
1.30159e-05
1.25433e-05
1.20636e-05
1.15748e-05
1.10683e-05
1.05373e-05
9.97346e-06
9.38303e-06
8.77676e-06
8.15607e-06
7.51957e-06
6.8662e-06
6.19604e-06
5.50968e-06
4.80737e-06
4.08931e-06
3.36032e-06
2.62094e-06
1.86151e-06
1.09419e-06
1.47808e-07
0.000450609
0.00045032
0.000449227
0.000447495
0.000445359
0.000442951
0.000440359
0.000437665
0.000434941
0.000432238
0.00042959
0.000427018
0.000424531
0.000422137
0.000419835
0.000417614
0.000415474
0.000413407
0.000411402
0.000409451
0.000407543
0.000405671
0.000403827
0.000402003
0.000400189
0.000398378
0.000396562
0.00039473
0.000392873
0.000390987
0.000389048
0.000387027
0.000384925
0.00038273
0.000380401
0.000377824
0.000374803
0.000371206
0.000366969
0.000362099
0.000356665
0.000350771
0.000344625
0.000338402
0.000332277
0.000326321
0.000320551
0.000315018
0.000309697
0.000304612
0.000299721
0.000294993
0.000290415
0.000285921
0.000281517
0.000277142
0.000272777
0.000268433
0.000264012
0.000259638
0.000255148
0.000250699
0.000246215
0.000241752
0.000237387
0.000233123
0.000229024
0.000225113
0.000221438
0.00021808
0.000215047
0.000212298
0.00020981
0.000207782
0.000206173
0.000204838
0.000203789
0.000203038
0.000202623
0.000202569
0.000202651
0.000202936
0.000203468
0.000204188
0.00020502
0.000205971
0.000207025
0.000208179
0.000209417
0.000210743
0.000212106
0.000213474
0.000214808
0.000216137
0.000217377
0.000218575
0.000219625
0.00022058
0.000221343
0.000221978
0.00022239
0.000222647
0.000222689
0.000222548
0.000222221
0.00022169
0.000220977
0.000220062
0.000218947
0.00021764
0.00021612
0.000214386
0.000212405
0.000210168
0.00020769
0.000204962
0.000201975
0.000198712
0.000195183
0.000191418
0.00018745
0.00018332
0.000179033
0.000174576
0.000169972
0.000165246
0.000160415
0.000155493
0.000150493
0.000145431
0.000140322
0.000135184
0.000130026
0.000124886
0.000119756
0.000114673
0.000109647
0.000104685
9.9796e-05
9.49929e-05
9.02431e-05
8.55732e-05
8.09225e-05
7.63109e-05
7.16914e-05
6.70457e-05
6.23798e-05
5.76413e-05
5.2837e-05
4.80429e-05
4.31778e-05
3.83971e-05
3.36299e-05
2.9113e-05
2.48085e-05
2.09304e-05
1.74916e-05
1.46354e-05
1.27026e-05
1.16967e-05
1.13389e-05
1.13475e-05
1.1564e-05
1.19033e-05
1.22273e-05
1.23586e-05
1.24862e-05
1.25743e-05
1.26027e-05
1.26317e-05
1.26435e-05
1.26116e-05
1.25935e-05
1.25684e-05
1.24299e-05
1.22386e-05
1.21056e-05
1.19487e-05
1.1715e-05
1.14467e-05
1.11623e-05
1.08598e-05
1.05346e-05
1.01819e-05
9.79677e-06
9.37516e-06
8.9209e-06
8.43088e-06
7.90855e-06
7.35477e-06
6.76798e-06
6.14891e-06
5.4997e-06
4.82264e-06
4.12071e-06
3.39842e-06
2.6598e-06
1.90067e-06
1.15138e-06
1.68752e-07
0.000451756
0.00045141
0.000450106
0.000448095
0.000445699
0.000443074
0.000440306
0.000437477
0.00043466
0.000431897
0.000429215
0.000426622
0.000424122
0.000421731
0.000419429
0.000417196
0.000415043
0.00041296
0.000410931
0.000408943
0.000406987
0.000405056
0.000403138
0.000401226
0.000399308
0.000397376
0.000395418
0.000393424
0.000391381
0.000389277
0.000387094
0.000384818
0.000382429
0.000379924
0.000377245
0.000374311
0.000371003
0.000367204
0.000362861
0.000358001
0.000352686
0.000347057
0.000341303
0.000335604
0.000330081
0.000324812
0.000319774
0.000315008
0.000310437
0.000306081
0.000301872
0.000297777
0.000293779
0.000289812
0.000285888
0.000281949
0.000277982
0.000273999
0.000269902
0.000265834
0.000261606
0.00025739
0.000253105
0.000248805
0.000244536
0.000240308
0.000236184
0.000232186
0.000228359
0.000224742
0.00022135
0.000218234
0.000215382
0.000212877
0.000210688
0.000208794
0.000207133
0.000205723
0.000204736
0.00020408
0.000203641
0.000203359
0.000203292
0.000203418
0.00020373
0.000204213
0.000204809
0.000205498
0.000206342
0.000207335
0.000208393
0.000209468
0.000210519
0.000211567
0.00021257
0.000213545
0.000214415
0.000215197
0.000215823
0.000216321
0.000216625
0.000216771
0.000216717
0.000216482
0.000216062
0.000215452
0.00021467
0.000213704
0.000212541
0.000211169
0.000209541
0.000207676
0.000205623
0.000203424
0.000201065
0.000198486
0.000195635
0.000192538
0.000189278
0.000185891
0.00018235
0.000178636
0.000174761
0.000170758
0.00016665
0.000162445
0.000158147
0.000153764
0.000149304
0.00014478
0.000140204
0.000135592
0.000130946
0.000126312
0.000121663
0.000117048
0.000112464
0.000107919
0.000103413
9.89671e-05
9.45327e-05
9.01517e-05
8.57446e-05
8.13489e-05
7.69001e-05
7.23934e-05
6.78205e-05
6.31436e-05
5.83411e-05
5.35064e-05
4.85046e-05
4.35393e-05
3.84584e-05
3.35391e-05
2.86667e-05
2.40867e-05
1.99019e-05
1.63248e-05
1.34272e-05
1.15378e-05
1.02444e-05
9.61862e-06
9.35489e-06
9.23385e-06
9.15842e-06
9.12702e-06
9.13169e-06
9.2104e-06
9.2923e-06
9.41177e-06
9.58365e-06
9.72643e-06
9.86032e-06
9.98239e-06
1.00549e-05
1.00929e-05
1.0132e-05
1.0141e-05
1.00975e-05
1.00181e-05
9.91124e-06
9.77408e-06
9.60249e-06
9.39276e-06
9.14054e-06
8.84493e-06
8.51078e-06
8.11854e-06
7.67884e-06
7.19557e-06
6.66621e-06
6.09171e-06
5.47554e-06
4.8219e-06
4.1358e-06
3.42308e-06
2.69092e-06
1.9396e-06
1.20365e-06
2.03128e-07
0.000453658
0.000453197
0.000451497
0.000448998
0.000446178
0.000443215
0.00044018
0.000437158
0.00043421
0.000431371
0.000428668
0.000426069
0.000423552
0.000421191
0.000418925
0.00041669
0.000414539
0.000412459
0.000410422
0.000408415
0.000406429
0.000404454
0.00040248
0.000400496
0.000398493
0.000396457
0.000394378
0.000392241
0.000390033
0.000387738
0.000385339
0.000382818
0.000380155
0.000377356
0.00037434
0.000371057
0.000367451
0.000363429
0.000358963
0.000354106
0.000348908
0.000343549
0.000338146
0.000332959
0.000328072
0.000323475
0.000319128
0.000315065
0.000311163
0.000307438
0.000303803
0.000300231
0.000296703
0.000293162
0.00028962
0.000286034
0.000282386
0.000278706
0.000274885
0.000271079
0.000267091
0.000263097
0.000259005
0.000254879
0.000250734
0.000246593
0.000242502
0.000238484
0.000234571
0.00023081
0.000227205
0.000223834
0.000220658
0.00021774
0.000215081
0.000212674
0.000210535
0.000208678
0.00020713
0.000205824
0.000204781
0.000203967
0.000203344
0.00020285
0.000202556
0.000202485
0.000202608
0.000202898
0.000203325
0.000203829
0.000204418
0.000205075
0.000205768
0.000206477
0.000207181
0.000207865
0.000208492
0.000209048
0.0002095
0.000209833
0.000210019
0.000210055
0.000209924
0.000209626
0.000209158
0.000208518
0.000207714
0.000206737
0.000205581
0.000204225
0.000202645
0.000200852
0.000198911
0.000196864
0.000194694
0.000192327
0.000189718
0.000186909
0.00018398
0.000180946
0.000177788
0.000174504
0.000171095
0.000167576
0.000163956
0.000160234
0.000156416
0.000152506
0.000148512
0.000144445
0.000140316
0.000136142
0.000131917
0.000127697
0.000123439
0.000119203
0.000114971
0.000110762
0.000106558
0.000102396
9.82091e-05
9.40568e-05
8.98411e-05
8.56205e-05
8.13098e-05
7.69255e-05
7.24369e-05
6.78296e-05
6.30468e-05
5.8205e-05
5.31207e-05
4.80327e-05
4.27191e-05
3.74722e-05
3.21341e-05
2.69917e-05
2.20991e-05
1.76916e-05
1.37473e-05
1.10816e-05
9.04474e-06
7.74e-06
6.88545e-06
6.3311e-06
5.92286e-06
5.78112e-06
5.75523e-06
5.90841e-06
6.14638e-06
6.42025e-06
6.74361e-06
7.07618e-06
7.40236e-06
7.71159e-06
7.98627e-06
8.22421e-06
8.434e-06
8.60751e-06
8.73518e-06
8.81992e-06
8.86485e-06
8.86818e-06
8.8265e-06
8.73619e-06
8.59258e-06
8.40586e-06
8.1552e-06
7.84034e-06
7.46843e-06
7.04092e-06
6.55679e-06
6.01831e-06
5.42984e-06
4.79731e-06
4.12767e-06
3.42857e-06
2.70925e-06
1.97311e-06
1.25403e-06
2.54506e-07
0.000456569
0.000455872
0.000453453
0.000450162
0.000446725
0.00044329
0.000439893
0.000436652
0.000433563
0.00043062
0.000427942
0.000425406
0.000422902
0.000420552
0.000418318
0.000416141
0.000414024
0.00041196
0.000409929
0.000407918
0.000405917
0.000403916
0.000401902
0.000399867
0.000397797
0.000395681
0.000393504
0.000391252
0.000388907
0.000386452
0.000383866
0.000381129
0.000378215
0.00037514
0.0003718
0.000368175
0.000364249
0.000359963
0.000355339
0.000350459
0.000345356
0.000340242
0.000335189
0.000330514
0.000326257
0.000322307
0.000318597
0.000315159
0.000311828
0.000308624
0.000305449
0.00030229
0.000299125
0.000295915
0.000292669
0.000289358
0.000285964
0.000282527
0.000278936
0.000275352
0.000271575
0.000267784
0.000263874
0.000259921
0.000255914
0.000251887
0.000247864
0.000243876
0.000239939
0.000236111
0.000232377
0.000228825
0.00022541
0.000222201
0.000219206
0.000216421
0.00021388
0.000211566
0.000209498
0.000207659
0.000206057
0.000204667
0.000203487
0.000202508
0.000201739
0.000201174
0.000200781
0.000200526
0.000200412
0.000200412
0.000200537
0.00020075
0.000201035
0.000201344
0.000201695
0.000202036
0.000202376
0.000202661
0.000202898
0.000203041
0.000203101
0.000203035
0.000202856
0.00020254
0.000202088
0.000201489
0.000200746
0.000199831
0.000198744
0.000197472
0.000196043
0.000194446
0.000192717
0.00019086
0.000188873
0.000186738
0.000184447
0.000182015
0.000179475
0.000176829
0.000174064
0.00017119
0.000168197
0.000165093
0.000161882
0.000158561
0.000155136
0.000151611
0.000147991
0.000144291
0.000140516
0.00013669
0.000132796
0.000128902
0.000124949
0.000121011
0.000117051
0.000113103
0.000109131
0.00010519
0.000101191
9.72177e-05
9.31502e-05
8.90718e-05
8.48729e-05
8.05985e-05
7.61873e-05
7.16577e-05
6.69118e-05
6.20947e-05
5.69765e-05
5.18219e-05
4.6349e-05
4.08628e-05
3.51521e-05
2.95191e-05
2.396e-05
1.87814e-05
1.38433e-05
1.03957e-05
7.5521e-06
5.56921e-06
4.19516e-06
3.29376e-06
2.6444e-06
2.48934e-06
2.55604e-06
2.87719e-06
3.31621e-06
3.78832e-06
4.30751e-06
4.84702e-06
5.37327e-06
5.86896e-06
6.32341e-06
6.73218e-06
7.09688e-06
7.41419e-06
7.67987e-06
7.89409e-06
8.05783e-06
8.16956e-06
8.22667e-06
8.22702e-06
8.16791e-06
8.04916e-06
7.85399e-06
7.59759e-06
7.27597e-06
6.88762e-06
6.43572e-06
5.92404e-06
5.35791e-06
4.7446e-06
4.09268e-06
3.41133e-06
2.71101e-06
1.99776e-06
1.30207e-06
3.19048e-07
0.000460949
0.000459761
0.000456039
0.000451483
0.00044721
0.000443179
0.000439279
0.00043586
0.000432765
0.000429794
0.000427097
0.000424592
0.000422194
0.000419916
0.000417737
0.00041562
0.00041355
0.000411517
0.000409506
0.000407505
0.000405504
0.000403492
0.000401457
0.000399389
0.000397276
0.000395103
0.000392857
0.000390519
0.000388072
0.000385494
0.000382761
0.000379846
0.000376719
0.000373395
0.000369751
0.000365795
0.000361518
0.000356907
0.000352065
0.000347119
0.00034208
0.000337182
0.000332461
0.000328307
0.000324665
0.000321318
0.00031817
0.000315257
0.000312384
0.000309584
0.000306753
0.000303901
0.000301001
0.000298036
0.000295009
0.000291909
0.00028871
0.000285464
0.00028206
0.000278658
0.000275063
0.00027145
0.000267706
0.000263916
0.000260046
0.000256144
0.000252208
0.000248286
0.000244368
0.000240526
0.000236725
0.000233064
0.000229493
0.000226082
0.00022284
0.000219763
0.000216893
0.000214211
0.000211745
0.00020948
0.000207436
0.000205592
0.000203949
0.000202504
0.000201244
0.000200166
0.000199264
0.000198505
0.000197911
0.000197438
0.000197102
0.000196857
0.000196724
0.000196636
0.000196637
0.000196648
0.000196709
0.000196741
0.000196778
0.000196748
0.000196696
0.000196543
0.000196328
0.000196
0.000195573
0.000195021
0.000194352
0.000193536
0.000192596
0.000191494
0.000190275
0.000188903
0.000187418
0.000185806
0.000184075
0.000182222
0.000180246
0.000178148
0.000175944
0.000173632
0.000171201
0.000168662
0.000165999
0.00016322
0.000160324
0.000157309
0.000154182
0.000150947
0.000147609
0.000144183
0.000140673
0.000137106
0.000133459
0.00012981
0.000126082
0.000122367
0.000118608
0.000114857
0.000111056
0.000107281
0.000103423
9.95876e-05
9.56337e-05
9.16715e-05
8.75636e-05
8.33904e-05
7.90517e-05
7.46076e-05
6.99144e-05
6.51494e-05
6.00399e-05
5.48716e-05
4.93133e-05
4.36758e-05
3.76879e-05
3.16476e-05
2.54996e-05
1.95869e-05
1.36393e-05
9.38947e-06
5.80898e-06
3.21679e-06
1.41034e-06
2.62163e-07
-5.06737e-07
-5.52761e-07
-2.73761e-07
2.84206e-07
9.60742e-07
1.66292e-06
2.39752e-06
3.13856e-06
3.84645e-06
4.50504e-06
5.10838e-06
5.65352e-06
6.14178e-06
6.56913e-06
6.93553e-06
7.24205e-06
7.48909e-06
7.67467e-06
7.79801e-06
7.85717e-06
7.85172e-06
7.768e-06
7.61393e-06
7.3926e-06
7.099e-06
6.73394e-06
6.3024e-06
5.80897e-06
5.2601e-06
4.6641e-06
4.03066e-06
3.37016e-06
2.69384e-06
2.01053e-06
1.34674e-06
3.85786e-07
0.000467531
0.000465118
0.000459053
0.000452681
0.000447378
0.00044279
0.000438513
0.000434902
0.00043176
0.000428874
0.000426248
0.000423827
0.00042154
0.000419354
0.000417248
0.000415195
0.000413178
0.000411184
0.000409203
0.000407222
0.000405231
0.000403221
0.000401181
0.000399099
0.000396964
0.000394761
0.000392474
0.000390086
0.000387576
0.000384918
0.000382084
0.000379044
0.000375757
0.000372228
0.00036832
0.000364056
0.000359393
0.000354381
0.00034925
0.000344183
0.00033917
0.000334457
0.000330045
0.000326404
0.000323337
0.000320516
0.000317828
0.000315317
0.000312779
0.000310264
0.000307671
0.000305032
0.000302315
0.000299524
0.000296652
0.000293707
0.000290656
0.000287555
0.000284301
0.000281043
0.000277599
0.000274137
0.000270535
0.000266893
0.000263147
0.000259371
0.000255527
0.000251687
0.000247812
0.000243991
0.000240173
0.000236458
0.000232796
0.000229257
0.000225847
0.000222565
0.000219456
0.000216502
0.000213738
0.000211144
0.00020875
0.000206537
0.00020451
0.000202668
0.000201002
0.000199511
0.000198196
0.000197024
0.000196026
0.000195145
0.000194418
0.000193785
0.000193293
0.000192857
0.000192542
0.000192255
0.000192058
0.000191857
0.000191721
0.000191544
0.000191395
0.000191177
0.000190946
0.000190629
0.000190254
0.000189775
0.000189215
0.000188525
0.000187746
0.000186818
0.000185799
0.000184637
0.000183377
0.000181992
0.000180499
0.000178891
0.000177171
0.000175334
0.000173386
0.000171325
0.000169139
0.000166838
0.000164406
0.00016185
0.000159168
0.00015636
0.000153433
0.000150392
0.000147244
0.000144004
0.000140674
0.000137287
0.00013381
0.000130331
0.000126759
0.000123203
0.000119582
0.000115972
0.000112292
0.000108638
0.000104884
0.000101154
9.72873e-05
9.34218e-05
8.93896e-05
8.53111e-05
8.10415e-05
7.6689e-05
7.20611e-05
6.73701e-05
6.23055e-05
5.71708e-05
5.15965e-05
4.58937e-05
3.97338e-05
3.33923e-05
2.6752e-05
2.01464e-05
1.31857e-05
8.14988e-06
3.93473e-06
8.20139e-07
-1.31483e-06
-2.58702e-06
-3.3318e-06
-3.15528e-06
-2.57744e-06
-1.74737e-06
-8.23734e-07
1.07103e-07
1.04104e-06
1.95486e-06
2.80923e-06
3.59466e-06
4.30928e-06
4.95236e-06
5.52944e-06
6.0317e-06
6.46407e-06
6.83022e-06
7.12727e-06
7.35631e-06
7.51678e-06
7.60622e-06
7.62363e-06
7.56396e-06
7.42936e-06
7.22057e-06
6.93762e-06
6.58311e-06
6.16171e-06
5.67901e-06
5.14234e-06
4.56082e-06
3.94499e-06
3.30599e-06
2.65587e-06
2.00711e-06
1.3828e-06
4.42475e-07
0.000478251
0.000471596
0.000461511
0.000453617
0.000447232
0.000441975
0.000437533
0.000433853
0.000430745
0.000427996
0.000425504
0.000423199
0.00042102
0.000418927
0.000416895
0.000414904
0.000412938
0.000410985
0.000409035
0.000407079
0.000405107
0.000403111
0.000401079
0.000399002
0.000396866
0.000394659
0.000392363
0.00038996
0.000387427
0.000384738
0.000381861
0.00037876
0.000375385
0.000371722
0.000367624
0.000363111
0.000358047
0.000352556
0.000347057
0.000341807
0.000336771
0.000332185
0.000328029
0.000324851
0.000322274
0.000319868
0.000317518
0.000315281
0.000312963
0.000310632
0.000308189
0.00030569
0.000303091
0.00030042
0.000297654
0.000294821
0.000291879
0.000288886
0.000285749
0.000282603
0.000279282
0.000275944
0.000272459
0.000268943
0.000265304
0.000261642
0.000257884
0.000254128
0.000250308
0.000246527
0.00024272
0.000238989
0.000235285
0.000231673
0.00022816
0.000224748
0.000221482
0.000218342
0.000215372
0.000212546
0.000209903
0.000207423
0.000205117
0.000202987
0.000201026
0.000199233
0.000197613
0.000196134
0.000194834
0.000193649
0.000192634
0.000191714
0.000190954
0.000190261
0.000189713
0.00018921
0.000188828
0.000188467
0.000188199
0.000187918
0.0001877
0.000187442
0.000187205
0.000186903
0.000186578
0.000186163
0.000185697
0.000185112
0.000184462
0.000183673
0.000182808
0.000181805
0.000180714
0.000179495
0.000178173
0.000176733
0.000175182
0.00017351
0.00017172
0.00016981
0.000167766
0.000165601
0.000163296
0.000160863
0.000158297
0.000155601
0.000152785
0.000149851
0.000146809
0.000143676
0.000140449
0.000137169
0.000133793
0.000130418
0.000126942
0.000123489
0.000119954
0.000116441
0.000112842
0.000109276
0.000105596
0.00010195
9.81535e-05
9.43734e-05
9.04068e-05
8.64174e-05
8.22141e-05
7.79563e-05
7.34034e-05
6.88025e-05
6.38124e-05
5.87507e-05
5.32236e-05
4.75388e-05
4.13228e-05
3.48145e-05
2.78168e-05
2.05834e-05
1.26144e-05
6.81759e-06
2.07458e-06
-1.45977e-06
-3.81363e-06
-5.10133e-06
-5.70261e-06
-5.23738e-06
-4.32485e-06
-3.22337e-06
-2.07311e-06
-9.42349e-07
1.57025e-07
1.19843e-06
2.16467e-06
3.04392e-06
3.83729e-06
4.54834e-06
5.17884e-06
5.72963e-06
6.20436e-06
6.60269e-06
6.92708e-06
7.17761e-06
7.35367e-06
7.45401e-06
7.47782e-06
7.42341e-06
7.29095e-06
7.0819e-06
6.79855e-06
6.44441e-06
6.02452e-06
5.54538e-06
5.01515e-06
4.44358e-06
3.84171e-06
3.22077e-06
2.59422e-06
1.97973e-06
1.39568e-06
4.7861e-07
0.000502667
0.000480834
0.00046345
0.000453569
0.000446482
0.000440684
0.000436182
0.000432663
0.000429746
0.000427187
0.000424859
0.000422686
0.000420615
0.000418611
0.000416651
0.00041472
0.000412804
0.000410894
0.00040898
0.000407053
0.000405106
0.000403137
0.000401131
0.000399076
0.000396963
0.000394777
0.000392503
0.000390122
0.000387612
0.000384945
0.000382089
0.000379004
0.000375638
0.000371953
0.000367806
0.000363188
0.000357779
0.000351744
0.00034578
0.000340233
0.000335051
0.000330433
0.000326383
0.000323544
0.000321345
0.000319253
0.000317144
0.000315086
0.000312906
0.000310689
0.000308339
0.00030593
0.000303406
0.000300819
0.000298128
0.000295378
0.000292513
0.00028961
0.000286569
0.000283512
0.000280294
0.000277058
0.000273671
0.000270263
0.000266716
0.000263156
0.000259475
0.000255802
0.000252038
0.000248305
0.000244524
0.000240801
0.000237086
0.00023344
0.000229871
0.000226382
0.00022302
0.000219761
0.000216659
0.000213683
0.000210876
0.000208221
0.000205731
0.000203411
0.000201254
0.000199263
0.000197445
0.000195768
0.000194275
0.000192899
0.000191707
0.000190611
0.000189691
0.000188847
0.000188161
0.000187534
0.000187047
0.000186607
0.000186266
0.000185937
0.000185684
0.00018541
0.000185175
0.000184884
0.000184592
0.000184216
0.000183808
0.000183285
0.00018271
0.000182
0.000181223
0.000180306
0.000179305
0.000178171
0.000176936
0.000175573
0.000174098
0.000172495
0.000170766
0.000168911
0.000166915
0.000164793
0.000162524
0.000160123
0.000157587
0.000154919
0.00015213
0.000149225
0.000146213
0.000143115
0.000139923
0.000136686
0.000133353
0.00013003
0.000126602
0.000123211
0.000119725
0.00011628
0.000112736
0.00010924
0.00010562
0.000102049
9.83175e-05
9.46251e-05
9.07223e-05
8.6821e-05
8.26841e-05
7.85262e-05
7.40573e-05
6.95631e-05
6.4672e-05
5.97201e-05
5.42959e-05
4.87115e-05
4.2563e-05
3.60611e-05
2.89173e-05
2.11823e-05
1.21871e-05
5.61143e-06
3.85354e-07
-3.52431e-06
-6.0482e-06
-7.32393e-06
-7.73949e-06
-6.96197e-06
-5.69645e-06
-4.33227e-06
-2.96808e-06
-1.65291e-06
-4.09871e-07
7.36547e-07
1.78575e-06
2.73457e-06
3.58596e-06
4.34464e-06
5.01019e-06
5.59336e-06
6.0927e-06
6.51049e-06
6.8485e-06
7.10724e-06
7.28668e-06
7.38631e-06
7.40577e-06
7.34466e-06
7.20371e-06
6.98517e-06
6.69235e-06
6.32964e-06
5.90289e-06
5.41947e-06
4.88833e-06
4.31987e-06
3.72548e-06
3.11413e-06
2.50215e-06
1.91432e-06
1.36131e-06
4.79049e-07
0.000556284
0.000499536
0.000468076
0.000453914
0.000445162
0.000439022
0.000434724
0.000431501
0.000428843
0.000426494
0.000424331
0.000422286
0.000420316
0.000418392
0.000416498
0.000414621
0.000412752
0.000410882
0.000409006
0.000407118
0.000405211
0.000403271
0.000401293
0.000399271
0.000397192
0.000395044
0.000392811
0.000390475
0.000388016
0.000385406
0.000382615
0.000379604
0.00037632
0.000372708
0.000368641
0.000364092
0.000358512
0.000352047
0.000345535
0.000339583
0.000334112
0.000329288
0.00032515
0.000322483
0.000320522
0.000318649
0.000316705
0.000314764
0.000312666
0.000310522
0.000308226
0.000305879
0.000303405
0.00030088
0.000298243
0.000295559
0.000292758
0.000289936
0.000286972
0.000283993
0.000280857
0.000277712
0.000274406
0.000271096
0.000267626
0.000264162
0.000260552
0.000256961
0.000253255
0.000249582
0.000245842
0.000242147
0.000238446
0.000234799
0.000231212
0.00022769
0.000224282
0.000220958
0.000217783
0.000214717
0.000211812
0.00020905
0.000206446
0.000204006
0.000201728
0.000199612
0.000197671
0.000195873
0.000194264
0.000192774
0.000191481
0.000190289
0.000189284
0.00018837
0.000187621
0.000186952
0.000186418
0.000185932
0.000185565
0.000185222
0.00018496
0.000184683
0.000184449
0.000184165
0.000183889
0.000183523
0.000183134
0.000182624
0.000182068
0.000181373
0.000180613
0.000179708
0.000178722
0.000177594
0.000176367
0.000175004
0.000173525
0.000171912
0.000170165
0.000168286
0.000166259
0.000164102
0.000161795
0.000159357
0.000156784
0.000154081
0.000151263
0.000148333
0.000145306
0.000142199
0.000139005
0.000135778
0.00013246
0.000129164
0.000125763
0.000122418
0.000118968
0.000115581
0.000112084
0.000108653
0.000105089
0.000101586
9.79125e-05
9.42877e-05
9.04559e-05
8.66793e-05
8.26188e-05
7.85882e-05
7.4203e-05
6.98316e-05
6.50398e-05
6.02186e-05
5.49129e-05
4.94779e-05
4.34663e-05
3.70997e-05
3.00032e-05
2.20204e-05
1.21096e-05
4.83494e-06
-8.16856e-07
-5.06916e-06
-7.74826e-06
-9.03612e-06
-9.30684e-06
-8.24819e-06
-6.67354e-06
-5.07711e-06
-3.52964e-06
-2.0693e-06
-7.20746e-07
5.05495e-07
1.60957e-06
2.60318e-06
3.49266e-06
4.28201e-06
4.97209e-06
5.5706e-06
6.08202e-06
6.50806e-06
6.85013e-06
7.10906e-06
7.28505e-06
7.37801e-06
7.38798e-06
7.31524e-06
7.16128e-06
6.92889e-06
6.62193e-06
6.2455e-06
5.80609e-06
5.31167e-06
4.77149e-06
4.19581e-06
3.59595e-06
2.98824e-06
2.38572e-06
1.81627e-06
1.29005e-06
4.51104e-07
)
;

boundaryField
{
    inlet
    {
        type            zeroGradient;
    }
    outlet
    {
        type            fixedValue;
        value           uniform 0;
    }
    walls
    {
        type            zeroGradient;
    }
    frontAndBack
    {
        type            empty;
    }
}


// ************************************************************************* //
