/*--------------------------------*- C++ -*----------------------------------*\
| =========                 |                                                 |
| \\      /  F ield         | OpenFOAM: The Open Source CFD Toolbox           |
|  \\    /   O peration     | Version:  2506                                  |
|   \\  /    A nd           | Website:  www.openfoam.com                      |
|    \\/     M anipulation  |                                                 |
\*---------------------------------------------------------------------------*/
FoamFile
{
    version     2.0;
    format      ascii;
    arch        "LSB;label=32;scalar=64";
    class       volScalarField;
    location    "2.1";
    object      s;
}
// * * * * * * * * * * * * * * * * * * * * * * * * * * * * * * * * * * * * * //

dimensions      [0 0 0 0 0 0 0];

internalField   nonuniform List<scalar> 
4000
(
1.19749e-11
1.37507e-11
1.79863e-11
2.40306e-11
3.19937e-11
4.25069e-11
5.65372e-11
7.5437e-11
1.01102e-10
1.36169e-10
1.8424e-10
2.501e-10
3.39945e-10
4.61632e-10
6.25048e-10
8.42727e-10
1.13089e-09
1.51116e-09
2.01311e-09
2.67787e-09
3.56311e-09
4.74937e-09
6.34785e-09
8.50917e-09
1.14335e-08
1.53811e-08
2.06848e-08
2.7768e-08
3.71195e-08
4.94592e-08
6.52616e-08
8.82976e-08
1.23935e-07
1.78719e-07
2.62537e-07
3.89104e-07
5.65558e-07
8.33467e-07
1.27868e-06
1.98787e-06
3.16455e-06
5.14261e-06
8.57646e-06
1.46501e-05
2.5294e-05
4.35419e-05
7.28978e-05
0.000116692
0.000176689
0.000256159
0.000369432
0.000518665
0.000703143
0.000815445
0.000847113
0.000800312
0.00071786
0.000614591
0.000530891
0.000388299
0.000206899
7.36846e-05
1.35772e-05
2.22032e-06
5.19542e-07
1.14349e-07
1.29277e-08
-1.508e-08
-2.06831e-08
-1.6443e-08
-1.1235e-08
-7.14929e-09
-4.35728e-09
-2.57436e-09
-1.48232e-09
-8.33695e-10
-4.58394e-10
-2.46687e-10
-1.29888e-10
-6.69679e-11
-3.38974e-11
-1.70027e-11
-8.53074e-12
-4.44978e-12
-2.60191e-12
-2.08543e-12
-2.79455e-12
-7.05994e-12
-2.62178e-11
-1.14291e-10
-5.05133e-10
-2.35466e-09
-9.79711e-09
-3.81702e-08
-1.45149e-07
-3.96758e-07
-1.43401e-06
-4.73552e-06
-7.2424e-06
-3.80881e-05
-0.000175614
-0.000516066
-0.000247218
0.0105344
0.00744441
-0.041908
-0.21493
-0.552966
-1.00515
-1.44608
-1.91307
-2.17671
-2.38467
-2.47889
-2.65944
-2.8138
-2.71374
-2.27909
-1.46384
-0.624855
-0.154944
-0.0235042
-0.0045388
-0.00128654
-0.000115477
1.4003e-05
4.12435e-06
-1.71657e-07
-1.1739e-06
-1.06904e-06
-7.35899e-07
-4.50049e-07
-2.57458e-07
-1.40812e-07
-7.43266e-08
-3.80393e-08
-1.89507e-08
-9.18902e-09
-4.34651e-09
-1.9969e-09
-8.92741e-10
-3.92115e-10
-1.69742e-10
-7.17951e-11
-2.92893e-11
-7.05694e-12
1.13046e-11
7.84236e-11
1.24907e-09
1.07542e-08
4.41708e-08
2.34707e-07
9.64442e-07
2.62882e-06
1.94499e-06
-9.84909e-07
2.53787e-06
3.57246e-05
0.000170107
0.000178815
3.45212e-05
-0.00450628
0.0179483
0.0822569
0.212465
0.371461
0.568685
0.659521
0.631258
0.555703
0.463258
0.352281
0.194025
-0.0237004
-0.32478
-0.668406
-0.860703
-0.947742
-0.983577
-0.982707
-0.952726
-0.897762
-0.822221
-0.730745
-0.628175
-0.516353
-0.378333
-0.204697
-0.0183708
0.186846
0.427632
0.725276
1.1045
1.6003
2.20379
2.71941
3.17056
3.56715
4.08221
2.94955
2.51635e-15
3.3675e-15
7.83808e-15
1.55575e-14
2.9157e-14
5.29026e-14
9.33079e-14
1.60712e-13
2.71441e-13
4.50737e-13
7.37158e-13
1.18933e-12
1.8961e-12
2.99159e-12
4.67745e-12
7.25555e-12
1.11755e-11
1.71028e-11
2.60141e-11
3.93738e-11
5.95447e-11
9.04763e-11
1.38572e-10
2.13752e-10
3.30792e-10
5.10996e-10
7.84243e-10
1.19146e-09
1.78487e-09
2.64567e-09
3.7503e-09
4.09355e-09
3.33126e-09
2.16025e-09
1.18601e-09
5.68198e-10
2.45785e-10
1.04348e-10
6.03184e-11
6.16956e-11
8.98792e-11
1.4684e-10
2.49837e-10
4.34577e-10
7.61194e-10
1.32055e-09
2.21547e-09
3.5486e-09
5.40386e-09
7.98867e-09
1.18107e-08
1.70049e-08
2.32002e-08
2.82798e-08
3.28028e-08
3.63473e-08
4.41285e-08
1.02622e-07
2.74059e-06
0.000218174
0.000295768
0.000221059
0.000104754
3.45118e-05
7.4578e-06
3.98349e-07
-5.11648e-07
-5.60924e-07
-3.53954e-07
-2.0214e-07
-1.13067e-07
-6.31838e-08
-3.51887e-08
-1.9499e-08
-1.07311e-08
-5.85556e-09
-3.16524e-09
-1.69766e-09
-9.03951e-10
-4.79028e-10
-2.54144e-10
-1.37201e-10
-7.66546e-11
-4.6582e-11
-3.29501e-11
-3.09732e-11
-4.14237e-11
-8.43543e-11
-2.16451e-10
-6.18797e-10
-1.86805e-09
-6.52757e-09
-2.30902e-08
-7.97468e-08
-2.5002e-07
-8.78189e-07
-2.90447e-06
-5.10553e-06
-2.36227e-05
-0.000134711
-0.000251977
-0.000162193
0.000299196
0.000124851
-0.0480731
-0.1638
-0.311
-0.419657
-0.469007
-0.482289
-0.467392
-0.443766
-0.421137
-0.399677
-0.372901
-0.337216
-0.295901
-0.676047
-1.52421
-1.35374
-0.75712
-0.26586
-0.0488182
-0.00287136
-0.00081689
-0.00014034
-6.07681e-06
-1.28351e-05
-1.08371e-05
-7.13078e-06
-4.06734e-06
-2.03692e-06
-9.67034e-07
-4.48491e-07
-2.03232e-07
-9.16461e-08
-4.21887e-08
-1.97945e-08
-9.24789e-09
-4.1335e-09
-1.77341e-09
-6.96207e-10
-2.06085e-10
6.61449e-12
6.90764e-11
1.04431e-10
1.72289e-10
9.79961e-10
8.1835e-09
5.27506e-08
2.02761e-07
7.83894e-07
1.62833e-06
9.21746e-07
-6.20949e-06
-2.89667e-06
3.23218e-05
0.000102554
9.61331e-05
1.36261e-07
5.65115e-06
0.0176571
0.0856505
0.166387
0.236367
0.257317
0.234314
0.184823
0.124371
0.0617896
0.00419569
-0.0629584
-0.158555
-0.280389
-0.415953
-0.543244
-0.638168
-0.684446
-0.676681
-0.619841
-0.526511
-0.407277
-0.293089
-0.229015
-0.176637
-0.101575
-0.0196714
0.0554425
0.117057
0.162708
0.194518
0.222529
0.274639
0.371989
0.538759
0.839779
1.4708
2.78594
4.22068
4.33422
-2.93293e-16
-1.98723e-16
-1.77892e-17
3.32539e-18
2.48122e-18
-1.49138e-18
6.2114e-18
6.08427e-17
2.16528e-16
5.54365e-16
1.19332e-15
2.29959e-15
4.08475e-15
7.1523e-15
1.23571e-14
2.10368e-14
3.52918e-14
5.83707e-14
9.52193e-14
1.53243e-13
2.43322e-13
3.81045e-13
5.88034e-13
8.93237e-13
1.33388e-12
1.95585e-12
2.81146e-12
3.95346e-12
5.42115e-12
7.21985e-12
8.92307e-12
8.50878e-12
6.11012e-12
3.37264e-12
1.35941e-12
2.16321e-13
-1.85164e-13
-1.96606e-13
-1.39938e-13
-8.83658e-14
-5.22117e-14
-2.69602e-14
-8.59665e-15
7.42935e-15
2.32232e-14
4.17516e-14
7.06747e-14
1.14151e-13
1.75735e-13
2.40266e-13
-1.39957e-12
-4.36146e-12
-2.86592e-11
-6.04719e-11
-2.52726e-10
-3.43316e-10
-1.59306e-09
3.70697e-08
1.77854e-06
1.61075e-05
0.000145835
0.000186279
0.000135308
6.59577e-05
2.16876e-05
2.39976e-06
-2.56417e-06
-2.7624e-06
-1.7568e-06
-9.98212e-07
-5.45102e-07
-2.99137e-07
-1.67095e-07
-9.44779e-08
-5.36839e-08
-3.05487e-08
-1.7394e-08
-9.93403e-09
-5.69724e-09
-3.29073e-09
-1.92634e-09
-1.16133e-09
-7.29951e-10
-4.97517e-10
-3.83051e-10
-3.6405e-10
-4.48239e-10
-7.72329e-10
-1.64497e-09
-3.78796e-09
-9.23789e-09
-2.71475e-08
-8.52205e-08
-2.71338e-07
-7.23792e-07
-3.01848e-06
-6.69699e-06
-1.57759e-05
-0.000118679
-0.000307312
-0.000313183
4.837e-05
0.000582998
-0.0381639
-0.156974
-0.325166
-0.485287
-0.5862
-0.595859
-0.568736
-0.513464
-0.458981
-0.416322
-0.385559
-0.356243
-0.317491
-0.281249
-0.153843
-0.739155
-1.22993
-1.10848
-0.672441
-0.264587
-0.0568602
-0.00176778
-0.000358413
-0.000283103
-0.000173795
-8.03095e-05
-3.59439e-05
-1.90632e-05
-1.00621e-05
-5.0486e-06
-2.33441e-06
-1.02687e-06
-4.6129e-07
-2.23161e-07
-1.02108e-07
-3.93882e-08
-1.06779e-08
-3.73128e-10
2.09985e-09
1.96757e-09
1.57905e-09
1.34344e-09
1.36085e-09
2.23766e-09
6.64133e-09
4.28492e-08
2.01061e-07
6.00465e-07
1.68356e-06
1.6726e-06
-1.08345e-05
-1.58871e-05
1.903e-05
0.000111115
0.000151539
7.39311e-05
2.56861e-05
0.0199314
0.0843232
0.187821
0.274077
0.309792
0.298188
0.248833
0.163972
0.0667698
-0.02263
-0.103711
-0.196097
-0.30882
-0.440995
-0.581071
-0.709047
-0.80238
-0.843016
-0.822467
-0.748144
-0.626847
-0.479107
-0.324611
-0.177037
-0.0436935
0.0729822
0.153682
0.173601
0.174601
0.169042
0.154798
0.119054
0.069377
0.0362365
0.0226085
0.0341086
0.34153
2.0079
4.23484
4.29017
1.64829e-17
6.36565e-18
1.13262e-18
3.293e-18
3.83739e-18
-4.70096e-18
-3.0422e-17
-7.71829e-17
-1.43348e-16
-2.19023e-16
-2.73906e-16
-2.60715e-16
-9.7663e-17
-3.46023e-17
-9.93043e-18
1.68338e-18
1.12275e-17
3.21083e-17
8.20834e-17
1.86234e-16
3.7985e-16
7.12864e-16
1.23324e-15
1.92351e-15
2.4814e-15
1.31941e-15
-5.11857e-15
-2.42199e-14
-7.05019e-14
-1.70884e-13
-3.66973e-13
-6.28382e-13
-7.76583e-13
-7.73312e-13
-6.9909e-13
-5.89716e-13
-3.40329e-13
-1.2041e-13
-1.33465e-14
-8.93598e-16
-1.04718e-17
5.45701e-17
4.99727e-17
-8.8021e-18
-4.22925e-17
-1.39791e-16
-5.37823e-16
-1.69132e-15
-3.65458e-15
-6.83613e-15
-7.22001e-15
-1.08833e-14
-3.60202e-14
-9.76147e-13
-2.92223e-11
-1.11015e-10
-9.34612e-11
5.70059e-08
6.89837e-07
1.9002e-06
6.22186e-06
4.54978e-05
3.7057e-05
1.75946e-07
-2.69913e-05
-3.16471e-05
-2.32361e-05
-1.35946e-05
-7.45136e-06
-4.01997e-06
-2.19771e-06
-1.23957e-06
-7.22951e-07
-4.3299e-07
-2.64211e-07
-1.63314e-07
-1.01824e-07
-6.39871e-08
-4.0423e-08
-2.56637e-08
-1.64361e-08
-1.07587e-08
-7.24828e-09
-5.18273e-09
-4.04106e-09
-3.68032e-09
-4.10237e-09
-6.04216e-09
-1.0792e-08
-2.05193e-08
-4.17461e-08
-1.07271e-07
-3.00881e-07
-8.62015e-07
-2.60868e-06
-7.91066e-06
-1.59173e-05
-9.5551e-05
-0.000330673
-0.000434462
-0.000128168
0.000462117
-0.0353063
-0.155767
-0.337079
-0.516547
-0.630421
-0.645204
-0.605839
-0.530922
-0.453528
-0.390019
-0.338268
-0.292655
-0.242223
-0.182492
-0.121764
-0.0449362
-0.0973747
-0.611852
-0.945011
-0.848232
-0.530211
-0.227327
-0.0550992
-0.00277206
-0.000429436
-0.000497758
-0.000369672
-0.00020316
-8.97582e-05
-3.55265e-05
-1.48208e-05
-6.26268e-06
-2.44657e-06
-8.34696e-07
-1.18103e-07
1.26584e-07
1.29109e-07
9.67764e-08
6.39187e-08
4.00344e-08
2.51784e-08
1.71061e-08
1.38626e-08
1.49226e-08
1.5848e-08
-1.59623e-10
2.89042e-08
2.7833e-07
8.93962e-07
8.85173e-07
-2.05806e-05
-4.7748e-05
-1.63219e-05
8.70938e-05
0.000204621
0.000146718
3.16813e-05
0.0235583
0.0948175
0.200735
0.302071
0.338514
0.316258
0.236791
0.111763
-0.0303478
-0.162008
-0.266641
-0.351217
-0.443242
-0.552981
-0.677302
-0.800872
-0.900183
-0.951031
-0.939794
-0.870278
-0.73031
-0.550915
-0.35848
-0.174565
-0.0150365
0.107165
0.164115
0.166811
0.159271
0.135233
0.0991509
0.0637773
0.0344179
0.0146753
0.00610933
0.00269593
0.00353007
0.0290843
1.42467
4.00073
3.93603
-3.02065e-18
-5.06295e-19
-1.22437e-18
-6.23172e-19
3.18734e-18
1.12908e-17
2.2209e-17
3.30298e-17
4.0506e-17
4.19578e-17
3.50633e-17
2.16562e-17
9.18275e-18
4.93151e-18
2.04169e-18
-5.76837e-18
-2.33713e-17
-5.43012e-17
-9.95969e-17
-1.56984e-16
-2.2017e-16
-2.69237e-16
-3.0248e-16
-2.52617e-16
-9.02235e-17
-2.22124e-16
-1.42723e-15
-5.88579e-15
-1.72015e-14
-4.02797e-14
-8.7692e-14
-1.21131e-13
-9.81454e-14
-5.2698e-14
-2.21156e-14
-7.70902e-15
-2.08313e-15
-3.33392e-16
-2.92316e-17
-7.24167e-17
-3.8192e-17
-1.73282e-17
-1.02398e-17
5.98921e-18
8.02018e-18
1.30532e-17
4.39349e-17
1.72177e-16
2.04235e-16
1.98229e-16
7.78553e-17
1.61388e-16
-5.37759e-16
-1.31505e-13
-3.82469e-12
-4.95089e-11
-3.64293e-10
4.52553e-09
2.93981e-07
1.49914e-06
1.9786e-07
-2.18774e-05
-5.84588e-05
-0.000118365
-0.000156727
-0.000146143
-0.000101547
-5.73695e-05
-2.96984e-05
-1.59258e-05
-9.20836e-06
-5.65174e-06
-3.60162e-06
-2.34821e-06
-1.55212e-06
-1.03394e-06
-6.9115e-07
-4.6346e-07
-3.11038e-07
-2.08843e-07
-1.40808e-07
-9.6441e-08
-6.73835e-08
-4.92372e-08
-3.83439e-08
-3.36065e-08
-3.44772e-08
-4.41493e-08
-6.56779e-08
-1.02108e-07
-1.74385e-07
-4.09254e-07
-1.02874e-06
-3.14341e-06
-8.05895e-06
-1.70434e-05
-7.86158e-05
-0.000310545
-0.000514718
-0.000345291
0.000286149
-0.0336979
-0.156063
-0.349144
-0.545899
-0.675555
-0.693937
-0.651304
-0.560804
-0.461502
-0.373659
-0.301324
-0.236571
-0.176175
-0.115217
-0.0532756
0.00802889
0.062566
0.134573
-0.0176477
-0.4181
-0.665154
-0.603605
-0.398918
-0.188832
-0.0544432
-0.00734027
-0.000757404
-0.00064626
-0.000500226
-0.000323753
-0.000160959
-6.77104e-05
-2.24186e-05
-4.27568e-06
1.80464e-06
3.21532e-06
2.36212e-06
1.55439e-06
9.69598e-07
5.88898e-07
3.58201e-07
2.19895e-07
1.39863e-07
9.29431e-08
5.57558e-08
-1.59325e-08
-2.70558e-07
-7.18148e-07
-8.86999e-07
-9.98735e-06
-4.60517e-05
-9.98287e-05
-8.38657e-05
3.90152e-05
0.000164906
0.000244757
7.56575e-05
0.0273741
0.110429
0.222247
0.323077
0.362902
0.326811
0.217225
0.04968
-0.133908
-0.307432
-0.451557
-0.559549
-0.643568
-0.729653
-0.82398
-0.918929
-0.995962
-1.02983
-1.01651
-0.950202
-0.808041
-0.614126
-0.397331
-0.185474
-0.00325146
0.12453
0.159148
0.155211
0.134679
0.0956914
0.0548422
0.0241589
0.00921957
0.0035908
0.00142188
0.000606712
0.00016416
0.00132167
0.00324216
0.864615
3.55003
2.71136
-1.55616e-18
4.03409e-19
-1.6214e-20
-1.24185e-18
-3.43645e-18
-5.89095e-18
-7.61563e-18
-8.12616e-18
-7.384e-18
-5.82782e-18
-3.89081e-18
-2.01342e-18
-8.19215e-20
2.95982e-18
8.23318e-18
1.5971e-17
2.54248e-17
3.50599e-17
4.28751e-17
4.70364e-17
4.59725e-17
3.58748e-17
1.17564e-17
-1.6028e-17
-1.70825e-17
3.02492e-17
-2.33773e-17
-4.29175e-16
-1.06925e-15
-2.0545e-15
-2.50718e-15
-1.64534e-15
-6.29977e-16
-1.37752e-16
6.33309e-17
2.36401e-16
4.95699e-16
2.58888e-16
5.29306e-17
-2.9127e-18
-3.41481e-18
-2.60487e-18
-3.11436e-18
-4.27676e-18
-3.28895e-18
-2.16188e-18
-3.57862e-18
-1.32455e-17
-5.79141e-17
-3.07638e-17
-1.95633e-17
-1.3925e-17
-3.44852e-16
-2.481e-14
-5.82463e-13
-1.08878e-11
-1.02569e-10
-1.993e-10
2.17738e-08
5.8028e-07
1.74187e-06
-6.02182e-06
-6.47615e-05
-0.000178421
-0.000307857
-0.000367619
-0.000315863
-0.000212128
-0.000125748
-7.40048e-05
-4.58701e-05
-2.99832e-05
-2.0284e-05
-1.39891e-05
-9.7443e-06
-6.81669e-06
-4.76915e-06
-3.33727e-06
-2.33102e-06
-1.62473e-06
-1.13451e-06
-8.02002e-07
-5.75582e-07
-4.28319e-07
-3.3503e-07
-2.8735e-07
-2.77659e-07
-3.16081e-07
-3.93517e-07
-4.95496e-07
-7.06794e-07
-1.49063e-06
-3.5484e-06
-1.08137e-05
-2.02061e-05
-6.68387e-05
-0.000270726
-0.000613807
-0.00057334
-2.71808e-05
-0.0333312
-0.159613
-0.36485
-0.576602
-0.719677
-0.742436
-0.695787
-0.589197
-0.466722
-0.356163
-0.262967
-0.183077
-0.108739
-0.0405848
0.0233938
0.0826513
0.135317
0.172287
0.210561
0.21808
0.0481854
-0.253832
-0.432511
-0.408626
-0.29297
-0.15307
-0.056379
-0.0134599
-0.00180797
-0.000672406
-0.000259098
-0.000104619
-2.43036e-05
1.70735e-05
3.22708e-05
3.19937e-05
2.47025e-05
1.72296e-05
1.13703e-05
7.28029e-06
4.58991e-06
2.90248e-06
1.82626e-06
1.129e-06
6.37725e-07
1.73605e-07
-1.41202e-06
-4.55571e-06
-1.54595e-05
-4.80986e-05
-0.000105668
-0.000181219
-0.000181255
-6.07139e-05
0.000148155
0.000234589
0.000208652
0.0319724
0.128827
0.25246
0.347162
0.383627
0.326585
0.184254
-0.0191609
-0.238726
-0.436874
-0.603922
-0.73438
-0.830812
-0.908035
-0.983409
-1.04521
-1.06901
-1.06993
-1.05388
-0.987857
-0.850984
-0.656222
-0.428512
-0.198595
0.0011444
0.131127
0.151766
0.142555
0.109269
0.0642987
0.026816
0.00739524
0.00211248
0.000632884
0.000145359
2.43088e-06
3.3492e-05
-8.49304e-05
0.00059406
-0.00418989
0.515502
2.81586
0.481143
1.69959e-18
7.44089e-20
4.54166e-19
1.01174e-18
1.57975e-18
1.86946e-18
1.80221e-18
1.50601e-18
1.10896e-18
6.89171e-19
1.57916e-19
-6.67991e-19
-1.97934e-18
-3.76725e-18
-5.77793e-18
-7.58804e-18
-8.79174e-18
-9.12268e-18
-8.51245e-18
-7.16554e-18
-4.97341e-18
-2.14469e-18
-5.28891e-19
-4.07921e-18
1.6528e-17
2.74296e-17
4.79416e-17
1.07232e-16
2.36562e-16
3.40411e-16
3.94214e-16
4.6857e-16
3.72724e-16
1.79126e-16
3.67298e-17
-3.76997e-17
-1.21666e-16
-9.55693e-17
-3.15274e-17
-8.36203e-19
4.84972e-18
3.78945e-18
2.65922e-18
1.85308e-18
1.1079e-18
5.99024e-19
3.65172e-19
8.0815e-19
4.04974e-18
4.0914e-18
3.94959e-18
2.35656e-18
-2.18828e-17
-1.92001e-15
-4.82837e-14
-8.59712e-13
-1.09975e-11
-8.35733e-11
3.85807e-11
2.95133e-08
7.74412e-07
2.32762e-06
-2.29983e-05
-0.000148599
-0.000400235
-0.000699441
-0.000869112
-0.000763187
-0.000545493
-0.000365327
-0.000246167
-0.000169459
-0.000119131
-8.50372e-05
-6.11628e-05
-4.40678e-05
-3.16881e-05
-2.27711e-05
-1.63359e-05
-1.16984e-05
-8.397e-06
-6.09977e-06
-4.49517e-06
-3.4228e-06
-2.71815e-06
-2.32806e-06
-2.19073e-06
-2.32181e-06
-2.53743e-06
-2.71389e-06
-3.35029e-06
-5.98527e-06
-1.37475e-05
-3.29224e-05
-6.1884e-05
-0.000263951
-0.000607367
-0.000825971
-0.000357218
-0.0348211
-0.167052
-0.386345
-0.610728
-0.763668
-0.790715
-0.73909
-0.61615
-0.471131
-0.338935
-0.229721
-0.13722
-0.0547798
0.022358
0.0909048
0.150535
0.199171
0.233777
0.248897
0.245812
0.227738
0.206112
0.0711579
-0.127858
-0.257806
-0.265388
-0.204513
-0.121714
-0.0576471
-0.0201143
-0.00513628
-0.000533861
0.000571634
0.000525775
0.000351258
0.000274508
0.000212602
0.000155749
0.000109082
7.45405e-05
5.03315e-05
3.38564e-05
2.30804e-05
1.57999e-05
1.06938e-05
6.46624e-06
3.49973e-06
-1.05713e-05
-4.87939e-05
-0.000117009
-0.000205346
-0.000274769
-0.000278926
-0.000171527
9.35732e-05
0.000296649
0.00366994
0.0423673
0.148995
0.288996
0.374044
0.398492
0.336026
0.144531
-0.0877799
-0.326432
-0.528913
-0.687403
-0.81062
-0.906965
-0.980176
-1.04032
-1.08009
-1.08354
-1.07632
-1.05312
-0.993302
-0.862999
-0.67189
-0.443164
-0.207228
0.00115188
0.133052
0.146957
0.132495
0.090549
0.0433783
0.011547
0.00198175
0.000341146
-1.31894e-06
-4.74454e-05
-3.66033e-05
-2.14781e-05
-3.93032e-05
-9.07013e-05
0.000156045
-0.00825578
0.353951
2.02673
-2.55089
-5.36669e-19
-2.1942e-19
-3.15217e-19
-4.46259e-19
-4.99474e-19
-4.4896e-19
-3.45426e-19
-2.35305e-19
-1.12833e-19
6.13676e-20
3.41941e-19
7.44416e-19
1.21501e-18
1.6366e-18
1.90178e-18
1.95368e-18
1.80574e-18
1.51411e-18
1.15725e-18
8.01813e-19
4.53118e-19
2.3143e-19
9.57511e-20
-5.94924e-20
-6.57724e-19
1.46113e-18
1.09472e-17
2.69134e-17
2.9637e-17
1.37838e-17
-7.90872e-18
-4.37902e-17
-6.34945e-17
-4.80452e-17
-1.88425e-17
2.45444e-18
2.51971e-17
2.58268e-17
1.11309e-17
7.97594e-19
-2.03385e-18
-1.76375e-18
-1.09502e-18
-6.04994e-19
-3.10449e-19
-1.45304e-19
-4.99188e-20
-9.9651e-21
-1.53038e-19
-3.69079e-19
-4.54518e-19
6.10716e-21
-9.25909e-18
-2.37824e-16
-1.06677e-15
-1.21219e-14
-1.00241e-12
-7.41169e-12
-3.27048e-11
6.72264e-10
4.9401e-08
8.40672e-07
2.42053e-06
-5.4243e-05
-0.000309916
-0.000882633
-0.00166303
-0.00223522
-0.00223436
-0.0017805
-0.00131151
-0.00095575
-0.000699228
-0.000511478
-0.000373101
-0.000271862
-0.000198101
-0.000144716
-0.000105825
-7.7412e-05
-5.68976e-05
-4.2388e-05
-3.20656e-05
-2.50338e-05
-2.03353e-05
-1.76867e-05
-1.66437e-05
-1.70696e-05
-1.73576e-05
-1.73627e-05
-1.99877e-05
-2.95867e-05
-5.61999e-05
-9.76932e-05
-0.000272613
-0.000690642
-0.00111022
-0.000824797
-0.0394506
-0.179953
-0.414775
-0.651496
-0.807313
-0.837262
-0.779394
-0.639776
-0.47302
-0.321574
-0.199666
-0.101837
-0.0167521
0.0618865
0.136074
0.200462
0.250933
0.282306
0.290864
0.277272
0.242881
0.201696
0.181104
0.157823
0.0741512
-0.0451388
-0.132697
-0.157123
-0.132826
-0.0923915
-0.0524103
-0.0239911
-0.0080505
-0.000762549
0.00158211
0.00188979
0.00157812
0.00119237
0.000873267
0.000631244
0.000454769
0.000328166
0.000237803
0.000175432
0.000130623
9.80929e-05
7.23159e-05
4.81932e-05
2.357e-06
-0.000106019
-0.000228292
-0.000311278
-0.000334066
-0.000244755
7.89644e-05
0.000351921
0.00904564
0.0592484
0.173576
0.321488
0.405147
0.408193
0.325936
0.119794
-0.158355
-0.392939
-0.57944
-0.703452
-0.789505
-0.848641
-0.903581
-0.964408
-0.999965
-1.02162
-1.02615
-1.0025
-0.935063
-0.815391
-0.643686
-0.432131
-0.205698
-0.000117537
0.133413
0.146878
0.127388
0.0791594
0.0311547
0.00493526
0.000345798
-0.000118613
-0.000107678
-6.16824e-05
-3.18817e-05
-2.13371e-05
-1.44517e-05
-2.92381e-05
-0.000104279
-0.000458951
-0.011927
0.25905
1.20469
-4.58911
8.20282e-20
1.26061e-19
1.31213e-19
1.4283e-19
1.25148e-19
8.99477e-20
5.50878e-20
1.89351e-20
-3.3875e-20
-1.15806e-19
-2.24907e-19
-3.38272e-19
-4.2207e-19
-4.51562e-19
-4.26425e-19
-3.6218e-19
-2.82e-19
-2.03692e-19
-1.3654e-19
-7.92941e-20
-3.76652e-20
-3.81212e-20
-1.17414e-19
-5.34786e-19
-1.68568e-18
-2.65e-18
-4.44178e-18
-7.10677e-18
-8.93479e-18
-8.53148e-18
-5.9164e-18
1.01436e-19
7.62779e-18
9.97819e-18
6.06701e-18
1.00916e-18
-4.579e-18
-5.87117e-18
-3.03578e-18
-3.71789e-19
5.72409e-19
5.49064e-19
3.2571e-19
1.59573e-19
7.02467e-20
2.51856e-20
-4.00462e-22
-1.75841e-20
-2.83755e-20
-2.44618e-20
-3.63166e-20
-1.53846e-19
3.81904e-19
3.86787e-17
-3.01092e-16
-4.42351e-15
1.66636e-13
1.12844e-12
-1.10858e-11
-9.25389e-11
8.5547e-10
6.63498e-08
9.74261e-07
2.23528e-06
-9.62718e-05
-0.000576259
-0.00175444
-0.00370952
-0.00546807
-0.00637521
-0.00602591
-0.00492277
-0.00372166
-0.0027368
-0.00202346
-0.00150631
-0.00112194
-0.0008358
-0.000623027
-0.000465264
-0.00034994
-0.000267248
-0.000207684
-0.000166627
-0.000138652
-0.000122229
-0.000115211
-0.000116546
-0.000116301
-0.000115627
-0.000126655
-0.000155113
-0.000215739
-0.000379525
-0.000894106
-0.00143599
-0.00204927
-0.0492718
-0.20134
-0.450433
-0.70021
-0.850463
-0.877741
-0.81296
-0.656646
-0.470581
-0.303014
-0.172604
-0.0743528
0.0048309
0.0772944
0.149367
0.220219
0.280119
0.318058
0.326249
0.308827
0.263159
0.200113
0.141584
0.105549
0.100798
0.0933039
0.0570716
-0.00224449
-0.0553122
-0.0818011
-0.0792217
-0.0605666
-0.0373017
-0.0173583
-0.00382291
0.0036716
0.00674151
0.00659625
0.00551137
0.00433673
0.00334069
0.00256527
0.00197838
0.00153724
0.00122437
0.00099622
0.000829717
0.000689814
0.000518732
0.000297406
0.00010567
-9.17421e-06
-7.95635e-05
-7.85561e-05
0.000386457
0.0006594
0.0167367
0.0843835
0.209693
0.355062
0.435347
0.419507
0.30359
0.0692072
-0.202634
-0.44785
-0.588108
-0.666992
-0.722711
-0.716646
-0.704546
-0.706122
-0.733843
-0.777811
-0.810675
-0.815711
-0.780536
-0.697196
-0.563704
-0.387284
-0.186801
0.0045091
0.1346
0.149972
0.126995
0.0742104
0.0251538
0.00219513
-0.000194116
-0.000217671
-0.000129135
-6.00243e-05
-2.63704e-05
-1.12156e-05
-7.81894e-06
-5.20708e-06
-1.69037e-05
-0.000188676
-0.00180636
-0.0146618
0.170439
0.408855
-4.65645
-4.70752e-21
-4.13577e-20
-4.02007e-20
-3.66864e-20
-2.65062e-20
-1.49433e-20
-3.98349e-21
1.05868e-20
3.25596e-20
6.06734e-20
8.80817e-20
1.05599e-19
1.07587e-19
9.56459e-20
7.64902e-20
5.63145e-20
3.91151e-20
2.57522e-20
1.52899e-20
7.84316e-21
9.1973e-21
2.27387e-20
3.52188e-20
1.05707e-20
-1.0514e-19
-4.01937e-19
-7.72069e-19
-8.01854e-19
-3.69732e-19
2.66215e-19
5.39365e-19
1.67722e-19
-1.13217e-18
-2.19269e-18
-1.79039e-18
-6.07668e-19
7.23094e-19
1.20087e-18
7.18909e-19
1.23716e-19
-1.2872e-19
-1.35553e-19
-7.85693e-20
-3.49831e-20
-1.25833e-20
-1.83782e-21
4.27633e-21
9.19156e-21
1.5091e-20
2.31312e-20
3.27321e-20
7.32271e-20
1.33194e-19
-2.42544e-18
-1.09158e-16
-4.9044e-16
-1.16421e-15
8.59368e-13
4.71107e-12
-1.10513e-11
-4.78539e-10
-1.15202e-09
4.78347e-08
1.40895e-06
4.19066e-06
-0.000133821
-0.000876899
-0.00316471
-0.00697827
-0.0116656
-0.0156271
-0.0172823
-0.0163532
-0.01355
-0.0102893
-0.00762265
-0.0056888
-0.00431044
-0.00329653
-0.00252844
-0.00195095
-0.00152587
-0.00121312
-0.00099359
-0.000842882
-0.000756132
-0.000721228
-0.000717192
-0.000685329
-0.000667331
-0.000694492
-0.000693556
-0.000826453
-0.0014193
-0.00243738
-0.00600709
-0.0668984
-0.235801
-0.494164
-0.755241
-0.893747
-0.910882
-0.837559
-0.664447
-0.461495
-0.282429
-0.147576
-0.0530016
0.0155092
0.0732121
0.133663
0.203532
0.276328
0.332645
0.351822
0.339386
0.290519
0.211101
0.129889
0.0700768
0.0358433
0.0284092
0.0393663
0.0469014
0.0367674
0.0123373
-0.0137799
-0.0290343
-0.0298217
-0.0199177
-0.00487476
0.00958191
0.0195658
0.0240071
0.0244291
0.0222493
0.0190764
0.0158932
0.0131271
0.0108462
0.00898284
0.00757416
0.00648121
0.00569236
0.00521082
0.00462756
0.00424676
0.00431574
0.0037217
0.00226714
0.00194039
0.00232083
0.0299772
0.120011
0.261624
0.395043
0.464232
0.429737
0.275165
0.00769433
-0.261965
-0.468784
-0.580188
-0.610555
-0.57639
-0.511728
-0.452182
-0.409393
-0.396207
-0.41847
-0.464534
-0.506225
-0.522905
-0.498997
-0.425704
-0.303393
-0.145017
0.019345
0.138952
0.156239
0.130812
0.0741912
0.0231706
0.00116554
-0.000357606
-0.000238083
-0.000124917
-4.26891e-05
-1.0257e-05
-3.06183e-06
-1.00355e-06
-7.34604e-07
-1.31088e-06
-1.71647e-05
-0.000378118
-0.00644672
-0.0421582
-0.077224
-0.800387
-4.02201
-7.18511e-22
9.02951e-21
9.74005e-21
7.89667e-21
4.6834e-21
1.27528e-21
-2.64509e-21
-8.23239e-21
-1.53272e-20
-2.21309e-20
-2.6247e-20
-2.62279e-20
-2.25608e-20
-1.72267e-20
-1.21406e-20
-8.13841e-21
-5.30953e-21
-3.31839e-21
-1.93938e-21
-1.36573e-21
-1.41004e-21
1.10544e-21
1.2471e-20
4.0481e-20
8.70227e-20
1.43141e-19
2.17381e-19
2.69446e-19
2.44836e-19
1.32381e-19
2.98811e-20
2.38812e-20
2.37869e-19
5.27632e-19
5.17061e-19
2.34687e-19
-8.90256e-20
-2.32604e-19
-1.60884e-19
-3.70791e-20
2.40522e-20
2.87132e-20
1.63268e-20
6.54413e-21
1.64446e-21
-6.76643e-22
-2.09891e-21
-3.46408e-21
-5.35754e-21
-8.31612e-21
-1.097e-20
-2.28785e-20
2.32115e-21
3.76938e-19
6.13602e-18
-5.9469e-17
-9.37864e-16
1.19701e-14
2.73933e-12
1.29975e-11
6.30422e-12
-1.11544e-09
-4.16034e-09
1.02867e-08
1.78509e-06
6.16999e-06
-0.00014445
-0.0011737
-0.0044946
-0.0113224
-0.0213607
-0.0311343
-0.0385249
-0.0418581
-0.0400994
-0.033962
-0.0264187
-0.020147
-0.0155303
-0.0121595
-0.00967829
-0.00782434
-0.00640908
-0.00536707
-0.00460258
-0.00409313
-0.00377161
-0.00356893
-0.00360128
-0.00354717
-0.00304307
-0.00261528
-0.00311101
-0.00441126
-0.0175983
-0.0945476
-0.288308
-0.550471
-0.810635
-0.937746
-0.937681
-0.851468
-0.660488
-0.44395
-0.258074
-0.123829
-0.0359493
0.0198509
0.0595894
0.100014
0.156677
0.234029
0.314883
0.360705
0.358818
0.323048
0.236965
0.137207
0.0591283
0.0160591
0.00233648
0.000803834
0.00411879
0.0126187
0.0209674
0.0218362
0.0165419
0.0128246
0.0141712
0.0240707
0.0397891
0.0571415
0.0722136
0.0813455
0.0837429
0.0806698
0.0742259
0.0665307
0.058915
0.0520805
0.04608
0.0413497
0.0374228
0.0344349
0.0314764
0.0295301
0.0282374
0.0229422
0.0148324
0.00806323
0.0153931
0.0602654
0.167282
0.329114
0.439933
0.483904
0.425442
0.231092
-0.0530997
-0.329128
-0.478386
-0.551244
-0.509201
-0.427046
-0.332974
-0.244048
-0.173922
-0.124415
-0.105269
-0.123887
-0.172479
-0.223855
-0.253786
-0.243638
-0.18385
-0.0786091
0.0482646
0.149278
0.165588
0.138209
0.077906
0.0237238
0.00103322
-0.000389999
-0.000239818
-0.000107974
-2.35327e-05
-2.81026e-06
-3.31678e-07
-4.6928e-08
4.01694e-09
-5.30756e-09
-1.12013e-06
-2.34541e-05
-0.000672889
-0.0222945
-0.17692
-0.783887
-2.57097
-2.09706
2.33434e-22
-1.26233e-21
-1.86008e-21
-1.37627e-21
-4.99764e-22
5.63366e-22
1.94884e-21
3.71139e-21
5.44301e-21
6.51914e-21
6.53936e-21
5.59097e-21
4.16905e-21
2.82498e-21
1.82806e-21
1.16459e-21
7.37361e-22
4.54171e-22
2.75114e-22
1.28763e-22
-2.64068e-22
-1.12135e-21
-1.54664e-21
6.87143e-22
7.49796e-21
1.70342e-20
1.98993e-20
6.57356e-21
-1.20692e-20
-1.64421e-20
-8.93315e-21
-9.78722e-21
-5.32991e-20
-1.28429e-19
-1.43107e-19
-7.73685e-20
3.03191e-21
4.42443e-20
3.62168e-20
1.09973e-20
-3.55603e-21
-5.52341e-21
-3.11982e-21
-1.09891e-21
-1.04051e-22
3.74456e-22
7.05497e-22
1.07026e-21
1.58396e-21
2.33062e-21
2.94683e-21
4.09185e-21
1.82892e-21
-6.7608e-21
2.10302e-18
-1.87119e-17
-4.08065e-17
2.11882e-15
1.82826e-13
6.55303e-12
2.15286e-11
4.58385e-12
-2.32906e-09
-1.01174e-08
5.8223e-08
2.27677e-06
3.93577e-06
-6.14062e-05
-0.00111707
-0.00529364
-0.0156658
-0.0316062
-0.0506216
-0.0684547
-0.0802648
-0.0865202
-0.0839544
-0.0736911
-0.0619664
-0.0514643
-0.0427276
-0.0356827
-0.0300537
-0.0257873
-0.0225606
-0.0202631
-0.0185349
-0.0169247
-0.0150579
-0.0120665
-0.00898207
-0.00841309
-0.00952616
-0.0397209
-0.141764
-0.357806
-0.629194
-0.86483
-0.974745
-0.958171
-0.847849
-0.640133
-0.415318
-0.228385
-0.0996135
-0.022284
0.020698
0.0442721
0.0637562
0.0976464
0.162592
0.256222
0.343072
0.364973
0.347011
0.273054
0.161891
0.0651524
0.01145
-0.000122588
-0.000552818
-0.000491774
-0.0002365
0.000441801
0.00379591
0.00931119
0.0132655
0.020085
0.0362542
0.0620535
0.0963621
0.135089
0.172137
0.203313
0.22524
0.233773
0.232139
0.224409
0.213547
0.201448
0.188414
0.176453
0.164256
0.151218
0.135856
0.115606
0.0878802
0.057277
0.0351309
0.0474755
0.115543
0.238604
0.389097
0.488086
0.489656
0.398899
0.165606
-0.129236
-0.360826
-0.488623
-0.482756
-0.420745
-0.306886
-0.200567
-0.111542
-0.0378301
0.0215251
0.0668971
0.0882947
0.0753207
0.0315689
-0.0194276
-0.0520321
-0.0457812
0.00666566
0.0911799
0.166759
0.178248
0.14858
0.0846286
0.0264004
0.00129528
-0.000380852
-0.00023179
-9.35927e-05
-1.38543e-05
-9.35575e-07
3.98332e-08
6.48388e-08
3.08601e-08
1.82597e-08
-3.92129e-10
-2.18587e-06
-4.64087e-05
-0.000925791
-0.0770041
-0.541422
-1.89986
-3.70614
-0.452655
-3.53762e-23
4.72174e-23
2.31623e-22
1.32657e-22
-1.08791e-22
-4.45629e-22
-8.73959e-22
-1.31813e-21
-1.61899e-21
-1.65633e-21
-1.43598e-21
-1.0732e-21
-7.11958e-22
-4.42578e-22
-2.72295e-22
-1.68795e-22
-1.04316e-22
-6.12679e-23
-2.80028e-23
9.48512e-24
4.43288e-23
-4.44608e-23
-4.85595e-22
-1.43244e-21
-2.87328e-21
-4.61226e-21
-6.14334e-21
-5.7239e-21
-2.7239e-21
2.70164e-22
8.52703e-22
1.69449e-21
1.106e-20
2.99494e-20
3.72296e-20
2.30335e-20
3.23065e-21
-8.38849e-21
-8.4605e-21
-3.31072e-21
2.52388e-22
9.99495e-22
5.90268e-22
1.84458e-22
-1.6597e-23
-1.15604e-22
-1.91713e-22
-2.80761e-22
-4.01063e-22
-5.43273e-22
-7.2161e-22
7.18642e-23
-5.21852e-21
1.67089e-20
-1.12357e-18
3.47472e-18
-2.5343e-17
-1.74309e-16
8.58107e-16
4.31253e-14
5.21981e-12
2.01416e-11
-1.19425e-11
-1.74997e-09
-2.1277e-08
-5.58881e-08
2.29856e-06
1.14587e-05
8.21231e-06
-0.000719949
-0.00509514
-0.0171547
-0.0383583
-0.0668091
-0.0962491
-0.122477
-0.13903
-0.149598
-0.145704
-0.132935
-0.119451
-0.107058
-0.0956058
-0.0851842
-0.0754416
-0.0663256
-0.057324
-0.0480027
-0.0377427
-0.0292632
-0.0235591
-0.0339653
-0.0843841
-0.223691
-0.454111
-0.726306
-0.922934
-0.999884
-0.964893
-0.826345
-0.602314
-0.372388
-0.19262
-0.0744533
-0.0111579
0.0186696
0.0307235
0.0357269
0.0474529
0.086098
0.168464
0.279956
0.357753
0.356744
0.307891
0.199531
0.0859332
0.0154077
8.28721e-05
-0.00050355
-0.000368419
-0.000282124
-0.000243277
-0.00021326
4.88826e-05
0.000947672
0.00394834
0.0112727
0.0297801
0.0661911
0.12228
0.194482
0.272436
0.34917
0.414046
0.464443
0.492802
0.501393
0.498407
0.487019
0.465844
0.436433
0.396511
0.345329
0.28407
0.213837
0.145768
0.103329
0.119868
0.198413
0.342445
0.460503
0.526764
0.493166
0.341997
0.0782675
-0.215675
-0.390107
-0.456852
-0.41334
-0.318719
-0.204118
-0.106241
-0.0409359
0.00769303
0.0532869
0.101494
0.148284
0.178915
0.179606
0.150589
0.111105
0.0873105
0.0985299
0.143253
0.190922
0.194612
0.161024
0.0935137
0.0308792
0.00198555
-0.000352699
-0.000224504
-8.85027e-05
-1.02477e-05
-3.39051e-07
1.08761e-07
5.4791e-08
2.56311e-08
1.41624e-08
8.59623e-09
-5.56996e-08
-5.97549e-06
-9.86706e-05
-0.000849
-0.232757
-1.28645
-3.10087
-3.67736
-0.130017
3.57524e-24
3.25521e-23
9.78919e-24
3.36966e-23
1.0293e-22
2.02785e-22
3.1458e-22
4.00872e-22
4.23882e-22
3.77232e-22
2.87621e-22
1.91802e-22
1.16164e-22
6.81808e-23
4.06655e-23
2.45576e-23
1.45192e-23
7.49427e-24
1.8051e-24
-1.20288e-24
6.08939e-24
3.08361e-23
4.54844e-23
-1.66068e-23
-1.82136e-22
-3.34721e-22
-2.38099e-22
1.31035e-22
2.889e-22
3.63415e-23
-1.15538e-22
-2.48276e-22
-2.10464e-21
-6.57863e-21
-9.07701e-21
-6.33946e-21
-1.62662e-21
1.56578e-21
2.04506e-21
9.98691e-22
9.87836e-23
-1.68381e-22
-1.17472e-22
-3.65202e-23
6.14423e-24
2.74266e-23
4.42716e-23
6.34675e-23
8.72064e-23
1.03588e-22
1.42244e-22
-2.48842e-22
1.95183e-21
-1.83888e-20
7.73168e-19
-2.70642e-18
-4.90915e-17
-6.69656e-17
7.77662e-16
1.09832e-13
5.4277e-13
2.73628e-12
1.04982e-11
2.66628e-12
-1.65706e-09
-2.38589e-08
-6.4005e-08
1.88189e-06
1.53945e-05
3.95416e-05
-0.000234551
-0.00355001
-0.0144916
-0.0374907
-0.0712982
-0.111021
-0.149107
-0.179596
-0.200038
-0.212
-0.205384
-0.193006
-0.17846
-0.162444
-0.144743
-0.12573
-0.105892
-0.0868282
-0.0714674
-0.0683904
-0.0928394
-0.173548
-0.340435
-0.584725
-0.828064
-0.973156
-1.00915
-0.943562
-0.772019
-0.535747
-0.313459
-0.147507
-0.0516673
-0.003743
0.0131411
0.0204199
0.0180127
0.0182193
0.0318729
0.0801655
0.182465
0.30393
0.354959
0.332608
0.242381
0.120232
0.0281484
0.00102708
-0.000407199
-0.000303197
-0.000169163
-8.23632e-05
-7.33679e-05
-0.000102668
-0.000113558
-0.000100127
-7.22071e-05
0.00238393
0.0120313
0.0400481
0.0965851
0.184997
0.297682
0.422857
0.543883
0.64743
0.730198
0.775024
0.788774
0.779124
0.746885
0.688431
0.602072
0.496194
0.383015
0.282442
0.226109
0.23761
0.333062
0.445505
0.533619
0.53643
0.452994
0.249377
-0.0391854
-0.273689
-0.410981
-0.404158
-0.336951
-0.226107
-0.121714
-0.0504266
-0.0127817
0.00869412
0.0302079
0.0623782
0.112407
0.172326
0.220242
0.236833
0.221686
0.195606
0.18413
0.198065
0.219918
0.214453
0.174761
0.104138
0.0369833
0.00316383
-0.000304871
-0.000220605
-9.19298e-05
-1.05545e-05
-2.26346e-07
1.09367e-07
4.76011e-08
1.93811e-08
7.0947e-09
2.65569e-09
6.07613e-09
9.22445e-07
2.25096e-05
-6.03835e-05
-0.00592431
-0.52418
-2.15874
-3.74648
-3.38141
-0.0563823
-2.31674e-25
-1.18186e-23
-1.71692e-23
-2.6256e-23
-4.64034e-23
-7.32743e-23
-9.77572e-23
-1.08631e-22
-1.00631e-22
-7.8987e-23
-5.38131e-23
-3.26712e-23
-1.84848e-23
-1.04339e-23
-6.04883e-24
-3.51876e-24
-1.94284e-24
-8.48814e-25
-1.63666e-25
-2.70242e-25
-1.06806e-24
4.6291e-25
1.06921e-23
3.3063e-23
6.53568e-23
9.97515e-23
1.1476e-22
7.75423e-23
1.83611e-23
1.69656e-23
3.88049e-23
4.70019e-23
3.74127e-22
1.36011e-21
2.08811e-21
1.64002e-21
5.70131e-22
-2.76334e-22
-5.0082e-22
-2.9629e-22
-6.69706e-23
2.29876e-23
2.46378e-23
9.15495e-24
-3.97346e-25
-5.20355e-24
-8.74484e-24
-1.22509e-23
-1.56325e-23
-1.45786e-23
-8.91523e-24
7.0364e-23
-4.67552e-22
7.58934e-21
-1.46622e-19
1.06835e-18
-3.20267e-18
-4.13177e-19
1.77358e-15
7.78129e-14
1.89039e-13
-7.06222e-13
-4.25676e-12
-9.02644e-12
-2.30267e-11
-6.02937e-10
-2.67299e-08
-1.66223e-07
1.24599e-06
1.79295e-05
5.01788e-05
-2.41888e-05
-0.00136131
-0.00922281
-0.0288808
-0.0629241
-0.108089
-0.153551
-0.198146
-0.228071
-0.256624
-0.256081
-0.247544
-0.233035
-0.214002
-0.192794
-0.173537
-0.160226
-0.167335
-0.213448
-0.321538
-0.501006
-0.738842
-0.920904
-1.00452
-0.987407
-0.878977
-0.668355
-0.433223
-0.234562
-0.100291
-0.031202
-0.00335009
0.0075359
0.00797736
0.00646617
0.00543976
0.00894752
0.0249124
0.0839896
0.202638
0.320342
0.338289
0.281335
0.164422
0.0532052
0.00371489
-0.000260592
-0.000259488
-0.000133341
-3.22111e-05
-5.2227e-06
-5.25418e-06
-1.73893e-05
-4.13688e-05
-9.09057e-05
-0.000259848
-0.000225634
0.0011621
0.0110587
0.0435268
0.111474
0.218725
0.357469
0.511578
0.659349
0.778751
0.850324
0.869746
0.868132
0.84844
0.784961
0.682248
0.565171
0.461966
0.407943
0.424194
0.486998
0.55699
0.570472
0.510039
0.352214
0.100052
-0.159831
-0.323741
-0.379066
-0.33822
-0.245938
-0.136723
-0.0595859
-0.0208392
-0.00601067
0.00208593
0.00899425
0.0213377
0.0532167
0.112877
0.18834
0.250933
0.278056
0.271925
0.255996
0.250345
0.250821
0.235646
0.18919
0.116114
0.0446411
0.00506229
-0.000225937
-0.000225405
-0.000101645
-1.34754e-05
-3.93232e-07
9.43546e-08
4.09511e-08
1.38147e-08
2.75718e-09
1.12568e-09
1.26329e-09
6.40504e-08
5.75736e-06
8.00061e-05
0.000159383
-0.0442839
-0.926777
-2.80873
-3.75816
-2.79268
-0.0225987
2.27875e-27
2.58609e-24
6.4266e-24
1.02059e-23
1.59962e-23
2.26263e-23
2.70892e-23
2.68451e-23
2.20865e-23
1.54704e-23
9.56109e-24
5.38361e-24
2.89358e-24
1.58074e-24
8.84278e-25
4.9e-25
2.50153e-25
9.38128e-26
2.45696e-26
3.76553e-26
-5.42492e-26
-5.45204e-25
-1.08564e-24
-3.93213e-25
1.82374e-24
3.02638e-24
-1.99043e-25
-5.09337e-24
-4.55194e-24
-5.83549e-24
-1.2386e-23
-1.31859e-23
-6.4505e-23
-2.66897e-22
-4.5843e-22
-4.04422e-22
-1.73423e-22
4.23845e-23
1.21656e-22
8.54422e-23
2.79393e-23
-5.61398e-25
-5.08731e-24
-2.59651e-24
-4.46422e-25
6.78764e-25
1.38889e-24
1.867e-24
1.83011e-24
4.33585e-25
-7.79508e-24
-3.32787e-23
3.10455e-22
-2.87829e-21
1.06598e-20
3.05963e-19
-8.55121e-18
-5.74345e-17
8.60629e-17
1.0672e-15
5.90159e-15
8.282e-13
2.89546e-12
3.47148e-12
-6.12224e-12
-3.04084e-11
-3.9271e-10
-2.04494e-08
-1.98652e-07
8.07023e-07
1.81152e-05
4.48335e-05
7.35476e-05
-0.000258393
-0.00379129
-0.0178823
-0.0478599
-0.090938
-0.144103
-0.196947
-0.245353
-0.279304
-0.313243
-0.318059
-0.317908
-0.317502
-0.325964
-0.351707
-0.417415
-0.537723
-0.710669
-0.869582
-0.992954
-0.991009
-0.909175
-0.738273
-0.512071
-0.301368
-0.147141
-0.0576322
-0.0178845
-0.00340517
0.00253742
0.00295535
0.00255349
0.00184756
0.00198962
0.00587402
0.024433
0.0941677
0.221772
0.315486
0.306639
0.213114
0.0907702
0.0127721
0.000137687
-0.000241426
-0.000133681
-3.0346e-05
-1.41504e-06
2.2554e-07
-7.82094e-08
-1.19643e-06
-5.84989e-06
-2.76987e-05
-0.000135136
-0.000277409
-0.000352406
-0.000320605
0.00605135
0.0321722
0.0933758
0.195075
0.329565
0.479857
0.623961
0.738585
0.801248
0.817158
0.801884
0.753647
0.681413
0.614854
0.58192
0.585989
0.610114
0.597071
0.526434
0.387237
0.162624
-0.080767
-0.248158
-0.335057
-0.317217
-0.254567
-0.155649
-0.0728334
-0.0254645
-0.00967066
-0.00326099
0.000399827
0.00259738
0.00554631
0.0157896
0.0511887
0.1234
0.213561
0.285578
0.316214
0.312368
0.297202
0.281224
0.254517
0.204471
0.129172
0.0538174
0.00792175
-8.8689e-05
-0.000237004
-0.000114567
-1.88945e-05
-7.79161e-07
6.63721e-08
3.44281e-08
1.01717e-08
1.53852e-09
1.53589e-10
-2.79038e-09
7.22248e-09
4.50774e-07
2.44984e-05
0.000166279
0.000364451
-0.112872
-1.26503
-3.0034
-3.49494
-1.88682
-0.00803779
2.00164e-27
-4.36031e-25
-1.68533e-24
-3.01613e-24
-4.61818e-24
-6.15418e-24
-6.81107e-24
-6.13557e-24
-4.53889e-24
-2.86733e-24
-1.63022e-24
-8.6436e-25
-4.453e-25
-2.34876e-25
-1.25612e-25
-6.59038e-26
-3.11775e-26
-1.0035e-26
-2.21559e-27
1.07497e-27
1.56538e-26
8.47195e-27
-1.43769e-25
-5.24975e-25
-1.05912e-24
-1.53802e-24
-1.50095e-24
-6.16165e-25
1.957e-25
1.09288e-24
3.29884e-24
4.25586e-24
1.1604e-23
5.05279e-23
9.73514e-23
9.62706e-23
4.87505e-23
-4.25064e-24
-2.88953e-23
-2.38401e-23
-9.90934e-24
-1.38545e-24
9.04734e-25
7.3602e-25
2.9105e-25
2.88983e-26
-1.07723e-25
-1.20815e-25
1.65218e-25
8.74478e-25
3.44874e-24
3.22402e-23
-2.77008e-22
1.29439e-21
1.1879e-20
1.48541e-19
4.19363e-18
-2.07968e-17
-1.48522e-16
2.45656e-16
5.91212e-15
5.224e-14
6.24967e-13
2.17666e-12
2.75716e-12
-6.80913e-12
-2.4212e-10
-1.09532e-09
-2.38986e-08
-1.4764e-07
4.07949e-07
1.14257e-05
3.90281e-05
0.000108126
3.00912e-05
-0.000676458
-0.0089189
-0.0305199
-0.0690678
-0.122413
-0.184592
-0.249578
-0.311781
-0.370322
-0.423653
-0.477493
-0.540921
-0.626416
-0.730824
-0.841063
-0.94328
-0.932655
-0.852092
-0.694419
-0.493845
-0.302555
-0.158214
-0.0704979
-0.0280593
-0.0101167
-0.00242885
0.000923995
0.00152642
0.00136925
0.00088885
0.000522416
0.00109862
0.00515465
0.026819
0.106398
0.232096
0.295537
0.253777
0.139433
0.0353433
0.00146501
-0.000233533
-0.00015123
-4.52336e-05
-2.43265e-06
2.30176e-07
1.40704e-07
6.167e-08
-4.10748e-08
-3.76164e-07
-4.10868e-06
-2.08709e-05
-0.000128865
-0.000273399
-0.000673181
-0.000844918
0.000798338
0.0111582
0.0477691
0.118261
0.220065
0.338838
0.454416
0.548139
0.603678
0.625106
0.621319
0.600086
0.57754
0.562199
0.531045
0.455869
0.307422
0.118176
-0.068272
-0.205216
-0.278773
-0.272521
-0.226933
-0.147698
-0.0750959
-0.0295456
-0.0118703
-0.00495593
-0.00170943
0.000297093
0.000856977
0.00119908
0.00357643
0.0142754
0.0557347
0.143525
0.249043
0.326962
0.354356
0.343322
0.316167
0.277959
0.220578
0.143092
0.0644367
0.0120776
0.000156017
-0.000253555
-0.000130622
-2.71436e-05
-1.37253e-06
2.98412e-08
2.86138e-08
8.33652e-09
1.14361e-09
-1.61319e-10
-1.4887e-09
1.71567e-10
4.73663e-08
1.75521e-06
6.54462e-05
0.000270741
0.000353436
-0.183417
-1.39004
-2.75683
-2.75975
-1.02533
-0.00251723
-4.04772e-28
6.00679e-26
3.58173e-25
7.4389e-25
1.16043e-24
1.50128e-24
1.57121e-24
1.30886e-24
8.80981e-25
5.06884e-25
2.6839e-25
1.35422e-25
6.70119e-26
3.3917e-26
1.72166e-26
8.53923e-27
3.76863e-27
1.01589e-27
7.88853e-29
-3.99042e-28
-8.13729e-29
6.34325e-27
1.93868e-26
2.3059e-26
1.26763e-26
2.25708e-26
7.37323e-26
8.70566e-26
1.58864e-26
-1.75487e-25
-7.81628e-25
-1.313e-24
-2.3614e-24
-9.45477e-24
-2.02727e-23
-2.2356e-23
-1.30168e-23
-4.27954e-25
6.64733e-24
6.42001e-24
3.20141e-24
7.89436e-25
-9.04918e-26
-1.95889e-25
-1.25705e-25
-6.94835e-26
-4.50676e-26
-6.89638e-26
-2.17398e-25
-5.56951e-25
-4.20383e-25
-2.17934e-23
1.64668e-22
-5.69047e-22
-6.8241e-21
3.95711e-20
4.66235e-19
-1.70639e-17
-1.0584e-16
2.47497e-16
2.66789e-15
3.81473e-14
1.53739e-13
1.03722e-13
-9.38074e-13
-5.82776e-12
-4.0449e-11
-1.61688e-10
-5.8368e-10
-1.69347e-08
-1.19591e-07
-5.05751e-09
3.80034e-06
3.62207e-05
6.64152e-05
0.000169572
4.13371e-05
-0.00240077
-0.014612
-0.0420252
-0.0859561
-0.145534
-0.214952
-0.294367
-0.380512
-0.468983
-0.562316
-0.688827
-0.731308
-0.708975
-0.625446
-0.495177
-0.349529
-0.216725
-0.117371
-0.0580898
-0.0273815
-0.01198
-0.00445979
-0.000786912
0.000807384
0.0011639
0.000955662
0.000569299
0.000246123
0.000148705
0.000726456
0.00509207
0.0304622
0.117999
0.230431
0.259152
0.188126
0.0750009
0.00800588
-3.34274e-05
-0.000170786
-7.14581e-05
-7.56361e-06
-1.76648e-07
9.41285e-08
4.73164e-08
2.77264e-08
1.61827e-08
-1.51763e-08
-1.66454e-07
-6.66484e-07
-1.76689e-05
-6.99341e-05
-0.000362029
-0.000647736
-0.00132438
-0.00225245
-0.00301086
0.00595916
0.0319907
0.0804019
0.144474
0.210934
0.265261
0.300773
0.315392
0.312715
0.288102
0.216536
0.109267
-0.0190553
-0.123573
-0.191932
-0.221474
-0.21191
-0.171214
-0.111242
-0.0576593
-0.0251766
-0.0115331
-0.00546364
-0.00232464
-0.000767872
-0.000143219
4.30039e-05
0.000167548
0.000558546
0.00303443
0.0158287
0.066457
0.171538
0.292934
0.368265
0.375821
0.351416
0.304069
0.239192
0.158399
0.07653
0.0179963
0.000575835
-0.000271967
-0.000149472
-3.94766e-05
-2.31741e-06
-2.25578e-08
2.61436e-08
8.04217e-09
9.63041e-10
-1.51293e-10
-1.93496e-09
-9.3538e-09
-5.89392e-09
4.16252e-07
9.91766e-06
0.000116634
0.000365934
4.39039e-05
-0.23086
-1.27674
-2.21396
-1.83117
-0.340346
-0.000675284
8.57001e-29
-6.94742e-27
-6.53251e-26
-1.60233e-25
-2.6117e-25
-3.3468e-25
-3.36823e-25
-2.63068e-25
-1.62715e-25
-8.59404e-26
-4.27724e-26
-2.06464e-26
-9.78548e-27
-4.72027e-27
-2.26405e-27
-1.06203e-27
-4.39772e-28
-9.91282e-29
-1.06291e-30
5.14474e-30
-1.39868e-28
-3.08211e-28
9.73689e-28
5.3366e-27
1.15061e-26
1.51694e-26
1.02491e-26
-7.70623e-28
-2.1887e-27
2.76507e-26
1.7259e-25
3.75087e-25
5.62867e-25
1.81352e-24
4.22054e-24
5.15801e-24
3.39969e-24
4.61682e-25
-1.48804e-24
-1.69536e-24
-9.85566e-25
-3.25386e-25
-2.30183e-26
4.94818e-26
4.75301e-26
3.76432e-26
3.42436e-26
4.74824e-26
1.03751e-25
2.67158e-25
-3.20386e-25
1.09624e-23
-7.32717e-23
2.1262e-22
2.30581e-21
1.16241e-21
-1.75568e-20
-9.00538e-18
-1.31776e-17
5.4618e-16
4.11589e-15
-9.47962e-15
-1.11081e-13
-2.98922e-13
-5.91011e-13
-1.22283e-12
-2.12402e-12
-6.40058e-12
-1.1551e-10
-6.9716e-10
-1.0335e-08
-4.89165e-08
-5.93879e-08
2.30559e-06
1.76231e-05
7.20285e-05
0.000122969
0.000187559
0.000133907
-0.00260541
-0.0136786
-0.0368615
-0.0724084
-0.118637
-0.169179
-0.215841
-0.249491
-0.258784
-0.231358
-0.185292
-0.131271
-0.0839725
-0.0498762
-0.0280238
-0.0148683
-0.00729588
-0.0031008
-0.000944081
0.000144939
0.000671167
0.000646204
0.000430992
0.000202509
8.34173e-05
3.67916e-05
5.95406e-05
0.000512484
0.00473958
0.03239
0.123337
0.219429
0.217084
0.12569
0.0302398
0.00107959
-0.000195495
-0.000102824
-2.09431e-05
-1.10483e-06
2.87862e-08
3.01779e-08
1.03947e-08
3.6488e-09
5.89029e-09
3.38651e-09
9.13861e-09
8.15918e-08
-4.15045e-07
-6.54804e-06
-6.52586e-05
-0.00017587
-0.000833197
-0.00183661
-0.00286921
-0.00440157
-0.00707382
-0.0101359
-0.00771403
-0.000211466
0.00623165
0.00599711
-0.00599835
-0.0302601
-0.0805555
-0.133181
-0.155748
-0.161081
-0.151831
-0.128422
-0.0912138
-0.053247
-0.0264943
-0.0136791
-0.00730066
-0.0038617
-0.00189127
-0.000820333
-0.000310083
-8.95584e-05
2.0984e-06
2.1621e-05
6.30201e-05
0.000421939
0.00323724
0.019043
0.082344
0.205714
0.333611
0.384495
0.37858
0.344778
0.272164
0.181468
0.0919135
0.0259679
0.00135149
-0.000279416
-0.000169428
-5.79033e-05
-4.30823e-06
-1.3179e-07
2.55525e-08
8.52895e-09
9.55728e-10
1.29741e-10
-1.00785e-09
-6.66898e-09
-1.42482e-08
6.00688e-09
1.04422e-06
2.3376e-05
0.000161242
0.000401011
-0.00074096
-0.252587
-1.05311
-1.5776
-1.05289
-0.0691218
-0.000151274
-1.56659e-29
5.92311e-28
8.84047e-27
2.5409e-26
4.37346e-26
5.62641e-26
5.52593e-26
4.11266e-26
2.37563e-26
1.16849e-26
5.53051e-27
2.56717e-27
1.16538e-27
5.35785e-28
2.43766e-28
1.08886e-28
4.27609e-29
8.41043e-30
4.86891e-31
2.51641e-30
7.10806e-30
-3.38539e-29
-2.04744e-28
-4.63066e-28
-7.20293e-28
-1.04723e-27
-1.17972e-27
-4.8974e-28
7.60234e-29
-3.64995e-27
-2.97779e-26
-8.10481e-26
-1.22935e-25
-3.09808e-25
-7.39228e-25
-9.85406e-25
-7.28949e-25
-1.7302e-25
2.59155e-25
3.60568e-25
2.4361e-25
1.00662e-25
1.95477e-26
-8.83613e-27
-1.43728e-26
-1.43714e-26
-1.46425e-26
-1.94434e-26
-3.51083e-26
-9.09582e-26
1.79659e-25
-3.25813e-24
1.92937e-23
-4.42432e-23
-5.55133e-22
-8.01365e-22
-3.5944e-21
8.65294e-19
-4.01848e-18
-2.97377e-17
2.14331e-16
7.03245e-16
-4.6781e-15
-1.78426e-14
-2.69723e-14
-3.57608e-14
-1.07056e-13
-6.50341e-13
-3.7456e-12
-3.31846e-11
-2.83649e-10
-1.70929e-09
-1.46067e-08
2.06845e-08
7.70023e-07
5.72928e-06
3.19192e-05
8.13958e-05
0.000133064
0.000113447
0.000142405
0.000131113
-0.00221448
-0.00736804
-0.0133089
-0.0173146
-0.0161753
-0.0111409
-0.00791749
-0.00595149
-0.00423838
-0.00278926
-0.00169598
-0.000949352
-0.000454402
-7.58926e-05
0.000176686
0.000306273
0.000335051
0.000218269
9.70017e-05
4.239e-05
2.01478e-05
1.00614e-05
4.69261e-06
1.53608e-05
0.000223931
0.0026728
0.0221394
0.0922586
0.149453
0.126092
0.0532283
0.00663916
-1.79244e-05
-0.00011958
-4.00639e-05
-3.58685e-06
-1.35112e-07
2.08328e-08
6.27548e-09
1.00677e-09
1.76952e-10
3.93453e-10
9.71252e-10
5.22016e-09
2.42146e-08
9.03996e-08
1.18361e-07
-1.53192e-06
-8.97891e-06
-0.000126993
-0.000415948
-0.000847094
-0.00239096
-0.00490112
-0.00756604
-0.0106699
-0.0152344
-0.0212845
-0.0289589
-0.0387282
-0.0505677
-0.0515668
-0.0429289
-0.0318274
-0.0221487
-0.0147766
-0.00942631
-0.00584672
-0.0035254
-0.0020885
-0.00119925
-0.000662947
-0.000348456
-0.000171217
-7.68533e-05
-3.02185e-05
-9.81834e-06
-2.14736e-06
1.57667e-06
1.92755e-05
0.000252316
0.00262008
0.0199264
0.0912075
0.224005
0.342569
0.367548
0.334826
0.25969
0.167797
0.0836286
0.0257054
0.00201055
-0.000258881
-0.000180729
-6.76254e-05
-7.09934e-06
-3.35309e-07
2.26297e-08
8.83212e-09
1.32683e-09
1.13111e-10
-2.06456e-09
-1.71473e-08
-4.49194e-08
-5.50038e-08
1.97517e-06
1.96295e-05
7.85066e-05
0.00020804
0.00034198
-0.0144254
-0.243258
-0.678777
-0.802212
-0.360321
-0.0172645
-2.84052e-05
)
;

boundaryField
{
    inlet
    {
        type            uniformFixedValue;
        uniformValue    table;
        uniformValueCoeffs
        {
            values          
4
(
(0 1)
(0.15 1)
(0.151 0)
(1 0)
)
;
        }
        value           uniform 0;
    }
    outlet
    {
        type            inletOutlet;
        inletValue      uniform 0;
        value           nonuniform List<scalar> 
200
(
0
0
0
0
0
0
0
0
0
0
0
0
0
0
0
0
0
0
0
0
0
0
0
0
0
0
0
0
0
0
0
0
0
0
0
0
0
0
0
0
0
0
0
0
0
0
0
0
0
0
0
0
0
0
0
0
0
0
0
0
0
0
0
0
0
0
0
0
0
0
0
-1.70929e-09
-1.46067e-08
2.06845e-08
7.70023e-07
5.72928e-06
3.19192e-05
8.13958e-05
0.000133064
0.000113447
0.000142405
0.000131113
-0.00221448
-0.00736804
-0.0133089
-0.0173146
-0.0161753
-0.0111409
0
0
0
0
0
0
0
0
0
0
0
0
0
0
0
0
0
0
0
0
0
0.0922586
0.149453
0.126092
0.0532283
0.00663916
-1.79244e-05
-0.00011958
-4.00639e-05
-3.58685e-06
-1.35112e-07
2.08328e-08
6.27548e-09
1.00677e-09
1.76952e-10
3.93453e-10
9.71252e-10
5.22016e-09
2.42146e-08
9.03996e-08
1.18361e-07
-1.53192e-06
-8.97891e-06
-0.000126993
-0.000415948
-0.000847094
-0.00239096
-0.00490112
-0.00756604
-0.0106699
-0.0152344
-0.0212845
-0.0289589
-0.0387282
-0.0505677
-0.0515668
0
0
0
0
0
0
0
0
0
0
0
0
0
0
0
0
0
0
0
0
0.0199264
0.0912075
0.224005
0.342569
0.367548
0.334826
0.25969
0.167797
0.0836286
0.0257054
0.00201055
-0.000258881
-0.000180729
-6.76254e-05
-7.09934e-06
-3.35309e-07
2.26297e-08
8.83212e-09
1.32683e-09
1.13111e-10
-2.06456e-09
-1.71473e-08
-4.49194e-08
-5.50038e-08
1.97517e-06
1.96295e-05
7.85066e-05
0.00020804
0.00034198
-0.0144254
-0.243258
-0.678777
-0.802212
-0.360321
-0.0172645
-2.84052e-05
)
;
    }
    walls
    {
        type            zeroGradient;
    }
    frontAndBack
    {
        type            empty;
    }
}


// ************************************************************************* //
