/*--------------------------------*- C++ -*----------------------------------*\
| =========                 |                                                 |
| \\      /  F ield         | OpenFOAM: The Open Source CFD Toolbox           |
|  \\    /   O peration     | Version:  2506                                  |
|   \\  /    A nd           | Website:  www.openfoam.com                      |
|    \\/     M anipulation  |                                                 |
\*---------------------------------------------------------------------------*/
FoamFile
{
    version     2.0;
    format      ascii;
    arch        "LSB;label=32;scalar=64";
    class       volScalarField;
    location    "0.00126986";
    object      s;
}
// * * * * * * * * * * * * * * * * * * * * * * * * * * * * * * * * * * * * * //

dimensions      [0 0 0 0 0 0 0];

internalField   nonuniform List<scalar> 
4000
(
0.0476615
3.98009e-06
-1.26035e-06
-1.98338e-08
-1.13237e-10
-6.3274e-13
-3.29309e-15
-1.75923e-17
5.06432e-18
7.94119e-20
-7.32247e-21
-1.40131e-22
9.79251e-24
1.33981e-25
-1.67776e-26
-9.31128e-29
2.94373e-29
1.14107e-31
-4.54066e-32
-3.51738e-34
5.32307e-35
6.60116e-37
-4.70621e-38
-8.03691e-40
3.08882e-41
6.08571e-43
-1.7864e-44
-3.27352e-46
1.11143e-47
1.34579e-49
-8.22063e-51
-8.7978e-53
4.64883e-54
5.27482e-56
-2.06826e-57
-2.7328e-59
6.68003e-61
1.15792e-62
-1.82043e-64
-4.72035e-66
3.59999e-68
1.83542e-69
-2.74713e-73
-6.50519e-73
-5.37005e-75
1.68777e-76
3.30559e-78
-2.05526e-80
-1.22474e-81
-7.86295e-84
2.37694e-85
4.69979e-87
-2.65724e-90
-1.11527e-90
-1.34952e-92
4.0896e-95
2.55389e-96
1.39159e-98
-3.87149e-100
-6.55189e-102
5.39885e-104
3.94772e-105
8.55769e-107
1.04409e-108
1.17114e-111
-3.6133e-112
-1.36185e-113
-3.6304e-115
-8.36161e-117
-1.73764e-118
-3.3441e-120
-6.02997e-122
-1.02175e-123
-1.64285e-125
-2.50948e-127
-3.64781e-129
-5.06028e-131
-6.70064e-133
-8.46144e-135
-1.01988e-136
-1.17301e-138
-1.28651e-140
-1.34551e-142
-1.34125e-144
-1.27333e-146
-1.15196e-148
-9.92293e-151
-8.12387e-153
-6.33296e-155
-4.6959e-157
-3.30394e-159
-2.21307e-161
-1.40898e-163
-8.5162e-166
-4.91129e-168
-2.68999e-170
-1.41106e-172
-7.06263e-175
-3.40424e-177
-1.57687e-179
-7.1009e-182
-3.1105e-184
-1.33894e-186
-5.69418e-189
-2.40918e-191
-1.02315e-193
-4.38466e-196
-1.91097e-198
-8.51052e-201
-3.893e-203
-1.83637e-205
-8.95992e-208
-4.53535e-210
-2.38349e-212
-1.30436e-214
-7.4301e-217
-4.40966e-219
-2.72826e-221
-1.7583e-223
-1.18054e-225
-8.25717e-228
-6.01062e-230
-4.55076e-232
-3.58297e-234
-2.93038e-236
-2.48804e-238
-2.19127e-240
-1.99982e-242
-1.89004e-244
-1.84892e-246
-1.8683e-248
-1.94968e-250
-2.10034e-252
-2.32983e-254
-2.66045e-256
-3.12706e-258
-3.76866e-260
-4.66162e-262
-5.90012e-264
-7.63355e-266
-1.00747e-267
-1.35341e-269
-1.84595e-271
-2.55037e-273
-3.5567e-275
-4.99288e-277
-7.03393e-279
-9.89038e-281
-1.38533e-282
-1.92015e-284
-2.61615e-286
-3.50543e-288
-4.57061e-290
-5.80383e-292
-7.09707e-294
-8.35909e-296
-9.36683e-298
-9.95605e-300
-9.86529e-302
-8.95134e-304
-7.05196e-306
-5.27171e-308
-3.78174e-310
-2.63542e-312
-1.8074e-314
-1.27445e-316
0
0
0
0
0
0
0
0
0
0
0
0
0
0
0
0
0
0
0
0
0
0
0
0
0
0
0
0
0
0
0
0
0
0
0.0478166
4.19459e-06
-1.3344e-06
-2.15944e-08
-1.33082e-10
-8.21153e-13
-4.92977e-15
-3.20447e-17
6.1493e-18
1.05339e-19
-9.99148e-21
-2.17144e-22
1.17455e-23
2.08067e-25
-2.07953e-26
-1.90929e-28
3.5821e-29
2.12785e-31
-5.72325e-32
-5.54335e-34
6.78266e-35
9.76384e-37
-6.05528e-38
-1.19068e-39
3.88891e-41
9.07219e-43
-2.18369e-44
-4.97823e-46
1.34502e-47
2.07451e-49
-1.05939e-50
-1.39519e-52
6.13035e-54
8.4355e-56
-2.9556e-57
-4.90608e-59
1.04449e-60
2.33149e-62
-2.93366e-64
-1.01539e-65
4.57727e-68
3.91421e-69
1.0786e-71
-1.29951e-72
-1.46847e-74
2.93562e-76
7.36192e-78
-1.78919e-80
-2.37719e-81
-2.18427e-83
3.63737e-85
9.45148e-87
2.5298e-89
-1.78489e-90
-2.76435e-92
-2.84188e-95
3.62629e-96
2.80589e-98
-5.09846e-100
-1.00807e-101
8.62493e-104
6.79723e-105
1.59663e-106
2.27922e-108
1.38821e-110
-3.85262e-112
-1.89807e-113
-5.38177e-115
-1.25299e-116
-2.57349e-118
-4.82459e-120
-8.39087e-122
-1.36151e-123
-2.08283e-125
-3.01227e-127
-4.12938e-129
-5.38564e-131
-6.69187e-133
-7.92334e-135
-8.95446e-137
-9.66645e-139
-9.96995e-141
-9.83276e-143
-9.27608e-145
-8.37071e-147
-7.23464e-149
-5.98899e-151
-4.74388e-153
-3.60354e-155
-2.62472e-157
-1.8304e-159
-1.22596e-161
-7.88286e-164
-4.86226e-166
-2.88996e-168
-1.65003e-170
-9.10884e-173
-4.85169e-175
-2.51022e-177
-1.26076e-179
-6.19527e-182
-2.9833e-184
-1.41738e-186
-6.67332e-189
-3.1362e-191
-1.47482e-193
-6.99898e-196
-3.35516e-198
-1.63594e-200
-8.12872e-203
-4.1316e-205
-2.15156e-207
-1.15212e-209
-6.33033e-212
-3.59725e-214
-2.10003e-216
-1.26691e-218
-7.90109e-221
-5.07977e-223
-3.38025e-225
-2.32937e-227
-1.6578e-229
-1.222e-231
-9.35476e-234
-7.41458e-236
-6.10466e-238
-5.22455e-240
-4.64952e-242
-4.32601e-244
-4.21128e-246
-4.23309e-248
-4.49994e-250
-5.04549e-252
-5.74427e-254
-6.98647e-256
-8.91269e-258
-1.11304e-259
-1.52032e-261
-2.02429e-263
-2.78826e-265
-3.83234e-267
-5.2001e-269
-6.96427e-271
-9.28355e-273
-1.10671e-274
-1.47194e-276
-1.30163e-278
-1.34395e-280
-1.73525e-282
-2.43759e-284
-3.39426e-286
-4.65292e-288
-6.23532e-290
-8.14527e-292
-1.02902e-293
-1.25405e-295
-1.46172e-297
-1.62374e-299
-1.70243e-301
-1.67424e-303
-1.48682e-305
-1.25186e-307
-1.01575e-309
-1.10518e-311
-1.46554e-313
-1.66076e-315
-1.81971e-317
0
0
0
0
0
0
0
0
0
0
0
0
0
0
0
0
0
0
0
0
0
0
0
0
0
0
0
0
0
0
0
0
0
0.0479471
4.21479e-06
-1.34129e-06
-2.17772e-08
-1.34592e-10
-8.32712e-13
-5.00984e-15
-3.26301e-17
6.31105e-18
1.08592e-19
-1.02757e-20
-2.24605e-22
1.21546e-23
2.17412e-25
-2.16059e-26
-2.02155e-28
3.74004e-29
2.29308e-31
-6.00134e-32
-5.93706e-34
7.14093e-35
1.04577e-36
-6.3985e-38
-1.27931e-39
4.11995e-41
9.80881e-43
-2.32067e-44
-5.43642e-46
1.44056e-47
2.3059e-49
-1.15357e-50
-1.58275e-52
6.80041e-54
9.86587e-56
-3.40016e-57
-6.0641e-59
1.24082e-60
3.0298e-62
-3.58749e-64
-1.42595e-65
4.79921e-68
5.90049e-69
2.64373e-71
-2.03586e-72
-2.843e-74
4.42021e-76
1.40141e-77
2.60248e-81
-4.35259e-81
-5.19198e-83
5.53451e-85
1.95388e-86
1.02703e-88
-3.04143e-90
-5.76658e-92
-1.4444e-94
7.26727e-96
8.23904e-98
-4.46331e-100
-1.11597e-101
3.39786e-103
1.76576e-104
4.20964e-106
6.8316e-108
7.14204e-110
-8.32069e-113
-3.05784e-113
-1.09882e-114
-2.92971e-116
-6.73419e-118
-1.40405e-119
-2.71524e-121
-4.91523e-123
-8.40857e-125
-1.36417e-126
-2.10375e-128
-3.09172e-130
-4.33447e-132
-5.79714e-134
-7.40131e-136
-9.0217e-138
-1.04971e-139
-1.16604e-141
-1.23644e-143
-1.25098e-145
-1.20821e-147
-1.11387e-149
-9.79242e-152
-8.21819e-154
-6.58478e-156
-5.03179e-158
-3.6738e-160
-2.56354e-162
-1.70917e-164
-1.09242e-166
-6.68659e-169
-3.93798e-171
-2.2322e-173
-1.22425e-175
-6.50963e-178
-3.37594e-180
-1.71482e-182
-8.58352e-185
-4.25717e-187
-2.10583e-189
-1.04424e-191
-5.22959e-194
-2.65432e-196
-1.37353e-198
-7.27177e-201
-3.95398e-203
-2.21375e-205
-1.28033e-207
-7.65031e-210
-4.74413e-212
-3.04688e-214
-2.03162e-216
-1.40748e-218
-1.01212e-220
-7.5627e-223
-5.87279e-225
-4.73436e-227
-3.96228e-229
-3.44329e-231
-3.10339e-233
-2.8999e-235
-2.80754e-237
-2.81371e-239
-2.91774e-241
-3.12823e-243
-3.45957e-245
-3.94755e-247
-4.64319e-249
-5.61022e-251
-6.96562e-253
-8.8751e-255
-1.15446e-256
-1.5358e-258
-2.07875e-260
-2.85932e-262
-3.98407e-264
-5.60684e-266
-7.9473e-268
-1.13192e-269
-1.6135e-271
-2.30169e-273
-3.26727e-275
-4.62709e-277
-6.52828e-279
-9.10766e-281
-1.25061e-282
-1.6932e-284
-2.25298e-286
-2.93721e-288
-3.73248e-290
-4.60725e-292
-5.48844e-294
-6.27963e-296
-6.84e-298
-7.04494e-300
-6.65425e-302
-5.92352e-304
-5.04448e-306
-4.16005e-308
-3.37625e-310
-2.75167e-312
-2.27923e-314
-1.81974e-316
0
0
0
0
0
0
0
0
0
0
0
0
0
0
0
0
0
0
0
0
0
0
0
0
0
0
0
0
0
0
0
0
0.0480788
4.23761e-06
-1.34823e-06
-2.19285e-08
-1.35504e-10
-8.37774e-13
-5.03075e-15
-3.26763e-17
6.40903e-18
1.10393e-19
-1.04141e-20
-2.27968e-22
1.24167e-23
2.22381e-25
-2.21162e-26
-2.07517e-28
3.84794e-29
2.39137e-31
-6.19328e-32
-6.19091e-34
7.39911e-35
1.09409e-36
-6.65641e-38
-1.34377e-39
4.30724e-41
1.0376e-42
-2.44252e-44
-5.81215e-46
1.53364e-47
2.51642e-49
-1.2481e-50
-1.7713e-52
7.51271e-54
1.1448e-55
-3.88564e-57
-7.42061e-59
1.47663e-60
3.95266e-62
-4.29357e-64
-1.92397e-65
4.35817e-68
8.00383e-69
4.48267e-71
-2.70535e-72
-4.13073e-74
5.48858e-76
1.91335e-77
1.97328e-80
-5.65998e-81
-7.07756e-83
6.61223e-85
2.47424e-86
1.32527e-88
-3.76589e-90
-7.1204e-92
-1.86178e-94
8.27932e-96
8.47737e-98
-7.69012e-100
-1.68193e-101
3.01561e-103
1.73544e-104
3.99081e-106
5.96408e-108
5.00656e-110
-4.50036e-112
-3.42018e-113
-1.06176e-114
-2.60755e-116
-5.61333e-118
-1.10341e-119
-2.01833e-121
-3.4603e-123
-5.61605e-125
-8.65495e-127
-1.26969e-128
-1.77866e-130
-2.38206e-132
-3.05057e-134
-3.74014e-136
-4.3927e-138
-4.94247e-140
-5.33066e-142
-5.51226e-144
-5.46434e-146
-5.19755e-148
-4.74383e-150
-4.15055e-152
-3.48718e-154
-2.81295e-156
-2.17599e-158
-1.61787e-160
-1.15605e-162
-7.9334e-165
-5.24832e-167
-3.3396e-169
-2.05496e-171
-1.22147e-173
-7.05359e-176
-3.95901e-178
-2.17405e-180
-1.17113e-182
-6.22663e-185
-3.28304e-187
-1.72674e-189
-9.101e-192
-4.83572e-194
-2.59979e-196
-1.42102e-198
-7.92114e-201
-4.51713e-203
-2.64068e-205
-1.58658e-207
-9.79652e-210
-6.23885e-212
-4.09082e-214
-2.76682e-216
-1.93139e-218
-1.39029e-220
-1.03292e-222
-7.92255e-225
-6.2683e-227
-5.11691e-229
-4.31127e-231
-3.74643e-233
-3.35806e-235
-3.10393e-237
-2.95745e-239
-2.9051e-241
-2.94161e-243
-3.06458e-245
-3.28858e-247
-3.63412e-249
-4.11971e-251
-4.80182e-253
-5.74593e-255
-7.01471e-257
-8.78065e-259
-1.11796e-260
-1.44886e-262
-1.9041e-264
-2.52879e-266
-3.38758e-268
-4.56717e-270
-6.16151e-272
-8.36668e-274
-1.12626e-275
-1.52073e-277
-2.05576e-279
-2.76904e-281
-3.70667e-283
-4.90891e-285
-6.40265e-287
-8.20844e-289
-1.02888e-290
-1.25843e-292
-1.49265e-294
-1.71185e-296
-1.88316e-298
-1.97789e-300
-1.9174e-302
-1.76464e-304
-1.5607e-306
-1.35254e-308
-1.16744e-310
-1.00232e-312
-8.71136e-315
-7.2998e-317
0
0
0
0
0
0
0
0
0
0
0
0
0
0
0
0
0
0
0
0
0
0
0
0
0
0
0
0
0
0
0
0
0.0482122
4.26797e-06
-1.35769e-06
-2.21361e-08
-1.37039e-10
-8.48758e-13
-5.10392e-15
-3.31947e-17
6.54469e-18
1.13078e-19
-1.06498e-20
-2.34059e-22
1.27568e-23
2.29995e-25
-2.27905e-26
-2.16561e-28
3.98176e-29
2.52903e-31
-6.43245e-32
-6.52872e-34
7.71559e-35
1.15586e-36
-6.96967e-38
-1.42555e-39
4.52876e-41
1.10892e-42
-2.58288e-44
-6.28331e-46
1.63984e-47
2.77801e-49
-1.35954e-50
-2.0063e-52
8.35635e-54
1.34053e-55
-4.45573e-57
-9.08086e-59
1.74094e-60
5.05793e-62
-5.08251e-64
-2.56761e-65
3.17956e-68
1.09117e-68
7.47273e-71
-3.67808e-72
-6.28502e-74
6.96575e-76
2.82424e-77
6.632e-80
-8.02352e-81
-1.11792e-82
8.05344e-85
3.62051e-86
2.29804e-88
-4.98921e-90
-1.02345e-91
-3.15526e-94
1.15046e-95
1.2929e-97
-7.98284e-100
-1.87385e-101
4.80134e-103
2.46496e-104
5.58642e-106
8.444e-108
7.69573e-110
-3.82584e-112
-4.13205e-113
-1.34761e-114
-3.40651e-116
-7.53419e-118
-1.52353e-119
-2.87386e-121
-5.09964e-123
-8.58934e-125
-1.37762e-126
-2.10899e-128
-3.08893e-130
-4.33237e-132
-5.81939e-134
-7.49077e-136
-9.24246e-138
-1.09297e-139
-1.23912e-141
-1.34684e-143
-1.40316e-145
-1.40198e-147
-1.34364e-149
-1.23418e-151
-1.08794e-153
-9.20464e-156
-7.46901e-158
-5.82333e-160
-4.36409e-162
-3.14266e-164
-2.1819e-166
-1.4586e-168
-9.43242e-171
-5.8992e-173
-3.58639e-175
-2.12184e-177
-1.22885e-179
-6.98808e-182
-3.92412e-184
-2.18596e-186
-1.21515e-188
-6.76946e-191
-3.80218e-193
-2.1604e-195
-1.24778e-197
-7.34808e-200
-4.42596e-202
-2.73265e-204
-1.73397e-206
-1.13098e-208
-7.61079e-211
-5.27582e-213
-3.77497e-215
-2.79013e-217
-2.12869e-219
-1.67803e-221
-1.36716e-223
-1.15027e-225
-9.9958e-228
-8.97363e-230
-8.31479e-232
-7.95009e-234
-7.8396e-236
-7.96698e-238
-8.34058e-240
-8.98858e-242
-9.95095e-244
-1.13178e-245
-1.32132e-247
-1.57788e-249
-1.9281e-251
-2.40693e-253
-3.05471e-255
-3.94694e-257
-5.16646e-259
-6.84262e-261
-9.14275e-263
-1.22895e-264
-1.65815e-266
-2.2412e-268
-3.02462e-270
-4.07804e-272
-5.46346e-274
-7.29952e-276
-9.73233e-278
-1.28524e-279
-1.68142e-281
-2.17712e-283
-2.78338e-285
-3.50674e-287
-4.33678e-289
-5.25347e-291
-6.20245e-293
-7.11572e-295
-7.87886e-297
-8.39002e-299
-8.36067e-301
-7.95724e-303
-7.30052e-305
-6.52547e-307
-5.74864e-309
-5.04212e-311
-4.44771e-313
-3.93509e-315
-3.64776e-317
0
0
0
0
0
0
0
0
0
0
0
0
0
0
0
0
0
0
0
0
0
0
0
0
0
0
0
0
0
0
0
0.0483466
4.30095e-06
-1.36794e-06
-2.23584e-08
-1.38696e-10
-8.60708e-13
-5.18481e-15
-3.37797e-17
6.6819e-18
1.15801e-19
-1.08944e-20
-2.40383e-22
1.31028e-23
2.37804e-25
-2.34869e-26
-2.26035e-28
4.12052e-29
2.67379e-31
-6.68316e-32
-6.88826e-34
8.05019e-35
1.22212e-36
-7.30413e-38
-1.51426e-39
4.76736e-41
1.18725e-42
-2.73574e-44
-6.80969e-46
1.75732e-47
3.07698e-49
-1.48513e-50
-2.28047e-52
9.31462e-54
1.5718e-55
-5.10344e-57
-1.10594e-58
2.03719e-60
6.40409e-62
-5.8841e-64
-3.34639e-65
8.63269e-69
1.43767e-68
1.14804e-70
-4.79649e-72
-8.99061e-74
8.38937e-76
3.90485e-77
1.31159e-79
-1.06678e-80
-1.60413e-82
9.2576e-85
4.87347e-86
3.3855e-88
-6.30094e-90
-1.36089e-91
-4.6368e-94
1.45592e-95
1.66887e-97
-9.9141e-100
-2.33628e-101
6.00798e-103
3.02573e-104
6.72758e-106
9.94036e-108
8.73033e-110
-5.01125e-112
-4.81086e-113
-1.53247e-114
-3.81324e-116
-8.32956e-118
-1.66718e-119
-3.11861e-121
-5.49723e-123
-9.21443e-125
-1.47344e-126
-2.25301e-128
-3.30254e-130
-4.64486e-132
-6.26946e-134
-8.12664e-136
-1.012e-137
-1.21059e-139
-1.39161e-141
-1.53738e-143
-1.63191e-145
-1.66544e-147
-1.63427e-149
-1.54076e-151
-1.39747e-153
-1.21936e-155
-1.02283e-157
-8.26225e-160
-6.42925e-162
-4.81752e-164
-3.48726e-166
-2.43535e-168
-1.64812e-170
-1.08055e-172
-6.89668e-175
-4.28977e-177
-2.61482e-179
-1.56651e-181
-9.27336e-184
-5.44831e-186
-3.19443e-188
-1.87681e-190
-1.11117e-192
-6.65109e-195
-4.0428e-197
-2.50276e-199
-1.58254e-201
-1.02419e-203
-6.80034e-206
-4.63308e-208
-3.24963e-210
-2.34319e-212
-1.73997e-214
-1.33138e-216
-1.04903e-218
-8.51793e-221
-7.12903e-223
-6.14513e-225
-5.45593e-227
-4.99005e-229
-4.69765e-231
-4.55096e-233
-4.53477e-235
-4.64467e-237
-4.88814e-239
-5.28273e-241
-5.85198e-243
-6.6446e-245
-7.72748e-247
-9.1753e-249
-1.11258e-250
-1.37549e-252
-1.72618e-254
-2.20114e-256
-2.83898e-258
-3.69845e-260
-4.85322e-262
-6.39709e-264
-8.45285e-266
-1.11754e-267
-1.47423e-269
-1.94195e-271
-2.54489e-273
-3.32554e-275
-4.31742e-277
-5.57675e-279
-7.15241e-281
-9.09627e-283
-1.14495e-284
-1.4242e-286
-1.74482e-288
-2.10176e-290
-2.47828e-292
-2.85293e-294
-3.18581e-296
-3.44149e-298
-3.50586e-300
-3.42717e-302
-3.23863e-304
-2.98712e-306
-2.71652e-308
-2.45467e-310
-2.22355e-312
-2.01377e-314
-1.82934e-316
0
0
0
0
0
0
0
0
0
0
0
0
0
0
0
0
0
0
0
0
0
0
0
0
0
0
0
0
0
0
0
0.048482
4.3356e-06
-1.37875e-06
-2.25942e-08
-1.40488e-10
-8.73847e-13
-5.27559e-15
-3.44506e-17
6.82765e-18
1.1872e-19
-1.1158e-20
-2.47263e-22
1.34671e-23
2.46232e-25
-2.42238e-26
-2.36404e-28
4.26729e-29
2.83127e-31
-6.9503e-32
-7.2792e-34
8.40865e-35
1.29435e-36
-7.66463e-38
-1.61164e-39
5.02548e-41
1.27401e-42
-2.90185e-44
-7.39956e-46
1.88632e-47
3.41744e-49
-1.6255e-50
-2.59778e-52
1.03922e-53
1.84247e-55
-5.83369e-57
-1.33997e-58
2.36624e-60
8.01354e-62
-6.70465e-64
-4.28759e-65
-2.81829e-68
1.85536e-68
1.67964e-70
-6.11519e-72
-1.24553e-73
9.79376e-76
5.25047e-77
2.23803e-79
-1.38277e-80
-2.22527e-82
1.02229e-84
6.39151e-86
4.78551e-88
-7.77408e-90
-1.76275e-91
-6.46643e-94
1.81252e-95
2.12122e-97
-1.1764e-99
-2.79337e-101
7.4905e-103
3.67004e-104
8.01537e-106
1.16258e-107
9.95659e-110
-6.06869e-112
-5.50059e-113
-1.72676e-114
-4.25457e-116
-9.23054e-118
-1.83926e-119
-3.43257e-121
-6.05058e-123
-1.01631e-124
-1.63201e-126
-2.51128e-128
-3.71174e-130
-5.27372e-132
-7.20459e-134
-9.46863e-136
-1.19759e-137
-1.45751e-139
-1.70744e-141
-1.92544e-143
-2.08973e-145
-2.18411e-147
-2.19852e-149
-2.12985e-151
-1.98831e-153
-1.78866e-155
-1.54968e-157
-1.2951e-159
-1.04447e-161
-8.12588e-164
-6.11731e-166
-4.45089e-168
-3.14311e-170
-2.15385e-172
-1.43881e-174
-9.37985e-177
-5.9988e-179
-3.77425e-181
-2.34798e-183
-1.45033e-185
-8.94134e-188
-5.52315e-190
-3.43651e-192
-2.16044e-194
-1.37806e-196
-8.94345e-199
-5.92138e-201
-4.00754e-203
-2.77861e-205
-1.97407e-207
-1.44149e-209
-1.0805e-211
-8.3272e-214
-6.60225e-216
-5.38182e-218
-4.51358e-220
-3.89545e-222
-3.45707e-224
-3.155e-226
-2.96122e-228
-2.85606e-230
-2.82995e-232
-2.87914e-234
-3.00547e-236
-3.21754e-238
-3.53013e-240
-3.96199e-242
-4.54765e-244
-5.33404e-246
-6.37273e-248
-7.75603e-250
-9.59895e-252
-1.20305e-253
-1.52786e-255
-1.95793e-257
-2.52799e-259
-3.28047e-261
-4.26711e-263
-5.55409e-265
-7.22167e-267
-9.35899e-269
-1.20984e-270
-1.55496e-272
-1.99116e-274
-2.53845e-276
-3.21715e-278
-4.05245e-280
-5.06943e-282
-6.28932e-284
-7.72969e-286
-9.38414e-288
-1.12382e-289
-1.32243e-291
-1.52529e-293
-1.71382e-295
-1.87176e-297
-1.94102e-299
-1.94037e-301
-1.88094e-303
-1.78236e-305
-1.66524e-307
-1.54396e-309
-1.4314e-311
-1.32422e-313
-1.22937e-315
-1.82854e-317
0
0
0
0
0
0
0
0
0
0
0
0
0
0
0
0
0
0
0
0
0
0
0
0
0
0
0
0
0
0
0.0486182
4.37139e-06
-1.38996e-06
-2.28399e-08
-1.4238e-10
-8.87871e-13
-5.37361e-15
-3.51833e-17
6.98074e-18
1.21806e-19
-1.14371e-20
-2.54602e-22
1.38482e-23
2.55209e-25
-2.49977e-26
-2.47568e-28
4.42164e-29
3.00082e-31
-7.23289e-32
-7.70016e-34
8.7897e-35
1.37236e-36
-8.04989e-38
-1.71747e-39
5.30224e-41
1.36906e-42
-3.08061e-44
-8.05276e-46
2.02648e-47
3.80029e-49
-1.7805e-50
-2.96025e-52
1.15895e-53
2.15542e-55
-6.6486e-57
-1.61385e-58
2.72776e-60
9.91786e-62
-7.51395e-64
-5.40851e-65
-8.21154e-68
2.35017e-68
2.36487e-70
-7.63881e-72
-1.67788e-73
1.10833e-75
6.88123e-77
3.48884e-79
-1.75032e-80
-2.9912e-82
1.08292e-84
8.17138e-86
6.50152e-88
-9.40428e-90
-2.22835e-91
-8.65725e-94
2.21012e-95
2.62581e-97
-1.39028e-99
-3.30597e-101
9.09004e-103
4.35313e-104
9.34335e-106
1.3293e-107
1.10485e-109
-7.35302e-112
-6.1956e-113
-1.91138e-114
-4.65443e-116
-1.00109e-117
-1.98183e-119
-3.68198e-121
-6.47437e-123
-1.08693e-124
-1.74793e-126
-2.69886e-128
-4.01026e-130
-5.73883e-132
-7.9112e-134
-1.05106e-135
-1.34627e-137
-1.66224e-139
-1.97898e-141
-2.27196e-143
-2.51478e-145
-2.68514e-147
-2.76603e-149
-2.74715e-151
-2.63374e-153
-2.43732e-155
-2.17632e-157
-1.87764e-159
-1.56602e-161
-1.26224e-163
-9.86085e-166
-7.45855e-168
-5.48385e-170
-3.91889e-172
-2.73376e-174
-1.86357e-176
-1.24756e-178
-8.22387e-181
-5.36363e-183
-3.47477e-185
-2.24698e-187
-1.45568e-189
-9.49464e-192
-6.25347e-194
-4.17521e-196
-2.83337e-198
-1.95921e-200
-1.38305e-202
-9.98741e-205
-7.3797e-207
-5.59521e-209
-4.34808e-211
-3.46829e-213
-2.84131e-215
-2.38917e-217
-2.06337e-219
-1.83059e-221
-1.6671e-223
-1.5585e-225
-1.49566e-227
-1.4723e-229
-1.48614e-231
-1.53733e-233
-1.62855e-235
-1.76575e-237
-1.95801e-239
-2.21658e-241
-2.5607e-243
-3.01631e-245
-3.61132e-247
-4.39468e-249
-5.42566e-251
-6.76983e-253
-8.53962e-255
-1.08484e-256
-1.38574e-258
-1.77589e-260
-2.27768e-262
-2.91921e-264
-3.73315e-266
-4.75469e-268
-6.03594e-270
-7.61709e-272
-9.57725e-274
-1.1988e-275
-1.49303e-277
-1.85016e-279
-2.2802e-281
-2.79221e-283
-3.39466e-285
-4.0876e-287
-4.86948e-289
-5.71897e-291
-6.60633e-293
-7.46085e-295
-8.22276e-297
-8.65578e-299
-8.81957e-301
-8.74008e-303
-8.48079e-305
-8.11623e-307
-7.7016e-309
-7.29315e-311
-6.87923e-313
-6.46016e-315
-5.50247e-317
0
0
0
0
0
0
0
0
0
0
0
0
0
0
0
0
0
0
0
0
0
0
0
0
0
0
0
0
0
0
0.0487552
4.40805e-06
-1.40147e-06
-2.30938e-08
-1.44354e-10
-9.02624e-13
-5.4776e-15
-3.5967e-17
7.1408e-18
1.25051e-19
-1.17303e-20
-2.62365e-22
1.42459e-23
2.64717e-25
-2.58074e-26
-2.59499e-28
4.58343e-29
3.18243e-31
-7.53059e-32
-8.15096e-34
9.19282e-35
1.45611e-36
-8.45918e-38
-1.83167e-39
5.5969e-41
1.47235e-42
-3.27139e-44
-8.76924e-46
2.17729e-47
4.22624e-49
-1.94987e-50
-3.36962e-52
1.2906e-53
2.51326e-55
-7.5493e-57
-1.93105e-58
3.12084e-60
1.21463e-61
-8.28358e-64
-6.72731e-65
-1.56684e-67
2.92869e-68
3.22773e-70
-9.37411e-72
-2.20699e-73
1.21662e-75
8.82254e-77
5.11507e-79
-2.17099e-80
-3.91512e-82
1.09723e-84
1.02231e-85
8.55362e-88
-1.11871e-89
-2.75849e-91
-1.12053e-93
2.64991e-95
3.18306e-97
-1.62928e-99
-3.86209e-101
1.08144e-102
5.0719e-104
1.07018e-105
1.49296e-107
1.20082e-109
-8.81374e-112
-6.88067e-113
-2.08316e-114
-5.00769e-116
-1.06646e-117
-2.09469e-119
-3.86818e-121
-6.77379e-123
-1.13454e-124
-1.82364e-126
-2.81976e-128
-4.20355e-130
-6.04584e-132
-8.39201e-134
-1.12463e-135
-1.4556e-137
-1.81927e-139
-2.19635e-141
-2.56139e-143
-2.88507e-145
-3.14016e-147
-3.30313e-149
-3.3559e-151
-3.29695e-153
-3.13188e-155
-2.87588e-157
-2.55592e-159
-2.19982e-161
-1.83298e-163
-1.48274e-165
-1.16335e-167
-8.88597e-170
-6.60759e-172
-4.80264e-174
-3.41577e-176
-2.38818e-178
-1.64565e-180
-1.12264e-182
-7.61017e-185
-5.14973e-187
-3.49063e-189
-2.38103e-191
-1.63901e-193
-1.14266e-195
-8.08855e-198
-5.827e-200
-4.27986e-202
-3.21095e-204
-2.46142e-206
-1.93286e-208
-1.55328e-210
-1.27911e-212
-1.07996e-214
-9.3434e-217
-8.28788e-219
-7.53864e-221
-7.02641e-223
-6.71072e-225
-6.5672e-227
-6.58002e-229
-6.74774e-231
-7.07786e-233
-7.58803e-235
-8.30971e-237
-9.2879e-239
-1.05772e-240
-1.22663e-242
-1.4474e-244
-1.73241e-246
-2.10321e-248
-2.58494e-250
-3.20503e-252
-4.00923e-254
-5.04227e-256
-6.36577e-258
-8.05151e-260
-1.01788e-261
-1.28462e-263
-1.61632e-265
-2.02446e-267
-2.52617e-269
-3.13385e-271
-3.87377e-273
-4.76829e-275
-5.84426e-277
-7.13456e-279
-8.67381e-281
-1.04955e-282
-1.26341e-284
-1.5099e-286
-1.78994e-288
-2.09819e-290
-2.42649e-292
-2.75188e-294
-3.05604e-296
-3.25866e-298
-3.3758e-300
-3.41084e-302
-3.38009e-304
-3.30533e-306
-3.20309e-308
-3.09279e-310
-2.96996e-312
-2.83947e-314
-2.57579e-316
0
0
0
0
0
0
0
0
0
0
0
0
0
0
0
0
0
0
0
0
0
0
0
0
0
0
0
0
0
0
0.048893
4.44547e-06
-1.41323e-06
-2.33548e-08
-1.464e-10
-9.18022e-13
-5.58684e-15
-3.67954e-17
7.30765e-18
1.28449e-19
-1.20369e-20
-2.70534e-22
1.46598e-23
2.74747e-25
-2.66519e-26
-2.72184e-28
4.75253e-29
3.37607e-31
-7.84298e-32
-8.63129e-34
9.61727e-35
1.5455e-36
-8.89151e-38
-1.95407e-39
5.90851e-41
1.58368e-42
-3.47337e-44
-9.54797e-46
2.33809e-47
4.69526e-49
-2.13311e-50
-3.8269e-52
1.4339e-53
2.91801e-55
-8.53551e-57
-2.29461e-58
3.54383e-60
1.47268e-61
-8.98087e-64
-8.26176e-65
-2.5568e-67
3.59725e-68
4.29356e-70
-1.13258e-71
-2.84405e-73
1.29398e-75
1.10991e-76
7.16888e-79
-2.64595e-80
-5.00959e-82
1.05483e-84
1.25546e-85
1.09584e-87
-1.31183e-89
-3.35351e-91
-1.41055e-93
3.13192e-95
3.79114e-97
-1.89276e-99
-4.45589e-101
1.26575e-102
5.82056e-104
1.20769e-105
1.65171e-107
1.28268e-109
-1.04236e-111
-7.54599e-113
-2.24015e-114
-5.31174e-116
-1.11903e-117
-2.17831e-119
-3.99332e-121
-6.9543e-123
-1.16026e-124
-1.86101e-126
-2.87657e-128
-4.29429e-130
-6.19574e-132
-8.64256e-134
-1.16594e-135
-1.52179e-137
-1.9214e-139
-2.34737e-141
-2.77505e-143
-3.17419e-145
-3.51446e-147
-3.76718e-149
-3.90716e-151
-3.92537e-153
-3.81974e-155
-3.59966e-157
-3.28877e-159
-2.91496e-161
-2.50575e-163
-2.09454e-165
-1.70114e-167
-1.34711e-169
-1.04015e-171
-7.86079e-174
-5.82079e-176
-4.24137e-178
-3.04864e-180
-2.17068e-182
-1.53635e-184
-1.08554e-186
-7.68171e-189
-5.46761e-191
-3.92473e-193
-2.85062e-195
-2.10005e-197
-1.57252e-199
-1.19895e-201
-9.3235e-204
-7.39729e-206
-6.00201e-208
-4.97595e-210
-4.22015e-212
-3.66325e-214
-3.25288e-216
-2.95625e-218
-2.75008e-220
-2.61677e-222
-2.5468e-224
-2.53506e-226
-2.57877e-228
-2.67979e-230
-2.84296e-232
-3.07671e-234
-3.39454e-236
-3.81487e-238
-4.35977e-240
-5.06359e-242
-5.9719e-244
-7.13062e-246
-8.61927e-248
-1.05271e-249
-1.29497e-251
-1.60428e-253
-1.99536e-255
-2.48779e-257
-3.10397e-259
-3.86719e-261
-4.80644e-263
-5.95219e-265
-7.33595e-267
-9.00552e-269
-1.09934e-270
-1.3374e-272
-1.62086e-274
-1.95746e-276
-2.35692e-278
-2.82975e-280
-3.3868e-282
-4.03995e-284
-4.79497e-286
-5.65889e-288
-6.62178e-290
-7.66525e-292
-8.72495e-294
-9.75346e-296
-1.05194e-297
-1.10595e-299
-1.13699e-301
-1.14835e-303
-1.14518e-305
-1.13132e-307
-1.11216e-309
-1.08592e-311
-1.05341e-313
-1.01509e-315
-1.83923e-317
0
0
0
0
0
0
0
0
0
0
0
0
0
0
0
0
0
0
0
0
0
0
0
0
0
0
0
0
0
0.0490317
4.48357e-06
-1.42523e-06
-2.36225e-08
-1.48514e-10
-9.34024e-13
-5.70099e-15
-3.76656e-17
7.48127e-18
1.32002e-19
-1.23564e-20
-2.79098e-22
1.50897e-23
2.85287e-25
-2.75306e-26
-2.85583e-28
4.92878e-29
3.58109e-31
-8.16972e-32
-9.13997e-34
1.00624e-34
1.64036e-36
-9.34583e-38
-2.0844e-39
6.23589e-41
1.70279e-42
-3.68546e-44
-1.03867e-45
2.50796e-47
5.20638e-49
-2.3294e-50
-4.33208e-52
1.58835e-53
3.37081e-55
-9.60522e-57
-2.70698e-58
3.99433e-60
1.76846e-61
-9.56964e-64
-1.00291e-64
-3.8316e-67
4.36211e-68
5.58944e-70
-1.3497e-71
-3.60088e-73
1.32898e-75
1.37356e-76
9.70446e-79
-3.17605e-80
-6.2868e-82
9.45355e-85
1.51724e-85
1.37303e-87
-1.51935e-89
-4.01337e-91
-1.73494e-93
3.65602e-95
4.44797e-97
-2.17993e-99
-5.08157e-101
1.46123e-102
6.59348e-104
1.34558e-105
1.804e-107
1.34998e-109
-1.21537e-111
-8.18316e-113
-2.38099e-114
-5.56559e-116
-1.15904e-117
-2.23405e-119
-4.06139e-121
-7.0253e-123
-1.16601e-124
-1.86352e-126
-2.87497e-128
-4.29086e-130
-6.19955e-132
-8.67506e-134
-1.17598e-135
-1.54494e-137
-1.96678e-139
-2.42684e-141
-2.90272e-143
-3.36513e-145
-3.78277e-147
-4.12387e-149
-4.35776e-151
-4.4684e-153
-4.44551e-155
-4.2911e-157
-4.02251e-159
-3.66451e-161
-3.24351e-163
-2.79622e-165
-2.34632e-167
-1.92253e-169
-1.53844e-171
-1.20652e-173
-9.2834e-176
-7.03591e-178
-5.26488e-180
-3.90476e-182
-2.87974e-184
-2.12026e-186
-1.56315e-188
-1.15856e-190
-8.65396e-193
-6.53459e-195
-4.99937e-197
-3.88276e-199
-3.06633e-201
-2.46612e-203
-2.02063e-205
-1.69024e-207
-1.44237e-209
-1.25699e-211
-1.11922e-213
-1.01768e-215
-9.4538e-218
-8.97311e-220
-8.69588e-222
-8.60407e-224
-8.69044e-226
-8.95374e-228
-9.40619e-230
-1.00688e-231
-1.0974e-233
-1.21699e-235
-1.37206e-237
-1.57013e-239
-1.82249e-241
-2.14402e-243
-2.54907e-245
-3.06263e-247
-3.71136e-249
-4.52353e-251
-5.5438e-253
-6.81309e-255
-8.38366e-257
-1.03147e-258
-1.26632e-260
-1.55017e-262
-1.89012e-264
-2.29357e-266
-2.77196e-268
-3.33263e-270
-3.994e-272
-4.77091e-274
-5.68305e-276
-6.75597e-278
-8.01789e-280
-9.49969e-282
-1.1237e-283
-1.3253e-285
-1.55774e-287
-1.82003e-289
-2.1089e-291
-2.4086e-293
-2.70879e-295
-2.95222e-297
-3.14599e-299
-3.28613e-301
-3.3774e-303
-3.42954e-305
-3.44892e-307
-3.44755e-309
-3.41883e-311
-3.36384e-313
-3.27707e-315
-3.69009e-317
0
0
0
0
0
0
0
0
0
0
0
0
0
0
0
0
0
0
0
0
0
0
0
0
0
0
0
0
0
0.0491712
4.52237e-06
-1.43747e-06
-2.38971e-08
-1.50695e-10
-9.50625e-13
-5.81989e-15
-3.8605e-17
7.65213e-18
1.39656e-19
-1.24607e-20
-3.0927e-22
1.40387e-23
3.64134e-25
-2.26652e-26
-4.04307e-28
3.69859e-29
4.32421e-31
-6.13883e-32
-7.67861e-34
7.98118e-35
1.27585e-36
-8.20547e-38
-1.67083e-39
6.4911e-41
1.57784e-42
-4.32695e-44
-1.10593e-45
2.96891e-47
6.63149e-49
-2.34573e-50
-4.53283e-52
1.81011e-53
3.95654e-55
-1.06351e-56
-3.15366e-58
4.48995e-60
2.10676e-61
-9.97706e-64
-1.20419e-64
-5.42947e-67
5.23022e-68
7.14579e-70
-1.58881e-71
-4.49009e-73
1.30889e-75
1.67579e-76
1.27797e-78
-3.7619e-80
-7.75888e-82
7.58332e-85
1.80821e-85
1.68821e-87
-1.7408e-89
-4.73771e-91
-2.09266e-93
4.22185e-95
5.15117e-97
-2.48994e-99
-5.73359e-101
1.66709e-102
7.38514e-104
1.4827e-105
1.94855e-107
1.40263e-109
-1.39756e-111
-8.78526e-113
-2.50484e-114
-5.76964e-116
-1.18705e-117
-2.26392e-119
-4.07783e-121
-6.99912e-123
-1.15428e-124
-1.83581e-126
-2.82291e-128
-4.20593e-130
-6.07596e-132
-8.51502e-134
-1.15791e-135
-1.52853e-137
-1.95853e-139
-2.43649e-141
-2.94318e-143
-3.45189e-145
-3.93236e-147
-4.35199e-149
-4.67697e-151
-4.8857e-153
-4.96042e-155
-4.89544e-157
-4.69987e-159
-4.39275e-161
-3.99616e-163
-3.54665e-165
-3.06914e-167
-2.59742e-169
-2.15019e-171
-1.74675e-173
-1.39402e-175
-1.09693e-177
-8.52933e-180
-6.5771e-182
-5.04484e-184
-3.86318e-186
-2.96162e-188
-2.28132e-190
-1.7698e-192
-1.38658e-194
-1.09947e-196
-8.83881e-199
-7.21545e-201
-5.98941e-203
-5.05746e-205
-4.35229e-207
-3.81481e-209
-3.4088e-211
-3.1066e-213
-2.88624e-215
-2.73457e-217
-2.64238e-219
-2.60225e-221
-2.61174e-223
-2.67079e-225
-2.78081e-227
-2.9467e-229
-3.17571e-231
-3.47821e-233
-3.86892e-235
-4.3668e-237
-4.99392e-239
-5.78209e-241
-6.77313e-243
-8.00505e-245
-9.54544e-247
-1.14621e-248
-1.38262e-250
-1.6747e-252
-2.03215e-254
-2.46676e-256
-2.9919e-258
-3.61925e-260
-4.36437e-262
-5.24128e-264
-6.26496e-266
-7.45927e-268
-8.83886e-270
-1.04439e-271
-1.23068e-273
-1.44723e-275
-1.70006e-277
-1.9959e-279
-2.34259e-281
-2.74946e-283
-3.22387e-285
-3.7754e-287
-4.40572e-289
-5.11091e-291
-5.85713e-293
-6.62546e-295
-7.2932e-297
-7.87171e-299
-8.34626e-301
-8.71964e-303
-9.00565e-305
-9.20893e-307
-9.35013e-309
-9.40763e-311
-9.37938e-313
-9.28683e-315
-9.25466e-317
0
0
0
0
0
0
0
0
0
0
0
0
0
0
0
0
0
0
0
0
0
0
0
0
0
0
0
0
0
0.0493115
4.56193e-06
-1.44998e-06
-2.41789e-08
-1.52947e-10
-9.67841e-13
-5.94368e-15
-3.95561e-17
7.83979e-18
1.43627e-19
-1.27999e-20
-3.19214e-22
1.44545e-23
3.77746e-25
-2.3409e-26
-4.22332e-28
3.83379e-29
4.55764e-31
-6.39082e-32
-8.12251e-34
8.34484e-35
1.35378e-36
-8.61898e-38
-1.78149e-39
6.85012e-41
1.69456e-42
-4.59034e-44
-1.2001e-45
3.17632e-47
7.30402e-49
-2.54271e-50
-5.08319e-52
1.99214e-53
4.51705e-55
-1.18344e-56
-3.66344e-58
4.98983e-60
2.48452e-61
-1.02193e-63
-1.43231e-64
-7.40695e-67
6.20686e-68
8.99422e-70
-1.85011e-71
-5.52611e-73
1.21841e-75
2.01925e-76
1.64565e-78
-4.40391e-80
-9.43825e-82
4.82633e-85
2.12883e-85
2.04253e-87
-1.97569e-89
-5.52591e-91
-2.4826e-93
4.82859e-95
5.89781e-97
-2.82226e-99
-6.40718e-101
1.88233e-102
8.1899e-104
1.61792e-105
2.08422e-107
1.44067e-109
-1.58626e-111
-9.34671e-113
-2.61124e-114
-5.92523e-116
-1.20381e-117
-2.27034e-119
-4.04872e-121
-6.88926e-123
-1.1278e-124
-1.78298e-126
-2.72932e-128
-4.05416e-130
-5.84768e-132
-8.19545e-134
-1.11625e-135
-1.47828e-137
-1.90336e-139
-2.38333e-141
-2.90265e-143
-3.43828e-145
-3.96263e-147
-4.4444e-149
-4.84909e-151
-5.15171e-153
-5.3287e-155
-5.36758e-157
-5.26864e-159
-5.04364e-161
-4.70788e-163
-4.29426e-165
-3.82596e-167
-3.33873e-169
-2.85441e-171
-2.39797e-173
-1.98162e-175
-1.6162e-177
-1.30368e-179
-1.04344e-181
-8.30978e-184
-6.60689e-186
-5.25767e-188
-4.20166e-190
-3.37922e-192
-2.74201e-194
-2.24932e-196
-1.86823e-198
-1.57351e-200
-1.3455e-202
-1.16859e-204
-1.03257e-206
-9.27759e-209
-8.48322e-211
-7.89702e-213
-7.48113e-215
-7.21421e-217
-7.08207e-219
-7.07277e-221
-7.18536e-223
-7.42377e-225
-7.79512e-227
-8.31477e-229
-9.00353e-231
-9.88989e-233
-1.10127e-234
-1.24207e-236
-1.41698e-238
-1.63374e-240
-1.90257e-242
-2.23207e-244
-2.6381e-246
-3.13536e-248
-3.73935e-250
-4.47295e-252
-5.3559e-254
-6.41072e-256
-7.66356e-258
-9.13422e-260
-1.08518e-261
-1.28397e-263
-1.51246e-265
-1.77502e-267
-2.07431e-269
-2.41815e-271
-2.813e-273
-3.26806e-275
-3.79602e-277
-4.41136e-279
-5.13176e-281
-5.97894e-283
-6.9725e-285
-8.1383e-287
-9.48869e-289
-1.10238e-290
-1.26797e-292
-1.44284e-294
-1.60407e-296
-1.75306e-298
-1.88584e-300
-2.00141e-302
-2.10077e-304
-2.18244e-306
-2.24873e-308
-2.29344e-310
-2.31493e-312
-2.31428e-314
-2.22826e-316
0
0
0
0
0
0
0
0
0
0
0
0
0
0
0
0
0
0
0
0
0
0
0
0
0
0
0
0
0
0.0494527
4.60247e-06
-1.46279e-06
-2.4469e-08
-1.55275e-10
-9.85681e-13
-6.07196e-15
-4.05413e-17
8.0356e-18
1.47777e-19
-1.31518e-20
-3.2957e-22
1.48862e-23
3.91953e-25
-2.41798e-26
-4.41136e-28
3.97417e-29
4.80195e-31
-6.65274e-32
-8.5882e-34
8.72277e-35
1.43565e-36
-9.04771e-38
-1.89769e-39
7.22035e-41
1.81692e-42
-4.86044e-44
-1.29874e-45
3.38917e-47
8.01055e-49
-2.74702e-50
-5.66954e-52
2.18193e-53
5.12019e-55
-1.3094e-56
-4.22151e-58
5.50565e-60
2.90456e-61
-1.0227e-63
-1.68845e-64
-9.81228e-67
7.29941e-68
1.11736e-69
-2.1333e-71
-6.72499e-73
1.03992e-75
2.4068e-76
2.08038e-78
-5.10202e-80
-1.13375e-81
1.06488e-85
2.47939e-85
2.437e-87
-2.22342e-89
-6.37708e-91
-2.90374e-93
5.4746e-95
6.68376e-97
-3.17759e-99
-7.10009e-101
2.10536e-102
9.00118e-104
1.75004e-105
2.20977e-107
1.46397e-109
-1.77935e-111
-9.86341e-113
-2.70011e-114
-6.03433e-116
-1.21019e-117
-2.25581e-119
-3.98026e-121
-6.70927e-123
-1.08929e-124
-1.71012e-126
-2.60317e-128
-3.85052e-130
-5.53841e-132
-7.75203e-134
-1.05608e-135
-1.40107e-137
-1.81003e-139
-2.27779e-141
-2.79258e-143
-3.3356e-145
-3.88302e-147
-4.40655e-149
-4.87326e-151
-5.25707e-153
-5.53091e-155
-5.67734e-157
-5.68857e-159
-5.56877e-161
-5.32518e-163
-4.98438e-165
-4.56503e-167
-4.10138e-169
-3.61577e-171
-3.13644e-173
-2.67972e-175
-2.26188e-177
-1.8898e-179
-1.56754e-181
-1.29412e-183
-1.06662e-185
-8.79681e-188
-7.28148e-190
-6.06124e-192
-5.08532e-194
-4.3083e-196
-3.69071e-198
-3.20152e-200
-2.81506e-202
-2.51023e-204
-2.27322e-206
-2.08983e-208
-1.95171e-210
-1.85228e-212
-1.78579e-214
-1.74933e-216
-1.74125e-218
-1.76001e-220
-1.80636e-222
-1.88191e-224
-1.98895e-226
-2.1315e-228
-2.31469e-230
-2.54532e-232
-2.83236e-234
-3.18669e-236
-3.62069e-238
-4.15079e-240
-4.79877e-242
-5.5812e-244
-6.53075e-246
-7.67459e-248
-9.04202e-250
-1.06741e-251
-1.26056e-253
-1.48728e-255
-1.75202e-257
-2.05749e-259
-2.40853e-261
-2.80834e-263
-3.26126e-265
-3.7744e-267
-4.3522e-269
-5.00852e-271
-5.75511e-273
-6.60914e-275
-7.59491e-277
-8.74039e-279
-1.00815e-280
-1.16632e-282
-1.3531e-284
-1.57453e-286
-1.83483e-288
-2.13583e-290
-2.46692e-292
-2.82522e-294
-3.17332e-296
-3.51229e-298
-3.8333e-300
-4.13156e-302
-4.40537e-304
-4.64661e-306
-4.85479e-308
-5.01432e-310
-5.11913e-312
-5.17081e-314
-5.02987e-316
0
0
0
0
0
0
0
0
0
0
0
0
0
0
0
0
0
0
0
0
0
0
0
0
0
0
0
0
0
0.0495948
4.64446e-06
-1.47608e-06
-2.47718e-08
-1.57724e-10
-1.0045e-12
-6.20761e-15
-4.1587e-17
8.2404e-18
1.5213e-19
-1.35196e-20
-3.40434e-22
1.53334e-23
4.06816e-25
-2.4977e-26
-4.60844e-28
4.11898e-29
5.05769e-31
-6.92299e-32
-9.07418e-34
9.11233e-35
1.52083e-36
-9.48892e-38
-2.01842e-39
7.60001e-41
1.94389e-42
-5.13602e-44
-1.40111e-45
3.60569e-47
8.74516e-49
-2.95577e-50
-6.28334e-52
2.3773e-53
5.75897e-55
-1.43983e-56
-4.82328e-58
6.03168e-60
3.36644e-61
-9.95621e-64
-1.97397e-64
-1.27043e-66
8.51542e-68
1.37295e-69
-2.43784e-71
-8.10546e-73
7.51924e-76
2.8414e-76
2.58972e-78
-5.85564e-80
-1.34694e-81
-3.83081e-85
2.8599e-85
2.87227e-87
-2.48344e-89
-7.29013e-91
-3.35567e-93
6.1559e-95
7.50124e-97
-3.56148e-99
-7.8184e-101
2.33291e-102
9.80941e-104
1.87737e-105
2.32334e-107
1.47147e-109
-1.97621e-111
-1.03338e-112
-2.77176e-114
-6.09952e-116
-1.20712e-117
-2.2229e-119
-3.87859e-121
-6.47228e-123
-1.04136e-124
-1.6221e-126
-2.45304e-128
-3.60942e-130
-5.17127e-132
-7.22016e-134
-9.82586e-136
-1.30416e-137
-1.68819e-139
-2.13206e-141
-2.62754e-143
-3.16009e-145
-3.71028e-147
-4.25389e-149
-4.76136e-151
-5.20759e-153
-5.56448e-155
-5.81192e-157
-5.93577e-159
-5.93349e-161
-5.80431e-163
-5.56697e-165
-5.23378e-167
-4.83435e-169
-4.38874e-171
-3.92542e-173
-3.4627e-175
-3.02066e-177
-2.61048e-179
-2.24095e-181
-1.9152e-183
-1.63406e-185
-1.39469e-187
-1.19399e-189
-1.02717e-191
-8.89709e-194
-7.77268e-196
-6.85669e-198
-6.11603e-200
-5.52087e-202
-5.04606e-204
-4.67536e-206
-4.3902e-208
-4.18026e-210
-4.03749e-212
-3.95434e-214
-3.92781e-216
-3.95701e-218
-4.04069e-220
-4.18203e-222
-4.38552e-224
-4.65695e-226
-5.00541e-228
-5.44196e-230
-5.98083e-232
-6.64019e-234
-7.44146e-236
-8.40868e-238
-9.57214e-240
-1.09728e-241
-1.26377e-243
-1.46261e-245
-1.69805e-247
-1.97493e-249
-2.29952e-251
-2.67722e-253
-3.11273e-255
-3.61285e-257
-4.18023e-259
-4.82218e-261
-5.54214e-263
-6.34673e-265
-7.24604e-267
-8.24648e-269
-9.37228e-271
-1.06422e-272
-1.2086e-274
-1.37455e-276
-1.56696e-278
-1.79241e-280
-2.0593e-282
-2.37693e-284
-2.75791e-286
-3.21317e-288
-3.7497e-290
-4.35249e-292
-5.0211e-294
-5.70251e-296
-6.39625e-298
-7.08542e-300
-7.75676e-302
-8.40065e-304
-8.99199e-306
-9.51934e-308
-9.94777e-310
-1.02611e-311
-1.04581e-313
-1.06534e-315
-1.86247e-317
0
0
0
0
0
0
0
0
0
0
0
0
0
0
0
0
0
0
0
0
0
0
0
0
0
0
0
0
0.0497378
4.68802e-06
-1.48993e-06
-2.50864e-08
-1.60209e-10
-1.02322e-12
-6.33961e-15
-4.25781e-17
8.45669e-18
1.567e-19
-1.38923e-20
-3.51503e-22
1.58025e-23
4.22333e-25
-2.57985e-26
-4.81152e-28
4.26982e-29
5.32566e-31
-7.20281e-32
-9.58065e-34
9.51533e-35
1.60966e-36
-9.94267e-38
-2.14363e-39
7.98821e-41
2.07512e-42
-5.41521e-44
-1.50644e-45
3.82395e-47
9.49999e-49
-3.16627e-50
-6.91523e-52
2.57538e-53
6.4229e-55
-1.57278e-56
-5.46069e-58
6.56138e-60
3.86819e-61
-9.36279e-64
-2.29012e-64
-1.61522e-66
9.86364e-68
1.67186e-69
-2.76253e-71
-9.68889e-73
3.28261e-76
3.32581e-76
3.18155e-78
-6.66284e-80
-1.58443e-81
-9.99579e-85
3.26962e-85
3.34794e-87
-2.75537e-89
-8.26338e-91
-3.83913e-93
6.86318e-95
8.33318e-97
-3.99227e-99
-8.58902e-101
2.55821e-102
1.05999e-103
1.99777e-105
2.4227e-107
1.46123e-109
-2.1799e-111
-1.07686e-112
-2.82985e-114
-6.13165e-116
-1.19739e-117
-2.17817e-119
-3.75786e-121
-6.20697e-123
-9.89526e-125
-1.52902e-126
-2.29665e-128
-3.36078e-130
-4.79489e-132
-6.67614e-134
-9.07312e-136
-1.20438e-137
-1.56155e-139
-1.97835e-141
-2.44963e-143
-2.96485e-145
-3.50879e-147
-4.0616e-149
-4.59764e-151
-5.09404e-153
-5.52315e-155
-5.86408e-157
-6.09811e-159
-6.2176e-161
-6.21471e-163
-6.10041e-165
-5.88008e-167
-5.57699e-169
-5.20694e-171
-4.7961e-173
-4.36258e-175
-3.92815e-177
-3.50696e-179
-3.11184e-181
-2.75027e-183
-2.42569e-185
-2.13972e-187
-1.89216e-189
-1.68015e-191
-1.50058e-193
-1.35014e-195
-1.22502e-197
-1.12227e-199
-1.03887e-201
-9.7223e-204
-9.20754e-206
-8.82332e-208
-8.55912e-210
-8.40739e-212
-8.3602e-214
-8.41647e-216
-8.57866e-218
-8.8477e-220
-9.23255e-222
-9.74407e-224
-1.03955e-225
-1.12058e-227
-1.21972e-229
-1.33974e-231
-1.48406e-233
-1.65657e-235
-1.86161e-237
-2.1043e-239
-2.39174e-241
-2.72785e-243
-3.1225e-245
-3.58157e-247
-4.11246e-249
-4.72358e-251
-5.42267e-253
-6.21482e-255
-7.10963e-257
-8.10877e-259
-9.22275e-261
-1.04554e-262
-1.18172e-264
-1.33257e-266
-1.49921e-268
-1.68289e-270
-1.8887e-272
-2.12181e-274
-2.38884e-276
-2.69783e-278
-3.06043e-280
-3.49143e-282
-4.0088e-284
-4.63737e-286
-5.40258e-288
-6.32444e-290
-7.38555e-292
-8.59325e-294
-9.88053e-296
-1.12438e-297
-1.26604e-299
-1.40773e-301
-1.54832e-303
-1.68119e-305
-1.80191e-307
-1.90322e-309
-1.98138e-311
-2.0359e-313
-2.06271e-315
-1.86859e-317
0
0
0
0
0
0
0
0
0
0
0
0
0
0
0
0
0
0
0
0
0
0
0
0
0
0
0
0
0.0498823
4.73633e-06
-1.50539e-06
-2.54401e-08
-1.63178e-10
-1.04663e-12
-6.51129e-15
-4.39195e-17
8.69796e-18
1.61854e-19
-1.43283e-20
-3.64476e-22
1.63005e-23
4.39616e-25
-2.66706e-26
-5.04022e-28
4.42234e-29
5.60955e-31
-7.48602e-32
-1.01053e-33
9.91791e-35
1.69924e-36
-1.03942e-37
-2.26914e-39
8.37001e-41
2.20552e-42
-5.68695e-44
-1.61063e-45
4.03361e-47
1.02403e-48
-3.36888e-50
-7.53394e-52
2.76726e-53
7.07859e-55
-1.70322e-56
-6.10742e-58
7.0801e-60
4.39691e-61
-8.44464e-64
-2.63411e-64
-2.01896e-66
1.13403e-67
2.01756e-69
-3.10321e-71
-1.14817e-72
-2.52325e-76
3.85597e-76
3.8518e-78
-7.51458e-80
-1.84309e-81
-1.73136e-84
3.70023e-85
3.8487e-87
-3.04525e-89
-9.28669e-91
-4.35154e-93
7.55804e-95
9.09893e-97
-4.57751e-99
-9.58605e-101
2.74345e-102
1.12856e-103
2.09369e-105
2.47866e-107
1.39721e-109
-2.41166e-111
-1.11156e-112
-2.84757e-114
-6.05171e-116
-1.16156e-117
-2.07879e-119
-3.53001e-121
-5.74312e-123
-9.02322e-125
-1.3751e-126
-2.03882e-128
-2.94755e-130
-4.15882e-132
-5.73269e-134
-7.72253e-136
-1.01739e-137
-1.31108e-139
-1.65344e-141
-2.04132e-143
-2.46781e-145
-2.92254e-147
-3.39182e-149
-3.85764e-151
-4.30317e-153
-4.70768e-155
-5.05465e-157
-5.32761e-159
-5.5177e-161
-5.61538e-163
-5.62382e-165
-5.54319e-167
-5.38636e-169
-5.16256e-171
-4.88926e-173
-4.57996e-175
-4.25161e-177
-3.91699e-179
-3.58776e-181
-3.27152e-183
-2.97915e-185
-2.71248e-187
-2.47345e-189
-2.26236e-191
-2.07802e-193
-1.9198e-195
-1.78495e-197
-1.67239e-199
-1.57961e-201
-1.50509e-203
-1.44763e-205
-1.40556e-207
-1.37809e-209
-1.36486e-211
-1.36517e-213
-1.37917e-215
-1.40746e-217
-1.45011e-219
-1.50852e-221
-1.58391e-223
-1.67791e-225
-1.79276e-227
-1.93088e-229
-2.09537e-231
-2.28989e-233
-2.51833e-235
-2.7852e-237
-3.09499e-239
-3.45551e-241
-3.86799e-243
-4.34398e-245
-4.88529e-247
-5.50011e-249
-6.19254e-251
-6.97088e-253
-7.83434e-255
-8.79439e-257
-9.84513e-259
-1.10008e-260
-1.22559e-262
-1.36262e-264
-1.51177e-266
-1.67568e-268
-1.86019e-270
-2.06721e-272
-2.29913e-274
-2.56291e-276
-2.86774e-278
-3.2264e-280
-3.65479e-282
-4.17402e-284
-4.81428e-286
-5.61122e-288
-6.59782e-290
-7.76684e-292
-9.1347e-294
-1.06557e-295
-1.23138e-297
-1.40675e-299
-1.59393e-301
-1.78413e-303
-1.96426e-305
-2.12789e-307
-2.26581e-309
-2.3737e-311
-2.45097e-313
-2.50236e-315
-1.87482e-317
0
0
0
0
0
0
0
0
0
0
0
0
0
0
0
0
0
0
0
0
0
0
0
0
0
0
0
0
0.050028
4.788e-06
-1.52151e-06
-2.57991e-08
-1.65674e-10
-1.06263e-12
-6.59974e-15
-4.43932e-17
8.92303e-18
1.66362e-19
-1.46308e-20
-3.73471e-22
1.67733e-23
4.54025e-25
-2.74423e-26
-5.21383e-28
4.578e-29
5.87097e-31
-7.77057e-32
-1.06072e-33
1.03374e-34
1.7916e-36
-1.08665e-37
-2.39983e-39
8.78003e-41
2.34417e-42
-5.98374e-44
-1.72207e-45
4.26984e-47
1.10507e-48
-3.5956e-50
-8.21957e-52
2.97922e-53
7.80815e-55
-1.84435e-56
-6.8274e-58
7.63407e-60
5.00365e-61
-6.99569e-64
-3.0394e-64
-2.53379e-66
1.31058e-67
2.46017e-69
-3.49076e-71
-1.37656e-72
-1.17257e-75
4.52022e-76
4.75623e-78
-8.52755e-80
-2.18041e-81
-2.92638e-84
4.23618e-85
4.51967e-87
-3.36349e-89
-1.05973e-90
-5.10032e-93
8.33355e-95
1.00358e-96
-5.2987e-99
-1.0893e-100
2.95875e-102
1.21708e-103
2.23411e-105
2.60257e-107
1.3991e-109
-2.66047e-111
-1.17686e-112
-2.97399e-114
-6.26337e-116
-1.19461e-117
-2.12781e-119
-3.60253e-121
-5.85272e-123
-9.19794e-125
-1.40443e-126
-2.08976e-128
-3.03722e-130
-4.31481e-132
-5.99886e-134
-8.16278e-136
-1.08801e-137
-1.4206e-139
-1.81783e-141
-2.28033e-143
-2.8047e-145
-3.38346e-147
-4.00476e-149
-4.65033e-151
-5.3025e-153
-5.93488e-155
-6.52714e-157
-7.05248e-159
-7.49586e-161
-7.83531e-163
-8.06797e-165
-8.18286e-167
-8.18963e-169
-8.0907e-171
-7.90461e-173
-7.64336e-175
-7.32917e-177
-6.97801e-179
-6.61046e-181
-6.24462e-183
-5.88584e-185
-5.54458e-187
-5.23054e-189
-4.94756e-191
-4.69903e-193
-4.4865e-195
-4.30991e-197
-4.16963e-199
-4.06493e-201
-3.99524e-203
-3.9613e-205
-3.9625e-207
-3.99988e-209
-4.07524e-211
-4.1901e-213
-4.34745e-215
-4.55173e-217
-4.80668e-219
-5.11879e-221
-5.49505e-223
-5.9435e-225
-6.47412e-227
-7.0978e-229
-7.82728e-231
-8.67717e-233
-9.66287e-235
-1.08014e-236
-1.21089e-238
-1.36104e-240
-1.53139e-242
-1.72494e-244
-1.94261e-246
-2.18622e-248
-2.45681e-250
-2.75594e-252
-3.08335e-254
-3.44081e-256
-3.82717e-258
-4.24441e-260
-4.69277e-262
-5.17439e-264
-5.69405e-266
-6.25203e-268
-6.84669e-270
-7.49929e-272
-8.22846e-274
-9.06863e-276
-1.00445e-277
-1.11984e-279
-1.25795e-281
-1.42677e-283
-1.63777e-285
-1.90665e-287
-2.25056e-289
-2.67418e-291
-3.18434e-293
-3.77989e-295
-4.46874e-297
-5.23807e-299
-6.04049e-301
-6.8664e-303
-7.67423e-305
-8.42387e-307
-9.07799e-309
-9.61512e-311
-1.00282e-312
-1.03258e-314
-1.1286e-316
0
0
0
0
0
0
0
0
0
0
0
0
0
0
0
0
0
0
0
0
0
0
0
0
0
0
0
0
0.0501772
4.86079e-06
-1.54453e-06
-2.63591e-08
-1.71925e-10
-1.125e-12
-7.18827e-15
-5.00708e-17
9.24385e-18
1.74692e-19
-1.57248e-20
-4.06048e-22
1.74421e-23
4.86286e-25
-2.897e-26
-5.74071e-28
4.76432e-29
6.35359e-31
-8.15725e-32
-1.1481e-33
1.084e-34
1.91678e-36
-1.14341e-37
-2.57308e-39
9.20822e-41
2.51135e-42
-6.25085e-44
-1.84965e-45
4.42562e-47
1.18234e-48
-3.73866e-50
-8.76114e-52
3.11333e-53
8.30564e-55
-1.94086e-56
-7.33474e-58
8.01562e-60
5.45862e-61
-5.86311e-64
-3.36671e-64
-2.96809e-66
1.44678e-67
2.80109e-69
-3.76571e-71
-1.53188e-72
-1.76256e-75
4.89932e-76
5.19428e-78
-9.1269e-80
-2.33641e-81
-3.26957e-84
4.43975e-85
4.66259e-87
-3.65154e-89
-1.11485e-90
-5.42781e-93
8.12392e-95
9.18216e-97
-7.22455e-99
-1.35424e-100
2.59406e-102
1.13867e-103
2.04916e-105
2.23979e-107
8.37952e-110
-3.30205e-111
-1.20709e-112
-2.86444e-114
-5.78607e-116
-1.0651e-117
-1.83569e-119
-3.00853e-121
-4.73403e-123
-7.20505e-125
-1.06559e-126
-1.53625e-128
-2.16378e-130
-2.98067e-132
-4.02056e-134
-5.313e-136
-6.88399e-138
-8.74944e-140
-1.09148e-141
-1.33711e-143
-1.60926e-145
-1.90368e-147
-2.21463e-149
-2.53427e-151
-2.85487e-153
-3.16623e-155
-3.46023e-157
-3.72694e-159
-3.96002e-161
-4.15209e-163
-4.30037e-165
-4.40173e-167
-4.45737e-169
-4.46879e-171
-4.4404e-173
-4.3774e-175
-4.28574e-177
-4.17239e-179
-4.04319e-181
-3.90201e-183
-3.75861e-185
-3.61734e-187
-3.48074e-189
-3.35298e-191
-3.23456e-193
-3.12923e-195
-3.03586e-197
-2.95742e-199
-2.89255e-201
-2.84295e-203
-2.80824e-205
-2.78896e-207
-2.78503e-209
-2.79738e-211
-2.82606e-213
-2.87168e-215
-2.9357e-217
-3.01802e-219
-3.1207e-221
-3.24457e-223
-3.39116e-225
-3.56232e-227
-3.75956e-229
-3.98517e-231
-4.24138e-233
-4.5301e-235
-4.85432e-237
-5.21452e-239
-5.6174e-241
-6.05787e-243
-6.54725e-245
-7.07896e-247
-7.66244e-249
-8.29255e-251
-8.97976e-253
-9.71571e-255
-1.05151e-256
-1.13669e-258
-1.22905e-260
-1.32761e-262
-1.43465e-264
-1.54997e-266
-1.677e-268
-1.8192e-270
-1.97876e-272
-2.15796e-274
-2.36109e-276
-2.59395e-278
-2.86668e-280
-3.19617e-282
-3.6034e-284
-4.11922e-286
-4.7941e-288
-5.6922e-290
-6.84519e-292
-8.27511e-294
-9.9681e-296
-1.19062e-297
-1.40715e-299
-1.64551e-301
-1.89329e-303
-2.12771e-305
-2.33572e-307
-2.50902e-309
-2.64495e-311
-2.74457e-313
-2.80352e-315
-1.88747e-317
0
0
0
0
0
0
0
0
0
0
0
0
0
0
0
0
0
0
0
0
0
0
0
0
0
0
0
0
0.0502962
4.68248e-06
-1.4797e-06
-2.45764e-08
-1.497e-10
-8.97786e-13
-5.0819e-15
-3.02596e-17
7.79026e-18
1.36518e-19
-1.20002e-20
-2.8378e-22
1.50526e-23
3.50427e-25
-2.439e-26
-3.7479e-28
4.16158e-29
4.332e-31
-6.87985e-32
-8.04076e-34
9.07919e-35
1.39993e-36
-9.47741e-38
-1.87528e-39
7.75876e-41
1.8315e-42
-5.4307e-44
-1.3444e-45
3.95223e-47
8.71364e-49
-3.27659e-50
-6.58675e-52
2.66198e-53
6.32852e-55
-1.67949e-56
-5.69792e-58
7.55318e-60
4.4796e-61
-1.10861e-63
-2.90506e-64
-2.24515e-66
1.31959e-67
2.36437e-69
-3.63348e-71
-1.30951e-72
3.56154e-76
4.26991e-76
3.73919e-78
-8.53619e-80
-1.79658e-81
1.55894e-84
3.67515e-85
2.81134e-87
-4.00026e-89
-8.12854e-91
-1.88208e-93
7.27691e-95
4.60509e-97
-8.86778e-99
-1.19847e-100
1.24252e-102
5.40953e-104
7.90502e-106
5.13072e-108
-5.56179e-110
-2.71132e-111
-6.53193e-113
-1.30516e-114
-2.38172e-116
-4.08433e-118
-6.6718e-120
-1.04764e-121
-1.59375e-123
-2.36282e-125
-3.4271e-127
-4.8741e-129
-6.80536e-131
-9.33259e-133
-1.25752e-134
-1.66533e-136
-2.1682e-138
-2.77622e-140
-3.49707e-142
-4.33491e-144
-5.28955e-146
-6.35516e-148
-7.52039e-150
-8.7673e-152
-1.00733e-153
-1.14104e-155
-1.27466e-157
-1.40517e-159
-1.52903e-161
-1.64381e-163
-1.74652e-165
-1.83594e-167
-1.91013e-169
-1.9695e-171
-2.0132e-173
-2.04332e-175
-2.05974e-177
-2.06582e-179
-2.06174e-181
-2.05222e-183
-2.03632e-185
-2.01835e-187
-1.9979e-189
-1.97921e-191
-1.96088e-193
-1.94718e-195
-1.93619e-197
-1.93173e-199
-1.932e-201
-1.93995e-203
-1.9545e-205
-1.97756e-207
-2.0087e-209
-2.04912e-211
-2.09908e-213
-2.15881e-215
-2.2295e-217
-2.31054e-219
-2.40325e-221
-2.50703e-223
-2.62224e-225
-2.7488e-227
-2.88592e-229
-3.03328e-231
-3.18967e-233
-3.35321e-235
-3.52305e-237
-3.69428e-239
-3.8684e-241
-4.03552e-243
-4.20043e-245
-4.35038e-247
-4.4909e-249
-4.60912e-251
-4.71186e-253
-4.78646e-255
-4.84236e-257
-4.86792e-259
-4.87568e-261
-4.85576e-263
-4.82374e-265
-4.77225e-267
-4.71747e-269
-4.65329e-271
-4.59984e-273
-4.55228e-275
-4.53338e-277
-4.53811e-279
-4.58914e-281
-4.68523e-283
-4.85569e-285
-5.12483e-287
-5.55871e-289
-6.25841e-291
-7.30337e-293
-8.59689e-295
-1.01795e-296
-1.20477e-298
-1.41319e-300
-1.63206e-302
-1.84589e-304
-2.01723e-306
-2.13696e-308
-2.21012e-310
-2.24166e-312
-2.23857e-314
-2.09167e-316
0
0
0
0
0
0
0
0
0
0
0
0
0
0
0
0
0
0
0
0
0
0
0
0
0
0
0
0
0
)
;

boundaryField
{
    inlet
    {
        type            uniformFixedValue;
        uniformValue    table;
        uniformValueCoeffs
        {
            values          
4
(
(0 1)
(0.15 1)
(0.151 0)
(1 0)
)
;
        }
        value           uniform 1;
    }
    outlet
    {
        type            inletOutlet;
        inletValue      uniform 0;
        value           uniform 0;
    }
    walls
    {
        type            zeroGradient;
    }
    frontAndBack
    {
        type            empty;
    }
}


// ************************************************************************* //
