/*--------------------------------*- C++ -*----------------------------------*\
| =========                 |                                                 |
| \\      /  F ield         | OpenFOAM: The Open Source CFD Toolbox           |
|  \\    /   O peration     | Version:  2506                                  |
|   \\  /    A nd           | Website:  www.openfoam.com                      |
|    \\/     M anipulation  |                                                 |
\*---------------------------------------------------------------------------*/
FoamFile
{
    version     2.0;
    format      ascii;
    arch        "LSB;label=32;scalar=64";
    class       volScalarField;
    location    "1.31";
    object      s;
}
// * * * * * * * * * * * * * * * * * * * * * * * * * * * * * * * * * * * * * //

dimensions      [0 0 0 0 0 0 0];

internalField   nonuniform List<scalar> 
4000
(
2.68516e-17
-9.20084e-17
8.90984e-17
4.22432e-13
3.59049e-10
6.16769e-08
3.91127e-06
9.26228e-05
0.00105839
0.00842274
0.0573625
0.194454
0.313479
0.321405
0.29005
0.195654
0.0775083
0.0124322
0.00418324
0.00333383
0.00236734
0.00155751
0.000988156
0.000623808
0.000398911
0.000259049
0.000170737
0.000109044
6.24754e-05
3.05856e-05
1.39227e-05
7.58537e-06
4.36013e-06
2.40411e-06
1.36078e-06
1.07131e-06
-3.70947e-07
-2.67237e-06
-5.14876e-06
-8.27383e-06
-1.40061e-05
-1.42779e-05
-1.31233e-05
-1.30584e-05
-1.41047e-05
-1.52813e-05
-1.58929e-05
-1.67394e-05
-1.68006e-05
-1.64105e-05
-1.57137e-05
-1.45151e-05
-1.30713e-05
-1.11981e-05
-9.09882e-06
-6.95122e-06
-4.96143e-06
-3.26438e-06
-1.91783e-06
-1.00841e-06
-4.55012e-07
-1.79675e-07
-6.34066e-08
-2.03713e-08
-7.2189e-09
-3.57352e-09
-2.42032e-09
-1.65163e-09
-1.03285e-09
-5.67903e-10
-2.74485e-10
-1.18194e-10
-4.53816e-11
-1.57821e-11
-4.99872e-12
-1.44425e-12
-3.84585e-13
-9.48139e-14
-2.22356e-14
-4.85403e-15
-1.22837e-15
-3.37742e-16
-9.23519e-17
-2.20202e-17
-4.70212e-18
8.17404e-19
1.08657e-18
3.12011e-19
3.23883e-19
7.49292e-19
9.59158e-19
5.09662e-19
8.89404e-20
3.24867e-20
9.83721e-21
7.72461e-21
-2.80445e-20
-1.70182e-19
-3.3138e-19
-1.77968e-19
-5.00439e-19
-3.13428e-19
-3.73486e-19
-1.82955e-18
-3.4837e-18
-1.16193e-18
-1.81126e-18
-3.54869e-18
-2.8276e-18
-1.52204e-19
2.28082e-18
2.50956e-18
4.76484e-19
-4.94824e-18
-1.22184e-17
-2.30666e-17
-3.54261e-17
-4.41781e-17
-4.3376e-17
-3.44685e-17
-1.98119e-17
-8.13422e-18
-3.77127e-18
3.32723e-18
2.60019e-18
3.40004e-18
5.27042e-18
4.50072e-18
3.23825e-18
2.21895e-18
1.23206e-18
6.10319e-19
3.16603e-19
1.10118e-19
2.94244e-20
2.24626e-21
-4.07264e-20
-4.9029e-20
-4.18892e-20
-2.51479e-20
-1.01008e-20
-1.90787e-21
1.85613e-21
2.98343e-21
2.87609e-21
1.5807e-21
3.09674e-22
-5.62171e-22
-7.9701e-22
-5.72223e-22
-2.14672e-22
-2.13484e-24
4.91941e-23
2.87523e-23
6.5225e-24
-7.27211e-25
-9.58233e-25
-2.5364e-25
-1.84952e-26
1.50242e-26
7.09948e-27
1.98974e-26
-2.06363e-26
-2.89962e-25
-1.0692e-24
-2.57795e-24
-3.19488e-24
-5.19755e-24
-4.37798e-24
-2.59844e-24
-1.22407e-24
-4.4774e-25
-1.20534e-25
-2.09604e-26
-1.22591e-27
3.6742e-28
6.12367e-29
-7.01958e-31
2.30906e-31
1.48162e-31
1.15343e-31
1.00241e-31
8.3228e-32
6.77506e-32
4.47238e-32
1.10209e-32
-1.42506e-32
-1.63127e-32
-8.23841e-33
-1.9777e-33
-4.12449e-35
3.78175e-38
-2.71331e-37
-8.93781e-38
-1.63585e-38
9.44187e-40
3.39096e-39
2.60101e-39
1.52734e-39
5.84277e-40
1.07602e-17
-1.03878e-17
-6.21845e-17
4.26566e-14
2.67929e-11
3.63237e-09
1.93003e-07
4.97421e-06
5.44943e-05
0.000387151
0.00206665
0.00668717
0.01432
0.0205811
0.025916
0.030776
0.0358434
0.0444172
0.0569475
0.0737175
0.0990487
0.14045
0.202464
0.278593
0.335925
0.338375
0.324353
0.282183
0.197196
0.100855
0.0369071
0.0191861
0.0122334
0.00744994
0.00579184
0.00821148
0.00828123
0.00606528
0.00593644
0.00853606
0.0150416
0.0213912
0.024603
0.0256315
0.0248226
0.0232071
0.0216532
0.0193362
0.0172775
0.0151014
0.0125724
0.0100902
0.00737701
0.00532229
0.00373808
0.00254351
0.00165827
0.00102585
0.000604075
0.000332218
0.000172314
8.34609e-05
3.73754e-05
1.45771e-05
3.76801e-06
-9.55312e-07
-2.39371e-06
-2.38728e-06
-1.78333e-06
-1.06637e-06
-5.35064e-07
-2.32803e-07
-8.92553e-08
-3.05578e-08
-9.42504e-09
-2.62495e-09
-6.63873e-10
-1.54122e-10
-3.53247e-11
-8.24961e-12
-2.71023e-12
-9.90293e-13
-3.47263e-13
-9.86844e-14
-2.22192e-14
-4.04768e-15
-6.58356e-16
-1.33466e-16
-3.83757e-17
-1.1336e-17
-3.9531e-18
-1.36337e-18
4.71448e-18
5.39997e-19
8.68377e-19
3.04699e-18
5.19975e-18
2.79721e-18
-2.91772e-18
1.70344e-18
7.05834e-18
1.12807e-17
8.88019e-18
5.8103e-19
-2.43304e-17
-8.42809e-17
-1.54291e-16
-2.18223e-16
-2.2834e-16
2.28263e-16
9.78945e-16
1.13484e-15
1.43931e-15
1.57925e-15
1.72892e-15
1.02268e-15
-5.06568e-16
-1.94849e-15
-2.6918e-15
-2.68047e-15
-2.24498e-15
-1.65675e-15
-1.11244e-15
-7.06663e-16
-4.3483e-16
-2.55899e-16
-1.42192e-16
-7.25965e-17
-3.01158e-17
-5.69085e-18
8.58693e-18
1.33018e-17
1.86791e-17
1.97932e-17
1.8278e-17
1.88306e-17
1.3335e-17
8.76606e-18
5.45579e-18
3.08435e-18
1.37489e-18
2.3604e-19
-3.46559e-19
-4.78871e-19
-3.64972e-19
-1.79049e-19
-2.59122e-20
5.71872e-20
7.58773e-20
5.3806e-20
2.03854e-20
-1.2601e-21
-6.60867e-21
-3.90461e-21
-7.87231e-22
2.93667e-22
2.59386e-22
8.00079e-23
9.91544e-24
-3.01935e-25
-3.17389e-25
-2.17678e-24
-7.08065e-24
-9.25148e-24
1.85287e-23
9.71611e-23
1.82952e-22
2.14937e-22
1.5378e-22
7.4565e-23
2.47057e-23
4.23571e-24
-8.17451e-25
-9.20737e-25
-3.72722e-25
-9.40994e-26
-1.50623e-26
-1.21762e-27
5.1567e-29
6.45239e-29
5.93027e-29
5.69256e-29
5.34279e-29
4.28387e-29
2.94486e-29
1.72174e-29
8.37566e-30
3.23012e-30
8.88744e-31
1.2609e-31
-6.17134e-33
2.17323e-34
5.87389e-34
2.13822e-34
5.18989e-35
5.14525e-36
-4.02844e-36
-3.65413e-36
-2.01684e-36
-6.6338e-37
-4.4224e-18
3.37304e-17
-1.1669e-16
5.49432e-15
2.50971e-12
2.68561e-10
4.24496e-09
4.62109e-09
2.09194e-08
1.15519e-07
4.80257e-07
1.53901e-06
3.86243e-06
8.74832e-06
2.36082e-05
7.25596e-05
0.000664181
0.00202539
0.00386069
0.00643084
0.0103325
0.0166356
0.026813
0.0422133
0.0616588
0.0832589
0.111619
0.146199
0.183627
0.220295
0.263118
0.30953
0.319553
0.309941
0.287517
0.25262
0.202702
0.16883
0.161992
0.173258
0.196238
0.21727
0.230579
0.237895
0.240762
0.241028
0.240769
0.238974
0.236889
0.234221
0.229996
0.224983
0.215869
0.204883
0.190161
0.17254
0.151972
0.128014
0.102882
0.0764007
0.0542851
0.0371197
0.024615
0.0159121
0.0099255
0.00601039
0.00347125
0.00189994
0.000981961
0.000482268
0.000226952
0.00010243
4.46254e-05
1.86414e-05
7.42029e-06
2.81428e-06
9.96213e-07
3.22527e-07
9.04197e-08
1.9878e-08
1.94215e-09
-9.57953e-10
-7.18925e-10
-2.84357e-10
-7.88182e-11
-1.71849e-11
-3.40158e-12
-8.08416e-13
-2.6513e-13
-8.02465e-14
-2.32054e-14
-6.32592e-15
-1.62127e-15
-3.78699e-16
-6.35698e-17
3.75953e-17
1.71771e-16
1.21563e-15
2.54268e-15
1.68759e-15
1.37134e-15
1.70348e-15
1.29203e-15
1.94295e-15
3.03296e-15
6.75398e-15
1.77221e-14
4.11899e-14
7.77767e-14
1.65688e-13
2.78107e-13
3.35152e-13
4.13309e-13
4.66573e-13
5.00566e-13
4.55947e-13
3.6643e-13
2.69006e-13
1.79948e-13
1.1373e-13
6.78122e-14
3.62045e-14
1.68793e-14
6.23002e-15
8.18257e-16
-1.15225e-15
-1.57546e-15
-1.41779e-15
-1.1058e-15
-8.14695e-16
-5.74113e-16
-3.88122e-16
-2.01407e-16
-6.86034e-17
-2.68217e-17
-9.91509e-18
4.17306e-18
1.23533e-17
1.88217e-17
2.4358e-17
2.78875e-17
2.73487e-17
2.2308e-17
1.47904e-17
7.41284e-18
2.07643e-18
-8.90946e-19
-1.95561e-18
-1.80034e-18
-1.06041e-18
-2.97987e-19
1.5332e-19
2.36007e-19
1.28898e-19
1.92863e-20
-2.13502e-20
-1.74315e-20
-6.3706e-21
-1.08436e-21
4.15324e-24
9.50178e-24
-9.67549e-24
1.97886e-22
1.05998e-21
2.59836e-21
3.93568e-21
4.32458e-21
3.59067e-21
2.38574e-21
1.36109e-21
6.75803e-22
2.86243e-22
9.95058e-23
2.60624e-23
3.86402e-24
-5.01725e-25
-5.81696e-25
-2.42762e-25
-8.11017e-26
-2.96362e-26
-1.37271e-26
-7.3299e-27
-3.98196e-27
-2.02669e-27
-8.89396e-28
-2.85661e-28
-2.20009e-29
5.31786e-29
4.82705e-29
2.51628e-29
8.37446e-30
1.17389e-30
-2.08e-31
-1.41322e-31
-3.62785e-32
-3.73056e-33
1.70186e-33
1.43274e-33
7.12361e-34
2.06832e-34
-1.55173e-17
7.03006e-17
-1.91985e-16
6.00895e-16
3.0839e-13
4.15133e-12
6.48398e-11
1.62814e-10
-7.50767e-11
-4.27915e-09
-3.23797e-08
-9.81706e-08
-1.4396e-07
-1.06714e-08
3.47544e-07
9.27278e-07
1.83479e-06
3.11388e-06
5.73768e-06
1.18628e-05
2.66505e-05
6.22057e-05
0.000146071
0.000338775
0.000770386
0.00179295
0.00514413
0.0121238
0.0243334
0.0423152
0.0694451
0.110274
0.157949
0.212532
0.268063
0.320858
0.357842
0.365185
0.365356
0.366059
0.366647
0.368149
0.371125
0.37603
0.382888
0.391164
0.400078
0.409664
0.419116
0.428433
0.437547
0.446411
0.454937
0.461628
0.464577
0.463294
0.456392
0.441309
0.418224
0.379386
0.331545
0.27696
0.21976
0.164644
0.114447
0.0736674
0.044928
0.0270813
0.0162188
0.00965324
0.00569785
0.00328786
0.00183453
0.000991273
0.000516463
0.000261131
0.00012853
6.07129e-05
2.73088e-05
1.15757e-05
4.62806e-06
1.72688e-06
5.9445e-07
1.86741e-07
5.15403e-08
1.15855e-08
1.54457e-09
-2.78934e-10
-3.28289e-10
-1.51615e-10
-5.79199e-11
-1.93118e-11
-5.87337e-12
-1.66819e-12
-4.47018e-13
-1.11325e-13
-2.21872e-14
-3.41107e-16
5.97026e-14
2.5221e-13
4.50809e-13
4.31401e-13
4.33452e-13
7.35719e-13
1.27351e-12
2.30364e-12
4.15125e-12
6.95331e-12
1.03687e-11
1.60275e-11
2.19559e-11
2.51292e-11
2.935e-11
3.22428e-11
3.34438e-11
3.15432e-11
2.86771e-11
2.51965e-11
2.09304e-11
1.64715e-11
1.22737e-11
8.53211e-12
5.53721e-12
3.36716e-12
1.942e-12
1.09595e-12
6.10289e-13
3.34377e-13
1.78832e-13
9.27366e-14
4.57282e-14
1.97967e-14
6.08691e-15
-2.46431e-15
-4.8044e-15
-4.25722e-15
-3.30677e-15
-2.45668e-15
-1.76881e-15
-1.24773e-15
-8.6353e-16
-5.85128e-16
-3.85178e-16
-2.3063e-16
-8.68373e-17
-4.39863e-18
2.57309e-17
2.50157e-17
1.36052e-17
2.40785e-18
-4.0297e-18
-5.50095e-18
-3.83693e-18
-1.44095e-18
1.43962e-19
6.21288e-19
4.49712e-19
1.78024e-19
3.60159e-20
-7.6581e-22
-1.98593e-21
-5.2887e-23
3.34859e-21
8.69337e-21
9.70423e-21
3.33654e-21
-6.39504e-21
-1.05999e-20
-8.42287e-21
-4.45742e-21
-1.50859e-21
-1.03935e-22
2.77958e-22
2.40107e-22
1.25706e-22
4.84568e-23
1.3998e-23
2.70027e-24
4.88685e-26
-2.8216e-25
-2.12436e-25
-1.34673e-25
-8.46142e-26
-5.21285e-26
-3.04391e-26
-1.63778e-26
-7.90325e-27
-3.29528e-27
-1.10322e-27
-2.3731e-28
1.29452e-29
3.94871e-29
1.80671e-29
4.95206e-30
5.33283e-31
-3.51722e-31
-3.11476e-31
-1.62334e-31
-6.82212e-32
-1.58786e-32
-6.51211e-18
2.19964e-17
-3.78213e-17
2.81994e-17
5.56385e-15
3.41335e-13
1.71135e-12
1.63894e-11
3.21641e-11
-9.68514e-11
-8.22217e-10
-1.70621e-09
-4.91883e-11
1.00796e-08
3.04536e-08
6.18538e-08
1.03221e-07
1.60895e-07
2.64255e-07
4.67754e-07
8.93217e-07
1.81492e-06
3.8405e-06
8.31114e-06
1.82818e-05
4.06654e-05
9.15994e-05
0.000205555
0.000458434
0.00102123
0.00274963
0.00833671
0.0199702
0.0411205
0.0739717
0.112053
0.148223
0.178629
0.202012
0.218781
0.225176
0.226819
0.229454
0.235031
0.244623
0.257689
0.27274
0.290707
0.310446
0.332001
0.355981
0.381641
0.40841
0.434554
0.456673
0.477423
0.497483
0.513422
0.528481
0.543388
0.540977
0.527077
0.500851
0.461149
0.401016
0.330944
0.257318
0.189284
0.131338
0.0856892
0.0530046
0.032526
0.0200575
0.012379
0.00761549
0.0046495
0.00276712
0.00157486
0.000849717
0.00043438
0.000212849
9.90769e-05
4.30364e-05
1.72678e-05
6.36179e-06
2.124e-06
6.25621e-07
1.51231e-07
2.25302e-08
-3.65768e-09
-5.06143e-09
-2.61704e-09
-9.64406e-10
-3.63894e-10
-1.22929e-10
-3.88435e-11
-1.18125e-11
-3.88465e-12
-1.44327e-13
9.79258e-13
3.20978e-12
1.17972e-11
2.64795e-11
5.34513e-11
9.43017e-11
1.52388e-10
2.31992e-10
3.24354e-10
4.085e-10
4.95177e-10
5.75163e-10
6.24381e-10
6.66271e-10
6.87417e-10
6.70427e-10
6.17475e-10
5.48789e-10
4.68675e-10
3.81373e-10
2.96054e-10
2.19614e-10
1.55622e-10
1.0582e-10
6.91981e-11
4.37064e-11
2.68994e-11
1.61095e-11
9.33378e-12
5.13609e-12
2.60089e-12
1.13868e-12
3.70517e-13
4.19611e-14
-5.42307e-14
-6.24767e-14
-4.99103e-14
-3.77268e-14
-2.90691e-14
-2.25163e-14
-1.71889e-14
-1.27108e-14
-8.96876e-15
-5.96063e-15
-3.69071e-15
-2.00682e-15
-9.93191e-16
-4.22066e-16
-9.1408e-17
9.17461e-17
1.3118e-16
1.09299e-16
6.61263e-17
2.6683e-17
1.97826e-18
-7.70277e-18
-7.79258e-18
-4.44147e-18
-1.53872e-18
-1.84673e-19
1.33304e-19
8.58172e-20
2.91181e-20
1.80074e-21
-4.90298e-20
-1.41087e-19
-2.20694e-19
-2.57812e-19
-2.24926e-19
-1.57532e-19
-9.39372e-20
-4.87212e-20
-2.19198e-20
-8.32603e-21
-2.47e-21
-4.13324e-22
1.03351e-22
1.37052e-22
8.03067e-23
3.65422e-23
1.48066e-23
5.82723e-24
2.36222e-24
9.91115e-25
4.06145e-25
1.44023e-25
3.05641e-26
-1.10522e-26
-1.97793e-26
-1.60454e-26
-9.75492e-27
-4.77454e-27
-1.85815e-27
-5.20462e-28
-7.31662e-29
2.4819e-29
2.61672e-29
1.36543e-29
5.3403e-30
1.64433e-30
1.5832e-31
1.42948e-18
-8.03744e-18
1.63846e-17
2.19404e-17
-3.16794e-16
3.88026e-14
1.80767e-13
1.97803e-12
6.85211e-12
2.21326e-11
4.67871e-11
9.81311e-11
2.72024e-10
5.98223e-10
1.10527e-09
1.79552e-09
2.42317e-09
3.01111e-09
4.20917e-09
7.60261e-09
1.7314e-08
4.37522e-08
1.12349e-07
2.84112e-07
7.06988e-07
1.74922e-06
4.23773e-06
1.00367e-05
2.34062e-05
5.47212e-05
0.000130368
0.000309778
0.000702433
0.0016872
0.00537674
0.0121081
0.0203598
0.0287409
0.0360308
0.0415821
0.0441172
0.0453866
0.0469136
0.0492853
0.0530653
0.0583896
0.0651266
0.0739165
0.0846686
0.0976791
0.113594
0.132658
0.156255
0.183176
0.216717
0.255847
0.299954
0.34693
0.394933
0.442826
0.485602
0.521051
0.534363
0.555356
0.555795
0.541833
0.511805
0.463583
0.39771
0.326861
0.256408
0.192234
0.138565
0.0958561
0.0634138
0.0404705
0.025503
0.0159783
0.00993362
0.00609784
0.00363279
0.00204338
0.00106707
0.000519404
0.00023861
0.0001034
4.16232e-05
1.5311e-05
5.06954e-06
1.46981e-06
3.41579e-07
4.00923e-08
-1.77942e-08
-1.70726e-08
-8.52613e-09
-3.2137e-09
-1.77815e-09
-8.33049e-10
-2.44375e-10
-1.62753e-10
-1.20552e-10
-4.39014e-11
7.30538e-11
2.51929e-10
4.39548e-10
6.98554e-10
1.03674e-09
1.38762e-09
1.54055e-09
1.7014e-09
1.87012e-09
2.08237e-09
2.44854e-09
2.83118e-09
2.74565e-09
2.40355e-09
1.99888e-09
1.59777e-09
1.22427e-09
9.0277e-10
6.42622e-10
4.42252e-10
2.96201e-10
1.92021e-10
1.2012e-10
7.30324e-11
4.3334e-11
2.51202e-11
1.39552e-11
7.10903e-12
2.77108e-12
1.71647e-13
-4.75605e-13
-3.6333e-13
-1.844e-13
-1.18225e-13
-8.83991e-14
-7.04197e-14
-5.69488e-14
-4.57059e-14
-3.59926e-14
-2.76015e-14
-2.05066e-14
-1.47134e-14
-1.01509e-14
-6.74186e-15
-4.31606e-15
-2.68703e-15
-1.61708e-15
-9.45746e-16
-5.57266e-16
-2.75983e-16
-4.76669e-17
4.21888e-17
4.84319e-17
2.48256e-17
3.81215e-18
-5.19225e-18
-5.48049e-18
-3.12406e-18
-1.28738e-18
-4.31474e-19
-4.02334e-19
-7.65868e-19
-1.08223e-18
-1.12694e-18
-9.64069e-19
-6.95185e-19
-4.48842e-19
-2.71555e-19
-1.5656e-19
-8.56815e-20
-4.37906e-20
-2.04506e-20
-8.49804e-21
-3.01509e-21
-8.26327e-22
-1.02258e-22
6.9911e-23
7.63607e-23
5.1326e-23
2.99387e-23
1.65044e-23
8.79064e-24
4.49156e-24
2.15255e-24
9.34615e-25
3.46284e-25
9.30437e-26
3.01832e-27
-1.77049e-26
-1.51626e-26
-8.47356e-27
-3.71549e-27
-1.35458e-27
-3.96707e-28
-7.33261e-29
1.07562e-29
2.08111e-29
1.27278e-29
1.49968e-18
-3.48755e-18
-7.02343e-18
8.55601e-17
-5.50775e-16
3.57067e-15
2.24488e-14
2.05004e-13
8.37097e-13
3.04955e-12
6.99898e-12
1.09363e-11
1.72152e-11
4.09172e-11
6.28178e-11
7.94248e-11
7.58923e-11
7.29872e-11
3.95329e-11
-2.1283e-10
-3.93074e-10
1.24969e-10
2.77219e-09
1.11543e-08
3.46247e-08
9.72485e-08
2.57957e-07
6.60505e-07
1.6562e-06
4.14618e-06
1.04704e-05
2.61535e-05
6.27001e-05
0.000156948
0.000398789
0.000871561
0.00164034
0.00270036
0.00394292
0.00520059
0.00620174
0.00711476
0.00814563
0.00944458
0.0111949
0.0135313
0.0165495
0.0205104
0.025541
0.0318268
0.0396452
0.0492639
0.061193
0.0755824
0.0931607
0.114691
0.141103
0.173497
0.213605
0.261677
0.315155
0.375832
0.429751
0.479344
0.519172
0.544749
0.56095
0.574883
0.566656
0.544219
0.505522
0.448573
0.384604
0.31969
0.257495
0.200656
0.151123
0.109704
0.0764961
0.0502061
0.0309067
0.0184677
0.0108926
0.00632906
0.00355994
0.00186287
0.000889684
0.000394216
0.000165682
6.60743e-05
2.45334e-05
8.28881e-06
2.46453e-06
5.81634e-07
5.46711e-08
-5.21697e-08
-4.9351e-08
-3.62465e-08
-2.92632e-08
-2.7493e-08
-1.78385e-08
-1.25571e-08
-1.10306e-08
-9.65048e-09
-1.14038e-08
-1.37005e-08
-1.67897e-08
-2.12141e-08
-3.06191e-08
-4.09624e-08
-4.6e-08
-4.19824e-08
-3.29481e-08
-2.04356e-08
-1.40858e-08
-9.6699e-09
-6.32067e-09
-4.03463e-09
-2.56383e-09
-1.64087e-09
-1.05424e-09
-6.63562e-10
-4.06507e-10
-3.51285e-10
-3.36553e-10
-3.04493e-10
-2.53197e-10
-1.95189e-10
-1.41723e-10
-9.84899e-11
-6.41595e-11
-2.99332e-11
-6.01878e-12
2.04382e-13
2.03701e-12
2.92045e-12
3.36195e-12
3.42067e-12
3.15017e-12
2.67875e-12
2.14401e-12
1.62758e-12
1.17564e-12
8.05385e-13
5.17105e-13
3.06639e-13
1.602e-13
7.14454e-14
2.72259e-14
9.67532e-15
3.17669e-15
8.01854e-16
2.09698e-16
8.1493e-17
1.81646e-16
2.10598e-16
1.74962e-16
1.07594e-16
4.89685e-17
1.47941e-17
1.64054e-18
-1.38867e-18
-1.40122e-18
-1.07638e-18
-4.23535e-19
3.88354e-19
1.02992e-18
1.19131e-18
9.73332e-19
6.34461e-19
3.39065e-19
1.4349e-19
4.0089e-20
-2.08032e-21
-1.26639e-20
-1.10797e-20
-6.92307e-21
-3.59378e-21
-1.62385e-21
-6.44743e-22
-2.17998e-22
-5.35482e-23
5.08601e-25
1.30905e-23
1.23167e-23
8.56864e-24
5.16048e-24
2.81143e-24
1.40234e-24
6.38451e-25
2.60712e-25
9.15564e-26
2.46671e-26
2.54335e-27
-2.76356e-27
-2.79621e-27
-1.77254e-27
-9.1303e-28
-4.10426e-28
-1.12765e-28
3.38859e-19
1.65096e-18
-1.20497e-17
3.5715e-17
-5.15522e-17
-7.2745e-17
1.79032e-15
1.59657e-14
7.30218e-14
2.51533e-13
5.49815e-13
7.78685e-13
7.37771e-13
8.16313e-13
6.02943e-13
-1.17713e-12
-5.13481e-12
-1.11455e-11
-4.8701e-11
-1.13472e-10
-1.98135e-10
-2.59681e-10
-1.2944e-10
5.03354e-10
2.49977e-09
8.03141e-09
2.30339e-08
6.27803e-08
1.66701e-07
4.39001e-07
1.15596e-06
3.01945e-06
7.61041e-06
1.99443e-05
5.11573e-05
0.000113886
0.000228029
0.000405887
0.000646848
0.000941468
0.00125961
0.00164177
0.0021352
0.00280198
0.00375291
0.00510239
0.00695948
0.00948387
0.0128289
0.0170614
0.0223267
0.0290891
0.0377844
0.0485262
0.0616135
0.0772522
0.0956485
0.116996
0.142077
0.172416
0.208448
0.25166
0.300956
0.353241
0.407144
0.457344
0.502451
0.53916
0.563045
0.579786
0.593421
0.587309
0.569257
0.537169
0.489307
0.433008
0.373314
0.313758
0.256998
0.203939
0.155478
0.11323
0.0783047
0.0505437
0.0287905
0.0155386
0.00837596
0.00450432
0.0023327
0.00111014
0.000485339
0.000202003
8.17142e-05
3.17412e-05
1.14685e-05
3.67468e-06
8.88045e-07
-1.39022e-08
-2.66447e-07
-3.60459e-07
-4.63836e-07
-6.02243e-07
-7.23459e-07
-8.1518e-07
-9.21587e-07
-1.05766e-06
-1.21554e-06
-1.3681e-06
-1.48279e-06
-1.54722e-06
-1.54457e-06
-1.47125e-06
-1.32914e-06
-1.1215e-06
-9.14973e-07
-7.20166e-07
-5.5705e-07
-4.27517e-07
-3.23548e-07
-2.39766e-07
-1.73019e-07
-1.20788e-07
-8.13805e-08
-5.25152e-08
-3.24599e-08
-1.91341e-08
-1.07034e-08
-5.6133e-09
-2.68614e-09
-1.09316e-09
-2.84814e-10
8.55277e-11
2.11258e-10
2.16883e-10
1.98353e-10
1.67793e-10
1.31516e-10
9.76243e-11
6.91625e-11
4.69186e-11
3.05172e-11
1.89626e-11
1.12134e-11
6.26309e-12
3.26627e-12
1.5672e-12
6.66496e-13
2.30923e-13
4.51374e-14
-1.89712e-14
-2.97487e-14
-2.06508e-14
-1.24023e-14
-6.72246e-15
-3.49671e-15
-1.66219e-15
-6.82764e-16
-1.8204e-16
3.96741e-17
7.96942e-17
6.26529e-17
4.10051e-17
2.94828e-17
2.55063e-17
2.41037e-17
2.17247e-17
1.83552e-17
1.41344e-17
9.8912e-18
6.32858e-18
3.70055e-18
1.96526e-18
9.36036e-19
3.89556e-19
1.32716e-19
2.87831e-20
-4.72488e-21
-1.07699e-20
-8.57624e-21
-5.29012e-21
-2.85934e-21
-1.41392e-21
-6.49967e-22
-2.77264e-22
-1.07091e-22
-3.46239e-23
-6.62183e-24
2.38474e-24
4.01138e-24
3.26104e-24
2.10137e-24
1.17243e-24
5.80351e-25
2.55213e-25
9.80324e-26
3.09133e-26
6.177e-27
-1.02102e-27
-2.1098e-27
-1.41522e-27
1.65007e-20
8.93891e-19
-2.28504e-18
-1.21424e-18
1.35568e-17
7.56223e-18
-2.3675e-16
8.54931e-16
4.87644e-15
1.45358e-14
2.80295e-14
2.94515e-14
-9.10961e-15
-1.23876e-13
-5.68437e-13
-1.55464e-12
-2.84576e-12
-4.17822e-12
-4.79901e-12
-1.05157e-12
8.81961e-12
1.40169e-11
1.98482e-11
8.89874e-11
3.91039e-10
1.25902e-09
3.64929e-09
1.01164e-08
2.74753e-08
7.39172e-08
1.98134e-07
5.30012e-07
1.37984e-06
3.65601e-06
9.47739e-06
2.20013e-05
4.73129e-05
9.2297e-05
0.000164354
0.000273072
0.000426804
0.000654233
0.000968865
0.00140476
0.00209907
0.00313655
0.00461507
0.00666342
0.0094188
0.0130571
0.0177856
0.0238078
0.0313778
0.0407249
0.0521417
0.0658054
0.0819136
0.100632
0.121982
0.146173
0.173366
0.204039
0.238998
0.278234
0.321762
0.36811
0.415683
0.461503
0.502891
0.539789
0.568566
0.586721
0.601247
0.607418
0.600594
0.583528
0.554255
0.51077
0.458749
0.402526
0.344512
0.286704
0.231037
0.179236
0.132239
0.0920137
0.0599151
0.0354399
0.017958
0.00889478
0.00455811
0.00235819
0.00116372
0.000535968
0.000236931
0.000104235
4.53327e-05
1.85754e-05
6.50027e-06
1.20018e-06
-1.04151e-06
-2.07956e-06
-2.74057e-06
-3.48013e-06
-4.21353e-06
-4.64442e-06
-4.85479e-06
-4.95043e-06
-4.90231e-06
-4.78014e-06
-4.60996e-06
-4.47004e-06
-4.3385e-06
-4.14619e-06
-3.75008e-06
-3.20225e-06
-2.60119e-06
-2.03257e-06
-1.5262e-06
-1.09931e-06
-7.59284e-07
-5.02553e-07
-3.18813e-07
-1.93789e-07
-1.12573e-07
-6.21368e-08
-3.21881e-08
-1.52243e-08
-6.12846e-09
-1.58632e-09
4.43591e-10
1.16785e-09
1.27181e-09
1.11492e-09
8.82272e-10
6.55732e-10
4.65069e-10
3.17865e-10
2.10034e-10
1.34158e-10
8.27228e-11
4.89876e-11
2.76682e-11
1.47229e-11
7.2199e-12
3.12326e-12
1.0543e-12
1.24786e-13
-2.11405e-13
-2.67842e-13
-2.17712e-13
-1.46338e-13
-8.71582e-14
-4.64153e-14
-2.24627e-14
-1.01604e-14
-4.4245e-15
-1.83579e-15
-6.95994e-16
-1.53392e-16
1.0225e-16
1.66286e-16
1.62276e-16
1.37623e-16
1.09937e-16
8.42929e-17
6.33065e-17
4.60044e-17
3.18098e-17
2.06952e-17
1.25666e-17
7.07689e-18
3.67141e-18
1.73619e-18
7.32651e-19
2.62001e-19
6.66174e-20
-1.23027e-21
-1.72219e-20
-1.58409e-20
-1.07499e-20
-6.33021e-21
-3.4003e-21
-1.6957e-21
-7.85427e-22
-3.32439e-22
-1.22794e-22
-3.43114e-23
-1.97611e-24
6.69161e-24
6.8035e-24
4.73123e-24
2.75039e-24
1.40999e-24
6.48118e-25
2.65773e-25
9.41269e-26
2.58797e-26
2.86846e-27
-3.78041e-27
5.11355e-20
2.45769e-20
-4.00763e-20
-1.38293e-18
1.31064e-18
1.23359e-17
-3.54105e-17
-5.57545e-17
1.56959e-16
3.8548e-16
6.65562e-16
-2.36139e-15
-1.92551e-14
-4.68254e-14
-7.82613e-14
-8.50703e-14
-4.40779e-14
7.4833e-14
5.03844e-13
2.28935e-12
6.16362e-12
1.61389e-11
4.26287e-11
9.88537e-11
2.49604e-10
6.42949e-10
1.68568e-09
4.46035e-09
1.1572e-08
2.99345e-08
7.7079e-08
1.95907e-07
4.9581e-07
1.245e-06
3.10022e-06
7.2695e-06
1.62965e-05
3.44251e-05
6.88272e-05
0.000131541
0.00023854
0.000414171
0.000694774
0.00112629
0.0017629
0.00267342
0.00394074
0.00568097
0.00802774
0.0111458
0.0152301
0.0204936
0.0271985
0.0356003
0.046008
0.0586925
0.0738895
0.0918046
0.112486
0.135929
0.161937
0.190282
0.220843
0.253633
0.288737
0.326165
0.365644
0.406251
0.44691
0.486247
0.5221
0.553251
0.579255
0.597108
0.60922
0.614183
0.611444
0.600596
0.579482
0.545933
0.501253
0.450116
0.394827
0.337376
0.279804
0.224141
0.172489
0.126667
0.0876738
0.0568818
0.0342382
0.0180311
0.00866754
0.00439929
0.00236126
0.00129343
0.000690249
0.000354312
0.000178902
8.96201e-05
4.33842e-05
1.87983e-05
5.65829e-06
-1.18864e-06
-4.52733e-06
-5.93537e-06
-6.31759e-06
-6.25802e-06
-4.46056e-06
-3.15172e-06
-3.03896e-06
-3.7489e-06
-4.65195e-06
-5.34987e-06
-5.69565e-06
-5.58177e-06
-5.00151e-06
-4.06998e-06
-3.09187e-06
-2.21182e-06
-1.49999e-06
-9.68388e-07
-5.96333e-07
-3.50042e-07
-1.94939e-07
-1.01854e-07
-4.8721e-08
-2.00543e-08
-5.67563e-09
7.90325e-10
3.12798e-09
3.49751e-09
3.07024e-09
2.40723e-09
1.76345e-09
1.23099e-09
8.26195e-10
5.35685e-10
3.35898e-10
2.03363e-10
1.18418e-10
6.58158e-11
3.44248e-11
1.65033e-11
6.81735e-12
1.94898e-12
-2.25332e-13
-9.94405e-13
-1.09622e-12
-9.27104e-13
-6.90179e-13
-4.69982e-13
-2.99165e-13
-1.78166e-13
-9.93444e-14
-5.13916e-14
-2.45277e-14
-1.06393e-14
-4.15522e-15
-1.30471e-15
-3.29291e-16
3.03134e-17
1.95578e-16
2.0854e-16
1.77873e-16
1.43401e-16
1.13381e-16
8.64131e-17
6.20615e-17
4.15629e-17
2.58873e-17
1.49891e-17
8.05657e-18
3.99934e-18
1.8104e-18
7.2522e-19
2.36742e-19
4.31366e-20
-1.87449e-20
-2.90841e-20
-2.33457e-20
-1.51959e-20
-8.78034e-21
-4.64094e-21
-2.26077e-21
-1.0071e-21
-3.98828e-22
-1.29689e-22
-2.45405e-23
8.53997e-24
1.38859e-23
1.08407e-23
6.71974e-24
3.63501e-24
1.76786e-24
7.77136e-25
3.04598e-25
1.01536e-25
2.46733e-26
-4.29927e-27
-8.22148e-21
-1.00708e-21
1.34966e-19
-2.06057e-19
-4.47346e-19
1.96154e-18
2.67356e-18
-2.09139e-17
-1.56247e-17
5.46666e-17
1.9341e-17
-6.44354e-16
-1.99024e-15
-2.38859e-15
-1.53234e-15
2.46356e-15
2.92079e-14
1.30034e-13
4.28411e-13
1.24673e-12
3.52148e-12
1.00877e-11
2.93866e-11
8.19038e-11
2.25335e-10
6.08944e-10
1.60879e-09
4.25053e-09
1.09738e-08
2.7911e-08
7.03857e-08
1.73067e-07
4.21113e-07
1.00689e-06
2.35414e-06
5.43392e-06
1.24425e-05
2.74463e-05
5.71744e-05
0.000112223
0.000206163
0.000357487
0.000588325
0.000930802
0.00143366
0.00216093
0.00319345
0.00464793
0.00664786
0.00934698
0.012943
0.0176687
0.0238122
0.0316938
0.0417078
0.0542219
0.0695168
0.0877706
0.109048
0.133221
0.160073
0.189225
0.220238
0.252687
0.286175
0.320479
0.355397
0.390725
0.426177
0.461138
0.4948
0.526345
0.554486
0.578281
0.597086
0.609577
0.61651
0.616224
0.611465
0.599442
0.577605
0.544985
0.503959
0.456876
0.405249
0.350792
0.295415
0.241365
0.190555
0.144859
0.105653
0.0734749
0.0485099
0.0305008
0.0180362
0.00961716
0.00507031
0.00296761
0.0018658
0.00121844
0.000804971
0.000545223
0.000389362
0.000302802
0.000255935
0.000224959
0.000196905
0.000165728
0.000127801
8.93425e-05
5.5328e-05
2.90354e-05
1.11264e-05
2.65449e-07
-5.23657e-06
-6.38245e-06
-6.09804e-06
-5.39335e-06
-4.13369e-06
-2.90908e-06
-1.91484e-06
-1.19045e-06
-7.01067e-07
-3.89915e-07
-2.02532e-07
-9.56798e-08
-3.84401e-08
-1.0292e-08
1.86243e-09
6.00483e-09
6.17763e-09
5.40739e-09
4.22757e-09
3.05993e-09
2.09276e-09
1.37135e-09
8.6532e-10
5.26264e-10
3.0779e-10
1.7216e-10
9.10003e-11
4.45419e-11
1.92216e-11
6.23387e-12
4.51323e-14
-2.18595e-12
-2.40917e-12
-2.19145e-12
-1.88033e-12
-1.44709e-12
-1.05199e-12
-7.30061e-13
-4.86786e-13
-3.11853e-13
-1.9198e-13
-1.12944e-13
-6.32183e-14
-3.34436e-14
-1.68523e-14
-7.97105e-15
-3.65293e-15
-1.57323e-15
-6.01475e-16
-1.55862e-16
4.22683e-17
1.192e-16
1.333e-16
1.15933e-16
8.71636e-17
5.89518e-17
3.65976e-17
2.10712e-17
1.12917e-17
5.61551e-18
2.56067e-18
1.03895e-18
3.45449e-19
6.49758e-20
-2.748e-20
-4.41835e-20
-3.61476e-20
-2.38354e-20
-1.38639e-20
-7.32419e-21
-3.53784e-21
-1.5485e-21
-5.9512e-22
-1.83002e-22
-2.80615e-23
1.72654e-23
2.24194e-23
1.65164e-23
9.91336e-24
5.24589e-24
2.51034e-24
1.09004e-24
4.23026e-25
1.39483e-25
3.29682e-26
-6.79781e-27
-8.52371e-20
6.00143e-20
1.13709e-18
-3.61617e-18
2.23638e-18
1.86331e-17
-4.01314e-17
-1.09811e-16
6.06749e-16
1.89948e-15
3.30092e-15
2.24541e-15
-1.61923e-15
-7.53769e-15
-5.49861e-14
-1.69972e-13
-2.9947e-13
-2.45475e-13
2.78729e-14
5.78698e-13
2.59297e-12
8.15452e-12
2.20578e-11
6.18945e-11
1.72121e-10
4.76509e-10
1.28655e-09
3.4532e-09
9.12813e-09
2.38245e-08
6.13165e-08
1.55348e-07
3.84594e-07
9.32752e-07
2.20518e-06
5.07591e-06
1.13445e-05
2.42421e-05
4.92392e-05
9.45196e-05
0.000169577
0.000286758
0.000461901
0.000731188
0.00114383
0.00176246
0.00267792
0.00401668
0.00588453
0.00848757
0.0120909
0.0170054
0.0235709
0.0322552
0.0435674
0.0580247
0.0759534
0.0973006
0.121992
0.149386
0.179179
0.210713
0.243507
0.277073
0.31089
0.344628
0.377887
0.410464
0.442137
0.472646
0.501747
0.528968
0.553776
0.575559
0.59356
0.607371
0.616139
0.618512
0.616731
0.611122
0.597822
0.577145
0.549232
0.514714
0.474432
0.429453
0.381054
0.330871
0.280543
0.231863
0.18647
0.145758
0.110589
0.0815572
0.0584238
0.0408094
0.0278829
0.0188519
0.0127107
0.008688
0.00605742
0.00435109
0.00321167
0.00241611
0.00182368
0.00135408
0.000973433
0.000668561
0.000433664
0.000262474
0.000145543
7.14685e-05
2.83542e-05
5.46625e-06
-4.74489e-06
-6.62517e-06
-6.24675e-06
-5.32098e-06
-3.89212e-06
-2.59659e-06
-1.60771e-06
-9.3228e-07
-5.05822e-07
-2.53112e-07
-1.1294e-07
-4.06228e-08
-6.07515e-09
6.45756e-09
7.4947e-09
6.82318e-09
5.87697e-09
4.50391e-09
3.21465e-09
2.17005e-09
1.39496e-09
8.56601e-10
5.01631e-10
2.79062e-10
1.46313e-10
7.10666e-11
2.97602e-11
8.17455e-12
4.68829e-13
-1.8258e-12
-2.44131e-12
-2.4783e-12
-2.25001e-12
-1.93544e-12
-1.53843e-12
-1.1561e-12
-8.43635e-13
-6.03367e-13
-4.22032e-13
-2.88618e-13
-1.92141e-13
-1.24102e-13
-7.73581e-14
-4.6245e-14
-2.64914e-14
-1.44876e-14
-7.60794e-15
-3.7797e-15
-1.7081e-15
-6.32175e-16
-1.17509e-16
8.9786e-17
1.41529e-16
1.2633e-16
9.18069e-17
5.91173e-17
3.4861e-17
1.90905e-17
9.73888e-18
4.59672e-18
1.96401e-18
7.17286e-19
1.83161e-19
-1.21766e-20
-6.18716e-20
-5.81917e-20
-4.09693e-20
-2.48449e-20
-1.35277e-20
-6.69365e-21
-2.99663e-21
-1.18521e-21
-3.86401e-22
-7.81554e-23
1.74898e-23
3.34316e-23
2.61037e-23
1.59516e-23
8.49584e-24
4.08138e-24
1.78411e-24
7.02774e-25
2.39751e-25
6.19e-26
3.60023e-27
-1.21462e-26
-3.38406e-19
1.48722e-18
-2.66043e-18
5.08849e-19
1.62693e-17
-3.89569e-17
-6.97079e-17
1.99528e-15
1.20856e-14
4.45545e-14
1.18382e-13
1.72362e-13
1.90732e-13
2.13186e-13
1.26355e-13
-2.47973e-13
-8.05558e-13
-3.17993e-12
-7.63444e-12
-5.03966e-12
8.06789e-12
3.23711e-11
7.57379e-11
1.26761e-10
1.65645e-10
4.75584e-10
1.55485e-09
4.18588e-09
1.02907e-08
2.39982e-08
5.38276e-08
1.15988e-07
2.52348e-07
6.36324e-07
1.60035e-06
3.90345e-06
9.01289e-06
2.00028e-05
4.08607e-05
7.63127e-05
0.000133312
0.000225915
0.000383249
0.000660021
0.00112745
0.00188808
0.00307962
0.00486057
0.00750596
0.0114774
0.0170937
0.0247609
0.0350889
0.0490047
0.0665809
0.0879565
0.113842
0.14418
0.177158
0.211123
0.245908
0.280626
0.314923
0.348393
0.380713
0.411893
0.441749
0.470088
0.496668
0.521284
0.543857
0.564031
0.581571
0.596062
0.607232
0.614524
0.616922
0.615764
0.611923
0.604536
0.593602
0.575653
0.551956
0.523118
0.489676
0.45228
0.411708
0.3689
0.324919
0.280968
0.238262
0.197994
0.161118
0.12846
0.100354
0.0770007
0.0581087
0.0432844
0.0318747
0.0232987
0.0169024
0.0121754
0.00867414
0.00607961
0.0041629
0.00276263
0.00176323
0.00107311
0.000616149
0.000328951
0.000159749
6.71126e-05
2.07127e-05
1.45263e-07
-5.52027e-06
-5.89014e-06
-5.02307e-06
-3.66833e-06
-2.39079e-06
-1.41856e-06
-7.76177e-07
-3.92916e-07
-1.80302e-07
-6.52958e-08
-1.66755e-08
-6.21487e-10
4.49504e-09
5.88145e-09
5.49138e-09
4.59004e-09
3.39684e-09
2.30947e-09
1.46866e-09
8.84722e-10
5.05658e-10
2.69075e-10
1.2856e-10
6.15814e-11
3.01187e-11
1.4343e-11
6.3376e-12
2.0808e-12
-3.68373e-13
-1.31437e-12
-1.38942e-12
-1.23808e-12
-1.00304e-12
-7.75068e-13
-5.8605e-13
-4.42321e-13
-3.3262e-13
-2.51278e-13
-1.88123e-13
-1.39572e-13
-1.01407e-13
-7.20587e-14
-4.96931e-14
-3.29742e-14
-2.06294e-14
-1.21688e-14
-6.62887e-15
-3.24877e-15
-1.35593e-15
-4.01035e-16
9.54976e-18
1.35903e-16
1.38026e-16
1.01676e-16
6.41193e-17
3.64929e-17
1.91408e-17
9.29585e-18
4.13758e-18
1.6286e-18
5.07149e-19
6.26739e-20
-7.72806e-20
-9.53896e-20
-7.45707e-20
-4.84217e-20
-2.78711e-20
-1.45168e-20
-6.85499e-21
-2.89487e-21
-1.04988e-21
-2.87971e-22
-2.26095e-23
4.30872e-23
4.26133e-23
2.79503e-23
1.52853e-23
7.40121e-24
3.23589e-24
1.27903e-24
4.46253e-25
1.25806e-25
1.77215e-26
-1.07249e-26
-1.3477e-26
-8.63025e-27
-3.11787e-19
3.37168e-18
-1.52613e-17
5.01971e-17
-1.13469e-16
-8.48441e-17
3.23514e-15
2.93136e-14
1.71625e-13
6.30843e-13
1.92437e-12
2.94395e-12
4.63184e-12
9.38085e-12
1.41888e-11
1.6217e-11
1.34729e-11
7.86488e-12
-1.2178e-12
-7.90534e-11
-3.32538e-10
-6.9159e-10
-1.10154e-09
-1.42037e-09
-7.19114e-10
2.02672e-09
8.79918e-09
2.34059e-08
5.40707e-08
1.16101e-07
2.37903e-07
4.7224e-07
9.26914e-07
1.79855e-06
3.48362e-06
6.57993e-06
1.20656e-05
2.21086e-05
4.09086e-05
7.80682e-05
0.000151771
0.000303277
0.00060854
0.00113104
0.00209976
0.00380008
0.00643911
0.0103641
0.0172416
0.0280851
0.0431926
0.0627249
0.0875049
0.118338
0.152491
0.188947
0.22702
0.265439
0.30406
0.341062
0.376467
0.409405
0.440312
0.469212
0.496038
0.520134
0.538321
0.552303
0.56624
0.57925
0.589818
0.597358
0.601549
0.603335
0.604021
0.603233
0.600061
0.593739
0.584074
0.570929
0.553785
0.532383
0.507061
0.478421
0.447299
0.413627
0.378804
0.343228
0.306619
0.270188
0.234601
0.200494
0.16853
0.139217
0.112989
0.0900943
0.0705584
0.0542315
0.0408841
0.0301856
0.0217888
0.0153253
0.0104631
0.00689965
0.00437144
0.00264557
0.00151986
0.000817589
0.000403647
0.000179383
6.87172e-05
1.88797e-05
-1.40705e-06
-4.68829e-06
-4.19204e-06
-3.30601e-06
-2.25967e-06
-1.37986e-06
-7.48664e-07
-3.51754e-07
-1.64676e-07
-8.18498e-08
-4.11342e-08
-1.9199e-08
-6.32358e-09
-2.68278e-10
1.80328e-09
2.06457e-09
1.65474e-09
1.12811e-09
7.28102e-10
4.668e-10
2.95818e-10
1.84081e-10
1.11414e-10
6.53587e-11
3.56176e-11
1.65947e-11
6.75393e-12
2.65515e-12
9.71998e-13
2.33371e-13
-1.56005e-13
-2.90226e-13
-2.77327e-13
-2.26325e-13
-1.74596e-13
-1.30145e-13
-9.49063e-14
-6.95735e-14
-5.17143e-14
-4.02361e-14
-3.21906e-14
-2.66111e-14
-2.20054e-14
-1.81767e-14
-1.44771e-14
-1.09776e-14
-7.44946e-15
-4.57262e-15
-2.37887e-15
-9.84852e-16
-2.5189e-16
5.45772e-17
1.3337e-16
1.16901e-16
7.68904e-17
4.28881e-17
2.11653e-17
9.3103e-18
3.55901e-18
1.06094e-18
1.13396e-19
-1.68588e-19
-1.99351e-19
-1.54947e-19
-1.01808e-19
-6.01249e-20
-3.25238e-20
-1.61474e-20
-7.28473e-21
-2.9084e-21
-9.61436e-22
-2.0581e-22
2.89187e-23
6.84869e-23
5.22169e-23
3.00229e-23
1.46474e-23
6.26636e-24
2.34867e-24
7.45737e-25
1.77931e-25
9.33041e-27
-2.59372e-26
-2.43063e-26
-1.61897e-26
-9.38736e-27
-5.07304e-27
-1.95325e-27
1.72789e-18
-7.24621e-18
1.70992e-17
8.83831e-18
-4.19622e-16
2.81684e-15
3.41337e-14
3.16293e-13
1.76414e-12
5.98964e-12
1.99034e-11
3.72773e-11
9.02107e-11
1.8515e-10
3.19975e-10
4.6448e-10
5.47982e-10
5.48464e-10
4.3297e-10
-4.3029e-11
-1.56731e-09
-4.06687e-09
-5.5342e-09
-2.6883e-09
1.07948e-08
4.62585e-08
1.25002e-07
2.84794e-07
5.89472e-07
1.14301e-06
2.1081e-06
3.72824e-06
6.36444e-06
1.04284e-05
1.6879e-05
2.77331e-05
4.7081e-05
8.46279e-05
0.000157257
0.00029953
0.000555037
0.00110164
0.00216279
0.00381566
0.00816337
0.01833
0.03455
0.0559594
0.0845371
0.118785
0.157444
0.199788
0.241828
0.282555
0.322281
0.360571
0.398012
0.435619
0.466616
0.486346
0.505605
0.52377
0.538169
0.545852
0.548417
0.54994
0.551146
0.552381
0.55312
0.552791
0.550846
0.547363
0.542107
0.534743
0.52494
0.512345
0.497491
0.480628
0.46191
0.441323
0.419191
0.395818
0.371476
0.346402
0.320706
0.294595
0.268333
0.241983
0.216009
0.190596
0.16608
0.142644
0.120679
0.100289
0.0818235
0.0653101
0.0509548
0.0387126
0.028598
0.020443
0.0140824
0.00927973
0.00582756
0.00346957
0.00194806
0.00102318
0.000497408
0.000208823
7.17597e-05
2.51921e-05
8.73908e-06
2.51056e-06
-5.28429e-08
-1.11011e-06
-1.08446e-06
-7.3261e-07
-4.37525e-07
-2.55589e-07
-1.47385e-07
-8.02452e-08
-3.8319e-08
-1.65772e-08
-7.2303e-09
-3.27508e-09
-1.40406e-09
-3.33432e-10
1.74795e-10
2.61858e-10
2.08032e-10
1.50644e-10
1.02971e-10
6.7294e-11
4.24216e-11
2.61064e-11
1.57204e-11
9.31382e-12
5.44671e-12
3.1151e-12
1.63496e-12
7.00495e-13
2.23899e-13
4.44807e-14
-2.44709e-14
-3.26834e-14
-2.47421e-14
-1.79553e-14
-1.29176e-14
-9.24522e-15
-6.54239e-15
-4.55774e-15
-3.08845e-15
-2.04127e-15
-1.3276e-15
-8.60966e-16
-5.71016e-16
-3.90236e-16
-4.10317e-16
-4.5819e-16
-3.51012e-16
-2.00852e-16
-3.90335e-17
9.66614e-17
1.26719e-16
1.01653e-16
6.24456e-17
3.08497e-17
1.19008e-17
2.98592e-18
-2.43447e-19
-9.61253e-19
-8.30915e-19
-5.4182e-19
-3.08251e-19
-1.60811e-19
-7.85099e-20
-3.60347e-20
-1.54124e-20
-5.98478e-21
-1.96606e-21
-4.24737e-22
6.12005e-23
1.46634e-22
1.13206e-22
6.51849e-23
3.11707e-23
1.25838e-23
4.13508e-24
9.34581e-25
-1.3206e-26
-1.71159e-25
-1.25436e-25
-6.90826e-26
-3.59819e-26
-1.90265e-26
-1.01031e-26
-5.17859e-27
-2.47415e-27
-1.06896e-27
-4.05096e-28
-6.64767e-29
3.22283e-18
-2.51316e-17
1.19373e-16
-4.52389e-16
1.93702e-15
3.87661e-14
3.768e-13
3.08298e-12
1.43876e-11
1.71211e-11
-1.72317e-11
-2.47289e-10
2.24016e-10
2.80188e-09
8.94534e-09
1.75195e-08
2.7159e-08
3.69723e-08
4.475e-08
5.31754e-08
6.89306e-08
1.09414e-07
2.12526e-07
4.51709e-07
9.62702e-07
1.98252e-06
3.90379e-06
7.34262e-06
1.32114e-05
2.27777e-05
3.76808e-05
5.98616e-05
9.14483e-05
0.000133562
0.000191446
0.000276599
0.000415351
0.000666909
0.00113783
0.00198963
0.00332077
0.00866818
0.023653
0.0480366
0.0805918
0.124434
0.168742
0.211729
0.256306
0.299898
0.342353
0.382919
0.406792
0.425899
0.451114
0.476133
0.488575
0.488963
0.486407
0.481982
0.475118
0.464528
0.449504
0.431443
0.4129
0.395712
0.379558
0.364227
0.349064
0.334895
0.321158
0.308299
0.295569
0.282828
0.270106
0.25725
0.24439
0.231225
0.217911
0.204342
0.190731
0.177124
0.163618
0.150307
0.137213
0.124384
0.111939
0.0997647
0.0880835
0.0768348
0.0661669
0.0560366
0.0466468
0.037926
0.0300825
0.0230886
0.0171341
0.0122017
0.0083175
0.00537406
0.00318391
0.00175734
0.00094369
0.000502471
0.000265753
0.000138669
7.09544e-05
3.57817e-05
1.68748e-05
5.77559e-06
9.09342e-07
-1.34559e-07
-2.5056e-07
-2.15702e-07
-1.4788e-07
-9.06912e-08
-5.26775e-08
-2.98698e-08
-1.69067e-08
-9.57939e-09
-5.28906e-09
-2.69101e-09
-1.2043e-09
-4.83378e-10
-1.84283e-10
-6.2212e-11
1.74245e-12
1.85119e-11
1.37673e-11
9.1973e-12
5.93831e-12
3.76189e-12
2.34386e-12
1.44556e-12
8.8159e-13
5.34193e-13
3.21599e-13
1.92932e-13
1.15129e-13
6.79718e-14
3.82314e-14
1.7634e-14
5.11485e-15
3.09001e-16
-2.13969e-16
-3.67916e-17
5.81847e-17
1.0114e-16
1.06751e-16
8.95142e-17
6.3516e-17
4.49501e-17
6.30345e-17
9.63388e-17
1.30962e-16
1.57091e-16
1.7603e-16
1.81299e-16
1.74161e-16
1.59453e-16
1.16759e-16
6.80877e-17
3.13681e-17
9.8295e-18
-9.32095e-20
-2.95761e-18
-2.71404e-18
-1.69028e-18
-8.44609e-19
-3.53485e-19
-1.22727e-19
-3.20974e-20
-3.06545e-21
3.40445e-21
3.30523e-21
2.04395e-21
1.05049e-21
4.95447e-22
2.1602e-22
8.36431e-23
2.62326e-23
5.58401e-24
-4.59986e-25
-1.44872e-24
-1.06735e-24
-5.65546e-25
-2.4129e-25
-8.31143e-26
-2.10315e-26
-2.12491e-27
-2.44743e-28
-1.42688e-27
-1.47586e-27
-8.65062e-28
-3.23543e-28
-3.70342e-29
6.44571e-29
7.69195e-29
6.05526e-29
3.20352e-29
-5.37496e-18
1.09923e-17
2.10096e-17
-1.99073e-16
2.28798e-14
1.79989e-12
1.06873e-11
5.11806e-11
1.00004e-10
-3.73747e-10
-4.81549e-09
-2.63899e-08
-5.16757e-08
-4.02734e-08
7.06152e-08
2.67334e-07
5.28417e-07
8.68416e-07
1.35783e-06
2.2719e-06
4.16538e-06
8.13078e-06
1.61452e-05
3.15213e-05
5.95209e-05
0.000107908
0.0001874
0.000311848
0.000498033
0.000764965
0.00113236
0.00161809
0.00223532
0.00297181
0.00386519
0.004997
0.00665301
0.00915979
0.0181863
0.036587
0.0668188
0.112865
0.170564
0.224373
0.269936
0.310394
0.332778
0.355312
0.382756
0.40895
0.416752
0.41656
0.411017
0.400236
0.382205
0.3516
0.311807
0.272942
0.236565
0.204763
0.175309
0.150384
0.130193
0.115536
0.104494
0.0953604
0.0869312
0.0791386
0.071734
0.0651624
0.0590595
0.0537821
0.0489549
0.0446133
0.0407077
0.0370495
0.033692
0.0305213
0.0275954
0.0248252
0.0222671
0.0198889
0.0176944
0.015685
0.013835
0.0121318
0.0105788
0.00911356
0.00777998
0.00652464
0.00537717
0.00430689
0.00335718
0.00250253
0.00179659
0.00124173
0.000828485
0.000531515
0.000328735
0.000195159
0.000111458
6.07807e-05
3.15312e-05
1.54138e-05
6.99846e-06
2.8349e-06
8.96434e-07
6.31309e-08
-2.36576e-07
-2.91377e-07
-2.41415e-07
-1.30788e-07
-3.21683e-08
-9.29397e-09
-4.55335e-09
-2.38898e-09
-1.27694e-09
-6.95311e-10
-3.85499e-10
-2.17375e-10
-1.2437e-10
-7.18517e-11
-4.13762e-11
-2.32318e-11
-1.23457e-11
-5.9442e-12
-2.29093e-12
-9.48959e-14
7.12575e-14
1.8047e-14
2.00107e-15
-1.27686e-15
-1.14709e-15
-4.74857e-16
9.73818e-18
2.36928e-16
2.90704e-16
2.59867e-16
1.96684e-16
1.30484e-16
7.38593e-17
4.28937e-17
4.67231e-17
3.65246e-17
4.10715e-19
-7.88769e-18
-1.04369e-19
1.48334e-17
4.04785e-17
7.25373e-17
9.16208e-17
1.00149e-16
8.72059e-17
7.70453e-17
7.06552e-17
6.73443e-17
6.67757e-17
6.48318e-17
4.66473e-17
2.45276e-17
6.90261e-18
-1.63617e-18
-3.7624e-18
-2.99818e-18
-1.61667e-18
-5.99952e-19
-1.02477e-19
5.13198e-20
6.00959e-20
3.55663e-20
1.58393e-20
5.7794e-21
1.75906e-21
4.29723e-22
6.76426e-23
1.54041e-23
2.10845e-23
1.558e-23
6.62793e-24
1.47233e-24
-1.45442e-25
-2.40307e-25
-7.03311e-26
-5.87034e-28
1.08894e-26
7.50485e-27
3.42718e-27
1.1651e-27
2.70774e-28
9.29988e-29
1.76813e-28
2.055e-28
1.63778e-28
1.1043e-28
7.01216e-29
4.31259e-29
2.53381e-29
1.39233e-29
7.14827e-30
2.42215e-30
-1.22674e-17
4.9565e-17
-1.49269e-16
2.99135e-16
2.22665e-13
2.20469e-11
1.08267e-09
1.52437e-09
4.86407e-09
2.69942e-08
1.27263e-07
4.77984e-07
1.30935e-06
2.92134e-06
6.08333e-06
1.44471e-05
3.79038e-05
0.000123653
0.000531007
0.000969977
0.0014479
0.0021027
0.00321202
0.00502874
0.0076748
0.0112409
0.0157209
0.0209876
0.0268449
0.0332486
0.0401884
0.0477286
0.0563654
0.0684656
0.0876052
0.113425
0.144693
0.18037
0.217846
0.264737
0.310228
0.34751
0.362208
0.35717
0.347357
0.335035
0.320459
0.301278
0.268875
0.227114
0.183423
0.139857
0.0982801
0.0682841
0.0511409
0.0401618
0.0320077
0.025621
0.0198895
0.0150085
0.0106726
0.0073053
0.00489782
0.00332563
0.00231188
0.00164991
0.00118021
0.000840225
0.000589991
0.000405802
0.000268878
0.000167912
9.32431e-05
3.84966e-05
-1.21481e-06
-2.94534e-05
-4.90392e-05
-6.24028e-05
-7.10308e-05
-7.59967e-05
-7.81174e-05
-7.80032e-05
-7.61518e-05
-7.29875e-05
-6.8837e-05
-6.39655e-05
-5.86148e-05
-5.28825e-05
-4.70287e-05
-4.10867e-05
-3.52791e-05
-2.96715e-05
-2.44575e-05
-1.97117e-05
-1.55478e-05
-1.20026e-05
-9.06872e-06
-6.6944e-06
-4.81031e-06
-3.34477e-06
-2.23115e-06
-1.41425e-06
-8.4194e-07
-4.65607e-07
-2.36954e-07
-1.0985e-07
-4.63735e-08
-1.78858e-08
-8.04307e-09
-5.18532e-09
-2.99095e-09
-1.58755e-09
-7.81185e-10
-3.55918e-10
-1.55268e-10
-6.7463e-11
-2.98199e-11
-1.34812e-11
-6.19529e-12
-2.87417e-12
-1.34026e-12
-6.26533e-13
-2.98042e-13
-1.45816e-13
-7.92974e-14
-6.35881e-14
-8.42967e-14
-4.34293e-14
-6.22606e-15
-2.12288e-16
-1.50667e-16
-1.77223e-16
-7.68553e-17
-2.46154e-17
-1.47821e-17
-1.39247e-17
-1.09268e-17
-6.47224e-18
-2.83009e-18
-5.03245e-19
5.71517e-19
9.03408e-19
-6.79804e-19
-6.66655e-19
-2.0636e-19
-7.20015e-19
-9.38712e-19
-6.64696e-20
2.25242e-18
5.59278e-18
7.45078e-18
7.9738e-18
6.71717e-18
5.27224e-18
3.61556e-18
2.28834e-18
9.92845e-19
-3.39616e-19
-2.02876e-18
-2.07644e-18
-1.40688e-18
-6.52217e-19
-1.42202e-19
7.65926e-20
1.06416e-19
6.38393e-20
2.34593e-20
4.42662e-21
-5.99205e-22
-8.43747e-22
-3.83086e-22
-1.17728e-22
-2.62495e-23
-3.41156e-24
-1.36297e-24
-3.63267e-24
-3.1089e-24
-1.70673e-24
-7.27194e-25
-2.48657e-25
-6.30478e-26
-8.54354e-27
1.00823e-27
5.58956e-28
7.60753e-30
-3.18746e-29
-1.01577e-29
2.0632e-30
5.7817e-30
3.38436e-30
1.59205e-30
3.20611e-30
4.07083e-30
3.12903e-30
1.63241e-30
5.22843e-31
-4.00394e-32
-2.33081e-31
-2.51976e-31
-1.70413e-31
-4.62138e-18
4.46413e-17
-4.30251e-16
3.32565e-15
2.2876e-12
3.72553e-10
2.00104e-08
7.11792e-07
1.1111e-05
9.09319e-05
0.000541821
0.00241255
0.00642907
0.0121703
0.0163984
0.0200774
0.0239019
0.0277762
0.0349302
0.0455812
0.0590613
0.076051
0.0999437
0.1355
0.18504
0.245352
0.307931
0.358715
0.369781
0.366884
0.356589
0.332233
0.29744
0.259643
0.227236
0.206487
0.201929
0.203012
0.200215
0.189332
0.168293
0.139778
0.103318
0.068622
0.0467574
0.0340002
0.0252159
0.0185843
0.0133448
0.00937646
0.00644252
0.00422516
0.00255918
0.00156023
0.000931774
0.000546952
0.000316854
0.000181248
0.00010203
5.58092e-05
2.86738e-05
1.23412e-05
2.69024e-06
-3.33444e-06
-6.95991e-06
-9.2752e-06
-1.048e-05
-1.1262e-05
-1.14084e-05
-1.15358e-05
-1.14929e-05
-1.1825e-05
-1.23297e-05
-1.30606e-05
-1.37925e-05
-1.453e-05
-1.50942e-05
-1.51208e-05
-1.47222e-05
-1.39314e-05
-1.30097e-05
-1.2038e-05
-1.10307e-05
-9.99902e-06
-8.92628e-06
-7.82889e-06
-6.75721e-06
-5.67654e-06
-4.666e-06
-3.69639e-06
-2.83019e-06
-2.0603e-06
-1.4312e-06
-9.3801e-07
-5.80035e-07
-3.37887e-07
-1.86239e-07
-9.70488e-08
-4.80043e-08
-2.25403e-08
-1.00957e-08
-4.32173e-09
-1.77983e-09
-7.08731e-10
-2.74513e-10
-1.04481e-10
-3.95708e-11
-1.49736e-11
-5.76925e-12
-2.26245e-12
-9.01508e-13
-3.60408e-13
-1.45128e-13
-6.56474e-14
-2.20848e-14
-4.90199e-16
6.25555e-15
6.89045e-15
6.08296e-15
4.82016e-15
3.42594e-15
2.29783e-15
1.36701e-15
7.65168e-16
4.39575e-16
2.96052e-16
1.14984e-16
-1.71618e-16
-1.16454e-16
-2.55529e-17
-3.46486e-18
1.15093e-18
1.33264e-18
5.88754e-19
-1.87538e-20
-3.07558e-19
-3.11513e-19
-2.94417e-19
-1.99609e-19
-1.52721e-19
-8.14993e-20
-5.24211e-20
-4.3639e-20
-2.41108e-21
3.53251e-20
2.68035e-20
-4.90159e-20
-1.98849e-19
-3.66787e-19
-5.35319e-19
-5.17464e-19
-4.69917e-19
-4.10791e-19
-4.07631e-19
-4.18365e-19
-4.67223e-19
-5.49914e-19
-5.769e-19
-1.37306e-19
2.68297e-20
4.72453e-20
2.914e-20
1.04027e-20
1.42416e-22
-2.6732e-21
-1.76592e-21
-5.98586e-22
-1.09941e-22
-1.77001e-24
5.85175e-24
2.07798e-24
3.88504e-25
-3.02477e-27
-2.07323e-25
-1.59701e-25
-4.42288e-26
-3.08229e-26
-1.90945e-26
-6.47956e-27
-6.89155e-28
4.08408e-28
1.98142e-28
2.82334e-29
-3.50351e-30
-1.32104e-30
-3.13053e-31
-2.34969e-31
-1.51312e-31
-1.06457e-31
-1.32554e-31
-2.14192e-31
-2.61201e-31
-2.38981e-31
-1.85362e-31
-1.3376e-31
-9.36124e-32
-6.38703e-32
-4.23806e-32
-2.74863e-32
-1.1941e-32
2.04092e-18
6.26767e-18
-8.83158e-17
3.13592e-14
2.99142e-11
6.19224e-09
4.09003e-07
1.46144e-05
0.000224825
0.0020073
0.0143157
0.0808136
0.225838
0.329978
0.332563
0.302863
0.21872
0.102556
0.0234502
0.00546178
0.00510847
0.00513732
0.00588438
0.00755924
0.0100281
0.0128975
0.0156471
0.0177554
0.0189273
0.0193019
0.018938
0.0179748
0.0167996
0.0162137
0.0160443
0.0174027
0.015624
0.00779552
0.0032509
0.00153016
0.000692702
0.000298014
0.000123269
5.24956e-05
2.59928e-05
1.55536e-05
1.04575e-05
7.30892e-06
5.07055e-06
3.43332e-06
2.25236e-06
1.4223e-06
8.27121e-07
4.74024e-07
2.61502e-07
1.31238e-07
5.69014e-08
6.04705e-09
-1.6336e-08
-4.43027e-08
-4.95903e-08
-6.49639e-08
-8.04309e-08
-1.38614e-07
-1.76893e-07
-2.20105e-07
-2.35203e-07
-2.63903e-07
-2.56597e-07
-2.5552e-07
-2.26689e-07
-2.09096e-07
-1.72812e-07
-1.38707e-07
-1.0414e-07
-6.37787e-08
-4.16909e-08
-2.83537e-08
-2.28616e-08
-1.94274e-08
-1.69638e-08
-1.45559e-08
-1.21759e-08
-9.92873e-09
-7.87026e-09
-6.0431e-09
-4.50169e-09
-3.19253e-09
-2.18855e-09
-1.40878e-09
-8.65578e-10
-4.93071e-10
-2.63269e-10
-1.29209e-10
-5.98352e-11
-2.72663e-11
-1.27013e-11
-6.02031e-12
-2.84366e-12
-1.3076e-12
-5.81608e-13
-2.49286e-13
-1.03536e-13
-4.18351e-14
-1.65712e-14
-6.47723e-15
-2.51946e-15
-9.78952e-16
-3.75908e-16
-1.41609e-16
-1.15593e-17
4.06387e-16
1.00614e-15
9.76925e-16
7.32742e-16
4.81504e-16
2.96368e-16
1.75922e-16
1.02983e-16
6.08413e-17
3.53034e-17
2.02342e-17
1.08811e-17
5.97564e-18
3.48479e-18
2.68662e-18
2.85156e-18
3.50296e-18
5.11643e-18
1.53626e-18
6.87662e-19
3.22345e-19
1.00828e-19
3.83649e-20
2.43336e-20
2.08284e-20
1.27333e-20
7.006e-21
2.33326e-21
-1.46801e-22
-1.03352e-21
-1.35361e-21
3.27283e-22
-3.91902e-23
5.15149e-22
1.50151e-21
1.00242e-21
-2.05347e-21
-6.24939e-21
-1.21389e-20
-1.2286e-20
-1.29861e-20
-9.12279e-21
-6.35816e-21
-1.84974e-21
2.9165e-21
9.2301e-21
1.55422e-20
3.88789e-21
-2.09231e-22
-5.18913e-22
-2.87539e-22
-1.00969e-22
-5.61506e-24
1.90259e-23
1.08144e-23
2.90612e-24
4.15023e-25
8.8444e-27
-9.71759e-27
-1.57353e-27
1.66935e-27
2.85724e-27
1.38197e-27
4.66963e-28
2.08007e-27
2.01559e-27
1.09351e-27
4.20085e-28
1.18919e-28
2.17886e-29
1.49022e-30
-2.94816e-31
-4.21133e-32
2.27058e-33
2.16799e-34
5.90986e-35
6.70318e-35
1.46154e-34
1.9681e-34
8.29217e-35
-3.44523e-34
-7.96043e-34
-8.3585e-34
-5.14522e-34
-1.62483e-34
9.24533e-35
2.46809e-34
3.42263e-34
2.83027e-34
)
;

boundaryField
{
    inlet
    {
        type            uniformFixedValue;
        uniformValue    table;
        uniformValueCoeffs
        {
            values          
4
(
(0 1)
(0.15 1)
(0.151 0)
(1 0)
)
;
        }
        value           uniform 0;
    }
    outlet
    {
        type            inletOutlet;
        inletValue      uniform 0;
        value           nonuniform List<scalar> 
20
(
0
0
2.06832e-34
-1.58786e-32
1.5832e-31
1.27278e-29
-1.12765e-28
-1.41522e-27
-3.78041e-27
-4.29927e-27
-6.79781e-27
-1.21462e-26
-8.63025e-27
-1.95325e-27
-6.64767e-29
3.20352e-29
2.42215e-30
-1.70413e-31
0
0
)
;
    }
    walls
    {
        type            zeroGradient;
    }
    frontAndBack
    {
        type            empty;
    }
}


// ************************************************************************* //
