/*--------------------------------*- C++ -*----------------------------------*\
| =========                 |                                                 |
| \\      /  F ield         | OpenFOAM: The Open Source CFD Toolbox           |
|  \\    /   O peration     | Version:  2506                                  |
|   \\  /    A nd           | Website:  www.openfoam.com                      |
|    \\/     M anipulation  |                                                 |
\*---------------------------------------------------------------------------*/
FoamFile
{
    version     2.0;
    format      ascii;
    arch        "LSB;label=32;scalar=64";
    class       volScalarField;
    location    "2.2";
    object      p;
}
// * * * * * * * * * * * * * * * * * * * * * * * * * * * * * * * * * * * * * //

dimensions      [0 2 -2 0 0 0 0];

internalField   nonuniform List<scalar> 
4000
(
-6.99609e-05
-8.78223e-06
9.95249e-06
1.34242e-05
1.58219e-05
1.7561e-05
1.85049e-05
1.9215e-05
1.99516e-05
2.07926e-05
2.17691e-05
2.29076e-05
2.42277e-05
2.57441e-05
2.74711e-05
2.94232e-05
3.16155e-05
3.4063e-05
3.67809e-05
3.97843e-05
4.30881e-05
4.67064e-05
5.06541e-05
5.49435e-05
5.95845e-05
6.45833e-05
6.99425e-05
7.56592e-05
8.17255e-05
8.81678e-05
9.49284e-05
0.000101212
0.000107465
0.000113621
0.000118919
0.000122886
0.00012599
0.000126164
0.000126506
0.000128936
0.000130699
0.000132004
0.000132921
0.000133153
0.000132476
0.000130671
0.000127745
0.000123385
0.000117683
0.000110654
0.000102468
9.37695e-05
8.37359e-05
7.40309e-05
6.37667e-05
5.40179e-05
4.30379e-05
3.13099e-05
1.70916e-05
-3.88055e-07
-2.10522e-05
-4.44744e-05
-6.5544e-05
-8.23967e-05
-9.60315e-05
-0.00010603
-0.000113879
-0.000119596
-0.000123812
-0.000126751
-0.000128618
-0.000129469
-0.000129303
-0.00012815
-0.000126052
-0.000123023
-0.000119044
-0.000114061
-0.000108076
-0.000101068
-9.29917e-05
-8.37217e-05
-7.32971e-05
-6.16124e-05
-4.8739e-05
-3.46571e-05
-1.97061e-05
-4.30879e-06
1.102e-05
2.55657e-05
3.85693e-05
4.99206e-05
6.01444e-05
6.94119e-05
7.78579e-05
8.59707e-05
9.38043e-05
0.000101088
0.000107189
0.000111585
0.000114081
0.00011461
0.000113196
0.00010996
0.000105491
0.00010043
9.50232e-05
8.94791e-05
8.37397e-05
7.77245e-05
7.14423e-05
6.53269e-05
5.80153e-05
5.06414e-05
4.14829e-05
3.08159e-05
1.76194e-05
1.2971e-06
-1.77976e-05
-3.92272e-05
-5.95595e-05
-7.71615e-05
-9.17866e-05
-0.000103237
-0.000112148
-0.000118908
-0.000124205
-0.000128177
-0.000130998
-0.0001328
-0.000133597
-0.0001334
-0.000132238
-0.000130118
-0.000127042
-0.000122993
-0.000117948
-0.000111873
-0.000104663
-9.63354e-05
-8.68602e-05
-7.6078e-05
-6.40941e-05
-5.08275e-05
-3.65219e-05
-2.1514e-05
-6.31068e-06
8.44527e-06
2.19387e-05
3.37253e-05
4.40111e-05
5.32735e-05
6.1633e-05
6.93684e-05
7.67946e-05
8.37549e-05
8.97263e-05
9.40819e-05
9.6293e-05
9.62248e-05
9.38445e-05
8.89868e-05
8.14847e-05
7.66074e-05
7.14357e-05
6.56559e-05
6.03367e-05
5.50394e-05
4.94519e-05
4.36007e-05
3.78028e-05
3.26263e-05
2.84899e-05
2.51367e-05
2.24591e-05
2.03704e-05
1.8796e-05
1.76394e-05
1.68032e-05
1.62077e-05
1.58041e-05
1.5566e-05
1.54815e-05
1.55554e-05
1.58022e-05
1.6243e-05
1.69126e-05
1.78648e-05
1.91277e-05
2.07656e-05
2.28597e-05
2.55181e-05
2.89086e-05
3.33222e-05
3.93088e-05
4.79774e-05
6.17058e-05
8.52666e-05
0.00013075
0.000223399
-2.72667e-05
-2.75698e-06
7.10172e-06
1.09329e-05
1.33725e-05
1.5122e-05
1.63773e-05
1.74358e-05
1.84649e-05
1.95345e-05
2.06865e-05
2.19559e-05
2.33708e-05
2.4954e-05
2.67251e-05
2.87029e-05
3.0905e-05
3.33483e-05
3.60493e-05
3.90238e-05
4.22872e-05
4.58543e-05
4.97389e-05
5.39532e-05
5.85072e-05
6.3408e-05
6.8659e-05
7.42577e-05
8.01949e-05
8.64905e-05
9.31123e-05
9.92171e-05
0.000105187
0.00011096
0.000116059
0.000120104
0.000123156
0.000124152
0.000124938
0.000126331
0.00012709
0.00012736
0.000127154
0.000126231
0.000124418
0.000121576
0.000117687
0.00011267
0.000106448
9.91139e-05
9.08931e-05
8.22036e-05
7.28269e-05
6.35854e-05
5.40662e-05
4.46759e-05
3.45037e-05
2.39543e-05
1.17697e-05
-2.35962e-06
-1.81911e-05
-3.46692e-05
-5.17077e-05
-6.76213e-05
-8.12929e-05
-9.19004e-05
-0.000100465
-0.000107086
-0.000112199
-0.000115884
-0.000118424
-0.000119934
-0.000120402
-0.000119845
-0.00011832
-0.000115866
-0.000112468
-0.000108072
-0.000102672
-9.62561e-05
-8.87909e-05
-8.01511e-05
-7.03594e-05
-5.93311e-05
-4.71261e-05
-3.37525e-05
-1.94958e-05
-4.82128e-06
9.5829e-06
2.31667e-05
3.55289e-05
4.65247e-05
5.64587e-05
6.55826e-05
7.40408e-05
8.20579e-05
8.94825e-05
9.5799e-05
0.000100676
0.000103861
0.000105092
0.000104543
0.0001024
9.9018e-05
9.47711e-05
9.00649e-05
8.50188e-05
7.97617e-05
7.4305e-05
6.85212e-05
6.24219e-05
5.61763e-05
4.90105e-05
4.15877e-05
3.28309e-05
2.29918e-05
1.16216e-05
-1.72647e-06
-1.68844e-05
-3.27644e-05
-4.92204e-05
-6.51963e-05
-7.87726e-05
-8.97843e-05
-9.90262e-05
-0.000106322
-0.000112206
-0.000116703
-0.000119986
-0.000122242
-0.000123487
-0.000123719
-0.000122973
-0.000121272
-0.000118615
-0.000114987
-0.000110368
-0.000104741
-9.79986e-05
-9.01401e-05
-8.11708e-05
-7.09545e-05
-5.95662e-05
-4.69683e-05
-3.33657e-05
-1.91051e-05
-4.84309e-06
8.80631e-06
2.13377e-05
3.24275e-05
4.22518e-05
5.1117e-05
5.93135e-05
6.68939e-05
7.39449e-05
8.00121e-05
8.44955e-05
8.7112e-05
8.75709e-05
8.58656e-05
8.22189e-05
7.70071e-05
7.04028e-05
6.63513e-05
6.16161e-05
5.66734e-05
5.22466e-05
4.77763e-05
4.32296e-05
3.87565e-05
3.44166e-05
3.01981e-05
2.67298e-05
2.39207e-05
2.16485e-05
1.98624e-05
1.85046e-05
1.74917e-05
1.67428e-05
1.62022e-05
1.58348e-05
1.56233e-05
1.55619e-05
1.56591e-05
1.59327e-05
1.64083e-05
1.71181e-05
1.80933e-05
1.93939e-05
2.10776e-05
2.32165e-05
2.59094e-05
2.93051e-05
3.3656e-05
3.94343e-05
4.75693e-05
5.98251e-05
7.90195e-05
0.000108189
0.000150538
-6.04288e-06
1.48617e-06
6.32141e-06
9.36837e-06
1.15471e-05
1.32818e-05
1.47174e-05
1.5988e-05
1.71947e-05
1.84046e-05
1.96657e-05
2.10168e-05
2.24897e-05
2.41108e-05
2.59033e-05
2.7888e-05
3.00838e-05
3.2509e-05
3.51807e-05
3.81152e-05
4.13284e-05
4.48354e-05
4.86492e-05
5.27818e-05
5.72436e-05
6.20419e-05
6.71805e-05
7.26568e-05
7.84602e-05
8.46018e-05
9.1066e-05
9.7192e-05
0.000103175
0.000108886
0.000113922
0.000117915
0.000120866
0.000122199
0.00012296
0.000123547
0.000123487
0.000122883
0.000121736
0.000119877
0.000117196
0.00011367
0.00010919
0.000103737
9.72699e-05
8.98914e-05
8.19669e-05
7.36734e-05
6.49821e-05
5.62403e-05
4.72365e-05
3.80801e-05
2.83202e-05
1.82108e-05
7.27844e-06
-4.54581e-06
-1.73668e-05
-3.02144e-05
-4.39035e-05
-5.69155e-05
-6.90584e-05
-7.97679e-05
-8.87099e-05
-9.58464e-05
-0.000101484
-0.000105688
-0.000108712
-0.000110769
-0.000111828
-0.00011183
-0.000110823
-0.000108899
-0.000106043
-0.000102199
-9.73569e-05
-9.15039e-05
-8.46153e-05
-7.65809e-05
-6.74019e-05
-5.7024e-05
-4.54853e-05
-3.2848e-05
-1.93587e-05
-5.47564e-06
8.2423e-06
2.12461e-05
3.32373e-05
4.40794e-05
5.39327e-05
6.2924e-05
7.11343e-05
7.85977e-05
8.51623e-05
9.04714e-05
9.4252e-05
9.63891e-05
9.69121e-05
9.59317e-05
9.3727e-05
9.05346e-05
8.6692e-05
8.23973e-05
7.77317e-05
7.27715e-05
6.75127e-05
6.18932e-05
5.59007e-05
4.961e-05
4.25977e-05
3.51694e-05
2.67457e-05
1.75196e-05
7.30643e-06
-4.0984e-06
-1.66037e-05
-2.94158e-05
-4.30804e-05
-5.61898e-05
-6.82145e-05
-7.88478e-05
-8.80351e-05
-9.53984e-05
-0.000101434
-0.000106234
-0.000109782
-0.000112346
-0.000113979
-0.0001146
-0.000114227
-0.000112906
-0.000110647
-0.000107423
-0.000103217
-9.80204e-05
-9.17382e-05
-8.43507e-05
-7.58738e-05
-6.62256e-05
-5.54338e-05
-4.35426e-05
-3.07338e-05
-1.73805e-05
-4.006e-06
8.84443e-06
2.07467e-05
3.14751e-05
4.10976e-05
4.97771e-05
5.76485e-05
6.47114e-05
7.0786e-05
7.55665e-05
7.85757e-05
7.97783e-05
7.91157e-05
7.67078e-05
7.29658e-05
6.83145e-05
6.28663e-05
5.93968e-05
5.50809e-05
5.07134e-05
4.6763e-05
4.27754e-05
3.87903e-05
3.50469e-05
3.1506e-05
2.80241e-05
2.51203e-05
2.27607e-05
2.08393e-05
1.93163e-05
1.81456e-05
1.72599e-05
1.65959e-05
1.61118e-05
1.57825e-05
1.55956e-05
1.55535e-05
1.5667e-05
1.59555e-05
1.64454e-05
1.71697e-05
1.81677e-05
1.94906e-05
2.11925e-05
2.33375e-05
2.60063e-05
2.93089e-05
3.34179e-05
3.86407e-05
4.55667e-05
5.52441e-05
6.88216e-05
8.51943e-05
0.000103732
2.32506e-06
4.8641e-06
7.20164e-06
9.33991e-06
1.10533e-05
1.25266e-05
1.38665e-05
1.51204e-05
1.63368e-05
1.7564e-05
1.88415e-05
2.02031e-05
2.16779e-05
2.32916e-05
2.50669e-05
2.70244e-05
2.91833e-05
3.15616e-05
3.41764e-05
3.7044e-05
4.018e-05
4.35989e-05
4.73142e-05
5.13375e-05
5.56789e-05
6.03454e-05
6.534e-05
7.06596e-05
7.62929e-05
8.22439e-05
8.84961e-05
9.45489e-05
0.000100405
0.000105881
0.000110671
0.000114456
0.000117224
0.000118568
0.000119089
0.000119094
0.000118459
0.000117243
0.000115432
0.000112937
0.000109712
0.000105715
0.000100893
9.51944e-05
8.8738e-05
8.16587e-05
7.41763e-05
6.64138e-05
5.83995e-05
5.02849e-05
4.19537e-05
3.34227e-05
2.44525e-05
1.51373e-05
5.25047e-06
-5.26723e-06
-1.65615e-05
-2.77913e-05
-3.95506e-05
-5.05616e-05
-6.12759e-05
-7.0824e-05
-7.91322e-05
-8.64327e-05
-9.25787e-05
-9.72775e-05
-0.000100565
-0.000102904
-0.000104382
-0.000104834
-0.000104238
-0.000102747
-0.000100337
-9.69521e-05
-9.25774e-05
-8.72016e-05
-8.08042e-05
-7.32837e-05
-6.46321e-05
-5.4811e-05
-4.38697e-05
-3.19204e-05
-1.91349e-05
-5.9247e-06
7.16634e-06
1.9651e-05
3.12436e-05
4.17861e-05
5.13543e-05
6.00153e-05
6.77708e-05
7.46072e-05
8.03917e-05
8.47559e-05
8.76574e-05
8.91125e-05
8.91883e-05
8.79921e-05
8.58071e-05
8.2835e-05
7.92861e-05
7.52793e-05
7.08651e-05
6.61068e-05
6.10111e-05
5.5559e-05
4.97363e-05
4.36181e-05
3.69418e-05
2.98828e-05
2.21315e-05
1.38029e-05
4.73668e-06
-5.22337e-06
-1.61098e-05
-2.73541e-05
-3.92289e-05
-5.07178e-05
-6.14104e-05
-7.0953e-05
-7.94717e-05
-8.6768e-05
-9.29243e-05
-9.78436e-05
-0.000101471
-0.000104176
-0.000106065
-0.00010696
-0.000106854
-0.000105821
-0.000103884
-0.000100993
-9.71308e-05
-9.22826e-05
-8.63732e-05
-7.93818e-05
-7.13247e-05
-6.21407e-05
-5.18787e-05
-4.06242e-05
-2.84829e-05
-1.58196e-05
-3.13893e-06
9.05738e-06
2.04054e-05
3.06945e-05
3.99077e-05
4.81573e-05
5.54561e-05
6.17098e-05
6.67878e-05
7.03264e-05
7.21955e-05
7.24405e-05
7.11299e-05
6.84794e-05
6.4982e-05
6.0915e-05
5.62304e-05
5.3091e-05
4.91859e-05
4.53361e-05
4.18508e-05
3.83991e-05
3.49937e-05
3.18704e-05
2.89489e-05
2.61015e-05
2.36767e-05
2.16748e-05
2.00321e-05
1.87201e-05
1.7702e-05
1.6924e-05
1.63372e-05
1.59079e-05
1.56176e-05
1.54594e-05
1.54379e-05
1.55661e-05
1.58649e-05
1.63618e-05
1.70908e-05
1.80925e-05
1.94135e-05
2.11041e-05
2.32194e-05
2.5819e-05
2.8971e-05
3.27646e-05
3.73461e-05
4.29984e-05
5.02314e-05
5.95118e-05
6.92592e-05
7.82971e-05
6.52705e-06
7.31387e-06
8.34533e-06
9.69453e-06
1.10066e-05
1.22279e-05
1.33946e-05
1.45397e-05
1.56907e-05
1.6874e-05
1.81171e-05
1.94465e-05
2.0887e-05
2.24616e-05
2.41913e-05
2.60955e-05
2.81925e-05
3.04995e-05
3.30332e-05
3.58092e-05
3.88425e-05
4.21471e-05
4.57361e-05
4.96205e-05
5.38099e-05
5.83104e-05
6.31245e-05
6.8248e-05
7.36694e-05
7.93877e-05
8.53802e-05
9.12503e-05
9.68747e-05
0.000102044
0.000106533
0.000110071
0.000112625
0.00011386
0.000114121
0.000113703
0.00011265
0.000110976
0.000108668
0.000105705
0.000102077
9.77345e-05
9.27121e-05
8.69993e-05
8.0719e-05
7.40003e-05
6.69878e-05
5.9788e-05
5.24325e-05
4.4991e-05
3.74024e-05
2.96591e-05
2.16301e-05
1.33236e-05
4.58237e-06
-4.69478e-06
-1.47335e-05
-2.48191e-05
-3.53569e-05
-4.51938e-05
-5.47414e-05
-6.34354e-05
-7.11827e-05
-7.80336e-05
-8.37581e-05
-8.85275e-05
-9.23097e-05
-9.51224e-05
-9.69524e-05
-9.77177e-05
-9.75125e-05
-9.64411e-05
-9.44616e-05
-9.15284e-05
-8.76161e-05
-8.27128e-05
-7.67879e-05
-6.97937e-05
-6.171e-05
-5.24821e-05
-4.21465e-05
-3.08269e-05
-1.87018e-05
-6.16703e-06
6.29372e-06
1.824e-05
2.93705e-05
3.95034e-05
4.8692e-05
5.69036e-05
6.41106e-05
7.03154e-05
7.53002e-05
7.88824e-05
8.11029e-05
8.20809e-05
8.18523e-05
8.05689e-05
7.84497e-05
7.56503e-05
7.2303e-05
6.84892e-05
6.42502e-05
5.96573e-05
5.47313e-05
4.94817e-05
4.39093e-05
3.81004e-05
3.18789e-05
2.53999e-05
1.8453e-05
1.1095e-05
3.16221e-06
-5.50146e-06
-1.50203e-05
-2.50075e-05
-3.55304e-05
-4.58807e-05
-5.55786e-05
-6.42311e-05
-7.22339e-05
-7.89912e-05
-8.45836e-05
-8.93799e-05
-9.33256e-05
-9.63459e-05
-9.83446e-05
-9.9357e-05
-9.95226e-05
-9.88039e-05
-9.71549e-05
-9.45643e-05
-9.10114e-05
-8.64959e-05
-8.0987e-05
-7.44114e-05
-6.67732e-05
-5.8068e-05
-4.83161e-05
-3.76235e-05
-2.61235e-05
-1.41593e-05
-2.18685e-06
9.34421e-06
2.009e-05
2.9826e-05
3.85249e-05
4.61798e-05
5.27361e-05
5.81356e-05
6.21872e-05
6.46975e-05
6.57457e-05
6.53705e-05
6.36697e-05
6.10395e-05
5.78756e-05
5.42802e-05
5.01603e-05
4.72989e-05
4.38232e-05
4.04595e-05
3.74404e-05
3.44612e-05
3.16024e-05
2.90055e-05
2.65976e-05
2.42781e-05
2.22664e-05
2.0577e-05
1.91793e-05
1.80547e-05
1.7174e-05
1.64958e-05
1.59825e-05
1.56081e-05
1.53583e-05
1.52297e-05
1.52284e-05
1.5369e-05
1.56731e-05
1.61691e-05
1.68916e-05
1.78806e-05
1.91804e-05
2.08374e-05
2.28978e-05
2.54028e-05
2.83856e-05
3.18706e-05
3.58849e-05
4.0489e-05
4.58081e-05
5.20503e-05
5.78644e-05
6.21272e-05
8.74975e-06
8.8031e-06
9.20817e-06
1.00485e-05
1.10075e-05
1.19974e-05
1.30121e-05
1.40441e-05
1.51101e-05
1.62261e-05
1.74113e-05
1.86863e-05
2.00717e-05
2.15873e-05
2.32522e-05
2.50841e-05
2.71002e-05
2.93167e-05
3.17492e-05
3.44126e-05
3.73211e-05
4.0488e-05
4.39253e-05
4.76438e-05
5.16516e-05
5.59545e-05
6.05537e-05
6.54441e-05
7.0614e-05
7.60591e-05
8.17512e-05
8.73589e-05
9.26862e-05
9.75166e-05
0.000101684
0.000104959
0.000107286
0.000108367
0.000108394
0.000107661
0.000106296
0.000104275
0.000101596
9.82951e-05
9.43892e-05
8.98487e-05
8.47778e-05
7.91727e-05
7.31508e-05
6.68257e-05
6.03025e-05
5.36705e-05
4.69524e-05
4.01849e-05
3.33408e-05
2.64098e-05
1.93195e-05
1.20425e-05
4.45049e-06
-3.58613e-06
-1.22806e-05
-2.12492e-05
-3.07125e-05
-3.981e-05
-4.86141e-05
-5.66665e-05
-6.38631e-05
-7.01783e-05
-7.5764e-05
-8.05242e-05
-8.43461e-05
-8.7175e-05
-8.9108e-05
-9.024e-05
-9.05607e-05
-8.99543e-05
-8.84161e-05
-8.59381e-05
-8.24835e-05
-7.8047e-05
-7.26051e-05
-6.6129e-05
-5.8574e-05
-4.99373e-05
-4.0224e-05
-2.95569e-05
-1.81058e-05
-6.24213e-06
5.5868e-06
1.69741e-05
2.75537e-05
3.72405e-05
4.59514e-05
5.36294e-05
6.0253e-05
6.5818e-05
7.00824e-05
7.29766e-05
7.47289e-05
7.53591e-05
7.49326e-05
7.36078e-05
7.15494e-05
6.88646e-05
6.56481e-05
6.19694e-05
5.78755e-05
5.34505e-05
4.87271e-05
4.37362e-05
3.84952e-05
3.30952e-05
2.74155e-05
2.15918e-05
1.54574e-05
9.03673e-06
2.16624e-06
-5.30624e-06
-1.35339e-05
-2.23144e-05
-3.16797e-05
-4.10261e-05
-5.00268e-05
-5.80249e-05
-6.53604e-05
-7.16151e-05
-7.70281e-05
-8.17515e-05
-8.55769e-05
-8.8461e-05
-9.04378e-05
-9.16714e-05
-9.21245e-05
-9.17059e-05
-9.035e-05
-8.80578e-05
-8.4832e-05
-8.06651e-05
-7.55201e-05
-6.93284e-05
-6.21187e-05
-5.39079e-05
-4.46808e-05
-3.45826e-05
-2.37468e-05
-1.24872e-05
-1.22679e-06
9.6203e-06
1.97108e-05
2.88485e-05
3.69215e-05
4.38422e-05
4.96034e-05
5.41445e-05
5.72867e-05
5.90275e-05
5.94703e-05
5.86912e-05
5.6824e-05
5.43329e-05
5.14832e-05
4.82628e-05
4.46107e-05
4.20119e-05
3.89514e-05
3.60322e-05
3.34344e-05
3.08928e-05
2.85016e-05
2.63517e-05
2.43769e-05
2.24906e-05
2.08355e-05
1.94278e-05
1.82548e-05
1.73045e-05
1.65545e-05
1.5974e-05
1.55344e-05
1.52153e-05
1.50059e-05
1.4905e-05
1.492e-05
1.50665e-05
1.53667e-05
1.58497e-05
1.65497e-05
1.75059e-05
1.87605e-05
2.03554e-05
2.23283e-05
2.47052e-05
2.74915e-05
3.06627e-05
3.41612e-05
3.78981e-05
4.17627e-05
4.56213e-05
4.83722e-05
4.99579e-05
9.81517e-06
9.58882e-06
9.69366e-06
1.0223e-05
1.09398e-05
1.17425e-05
1.26112e-05
1.3539e-05
1.45187e-05
1.55602e-05
1.66774e-05
1.78863e-05
1.9204e-05
2.06477e-05
2.22342e-05
2.39798e-05
2.59001e-05
2.80103e-05
3.03248e-05
3.28575e-05
3.56217e-05
3.86297e-05
4.18926e-05
4.54202e-05
4.92198e-05
5.3296e-05
5.76492e-05
6.22736e-05
6.71573e-05
7.22938e-05
7.76518e-05
8.29436e-05
8.79341e-05
9.2412e-05
9.62579e-05
9.92722e-05
0.000101376
0.000102294
0.000102128
0.000101162
9.95634e-05
9.7287e-05
9.4341e-05
9.08148e-05
8.67439e-05
8.21379e-05
7.71268e-05
7.17144e-05
6.60074e-05
6.01022e-05
5.40783e-05
4.80088e-05
4.1908e-05
3.58e-05
2.96772e-05
2.35323e-05
1.73233e-05
1.10068e-05
4.47816e-06
-2.38055e-06
-9.77395e-06
-1.75559e-05
-2.58707e-05
-3.41624e-05
-4.23808e-05
-5.00237e-05
-5.69221e-05
-6.30787e-05
-6.84057e-05
-7.28762e-05
-7.66039e-05
-7.95663e-05
-8.17788e-05
-8.31764e-05
-8.37212e-05
-8.34163e-05
-8.22436e-05
-8.01725e-05
-7.71474e-05
-7.31724e-05
-6.82386e-05
-6.2295e-05
-5.52823e-05
-4.72368e-05
-3.81458e-05
-2.81343e-05
-1.73574e-05
-6.16725e-06
5.0119e-06
1.57652e-05
2.58221e-05
3.49981e-05
4.31501e-05
5.02535e-05
5.63144e-05
6.12157e-05
6.47911e-05
6.72475e-05
6.86257e-05
6.8971e-05
6.83966e-05
6.70456e-05
6.50201e-05
6.23996e-05
5.92699e-05
5.57035e-05
5.17583e-05
4.75288e-05
4.30556e-05
3.8384e-05
3.35416e-05
2.86155e-05
2.35195e-05
1.8363e-05
1.30034e-05
7.44573e-06
1.53346e-06
-4.87143e-06
-1.19169e-05
-1.9527e-05
-2.77515e-05
-3.61444e-05
-4.4465e-05
-5.20269e-05
-5.89686e-05
-6.49285e-05
-7.00423e-05
-7.44249e-05
-7.80465e-05
-8.09146e-05
-8.30581e-05
-8.44473e-05
-8.50073e-05
-8.47335e-05
-8.36077e-05
-8.15887e-05
-7.86772e-05
-7.48422e-05
-7.00524e-05
-6.42592e-05
-5.74863e-05
-4.97662e-05
-4.10718e-05
-3.15692e-05
-2.13901e-05
-1.08303e-05
-2.86141e-07
9.85125e-06
1.92671e-05
2.77274e-05
3.50692e-05
4.12179e-05
4.62362e-05
4.99799e-05
5.2331e-05
5.34963e-05
5.34937e-05
5.24684e-05
5.05707e-05
4.82546e-05
4.56757e-05
4.27704e-05
3.95337e-05
3.71887e-05
3.45186e-05
3.20047e-05
2.97904e-05
2.76423e-05
2.56496e-05
2.3877e-05
2.22645e-05
2.07323e-05
1.93813e-05
1.82238e-05
1.72546e-05
1.64666e-05
1.58426e-05
1.5359e-05
1.4993e-05
1.47282e-05
1.45567e-05
1.44789e-05
1.45034e-05
1.46464e-05
1.49307e-05
1.5385e-05
1.60431e-05
1.69425e-05
1.81223e-05
1.96196e-05
2.14633e-05
2.36655e-05
2.62087e-05
2.90297e-05
3.20062e-05
3.49466e-05
3.76494e-05
3.98881e-05
4.09557e-05
4.0869e-05
1.01935e-05
9.88748e-06
9.8576e-06
1.01984e-05
1.07409e-05
1.14042e-05
1.21568e-05
1.29844e-05
1.38793e-05
1.48445e-05
1.58893e-05
1.70257e-05
1.82679e-05
1.96306e-05
2.11287e-05
2.27768e-05
2.45892e-05
2.65797e-05
2.87617e-05
3.11479e-05
3.37505e-05
3.65807e-05
3.96488e-05
4.29632e-05
4.65306e-05
5.03545e-05
5.44348e-05
5.87652e-05
6.33342e-05
6.81344e-05
7.3133e-05
7.80757e-05
8.2709e-05
8.68348e-05
9.03714e-05
9.31408e-05
9.50358e-05
9.58002e-05
9.54775e-05
9.43406e-05
9.25743e-05
9.01178e-05
8.69943e-05
8.33327e-05
7.91869e-05
7.46382e-05
6.97726e-05
6.46087e-05
5.92545e-05
5.37867e-05
4.8265e-05
4.27486e-05
3.72458e-05
3.17759e-05
2.63415e-05
2.09378e-05
1.55379e-05
1.00954e-05
4.5196e-06
-1.30365e-06
-7.51541e-06
-1.41283e-05
-2.12578e-05
-2.85832e-05
-3.60454e-05
-4.32442e-05
-4.98891e-05
-5.60001e-05
-6.12694e-05
-6.57023e-05
-6.93946e-05
-7.23749e-05
-7.46373e-05
-7.61557e-05
-7.69015e-05
-7.6867e-05
-7.6022e-05
-7.43354e-05
-7.17354e-05
-6.82173e-05
-6.37695e-05
-5.83344e-05
-5.18595e-05
-4.43939e-05
-3.59183e-05
-2.65582e-05
-1.64572e-05
-5.95045e-06
4.54097e-06
1.46685e-05
2.41775e-05
3.27513e-05
4.03134e-05
4.68729e-05
5.2315e-05
5.65651e-05
5.96388e-05
6.17197e-05
6.27707e-05
6.28838e-05
6.22049e-05
6.08132e-05
5.87841e-05
5.61962e-05
5.31388e-05
4.96913e-05
4.59211e-05
4.19281e-05
3.77555e-05
3.34557e-05
2.90589e-05
2.46415e-05
2.01361e-05
1.56255e-05
1.09823e-05
6.20068e-06
1.13575e-06
-4.33091e-06
-1.03311e-05
-1.68525e-05
-2.39609e-05
-3.13666e-05
-3.88972e-05
-4.59855e-05
-5.26064e-05
-5.83927e-05
-6.33463e-05
-6.75604e-05
-7.10518e-05
-7.38538e-05
-7.59748e-05
-7.73962e-05
-7.8052e-05
-7.79308e-05
-7.70156e-05
-7.5242e-05
-7.26129e-05
-6.90877e-05
-6.46446e-05
-5.92393e-05
-5.28911e-05
-4.56493e-05
-3.74859e-05
-2.85732e-05
-1.90488e-05
-9.1953e-06
6.26096e-07
1.00398e-05
1.87246e-05
2.64362e-05
3.30001e-05
3.8479e-05
4.27693e-05
4.56894e-05
4.74697e-05
4.81602e-05
4.78569e-05
4.67141e-05
4.48549e-05
4.2705e-05
4.03568e-05
3.77344e-05
3.48804e-05
3.27828e-05
3.04768e-05
2.83338e-05
2.64668e-05
2.4667e-05
2.30154e-05
2.15613e-05
2.0251e-05
1.90102e-05
1.79162e-05
1.6977e-05
1.61904e-05
1.55516e-05
1.50469e-05
1.46562e-05
1.43607e-05
1.41469e-05
1.40086e-05
1.39477e-05
1.39737e-05
1.41032e-05
1.4359e-05
1.47692e-05
1.53662e-05
1.6185e-05
1.72609e-05
1.86249e-05
2.02976e-05
2.22785e-05
2.45318e-05
2.69673e-05
2.94233e-05
3.16681e-05
3.34746e-05
3.45971e-05
3.50232e-05
3.43525e-05
1.01504e-05
9.84433e-06
9.76073e-06
9.98792e-06
1.04097e-05
1.09634e-05
1.16184e-05
1.23576e-05
1.31721e-05
1.40617e-05
1.50318e-05
1.60916e-05
1.72527e-05
1.85276e-05
1.99293e-05
2.14709e-05
2.31653e-05
2.50249e-05
2.70618e-05
2.92877e-05
3.17136e-05
3.43496e-05
3.72048e-05
4.0287e-05
4.36018e-05
4.71522e-05
5.09375e-05
5.49519e-05
5.91847e-05
6.36287e-05
6.82517e-05
7.28269e-05
7.70967e-05
8.08798e-05
8.41261e-05
8.66701e-05
8.83752e-05
8.89997e-05
8.85553e-05
8.72979e-05
8.54173e-05
8.28461e-05
7.96195e-05
7.58996e-05
7.17777e-05
6.73792e-05
6.27031e-05
5.78299e-05
5.28572e-05
4.78382e-05
4.28176e-05
3.78431e-05
3.29186e-05
2.80611e-05
2.32776e-05
1.85637e-05
1.38998e-05
9.2405e-06
4.50915e-06
-4.0343e-07
-5.61161e-06
-1.11546e-05
-1.71471e-05
-2.34483e-05
-2.9969e-05
-3.65187e-05
-4.28009e-05
-4.86669e-05
-5.39007e-05
-5.83644e-05
-6.21812e-05
-6.52747e-05
-6.7645e-05
-6.92975e-05
-7.02371e-05
-7.04395e-05
-6.98725e-05
-6.85171e-05
-6.62921e-05
-6.31868e-05
-5.91922e-05
-5.4248e-05
-4.83013e-05
-4.14058e-05
-3.35413e-05
-2.48294e-05
-1.54043e-05
-5.60454e-06
4.21962e-06
1.37223e-05
2.25591e-05
3.04922e-05
3.75219e-05
4.34735e-05
4.82881e-05
5.19777e-05
5.46554e-05
5.63668e-05
5.71369e-05
5.7079e-05
5.62985e-05
5.4837e-05
5.27836e-05
5.0223e-05
4.72492e-05
4.39481e-05
4.0392e-05
3.66796e-05
3.28525e-05
2.89629e-05
2.50378e-05
2.11384e-05
1.72071e-05
1.33028e-05
9.31008e-06
5.21783e-06
8.95557e-07
-3.75416e-06
-8.84628e-06
-1.43936e-05
-2.04642e-05
-2.68809e-05
-3.35305e-05
-4.00008e-05
-4.61902e-05
-5.17562e-05
-5.66073e-05
-6.07608e-05
-6.42057e-05
-6.69791e-05
-6.90767e-05
-7.05233e-05
-7.12665e-05
-7.12818e-05
-7.05482e-05
-6.89893e-05
-6.66172e-05
-6.33861e-05
-5.92755e-05
-5.42461e-05
-4.83161e-05
-4.15461e-05
-3.39158e-05
-2.5588e-05
-1.6729e-05
-7.57594e-06
1.50838e-06
1.01699e-05
1.8088e-05
2.5023e-05
3.08996e-05
3.56313e-05
3.91127e-05
4.14384e-05
4.27629e-05
4.31048e-05
4.26072e-05
4.14084e-05
3.96014e-05
3.76001e-05
3.54573e-05
3.31031e-05
3.06076e-05
2.87526e-05
2.67858e-05
2.49817e-05
2.3427e-05
2.19338e-05
2.05752e-05
1.93902e-05
1.83325e-05
1.73332e-05
1.6456e-05
1.57056e-05
1.508e-05
1.45755e-05
1.41795e-05
1.38743e-05
1.3643e-05
1.34742e-05
1.3363e-05
1.33122e-05
1.33321e-05
1.34392e-05
1.36561e-05
1.40096e-05
1.45302e-05
1.52497e-05
1.61987e-05
1.74022e-05
1.88726e-05
2.05998e-05
2.25363e-05
2.45799e-05
2.65589e-05
2.82501e-05
2.94393e-05
3.0031e-05
3.0142e-05
2.94049e-05
9.83144e-06
9.55329e-06
9.45422e-06
9.61254e-06
9.949e-06
1.04164e-05
1.09885e-05
1.16484e-05
1.23869e-05
1.32017e-05
1.40957e-05
1.50757e-05
1.61511e-05
1.73325e-05
1.86311e-05
2.00585e-05
2.16262e-05
2.33452e-05
2.52266e-05
2.72805e-05
2.9517e-05
3.1945e-05
3.45728e-05
3.7407e-05
4.04529e-05
4.37131e-05
4.71869e-05
5.08692e-05
5.47511e-05
5.88263e-05
6.30649e-05
6.7264e-05
7.1172e-05
7.46263e-05
7.76026e-05
7.99405e-05
8.14739e-05
8.19749e-05
8.14393e-05
8.01033e-05
7.81561e-05
7.55276e-05
7.22626e-05
6.85582e-05
6.45492e-05
6.03304e-05
5.58918e-05
5.13541e-05
4.67851e-05
4.22216e-05
3.76984e-05
3.32537e-05
2.88875e-05
2.46147e-05
2.04425e-05
1.63662e-05
1.23692e-05
8.40868e-06
4.41974e-06
3.04657e-07
-4.03721e-06
-8.66119e-06
-1.36408e-05
-1.89481e-05
-2.45301e-05
-3.02458e-05
-3.59121e-05
-4.13727e-05
-4.64211e-05
-5.0857e-05
-5.47443e-05
-5.79525e-05
-6.05248e-05
-6.23734e-05
-6.35388e-05
-6.39801e-05
-6.36824e-05
-6.26369e-05
-6.0764e-05
-5.80506e-05
-5.44938e-05
-5.00281e-05
-4.46029e-05
-3.82709e-05
-3.10152e-05
-2.29522e-05
-1.42124e-05
-5.10202e-06
4.0442e-06
1.28492e-05
2.10157e-05
2.83274e-05
3.46917e-05
4.00313e-05
4.42823e-05
4.75241e-05
4.98158e-05
5.11997e-05
5.17272e-05
5.15098e-05
5.06006e-05
4.9061e-05
4.69882e-05
4.44722e-05
4.16114e-05
3.84962e-05
3.51969e-05
3.18053e-05
2.83575e-05
2.49007e-05
2.14544e-05
1.80635e-05
1.46756e-05
1.13293e-05
7.92089e-06
4.43797e-06
7.65132e-07
-3.17468e-06
-7.48198e-06
-1.21759e-05
-1.73204e-05
-2.28066e-05
-2.85632e-05
-3.43109e-05
-3.99338e-05
-4.51433e-05
-4.98062e-05
-5.38672e-05
-5.72867e-05
-6.00787e-05
-6.2211e-05
-6.37201e-05
-6.45515e-05
-6.46925e-05
-6.41304e-05
-6.27771e-05
-6.06525e-05
-5.77083e-05
-5.39239e-05
-4.92666e-05
-4.37529e-05
-3.74521e-05
-3.03683e-05
-2.26291e-05
-1.44161e-05
-5.97531e-06
2.35753e-06
1.02491e-05
1.73781e-05
2.35705e-05
2.86841e-05
3.26193e-05
3.54883e-05
3.73634e-05
3.82931e-05
3.83635e-05
3.77228e-05
3.64882e-05
3.4739e-05
3.28742e-05
3.09264e-05
2.88348e-05
2.66793e-05
2.50636e-05
2.34113e-05
2.19151e-05
2.06397e-05
1.94158e-05
1.83093e-05
1.73526e-05
1.65066e-05
1.57092e-05
1.5015e-05
1.44263e-05
1.39405e-05
1.35535e-05
1.32531e-05
1.30227e-05
1.2847e-05
1.27155e-05
1.26244e-05
1.25774e-05
1.25847e-05
1.2663e-05
1.28339e-05
1.31228e-05
1.35576e-05
1.41666e-05
1.49758e-05
1.60042e-05
1.72579e-05
1.87205e-05
2.03409e-05
2.20191e-05
2.3598e-05
2.48873e-05
2.57068e-05
2.60989e-05
2.59961e-05
2.53496e-05
9.32057e-06
9.07693e-06
8.97931e-06
9.09476e-06
9.3689e-06
9.76681e-06
1.0267e-05
1.08544e-05
1.15199e-05
1.226e-05
1.30763e-05
1.39735e-05
1.4959e-05
1.60418e-05
1.72314e-05
1.8538e-05
1.99715e-05
2.15418e-05
2.32585e-05
2.51309e-05
2.71677e-05
2.93768e-05
3.17656e-05
3.43402e-05
3.71051e-05
4.00631e-05
4.32138e-05
4.65535e-05
5.00751e-05
5.37743e-05
5.76243e-05
6.14442e-05
6.49956e-05
6.81347e-05
7.08591e-05
7.30077e-05
7.43862e-05
7.47806e-05
7.41814e-05
7.28038e-05
7.0834e-05
6.82006e-05
6.49567e-05
6.1335e-05
5.74839e-05
5.34825e-05
4.93361e-05
4.51648e-05
4.10128e-05
3.69081e-05
3.28771e-05
2.89496e-05
2.51211e-05
2.14044e-05
1.78044e-05
1.43154e-05
1.09218e-05
7.58442e-06
4.24743e-06
8.24741e-07
-2.76507e-06
-6.58926e-06
-1.07034e-05
-1.51182e-05
-1.98044e-05
-2.46769e-05
-2.96131e-05
-3.44975e-05
-3.91748e-05
-4.34502e-05
-4.72546e-05
-5.04831e-05
-5.31309e-05
-5.51969e-05
-5.66284e-05
-5.73433e-05
-5.73455e-05
-5.66251e-05
-5.51108e-05
-5.2786e-05
-4.96591e-05
-4.56638e-05
-4.07573e-05
-3.49863e-05
-2.83398e-05
-2.09291e-05
-1.28849e-05
-4.46571e-06
3.95226e-06
1.20457e-05
1.95246e-05
2.61713e-05
3.19004e-05
3.66288e-05
4.0363e-05
4.32151e-05
4.5122e-05
4.62084e-05
4.6511e-05
4.61097e-05
4.50678e-05
4.34603e-05
4.13901e-05
3.89515e-05
3.62442e-05
3.33582e-05
3.03544e-05
2.73149e-05
2.42676e-05
2.1251e-05
1.82756e-05
1.5371e-05
1.24876e-05
9.6488e-06
6.762e-06
3.81662e-06
7.1231e-07
-2.60951e-06
-6.23673e-06
-1.01875e-05
-1.4521e-05
-1.91679e-05
-2.40831e-05
-2.90811e-05
-3.40588e-05
-3.87893e-05
-4.31382e-05
-4.70107e-05
-5.03345e-05
-5.3089e-05
-5.52707e-05
-5.6877e-05
-5.78176e-05
-5.80947e-05
-5.77094e-05
-5.65666e-05
-5.46898e-05
-5.20319e-05
-4.85745e-05
-4.42927e-05
-3.91966e-05
-3.33524e-05
-2.68079e-05
-1.96902e-05
-1.21301e-05
-4.41749e-06
3.14579e-06
1.02579e-05
1.66052e-05
2.2001e-05
2.63322e-05
2.96361e-05
3.20364e-05
3.34577e-05
3.40561e-05
3.39029e-05
3.3149e-05
3.18939e-05
3.0214e-05
2.8481e-05
2.6726e-05
2.48963e-05
2.30747e-05
2.16871e-05
2.03224e-05
1.91043e-05
1.80777e-05
1.70901e-05
1.6201e-05
1.54383e-05
1.47704e-05
1.41429e-05
1.36032e-05
1.31518e-05
1.27851e-05
1.24981e-05
1.22787e-05
1.2111e-05
1.19804e-05
1.18777e-05
1.17999e-05
1.17508e-05
1.17411e-05
1.17866e-05
1.19081e-05
1.21292e-05
1.24752e-05
1.29709e-05
1.36378e-05
1.44902e-05
1.55297e-05
1.67377e-05
1.80661e-05
1.94267e-05
2.0693e-05
2.17188e-05
2.23668e-05
2.26536e-05
2.2435e-05
2.18586e-05
8.66897e-06
8.45799e-06
8.36824e-06
8.45554e-06
8.68197e-06
9.02175e-06
9.45774e-06
9.97704e-06
1.05712e-05
1.12365e-05
1.19729e-05
1.27841e-05
1.36757e-05
1.46552e-05
1.57305e-05
1.69103e-05
1.82034e-05
1.96182e-05
2.11631e-05
2.28463e-05
2.46753e-05
2.66573e-05
2.87987e-05
3.11051e-05
3.35808e-05
3.62286e-05
3.90489e-05
4.20393e-05
4.51949e-05
4.85136e-05
5.19731e-05
5.54125e-05
5.86121e-05
6.14464e-05
6.39329e-05
6.59056e-05
6.71437e-05
6.74487e-05
6.68119e-05
6.54277e-05
6.34768e-05
6.08877e-05
5.77204e-05
5.42377e-05
5.0594e-05
4.68435e-05
4.30284e-05
3.92432e-05
3.55186e-05
3.18752e-05
2.83309e-05
2.49072e-05
2.15955e-05
1.84059e-05
1.534e-05
1.23908e-05
9.54321e-06
6.7619e-06
3.99889e-06
1.17939e-06
-1.76326e-06
-4.8977e-06
-8.2608e-06
-1.18912e-05
-1.5775e-05
-1.9855e-05
-2.40538e-05
-2.82859e-05
-3.24396e-05
-3.63668e-05
-3.99756e-05
-4.31398e-05
-4.57827e-05
-4.79448e-05
-4.94974e-05
-5.04408e-05
-5.07525e-05
-5.03835e-05
-4.92642e-05
-4.73539e-05
-4.46684e-05
-4.11474e-05
-3.67641e-05
-3.15587e-05
-2.55273e-05
-1.87762e-05
-1.14347e-05
-3.75172e-06
3.92351e-06
1.12859e-05
1.8053e-05
2.40212e-05
2.91259e-05
3.32922e-05
3.65645e-05
3.89917e-05
4.05448e-05
4.13467e-05
4.14168e-05
4.08319e-05
3.96719e-05
3.80232e-05
3.59928e-05
3.36765e-05
3.11724e-05
2.85507e-05
2.58728e-05
2.32059e-05
2.05677e-05
1.79863e-05
1.54633e-05
1.30147e-05
1.05937e-05
8.2123e-06
5.78953e-06
3.3182e-06
7.12572e-07
-2.06934e-06
-5.10406e-06
-8.40625e-06
-1.20315e-05
-1.59343e-05
-2.0087e-05
-2.43645e-05
-2.86833e-05
-3.28682e-05
-3.68055e-05
-4.03932e-05
-4.35379e-05
-4.61893e-05
-4.8332e-05
-4.99295e-05
-5.0992e-05
-5.14306e-05
-5.12402e-05
-5.03242e-05
-4.87065e-05
-4.63425e-05
-4.32138e-05
-3.93179e-05
-3.46611e-05
-2.93032e-05
-2.32832e-05
-1.6778e-05
-9.90748e-06
-2.92446e-06
3.86272e-06
1.01566e-05
1.56958e-05
2.0333e-05
2.39805e-05
2.67804e-05
2.8667e-05
2.96908e-05
3.00078e-05
2.96783e-05
2.88372e-05
2.75798e-05
2.59816e-05
2.43875e-05
2.28316e-05
2.12688e-05
1.97557e-05
1.85916e-05
1.74911e-05
1.6523e-05
1.57172e-05
1.49366e-05
1.42352e-05
1.36379e-05
1.31202e-05
1.26358e-05
1.2226e-05
1.18898e-05
1.16225e-05
1.14182e-05
1.12646e-05
1.11466e-05
1.10506e-05
1.09682e-05
1.08972e-05
1.08417e-05
1.08121e-05
1.08237e-05
1.08959e-05
1.10504e-05
1.13102e-05
1.16967e-05
1.22279e-05
1.29145e-05
1.37557e-05
1.47339e-05
1.58085e-05
1.69093e-05
1.79432e-05
1.88073e-05
1.93397e-05
1.95372e-05
1.9274e-05
1.87293e-05
7.90952e-06
7.72653e-06
7.64604e-06
7.71328e-06
7.90101e-06
8.19011e-06
8.56705e-06
9.02106e-06
9.54464e-06
1.01339e-05
1.07883e-05
1.15102e-05
1.2304e-05
1.31757e-05
1.41319e-05
1.518e-05
1.63272e-05
1.7581e-05
1.89485e-05
2.04366e-05
2.20522e-05
2.38012e-05
2.56896e-05
2.77223e-05
2.99034e-05
3.22359e-05
3.47211e-05
3.73579e-05
4.01436e-05
4.30782e-05
4.61442e-05
4.92005e-05
5.20496e-05
5.45841e-05
5.68403e-05
5.86461e-05
5.97557e-05
5.99882e-05
5.93393e-05
5.79827e-05
5.60924e-05
5.35956e-05
5.0556e-05
4.72637e-05
4.38749e-05
4.04044e-05
3.69553e-05
3.35763e-05
3.02896e-05
2.71094e-05
2.40451e-05
2.11112e-05
1.82945e-05
1.56029e-05
1.30341e-05
1.05802e-05
8.22621e-06
5.94132e-06
3.6844e-06
1.39165e-06
-9.91449e-07
-3.5283e-06
-6.24998e-06
-9.19373e-06
-1.23605e-05
-1.57249e-05
-1.92308e-05
-2.28153e-05
-2.63959e-05
-2.9865e-05
-3.31454e-05
-3.61245e-05
-3.87216e-05
-4.08659e-05
-4.24807e-05
-4.35911e-05
-4.41183e-05
-4.40271e-05
-4.3253e-05
-4.1762e-05
-3.95326e-05
-3.64989e-05
-3.26504e-05
-2.80223e-05
-2.26184e-05
-1.65422e-05
-9.92145e-06
-2.9918e-06
3.91258e-06
1.05226e-05
1.65664e-05
2.18627e-05
2.63641e-05
3.00002e-05
3.28143e-05
3.4835e-05
3.60445e-05
3.65576e-05
3.63951e-05
3.56439e-05
3.43973e-05
3.27492e-05
3.08049e-05
2.86557e-05
2.63973e-05
2.40785e-05
2.17496e-05
1.94658e-05
1.72346e-05
1.5074e-05
1.29776e-05
1.09506e-05
8.94906e-06
6.97748e-06
4.96639e-06
2.91313e-06
7.4556e-07
-1.56294e-06
-4.07882e-06
-6.81247e-06
-9.81609e-06
-1.30602e-05
-1.65304e-05
-2.01406e-05
-2.38273e-05
-2.7453e-05
-3.0926e-05
-3.41532e-05
-3.70477e-05
-3.95536e-05
-4.16056e-05
-4.3161e-05
-4.42513e-05
-4.47893e-05
-4.47601e-05
-4.40686e-05
-4.2722e-05
-4.06651e-05
-3.7882e-05
-3.4376e-05
-3.01669e-05
-2.53218e-05
-1.98592e-05
-1.39604e-05
-7.7834e-06
-1.54513e-06
4.4445e-06
9.92746e-06
1.46842e-05
1.86145e-05
2.16848e-05
2.39376e-05
2.53711e-05
2.6057e-05
2.61247e-05
2.56498e-05
2.47448e-05
2.35069e-05
2.20136e-05
2.0574e-05
1.92281e-05
1.79284e-05
1.66961e-05
1.57518e-05
1.48936e-05
1.41481e-05
1.35373e-05
1.29373e-05
1.23977e-05
1.19413e-05
1.155e-05
1.11859e-05
1.08844e-05
1.06432e-05
1.04567e-05
1.03183e-05
1.02158e-05
1.0135e-05
1.00635e-05
9.9938e-06
9.92436e-06
9.85954e-06
9.80927e-06
9.78807e-06
9.81389e-06
9.90674e-06
1.00871e-05
1.0374e-05
1.07825e-05
1.13209e-05
1.19877e-05
1.27679e-05
1.36294e-05
1.45205e-05
1.53713e-05
1.60889e-05
1.64998e-05
1.66484e-05
1.63748e-05
1.58385e-05
7.06455e-06
6.90447e-06
6.83248e-06
6.8839e-06
7.03839e-06
7.28152e-06
7.60264e-06
7.9929e-06
8.44579e-06
8.95765e-06
9.52755e-06
1.0157e-05
1.08493e-05
1.16092e-05
1.24422e-05
1.33542e-05
1.43513e-05
1.54397e-05
1.66255e-05
1.79146e-05
1.93126e-05
2.0825e-05
2.24567e-05
2.42123e-05
2.60957e-05
2.81099e-05
3.02569e-05
3.25367e-05
3.49486e-05
3.74945e-05
4.01614e-05
4.28281e-05
4.53219e-05
4.75539e-05
4.95791e-05
5.12214e-05
5.22109e-05
5.23876e-05
5.17538e-05
5.04622e-05
4.86775e-05
4.63235e-05
4.34634e-05
4.04082e-05
3.73047e-05
3.41768e-05
3.1121e-05
2.81645e-05
2.53248e-05
2.26075e-05
2.00149e-05
1.75546e-05
1.52098e-05
1.29864e-05
1.08781e-05
8.87723e-06
6.96887e-06
5.12688e-06
3.31628e-06
1.48398e-06
-4.14346e-07
-2.43368e-06
-4.60071e-06
-6.9492e-06
-9.48842e-06
-1.22068e-05
-1.50762e-05
-1.80495e-05
-2.10648e-05
-2.40418e-05
-2.69165e-05
-2.95922e-05
-3.2001e-05
-3.40725e-05
-3.57371e-05
-3.69518e-05
-3.76288e-05
-3.77666e-05
-3.72859e-05
-3.61443e-05
-3.43424e-05
-3.17938e-05
-2.84872e-05
-2.44482e-05
-1.9686e-05
-1.43025e-05
-8.42436e-06
-2.26324e-06
3.85195e-06
9.7033e-06
1.50293e-05
1.96726e-05
2.35905e-05
2.67127e-05
2.90714e-05
3.06884e-05
3.15545e-05
3.17823e-05
3.14075e-05
3.05277e-05
2.9244e-05
2.76517e-05
2.58496e-05
2.3919e-05
2.19338e-05
1.99444e-05
1.79776e-05
1.60774e-05
1.42418e-05
1.24802e-05
1.078e-05
9.1381e-06
7.51421e-06
5.90777e-06
4.26102e-06
2.57624e-06
7.9385e-07
-1.09848e-06
-3.15823e-06
-5.39131e-06
-7.84615e-06
-1.05046e-05
-1.33629e-05
-1.63621e-05
-1.94573e-05
-2.254e-05
-2.55371e-05
-2.8365e-05
-3.0947e-05
-3.32328e-05
-3.51593e-05
-3.66943e-05
-3.77631e-05
-3.83525e-05
-3.84371e-05
-3.79228e-05
-3.68162e-05
-3.50638e-05
-3.26391e-05
-2.95353e-05
-2.57759e-05
-2.14369e-05
-1.65565e-05
-1.12943e-05
-5.82597e-06
-3.4342e-07
4.84641e-06
9.54677e-06
1.35717e-05
1.68614e-05
1.93506e-05
2.1109e-05
2.21411e-05
2.25241e-05
2.23786e-05
2.17766e-05
2.08363e-05
1.96514e-05
1.82919e-05
1.70233e-05
1.58958e-05
1.48508e-05
1.38887e-05
1.31527e-05
1.25094e-05
1.19587e-05
1.15187e-05
1.10752e-05
1.06745e-05
1.03374e-05
1.00519e-05
9.78796e-06
9.57522e-06
9.41035e-06
9.28738e-06
9.19921e-06
9.13423e-06
9.07923e-06
9.02331e-06
8.96012e-06
8.88866e-06
8.81337e-06
8.74363e-06
8.69292e-06
8.67776e-06
8.71639e-06
8.82731e-06
9.02736e-06
9.32956e-06
9.74084e-06
1.02597e-05
1.0874e-05
1.15592e-05
1.22763e-05
1.29703e-05
1.35352e-05
1.38675e-05
1.39661e-05
1.36732e-05
1.31326e-05
6.14991e-06
6.00826e-06
5.94328e-06
5.98101e-06
6.10547e-06
6.30554e-06
6.57279e-06
6.90001e-06
7.28174e-06
7.71468e-06
8.19773e-06
8.7318e-06
9.31937e-06
9.96407e-06
1.06703e-05
1.14427e-05
1.22863e-05
1.32062e-05
1.42073e-05
1.52946e-05
1.64726e-05
1.7746e-05
1.91192e-05
2.05959e-05
2.21799e-05
2.38741e-05
2.56806e-05
2.76003e-05
2.96339e-05
3.17849e-05
3.40443e-05
3.6311e-05
3.84395e-05
4.03606e-05
4.21481e-05
4.36275e-05
4.45057e-05
4.46465e-05
4.40591e-05
4.28743e-05
4.12436e-05
3.90847e-05
3.64528e-05
3.3678e-05
3.09048e-05
2.81674e-05
2.55285e-05
2.30114e-05
2.06263e-05
1.83699e-05
1.62381e-05
1.42332e-05
1.23355e-05
1.05498e-05
8.8664e-06
7.27834e-06
5.7712e-06
4.32377e-06
2.90654e-06
1.4768e-06
-1.08737e-09
-1.57258e-06
-3.26021e-06
-5.09329e-06
-7.08286e-06
-9.22909e-06
-1.15189e-05
-1.39216e-05
-1.63934e-05
-1.88785e-05
-2.13237e-05
-2.3648e-05
-2.57903e-05
-2.76874e-05
-2.92732e-05
-3.05001e-05
-3.12951e-05
-3.16318e-05
-3.14236e-05
-3.06106e-05
-2.92122e-05
-2.71355e-05
-2.43697e-05
-2.09269e-05
-1.68189e-05
-1.21421e-05
-7.0222e-06
-1.63999e-06
3.68213e-06
8.78192e-06
1.34039e-05
1.7411e-05
2.07535e-05
2.33629e-05
2.52612e-05
2.64739e-05
2.70076e-05
2.6977e-05
2.64359e-05
2.54869e-05
2.42301e-05
2.27559e-05
2.11512e-05
1.94827e-05
1.77995e-05
1.61488e-05
1.45456e-05
1.30199e-05
1.1561e-05
1.01715e-05
8.83448e-06
7.54035e-06
6.25369e-06
4.9711e-06
3.64626e-06
2.2856e-06
8.42277e-07
-6.83691e-07
-2.34129e-06
-4.13217e-06
-6.10018e-06
-8.23532e-06
-1.05422e-05
-1.29813e-05
-1.55249e-05
-1.80887e-05
-2.06174e-05
-2.30371e-05
-2.52791e-05
-2.72961e-05
-2.90318e-05
-3.04525e-05
-3.14932e-05
-3.21272e-05
-3.2311e-05
-3.19589e-05
-3.1076e-05
-2.96165e-05
-2.75448e-05
-2.48583e-05
-2.15657e-05
-1.77516e-05
-1.34627e-05
-8.85097e-06
-4.1009e-06
6.28948e-07
5.04034e-06
8.99905e-06
1.23372e-05
1.50144e-05
1.69616e-05
1.82609e-05
1.89226e-05
1.90349e-05
1.87102e-05
1.80265e-05
1.70974e-05
1.60063e-05
1.48084e-05
1.37265e-05
1.2821e-05
1.20282e-05
1.13145e-05
1.07719e-05
1.03171e-05
9.93514e-06
9.64272e-06
9.33352e-06
9.05095e-06
8.81398e-06
8.61565e-06
8.43366e-06
8.29181e-06
8.18618e-06
8.11078e-06
8.05855e-06
8.01888e-06
7.98002e-06
7.93258e-06
7.87144e-06
7.79621e-06
7.71122e-06
7.62515e-06
7.55025e-06
7.50149e-06
7.49539e-06
7.54861e-06
7.6762e-06
7.88963e-06
8.19481e-06
8.59044e-06
9.06677e-06
9.60374e-06
1.01692e-05
1.0726e-05
1.11523e-05
1.14379e-05
1.14676e-05
1.11417e-05
1.0595e-05
5.17746e-06
5.05064e-06
4.99097e-06
5.0158e-06
5.11195e-06
5.27062e-06
5.48511e-06
5.74963e-06
6.05968e-06
6.41242e-06
6.80674e-06
7.24314e-06
7.7234e-06
8.25024e-06
8.82701e-06
9.45739e-06
1.01452e-05
1.08945e-05
1.17092e-05
1.25931e-05
1.35501e-05
1.45838e-05
1.56979e-05
1.68955e-05
1.81797e-05
1.95531e-05
2.1018e-05
2.25755e-05
2.4227e-05
2.5977e-05
2.78202e-05
2.96766e-05
3.14298e-05
3.30317e-05
3.45759e-05
3.58975e-05
3.66796e-05
3.68099e-05
3.63026e-05
3.52627e-05
3.38246e-05
3.18982e-05
2.95246e-05
2.7061e-05
2.46684e-05
2.23509e-05
2.01552e-05
1.80961e-05
1.61742e-05
1.43777e-05
1.26973e-05
1.11312e-05
9.65755e-06
8.28111e-06
6.98963e-06
5.77765e-06
4.63158e-06
3.53546e-06
2.4647e-06
1.38686e-06
2.73691e-07
-9.10321e-07
-2.18379e-06
-3.57052e-06
-5.08232e-06
-6.72335e-06
-8.48972e-06
-1.03657e-05
-1.23216e-05
-1.43222e-05
-1.63283e-05
-1.82776e-05
-2.01182e-05
-2.17904e-05
-2.32331e-05
-2.44027e-05
-2.52365e-05
-2.56937e-05
-2.57031e-05
-2.5214e-05
-2.42072e-05
-2.25913e-05
-2.0364e-05
-1.7523e-05
-1.4081e-05
-1.01228e-05
-5.77106e-06
-1.1729e-06
3.36121e-06
7.71649e-06
1.1641e-05
1.50129e-05
1.77723e-05
1.98608e-05
2.12982e-05
2.21221e-05
2.23598e-05
2.21249e-05
2.14848e-05
2.05359e-05
1.93708e-05
1.80707e-05
1.67064e-05
1.53248e-05
1.39675e-05
1.26652e-05
1.1421e-05
1.0256e-05
9.15184e-06
8.10662e-06
7.10083e-06
6.11952e-06
5.13325e-06
4.13781e-06
3.09717e-06
2.02151e-06
8.77099e-07
-3.26023e-07
-1.62833e-06
-3.02768e-06
-4.56234e-06
-6.22823e-06
-8.03545e-06
-9.95948e-06
-1.1987e-05
-1.40537e-05
-1.6123e-05
-1.81327e-05
-2.00239e-05
-2.17535e-05
-2.32689e-05
-2.45343e-05
-2.54999e-05
-2.61292e-05
-2.63847e-05
-2.61897e-05
-2.55371e-05
-2.43696e-05
-2.26541e-05
-2.03939e-05
-1.75844e-05
-1.43138e-05
-1.06302e-05
-6.67809e-06
-2.64696e-06
1.34166e-06
5.00545e-06
8.256e-06
1.0936e-05
1.30214e-05
1.44554e-05
1.53265e-05
1.56595e-05
1.55515e-05
1.51043e-05
1.43964e-05
1.35288e-05
1.25694e-05
1.15557e-05
1.06753e-05
9.99707e-06
9.44283e-06
8.95319e-06
8.5863e-06
8.29444e-06
8.05626e-06
7.88908e-06
7.69307e-06
7.50942e-06
7.35495e-06
7.22706e-06
7.1103e-06
7.02293e-06
6.96092e-06
6.91873e-06
6.88986e-06
6.86528e-06
6.83484e-06
6.79078e-06
6.7293e-06
6.65058e-06
6.55873e-06
6.46147e-06
6.36964e-06
6.29647e-06
6.25665e-06
6.26497e-06
6.33475e-06
6.47598e-06
6.69363e-06
6.98638e-06
7.34599e-06
7.75516e-06
8.18835e-06
8.62322e-06
8.91575e-06
9.14583e-06
9.11026e-06
8.76167e-06
8.21959e-06
4.15959e-06
4.04543e-06
3.98901e-06
4.00039e-06
4.06848e-06
4.18623e-06
4.34825e-06
4.54993e-06
4.78766e-06
5.05909e-06
5.36323e-06
5.70026e-06
6.07139e-06
6.47855e-06
6.92426e-06
7.41108e-06
7.94182e-06
8.51948e-06
9.14702e-06
9.82734e-06
1.05633e-05
1.13577e-05
1.22133e-05
1.31325e-05
1.41177e-05
1.5171e-05
1.6294e-05
1.7488e-05
1.87545e-05
2.00981e-05
2.15164e-05
2.29511e-05
2.43157e-05
2.55839e-05
2.68696e-05
2.80297e-05
2.87241e-05
2.88617e-05
2.84574e-05
2.75877e-05
2.6367e-05
2.46959e-05
2.26076e-05
2.05226e-05
1.85455e-05
1.66858e-05
1.49678e-05
1.3391e-05
1.19456e-05
1.06125e-05
9.37848e-06
8.23831e-06
7.16975e-06
6.17797e-06
5.24912e-06
4.38025e-06
3.55909e-06
2.77513e-06
2.00854e-06
1.23715e-06
4.39123e-07
-4.11095e-07
-1.32823e-06
-2.32995e-06
-3.42723e-06
-4.62491e-06
-5.92451e-06
-7.31948e-06
-8.79153e-06
-1.03211e-05
-1.18835e-05
-1.34355e-05
-1.49408e-05
-1.63473e-05
-1.75981e-05
-1.86594e-05
-1.94752e-05
-2.00042e-05
-2.01841e-05
-1.99598e-05
-1.93126e-05
-1.81452e-05
-1.64555e-05
-1.42244e-05
-1.14648e-05
-8.24499e-06
-4.67633e-06
-8.7456e-07
2.86738e-06
6.46443e-06
9.67753e-06
1.23983e-05
1.45627e-05
1.61295e-05
1.71245e-05
1.76007e-05
1.76004e-05
1.72273e-05
1.65539e-05
1.56624e-05
1.46427e-05
1.35629e-05
1.24693e-05
1.13989e-05
1.03819e-05
9.43134e-06
8.54156e-06
7.72669e-06
6.96076e-06
6.23809e-06
5.53857e-06
4.84298e-06
4.12759e-06
3.38773e-06
2.59763e-06
1.7714e-06
8.89876e-07
-2.97859e-08
-1.01891e-06
-2.07223e-06
-3.22129e-06
-4.46607e-06
-5.81963e-06
-7.2687e-06
-8.81087e-06
-1.0402e-05
-1.20173e-05
-1.36114e-05
-1.51374e-05
-1.65599e-05
-1.78322e-05
-1.89207e-05
-1.97821e-05
-2.03805e-05
-2.06865e-05
-2.06206e-05
-2.01781e-05
-1.93e-05
-1.79477e-05
-1.61267e-05
-1.38232e-05
-1.11184e-05
-8.06173e-06
-4.78465e-06
-1.47509e-06
1.77484e-06
4.70752e-06
7.26212e-06
9.29983e-06
1.08137e-05
1.17703e-05
1.22594e-05
1.23233e-05
1.20581e-05
1.15468e-05
1.0867e-05
1.01069e-05
9.312e-06
8.5031e-06
7.84097e-06
7.39272e-06
7.05995e-06
6.7708e-06
6.56183e-06
6.41065e-06
6.29464e-06
6.23312e-06
6.13045e-06
6.02785e-06
5.93984e-06
5.86728e-06
5.80069e-06
5.75314e-06
5.72105e-06
5.69972e-06
5.6838e-06
5.66655e-06
5.63919e-06
5.59556e-06
5.53348e-06
5.45366e-06
5.35981e-06
5.25847e-06
5.1587e-06
5.07177e-06
5.01018e-06
4.98654e-06
5.01217e-06
5.09536e-06
5.23985e-06
5.44395e-06
5.69988e-06
5.99425e-06
6.30907e-06
6.60959e-06
6.79834e-06
6.94467e-06
6.86968e-06
6.52348e-06
6.00491e-06
3.11782e-06
3.01564e-06
2.96077e-06
2.95743e-06
2.99664e-06
3.07264e-06
3.18096e-06
3.31796e-06
3.48098e-06
3.66836e-06
3.87939e-06
4.11415e-06
4.37336e-06
4.65824e-06
4.97077e-06
5.31222e-06
5.68412e-06
6.08877e-06
6.52809e-06
7.00393e-06
7.5182e-06
8.07272e-06
8.66924e-06
9.30939e-06
9.99456e-06
1.07259e-05
1.15042e-05
1.23299e-05
1.32037e-05
1.41285e-05
1.51029e-05
1.60875e-05
1.70234e-05
1.79037e-05
1.88646e-05
1.98062e-05
2.03734e-05
2.04953e-05
2.01956e-05
1.95318e-05
1.85948e-05
1.7269e-05
1.56064e-05
1.40563e-05
1.26106e-05
1.12992e-05
1.01177e-05
9.05264e-06
8.08997e-06
7.20965e-06
6.40043e-06
5.65712e-06
4.95978e-06
4.31599e-06
3.71088e-06
3.14518e-06
2.60807e-06
2.09464e-06
1.58937e-06
1.08001e-06
5.49703e-07
-1.77773e-08
-6.33476e-07
-1.30906e-06
-2.0533e-06
-2.87005e-06
-3.76255e-06
-4.72983e-06
-5.76047e-06
-6.84588e-06
-7.97289e-06
-9.11123e-06
-1.02438e-05
-1.13515e-05
-1.23524e-05
-1.32395e-05
-1.39672e-05
-1.44992e-05
-1.47836e-05
-1.47685e-05
-1.44376e-05
-1.36959e-05
-1.25399e-05
-1.09305e-05
-8.87402e-06
-6.43287e-06
-3.68772e-06
-7.25212e-07
2.19052e-06
4.98251e-06
7.44079e-06
9.47752e-06
1.10377e-05
1.21001e-05
1.26884e-05
1.28662e-05
1.26909e-05
1.22496e-05
1.16145e-05
1.08506e-05
1.00618e-05
9.26517e-06
8.49204e-06
7.77155e-06
7.11534e-06
6.52253e-06
5.9811e-06
5.49973e-06
5.04662e-06
4.61453e-06
4.18588e-06
3.74267e-06
3.26704e-06
2.74826e-06
2.17149e-06
1.5538e-06
8.9656e-07
2.18672e-07
-5.00463e-07
-1.25369e-06
-2.06457e-06
-2.93589e-06
-3.88129e-06
-4.89598e-06
-5.98396e-06
-7.12183e-06
-8.29239e-06
-9.46644e-06
-1.06103e-05
-1.16999e-05
-1.26966e-05
-1.35723e-05
-1.42911e-05
-1.48225e-05
-1.51428e-05
-1.51773e-05
-1.49237e-05
-1.43267e-05
-1.33438e-05
-1.19738e-05
-1.02112e-05
-8.10695e-06
-5.71365e-06
-3.14733e-06
-5.83058e-07
1.90512e-06
4.10032e-06
5.95636e-06
7.36704e-06
8.34018e-06
8.86764e-06
9.03191e-06
8.88721e-06
8.52277e-06
7.99967e-06
7.41119e-06
6.81958e-06
6.23095e-06
5.65858e-06
5.2379e-06
5.01788e-06
4.88518e-06
4.77147e-06
4.69859e-06
4.66283e-06
4.64303e-06
4.6699e-06
4.6479e-06
4.61105e-06
4.57482e-06
4.5434e-06
4.51268e-06
4.49132e-06
4.47669e-06
4.46519e-06
4.45323e-06
4.43801e-06
4.4102e-06
4.36526e-06
4.30356e-06
4.22629e-06
4.13651e-06
4.03918e-06
3.94105e-06
3.85103e-06
3.77884e-06
3.73413e-06
3.72548e-06
3.7591e-06
3.83721e-06
3.9571e-06
4.1109e-06
4.28787e-06
4.47544e-06
4.61065e-06
4.73579e-06
4.81613e-06
4.73111e-06
4.41853e-06
3.95367e-06
2.05267e-06
1.9608e-06
1.91121e-06
1.89752e-06
1.9112e-06
1.94716e-06
2.00156e-06
2.07193e-06
2.15696e-06
2.25616e-06
2.36955e-06
2.49743e-06
2.64027e-06
2.79859e-06
2.974e-06
3.16668e-06
3.37655e-06
3.60534e-06
3.85381e-06
4.12276e-06
4.41305e-06
4.7255e-06
5.06087e-06
5.41981e-06
5.80269e-06
6.20959e-06
6.6401e-06
7.09322e-06
7.56753e-06
8.06255e-06
8.57522e-06
9.08042e-06
9.54297e-06
9.96949e-06
1.05104e-05
1.1127e-05
1.14799e-05
1.15256e-05
1.13227e-05
1.09356e-05
1.04253e-05
9.66142e-06
8.72656e-06
7.96454e-06
7.24358e-06
6.60614e-06
6.02392e-06
5.47874e-06
4.96584e-06
4.47837e-06
4.01876e-06
3.59054e-06
3.18248e-06
2.80815e-06
2.45396e-06
2.12512e-06
1.81281e-06
1.517e-06
1.22496e-06
9.32355e-07
6.25189e-07
2.94402e-07
-6.85155e-08
-4.71201e-07
-9.20336e-07
-1.41832e-06
-1.96923e-06
-2.57426e-06
-3.22521e-06
-3.91905e-06
-4.64976e-06
-5.39434e-06
-6.13013e-06
-6.97228e-06
-7.66347e-06
-8.30553e-06
-8.86861e-06
-9.31649e-06
-9.60973e-06
-9.70831e-06
-9.6013e-06
-9.21084e-06
-8.53912e-06
-7.5455e-06
-6.22481e-06
-4.58394e-06
-2.71888e-06
-6.88516e-07
1.31398e-06
3.20557e-06
4.82252e-06
6.10144e-06
7.00582e-06
7.56382e-06
7.7976e-06
7.74776e-06
7.49838e-06
7.13533e-06
6.70963e-06
6.2743e-06
5.88776e-06
5.51337e-06
5.1772e-06
4.88251e-06
4.62195e-06
4.38444e-06
4.1551e-06
3.94076e-06
3.71561e-06
3.48378e-06
3.23391e-06
2.93206e-06
2.62276e-06
2.26618e-06
1.84984e-06
1.39074e-06
9.17883e-07
4.41197e-07
-4.81514e-08
-5.44721e-07
-1.06348e-06
-1.60964e-06
-2.19546e-06
-2.8229e-06
-3.49788e-06
-4.21418e-06
-4.96447e-06
-5.73224e-06
-6.49352e-06
-7.23858e-06
-7.93725e-06
-8.56756e-06
-9.10202e-06
-9.51795e-06
-9.79875e-06
-9.88143e-06
-9.76774e-06
-9.41376e-06
-8.78452e-06
-7.88007e-06
-6.66097e-06
-5.19975e-06
-3.52529e-06
-1.73821e-06
1.98691e-08
1.68912e-06
3.1042e-06
4.22962e-06
5.00238e-06
5.44582e-06
5.58904e-06
5.51651e-06
5.27805e-06
4.93611e-06
4.53725e-06
4.20066e-06
3.87534e-06
3.57019e-06
3.28197e-06
3.11202e-06
3.09067e-06
3.1144e-06
3.12914e-06
3.14605e-06
3.1829e-06
3.18684e-06
3.28256e-06
3.32683e-06
3.34121e-06
3.34096e-06
3.33422e-06
3.32186e-06
3.30939e-06
3.2959e-06
3.27934e-06
3.25839e-06
3.23811e-06
3.20399e-06
3.15379e-06
3.09235e-06
3.02105e-06
2.94197e-06
2.85781e-06
2.77207e-06
2.69072e-06
2.61941e-06
2.56312e-06
2.52595e-06
2.51056e-06
2.5168e-06
2.54156e-06
2.5784e-06
2.61849e-06
2.67452e-06
2.67454e-06
2.71687e-06
2.7208e-06
2.64307e-06
2.40685e-06
2.05489e-06
7.70702e-07
7.20264e-07
7.03281e-07
7.01747e-07
7.07462e-07
7.17734e-07
7.3129e-07
7.47752e-07
7.67315e-07
7.90434e-07
8.17622e-07
8.49356e-07
8.86066e-07
9.28048e-07
9.74588e-07
1.0267e-06
1.08504e-06
1.14886e-06
1.21838e-06
1.29384e-06
1.37546e-06
1.46349e-06
1.55816e-06
1.65966e-06
1.76806e-06
1.88317e-06
2.00429e-06
2.13012e-06
2.25918e-06
2.39009e-06
2.5204e-06
2.64121e-06
2.74105e-06
2.82954e-06
2.99467e-06
3.2229e-06
3.33336e-06
3.31858e-06
3.23806e-06
3.13758e-06
3.04145e-06
2.8827e-06
2.69598e-06
2.6022e-06
2.50756e-06
2.42883e-06
2.33525e-06
2.21582e-06
2.0735e-06
1.91201e-06
1.74032e-06
1.56743e-06
1.39428e-06
1.23284e-06
1.08008e-06
9.40824e-07
8.13391e-07
6.98932e-07
5.90584e-07
4.87308e-07
3.81612e-07
2.69049e-07
1.44288e-07
2.18584e-09
-1.62365e-07
-3.52041e-07
-5.70446e-07
-8.21259e-07
-1.10208e-06
-1.41241e-06
-1.75267e-06
-2.12758e-06
-2.59484e-06
-3.20594e-06
-3.46726e-06
-3.78804e-06
-4.13051e-06
-4.44527e-06
-4.69937e-06
-4.8654e-06
-4.92671e-06
-4.83792e-06
-4.59319e-06
-4.1692e-06
-3.561e-06
-2.75046e-06
-1.81909e-06
-8.14632e-07
1.57346e-07
9.92476e-07
1.65761e-06
2.11707e-06
2.34699e-06
2.41214e-06
2.38616e-06
2.30349e-06
2.20918e-06
2.13761e-06
2.101e-06
2.10809e-06
2.15541e-06
2.21135e-06
2.28066e-06
2.35042e-06
2.4088e-06
2.44576e-06
2.45067e-06
2.42696e-06
2.3687e-06
2.30636e-06
2.24785e-06
1.88188e-06
1.62295e-06
1.38587e-06
1.13604e-06
8.84842e-07
6.48516e-07
4.26879e-07
2.13522e-07
6.41203e-09
-2.02783e-07
-4.19264e-07
-6.52002e-07
-9.02506e-07
-1.17762e-06
-1.48168e-06
-1.81275e-06
-2.16822e-06
-2.53779e-06
-2.91943e-06
-3.29853e-06
-3.66137e-06
-3.9906e-06
-4.27171e-06
-4.48923e-06
-4.60684e-06
-4.6183e-06
-4.49499e-06
-4.2157e-06
-3.78128e-06
-3.15229e-06
-2.3948e-06
-1.52311e-06
-6.41847e-07
1.36871e-07
7.98475e-07
1.30261e-06
1.63401e-06
1.80779e-06
1.84883e-06
1.77057e-06
1.65997e-06
1.5691e-06
1.49778e-06
1.44549e-06
1.455e-06
1.45205e-06
1.44352e-06
1.41737e-06
1.42838e-06
1.50003e-06
1.58316e-06
1.64995e-06
1.72123e-06
1.86051e-06
1.80084e-06
1.84346e-06
1.90363e-06
1.93611e-06
1.94787e-06
1.94666e-06
1.93292e-06
1.90863e-06
1.87589e-06
1.83647e-06
1.79205e-06
1.75032e-06
1.70549e-06
1.65768e-06
1.61087e-06
1.56631e-06
1.52505e-06
1.48794e-06
1.45558e-06
1.42937e-06
1.41009e-06
1.399e-06
1.39216e-06
1.37971e-06
1.35038e-06
1.29132e-06
1.18978e-06
1.0391e-06
8.81793e-07
6.99409e-07
5.4978e-07
4.5023e-07
4.16494e-07
3.89644e-07
3.10162e-07
)
;

boundaryField
{
    inlet
    {
        type            zeroGradient;
    }
    outlet
    {
        type            fixedValue;
        value           uniform 0;
    }
    walls
    {
        type            zeroGradient;
    }
    frontAndBack
    {
        type            empty;
    }
}


// ************************************************************************* //
