/*--------------------------------*- C++ -*----------------------------------*\
| =========                 |                                                 |
| \\      /  F ield         | OpenFOAM: The Open Source CFD Toolbox           |
|  \\    /   O peration     | Version:  2506                                  |
|   \\  /    A nd           | Website:  www.openfoam.com                      |
|    \\/     M anipulation  |                                                 |
\*---------------------------------------------------------------------------*/
FoamFile
{
    version     2.0;
    format      ascii;
    arch        "LSB;label=32;scalar=64";
    class       volScalarField;
    location    "0.25";
    object      s;
}
// * * * * * * * * * * * * * * * * * * * * * * * * * * * * * * * * * * * * * //

dimensions      [0 0 0 0 0 0 0];

internalField   nonuniform List<scalar> 
4000
(
0.00341224
0.0358267
0.236473
0.675221
0.865471
0.750687
0.380541
0.0754027
0.0172697
0.0050248
0.00116367
0.000134364
-5.11628e-05
-4.65647e-05
-2.22779e-05
-8.85099e-06
-3.45944e-06
-1.38659e-06
-5.66304e-07
-2.29525e-07
-8.90614e-08
-3.26131e-08
-1.17749e-08
-4.3322e-09
-1.60381e-09
-5.93525e-10
-2.17221e-10
-7.73285e-11
-2.6424e-11
-8.51313e-12
-2.4884e-12
-6.03585e-13
-9.7443e-14
7.92087e-15
1.24899e-14
1.69885e-15
-3.31384e-13
-5.06522e-13
-5.63903e-13
-6.06044e-13
-8.15471e-13
-6.21955e-13
-3.26141e-13
-1.49556e-13
-5.65191e-14
-2.55537e-14
-1.31317e-14
-5.58756e-15
-2.75118e-15
-1.2076e-15
-4.03436e-16
-1.34986e-16
-4.38104e-17
-9.33438e-18
9.38972e-18
9.66157e-18
6.71769e-18
4.44547e-18
2.45549e-18
1.38347e-18
5.52936e-19
1.07358e-19
-3.38616e-20
-3.62166e-20
-1.31742e-20
2.89135e-22
3.21786e-21
2.01758e-21
9.19562e-22
3.17136e-22
8.99545e-23
2.32471e-23
4.66798e-24
8.61997e-25
1.34073e-25
1.62927e-26
1.86733e-27
-4.42984e-27
-5.47621e-27
-7.38759e-27
1.17857e-26
3.85261e-26
5.27082e-26
5.28326e-26
4.48917e-26
3.24782e-26
2.10114e-26
1.30324e-26
7.13883e-27
3.5923e-27
1.79506e-27
7.88233e-28
3.20007e-28
1.26058e-28
3.93495e-29
1.14247e-29
1.96831e-30
-1.88322e-31
-4.13856e-31
-2.85959e-31
-1.28739e-31
-5.47907e-32
-1.9646e-32
-6.11055e-33
-1.85668e-33
-4.26838e-34
-9.46621e-35
-1.27997e-35
7.10307e-37
1.41135e-36
7.23056e-37
2.66055e-37
9.65728e-38
2.55598e-38
9.4343e-39
2.59055e-39
7.3839e-40
2.60453e-40
7.90499e-41
2.75552e-41
1.31814e-41
6.0504e-42
2.96266e-42
1.97456e-42
1.27258e-42
8.81453e-43
6.50447e-43
4.74108e-43
3.71044e-43
3.28846e-43
2.34524e-43
1.87005e-43
1.80086e-43
1.29891e-43
1.02797e-43
1.00021e-43
5.83548e-44
4.76785e-44
2.83375e-44
1.59213e-44
6.78635e-45
1.19356e-45
4.81145e-47
-2.96792e-47
-3.60743e-48
5.77807e-49
-1.71254e-48
-1.93013e-48
-1.19086e-48
-5.32377e-49
-1.67791e-49
-2.83018e-50
1.22547e-50
1.67474e-50
9.40418e-51
4.03778e-51
1.17891e-51
2.62182e-52
4.18314e-53
2.3266e-53
-8.61373e-53
-1.19748e-51
-5.7745e-51
-1.13101e-50
-1.4142e-50
-1.01154e-50
1.12682e-51
8.8571e-51
7.72596e-51
4.14571e-51
1.60881e-51
4.64793e-52
9.46551e-53
9.80446e-54
-6.90985e-55
-2.67533e-55
-1.59898e-56
3.98149e-57
1.16207e-57
1.97589e-58
3.67652e-59
9.41613e-60
2.74569e-60
7.6263e-61
1.90844e-61
4.24453e-62
8.7745e-63
2.02082e-63
4.58866e-64
-8.52919e-65
-2.48673e-64
-2.21473e-64
-1.56954e-64
-1.01992e-64
-6.78396e-65
-3.96784e-65
-2.042e-65
-8.7213e-66
-3.18143e-66
-4.7943e-67
0.00292278
0.0181673
0.0885184
0.295804
0.574254
0.805777
0.840264
0.792586
0.695047
0.53935
0.368537
0.215936
0.0922054
0.0336978
0.01349
0.00541168
0.00190145
0.0004447
-7.95e-05
-0.000197204
-0.000162941
-8.35939e-05
-3.44747e-05
-1.80074e-05
-9.09296e-06
-4.31597e-06
-1.92465e-06
-7.98956e-07
-3.08632e-07
-1.11082e-07
-3.6806e-08
-1.08222e-08
-2.63689e-09
-3.86976e-10
7.28859e-11
5.72635e-11
3.39547e-11
1.48238e-11
1.13821e-12
-7.06318e-12
-1.18458e-11
-1.00551e-11
-6.35378e-12
-3.63669e-12
-1.97143e-12
-1.06168e-12
-5.79601e-13
-3.09878e-13
-1.68982e-13
-9.12236e-14
-4.85066e-14
-2.5709e-14
-1.36208e-14
-7.24407e-15
-3.86641e-15
-2.05933e-15
-1.09069e-15
-5.74502e-16
-3.01607e-16
-1.60837e-16
-1.09811e-16
-4.03406e-17
-7.96937e-18
3.82905e-19
4.36644e-19
-5.04306e-19
-7.43152e-19
-4.94408e-19
-2.31618e-19
-8.42496e-20
-2.4907e-20
-6.13501e-21
-1.18085e-21
-1.42459e-22
9.18363e-24
1.04576e-23
3.38391e-24
9.50893e-25
-1.00529e-23
-2.33296e-23
-2.1607e-23
-1.70389e-23
-1.16939e-23
-7.01166e-24
-3.76943e-24
-1.74935e-24
-6.85483e-25
-2.16945e-25
-3.1335e-26
2.27687e-26
2.84387e-26
2.0034e-26
1.14018e-26
5.9469e-27
2.63964e-27
1.13695e-27
4.22642e-28
1.49243e-28
4.43411e-29
1.16243e-29
2.07299e-30
-4.82528e-32
-2.67293e-31
-1.60499e-31
-7.36008e-32
-2.68935e-32
-9.25379e-33
-2.81444e-33
-7.94399e-34
-2.05915e-34
-4.89896e-35
-1.0243e-35
-1.80958e-36
-1.91726e-37
4.60415e-38
3.27715e-38
1.44955e-38
6.53934e-39
2.39804e-39
9.32514e-40
4.74203e-40
2.33483e-40
1.21791e-40
8.32259e-41
5.7532e-41
4.16058e-41
3.13519e-41
2.3585e-41
1.84962e-41
1.53018e-41
1.13238e-41
8.69329e-42
7.25288e-42
5.26892e-42
3.90062e-42
3.04872e-42
1.92014e-42
1.28062e-42
7.36084e-43
3.79246e-43
1.54379e-43
2.74897e-44
-9.97665e-45
-8.91831e-45
-2.59214e-45
2.78874e-46
8.04536e-46
5.02547e-46
1.99028e-46
4.85948e-47
-6.00126e-49
-1.1215e-47
-9.1726e-48
-5.60649e-48
-2.59176e-48
-9.49826e-49
-2.45261e-49
-3.62368e-50
1.93633e-51
2.41059e-51
8.29003e-52
-1.58296e-50
-3.57121e-50
4.96667e-50
2.94542e-49
5.94219e-49
8.47798e-49
7.49244e-49
4.72818e-49
2.41415e-49
1.04802e-49
3.93036e-50
1.26207e-50
3.32089e-51
6.16787e-52
2.64221e-53
-2.12294e-53
-8.3334e-54
-1.88549e-54
-3.14937e-55
-4.73944e-56
-1.00455e-56
-3.30079e-57
-1.10642e-57
-3.17401e-58
-7.66396e-59
-1.54753e-59
-2.43924e-60
-1.85265e-61
8.91566e-62
6.81069e-62
-1.4209e-62
-7.28652e-62
-6.86113e-62
-4.06453e-62
-1.78678e-62
-6.53028e-63
-2.12672e-63
-6.36993e-64
-1.24337e-64
0.00285074
0.0145685
0.0551397
0.169763
0.372186
0.609455
0.795957
0.90988
0.917947
0.883255
0.807724
0.690725
0.536843
0.383253
0.251746
0.150934
0.0814247
0.0371942
0.0111041
0.00268297
0.00037764
-0.000351272
-0.00053541
-0.000504939
-0.000374
-0.000199805
-7.58124e-05
-2.74716e-05
-1.09268e-05
-4.34556e-06
-1.62285e-06
-5.52015e-07
-1.43962e-07
-3.23247e-09
2.29663e-08
1.55159e-08
9.59563e-09
5.73411e-09
3.19575e-09
1.75902e-09
1.078e-09
7.17185e-10
4.69498e-10
2.94061e-10
1.7502e-10
1.00146e-10
5.5906e-11
3.03691e-11
1.62372e-11
8.59748e-12
4.55233e-12
2.4147e-12
1.28008e-12
6.71947e-13
3.45819e-13
1.73885e-13
8.48396e-14
3.98291e-14
1.79781e-14
7.64743e-15
3.09355e-15
1.15388e-15
3.84714e-16
5.99166e-17
1.79682e-17
2.94915e-17
3.11693e-17
2.07324e-17
9.43795e-18
3.04991e-18
6.27147e-19
-1.73107e-20
-9.45484e-20
-6.01895e-20
-2.77514e-20
-1.06232e-20
-3.57645e-21
-1.09212e-21
-2.75304e-22
-2.4898e-22
-2.92368e-22
-2.71135e-22
-2.18816e-22
-1.61004e-22
-1.10189e-22
-6.90233e-23
-3.96349e-23
-2.15435e-23
-1.08145e-23
-4.98913e-24
-2.17131e-24
-8.64684e-25
-3.07273e-25
-9.62627e-26
-2.31486e-26
-2.28966e-27
1.77731e-27
1.65308e-27
8.9324e-28
4.06957e-28
1.56609e-28
5.42352e-29
1.66266e-29
4.39725e-30
9.61116e-31
1.32203e-31
-1.70413e-32
-2.2442e-32
-1.16604e-32
-4.74297e-33
-1.70918e-33
-5.657e-34
-1.80666e-34
-5.33824e-35
-1.62877e-35
-4.87459e-36
-1.46154e-36
-4.72272e-37
-1.62045e-37
-6.08942e-38
-2.66959e-38
-1.30919e-38
-6.84874e-39
-3.82488e-39
-2.24304e-39
-1.36221e-39
-8.5118e-40
-5.43884e-40
-3.55656e-40
-2.4169e-40
-1.68931e-40
-1.19906e-40
-8.88628e-41
-6.74098e-41
-5.16561e-41
-4.08332e-41
-3.1303e-41
-2.36804e-41
-1.72574e-41
-1.19686e-41
-7.7867e-42
-4.59892e-42
-2.38743e-42
-1.09363e-42
-4.32975e-43
-1.41367e-43
-3.03655e-44
1.78739e-45
6.67086e-45
4.87854e-45
2.70242e-45
1.35316e-45
6.28162e-46
2.62524e-46
8.97893e-47
1.87346e-47
-2.39121e-48
-4.80088e-48
-2.60637e-48
-9.22665e-49
-1.52063e-49
1.40741e-48
3.82662e-48
6.16208e-48
8.21234e-48
8.6096e-48
7.37974e-48
4.54376e-48
2.12688e-48
8.20292e-49
2.79428e-49
9.23775e-50
3.28809e-50
1.29251e-50
5.15619e-51
1.86217e-51
5.96955e-52
2.01658e-52
7.21796e-53
2.65437e-53
9.37915e-54
3.05413e-54
8.88261e-55
2.21333e-55
4.22067e-56
2.90561e-57
-2.51603e-57
-1.83143e-57
-8.78104e-58
-3.62601e-58
-1.34145e-58
-3.98639e-59
-4.70992e-60
5.37318e-60
6.17385e-60
4.35836e-60
2.4908e-60
1.24682e-60
5.79054e-61
1.74658e-61
0.00285886
0.0151461
0.0593149
0.167458
0.33884
0.540734
0.72873
0.865391
0.931379
0.932744
0.911857
0.85088
0.744595
0.612855
0.472834
0.340744
0.228424
0.141625
0.080421
0.0411865
0.0184314
0.00656317
0.000807757
-0.000730423
-0.000783784
-0.000667416
-0.000480404
-0.000284475
-0.000144915
-6.36036e-05
-2.32409e-05
-4.80352e-06
-5.36037e-07
1.62731e-07
2.36507e-07
1.97614e-07
1.39993e-07
8.64895e-08
5.08023e-08
3.0052e-08
1.87433e-08
1.18972e-08
7.36461e-09
4.41131e-09
2.56038e-09
1.45076e-09
8.10669e-10
4.45581e-10
2.42557e-10
1.30535e-10
6.82719e-11
3.53061e-11
1.79869e-11
9.08411e-12
4.51876e-12
2.20056e-12
1.03728e-12
4.66066e-13
1.97952e-13
7.63775e-14
2.44678e-14
4.4672e-15
-1.39652e-15
-2.67606e-15
-2.12075e-15
-1.29996e-15
-7.08317e-16
-3.27781e-16
-9.72491e-17
1.44172e-17
2.97284e-17
2.02041e-17
1.04051e-17
4.67878e-18
1.93009e-18
7.47153e-19
2.75806e-19
9.86917e-20
3.47241e-20
1.57481e-20
1.06013e-20
7.01512e-21
3.92348e-21
1.81098e-21
6.5098e-22
1.27394e-22
-5.45292e-23
-8.8596e-23
-7.08127e-23
-4.46411e-23
-2.48376e-23
-1.24172e-23
-5.63432e-24
-2.3719e-24
-9.02032e-25
-3.13768e-25
-9.50333e-26
-2.36844e-26
-3.61865e-27
6.30138e-28
8.57114e-28
4.9038e-28
2.15844e-28
8.15421e-29
2.79297e-29
8.60755e-30
2.4331e-30
6.13762e-31
1.31127e-31
1.90772e-32
-1.31377e-33
-2.69435e-33
-1.55932e-33
-6.90598e-34
-2.88973e-34
-1.13131e-34
-4.34526e-35
-1.71321e-35
-6.84557e-36
-2.85802e-36
-1.29765e-36
-6.26234e-37
-3.20348e-37
-1.76221e-37
-1.01721e-37
-6.11466e-38
-3.79506e-38
-2.40897e-38
-1.56731e-38
-1.04788e-38
-7.02794e-39
-4.78072e-39
-3.34151e-39
-2.31214e-39
-1.60942e-39
-1.13168e-39
-7.69005e-40
-5.18358e-40
-3.38181e-40
-2.1258e-40
-1.27216e-40
-7.07253e-41
-3.53824e-41
-1.61754e-41
-6.76405e-42
-2.55501e-42
-8.64662e-43
-2.62314e-43
-7.62871e-44
-2.58501e-44
-1.14832e-44
-5.19711e-45
-1.55073e-45
3.63214e-46
9.20135e-46
8.09707e-46
5.00935e-46
2.44194e-46
9.59644e-47
3.09868e-47
6.21173e-48
2.40678e-47
4.72392e-47
5.39789e-47
4.66934e-47
2.77974e-47
5.71021e-48
-9.71702e-48
-1.36501e-47
-1.08845e-47
-6.66705e-48
-3.42137e-48
-1.52642e-48
-6.0048e-49
-2.07366e-49
-6.07376e-50
-1.3331e-50
-7.89603e-52
1.35517e-51
1.10787e-51
6.19231e-52
2.96154e-52
1.29074e-52
5.26113e-53
2.03018e-53
7.45491e-54
2.60512e-54
8.61638e-55
2.65953e-55
7.41255e-56
1.70627e-56
2.18299e-57
-6.61006e-58
-6.60675e-58
-3.18445e-58
-1.12797e-58
-2.90369e-59
-2.81721e-60
3.04465e-60
1.55111e-60
0.0028503
0.0157578
0.0643849
0.183397
0.360393
0.555602
0.729358
0.856753
0.924991
0.932718
0.918637
0.871586
0.787056
0.675805
0.549374
0.42109
0.303258
0.204498
0.128572
0.0748623
0.0398961
0.0190107
0.00765546
0.00217767
-0.000107385
-0.000758118
-0.00066651
-0.00051248
-0.000323681
-0.000179267
-8.77787e-05
-3.74157e-05
-1.32755e-05
-3.28847e-06
2.02436e-07
5.29703e-07
3.7934e-07
2.76627e-07
1.76679e-07
1.08615e-07
6.63389e-08
4.03627e-08
2.41937e-08
1.42752e-08
8.30692e-09
4.7871e-09
2.74634e-09
1.56606e-09
8.90372e-10
5.04219e-10
2.83425e-10
1.58067e-10
8.68822e-11
4.69274e-11
2.46956e-11
1.25704e-11
6.10247e-12
2.76365e-12
1.12346e-12
3.40186e-13
5.4976e-14
-2.39279e-14
-3.59388e-14
-3.22006e-14
-2.25577e-14
-1.49767e-14
-8.96432e-15
-4.96567e-15
-2.56916e-15
-1.27287e-15
-6.18603e-16
-2.82725e-16
-9.99656e-17
-3.07097e-17
-7.25798e-18
-4.35896e-19
9.7056e-19
9.01178e-19
5.86123e-19
3.30428e-19
1.88002e-19
1.11615e-19
6.62426e-20
3.77839e-20
2.03567e-20
1.02412e-20
4.77577e-21
2.05391e-21
7.98403e-22
2.69152e-22
6.9879e-23
6.56517e-24
-7.57011e-24
-7.34116e-24
-4.43859e-24
-2.23163e-24
-9.72816e-25
-3.82409e-25
-1.33897e-25
-4.18471e-26
-1.11343e-26
-2.23533e-27
-1.33994e-28
1.72261e-28
1.2669e-28
6.09912e-29
2.50054e-29
9.21064e-30
3.16087e-30
1.02573e-30
3.17957e-31
9.4516e-32
2.70287e-32
7.36716e-33
1.86569e-33
4.23145e-34
6.90944e-35
-5.40128e-36
-1.31777e-35
-9.64829e-36
-6.01834e-36
-3.501e-36
-2.01801e-36
-1.19608e-36
-7.20889e-37
-4.43981e-37
-2.78322e-37
-1.76685e-37
-1.13967e-37
-7.45949e-38
-4.86605e-38
-3.20274e-38
-2.13766e-38
-1.40019e-38
-9.16172e-39
-5.96445e-39
-3.74354e-39
-2.30599e-39
-1.35989e-39
-7.62124e-40
-3.97419e-40
-1.84449e-40
-6.95041e-41
-1.49806e-41
3.9577e-42
7.63709e-42
5.76508e-42
3.2052e-42
1.355e-42
3.4814e-43
-6.0261e-44
-1.61641e-43
-1.39026e-43
-8.84947e-44
-4.69019e-44
-2.10719e-44
-7.95487e-45
-2.34155e-45
-4.49364e-46
2.71739e-47
-1.64735e-47
1.12414e-47
7.36001e-47
5.53991e-47
-2.73529e-47
-1.2414e-46
-1.91205e-46
-1.93059e-46
-1.47566e-46
-9.34506e-47
-5.1476e-47
-2.5366e-47
-1.13695e-47
-4.67202e-48
-1.75812e-48
-5.97056e-49
-1.75037e-49
-3.80731e-50
-1.2834e-51
5.11923e-51
4.20152e-51
2.45626e-51
1.24216e-51
5.74879e-52
2.49067e-52
1.01979e-52
3.95463e-53
1.44691e-53
4.9373e-54
1.53052e-54
4.03507e-55
7.07289e-56
-8.44218e-57
-1.70424e-56
-1.12746e-56
-5.67523e-57
-2.44186e-57
-9.18087e-58
-2.94091e-58
-4.71387e-59
0.00283362
0.0159838
0.066523
0.193142
0.380155
0.580855
0.751538
0.871092
0.927969
0.930853
0.912819
0.861271
0.779445
0.674254
0.555277
0.433602
0.319914
0.222289
0.14494
0.0882506
0.0497775
0.0256337
0.0116912
0.00436973
0.000974511
-0.000319085
-0.000616548
-0.000545008
-0.00040087
-0.000245856
-0.000135667
-6.77457e-05
-3.0278e-05
-1.16141e-05
-3.43962e-06
-4.722e-07
3.71477e-07
3.73383e-07
2.72033e-07
1.84085e-07
1.17713e-07
7.27333e-08
4.39727e-08
2.62165e-08
1.54891e-08
9.10101e-09
5.33615e-09
3.11908e-09
1.81993e-09
1.05915e-09
6.1335e-10
3.53248e-10
2.01512e-10
1.13688e-10
6.31279e-11
3.43422e-11
1.82002e-11
9.28978e-12
4.52258e-12
2.03234e-12
8.05592e-13
2.45029e-13
1.67048e-14
-6.05312e-14
-6.26572e-14
-4.73037e-14
-3.32366e-14
-2.16721e-14
-1.32437e-14
-7.64937e-15
-4.22644e-15
-2.24818e-15
-1.14843e-15
-5.63774e-16
-2.65979e-16
-1.20545e-16
-5.21901e-17
-2.13458e-17
-8.06758e-18
-2.67048e-18
-6.61869e-19
3.73241e-21
1.64658e-19
1.59995e-19
1.14917e-19
7.15603e-20
4.04653e-20
2.12064e-20
1.03434e-20
4.69456e-21
1.97662e-21
7.62289e-22
2.62488e-22
7.6484e-23
1.56935e-23
-3.23113e-25
-2.62201e-24
-1.86131e-24
-9.46148e-25
-4.07607e-25
-1.54261e-25
-5.23751e-26
-1.58576e-26
-4.16939e-27
-8.72738e-28
-9.14749e-29
3.90043e-29
3.50211e-29
1.83236e-29
8.03018e-30
3.22353e-30
1.23122e-30
4.58216e-31
1.67759e-31
6.14823e-32
2.26664e-32
8.45505e-33
3.21577e-33
1.2513e-33
4.98874e-34
2.04443e-34
8.63013e-35
3.74387e-35
1.66615e-35
7.60852e-36
3.55074e-36
1.69268e-36
8.23872e-37
4.08634e-37
2.07643e-37
1.0975e-37
6.02379e-38
3.48595e-38
2.21229e-38
1.48522e-38
1.06537e-38
7.98254e-39
6.01788e-39
4.54774e-39
3.36413e-39
2.42417e-39
1.68649e-39
1.12632e-39
7.22909e-40
4.35546e-40
2.48781e-40
1.31617e-40
6.42083e-41
2.82458e-41
1.0595e-41
2.90138e-42
2.67487e-44
-7.25457e-43
-7.03851e-43
-4.88866e-43
-2.87632e-43
-1.5121e-43
-7.23535e-44
-3.24798e-44
-1.3835e-44
-6.60951e-45
-3.6236e-45
-2.30128e-45
-1.77056e-45
-1.60235e-45
-1.47602e-45
-1.26847e-45
-9.32446e-46
-5.83621e-46
-3.20138e-46
-1.57379e-46
-7.03916e-47
-2.88978e-47
-1.09021e-47
-3.73949e-48
-1.12437e-48
-2.62642e-49
-1.96737e-50
2.74725e-50
2.42492e-50
1.41669e-50
6.91843e-51
2.98122e-51
1.13611e-51
3.66012e-52
8.21819e-53
-4.66358e-54
-2.13734e-53
-1.7873e-53
-1.12965e-53
-6.23581e-54
-3.14875e-54
-1.48205e-54
-6.5469e-55
-2.70905e-55
-1.03602e-55
-3.53616e-56
-9.74598e-57
-1.38795e-57
1.72639e-57
0.0028136
0.0160089
0.0672055
0.197602
0.390828
0.596741
0.768346
0.883856
0.930892
0.928443
0.907124
0.850345
0.76543
0.659876
0.543028
0.425018
0.315336
0.221084
0.145973
0.0903566
0.0520659
0.0275847
0.0131074
0.00525818
0.00143062
-0.000128224
-0.000493794
-0.000501263
-0.000388219
-0.000257754
-0.000153169
-8.28489e-05
-4.08577e-05
-1.80949e-05
-6.95818e-06
-2.12821e-06
-3.31217e-07
1.92056e-07
2.60884e-07
2.07519e-07
1.46096e-07
9.43065e-08
5.90689e-08
3.63534e-08
2.21205e-08
1.33558e-08
8.02537e-09
4.79849e-09
2.85798e-09
1.69525e-09
9.99959e-10
5.8637e-10
3.40927e-10
1.96353e-10
1.11689e-10
6.25913e-11
3.44672e-11
1.85155e-11
9.66413e-12
4.83758e-12
2.29158e-12
9.94982e-13
3.67727e-13
8.57402e-14
-2.42927e-14
-5.43986e-14
-5.42203e-14
-3.88531e-14
-2.7962e-14
-1.83403e-14
-1.14729e-14
-6.87494e-15
-3.97314e-15
-2.21958e-15
-1.20015e-15
-6.28695e-16
-3.18569e-16
-1.55677e-16
-7.30006e-17
-3.25429e-17
-1.35607e-17
-5.12799e-18
-1.62338e-18
-3.11344e-19
9.64545e-20
1.66506e-19
1.33874e-19
8.59528e-20
4.85417e-20
2.49302e-20
1.18014e-20
5.15988e-21
2.07295e-21
7.57142e-22
2.43593e-22
6.43909e-23
1.04893e-23
-1.86658e-24
-2.81406e-24
-1.7201e-24
-8.11218e-25
-3.3113e-25
-1.21148e-25
-4.03189e-26
-1.2241e-26
-3.33671e-27
-7.78227e-28
-1.29594e-28
3.7439e-30
1.74666e-29
1.13417e-29
5.67149e-30
2.55759e-30
1.09405e-30
4.58461e-31
1.9029e-31
7.91009e-32
3.32127e-32
1.4137e-32
6.123e-33
2.71078e-33
1.22806e-33
5.69769e-34
2.71269e-34
1.32574e-34
6.64898e-35
3.4227e-35
1.80726e-35
9.78547e-36
5.43357e-36
3.0895e-36
1.79655e-36
1.06985e-36
6.49341e-37
4.0047e-37
2.51219e-37
1.58682e-37
1.0063e-37
6.37851e-38
4.00802e-38
2.48721e-38
1.51285e-38
8.97428e-39
5.17071e-39
2.87375e-39
1.53964e-39
7.83719e-40
3.7563e-40
1.66759e-40
6.60241e-41
2.14445e-41
3.74768e-42
-1.93679e-42
-2.89519e-42
-2.34761e-42
-1.5528e-42
-9.16495e-43
-4.98598e-43
-2.57842e-43
-1.28049e-43
-6.60772e-44
-3.59557e-44
-2.12902e-44
-1.3692e-44
-9.36977e-45
-6.37737e-45
-4.0701e-45
-2.25822e-45
-1.0502e-45
-3.91919e-46
-9.83255e-47
3.8e-48
2.5206e-47
2.09597e-47
1.27045e-47
6.55675e-48
3.02514e-48
1.26708e-48
4.77212e-49
1.52987e-49
3.39742e-50
-2.89079e-51
-1.01699e-50
-8.68834e-51
-5.72942e-51
-3.34626e-51
-1.81257e-51
-9.29492e-52
-4.55928e-52
-2.15022e-52
-9.76908e-53
-4.27336e-53
-1.79411e-53
-7.18025e-54
-2.70368e-54
-9.32675e-55
-2.7628e-55
-5.52078e-56
6.01343e-57
2.61553e-56
0.00279179
0.0159372
0.0672136
0.199319
0.395698
0.604846
0.777721
0.89174
0.931853
0.926555
0.902369
0.841653
0.753776
0.64684
0.530374
0.41424
0.307274
0.215838
0.143089
0.0891348
0.0518214
0.0277898
0.0134377
0.00554606
0.00161524
-6.39926e-05
-0.000462652
-0.000463918
-0.00037677
-0.000260474
-0.000160856
-9.05369e-05
-4.67846e-05
-2.20734e-05
-9.34187e-06
-3.39465e-06
-8.83548e-07
-8.93536e-09
1.85499e-07
1.93064e-07
1.5022e-07
1.05174e-07
6.98322e-08
4.49386e-08
2.83166e-08
1.75822e-08
1.08085e-08
6.58688e-09
3.98607e-09
2.3964e-09
1.43017e-09
8.47284e-10
4.97423e-10
2.89206e-10
1.66212e-10
9.42862e-11
5.27035e-11
2.89119e-11
1.5522e-11
8.09648e-12
4.07769e-12
1.95434e-12
8.68493e-13
3.36862e-13
9.21719e-14
-8.53494e-15
-4.18821e-14
-4.48162e-14
-3.70111e-14
-2.72666e-14
-1.87421e-14
-1.22571e-14
-7.69612e-15
-4.66341e-15
-2.73479e-15
-1.55471e-15
-8.56453e-16
-4.56544e-16
-2.34883e-16
-1.16054e-16
-5.46424e-17
-2.42192e-17
-9.88462e-18
-3.54032e-18
-9.70163e-19
-6.35235e-20
1.72275e-19
1.75549e-19
1.22139e-19
7.16692e-20
3.75795e-20
1.79867e-20
7.91196e-21
3.1992e-21
1.17541e-21
3.8435e-22
1.05358e-22
1.98935e-23
-9.00986e-25
-3.43285e-24
-2.27979e-24
-1.12485e-24
-4.76379e-25
-1.81923e-25
-6.40802e-26
-2.09881e-26
-6.40508e-27
-1.80257e-27
-4.5184e-28
-9.04051e-29
-6.86208e-30
6.5891e-30
5.60796e-30
3.20233e-30
1.61e-30
7.62174e-31
3.51311e-31
1.60396e-31
7.31881e-32
3.36093e-32
1.56225e-32
7.36655e-33
3.53151e-33
1.72547e-33
8.59872e-34
4.37289e-34
2.27024e-34
1.20285e-34
6.50369e-35
3.58803e-35
2.01592e-35
1.15186e-35
6.69771e-36
3.94171e-36
2.3443e-36
1.40782e-36
8.47182e-37
5.09894e-37
3.05786e-37
1.81665e-37
1.06617e-37
6.1471e-38
3.46901e-38
1.90982e-38
1.02043e-38
5.27873e-39
2.61909e-39
1.23248e-39
5.41764e-40
2.14827e-40
7.11294e-41
1.38485e-41
-5.15707e-42
-8.91911e-42
-7.61257e-42
-5.27412e-42
-3.27485e-42
-1.88882e-42
-1.04114e-42
-5.5328e-43
-2.96722e-43
-1.60569e-43
-8.93281e-44
-5.04262e-44
-2.79931e-44
-1.41543e-44
-5.59253e-45
-8.28102e-46
1.15378e-45
1.53365e-45
1.24565e-45
8.19818e-46
4.71964e-46
2.45563e-46
1.17345e-46
5.1837e-47
2.11185e-47
7.80968e-48
2.49643e-48
5.79164e-49
-1.02594e-50
-1.32857e-49
-1.17689e-49
-7.79979e-50
-4.54488e-50
-2.45126e-50
-1.25173e-50
-6.12134e-51
-2.88386e-51
-1.31237e-51
-5.77067e-52
-2.44707e-52
-9.9608e-53
-3.85743e-53
-1.39719e-53
-4.56512e-54
-1.22087e-54
-1.61876e-55
9.52385e-56
1.65659e-55
0.00276922
0.0158164
0.0668559
0.199391
0.397079
0.607996
0.781838
0.89527
0.931939
0.925335
0.899799
0.836662
0.746863
0.638918
0.522512
0.407378
0.301986
0.212262
0.141018
0.0881714
0.0515426
0.0278517
0.0136143
0.00572322
0.00174457
5.93712e-06
-0.000462161
-0.00045482
-0.000377553
-0.00026709
-0.000168635
-9.70025e-05
-5.14743e-05
-2.51495e-05
-1.11874e-05
-4.40426e-06
-1.39957e-06
-1.95036e-07
1.45387e-07
1.76626e-07
1.52512e-07
1.14454e-07
8.00031e-08
5.34624e-08
3.46739e-08
2.20313e-08
1.37982e-08
8.5375e-09
5.23019e-09
3.1752e-09
1.90976e-09
1.13825e-09
6.71481e-10
3.91926e-10
2.26042e-10
1.28675e-10
7.22378e-11
3.98947e-11
2.16203e-11
1.1443e-11
5.89186e-12
2.92461e-12
1.37877e-12
5.98936e-13
2.21956e-13
5.14342e-14
-1.72865e-14
-3.8148e-14
-3.85214e-14
-3.1661e-14
-2.35144e-14
-1.63842e-14
-1.08968e-14
-6.97523e-15
-4.31639e-15
-2.58821e-15
-1.50435e-15
-8.47016e-16
-4.61181e-16
-2.41984e-16
-1.21735e-16
-5.82759e-17
-2.62133e-17
-1.08344e-17
-3.92542e-18
-1.08808e-18
-7.79601e-20
1.87231e-19
1.92445e-19
1.33782e-19
7.81735e-20
4.07375e-20
1.9352e-20
8.45325e-21
3.3891e-21
1.23825e-21
4.02492e-22
1.10303e-22
2.09926e-23
-7.61868e-25
-3.50324e-24
-2.37589e-24
-1.19532e-24
-5.19875e-25
-2.0583e-25
-7.59019e-26
-2.64312e-26
-8.74299e-27
-2.74703e-27
-8.14023e-28
-2.22172e-28
-5.2217e-29
-8.01475e-30
1.34805e-30
2.1988e-30
1.50139e-30
8.47348e-31
4.42252e-31
2.22377e-31
1.10007e-31
5.41924e-32
2.67499e-32
1.32951e-32
6.67807e-33
3.39621e-33
1.75121e-33
9.16304e-34
4.86616e-34
2.62338e-34
1.43554e-34
7.95979e-35
4.46596e-35
2.53607e-35
1.45067e-35
8.3478e-36
4.82525e-36
2.78607e-36
1.60386e-36
9.17908e-37
5.20029e-37
2.91028e-37
1.6029e-37
8.66594e-38
4.58977e-38
2.37292e-38
1.1925e-38
5.78242e-39
2.67096e-39
1.15754e-39
4.54512e-40
1.49156e-40
2.83713e-41
-1.17254e-41
-1.97689e-41
-1.70607e-41
-1.20712e-41
-7.70525e-42
-4.59682e-42
-2.62303e-42
-1.44232e-42
-7.79427e-43
-4.09256e-43
-2.07768e-43
-9.70162e-44
-3.58349e-44
-3.0826e-45
1.23737e-44
1.65841e-44
1.45959e-44
1.05406e-44
6.68361e-45
3.8363e-45
2.02636e-45
9.9382e-46
4.54159e-46
1.92937e-46
7.53448e-47
2.62385e-47
7.44492e-48
1.09484e-48
-6.06165e-49
-7.81006e-49
-5.75752e-49
-3.53644e-49
-1.97068e-49
-1.02994e-49
-5.13001e-50
-2.45584e-50
-1.13485e-50
-5.07053e-51
-2.18937e-51
-9.11017e-52
-3.63186e-52
-1.37198e-52
-4.80664e-53
-1.48794e-53
-3.50726e-54
-1.27001e-55
5.61433e-55
6.87878e-55
0.00274634
0.0156717
0.0663081
0.198405
0.396187
0.607645
0.782161
0.895992
0.932181
0.925228
0.899232
0.835454
0.745223
0.637148
0.520946
0.406286
0.301489
0.212321
0.141474
0.0888251
0.052218
0.0284332
0.0140498
0.00601649
0.00191997
9.32282e-05
-0.000446118
-0.000459962
-0.000381741
-0.000275232
-0.000177029
-0.000103857
-5.63503e-05
-2.82977e-05
-1.3061e-05
-5.4357e-06
-1.93002e-06
-4.60222e-07
7.03465e-08
1.71806e-07
1.54652e-07
1.22986e-07
8.98431e-08
6.20809e-08
4.12817e-08
2.67633e-08
1.70322e-08
1.06737e-08
6.60417e-09
4.03956e-09
2.44298e-09
1.46135e-09
8.63941e-10
5.04692e-10
2.91052e-10
1.65548e-10
9.28381e-11
5.12345e-11
2.77689e-11
1.47269e-11
7.61841e-12
3.81725e-12
1.83152e-12
8.22762e-13
3.28548e-13
9.91558e-14
1.29205e-15
-3.32185e-14
-4.02405e-14
-3.4271e-14
-2.6634e-14
-1.92568e-14
-1.32604e-14
-8.77144e-15
-5.60539e-15
-3.47096e-15
-2.08447e-15
-1.2138e-15
-6.84412e-16
-3.7268e-16
-1.95205e-16
-9.77906e-17
-4.6429e-17
-2.05818e-17
-8.28787e-18
-2.84748e-18
-6.74402e-19
5.51499e-20
2.14244e-19
1.8644e-19
1.22064e-19
6.8932e-20
3.50566e-20
1.63407e-20
7.01621e-21
2.77323e-21
9.9795e-22
3.19573e-22
8.54661e-23
1.52135e-23
-1.42682e-24
-3.22516e-24
-2.12176e-24
-1.07338e-24
-4.76597e-25
-1.94612e-25
-7.4863e-26
-2.74853e-26
-9.70543e-27
-3.31067e-27
-1.09059e-27
-3.44992e-28
-1.03219e-28
-2.80794e-29
-6.16134e-30
-4.86658e-31
6.0891e-31
5.82034e-31
3.8138e-31
2.20704e-31
1.20767e-31
6.42567e-32
3.37609e-32
1.76702e-32
9.25987e-33
4.8752e-33
2.5839e-33
1.38017e-33
7.43461e-34
4.03918e-34
2.21068e-34
1.21751e-34
6.74695e-35
3.74864e-35
2.08586e-35
1.16063e-35
6.43394e-36
3.54721e-36
1.94128e-36
1.05144e-36
5.62713e-37
2.96913e-37
1.5416e-37
7.86965e-38
3.94402e-38
1.9327e-38
9.20096e-39
4.20619e-39
1.82303e-39
7.28385e-40
2.53023e-40
6.16207e-41
-5.42395e-42
-2.24256e-41
-2.15927e-41
-1.61371e-41
-1.07275e-41
-6.63841e-42
-3.87536e-42
-2.15261e-42
-1.11345e-42
-5.13322e-43
-1.84399e-43
-1.26541e-44
6.88899e-44
9.67937e-44
9.46096e-44
7.64677e-44
5.38654e-44
3.4203e-44
1.99554e-44
1.08182e-44
5.48422e-45
2.60609e-45
1.15868e-45
4.78043e-46
1.79293e-46
5.79752e-47
1.34535e-47
-4.28092e-49
-3.32705e-48
-2.93398e-48
-1.94785e-48
-1.13754e-48
-6.14654e-49
-3.14304e-49
-1.53878e-49
-7.25819e-50
-3.30851e-50
-1.45854e-50
-6.21038e-51
-2.54454e-51
-9.95903e-52
-3.67268e-52
-1.24119e-52
-3.59239e-53
-6.90805e-54
1.04053e-54
2.21327e-54
2.17729e-54
0.00272297
0.0154986
0.0655524
0.196538
0.393472
0.604621
0.779619
0.894556
0.9326
0.926147
0.900602
0.83801
0.748824
0.64155
0.525817
0.411251
0.306204
0.216513
0.14497
0.0915643
0.0542354
0.0298301
0.0149537
0.00656775
0.00223091
0.00024145
-0.000400866
-0.0004628
-0.000389286
-0.000288074
-0.000188062
-0.000112165
-6.20381e-05
-3.19085e-05
-1.52059e-05
-6.6288e-06
-2.5529e-06
-7.71976e-07
-6.95134e-08
1.38213e-07
1.54863e-07
1.27952e-07
9.95868e-08
7.06205e-08
4.80348e-08
3.16891e-08
2.04434e-08
1.29488e-08
8.07693e-09
4.96896e-09
3.01625e-09
1.80747e-09
1.06871e-09
6.23455e-10
3.5861e-10
2.03249e-10
1.13475e-10
6.23203e-11
3.36156e-11
1.77498e-11
9.14669e-12
4.57001e-12
2.19032e-12
9.85966e-13
3.97495e-13
1.24326e-13
7.17015e-15
-3.49262e-14
-4.39215e-14
-3.86152e-14
-3.04092e-14
-2.2205e-14
-1.54196e-14
-1.03009e-14
-6.65894e-15
-4.17775e-15
-2.54627e-15
-1.5074e-15
-8.65694e-16
-4.8117e-16
-2.57953e-16
-1.32729e-16
-6.50603e-17
-3.00277e-17
-1.27882e-17
-4.82245e-18
-1.4416e-18
-1.81815e-19
1.81953e-19
2.15767e-19
1.5836e-19
9.61926e-20
5.19136e-20
2.55727e-20
1.162e-20
4.88696e-21
1.89353e-21
6.68396e-22
2.08541e-22
5.32824e-23
7.93188e-24
-2.13196e-24
-2.75689e-24
-1.72232e-24
-8.6888e-25
-3.91949e-25
-1.64691e-25
-6.58008e-26
-2.53109e-26
-9.45261e-27
-3.44367e-27
-1.22693e-27
-4.27507e-28
-1.45053e-28
-4.74798e-29
-1.46961e-29
-4.07814e-30
-8.59779e-31
-2.14955e-33
1.56398e-31
1.37229e-31
9.13653e-32
5.48592e-32
3.13238e-32
1.74135e-32
9.54328e-33
5.19168e-33
2.81532e-33
1.52571e-33
8.27445e-34
4.49181e-34
2.44069e-34
1.32802e-34
7.22284e-35
3.92598e-35
2.1316e-35
1.15396e-35
6.22515e-36
3.34452e-36
1.78638e-36
9.48006e-37
4.98842e-37
2.59842e-37
1.33758e-37
6.78286e-38
3.39021e-38
1.66475e-38
7.99334e-39
3.74049e-39
1.69246e-39
7.39063e-40
3.06315e-40
1.19257e-40
4.15184e-41
1.17211e-41
1.28956e-42
-1.58082e-42
-1.82971e-42
-1.16712e-42
-5.26287e-43
2.4824e-44
3.51145e-43
4.93964e-43
5.15877e-43
4.68847e-43
3.84052e-43
2.88109e-43
1.97832e-43
1.24946e-43
7.34208e-44
4.04641e-44
2.10127e-44
1.02973e-44
4.75252e-45
2.05125e-45
8.14608e-46
2.86588e-46
7.998e-47
9.024e-48
-9.76803e-48
-1.10656e-47
-8.03225e-48
-4.94376e-48
-2.77439e-48
-1.46259e-48
-7.35181e-49
-3.55218e-49
-1.65693e-49
-7.47532e-50
-3.26138e-50
-1.37297e-50
-5.54992e-51
-2.13449e-51
-7.67517e-52
-2.48599e-52
-6.55428e-53
-8.19615e-54
5.76359e-54
6.53388e-54
5.49741e-54
0.0026993
0.0153008
0.0646141
0.193872
0.38899
0.598943
0.774155
0.890599
0.932608
0.927795
0.904073
0.84431
0.757618
0.652126
0.53722
0.422457
0.316347
0.225046
0.151692
0.0965425
0.057709
0.0321174
0.0163751
0.00739222
0.00270175
0.000481129
-0.000330827
-0.000454796
-0.000392298
-0.00030713
-0.000204425
-0.000124447
-7.02878e-05
-3.70212e-05
-1.81798e-05
-8.26633e-06
-3.40754e-06
-1.19909e-06
-2.78197e-07
5.79151e-08
1.34478e-07
1.27919e-07
1.03953e-07
7.69449e-08
5.37594e-08
3.61255e-08
2.36271e-08
1.5117e-08
9.49453e-09
5.8642e-09
3.56437e-09
2.13347e-09
1.25743e-09
7.29849e-10
4.17096e-10
2.34611e-10
1.29866e-10
7.06756e-11
3.77598e-11
1.97479e-11
1.00749e-11
4.98049e-12
2.35815e-12
1.0448e-12
4.10525e-13
1.20272e-13
-1.21652e-15
-4.32309e-14
-5.04283e-14
-4.41894e-14
-3.43388e-14
-2.48948e-14
-1.72138e-14
-1.14761e-14
-7.41852e-15
-4.66274e-15
-2.85215e-15
-1.69768e-15
-9.82149e-16
-5.51065e-16
-2.98932e-16
-1.56087e-16
-7.79342e-17
-3.68396e-17
-1.62137e-17
-6.43428e-18
-2.1318e-18
-4.3447e-19
1.17755e-19
2.20689e-19
1.80711e-19
1.16971e-19
6.64064e-20
3.4282e-20
1.63404e-20
7.2352e-21
2.97358e-21
1.12808e-21
3.88415e-22
1.17012e-22
2.75774e-23
2.56072e-24
-2.36318e-24
-2.19148e-24
-1.29995e-24
-6.52342e-25
-2.98563e-25
-1.28724e-25
-5.32165e-26
-2.13392e-26
-8.35927e-27
-3.21565e-27
-1.21879e-27
-4.55693e-28
-1.68127e-28
-6.11014e-29
-2.17362e-29
-7.49891e-30
-2.45779e-30
-7.29441e-31
-1.70149e-31
-8.14632e-33
2.70447e-32
2.64035e-32
1.87051e-32
1.17918e-32
7.01879e-33
4.04732e-33
2.29127e-33
1.28337e-33
7.14498e-34
3.96673e-34
2.20263e-34
1.22355e-34
6.81364e-35
3.80584e-35
2.13069e-35
1.19549e-35
6.71905e-36
3.77221e-36
2.11374e-36
1.17732e-36
6.50639e-37
3.55511e-37
1.91373e-37
1.0152e-37
5.30228e-38
2.72458e-38
1.37707e-38
6.82759e-39
3.33852e-39
1.60529e-39
7.65863e-40
3.6234e-40
1.71861e-40
8.17602e-41
3.93395e-41
1.93218e-41
1.03495e-41
6.0561e-42
4.08517e-42
2.98289e-42
2.24838e-42
1.67907e-42
1.21816e-42
8.42697e-43
5.50417e-43
3.37664e-43
1.94803e-43
1.06351e-43
5.51644e-44
2.72173e-44
1.2743e-44
5.61958e-45
2.29642e-45
8.38585e-46
2.47341e-46
3.44083e-47
-2.64461e-47
-3.33036e-47
-2.53248e-47
-1.61441e-47
-9.34023e-48
-5.06325e-48
-2.61293e-48
-1.29495e-48
-6.1935e-49
-2.86582e-49
-1.28367e-49
-5.55967e-50
-2.32081e-50
-9.27946e-51
-3.51336e-51
-1.23178e-51
-3.80142e-52
-8.8035e-53
-1.57155e-54
1.61258e-53
1.42548e-53
1.0772e-53
0.00267538
0.0150817
0.0634877
0.190272
0.382285
0.589999
0.764941
0.88333
0.932066
0.929879
0.909408
0.854179
0.771464
0.668759
0.555041
0.439789
0.331826
0.237845
0.161556
0.103673
0.062563
0.0352359
0.0182679
0.00847046
0.00326924
0.000773521
-0.000232474
-0.000428739
-0.000393424
-0.00031085
-0.000213972
-0.000133799
-7.75889e-05
-4.2088e-05
-2.14075e-05
-1.01788e-05
-4.47198e-06
-1.76083e-06
-5.6356e-07
-8.18649e-08
8.20267e-08
1.10597e-07
1.00335e-07
7.84658e-08
5.671e-08
3.90092e-08
2.58949e-08
1.67103e-08
1.05288e-08
6.49402e-09
3.92646e-09
2.33004e-09
1.3579e-09
7.77585e-10
4.37694e-10
2.42199e-10
1.31752e-10
7.04153e-11
3.69059e-11
1.89236e-11
9.44777e-12
4.55579e-12
2.08929e-12
8.82092e-13
3.15258e-13
6.5852e-14
-3.16121e-14
-5.9925e-14
-5.94403e-14
-4.90002e-14
-3.68605e-14
-2.61936e-14
-1.78675e-14
-1.1797e-14
-7.57309e-15
-4.73666e-15
-2.88846e-15
-1.71692e-15
-9.93597e-16
-5.58661e-16
-3.04298e-16
-1.59907e-16
-8.05785e-17
-3.85844e-17
-1.72962e-17
-7.05912e-18
-2.46224e-18
-5.89828e-19
5.71663e-20
2.05683e-19
1.84003e-19
1.2516e-19
7.39901e-20
3.97042e-20
1.96988e-20
9.10807e-21
3.93103e-21
1.57946e-21
5.84791e-22
1.95353e-22
5.57049e-23
1.1265e-23
-3.59286e-25
-2.12121e-24
-1.59832e-24
-9.06691e-25
-4.52775e-25
-2.09798e-25
-9.25118e-26
-3.9406e-26
-1.63653e-26
-6.6707e-27
-2.68115e-27
-1.06569e-27
-4.19869e-28
-1.64148e-28
-6.3624e-29
-2.44259e-29
-9.25544e-30
-3.43749e-30
-1.23773e-30
-4.22297e-31
-1.29455e-31
-3.01672e-32
-8.18074e-35
6.6764e-33
6.45215e-33
4.72632e-33
3.11465e-33
1.94784e-33
1.18324e-33
7.06652e-34
4.18238e-34
2.4577e-34
1.43923e-34
8.40218e-35
4.88755e-35
2.8319e-35
1.63373e-35
9.36353e-36
5.33086e-36
3.00731e-36
1.6805e-36
9.28725e-37
5.07079e-37
2.73513e-37
1.45619e-37
7.64913e-38
3.96496e-38
2.02545e-38
1.02312e-38
5.10305e-39
2.52571e-39
1.24013e-39
6.07434e-40
2.96944e-40
1.45544e-40
7.19562e-41
3.71818e-41
2.02007e-41
1.187e-41
7.42004e-42
4.82376e-42
3.13463e-42
1.98664e-42
1.20302e-42
6.87931e-43
3.70904e-43
1.89124e-43
9.16356e-44
4.22504e-44
1.84708e-44
7.5603e-45
2.80435e-45
8.59819e-46
1.36746e-46
-8.49332e-47
-1.19416e-46
-9.66826e-47
-6.5237e-47
-3.98854e-47
-2.283e-47
-1.24327e-47
-6.50009e-48
-3.28019e-48
-1.60285e-48
-7.59679e-49
-3.49383e-49
-1.55799e-49
-6.72132e-50
-2.79335e-50
-1.10999e-50
-4.16034e-51
-1.43154e-51
-4.23774e-52
-8.51811e-53
1.02508e-53
2.62334e-53
2.08352e-53
1.48953e-53
0.00265092
0.014822
0.0620448
0.185234
0.372301
0.576366
0.750778
0.872501
0.929635
0.931909
0.915621
0.866633
0.789335
0.690288
0.577928
0.461753
0.351101
0.253452
0.173301
0.111946
0.0680478
0.0386671
0.0202973
0.00960729
0.00386094
0.00105987
-0.000116581
-0.000401022
-0.000387787
-0.000314041
-0.000220586
-0.000140823
-8.34788e-05
-4.64552e-05
-2.43729e-05
-1.2048e-05
-5.57492e-06
-2.37427e-06
-8.88752e-07
-2.47235e-07
3.37499e-09
8.02603e-08
8.91874e-08
7.53156e-08
5.66134e-08
3.9692e-08
2.65066e-08
1.70458e-08
1.06231e-08
6.44376e-09
3.81408e-09
2.20745e-09
1.25099e-09
6.94798e-10
3.7851e-10
2.0231e-10
1.06063e-10
5.45027e-11
2.7359e-11
1.33756e-11
6.30817e-12
2.82481e-12
1.15829e-12
3.9414e-13
6.69165e-14
-5.60865e-14
-8.85459e-14
-8.447e-14
-6.85409e-14
-5.12052e-14
-3.63151e-14
-2.4813e-14
-1.64555e-14
-1.06358e-14
-6.71452e-15
-4.14322e-15
-2.49874e-15
-1.47177e-15
-8.45444e-16
-4.72583e-16
-2.56306e-16
-1.34317e-16
-6.76062e-17
-3.2391e-17
-1.45535e-17
-5.96411e-18
-2.09232e-18
-5.03944e-19
5.14422e-20
1.82311e-19
1.65484e-19
1.14684e-19
6.93155e-20
3.81539e-20
1.94909e-20
9.31628e-21
4.17779e-21
1.75516e-21
6.86083e-22
2.45914e-22
7.80616e-23
1.99631e-23
2.50547e-24
-1.43133e-24
-1.58171e-24
-1.02833e-24
-5.59381e-25
-2.76962e-25
-1.29264e-25
-5.79431e-26
-2.52285e-26
-1.07509e-26
-4.50799e-27
-1.86649e-27
-7.65121e-28
-3.11001e-28
-1.2535e-28
-5.00763e-29
-1.9785e-29
-7.69519e-30
-2.9245e-30
-1.07062e-30
-3.66571e-31
-1.09319e-31
-2.14901e-32
4.52936e-33
9.49922e-33
8.27786e-33
5.90883e-33
3.86467e-33
2.40991e-33
1.45916e-33
8.66996e-34
5.07628e-34
2.94079e-34
1.68833e-34
9.6118e-35
5.42955e-35
3.04437e-35
1.69392e-35
9.35565e-36
5.12899e-36
2.79177e-36
1.50969e-36
8.11392e-37
4.33838e-37
2.3058e-37
1.21761e-37
6.38908e-38
3.33128e-38
1.7278e-38
8.91346e-39
4.58066e-39
2.34477e-39
1.19776e-39
6.10468e-40
3.10903e-40
1.58541e-40
8.23285e-41
4.36638e-41
2.39174e-41
1.34343e-41
7.61971e-42
4.24448e-42
2.26945e-42
1.13853e-42
5.23858e-43
2.16177e-43
7.6424e-44
1.9923e-44
5.58795e-46
-4.14172e-45
-4.00257e-45
-2.79611e-45
-1.71141e-45
-9.75508e-46
-5.3298e-46
-2.84324e-46
-1.49621e-46
-7.803e-47
-4.03536e-47
-2.06599e-47
-1.04435e-47
-5.19806e-48
-2.54116e-48
-1.21751e-48
-5.70553e-49
-2.60973e-49
-1.16222e-49
-5.02231e-50
-2.09546e-50
-8.37461e-51
-3.16223e-51
-1.09834e-51
-3.29346e-52
-6.79686e-53
7.00981e-54
2.02253e-53
1.63306e-53
1.20604e-53
0.00262512
0.0144814
0.0600479
0.177771
0.357146
0.555351
0.728967
0.854737
0.924026
0.933998
0.921114
0.881299
0.809401
0.713526
0.601474
0.483095
0.368636
0.266634
0.182441
0.117823
0.0715691
0.0406438
0.0213425
0.0101296
0.00411076
0.00117879
-5.64961e-05
-0.000376985
-0.00040128
-0.000324654
-0.000227856
-0.000145934
-8.72845e-05
-4.92948e-05
-2.64137e-05
-1.3428e-05
-6.44558e-06
-2.88611e-06
-1.16981e-06
-3.90659e-07
-6.13327e-08
5.66793e-08
7.79485e-08
6.99078e-08
5.30394e-08
3.67655e-08
2.39441e-08
1.48846e-08
8.90702e-09
5.16193e-09
2.90657e-09
1.594e-09
8.52639e-10
4.44971e-10
2.26567e-10
1.12371e-10
5.41105e-11
2.51868e-11
1.11798e-11
4.63822e-12
1.69102e-12
4.38661e-13
-4.51822e-14
-2.00323e-13
-2.08497e-13
-1.69052e-13
-1.31659e-13
-9.55642e-14
-6.65456e-14
-4.49275e-14
-2.96352e-14
-1.91708e-14
-1.21741e-14
-7.5928e-15
-4.65068e-15
-2.79462e-15
-1.64587e-15
-9.48529e-16
-5.33928e-16
-2.92726e-16
-1.55802e-16
-8.0124e-17
-3.95392e-17
-1.85246e-17
-8.08803e-18
-3.17047e-18
-1.01325e-18
-1.63743e-19
1.08923e-19
1.5328e-19
1.24145e-19
8.29512e-20
4.96288e-20
2.73965e-20
1.41597e-20
6.89059e-21
3.16424e-21
1.3683e-21
5.53957e-22
2.07232e-22
6.96471e-23
1.95703e-23
3.42866e-24
-7.38795e-25
-1.23702e-24
-8.9172e-25
-5.16672e-25
-2.68738e-25
-1.30858e-25
-6.08989e-26
-2.74275e-26
-1.20471e-26
-5.18941e-27
-2.19981e-27
-9.19764e-28
-3.79747e-28
-1.54758e-28
-6.21508e-29
-2.45069e-29
-9.41987e-30
-3.4839e-30
-1.20834e-30
-3.69322e-31
-8.00316e-32
7.31335e-33
2.54359e-32
2.29129e-32
1.6311e-32
1.05038e-32
6.40283e-33
3.77087e-33
2.16906e-33
1.22623e-33
6.83892e-34
3.77052e-34
2.05903e-34
1.11429e-34
5.98253e-35
3.18729e-35
1.68708e-35
8.87239e-36
4.6453e-36
2.42198e-36
1.26095e-36
6.56271e-37
3.42411e-37
1.79397e-37
9.45527e-38
5.01154e-38
2.67633e-38
1.43636e-38
7.75588e-39
4.20106e-39
2.28303e-39
1.24259e-39
6.7724e-40
3.69372e-40
2.0124e-40
1.09344e-40
5.92178e-41
3.1882e-41
1.67654e-41
8.47535e-42
4.02952e-42
1.74247e-42
6.48162e-43
1.75438e-43
2.63224e-45
-4.21632e-44
-4.12811e-44
-2.91703e-44
-1.77949e-44
-9.91294e-45
-5.15763e-45
-2.54392e-45
-1.20206e-45
-5.49973e-46
-2.46159e-46
-1.0891e-46
-4.81173e-47
-2.1412e-47
-9.65174e-48
-4.4146e-48
-2.04444e-48
-9.53888e-49
-4.45595e-49
-2.07079e-49
-9.51815e-50
-4.30441e-50
-1.9058e-50
-8.21823e-51
-3.42943e-51
-1.37215e-51
-5.18431e-52
-1.79582e-52
-5.3096e-53
-1.01689e-53
2.0171e-54
3.79118e-54
4.09904e-54
0.00259698
0.0139769
0.0569071
0.165804
0.333586
0.524942
0.700268
0.834143
0.915921
0.935398
0.926848
0.895284
0.825061
0.72736
0.610887
0.487073
0.36772
0.262365
0.176611
0.1119
0.0664797
0.0367823
0.0187055
0.00850312
0.00321732
0.000760852
-0.000209548
-0.000470023
-0.000432425
-0.000338893
-0.000227735
-0.000141412
-8.27951e-05
-4.62633e-05
-2.47667e-05
-1.26719e-05
-6.14441e-06
-2.77597e-06
-1.11929e-06
-3.57475e-07
-3.48645e-08
6.58157e-08
7.20344e-08
5.82664e-08
4.13609e-08
2.66944e-08
1.60741e-08
9.19691e-09
5.0324e-09
2.65047e-09
1.3472e-09
6.61428e-10
3.13005e-10
1.41847e-10
6.09727e-11
2.30355e-11
7.19354e-12
1.80546e-12
9.28653e-14
-3.85931e-13
-4.55487e-13
-4.12222e-13
-3.45856e-13
-2.72366e-13
-1.92164e-13
-1.30149e-13
-8.72488e-14
-5.73868e-14
-3.70956e-14
-2.36167e-14
-1.4805e-14
-9.15341e-15
-5.57365e-15
-3.34072e-15
-1.96953e-15
-1.13967e-15
-6.46402e-16
-3.58498e-16
-1.93971e-16
-1.01981e-16
-5.18709e-17
-2.5345e-17
-1.17638e-17
-5.08602e-18
-1.96537e-18
-6.05803e-19
-7.51955e-20
9.17376e-20
1.15237e-19
9.26217e-20
6.28701e-20
3.86201e-20
2.20995e-20
1.19127e-20
6.09545e-21
2.96229e-21
1.36811e-21
5.9761e-22
2.45284e-22
9.31014e-23
3.16982e-23
8.9266e-24
1.46128e-24
-4.79008e-25
-6.89711e-25
-4.96291e-25
-2.91627e-25
-1.54436e-25
-7.66319e-26
-3.6303e-26
-1.66157e-26
-7.39584e-27
-3.21777e-27
-1.37201e-27
-5.74115e-28
-2.35775e-28
-9.48452e-29
-3.72073e-29
-1.41181e-29
-5.09857e-30
-1.69338e-30
-4.73292e-31
-7.31371e-32
3.529e-32
4.93713e-32
3.87626e-32
2.56521e-32
1.56262e-32
9.06327e-33
5.08802e-33
2.78924e-33
1.50158e-33
7.95895e-34
4.16722e-34
2.15537e-34
1.10371e-34
5.59501e-35
2.81233e-35
1.40136e-35
6.94075e-36
3.41564e-36
1.67738e-36
8.22241e-37
4.04608e-37
2.00242e-37
1.00303e-37
5.12892e-38
2.70489e-38
1.46745e-38
8.22503e-39
4.70427e-39
2.74894e-39
1.62089e-39
9.64978e-40
5.75932e-40
3.45108e-40
2.07181e-40
1.23789e-40
7.14149e-41
3.98248e-41
2.10989e-41
1.04143e-41
4.72258e-42
1.8973e-42
6.15313e-43
1.11e-43
-4.58753e-44
-6.93256e-44
-5.37274e-44
-3.3791e-44
-1.89656e-44
-9.84824e-45
-4.7974e-45
-2.22856e-45
-9.94146e-46
-4.27513e-46
-1.77579e-46
-7.13608e-47
-2.78225e-47
-1.05963e-47
-3.99126e-48
-1.51684e-48
-5.97269e-49
-2.49922e-49
-1.12356e-49
-5.37029e-50
-2.66317e-50
-1.33601e-50
-6.6529e-51
-3.24944e-51
-1.54554e-51
-7.12472e-52
-3.17018e-52
-1.35461e-52
-5.51444e-53
-2.10843e-53
-7.35683e-54
-2.17122e-54
-4.53258e-55
3.81063e-55
0.00256351
0.0131594
0.0514721
0.148126
0.306597
0.500964
0.689187
0.836069
0.921736
0.937493
0.925834
0.886289
0.801828
0.687403
0.556898
0.425482
0.306029
0.206811
0.130907
0.0772727
0.0422142
0.0210219
0.00923709
0.00324424
0.00046397
-0.000500589
-0.000542647
-0.000466858
-0.000364284
-0.000246792
-0.000153701
-8.99932e-05
-5.02454e-05
-2.70301e-05
-1.40128e-05
-6.93903e-06
-3.20647e-06
-1.31457e-06
-4.26015e-07
-5.02382e-08
6.23519e-08
6.54916e-08
4.84351e-08
3.21787e-08
1.8918e-08
1.02195e-08
5.15162e-09
2.4512e-09
1.06046e-09
4.44025e-10
1.88432e-10
8.08527e-11
3.43913e-11
1.41432e-11
5.43604e-12
1.828e-12
3.98068e-13
-1.14069e-13
-2.67195e-13
-2.7426e-13
-2.33216e-13
-1.77528e-13
-1.24192e-13
-8.4003e-14
-5.48227e-14
-3.49955e-14
-2.19483e-14
-1.34878e-14
-8.23035e-15
-5.00427e-15
-3.01859e-15
-1.80905e-15
-1.07759e-15
-6.32477e-16
-3.40336e-16
-1.7934e-16
-9.26221e-17
-4.64959e-17
-2.24919e-17
-1.0337e-17
-4.41523e-18
-1.67154e-18
-4.86504e-19
-2.9918e-20
1.09091e-19
1.23755e-19
9.9083e-20
6.87169e-20
4.3923e-20
2.64639e-20
1.52439e-20
8.42613e-21
4.49467e-21
2.30717e-21
1.14201e-21
5.41881e-22
2.45987e-22
1.05778e-22
4.26445e-23
1.57103e-23
5.02741e-24
1.18615e-24
1.24247e-26
-2.28038e-25
-2.00364e-25
-1.28057e-25
-7.13908e-26
-3.6673e-26
-1.78279e-26
-8.30483e-27
-3.74196e-27
-1.63701e-27
-6.97839e-28
-2.90004e-28
-1.17369e-28
-4.61068e-29
-1.74526e-29
-6.2719e-30
-2.07612e-30
-5.85475e-31
-1.01108e-31
2.96409e-32
4.8075e-32
3.76471e-32
2.42986e-32
1.42984e-32
7.96195e-33
4.26971e-33
2.22585e-33
1.13434e-33
5.66791e-34
2.78416e-34
1.34339e-34
6.39053e-35
2.98716e-35
1.37638e-35
6.2396e-36
2.79075e-36
1.22906e-36
5.36887e-37
2.3219e-37
1.00986e-37
4.42553e-38
2.00274e-38
9.42307e-39
4.69095e-39
2.42589e-39
1.31889e-39
7.54029e-40
4.61527e-40
2.98888e-40
2.04843e-40
1.43597e-40
1.02574e-40
7.30361e-41
5.21351e-41
3.7169e-41
2.60023e-41
1.61119e-41
8.98524e-42
4.42023e-42
1.87714e-42
6.52792e-43
1.43247e-43
-2.57451e-44
-5.51311e-44
-4.24935e-44
-2.5141e-44
-1.2983e-44
-6.14481e-45
-2.73066e-45
-1.15723e-45
-4.88068e-46
-2.07424e-46
-8.76123e-47
-3.58876e-47
-1.39102e-47
-4.96814e-48
-1.57654e-48
-4.12756e-49
-6.86208e-50
8.57809e-51
1.41646e-50
7.56179e-51
2.56674e-51
3.144e-52
-3.61458e-52
-4.06588e-52
-2.85346e-52
-1.65788e-52
-8.59104e-53
-4.0902e-53
-1.81132e-53
-7.47453e-54
-2.84869e-54
-9.75517e-55
-2.77449e-55
-4.54888e-56
1.38448e-56
3.50422e-56
0.00251635
0.0123006
0.0465285
0.143946
0.325534
0.555783
0.753507
0.887648
0.925972
0.906967
0.85274
0.76092
0.633619
0.484385
0.344306
0.227944
0.139678
0.078384
0.0395839
0.0155203
0.00461536
0.00122995
0.000119905
-0.000282927
-0.000394103
-0.000374524
-0.000303743
-0.000196083
-0.00011296
-5.92636e-05
-2.90065e-05
-1.48728e-05
-7.97926e-06
-4.36607e-06
-2.33901e-06
-1.18731e-06
-5.41224e-07
-2.05275e-07
-6.08761e-08
-8.94335e-09
8.86111e-09
1.13964e-08
7.62701e-09
4.17809e-09
2.10751e-09
1.02063e-09
4.79457e-10
2.19535e-10
9.79748e-11
4.23316e-11
1.7554e-11
6.94837e-12
2.59583e-12
8.83997e-13
2.42279e-13
1.88595e-14
-4.57438e-14
-5.28513e-14
-4.25308e-14
-3.02484e-14
-2.05485e-14
-1.32881e-14
-8.2274e-15
-4.94688e-15
-2.88852e-15
-1.65005e-15
-9.13696e-16
-5.15177e-16
-2.96744e-16
-1.70707e-16
-9.22328e-17
-2.83481e-17
-2.49493e-18
7.38984e-18
8.26075e-18
6.57243e-18
4.62302e-18
3.02243e-18
1.8903e-18
1.13615e-18
6.64539e-19
3.78976e-19
2.11686e-19
1.16227e-19
6.27794e-20
3.33859e-20
1.75147e-20
9.00192e-21
4.54985e-21
2.242e-21
1.07768e-21
5.01371e-22
2.25163e-22
9.6852e-23
3.93716e-23
1.48907e-23
4.95185e-24
1.28199e-24
6.98375e-26
-2.1205e-25
-2.1292e-25
-1.46353e-25
-8.72526e-26
-4.71122e-26
-2.382e-26
-1.13363e-26
-5.14064e-27
-2.22848e-27
-9.3265e-28
-3.76257e-28
-1.47632e-28
-5.59257e-29
-2.0328e-29
-6.93721e-30
-2.13063e-30
-5.24019e-31
-4.85972e-32
5.76033e-32
5.88896e-32
3.98804e-32
2.3258e-32
1.24882e-32
6.34974e-33
3.09688e-33
1.45784e-33
6.63573e-34
2.91826e-34
1.23423e-34
4.97081e-35
1.87531e-35
6.36902e-36
1.78534e-36
2.32744e-37
-1.5622e-37
-1.96354e-37
-1.41629e-37
-8.61668e-38
-4.69758e-38
-2.40799e-38
-1.15151e-38
-5.27277e-39
-2.24967e-39
-9.04923e-40
-3.22703e-40
-9.0531e-41
-6.61088e-41
-9.54887e-41
-1.25757e-40
-1.17816e-40
-9.93487e-41
-7.24433e-41
-5.05308e-41
-3.27242e-41
-2.06475e-41
-1.2446e-41
-7.29548e-42
-4.03454e-42
-1.97309e-42
-8.72756e-43
-3.80299e-43
-1.93102e-43
-1.09582e-43
-6.31572e-44
-3.40579e-44
-1.62941e-44
-6.65043e-45
-2.28229e-45
-6.63893e-46
-1.73326e-46
-4.74597e-47
-1.92409e-47
-5.60741e-48
2.1824e-48
3.97476e-48
3.06703e-48
1.81356e-48
9.39827e-49
4.50953e-49
2.06363e-49
9.13992e-50
3.93942e-50
1.65543e-50
6.79948e-51
2.74493e-51
1.09914e-51
4.41734e-52
1.80359e-52
7.55172e-53
3.25501e-53
1.44104e-53
6.50933e-54
2.97534e-54
1.36557e-54
6.25388e-55
2.84436e-55
1.27997e-55
5.6785e-56
2.46892e-56
1.05401e-56
3.15511e-57
0.00251281
0.0145335
0.0702003
0.246792
0.513832
0.760767
0.854985
0.822891
0.74841
0.62253
0.460775
0.303651
0.170195
0.0699751
0.0280531
0.0121867
0.00523781
0.00206593
0.000631746
3.77885e-05
-0.000149568
-0.000163475
-0.000121948
-6.74969e-05
-3.69941e-05
-2.38854e-05
-1.42241e-05
-7.77888e-06
-3.8423e-06
-1.73632e-06
-7.61713e-07
-3.18415e-07
-1.2297e-07
-3.98585e-08
-6.73847e-09
4.94621e-09
7.50563e-09
6.51446e-09
5.03968e-09
3.50031e-09
1.81371e-09
7.55571e-10
3.84225e-10
1.86467e-10
8.49689e-11
3.66625e-11
1.51558e-11
6.08502e-12
2.38833e-12
9.23105e-13
3.52339e-13
1.32359e-13
4.79536e-14
1.6059e-14
4.86127e-15
1.0093e-15
-4.84965e-17
-1.75126e-16
-5.67851e-17
-3.67548e-17
-2.58595e-17
-1.71654e-17
-9.47651e-18
-4.77334e-18
3.25404e-18
1.49822e-17
1.89974e-17
2.26611e-17
2.53715e-17
2.56505e-17
2.21382e-17
1.41646e-17
8.24326e-18
4.57544e-18
2.4523e-18
1.26012e-18
6.33557e-19
3.05852e-19
1.45526e-19
6.68937e-20
3.05307e-20
1.38262e-20
6.28015e-21
2.868e-21
1.29493e-21
5.64884e-22
2.25273e-22
7.08921e-23
4.10955e-24
-1.75489e-23
-2.19572e-23
-1.78759e-23
-1.30551e-23
-8.27605e-24
-5.02648e-24
-2.77837e-24
-1.4809e-24
-7.28263e-25
-3.44831e-25
-1.50432e-25
-6.26475e-26
-2.39039e-26
-8.49647e-27
-2.69123e-27
-7.31618e-28
-1.49993e-28
-7.43205e-30
8.7428e-30
5.19613e-30
1.18235e-30
2.99202e-31
1.61008e-31
9.12029e-32
4.69113e-32
2.20661e-32
9.86207e-33
4.22984e-33
1.73524e-33
6.69758e-34
2.35535e-34
6.85789e-35
1.1727e-35
-4.39661e-36
-6.6055e-36
-5.07359e-36
-3.20892e-36
-1.82435e-36
-9.6808e-37
-4.87751e-37
-2.33838e-37
-1.07515e-37
-4.69463e-38
-1.96583e-38
-7.75416e-39
-2.84667e-39
-9.68215e-40
-2.84824e-40
-7.09922e-41
-8.03081e-42
1.65495e-42
2.45555e-42
5.51687e-43
-3.57542e-44
-3.47339e-43
7.85453e-44
-4.71497e-42
-6.28017e-42
-7.87793e-42
-7.23914e-42
-6.82246e-42
-5.45081e-42
-4.51082e-42
-3.3922e-42
-2.62525e-42
-1.93958e-42
-1.47633e-42
-1.12292e-42
-7.89621e-43
-3.44058e-43
-1.11177e-43
-2.55595e-44
-2.40299e-45
1.25491e-45
9.01165e-46
3.93835e-46
1.40216e-46
4.22983e-47
1.03388e-47
1.87786e-48
3.3353e-50
1.89981e-48
2.80766e-48
2.01081e-48
1.10531e-48
5.32484e-49
2.36068e-49
9.78768e-50
3.8109e-50
1.40639e-50
5.00446e-51
1.75779e-51
6.27346e-52
2.34172e-52
9.29664e-53
3.90983e-53
1.70881e-53
7.59455e-54
3.37939e-54
1.49389e-54
6.5426e-55
2.83794e-55
1.21975e-55
5.19651e-56
2.19422e-56
9.17688e-57
3.79625e-57
1.54621e-57
6.08494e-58
2.30693e-58
4.2871e-59
0.00280097
0.0276226
0.184766
0.595657
0.870267
0.819689
0.52521
0.157055
0.0309967
0.00994544
0.00287759
0.000634863
5.71612e-05
-4.16985e-05
-3.50239e-05
-1.91581e-05
-9.95974e-06
-5.59502e-06
-3.56786e-06
-2.46324e-06
-1.56633e-06
-8.87045e-07
-3.70368e-07
-3.76937e-08
-4.33179e-09
-1.38934e-09
3.58163e-10
1.30629e-09
1.85311e-09
2.01122e-09
1.74924e-09
1.40538e-09
1.1113e-09
9.25539e-10
7.43748e-10
6.4463e-10
4.11686e-10
1.19332e-10
3.23117e-11
8.9046e-12
2.47258e-12
6.89397e-13
1.93581e-13
5.49801e-14
1.65889e-14
5.49821e-15
1.9712e-15
7.38661e-16
2.80268e-16
1.04486e-16
3.76553e-17
1.21319e-17
3.46377e-18
1.61555e-18
2.74996e-18
4.41653e-18
1.58892e-18
1.93509e-20
3.46791e-19
1.38035e-18
3.06979e-18
4.52809e-18
4.45323e-18
5.92806e-18
4.81748e-18
3.32764e-18
1.91421e-18
1.27209e-18
7.25075e-19
4.3161e-19
2.01361e-19
9.40006e-20
3.755e-20
1.40327e-20
5.06521e-21
1.60751e-21
4.87105e-22
9.39442e-23
-2.01766e-24
-2.37349e-23
-1.96241e-23
-1.29434e-23
-7.82716e-24
-4.75013e-24
-2.97484e-24
-1.89647e-24
-1.29476e-24
-8.22208e-25
-6.76962e-25
-4.29959e-25
-3.59913e-25
-2.19509e-25
-1.78126e-25
-1.07581e-25
-7.53328e-26
-3.91897e-26
-2.15062e-26
-9.61903e-27
-4.35645e-27
-1.58629e-27
-5.3965e-28
-1.24827e-28
-3.26832e-30
1.91831e-29
1.71349e-29
9.17249e-30
4.71477e-30
1.84028e-30
7.65963e-31
2.34575e-31
8.3186e-32
2.04796e-32
6.10437e-33
1.1753e-33
2.38859e-34
2.34829e-35
-1.3259e-36
-8.63913e-37
-4.33935e-37
-2.11374e-37
-1.02934e-37
-4.23375e-38
-1.543e-38
-4.3414e-39
-3.63177e-40
7.13251e-40
7.31693e-40
5.2538e-40
3.22586e-40
1.70772e-40
9.04916e-41
3.8713e-41
1.9722e-41
6.70797e-42
3.05938e-42
9.00241e-43
3.26018e-43
6.76232e-44
1.67784e-44
-1.21001e-45
-1.8139e-45
-1.24304e-45
-1.06367e-45
4.7725e-44
1.70935e-44
9.20492e-45
8.98389e-45
2.88335e-44
3.20754e-44
3.93326e-44
2.60823e-44
1.78882e-44
6.416e-45
-1.68624e-45
-7.0681e-45
-1.19954e-44
-1.60046e-44
-1.55918e-44
-2.97943e-45
3.02734e-46
3.13264e-46
7.07824e-47
3.5152e-48
-1.94384e-48
-8.9916e-49
-2.90646e-49
-7.80516e-50
-1.46471e-50
-3.91541e-51
2.82563e-50
3.91928e-50
2.89151e-50
1.67905e-50
7.93479e-51
3.27826e-51
1.24295e-51
4.35813e-52
1.39116e-52
3.97328e-53
1.00015e-53
2.21915e-54
4.67487e-55
1.2238e-55
4.88764e-56
2.27114e-56
9.34032e-57
3.28313e-57
7.56127e-58
-9.05126e-59
-2.48315e-58
-2.06742e-58
-1.37306e-58
-8.35566e-59
-4.91363e-59
-2.88343e-59
-1.73627e-59
-1.05575e-59
-6.34984e-60
-4.498e-60
-2.67391e-60
)
;

boundaryField
{
    inlet
    {
        type            uniformFixedValue;
        uniformValue    table;
        uniformValueCoeffs
        {
            values          
4
(
(0 1)
(0.15 1)
(0.151 0)
(1 0)
)
;
        }
        value           uniform 0;
    }
    outlet
    {
        type            inletOutlet;
        inletValue      uniform 0;
        value           nonuniform List<scalar> 
20
(
-4.7943e-67
-1.24337e-64
1.74658e-61
1.55111e-60
-4.71387e-59
1.72639e-57
2.61553e-56
1.65659e-55
6.87878e-55
2.17729e-54
5.49741e-54
1.0772e-53
1.48953e-53
1.20604e-53
4.09904e-54
3.81063e-55
3.50422e-56
3.15511e-57
4.2871e-59
-2.67391e-60
)
;
    }
    walls
    {
        type            zeroGradient;
    }
    frontAndBack
    {
        type            empty;
    }
}


// ************************************************************************* //
