/*--------------------------------*- C++ -*----------------------------------*\
| =========                 |                                                 |
| \\      /  F ield         | OpenFOAM: The Open Source CFD Toolbox           |
|  \\    /   O peration     | Version:  2506                                  |
|   \\  /    A nd           | Website:  www.openfoam.com                      |
|    \\/     M anipulation  |                                                 |
\*---------------------------------------------------------------------------*/
FoamFile
{
    version     2.0;
    format      ascii;
    arch        "LSB;label=32;scalar=64";
    class       volScalarField;
    location    "1.7";
    object      p;
}
// * * * * * * * * * * * * * * * * * * * * * * * * * * * * * * * * * * * * * //

dimensions      [0 2 -2 0 0 0 0];

internalField   nonuniform List<scalar> 
4000
(
-7.00193e-05
-8.83957e-06
9.88973e-06
1.33508e-05
1.57366e-05
1.74652e-05
1.84028e-05
1.91121e-05
1.98541e-05
2.0707e-05
2.17018e-05
2.28645e-05
2.42139e-05
2.57639e-05
2.75276e-05
2.95185e-05
3.17503e-05
3.42372e-05
3.69932e-05
4.00322e-05
4.33683e-05
4.70147e-05
5.09854e-05
5.52919e-05
5.99434e-05
6.49457e-05
7.03015e-05
7.60081e-05
8.2058e-05
8.84786e-05
9.52141e-05
0.000101471
0.000107699
0.000113833
0.000119115
0.000123075
0.000126168
0.000126352
0.000126698
0.000129101
0.000130823
0.000132079
0.000132955
0.000133169
0.000132496
0.000130708
0.000127791
0.000123432
0.000117716
0.000110649
0.000102403
9.36248e-05
8.35085e-05
7.3716e-05
6.33654e-05
5.35171e-05
4.24274e-05
3.05775e-05
1.62413e-05
-1.32153e-06
-2.20022e-05
-4.53662e-05
-6.63307e-05
-8.30445e-05
-9.65508e-05
-0.000106423
-0.000114171
-0.000119805
-0.000123947
-0.000126823
-0.000128635
-0.000129436
-0.000129227
-0.000128034
-0.000125901
-0.000122844
-0.000118843
-0.000113844
-0.000107847
-0.000100828
-9.27396e-05
-8.34573e-05
-7.30206e-05
-6.13248e-05
-4.84416e-05
-3.43511e-05
-1.93924e-05
-3.98777e-06
1.13483e-05
2.59018e-05
3.89143e-05
5.02764e-05
6.05143e-05
6.98008e-05
7.8265e-05
8.641e-05
9.42853e-05
0.000101619
0.000107797
0.000112273
0.000114836
0.000115357
0.000113887
0.000110616
0.000106059
0.000100837
9.51047e-05
8.9202e-05
8.31184e-05
7.66749e-05
6.99561e-05
6.36157e-05
5.63143e-05
4.93356e-05
4.08966e-05
3.10857e-05
1.85074e-05
2.51755e-06
-1.68045e-05
-3.89731e-05
-5.99154e-05
-7.7816e-05
-9.26821e-05
-0.000104075
-0.000112986
-0.000119709
-0.00012493
-0.000128824
-0.000131571
-0.000133297
-0.000134035
-0.000133793
-0.000132587
-0.000130425
-0.000127314
-0.000123238
-0.000118168
-0.000112071
-0.000104842
-9.64964e-05
-8.70061e-05
-7.62105e-05
-6.42139e-05
-5.09357e-05
-3.66189e-05
-2.15996e-05
-6.38459e-06
8.38433e-06
2.18946e-05
3.37029e-05
4.40114e-05
5.33032e-05
6.16953e-05
6.94566e-05
7.69233e-05
8.39127e-05
8.98887e-05
9.42062e-05
9.63415e-05
9.61876e-05
9.37095e-05
8.87017e-05
8.09323e-05
7.56455e-05
7.04231e-05
6.47517e-05
5.95582e-05
5.45231e-05
4.94959e-05
4.42478e-05
3.88453e-05
3.37629e-05
2.97644e-05
2.65241e-05
2.3773e-05
2.14394e-05
1.94594e-05
1.77429e-05
1.6212e-05
1.4823e-05
1.35587e-05
1.24166e-05
1.14091e-05
1.05571e-05
9.88892e-06
9.4363e-06
9.23638e-06
9.33523e-06
9.80699e-06
1.07015e-05
1.21148e-05
1.41735e-05
1.70619e-05
2.10852e-05
2.68035e-05
3.5325e-05
4.90084e-05
7.25905e-05
0.000118107
0.000210772
-2.73284e-05
-2.81617e-06
7.03679e-06
1.08579e-05
1.32862e-05
1.50258e-05
1.62754e-05
1.73338e-05
1.83691e-05
1.94514e-05
2.06224e-05
2.19166e-05
2.33614e-05
2.49783e-05
2.67862e-05
2.88027e-05
3.10442e-05
3.35265e-05
3.6265e-05
3.92745e-05
4.25696e-05
4.61639e-05
5.00706e-05
5.43011e-05
5.88648e-05
6.37686e-05
6.90154e-05
7.46029e-05
8.05219e-05
8.67933e-05
9.33857e-05
9.94578e-05
0.000105393
0.000111132
0.000116199
0.000120213
0.000123241
0.000124233
0.000125018
0.000126398
0.000127138
0.000127386
0.000127166
0.000126239
0.000124433
0.000121599
0.000117711
0.000112692
0.000106446
9.90709e-05
9.07917e-05
8.2032e-05
7.25835e-05
6.32667e-05
5.36649e-05
4.41842e-05
3.39121e-05
2.32487e-05
1.09496e-05
-3.26575e-06
-1.9132e-05
-3.55881e-05
-5.25492e-05
-6.83408e-05
-8.18958e-05
-9.23965e-05
-0.000100845
-0.00010737
-0.000112394
-0.000116006
-0.00011848
-0.000119932
-0.000120351
-0.000119753
-0.000118192
-0.000115708
-0.000112288
-0.000107875
-0.00010246
-9.60299e-05
-8.85494e-05
-7.98942e-05
-7.00879e-05
-5.90471e-05
-4.68315e-05
-3.34487e-05
-1.91835e-05
-4.50051e-06
9.91259e-06
2.35059e-05
3.58792e-05
4.68883e-05
5.6839e-05
6.59835e-05
7.44689e-05
8.25234e-05
8.99888e-05
9.63403e-05
0.000101279
0.000104508
0.000105792
0.000105214
0.000102982
9.95072e-05
9.51371e-05
9.02389e-05
8.49307e-05
7.93722e-05
7.36564e-05
6.76462e-05
6.14052e-05
5.52376e-05
4.82953e-05
4.12473e-05
3.289e-05
2.33726e-05
1.21501e-05
-1.19602e-06
-1.67022e-05
-3.30508e-05
-4.97606e-05
-6.59084e-05
-7.97476e-05
-9.08157e-05
-9.9977e-05
-0.000107199
-0.000112989
-0.0001174
-0.000120609
-0.000122776
-0.000123956
-0.000124144
-0.000123354
-0.000121606
-0.000118909
-0.000115251
-0.000110606
-0.000104953
-9.81876e-05
-9.03093e-05
-8.13233e-05
-7.10925e-05
-5.96905e-05
-4.70797e-05
-3.34649e-05
-1.91915e-05
-4.91516e-06
8.75006e-06
2.13001e-05
3.24121e-05
4.22614e-05
5.11513e-05
5.93673e-05
6.69714e-05
7.40517e-05
8.01187e-05
8.45659e-05
8.71445e-05
8.75103e-05
8.56853e-05
8.18931e-05
7.6514e-05
6.9685e-05
6.5507e-05
6.0831e-05
5.60734e-05
5.1937e-05
4.78366e-05
4.37263e-05
3.96871e-05
3.56471e-05
3.15354e-05
2.81662e-05
2.53803e-05
2.29669e-05
2.08713e-05
1.90475e-05
1.74256e-05
1.59503e-05
1.45971e-05
1.3362e-05
1.22472e-05
1.12706e-05
1.04541e-05
9.82448e-06
9.4149e-06
9.26483e-06
9.42232e-06
9.93395e-06
1.08816e-05
1.23512e-05
1.44569e-05
1.73645e-05
2.13417e-05
2.68703e-05
3.48775e-05
4.71062e-05
6.63308e-05
9.55439e-05
0.000137923
-6.10343e-06
1.42586e-06
6.25565e-06
9.29356e-06
1.14623e-05
1.31878e-05
1.46183e-05
1.58899e-05
1.71035e-05
1.83267e-05
1.96073e-05
2.09835e-05
2.24863e-05
2.41414e-05
2.59707e-05
2.79938e-05
3.02287e-05
3.26925e-05
3.54012e-05
3.83702e-05
4.16142e-05
4.51476e-05
4.89823e-05
5.31301e-05
5.76004e-05
6.24006e-05
6.75336e-05
7.2997e-05
7.878e-05
8.48941e-05
9.13242e-05
9.74111e-05
0.000103352
0.000109017
0.000114008
0.000117961
0.000120883
0.000122208
0.000122969
0.000123558
0.000123498
0.000122889
0.000121741
0.000119884
0.000117204
0.000113677
0.000109196
0.000103732
9.72382e-05
8.98199e-05
8.18442e-05
7.34941e-05
6.47444e-05
5.59399e-05
4.68642e-05
3.76233e-05
2.77679e-05
1.7549e-05
6.50345e-06
-5.41735e-06
-1.82965e-05
-3.11502e-05
-4.47851e-05
-5.76995e-05
-6.97272e-05
-8.0337e-05
-8.91644e-05
-9.6197e-05
-0.00010174
-0.000105865
-0.000108813
-0.000110802
-0.000111805
-0.000111767
-0.000110725
-0.000108768
-0.000105889
-0.000102026
-9.71645e-05
-9.12923e-05
-8.43847e-05
-7.63321e-05
-6.71363e-05
-5.67444e-05
-4.51943e-05
-3.25466e-05
-1.90477e-05
-5.1551e-06
8.57304e-06
2.15879e-05
3.35917e-05
4.44486e-05
5.43186e-05
6.33307e-05
7.15706e-05
7.90711e-05
8.56674e-05
9.09897e-05
9.48108e-05
9.6976e-05
9.74792e-05
9.6458e-05
9.41626e-05
9.08504e-05
8.68753e-05
8.24067e-05
7.75568e-05
7.24481e-05
6.71292e-05
6.15465e-05
5.57086e-05
4.97318e-05
4.30263e-05
3.58805e-05
2.7467e-05
1.81051e-05
7.62553e-06
-4.1006e-06
-1.70179e-05
-3.01974e-05
-4.39976e-05
-5.73037e-05
-6.93266e-05
-7.99607e-05
-8.90643e-05
-9.63399e-05
-0.000102271
-0.000106992
-0.000110495
-0.000112937
-0.00011448
-0.000115061
-0.000114646
-0.000113271
-0.000110963
-0.000107707
-0.000103474
-9.825e-05
-9.19398e-05
-8.45294e-05
-7.60342e-05
-6.63701e-05
-5.5563e-05
-4.36575e-05
-3.08351e-05
-1.74677e-05
-4.07802e-06
8.78897e-06
2.07095e-05
3.14579e-05
4.10999e-05
4.97955e-05
5.76823e-05
6.4751e-05
7.08244e-05
7.55847e-05
7.85499e-05
7.96858e-05
7.89159e-05
7.63806e-05
7.25179e-05
6.77278e-05
6.21572e-05
5.87522e-05
5.46072e-05
5.05034e-05
4.69308e-05
4.337e-05
3.97367e-05
3.6337e-05
3.30271e-05
2.9626e-05
2.67585e-05
2.43376e-05
2.22021e-05
2.03049e-05
1.86098e-05
1.70679e-05
1.56425e-05
1.43218e-05
1.31137e-05
1.20238e-05
1.10721e-05
1.02815e-05
9.6785e-06
9.29506e-06
9.17026e-06
9.35079e-06
9.89087e-06
1.08613e-05
1.23409e-05
1.44269e-05
1.72476e-05
2.09919e-05
2.59774e-05
3.27931e-05
4.24707e-05
5.61278e-05
7.26267e-05
9.11895e-05
2.2676e-06
4.80592e-06
7.13909e-06
9.27005e-06
1.09746e-05
1.24394e-05
1.37753e-05
1.50313e-05
1.62552e-05
1.74958e-05
1.87928e-05
2.01793e-05
2.16837e-05
2.33308e-05
2.51422e-05
2.71375e-05
2.93347e-05
3.17507e-05
3.44016e-05
3.73026e-05
4.04684e-05
4.39126e-05
4.76476e-05
5.16848e-05
5.60333e-05
6.06999e-05
6.56872e-05
7.09918e-05
7.66024e-05
8.25229e-05
8.87372e-05
9.47469e-05
0.000100555
0.000105979
0.000110719
0.000114464
0.000117206
0.000118544
0.000119069
0.000119084
0.000118456
0.000117242
0.000115433
0.000112939
0.000109714
0.000105713
0.000100882
9.51622e-05
8.86773e-05
8.15606e-05
7.40344e-05
6.62261e-05
5.81641e-05
4.99977e-05
4.16058e-05
3.30017e-05
2.39449e-05
1.4528e-05
4.53087e-06
-6.08984e-06
-1.74545e-05
-2.87196e-05
-4.04523e-05
-5.13855e-05
-6.19987e-05
-7.14389e-05
-7.96381e-05
-8.68318e-05
-9.28775e-05
-9.74904e-05
-0.0001007
-0.000102968
-0.000104386
-0.0001048
-0.000104168
-0.00010264
-0.000100205
-9.67976e-05
-9.23991e-05
-8.69995e-05
-8.05796e-05
-7.30388e-05
-6.43691e-05
-5.45337e-05
-4.35815e-05
-3.16219e-05
-1.88258e-05
-5.60486e-06
7.49735e-06
1.99939e-05
3.15998e-05
4.21569e-05
5.17403e-05
6.04265e-05
6.82106e-05
7.50769e-05
8.08708e-05
8.52525e-05
8.8166e-05
8.96306e-05
8.96511e-05
8.83798e-05
8.60968e-05
8.30107e-05
7.9345e-05
7.52256e-05
7.07403e-05
6.59973e-05
6.10329e-05
5.58259e-05
5.03414e-05
4.46169e-05
3.81877e-05
3.12759e-05
2.3329e-05
1.46166e-05
5.03817e-06
-5.45728e-06
-1.68494e-05
-2.84843e-05
-4.05454e-05
-5.20817e-05
-6.27628e-05
-7.221e-05
-8.0583e-05
-8.77265e-05
-9.37692e-05
-9.86777e-05
-0.000102257
-0.000104819
-0.000106594
-0.000107454
-0.0001073
-0.000106208
-0.000104214
-0.000101287
-9.73948e-05
-9.25152e-05
-8.65764e-05
-7.95627e-05
-7.14895e-05
-6.22897e-05
-5.20116e-05
-4.07427e-05
-2.85874e-05
-1.59095e-05
-3.21377e-06
8.99832e-06
2.03625e-05
3.06667e-05
3.98927e-05
4.81555e-05
5.54598e-05
6.17073e-05
6.67615e-05
7.02544e-05
7.20637e-05
7.22229e-05
7.08055e-05
6.80391e-05
6.44467e-05
6.03128e-05
5.56148e-05
5.26582e-05
4.89919e-05
4.54548e-05
4.23648e-05
3.93386e-05
3.63306e-05
3.35385e-05
3.08104e-05
2.80062e-05
2.55511e-05
2.3407e-05
2.14752e-05
1.97236e-05
1.81254e-05
1.66473e-05
1.52687e-05
1.39846e-05
1.28028e-05
1.17393e-05
1.0811e-05
1.00409e-05
9.4556e-06
9.08682e-06
8.97261e-06
9.15895e-06
9.70039e-06
1.06606e-05
1.21104e-05
1.41282e-05
1.68017e-05
2.02384e-05
2.45973e-05
3.01656e-05
3.74485e-05
4.68912e-05
5.68275e-05
6.59403e-05
6.47458e-06
7.2599e-06
8.28716e-06
9.63032e-06
1.09365e-05
1.21535e-05
1.33183e-05
1.44651e-05
1.56238e-05
1.68205e-05
1.80827e-05
1.94363e-05
2.09055e-05
2.25124e-05
2.42769e-05
2.62174e-05
2.83511e-05
3.06944e-05
3.32625e-05
3.60702e-05
3.91315e-05
4.24596e-05
4.60666e-05
4.99631e-05
5.41577e-05
5.86564e-05
6.3461e-05
6.85674e-05
7.39639e-05
7.96494e-05
8.56015e-05
9.14265e-05
9.70003e-05
0.000102117
0.000106558
0.000110059
0.000112593
0.000113825
0.000114092
0.000113686
0.000112642
0.000110972
0.000108666
0.000105703
0.000102071
9.77162e-05
9.26768e-05
8.69437e-05
8.0636e-05
7.38841e-05
6.68356e-05
5.95993e-05
5.22055e-05
4.47221e-05
3.70833e-05
2.92784e-05
2.11733e-05
1.27758e-05
3.93015e-06
-5.45572e-06
-1.55691e-05
-2.57153e-05
-3.62632e-05
-4.60517e-05
-5.55199e-05
-6.40948e-05
-7.1735e-05
-7.84901e-05
-8.41116e-05
-8.87747e-05
-9.24707e-05
-9.52082e-05
-9.69858e-05
-9.77086e-05
-9.74671e-05
-9.63626e-05
-9.4353e-05
-9.13905e-05
-8.74482e-05
-8.25157e-05
-7.65665e-05
-6.95551e-05
-6.14547e-05
-5.2211e-05
-4.18625e-05
-3.05315e-05
-1.83948e-05
-5.84845e-06
6.62396e-06
1.85821e-05
2.97245e-05
3.98699e-05
4.90795e-05
5.73132e-05
6.45426e-05
7.07662e-05
7.57359e-05
7.93209e-05
8.15589e-05
8.25086e-05
8.22021e-05
8.08317e-05
7.86188e-05
7.57277e-05
7.23084e-05
6.84664e-05
6.42783e-05
5.98499e-05
5.52115e-05
5.03468e-05
4.51988e-05
3.97799e-05
3.37454e-05
2.72569e-05
1.9978e-05
1.20899e-05
3.5146e-06
-5.79419e-06
-1.58837e-05
-2.63071e-05
-3.70959e-05
-4.74629e-05
-5.71502e-05
-6.56186e-05
-7.34459e-05
-8.01348e-05
-8.55971e-05
-9.02439e-05
-9.40665e-05
-9.69817e-05
-9.8936e-05
-9.98955e-05
-9.99833e-05
-9.9214e-05
-9.75092e-05
-9.48678e-05
-9.12773e-05
-8.67403e-05
-8.12056e-05
-7.46005e-05
-6.69414e-05
-5.822e-05
-4.84525e-05
-3.77451e-05
-2.62308e-05
-1.42527e-05
-2.26656e-06
9.2783e-06
2.00362e-05
2.97824e-05
3.8496e-05
4.61568e-05
5.26993e-05
5.80837e-05
6.20845e-05
6.45361e-05
6.55089e-05
6.5039e-05
6.32382e-05
6.05231e-05
5.73098e-05
5.37192e-05
4.9665e-05
4.70541e-05
4.38634e-05
4.08532e-05
3.82738e-05
3.57446e-05
3.32979e-05
3.10218e-05
2.87837e-05
2.64749e-05
2.43746e-05
2.24708e-05
2.07131e-05
1.90862e-05
1.75746e-05
1.61581e-05
1.48281e-05
1.35857e-05
1.24366e-05
1.14025e-05
1.04994e-05
9.74936e-06
9.17845e-06
8.81751e-06
8.70399e-06
8.88301e-06
9.40741e-06
1.03367e-05
1.17343e-05
1.36621e-05
1.61754e-05
1.93195e-05
2.31383e-05
2.77044e-05
3.31604e-05
3.96984e-05
4.57055e-05
5.00145e-05
8.70314e-06
8.75483e-06
9.15674e-06
9.99255e-06
1.09473e-05
1.1936e-05
1.29508e-05
1.39863e-05
1.50607e-05
1.61902e-05
1.7394e-05
1.86922e-05
2.0105e-05
2.16513e-05
2.3349e-05
2.52152e-05
2.72659e-05
2.95162e-05
3.19808e-05
3.46735e-05
3.76076e-05
4.07956e-05
4.42486e-05
4.79767e-05
5.19877e-05
5.62865e-05
6.08742e-05
6.57458e-05
7.08892e-05
7.63003e-05
8.19514e-05
8.75142e-05
9.27922e-05
9.75733e-05
0.000101698
0.000104941
0.000107252
0.000108331
0.000108366
0.000107644
0.000106286
0.000104269
0.00010159
9.82867e-05
9.4371e-05
8.98118e-05
8.4728e-05
7.9101e-05
7.30525e-05
6.66992e-05
6.01475e-05
5.34874e-05
4.67398e-05
3.99393e-05
3.30545e-05
2.60725e-05
1.89175e-05
1.15609e-05
3.87453e-06
-4.26306e-06
-1.30474e-05
-2.2088e-05
-3.15902e-05
-4.06769e-05
-4.94298e-05
-5.73837e-05
-6.44637e-05
-7.06795e-05
-7.61554e-05
-8.08079e-05
-8.45459e-05
-8.73084e-05
-8.91833e-05
-9.0256e-05
-9.05342e-05
-8.98959e-05
-8.83226e-05
-8.58086e-05
-8.23202e-05
-7.78541e-05
-7.23901e-05
-6.58965e-05
-5.8324e-05
-4.96714e-05
-3.99443e-05
-2.92643e-05
-1.78006e-05
-5.92458e-06
5.91619e-06
1.73137e-05
2.79061e-05
3.76061e-05
4.63318e-05
5.40286e-05
6.06662e-05
6.6212e-05
7.04577e-05
7.33543e-05
7.50909e-05
7.56679e-05
7.51669e-05
7.37631e-05
7.16295e-05
6.88908e-05
6.56651e-05
6.20513e-05
5.81242e-05
5.39891e-05
4.96654e-05
4.51354e-05
4.03352e-05
3.52732e-05
2.96915e-05
2.37245e-05
1.71599e-05
1.01304e-05
2.56664e-06
-5.58183e-06
-1.43992e-05
-2.36383e-05
-3.32858e-05
-4.27224e-05
-5.17173e-05
-5.95751e-05
-6.67478e-05
-7.28527e-05
-7.80824e-05
-8.26377e-05
-8.63676e-05
-8.918e-05
-9.10961e-05
-9.22224e-05
-9.25991e-05
-9.21198e-05
-9.0716e-05
-8.83747e-05
-8.51132e-05
-8.09192e-05
-7.57427e-05
-6.95221e-05
-6.22906e-05
-5.40619e-05
-4.48186e-05
-3.47055e-05
-2.38558e-05
-1.25839e-05
-1.31182e-06
9.54597e-06
1.9644e-05
2.87969e-05
3.68769e-05
4.37822e-05
4.95223e-05
5.40253e-05
5.70999e-05
5.87715e-05
5.91253e-05
5.82573e-05
5.63123e-05
5.37714e-05
5.09189e-05
4.77594e-05
4.42248e-05
4.19199e-05
3.9183e-05
3.66541e-05
3.45284e-05
3.24529e-05
3.04821e-05
2.86513e-05
2.68362e-05
2.49397e-05
2.31524e-05
2.14721e-05
1.9879e-05
1.83727e-05
1.6949e-05
1.55997e-05
1.43232e-05
1.31254e-05
1.20168e-05
1.1015e-05
1.0138e-05
9.40662e-06
8.8458e-06
8.48553e-06
8.36231e-06
8.51992e-06
9.00911e-06
9.88576e-06
1.12062e-05
1.30195e-05
1.53558e-05
1.82148e-05
2.15584e-05
2.53118e-05
2.94105e-05
3.36691e-05
3.6678e-05
3.82489e-05
9.77326e-06
9.54524e-06
9.64801e-06
1.01751e-05
1.08905e-05
1.16933e-05
1.25641e-05
1.34974e-05
1.44866e-05
1.5542e-05
1.66773e-05
1.79084e-05
1.92519e-05
2.07242e-05
2.23412e-05
2.41185e-05
2.60706e-05
2.82116e-05
3.05552e-05
3.31143e-05
3.59012e-05
3.89274e-05
4.22034e-05
4.57382e-05
4.95386e-05
5.36088e-05
5.7949e-05
6.25535e-05
6.74103e-05
7.25133e-05
7.78318e-05
8.3081e-05
8.80261e-05
9.246e-05
9.62692e-05
9.92577e-05
0.000101349
0.000102266
0.000102105
0.000101147
9.95545e-05
9.72797e-05
9.4332e-05
9.0798e-05
8.67114e-05
8.20904e-05
7.70666e-05
7.1631e-05
6.58998e-05
5.99718e-05
5.39265e-05
4.78365e-05
4.17139e-05
3.55809e-05
2.94259e-05
2.32394e-05
1.69762e-05
1.05923e-05
3.9826e-06
-2.97144e-06
-1.04578e-05
-1.83185e-05
-2.66904e-05
-3.49979e-05
-4.3192e-05
-5.07736e-05
-5.75704e-05
-6.36178e-05
-6.88367e-05
-7.32073e-05
-7.68475e-05
-7.97324e-05
-8.18783e-05
-8.32285e-05
-8.3728e-05
-8.33781e-05
-8.21618e-05
-8.00501e-05
-7.69901e-05
-7.29865e-05
-6.80297e-05
-6.20663e-05
-5.5036e-05
-4.6975e-05
-3.78693e-05
-2.78437e-05
-1.70529e-05
-5.84898e-06
5.34285e-06
1.61025e-05
2.61728e-05
3.53612e-05
4.35236e-05
5.06386e-05
5.66825e-05
6.15611e-05
6.51182e-05
6.75474e-05
6.88897e-05
6.91764e-05
6.85381e-05
6.71178e-05
6.50448e-05
6.24186e-05
5.9351e-05
5.59414e-05
5.22643e-05
4.84204e-05
4.44148e-05
4.02265e-05
3.57926e-05
3.11217e-05
2.60226e-05
2.06164e-05
1.47616e-05
8.56336e-06
1.95803e-06
-5.10482e-06
-1.27176e-05
-2.07575e-05
-2.9285e-05
-3.78161e-05
-4.61579e-05
-5.36304e-05
-6.04293e-05
-6.62284e-05
-7.11726e-05
-7.54014e-05
-7.8898e-05
-8.16655e-05
-8.37037e-05
-8.5008e-05
-8.5504e-05
-8.51711e-05
-8.39891e-05
-8.19189e-05
-7.89665e-05
-7.50949e-05
-7.02737e-05
-6.44536e-05
-5.76581e-05
-4.99188e-05
-4.12077e-05
-3.16901e-05
-2.14973e-05
-1.09273e-05
-3.75137e-07
9.76846e-06
1.92002e-05
2.76646e-05
3.49938e-05
4.11184e-05
4.6097e-05
4.97804e-05
5.20702e-05
5.31478e-05
5.30573e-05
5.19567e-05
5.00023e-05
4.76659e-05
4.51221e-05
4.23186e-05
3.9234e-05
3.72175e-05
3.49054e-05
3.28114e-05
3.10908e-05
2.94179e-05
2.78498e-05
2.6397e-05
2.49403e-05
2.33854e-05
2.18716e-05
2.03989e-05
1.89643e-05
1.75785e-05
1.62466e-05
1.49698e-05
1.37531e-05
1.26056e-05
1.15403e-05
1.05735e-05
9.72261e-06
9.00779e-06
8.45267e-06
8.08591e-06
7.94238e-06
8.06379e-06
8.49811e-06
9.29697e-06
1.05099e-05
1.21742e-05
1.43e-05
1.68509e-05
1.97238e-05
2.27395e-05
2.57428e-05
2.84046e-05
2.97826e-05
2.96533e-05
1.01544e-05
9.8468e-06
9.81582e-06
1.01563e-05
1.07001e-05
1.13654e-05
1.21223e-05
1.29572e-05
1.38625e-05
1.48419e-05
1.59043e-05
1.70618e-05
1.8328e-05
1.9717e-05
2.12429e-05
2.29197e-05
2.47606e-05
2.67787e-05
2.89864e-05
3.13957e-05
3.40178e-05
3.68633e-05
3.99417e-05
4.3261e-05
4.68273e-05
5.06439e-05
5.47105e-05
5.9021e-05
6.3564e-05
6.83327e-05
7.32951e-05
7.81993e-05
8.27926e-05
8.68805e-05
9.03865e-05
9.31343e-05
9.50187e-05
9.57809e-05
9.54619e-05
9.43301e-05
9.25663e-05
9.01089e-05
8.69802e-05
8.33065e-05
7.91455e-05
7.45911e-05
6.97059e-05
6.45172e-05
5.91427e-05
5.36577e-05
4.81212e-05
4.2591e-05
3.70731e-05
3.15849e-05
2.61258e-05
2.06888e-05
1.52442e-05
9.74468e-06
4.09864e-06
-1.80713e-06
-8.10948e-06
-1.48052e-05
-2.20012e-05
-2.93627e-05
-3.68234e-05
-4.3987e-05
-5.05624e-05
-5.65695e-05
-6.17389e-05
-6.60749e-05
-6.96829e-05
-7.25821e-05
-7.47779e-05
-7.62401e-05
-7.69335e-05
-7.68462e-05
-7.59514e-05
-7.42218e-05
-7.15855e-05
-6.80377e-05
-6.35653e-05
-5.81097e-05
-5.16165e-05
-4.41343e-05
-3.5643e-05
-2.6268e-05
-1.61522e-05
-5.62866e-06
4.86824e-06
1.5008e-05
2.45293e-05
3.31133e-05
4.06905e-05
4.72217e-05
5.264e-05
5.68675e-05
5.99092e-05
6.19447e-05
6.2941e-05
6.30022e-05
6.22624e-05
6.08226e-05
5.87842e-05
5.62441e-05
5.33222e-05
5.01159e-05
4.66959e-05
4.31532e-05
3.94762e-05
3.56407e-05
3.15876e-05
2.73273e-05
2.27211e-05
1.78791e-05
1.27046e-05
7.28384e-06
1.55779e-06
-4.52122e-06
-1.10442e-05
-1.79703e-05
-2.5364e-05
-3.29252e-05
-4.05025e-05
-4.75406e-05
-5.405e-05
-5.96974e-05
-6.45083e-05
-6.85865e-05
-7.19379e-05
-7.46298e-05
-7.66454e-05
-7.79822e-05
-7.85709e-05
-7.83851e-05
-7.7407e-05
-7.55775e-05
-7.29009e-05
-6.93366e-05
-6.48614e-05
-5.94283e-05
-5.30565e-05
-4.57948e-05
-3.76147e-05
-2.86868e-05
-1.91457e-05
-9.28852e-06
5.39465e-07
9.9629e-06
1.86491e-05
2.63528e-05
3.28929e-05
3.83328e-05
4.25634e-05
4.54207e-05
4.71344e-05
4.77327e-05
4.73458e-05
4.61381e-05
4.42382e-05
4.20936e-05
3.98106e-05
3.73205e-05
3.46455e-05
3.29099e-05
3.09923e-05
2.92917e-05
2.79323e-05
2.66102e-05
2.53823e-05
2.42454e-05
2.3087e-05
2.18157e-05
2.05392e-05
1.92559e-05
1.79721e-05
1.67055e-05
1.54682e-05
1.42686e-05
1.31164e-05
1.20239e-05
1.1005e-05
1.00754e-05
9.25166e-06
8.55273e-06
8.00071e-06
7.62238e-06
7.45032e-06
7.52339e-06
7.88585e-06
8.5843e-06
9.66113e-06
1.11432e-05
1.30242e-05
1.52424e-05
1.76577e-05
2.00294e-05
2.22109e-05
2.37638e-05
2.44176e-05
2.36626e-05
1.01118e-05
9.80459e-06
9.72081e-06
9.94928e-06
1.0374e-05
1.09319e-05
1.15933e-05
1.23412e-05
1.31671e-05
1.4071e-05
1.50582e-05
1.61378e-05
1.7321e-05
1.86197e-05
2.00464e-05
2.16135e-05
2.3333e-05
2.52167e-05
2.72758e-05
2.95214e-05
3.19636e-05
3.46121e-05
3.74753e-05
4.05604e-05
4.38729e-05
4.74154e-05
5.11873e-05
5.5183e-05
5.93921e-05
6.38079e-05
6.83991e-05
7.29407e-05
7.71762e-05
8.09275e-05
8.4148e-05
8.66735e-05
8.83686e-05
8.89896e-05
8.85464e-05
8.72909e-05
8.54101e-05
8.28353e-05
7.96009e-05
7.58688e-05
7.17393e-05
6.73271e-05
6.26254e-05
5.77328e-05
5.27456e-05
4.77151e-05
4.26853e-05
3.77029e-05
3.2769e-05
2.78991e-05
2.3097e-05
1.8357e-05
1.36565e-05
8.94937e-06
4.15753e-06
-8.27072e-07
-6.11535e-06
-1.17411e-05
-1.78055e-05
-2.41556e-05
-3.0701e-05
-3.72327e-05
-4.34666e-05
-4.92568e-05
-5.44049e-05
-5.87811e-05
-6.25128e-05
-6.55182e-05
-6.78176e-05
-6.94024e-05
-7.02813e-05
-7.04265e-05
-6.98082e-05
-6.84093e-05
-6.6148e-05
-6.30124e-05
-5.89921e-05
-5.40256e-05
-4.80587e-05
-4.1145e-05
-3.32638e-05
-2.45372e-05
-1.50995e-05
-5.28093e-06
4.55097e-06
1.40674e-05
2.29095e-05
3.0841e-05
3.78723e-05
4.38067e-05
4.85696e-05
5.22254e-05
5.48636e-05
5.65262e-05
5.72343e-05
5.71194e-05
5.62865e-05
5.48089e-05
5.27872e-05
5.03292e-05
4.75628e-05
4.45743e-05
4.14288e-05
3.8202e-05
3.48647e-05
3.13899e-05
2.77241e-05
2.38802e-05
1.97612e-05
1.54665e-05
1.09295e-05
6.2224e-06
1.28999e-06
-3.91182e-06
-9.46903e-06
-1.53815e-05
-2.1712e-05
-2.82846e-05
-3.49972e-05
-4.14465e-05
-4.75554e-05
-5.30059e-05
-5.77345e-05
-6.17864e-05
-6.50886e-05
-6.77599e-05
-6.97564e-05
-7.11167e-05
-7.17844e-05
-7.17309e-05
-7.09343e-05
-6.93183e-05
-6.68974e-05
-6.36254e-05
-5.94807e-05
-5.44218e-05
-4.84668e-05
-4.16761e-05
-3.40302e-05
-2.5691e-05
-1.68062e-05
-7.64918e-06
1.43638e-06
1.00972e-05
1.80066e-05
2.49201e-05
3.07589e-05
3.54301e-05
3.88499e-05
4.11055e-05
4.23446e-05
4.25954e-05
4.20266e-05
4.07744e-05
3.89423e-05
3.69638e-05
3.49123e-05
3.27172e-05
3.04279e-05
2.89682e-05
2.74151e-05
2.60688e-05
2.50281e-05
2.40074e-05
2.30641e-05
2.21872e-05
2.1274e-05
2.02377e-05
1.91641e-05
1.80499e-05
1.69062e-05
1.57552e-05
1.46135e-05
1.34944e-05
1.24114e-05
1.13785e-05
1.04101e-05
9.52111e-06
8.72731e-06
8.04602e-06
7.49753e-06
7.10637e-06
6.90235e-06
6.92081e-06
7.20162e-06
7.78579e-06
8.70873e-06
9.98863e-06
1.16088e-05
1.34951e-05
1.55016e-05
1.74161e-05
1.8999e-05
1.99302e-05
2.01697e-05
1.93005e-05
9.79148e-06
9.5127e-06
9.41433e-06
9.57518e-06
9.91598e-06
1.03894e-05
1.09694e-05
1.16393e-05
1.23898e-05
1.32188e-05
1.41292e-05
1.51277e-05
1.62231e-05
1.74258e-05
1.87465e-05
2.01961e-05
2.17855e-05
2.35252e-05
2.54253e-05
2.74957e-05
2.97456e-05
3.21836e-05
3.48174e-05
3.76535e-05
4.06965e-05
4.39492e-05
4.74108e-05
5.10767e-05
5.4938e-05
5.89889e-05
6.32006e-05
6.7371e-05
7.12501e-05
7.46775e-05
7.76318e-05
7.99531e-05
8.14766e-05
8.19726e-05
8.14359e-05
8.0099e-05
7.81492e-05
7.55153e-05
7.2242e-05
6.85294e-05
6.45091e-05
6.02648e-05
5.5807e-05
5.12568e-05
4.6678e-05
4.21077e-05
3.75803e-05
3.31325e-05
2.87617e-05
2.44814e-05
2.02959e-05
1.61994e-05
1.21728e-05
8.17254e-06
4.13201e-06
-4.60305e-08
-4.45973e-06
-9.15838e-06
-1.42082e-05
-1.95733e-05
-2.51928e-05
-3.09129e-05
-3.65537e-05
-4.19633e-05
-4.69428e-05
-5.13014e-05
-5.51018e-05
-5.8232e-05
-6.07289e-05
-6.24974e-05
-6.35947e-05
-6.39751e-05
-6.36254e-05
-6.25362e-05
-6.06258e-05
-5.78802e-05
-5.42954e-05
-4.98049e-05
-4.4357e-05
-3.80049e-05
-3.07311e-05
-2.26526e-05
-1.39003e-05
-4.77854e-06
4.38408e-06
1.31963e-05
2.13621e-05
2.8666e-05
3.50136e-05
4.03241e-05
4.45283e-05
4.77262e-05
4.99755e-05
5.12964e-05
5.17631e-05
5.14877e-05
5.05477e-05
4.902e-05
4.70207e-05
4.46707e-05
4.2075e-05
3.93259e-05
3.64767e-05
3.35793e-05
3.05881e-05
2.74751e-05
2.41939e-05
2.07611e-05
1.71122e-05
1.33367e-05
9.3894e-06
5.33083e-06
1.10931e-06
-3.31541e-06
-8.02414e-06
-1.30358e-05
-1.84091e-05
-2.40418e-05
-2.98683e-05
-3.56156e-05
-4.11842e-05
-4.63006e-05
-5.08492e-05
-5.47961e-05
-5.813e-05
-6.08383e-05
-6.28689e-05
-6.42955e-05
-6.50505e-05
-6.51236e-05
-6.44991e-05
-6.30888e-05
-6.09152e-05
-5.79288e-05
-5.41084e-05
-4.942e-05
-4.38794e-05
-3.75554e-05
-3.0456e-05
-2.27088e-05
-1.44831e-05
-6.02845e-06
2.30221e-06
1.01816e-05
1.72947e-05
2.34472e-05
2.85027e-05
3.23744e-05
3.51713e-05
3.69585e-05
3.78004e-05
3.77906e-05
3.70852e-05
3.58019e-05
3.40374e-05
3.22122e-05
3.03835e-05
2.84793e-05
2.65591e-05
2.5369e-05
2.41498e-05
2.3119e-05
2.23546e-05
2.15884e-05
2.08792e-05
2.02126e-05
1.94975e-05
1.86539e-05
1.7751e-05
1.67848e-05
1.57693e-05
1.47286e-05
1.36823e-05
1.26467e-05
1.16372e-05
1.06689e-05
9.75603e-06
8.91283e-06
8.1537e-06
7.49442e-06
6.95331e-06
6.55249e-06
6.31874e-06
6.28362e-06
6.48231e-06
6.95024e-06
7.71661e-06
8.79355e-06
1.01593e-05
1.17397e-05
1.33963e-05
1.49489e-05
1.60945e-05
1.67409e-05
1.67013e-05
1.58918e-05
9.27758e-06
9.03406e-06
8.93804e-06
9.05703e-06
9.33667e-06
9.74187e-06
1.0251e-05
1.08491e-05
1.15269e-05
1.22811e-05
1.31128e-05
1.40268e-05
1.50304e-05
1.61319e-05
1.73408e-05
1.86664e-05
2.01184e-05
2.1706e-05
2.34385e-05
2.53245e-05
2.73723e-05
2.95895e-05
3.1983e-05
3.45587e-05
3.7321e-05
4.02725e-05
4.3413e-05
4.67388e-05
5.02433e-05
5.39223e-05
5.77501e-05
6.1546e-05
6.5073e-05
6.81892e-05
7.08944e-05
7.30277e-05
7.4396e-05
7.47842e-05
7.41818e-05
7.28012e-05
7.08269e-05
6.81867e-05
6.49343e-05
6.13021e-05
5.74322e-05
5.34116e-05
4.92522e-05
4.50712e-05
4.0913e-05
3.68057e-05
3.27748e-05
2.88481e-05
2.5019e-05
2.12988e-05
1.769e-05
1.41857e-05
1.07685e-05
7.39842e-06
4.018e-06
5.41545e-07
-3.1113e-06
-7.00542e-06
-1.11836e-05
-1.56546e-05
-2.03867e-05
-2.52816e-05
-3.02125e-05
-3.50673e-05
-3.96936e-05
-4.39017e-05
-4.76277e-05
-5.07835e-05
-5.33478e-05
-5.53418e-05
-5.67041e-05
-5.73528e-05
-5.73003e-05
-5.65343e-05
-5.49792e-05
-5.26186e-05
-4.94602e-05
-4.54369e-05
-4.05051e-05
-3.47118e-05
-2.80455e-05
-2.06175e-05
-1.25578e-05
-4.13296e-06
4.29598e-06
1.23935e-05
1.98667e-05
2.64973e-05
3.21997e-05
3.689e-05
4.05781e-05
4.3373e-05
4.52204e-05
4.62379e-05
4.64851e-05
4.60423e-05
4.49882e-05
4.34197e-05
4.14653e-05
3.92518e-05
3.68598e-05
3.43834e-05
3.18508e-05
2.92902e-05
2.6644e-05
2.38863e-05
2.09794e-05
1.79439e-05
1.47414e-05
1.14518e-05
8.04538e-06
4.57314e-06
9.86525e-07
-2.75065e-06
-6.7146e-06
-1.09328e-05
-1.54605e-05
-2.02373e-05
-2.52213e-05
-3.02318e-05
-3.51763e-05
-3.98383e-05
-4.40937e-05
-4.78472e-05
-5.11037e-05
-5.37657e-05
-5.58794e-05
-5.74133e-05
-5.82798e-05
-5.8495e-05
-5.80507e-05
-5.68506e-05
-5.49238e-05
-5.22225e-05
-4.87277e-05
-4.44146e-05
-3.92907e-05
-3.34239e-05
-2.68586e-05
-1.97265e-05
-1.21705e-05
-4.44761e-06
3.11562e-06
1.01954e-05
1.65023e-05
2.18545e-05
2.61249e-05
2.93527e-05
3.16594e-05
3.29887e-05
3.34972e-05
3.32685e-05
3.24456e-05
3.11522e-05
2.94702e-05
2.78023e-05
2.62008e-05
2.4589e-05
2.30223e-05
2.2091e-05
2.11729e-05
2.04174e-05
1.98867e-05
1.93302e-05
1.88094e-05
1.83087e-05
1.77502e-05
1.70625e-05
1.63013e-05
1.54631e-05
1.45638e-05
1.3628e-05
1.26764e-05
1.17267e-05
1.07951e-05
9.89669e-06
9.04529e-06
8.25398e-06
7.53589e-06
6.9052e-06
6.37831e-06
5.97492e-06
5.71882e-06
5.63787e-06
5.76273e-06
6.12371e-06
6.74484e-06
7.63473e-06
8.77059e-06
1.00836e-05
1.14477e-05
1.27277e-05
1.35997e-05
1.4102e-05
1.38782e-05
1.31154e-05
8.62177e-06
8.41187e-06
8.32467e-06
8.41637e-06
8.64912e-06
8.99699e-06
9.44261e-06
9.97292e-06
1.05793e-05
1.12579e-05
1.20088e-05
1.28352e-05
1.37428e-05
1.47386e-05
1.58304e-05
1.70264e-05
1.83349e-05
1.97642e-05
2.13222e-05
2.30166e-05
2.48547e-05
2.68434e-05
2.89888e-05
3.12962e-05
3.37699e-05
3.64126e-05
3.92248e-05
4.2204e-05
4.53459e-05
4.86482e-05
5.20895e-05
5.55089e-05
5.8688e-05
6.15025e-05
6.3972e-05
6.59303e-05
6.71581e-05
6.7456e-05
6.68144e-05
6.54255e-05
6.34686e-05
6.08714e-05
5.76935e-05
5.41964e-05
5.05366e-05
4.67717e-05
4.29466e-05
3.91549e-05
3.54278e-05
3.17855e-05
2.82448e-05
2.48254e-05
2.15163e-05
1.83265e-05
1.52554e-05
1.22952e-05
9.42905e-06
6.62117e-06
3.82209e-06
9.57218e-07
-2.03945e-06
-5.23454e-06
-8.65784e-06
-1.23424e-05
-1.62727e-05
-2.03871e-05
-2.45967e-05
-2.88177e-05
-3.29388e-05
-3.68152e-05
-4.03592e-05
-4.34491e-05
-4.60126e-05
-4.81069e-05
-4.95898e-05
-5.04728e-05
-5.07251e-05
-5.03072e-05
-4.91422e-05
-4.7192e-05
-4.44699e-05
-4.09168e-05
-3.65052e-05
-3.12749e-05
-2.52217e-05
-1.84521e-05
-1.10947e-05
-3.40339e-06
4.27647e-06
1.16366e-05
1.8391e-05
2.43347e-05
2.9404e-05
3.35239e-05
3.67407e-05
3.91044e-05
4.05882e-05
4.13284e-05
4.13458e-05
4.07293e-05
3.95777e-05
3.8002e-05
3.61354e-05
3.40807e-05
3.19362e-05
2.97615e-05
2.75559e-05
2.53298e-05
2.30198e-05
2.06046e-05
1.80561e-05
1.5399e-05
1.26157e-05
9.77689e-06
6.86438e-06
3.92093e-06
9.01038e-07
-2.2273e-06
-5.53589e-06
-9.05538e-06
-1.28384e-05
-1.685e-05
-2.10639e-05
-2.53596e-05
-2.96596e-05
-3.37966e-05
-3.7669e-05
-4.11796e-05
-4.42369e-05
-4.67934e-05
-4.88771e-05
-5.04044e-05
-5.13959e-05
-5.17767e-05
-5.15392e-05
-5.05712e-05
-4.8905e-05
-4.64962e-05
-4.33271e-05
-3.93979e-05
-3.47124e-05
-2.93327e-05
-2.32909e-05
-1.67701e-05
-9.90058e-06
-2.91996e-06
3.85088e-06
1.01088e-05
1.55959e-05
2.01722e-05
2.3745e-05
2.64562e-05
2.82517e-05
2.91709e-05
2.93916e-05
2.8979e-05
2.80727e-05
2.67938e-05
2.52147e-05
2.37158e-05
2.2351e-05
2.10325e-05
1.98014e-05
1.91123e-05
1.84589e-05
1.79368e-05
1.75972e-05
1.72078e-05
1.68339e-05
1.64602e-05
1.60225e-05
1.54593e-05
1.48148e-05
1.40873e-05
1.32937e-05
1.24578e-05
1.16002e-05
1.07385e-05
9.8889e-06
9.06571e-06
8.28183e-06
7.54916e-06
6.87949e-06
6.28545e-06
5.78162e-06
5.38552e-06
5.11815e-06
5.00397e-06
5.06959e-06
5.34081e-06
5.83759e-06
6.56649e-06
7.50821e-06
8.60374e-06
9.74255e-06
1.07654e-05
1.14965e-05
1.18408e-05
1.15072e-05
1.07698e-05
7.85745e-06
7.67666e-06
7.59974e-06
7.67211e-06
7.86674e-06
8.16434e-06
8.5511e-06
9.01602e-06
9.55139e-06
1.01532e-05
1.08207e-05
1.15562e-05
1.2364e-05
1.32497e-05
1.42199e-05
1.52815e-05
1.64417e-05
1.77075e-05
1.90858e-05
2.05833e-05
2.22065e-05
2.39612e-05
2.58531e-05
2.7887e-05
3.0067e-05
3.2396e-05
3.48751e-05
3.75033e-05
4.0278e-05
4.31996e-05
4.62508e-05
4.92904e-05
5.21221e-05
5.46394e-05
5.68802e-05
5.86726e-05
5.9772e-05
5.99968e-05
5.93421e-05
5.79795e-05
5.6082e-05
5.35759e-05
5.05249e-05
4.72188e-05
4.38163e-05
4.03339e-05
3.68773e-05
3.34947e-05
3.02088e-05
2.70329e-05
2.39752e-05
2.10483e-05
1.8237e-05
1.55478e-05
1.29767e-05
1.05152e-05
8.14711e-06
5.84103e-06
3.55466e-06
1.22423e-06
-1.20439e-06
-3.79315e-06
-6.56901e-06
-9.56272e-06
-1.27768e-05
-1.61795e-05
-1.9707e-05
-2.32942e-05
-2.68578e-05
-3.02917e-05
-3.35221e-05
-3.64402e-05
-3.89715e-05
-4.10449e-05
-4.25932e-05
-4.36472e-05
-4.41141e-05
-4.39695e-05
-4.31445e-05
-4.16112e-05
-3.93398e-05
-3.62691e-05
-3.23883e-05
-2.77321e-05
-2.23036e-05
-1.62075e-05
-9.57132e-06
-2.63248e-06
4.2729e-06
1.08752e-05
1.68999e-05
2.21646e-05
2.66236e-05
3.02063e-05
3.29583e-05
3.49104e-05
3.60495e-05
3.64993e-05
3.62876e-05
3.5518e-05
3.4305e-05
3.27726e-05
3.10424e-05
2.91932e-05
2.73264e-05
2.54647e-05
2.35846e-05
2.16828e-05
1.96948e-05
1.7605e-05
1.53958e-05
1.30959e-05
1.07033e-05
8.28079e-06
5.8182e-06
3.35125e-06
8.37509e-07
-1.75085e-06
-4.48096e-06
-7.38367e-06
-1.0509e-05
-1.38388e-05
-1.73581e-05
-2.09865e-05
-2.46621e-05
-2.82538e-05
-3.16777e-05
-3.4847e-05
-3.76755e-05
-4.01165e-05
-4.20963e-05
-4.35866e-05
-4.46216e-05
-4.51013e-05
-4.50226e-05
-4.42794e-05
-4.28844e-05
-4.07823e-05
-3.7957e-05
-3.44132e-05
-3.01724e-05
-2.53025e-05
-1.98208e-05
-1.39111e-05
-7.73595e-06
-1.5087e-06
4.45203e-06
9.88917e-06
1.4585e-05
1.84447e-05
2.14201e-05
2.35766e-05
2.4911e-05
2.54899e-05
2.54611e-05
2.49032e-05
2.39483e-05
2.27065e-05
2.12512e-05
1.99406e-05
1.88246e-05
1.77964e-05
1.68775e-05
1.64073e-05
1.59785e-05
1.56461e-05
1.54563e-05
1.51947e-05
1.49308e-05
1.46506e-05
1.43037e-05
1.38391e-05
1.32911e-05
1.26603e-05
1.19638e-05
1.12238e-05
1.04596e-05
9.68815e-06
8.92435e-06
8.18147e-06
7.47114e-06
6.80398e-06
6.19046e-06
5.64176e-06
5.17083e-06
4.79319e-06
4.5274e-06
4.39484e-06
4.41841e-06
4.62015e-06
5.01701e-06
5.61389e-06
6.39331e-06
7.30575e-06
8.25955e-06
9.05349e-06
9.63785e-06
9.82551e-06
9.43991e-06
8.72556e-06
7.00744e-06
6.85081e-06
6.78345e-06
6.84064e-06
7.00235e-06
7.25405e-06
7.58481e-06
7.98551e-06
8.44945e-06
8.97277e-06
9.55444e-06
1.01958e-05
1.09002e-05
1.1672e-05
1.25168e-05
1.34401e-05
1.44479e-05
1.55463e-05
1.67411e-05
1.80381e-05
1.94426e-05
2.096e-05
2.2595e-05
2.43522e-05
2.62353e-05
2.82472e-05
3.03899e-05
3.26632e-05
3.50666e-05
3.76021e-05
4.02569e-05
4.29097e-05
4.53887e-05
4.76057e-05
4.96171e-05
5.1247e-05
5.22267e-05
5.23954e-05
5.17549e-05
5.04564e-05
4.86636e-05
4.62997e-05
4.34281e-05
4.03598e-05
3.72444e-05
3.41085e-05
3.10475e-05
2.80903e-05
2.52543e-05
2.25443e-05
1.99607e-05
1.75095e-05
1.51721e-05
1.29532e-05
1.08451e-05
8.83952e-06
6.92077e-06
5.0623e-06
3.22818e-06
1.36521e-06
-5.70696e-07
-2.63366e-06
-4.84781e-06
-7.24251e-06
-9.82653e-06
-1.25829e-05
-1.54799e-05
-1.84659e-05
-2.14759e-05
-2.44313e-05
-2.727e-05
-2.98982e-05
-3.22529e-05
-3.42651e-05
-3.5871e-05
-3.7026e-05
-3.76481e-05
-3.77309e-05
-3.71981e-05
-3.60074e-05
-3.41617e-05
-3.15727e-05
-2.82295e-05
-2.41584e-05
-1.93685e-05
-1.39626e-05
-8.06813e-06
-1.89779e-06
4.21604e-06
1.00559e-05
1.53579e-05
1.99645e-05
2.38344e-05
2.68974e-05
2.91884e-05
3.07327e-05
3.15263e-05
3.16918e-05
3.12752e-05
3.03936e-05
2.91713e-05
2.77453e-05
2.61897e-05
2.45962e-05
2.30288e-05
2.14829e-05
1.99193e-05
1.8327e-05
1.66433e-05
1.48601e-05
1.29698e-05
1.10048e-05
8.97518e-06
6.93608e-06
4.88307e-06
2.84559e-06
7.84378e-07
-1.32433e-06
-3.5425e-06
-5.89933e-06
-8.44169e-06
-1.11628e-05
-1.40564e-05
-1.70696e-05
-2.01564e-05
-2.32145e-05
-2.61744e-05
-2.89571e-05
-3.14886e-05
-3.37229e-05
-3.55937e-05
-3.70772e-05
-3.81008e-05
-3.86355e-05
-3.86651e-05
-3.81021e-05
-3.69478e-05
-3.51498e-05
-3.26824e-05
-2.95388e-05
-2.57439e-05
-2.13786e-05
-1.64785e-05
-1.12073e-05
-5.74443e-06
-2.79966e-07
4.87098e-06
9.51651e-06
1.3471e-05
1.66763e-05
1.90658e-05
2.07181e-05
2.16369e-05
2.19184e-05
2.16799e-05
2.10057e-05
2.00331e-05
1.88672e-05
1.75699e-05
1.64714e-05
1.56128e-05
1.48642e-05
1.42272e-05
1.39457e-05
1.36984e-05
1.35123e-05
1.34324e-05
1.32631e-05
1.30774e-05
1.28631e-05
1.25833e-05
1.21968e-05
1.17301e-05
1.11855e-05
1.05797e-05
9.93288e-06
9.26221e-06
8.58297e-06
7.90861e-06
7.25083e-06
6.61981e-06
6.02484e-06
5.47504e-06
4.98027e-06
4.55196e-06
4.20385e-06
3.95216e-06
3.81557e-06
3.81377e-06
3.96531e-06
4.28359e-06
4.77144e-06
5.41153e-06
6.15621e-06
6.93306e-06
7.57085e-06
7.98191e-06
8.03219e-06
7.60835e-06
6.91721e-06
6.08813e-06
5.95127e-06
5.89202e-06
5.936e-06
6.06776e-06
6.27614e-06
6.5525e-06
6.88938e-06
7.28114e-06
7.72431e-06
8.21768e-06
8.76206e-06
9.35987e-06
1.00147e-05
1.07306e-05
1.15125e-05
1.2365e-05
1.32932e-05
1.43019e-05
1.53958e-05
1.65795e-05
1.78574e-05
1.92338e-05
2.07124e-05
2.22967e-05
2.39896e-05
2.57931e-05
2.77081e-05
2.97352e-05
3.18778e-05
3.41273e-05
3.63825e-05
3.84985e-05
4.04065e-05
4.21817e-05
4.365e-05
4.45188e-05
4.46515e-05
4.4057e-05
4.28648e-05
4.12255e-05
3.90563e-05
3.64142e-05
3.36288e-05
3.08457e-05
2.81022e-05
2.54607e-05
2.29456e-05
2.05667e-05
1.83196e-05
1.61987e-05
1.42045e-05
1.23157e-05
1.0536e-05
8.85464e-06
7.26432e-06
5.74998e-06
4.29022e-06
2.85479e-06
1.40078e-06
-1.07378e-07
-1.71477e-06
-3.4423e-06
-5.3166e-06
-7.34562e-06
-9.52914e-06
-1.18496e-05
-1.42702e-05
-1.67462e-05
-1.9221e-05
-2.16424e-05
-2.39316e-05
-2.60311e-05
-2.78805e-05
-2.94159e-05
-3.05885e-05
-3.13334e-05
-3.16175e-05
-3.13599e-05
-3.04951e-05
-2.90521e-05
-2.69327e-05
-2.41269e-05
-2.06483e-05
-1.6509e-05
-1.18068e-05
-6.66862e-06
-1.27644e-06
4.0436e-06
9.12993e-06
1.3725e-05
1.76918e-05
2.09819e-05
2.35281e-05
2.53554e-05
2.64944e-05
2.69586e-05
2.68731e-05
2.63041e-05
2.53798e-05
2.42248e-05
2.29385e-05
2.16057e-05
2.02972e-05
1.90363e-05
1.7799e-05
1.65365e-05
1.52352e-05
1.38365e-05
1.23403e-05
1.07488e-05
9.09744e-06
7.40484e-06
5.71886e-06
4.03896e-06
2.38898e-06
7.32828e-07
-9.49294e-07
-2.71353e-06
-4.58632e-06
-6.61053e-06
-8.78688e-06
-1.11156e-05
-1.35631e-05
-1.60978e-05
-1.86425e-05
-2.11428e-05
-2.35285e-05
-2.57329e-05
-2.77107e-05
-2.9405e-05
-3.07831e-05
-3.17801e-05
-3.23685e-05
-3.2507e-05
-3.21129e-05
-3.11869e-05
-2.96827e-05
-2.75671e-05
-2.484e-05
-2.15095e-05
-1.7667e-05
-1.33571e-05
-8.7368e-06
-3.99517e-06
7.11607e-07
5.07808e-06
8.97583e-06
1.22364e-05
1.48217e-05
1.66646e-05
1.78541e-05
1.84063e-05
1.8417e-05
1.80058e-05
1.72667e-05
1.63278e-05
1.52828e-05
1.41771e-05
1.3307e-05
1.27038e-05
1.22136e-05
1.18211e-05
1.16925e-05
1.15822e-05
1.14998e-05
1.14929e-05
1.13855e-05
1.12517e-05
1.10818e-05
1.0851e-05
1.05277e-05
1.01313e-05
9.66592e-06
9.14706e-06
8.59192e-06
8.01543e-06
7.43074e-06
6.84936e-06
6.28122e-06
5.73493e-06
5.21837e-06
4.73934e-06
4.30637e-06
3.9294e-06
3.62042e-06
3.39357e-06
3.26488e-06
3.25082e-06
3.36604e-06
3.61985e-06
4.01313e-06
4.52986e-06
5.1161e-06
5.69836e-06
6.19056e-06
6.46594e-06
6.41549e-06
5.96924e-06
5.30866e-06
5.11204e-06
4.99148e-06
4.93863e-06
4.97004e-06
5.07329e-06
5.23972e-06
5.46245e-06
5.73556e-06
6.05438e-06
6.41595e-06
6.81907e-06
7.26416e-06
7.75298e-06
8.28821e-06
8.87309e-06
9.51121e-06
1.02064e-05
1.09626e-05
1.17836e-05
1.26732e-05
1.36352e-05
1.4673e-05
1.57901e-05
1.69897e-05
1.82747e-05
1.96477e-05
2.11106e-05
2.26646e-05
2.4311e-05
2.60545e-05
2.78896e-05
2.97367e-05
3.14795e-05
3.30705e-05
3.46041e-05
3.59159e-05
3.66895e-05
3.68121e-05
3.62978e-05
3.52504e-05
3.38036e-05
3.1867e-05
2.94859e-05
2.70148e-05
2.46115e-05
2.22893e-05
2.00933e-05
1.80385e-05
1.61248e-05
1.43394e-05
1.26713e-05
1.11169e-05
9.65316e-06
8.28385e-06
6.9958e-06
5.78351e-06
4.63298e-06
3.52817e-06
2.44397e-06
1.34764e-06
2.1094e-07
-1.00174e-06
-2.30788e-06
-3.72977e-06
-5.27675e-06
-6.95218e-06
-8.74771e-06
-1.06448e-05
-1.26116e-05
-1.46107e-05
-1.6604e-05
-1.85293e-05
-2.03373e-05
-2.19724e-05
-2.33754e-05
-2.45003e-05
-2.52892e-05
-2.56995e-05
-2.56633e-05
-2.51282e-05
-2.40765e-05
-2.24171e-05
-2.01483e-05
-1.7269e-05
-1.37929e-05
-9.80643e-06
-5.43387e-06
-8.24193e-07
3.70864e-06
8.04996e-06
1.1946e-05
1.52755e-05
1.79805e-05
2.00051e-05
2.13727e-05
2.21281e-05
2.23063e-05
2.20275e-05
2.13762e-05
2.04885e-05
1.94591e-05
1.83551e-05
1.72861e-05
1.62752e-05
1.53182e-05
1.43782e-05
1.34003e-05
1.23725e-05
1.12413e-05
1.00144e-05
8.70417e-06
7.34741e-06
5.96858e-06
4.60857e-06
3.26923e-06
1.96929e-06
6.76062e-07
-6.26432e-07
-1.98776e-06
-3.43085e-06
-4.99376e-06
-6.68188e-06
-8.49939e-06
-1.04266e-05
-1.24437e-05
-1.44953e-05
-1.65422e-05
-1.85262e-05
-2.03906e-05
-2.20927e-05
-2.35798e-05
-2.48161e-05
-2.57502e-05
-2.63462e-05
-2.65677e-05
-2.63333e-05
-2.56406e-05
-2.4431e-05
-2.26723e-05
-2.03712e-05
-1.75222e-05
-1.42212e-05
-1.05151e-05
-6.55352e-06
-2.531e-06
1.43245e-06
5.04894e-06
8.23512e-06
1.08342e-05
1.28256e-05
1.4157e-05
1.49245e-05
1.51574e-05
1.49528e-05
1.4434e-05
1.36966e-05
1.28459e-05
1.19598e-05
1.10668e-05
1.0433e-05
1.00744e-05
9.81283e-06
9.62213e-06
9.60753e-06
9.58964e-06
9.57138e-06
9.60498e-06
9.53424e-06
9.43172e-06
9.2905e-06
9.09641e-06
8.8262e-06
8.49365e-06
8.10378e-06
7.67011e-06
7.20677e-06
6.72596e-06
6.23846e-06
5.75362e-06
5.27946e-06
4.82294e-06
4.39046e-06
3.98842e-06
3.62393e-06
3.30543e-06
3.04307e-06
2.84881e-06
2.73573e-06
2.71683e-06
2.80261e-06
2.99794e-06
3.30309e-06
3.70536e-06
4.13718e-06
4.5408e-06
4.8945e-06
5.05384e-06
4.93633e-06
4.49151e-06
3.87448e-06
4.09243e-06
3.98594e-06
3.9374e-06
3.95542e-06
4.03006e-06
4.15462e-06
4.32367e-06
4.53263e-06
4.77768e-06
5.05642e-06
5.36776e-06
5.71186e-06
6.08995e-06
6.50402e-06
6.95629e-06
7.44935e-06
7.98611e-06
8.56948e-06
9.20233e-06
9.8875e-06
1.06278e-05
1.14259e-05
1.22843e-05
1.32056e-05
1.41919e-05
1.52451e-05
1.63669e-05
1.75584e-05
1.88211e-05
2.01596e-05
2.15716e-05
2.29989e-05
2.43553e-05
2.56148e-05
2.68917e-05
2.80437e-05
2.87309e-05
2.88615e-05
2.84505e-05
2.75734e-05
2.63439e-05
2.46638e-05
2.25706e-05
2.0473e-05
1.8488e-05
1.66259e-05
1.49098e-05
1.33395e-05
1.19045e-05
1.05842e-05
9.36377e-06
8.23638e-06
7.17847e-06
6.19466e-06
5.27035e-06
4.40277e-06
3.57943e-06
2.78991e-06
2.01407e-06
1.22937e-06
4.13912e-07
-4.58299e-07
-1.40124e-06
-2.43181e-06
-3.55929e-06
-4.78701e-06
-6.11394e-06
-7.53083e-06
-9.01765e-06
-1.05529e-05
-1.21119e-05
-1.36501e-05
-1.51306e-05
-1.65074e-05
-1.77304e-05
-1.87575e-05
-1.95368e-05
-2.00274e-05
-2.01682e-05
-1.99042e-05
-1.92168e-05
-1.80088e-05
-1.62791e-05
-1.40097e-05
-1.12155e-05
-7.96659e-06
-4.37464e-06
-5.60245e-07
3.18165e-06
6.76533e-06
9.94979e-06
1.2628e-05
1.47385e-05
1.62438e-05
1.71718e-05
1.7583e-05
1.75279e-05
1.71068e-05
1.64316e-05
1.56496e-05
1.47795e-05
1.39235e-05
1.31506e-05
1.24551e-05
1.18108e-05
1.11678e-05
1.04694e-05
9.70825e-06
8.83359e-06
7.86237e-06
6.81859e-06
5.73957e-06
4.6531e-06
3.59381e-06
2.56485e-06
1.58029e-06
6.11433e-07
-3.54206e-07
-1.35862e-06
-2.42075e-06
-3.57319e-06
-4.8239e-06
-6.17889e-06
-7.62786e-06
-9.15994e-06
-1.07383e-05
-1.23376e-05
-1.39132e-05
-1.54209e-05
-1.68251e-05
-1.80796e-05
-1.91504e-05
-1.99925e-05
-2.05691e-05
-2.08512e-05
-2.07564e-05
-2.02819e-05
-1.93678e-05
-1.79767e-05
-1.61173e-05
-1.37747e-05
-1.10393e-05
-7.95943e-06
-4.67108e-06
-1.36784e-06
1.85713e-06
4.74312e-06
7.2334e-06
9.19141e-06
1.06143e-05
1.14748e-05
1.18703e-05
1.18373e-05
1.14722e-05
1.09133e-05
1.02366e-05
9.51754e-06
8.82665e-06
8.17305e-06
7.79495e-06
7.6764e-06
7.61506e-06
7.58383e-06
7.64442e-06
7.67797e-06
7.69001e-06
7.7369e-06
7.68374e-06
7.59828e-06
7.47591e-06
7.31142e-06
7.08906e-06
6.81778e-06
6.50267e-06
6.15469e-06
5.78465e-06
5.40188e-06
5.01457e-06
4.62981e-06
4.25364e-06
3.89131e-06
3.54762e-06
3.2275e-06
2.93646e-06
2.68126e-06
2.46997e-06
2.31191e-06
2.21693e-06
2.19441e-06
2.25069e-06
2.38588e-06
2.59966e-06
2.86951e-06
3.17174e-06
3.4578e-06
3.65729e-06
3.71728e-06
3.57101e-06
3.15525e-06
2.59717e-06
3.05129e-06
2.95713e-06
2.91041e-06
2.91292e-06
2.95735e-06
3.03871e-06
3.1525e-06
3.2953e-06
3.46414e-06
3.65734e-06
3.87411e-06
4.11448e-06
4.37927e-06
4.67012e-06
4.98804e-06
5.33435e-06
5.71127e-06
6.12076e-06
6.56464e-06
7.04473e-06
7.56284e-06
8.12072e-06
8.72002e-06
9.36223e-06
1.00487e-05
1.07804e-05
1.15582e-05
1.23822e-05
1.32532e-05
1.41741e-05
1.51436e-05
1.61223e-05
1.70517e-05
1.79247e-05
1.88779e-05
1.98118e-05
2.03713e-05
2.04852e-05
2.01774e-05
1.95052e-05
1.85598e-05
1.7229e-05
1.55595e-05
1.39995e-05
1.25499e-05
1.12403e-05
1.00646e-05
9.00952e-06
8.0599e-06
7.19423e-06
6.39971e-06
5.66982e-06
4.98348e-06
4.34804e-06
3.74813e-06
3.18488e-06
2.6474e-06
2.13108e-06
1.62031e-06
1.1024e-06
5.60343e-07
-2.28415e-08
-6.57817e-07
-1.35604e-06
-2.12524e-06
-2.96807e-06
-3.88592e-06
-4.875e-06
-5.92308e-06
-7.01997e-06
-8.15191e-06
-9.28838e-06
-1.04065e-05
-1.14803e-05
-1.24694e-05
-1.33328e-05
-1.40335e-05
-1.45363e-05
-1.47901e-05
-1.47433e-05
-1.43799e-05
-1.36046e-05
-1.24142e-05
-1.07695e-05
-8.68096e-06
-6.21681e-06
-3.44622e-06
-4.71136e-07
2.44503e-06
5.2241e-06
7.65598e-06
9.65379e-06
1.11654e-05
1.21725e-05
1.27027e-05
1.28216e-05
1.25954e-05
1.21051e-05
1.15252e-05
1.08795e-05
1.02424e-05
9.69396e-06
9.25629e-06
8.89703e-06
8.57007e-06
8.21317e-06
7.78598e-06
7.29079e-06
6.65463e-06
5.92012e-06
5.12122e-06
4.29597e-06
3.47489e-06
2.68679e-06
1.93547e-06
1.23034e-06
5.47579e-07
-1.2288e-07
-8.14296e-07
-1.54182e-06
-2.33165e-06
-3.19428e-06
-4.13385e-06
-5.14902e-06
-6.23096e-06
-7.36033e-06
-8.5236e-06
-9.68875e-06
-1.08244e-05
-1.19043e-05
-1.28918e-05
-1.37583e-05
-1.4467e-05
-1.49857e-05
-1.5291e-05
-1.53076e-05
-1.50328e-05
-1.44089e-05
-1.33949e-05
-1.19944e-05
-1.0194e-05
-8.06432e-06
-5.65012e-06
-3.07077e-06
-5.09062e-07
1.95576e-06
4.10611e-06
5.89942e-06
7.233e-06
8.11739e-06
8.54955e-06
8.61807e-06
8.36034e-06
7.90514e-06
7.3917e-06
6.81872e-06
6.28583e-06
5.84335e-06
5.47165e-06
5.37219e-06
5.47778e-06
5.60235e-06
5.69216e-06
5.78819e-06
5.83385e-06
5.84645e-06
5.88125e-06
5.83142e-06
5.75401e-06
5.64547e-06
5.50793e-06
5.3322e-06
5.12306e-06
4.8847e-06
4.62494e-06
4.35113e-06
4.06957e-06
3.78582e-06
3.50461e-06
3.22991e-06
2.96515e-06
2.71349e-06
2.47811e-06
2.26269e-06
2.07176e-06
1.91082e-06
1.78613e-06
1.70414e-06
1.67071e-06
1.68818e-06
1.7486e-06
1.85755e-06
2.01823e-06
2.19075e-06
2.33643e-06
2.42685e-06
2.43018e-06
2.29207e-06
1.93626e-06
1.46106e-06
1.99039e-06
1.90478e-06
1.86089e-06
1.85044e-06
1.86703e-06
1.9064e-06
1.96465e-06
2.03899e-06
2.12834e-06
2.23207e-06
2.35008e-06
2.4825e-06
2.62979e-06
2.79355e-06
2.97397e-06
3.17065e-06
3.38516e-06
3.6185e-06
3.87135e-06
4.14448e-06
4.43866e-06
4.75464e-06
5.09307e-06
5.45444e-06
5.83907e-06
6.24694e-06
6.67752e-06
7.12963e-06
7.60184e-06
8.09366e-06
8.60207e-06
9.10203e-06
9.55839e-06
9.97763e-06
1.05102e-05
1.11168e-05
1.14586e-05
1.14923e-05
1.1278e-05
1.08812e-05
1.03645e-05
9.59841e-06
8.6657e-06
7.90597e-06
7.18971e-06
6.5634e-06
5.99403e-06
5.46286e-06
4.96456e-06
4.49125e-06
4.0446e-06
3.62751e-06
3.22821e-06
2.86053e-06
2.51064e-06
2.18435e-06
1.87291e-06
1.57667e-06
1.28275e-06
9.86496e-07
6.73561e-07
3.33968e-07
-4.08419e-08
-4.58836e-07
-9.26279e-07
-1.44563e-06
-2.0192e-06
-2.6459e-06
-3.31751e-06
-4.0288e-06
-4.77222e-06
-5.5265e-06
-6.28477e-06
-7.04753e-06
-7.76674e-06
-8.39866e-06
-8.94375e-06
-9.37188e-06
-9.64376e-06
-9.71988e-06
-9.58971e-06
-9.17567e-06
-8.48031e-06
-7.46006e-06
-6.11285e-06
-4.44912e-06
-2.57225e-06
-5.33335e-07
1.47061e-06
3.35119e-06
4.94783e-06
6.20113e-06
7.0845e-06
7.62179e-06
7.85248e-06
7.82548e-06
7.61528e-06
7.3101e-06
7.06626e-06
6.76328e-06
6.53162e-06
6.37136e-06
6.25999e-06
6.16127e-06
6.04215e-06
5.8259e-06
5.54294e-06
5.25131e-06
4.77164e-06
4.21499e-06
3.61526e-06
3.0074e-06
2.42065e-06
1.87527e-06
1.37258e-06
9.15671e-07
4.86243e-07
7.44017e-08
-3.42817e-07
-7.77263e-07
-1.24606e-06
-1.77136e-06
-2.34485e-06
-2.98121e-06
-3.65287e-06
-4.36743e-06
-5.12141e-06
-5.89288e-06
-6.66128e-06
-7.40948e-06
-8.11016e-06
-8.74116e-06
-9.27432e-06
-9.68583e-06
-9.95794e-06
-1.00315e-05
-9.90749e-06
-9.53656e-06
-8.88445e-06
-7.95631e-06
-6.71597e-06
-5.23394e-06
-3.54888e-06
-1.74635e-06
1.48372e-08
1.65902e-06
3.02867e-06
4.09711e-06
4.81059e-06
5.19912e-06
5.30057e-06
5.1881e-06
4.90565e-06
4.6209e-06
4.32121e-06
4.0277e-06
3.80529e-06
3.65008e-06
3.51869e-06
3.56703e-06
3.69062e-06
3.94508e-06
4.0732e-06
4.12733e-06
4.11629e-06
4.0833e-06
4.06558e-06
4.00042e-06
3.92008e-06
3.82032e-06
3.70878e-06
3.58079e-06
3.43706e-06
3.27969e-06
3.11273e-06
2.93981e-06
2.76418e-06
2.58877e-06
2.41603e-06
2.24797e-06
2.08617e-06
1.9317e-06
1.7854e-06
1.64817e-06
1.5213e-06
1.40655e-06
1.30619e-06
1.22268e-06
1.15839e-06
1.11387e-06
1.0861e-06
1.08359e-06
1.0974e-06
1.11573e-06
1.13612e-06
1.14175e-06
1.11787e-06
1.02633e-06
7.861e-07
4.52e-07
7.33702e-07
6.85475e-07
6.70606e-07
6.69652e-07
6.76254e-07
6.87834e-07
7.03057e-07
7.21186e-07
7.42763e-07
7.68143e-07
7.97803e-07
8.32214e-07
8.71631e-07
9.15453e-07
9.64757e-07
1.02047e-06
1.0818e-06
1.14865e-06
1.22125e-06
1.29977e-06
1.38436e-06
1.47516e-06
1.57231e-06
1.6759e-06
1.78583e-06
1.90166e-06
2.02256e-06
2.1477e-06
2.27555e-06
2.40452e-06
2.53215e-06
2.64957e-06
2.74532e-06
2.82894e-06
2.98834e-06
3.20968e-06
3.31248e-06
3.28978e-06
3.20223e-06
3.09672e-06
2.99836e-06
2.8406e-06
2.66304e-06
2.5759e-06
2.49025e-06
2.42352e-06
2.34132e-06
2.2322e-06
2.09872e-06
1.94429e-06
1.77791e-06
1.60877e-06
1.43801e-06
1.27811e-06
1.12613e-06
9.87341e-07
8.60502e-07
7.46735e-07
6.38726e-07
5.35569e-07
4.29573e-07
3.15749e-07
1.88532e-07
4.21861e-08
-1.28321e-07
-3.2682e-07
-5.56479e-07
-8.19785e-07
-1.11479e-06
-1.4398e-06
-1.79303e-06
-2.17062e-06
-2.59967e-06
-3.13366e-06
-3.52565e-06
-3.85279e-06
-4.18762e-06
-4.49387e-06
-4.73817e-06
-4.89349e-06
-4.94358e-06
-4.8435e-06
-4.58852e-06
-4.15342e-06
-3.5339e-06
-2.71041e-06
-1.78263e-06
-7.83125e-07
1.83489e-07
1.02103e-06
1.67994e-06
2.13158e-06
2.37725e-06
2.49094e-06
2.54288e-06
2.5761e-06
2.6333e-06
2.74594e-06
2.95012e-06
3.1617e-06
3.39888e-06
3.61283e-06
3.7592e-06
3.81999e-06
3.81513e-06
3.61613e-06
3.17253e-06
2.77683e-06
2.37649e-06
1.99764e-06
1.64435e-06
1.3274e-06
1.05191e-06
8.16668e-07
6.14193e-07
4.4029e-07
2.83695e-07
1.38072e-07
-6.89363e-09
-1.56134e-07
-3.08102e-07
-5.17236e-07
-7.43535e-07
-1.03058e-06
-1.28941e-06
-1.58323e-06
-1.91528e-06
-2.27387e-06
-2.65025e-06
-3.03723e-06
-3.42095e-06
-3.78784e-06
-4.12033e-06
-4.40365e-06
-4.62083e-06
-4.73804e-06
-4.74978e-06
-4.62422e-06
-4.34018e-06
-3.89959e-06
-3.27617e-06
-2.52063e-06
-1.67066e-06
-7.93064e-07
-7.84636e-09
6.35809e-07
1.12662e-06
1.46626e-06
1.64944e-06
1.69889e-06
1.70167e-06
1.72874e-06
1.78779e-06
1.94026e-06
2.10743e-06
2.30695e-06
2.50484e-06
2.64619e-06
2.69486e-06
2.7806e-06
2.78806e-06
2.64283e-06
2.52062e-06
2.36597e-06
2.19341e-06
2.0451e-06
1.93986e-06
1.8419e-06
1.75019e-06
1.66638e-06
1.5942e-06
1.5285e-06
1.46568e-06
1.40447e-06
1.3446e-06
1.2861e-06
1.22941e-06
1.17552e-06
1.12599e-06
1.0812e-06
1.04053e-06
1.0035e-06
9.69196e-07
9.36058e-07
9.0177e-07
8.63146e-07
8.16047e-07
7.5551e-07
6.76325e-07
5.73971e-07
4.4657e-07
3.00183e-07
1.42148e-07
-9.72307e-09
-1.30171e-07
-2.03132e-07
-2.21117e-07
-2.00553e-07
-1.99597e-07
-2.65553e-07
)
;

boundaryField
{
    inlet
    {
        type            zeroGradient;
    }
    outlet
    {
        type            fixedValue;
        value           uniform 0;
    }
    walls
    {
        type            zeroGradient;
    }
    frontAndBack
    {
        type            empty;
    }
}


// ************************************************************************* //
