/*--------------------------------*- C++ -*----------------------------------*\
| =========                 |                                                 |
| \\      /  F ield         | OpenFOAM: The Open Source CFD Toolbox           |
|  \\    /   O peration     | Version:  2506                                  |
|   \\  /    A nd           | Website:  www.openfoam.com                      |
|    \\/     M anipulation  |                                                 |
\*---------------------------------------------------------------------------*/
FoamFile
{
    version     2.0;
    format      ascii;
    arch        "LSB;label=32;scalar=64";
    class       volScalarField;
    location    "4.78";
    object      s;
}
// * * * * * * * * * * * * * * * * * * * * * * * * * * * * * * * * * * * * * //

dimensions      [0 0 0 0 0 0 0];

internalField   nonuniform List<scalar> 
4000
(
6.30932e-23
-4.02292e-22
2.21638e-21
-1.14348e-20
5.31022e-20
-2.08332e-19
6.22302e-19
-1.03567e-18
-1.40853e-18
1.5139e-17
-4.13678e-17
7.84853e-18
3.70878e-16
-1.38474e-15
-2.66538e-14
-2.79152e-13
-2.09159e-12
-3.71763e-11
-7.9788e-10
-9.8608e-10
7.86739e-09
1.4917e-07
1.98535e-06
1.90233e-05
0.000145508
0.000950941
0.00551919
0.0253866
0.0697344
0.124972
0.145302
0.146454
0.139948
0.116483
0.0565396
0.00947632
0.0047576
0.0056943
0.00704941
0.00855014
0.010288
0.0119384
0.0129456
0.0138468
0.0148091
0.0154416
0.0159342
0.0164729
0.0170596
0.0177309
0.0185469
0.0194334
0.0205531
0.0218512
0.0234197
0.0252392
0.027341
0.0298129
0.0326604
0.0359887
0.0396772
0.0434967
0.0470678
0.0500238
0.0521473
0.0533826
0.0537986
0.0533979
0.0515183
0.0419463
0.0233215
0.00825523
0.00422385
0.00265102
0.00150192
0.000792967
0.000406708
0.00020587
9.98276e-05
4.36667e-05
1.79051e-05
8.07482e-06
3.93722e-06
1.91721e-06
9.14532e-07
4.17318e-07
1.8273e-07
7.77129e-08
3.22015e-08
1.2918e-08
4.98208e-09
1.84868e-09
6.54589e-10
2.13833e-10
4.81289e-11
-3.75916e-11
-1.46004e-10
-3.17751e-10
-5.53923e-10
-8.73123e-10
-8.87069e-10
-2.97925e-09
-1.56032e-08
-5.0601e-08
-1.1728e-07
-2.34023e-07
-4.07199e-07
-6.13191e-07
-8.54514e-07
-1.09027e-06
-1.22614e-06
-1.16234e-06
-7.13654e-07
1.9504e-07
1.68704e-06
3.69452e-06
3.49644e-05
0.000177885
0.000418519
0.000750774
0.0011631
0.00159931
0.00202846
0.00245222
0.00283121
0.00316091
0.00343689
0.00364794
0.00381065
0.00395301
0.00401359
0.00405623
0.00413516
0.00413588
0.00414934
0.00426456
0.00422712
0.00431255
0.00430637
0.00428396
0.00417913
0.00394188
0.00350911
0.00303883
0.00258142
0.00214901
0.00174224
0.00136839
0.00103237
0.000740698
0.000502124
0.000319731
0.000191894
0.000109361
5.96811e-05
3.13659e-05
1.59281e-05
7.79638e-06
3.59178e-06
1.43454e-06
3.7091e-07
-2.70165e-07
-8.59469e-07
-1.4715e-06
-2.1754e-06
-3.04868e-06
-4.03065e-06
-4.18886e-06
-3.93014e-06
-3.48244e-06
-2.8867e-06
-2.14093e-06
-1.2496e-06
-2.39995e-07
3.31934e-06
1.14795e-05
2.32357e-05
3.45812e-05
3.49104e-05
2.64058e-05
1.59216e-05
8.40989e-06
5.69349e-06
5.1546e-06
4.82911e-06
4.46576e-06
4.04847e-06
3.59262e-06
3.11552e-06
2.6368e-06
2.17717e-06
1.75444e-06
1.38086e-06
1.06249e-06
8.00007e-07
5.89934e-07
4.25813e-07
2.99449e-07
2.0278e-07
1.29309e-07
5.24832e-23
-2.49269e-22
9.26392e-22
-3.17015e-21
9.45227e-21
-2.28531e-20
3.84533e-20
-1.96185e-20
-1.07121e-19
2.82185e-19
3.28866e-20
-3.02032e-19
-1.39676e-17
1.17772e-16
-4.86072e-16
-5.71504e-15
-3.37088e-14
-5.79487e-13
-9.51466e-12
-6.54856e-11
5.86631e-11
2.2429e-09
3.42394e-08
3.6608e-07
3.09366e-06
2.2286e-05
0.000135656
0.000620829
0.00195532
0.0047782
0.00889372
0.0139118
0.0196525
0.0264101
0.0296162
0.0290589
0.027578
0.0251697
0.0224289
0.0195948
0.0165472
0.0138543
0.0115319
0.0100897
0.00894612
0.00804133
0.00728853
0.00670752
0.00623255
0.00584746
0.00555171
0.00529565
0.00511731
0.00495881
0.00493426
0.00503022
0.00529423
0.00584183
0.00653771
0.00774136
0.00925293
0.0112786
0.0139093
0.0169176
0.0204064
0.0239413
0.0276406
0.0310843
0.0343079
0.0363112
0.0362664
0.0355465
0.0351569
0.0351142
0.0352432
0.0353417
0.0349417
0.0333998
0.0293164
0.0193904
0.00799338
0.00292757
0.00160843
0.000937089
0.000511119
0.000256245
0.000118917
5.26773e-05
2.28811e-05
9.72772e-06
4.02665e-06
1.61728e-06
6.31768e-07
2.41934e-07
9.03726e-08
3.13799e-08
6.61239e-09
-8.90501e-09
-3.37896e-08
-8.04653e-08
-1.40608e-07
-2.29562e-07
-4.01912e-07
-7.46295e-07
-1.24623e-06
-1.95149e-06
-2.58305e-06
-2.71175e-06
-1.88602e-06
3.64725e-07
0.000320396
0.00114291
0.00257321
0.00453836
0.00699784
0.00969246
0.0125333
0.0157226
0.0190046
0.0222404
0.0252615
0.0279007
0.0301546
0.0321001
0.0337634
0.035178
0.0363763
0.0373782
0.0382195
0.0389608
0.0395676
0.0400833
0.0405905
0.0410165
0.0414011
0.0418515
0.0421901
0.0425792
0.0429147
0.0432225
0.0434715
0.043626
0.0436153
0.043456
0.0427535
0.0418567
0.0402011
0.0381245
0.0355282
0.0323257
0.0288669
0.024859
0.020807
0.0164991
0.0121804
0.00813997
0.00526678
0.00331877
0.00203412
0.00118107
0.000718572
0.000411785
0.000217545
0.000111605
5.89805e-05
4.51694e-05
0.000549691
0.00146913
0.00244297
0.00334698
0.00413556
0.00482171
0.00545382
0.00609508
0.00680499
0.00762861
0.00858923
0.00964536
0.0105878
0.0112313
0.0114902
0.0113483
0.0108463
0.0100995
0.00923193
0.00833507
0.00748017
0.00671859
0.00602702
0.00535807
0.00469152
0.00403166
0.00339614
0.00280568
0.00227696
0.0018188
0.00143119
0.0011054
0.00082607
0.00057302
1.24704e-23
-4.33369e-23
5.00428e-23
1.10136e-22
-9.81121e-22
3.27071e-21
-4.93725e-21
-8.86093e-21
7.51518e-20
-1.98415e-19
1.04596e-19
1.18858e-18
-5.41172e-18
1.00257e-17
1.11968e-17
-1.59893e-18
-2.67555e-17
-1.48476e-16
-3.61942e-13
1.58787e-12
2.61774e-13
4.42651e-13
8.93402e-12
9.80306e-11
8.34037e-10
5.73158e-09
2.98302e-08
1.0897e-07
3.12901e-07
6.52038e-07
1.4741e-06
2.92187e-06
5.54048e-06
9.24839e-05
0.00142929
0.00243602
0.00282959
0.00292911
0.00277648
0.00244073
0.00196285
0.00153823
0.00123176
0.00101014
0.000853974
0.000740211
0.000652885
0.000590587
0.000541955
0.000505718
0.000481001
0.000463363
0.000457189
0.000457152
0.000467297
0.000483431
0.000507219
0.000541826
0.000583732
0.000643907
0.000715701
0.000797131
0.00100176
0.00140906
0.00214475
0.00320841
0.00475144
0.00672769
0.00917484
0.0123456
0.0158422
0.019205
0.0222251
0.0250644
0.0278012
0.0307898
0.0334599
0.0352309
0.0373473
0.0397093
0.0392134
0.0375753
0.0351802
0.0311191
0.023309
0.0130888
0.00517407
0.00260757
0.00160832
0.000991738
0.000583154
0.000321919
0.000166324
8.22809e-05
3.99959e-05
1.92922e-05
9.16613e-06
4.24193e-06
1.79456e-06
5.04529e-07
-2.08582e-07
-3.7987e-07
4.04116e-07
3.34112e-06
1.15896e-05
3.12717e-05
0.00068402
0.0022477
0.00498233
0.00872391
0.0135466
0.0188552
0.0250449
0.0312534
0.0366823
0.0413307
0.0451821
0.0484284
0.050807
0.0523641
0.0532841
0.0539844
0.0546318
0.0552312
0.0557578
0.0561181
0.0563582
0.0565213
0.0566474
0.0566902
0.0567464
0.0567867
0.0568016
0.0568317
0.0568416
0.0568159
0.0568332
0.0568115
0.0568285
0.0568761
0.0569892
0.057218
0.0576044
0.058119
0.0586274
0.0591224
0.0595055
0.0597517
0.0597519
0.0594184
0.0587345
0.0574627
0.0557551
0.0533761
0.0503013
0.0456055
0.0390359
0.031318
0.0236412
0.016138
0.0111829
0.00778687
0.00641663
0.00675263
0.00879321
0.0121195
0.0174095
0.0230496
0.0278818
0.0316494
0.0343659
0.0361305
0.0370638
0.0373496
0.0371866
0.036784
0.0363659
0.0361726
0.0364488
0.0374055
0.0391611
0.0417422
0.0451643
0.0491333
0.0523521
0.0545839
0.0560394
0.056662
0.0562687
0.0548829
0.0528293
0.0504597
0.0480529
0.0458114
0.0438836
0.042352
0.0412797
0.0404614
0.0401918
0.0387502
-4.27363e-24
2.20469e-23
-8.89595e-23
2.71195e-22
-6.29327e-22
9.14283e-22
-3.19586e-23
-4.03219e-21
1.11044e-20
-1.19224e-20
-7.03316e-21
-1.62467e-21
3.41706e-19
-1.86878e-18
4.60339e-18
-1.4027e-18
4.57743e-17
-1.92204e-16
3.03577e-14
8.04146e-14
6.58136e-14
-6.60749e-14
-9.2481e-13
-7.66484e-12
-5.374e-11
-4.06829e-10
-1.39574e-09
-1.7181e-10
1.29661e-08
3.26051e-08
9.14583e-08
1.91827e-07
4.42073e-07
5.31995e-07
-8.92961e-08
-1.78065e-07
-5.95082e-08
1.84473e-07
4.18894e-07
5.63993e-07
5.90805e-07
5.68409e-07
5.4022e-07
5.15976e-07
5.03065e-07
4.99952e-07
5.04387e-07
5.2241e-07
5.48089e-07
5.85204e-07
6.37479e-07
7.03926e-07
7.98446e-07
9.19446e-07
1.08977e-06
1.30129e-06
1.5693e-06
1.92284e-06
2.39544e-06
3.10308e-06
4.11985e-06
5.63828e-06
7.83418e-06
1.07127e-05
1.44163e-05
1.88444e-05
2.4144e-05
2.95983e-05
0.000114538
0.000528524
0.00135559
0.00264253
0.0043385
0.00648601
0.0091182
0.0122277
0.0159169
0.0196824
0.0236528
0.027854
0.0321163
0.0362745
0.038567
0.0413176
0.0431754
0.0423321
0.0401099
0.0373866
0.0337328
0.0279085
0.0205507
0.0121006
0.00575405
0.00333796
0.00222034
0.00156197
0.00115892
0.000913103
0.000658501
0.000432323
0.000284776
0.000447144
0.00132573
0.00322029
0.00637299
0.0105935
0.0161223
0.0230125
0.0306633
0.0374913
0.0434298
0.048195
0.0521809
0.054305
0.0552995
0.0562985
0.0566188
0.0562419
0.0553401
0.0540221
0.0524158
0.0507157
0.0489078
0.0469866
0.0450295
0.043079
0.0412802
0.0396636
0.0382072
0.0368792
0.0357215
0.0347002
0.0337277
0.0328894
0.0321129
0.0313064
0.0306397
0.0299522
0.0293508
0.0288335
0.0284357
0.0282389
0.0283139
0.0287004
0.0297279
0.0311715
0.0334552
0.0362726
0.039556
0.0432147
0.0468231
0.0504205
0.0531359
0.0545199
0.0553976
0.0566748
0.0567658
0.0554169
0.0527078
0.0481188
0.0443693
0.041542
0.0401118
0.0402818
0.0426093
0.0464593
0.0511767
0.0551804
0.0577908
0.0592461
0.0599542
0.0602137
0.0602545
0.060183
0.0600025
0.0597222
0.0593625
0.0589604
0.0585689
0.0582548
0.0581035
0.0582164
0.0586344
0.059322
0.0608128
0.0635995
0.0673584
0.0717132
0.0759165
0.0778985
0.0785657
0.0787564
0.0785826
0.0780676
0.0772295
0.0760787
0.0746606
0.0730748
0.0715503
0.0702643
-2.15596e-24
9.02702e-24
-2.24196e-23
4.04604e-23
-3.91319e-23
-1.86745e-23
7.23524e-23
2.15959e-22
-1.1838e-21
1.12642e-21
8.01367e-21
-4.59557e-20
1.55503e-19
-4.82678e-19
2.19026e-18
-1.46798e-17
8.78e-17
-4.71074e-16
2.35118e-15
2.02146e-15
2.64472e-15
2.72587e-15
5.12606e-16
3.96089e-14
9.16998e-15
-2.58604e-12
1.9334e-12
1.38071e-10
1.43222e-09
5.46357e-09
8.17846e-09
1.1956e-08
2.87437e-08
-2.59451e-08
-1.19205e-07
-1.98849e-07
-2.36623e-07
-2.18458e-07
-1.72999e-07
-1.27282e-07
-9.59371e-08
-7.66632e-08
-6.46298e-08
-5.68484e-08
-5.17211e-08
-4.81533e-08
-4.5476e-08
-4.35451e-08
-4.19736e-08
-4.07542e-08
-3.98947e-08
-3.93167e-08
-3.92434e-08
-3.95954e-08
-4.06791e-08
-4.18908e-08
-4.25902e-08
-4.33663e-08
-4.58252e-08
-5.24421e-08
-6.52801e-08
-8.71386e-08
-1.16552e-07
-1.45826e-07
-1.51941e-07
-9.88626e-08
5.46121e-08
3.49174e-07
6.37371e-07
7.53749e-07
8.16655e-07
9.58448e-07
1.14692e-06
4.7094e-05
0.000350389
0.000965192
0.0019979
0.00351878
0.00558331
0.00831572
0.0117118
0.0160838
0.0205644
0.0253473
0.0301131
0.0349305
0.0392518
0.0416567
0.0435148
0.045684
0.0459679
0.0451918
0.0435819
0.0416013
0.0389103
0.0353906
0.031308
0.0274305
0.0231712
0.0193821
0.0173494
0.0183717
0.0223407
0.0284698
0.0356907
0.0426245
0.0486339
0.053735
0.0564632
0.0573566
0.0580903
0.0578184
0.0565282
0.0542728
0.0512836
0.0479081
0.0436693
0.039126
0.0347412
0.0305377
0.0266407
0.0231808
0.0201899
0.0176352
0.0154883
0.0136966
0.0122057
0.0109704
0.00995794
0.00912807
0.00845906
0.00790397
0.00741432
0.00700558
0.00663982
0.00629223
0.00600423
0.00572774
0.00549166
0.00529284
0.00513861
0.00504906
0.00503767
0.00511546
0.00545062
0.00600739
0.00706749
0.00863392
0.0108803
0.0141597
0.0181472
0.0232785
0.0293033
0.0357577
0.0415235
0.0469345
0.0514838
0.0544358
0.0557472
0.0564226
0.0576143
0.0585995
0.0597254
0.06086
0.0619497
0.0629111
0.0632828
0.0630912
0.062529
0.0616989
0.0607211
0.0596971
0.0587014
0.0577725
0.0569471
0.0562853
0.0558395
0.0556464
0.0557191
0.0560457
0.0565999
0.0573548
0.0583107
0.0595037
0.0609054
0.0623313
0.0636324
0.06517
0.067511
0.0708342
0.0742355
0.0765441
0.0778201
0.0783929
0.0784953
0.0782046
0.0774784
0.0760214
0.0736543
0.0684708
-4.48009e-26
3.58763e-26
1.32204e-24
-5.78043e-24
1.29164e-23
-5.05541e-24
-5.89376e-23
1.98495e-22
-2.72836e-22
-7.6188e-23
1.00721e-21
-1.80934e-21
2.61314e-21
-2.4422e-20
2.37533e-19
-1.40965e-18
5.41512e-18
-1.58506e-17
-1.65487e-18
-1.58904e-17
1.14964e-16
-2.8444e-16
1.47214e-15
-9.45511e-15
1.65673e-13
3.15789e-13
-3.7059e-13
2.73907e-11
7.08711e-11
1.78626e-10
2.61891e-10
1.35886e-09
5.48649e-10
-1.00695e-08
-1.39923e-08
-1.41073e-08
-1.1789e-08
-9.06193e-09
-6.74226e-09
-4.90952e-09
-3.47552e-09
-2.49919e-09
-1.86634e-09
-1.44893e-09
-1.16961e-09
-9.71278e-10
-8.21376e-10
-7.1039e-10
-6.21434e-10
-5.52008e-10
-4.99497e-10
-4.59909e-10
-4.36935e-10
-4.27037e-10
-4.33717e-10
-8.07761e-10
-2.04831e-09
-4.32793e-09
-7.6625e-09
-1.30945e-08
-2.1596e-08
-3.53842e-08
-5.55792e-08
-7.92476e-08
-1.00593e-07
-1.16226e-07
-1.10689e-07
-8.30833e-08
-2.99506e-08
3.80202e-08
1.34103e-07
2.16915e-07
4.63501e-07
5.70572e-07
8.1081e-07
1.03026e-06
1.1578e-06
9.51061e-07
7.10454e-06
0.000213267
0.000738521
0.00171587
0.00322762
0.00533694
0.00806248
0.0116521
0.0161912
0.0208854
0.025539
0.0302706
0.0350129
0.0403255
0.0435887
0.0455796
0.0469326
0.0482911
0.0503618
0.0524663
0.053804
0.0551223
0.0566289
0.0582725
0.0598758
0.061176
0.0618563
0.0618554
0.0610767
0.0592777
0.0564265
0.0526879
0.0484746
0.0430738
0.037232
0.0313462
0.0257378
0.0207399
0.0164669
0.0129174
0.0100545
0.0077662
0.00608078
0.00486538
0.00397351
0.00330266
0.00279151
0.00239626
0.00208706
0.00184293
0.00164714
0.00148708
0.00135701
0.00124842
0.00115343
0.00107385
0.00100286
0.000937416
0.000882412
0.000831069
0.000787135
0.000750226
0.000720995
0.000702454
0.000695862
0.00070404
0.00072532
0.000757972
0.000813196
0.000889551
0.00100539
0.0014264
0.00230111
0.00397658
0.00662463
0.0108005
0.0162753
0.0227449
0.029962
0.0376541
0.0441263
0.0494129
0.0528442
0.0549187
0.0562218
0.056829
0.0565516
0.055348
0.0527595
0.0494072
0.0458956
0.0424723
0.0392757
0.0363823
0.0338266
0.0316139
0.0297434
0.0281761
0.0269026
0.0259308
0.0252766
0.0249658
0.0250359
0.025536
0.0265235
0.0280585
0.0301929
0.0329536
0.0363208
0.0402103
0.0444751
0.0489106
0.0532988
0.0574292
0.0611069
0.0641545
0.066413
0.067723
0.0680052
0.0669461
0.0655953
0.0598563
7.67814e-26
-3.14932e-25
7.99201e-25
-1.35389e-24
7.7748e-25
2.75702e-24
-7.27284e-24
4.47262e-24
3.64133e-24
4.7281e-23
-3.33544e-22
1.19288e-21
-3.62959e-21
1.26632e-20
-5.87911e-20
3.07486e-19
-1.41096e-18
5.16781e-18
-1.17325e-17
-3.25534e-17
-2.86666e-18
-2.22621e-16
7.17102e-16
-6.1008e-16
1.13401e-14
7.13436e-14
4.76203e-13
1.79605e-12
3.59128e-12
8.42471e-12
1.30972e-11
1.96741e-10
-5.42935e-10
-1.24454e-09
-9.05274e-10
-5.6363e-10
-3.58544e-10
-1.935e-10
-9.01069e-11
-3.61201e-11
-1.21199e-11
-3.35856e-12
-9.57501e-13
-5.53898e-13
-1.59708e-13
1.21321e-12
3.63787e-12
6.87987e-12
1.07417e-11
1.50668e-11
1.97359e-11
2.46541e-11
2.98825e-11
3.5387e-11
4.14146e-11
4.81784e-11
5.48944e-11
6.43611e-11
7.98663e-11
1.23202e-10
-1.92734e-10
-1.64609e-09
-5.06397e-09
-1.09406e-08
-1.94109e-08
-3.21436e-08
-4.98602e-08
-6.45231e-08
-6.70028e-08
-5.75646e-08
-2.18962e-08
3.6705e-08
1.18927e-07
1.93756e-07
2.58438e-07
3.15599e-07
3.06937e-07
4.01392e-07
6.30835e-07
9.24468e-07
1.12958e-06
1.15626e-06
1.00165e-06
3.34886e-06
0.000106114
0.00050838
0.00132499
0.00260086
0.00435709
0.00656101
0.00928348
0.0129772
0.0172429
0.0216907
0.0263112
0.0308623
0.0352187
0.0387765
0.0415189
0.0433434
0.0445883
0.0452726
0.045418
0.0448909
0.0434305
0.0410197
0.0376232
0.0334239
0.0284957
0.0233262
0.0184037
0.0140643
0.010419
0.00753048
0.00545695
0.00400968
0.00298424
0.00224517
0.00170966
0.00131793
0.00102712
0.000810992
0.000649588
0.000528084
0.000436326
0.000366367
0.000312513
0.000270656
0.000237604
0.000211008
0.0001896
0.000171913
0.000156608
0.000143833
0.000132494
0.000122206
0.000113469
0.000105437
9.85106e-05
9.26613e-05
8.7906e-05
8.46354e-05
8.29237e-05
8.32216e-05
8.51337e-05
8.84062e-05
9.42126e-05
0.000102677
0.000114735
0.000132776
0.000157596
0.00019356
0.000225647
0.000605031
0.00179637
0.00416284
0.00794699
0.0137651
0.0203068
0.0273855
0.0324881
0.0359058
0.0377643
0.038185
0.0368427
0.0340515
0.0299341
0.0254707
0.0214358
0.0180204
0.0152163
0.0129473
0.0111236
0.00966276
0.00849513
0.00756488
0.00685079
0.00631997
0.00594145
0.00569541
0.00557347
0.00557774
0.0057203
0.00602336
0.00651937
0.0072511
0.00827177
0.00964447
0.0114475
0.0138204
0.0168917
0.0204824
0.0243851
0.0283823
0.0322291
0.0356573
0.0384635
0.0403054
0.0415705
0.0406497
4.70203e-27
-1.61534e-26
1.26333e-26
3.01114e-26
-7.18925e-26
-3.15524e-25
1.69477e-24
-3.11552e-24
-5.30917e-26
1.35429e-23
-3.88909e-23
1.00636e-22
-4.21053e-22
2.2117e-21
-1.10143e-20
4.61599e-20
-1.52221e-19
3.70047e-19
-3.31855e-19
-5.6651e-19
-1.68721e-18
-1.04738e-17
1.94167e-17
6.40519e-17
6.45076e-17
3.76104e-15
1.71904e-14
5.36092e-14
1.39412e-13
3.00712e-13
3.95039e-12
-1.2131e-11
-5.16292e-11
-2.70492e-11
1.0556e-11
2.55632e-11
2.42762e-11
1.96042e-11
1.5129e-11
1.14147e-11
8.3072e-12
5.01633e-12
2.73446e-12
1.57807e-12
1.15374e-12
1.06114e-12
1.03457e-12
1.13967e-12
1.34491e-12
1.57702e-12
1.81939e-12
2.0757e-12
2.35337e-12
2.63522e-12
2.97233e-12
3.30082e-12
4.71534e-12
8.06404e-12
1.48558e-11
2.51277e-11
4.50918e-11
4.64016e-11
3.92138e-11
3.66885e-11
1.38302e-10
-3.67773e-10
-3.7879e-09
-1.01966e-08
-2.01945e-08
-2.94204e-08
-3.39477e-08
-2.88431e-08
-1.50531e-08
1.00839e-08
4.84196e-08
9.62109e-08
1.46992e-07
2.15088e-07
2.731e-07
3.21224e-07
3.32495e-07
3.44222e-07
4.28683e-07
6.39517e-07
1.21192e-06
1.81514e-06
2.41024e-06
3.75334e-06
9.21461e-06
3.49595e-05
0.000176047
0.000570401
0.00128026
0.00228205
0.00359705
0.00511644
0.00692548
0.00911617
0.0118729
0.0146148
0.0168876
0.0182619
0.0186443
0.018056
0.0165761
0.0144745
0.0119654
0.00933409
0.00682636
0.00484813
0.00342439
0.00242181
0.00171575
0.00121972
0.0008661
0.000616797
0.000441406
0.000318074
0.000231659
0.000170765
0.00012753
9.67679e-05
7.46589e-05
5.85931e-05
4.68632e-05
3.82155e-05
3.17803e-05
2.6941e-05
2.32353e-05
2.03351e-05
1.80488e-05
1.6186e-05
1.45783e-05
1.32357e-05
1.2025e-05
1.09151e-05
9.94672e-06
9.0419e-06
8.23524e-06
7.53012e-06
6.92248e-06
6.44902e-06
6.10788e-06
5.93943e-06
5.90586e-06
5.97671e-06
6.25341e-06
6.75493e-06
7.59471e-06
8.99344e-06
1.11339e-05
1.47085e-05
2.03228e-05
2.89128e-05
3.81546e-05
4.37871e-05
0.000174161
0.00122852
0.003265
0.00664332
0.00977566
0.0121479
0.0133721
0.0134213
0.0121644
0.0101199
0.00768865
0.00558557
0.00413059
0.00316088
0.00249922
0.00203258
0.00169451
0.00144474
0.0012577
0.0011167
0.00101044
0.000931383
0.000874659
0.000837378
0.000818346
0.000818011
0.000838629
0.000884624
0.000963073
0.00108423
0.00126199
0.00151415
0.00186223
0.00232844
0.00293402
0.00369402
0.00461222
0.00567712
0.00686171
0.00812395
0.0094253
0.0106858
0.0118555
0.0129847
-9.11476e-28
3.42883e-27
-7.57877e-27
7.47076e-27
1.7663e-26
-8.4367e-26
1.31724e-25
-7.77362e-26
2.1916e-25
-1.77419e-24
6.44675e-24
-1.5677e-23
3.60986e-23
-1.10416e-22
4.57581e-22
-1.99608e-21
7.02324e-21
-1.48909e-20
-2.47535e-20
4.25313e-19
-7.47542e-19
4.42996e-18
-1.01815e-17
2.4666e-17
4.20695e-18
8.79401e-17
3.59707e-16
2.06804e-15
6.83589e-15
2.0566e-14
9.10968e-13
-2.52861e-12
-3.40684e-12
-2.95117e-12
1.27923e-12
5.23574e-12
6.59645e-12
6.16461e-12
4.85879e-12
3.32955e-12
1.89279e-12
8.74953e-13
3.05e-13
2.09936e-14
-8.44933e-14
-1.0087e-13
-7.1295e-14
2.33272e-16
1.085e-13
2.04723e-13
2.31705e-13
1.85967e-13
8.95957e-14
-3.56699e-14
-1.23313e-13
-1.29389e-13
-4.93369e-14
9.56625e-14
4.51892e-13
4.19175e-13
4.37573e-12
8.87141e-12
1.12573e-11
1.66926e-11
3.01062e-11
7.17337e-11
1.31817e-10
3.65762e-10
-1.76635e-10
-2.3358e-09
-6.38096e-09
-1.12816e-08
-1.48065e-08
-1.41005e-08
-9.39538e-09
-1.0416e-09
1.57444e-08
4.14073e-08
7.55021e-08
1.23081e-07
1.7184e-07
2.15851e-07
2.88056e-07
3.83003e-07
5.05714e-07
6.9162e-07
9.88664e-07
1.33013e-06
2.00028e-06
3.77369e-06
5.42316e-06
6.96676e-06
9.16644e-06
1.45318e-05
3.01768e-05
7.09682e-05
0.000161465
0.000320302
0.000559633
0.000859077
0.00119561
0.00151091
0.00175812
0.00188854
0.00186878
0.0017139
0.00145594
0.00115845
0.000872215
0.00062614
0.000432535
0.000290206
0.000190834
0.000123997
7.96009e-05
5.0577e-05
3.16068e-05
1.92035e-05
1.11399e-05
5.91538e-06
2.55365e-06
4.21574e-07
-8.89742e-07
-1.62439e-06
-1.96452e-06
-2.05037e-06
-1.98169e-06
-1.82779e-06
-1.63584e-06
-1.43605e-06
-1.24596e-06
-1.07779e-06
-9.3861e-07
-8.27397e-07
-7.45906e-07
-6.91477e-07
-6.61913e-07
-6.57254e-07
-6.7585e-07
-7.19518e-07
-7.89911e-07
-8.84811e-07
-1.00003e-06
-1.13219e-06
-1.2799e-06
-1.43898e-06
-1.60379e-06
-1.76946e-06
-1.9273e-06
-2.06117e-06
-2.15427e-06
-2.14546e-06
-1.93976e-06
-1.25549e-06
3.28646e-07
3.58396e-06
7.63522e-06
1.03582e-05
8.76755e-06
1.79379e-05
0.000258704
0.000530595
0.000643359
0.000669643
0.000612851
0.000514535
0.000403787
0.000315015
0.000249941
0.000201815
0.000165918
0.000138929
0.000118488
0.000102905
9.09813e-05
8.18781e-05
7.4999e-05
6.99328e-05
6.64215e-05
6.43395e-05
6.36911e-05
6.46271e-05
6.74895e-05
7.28851e-05
8.17836e-05
9.56369e-05
0.000116507
0.000147155
0.000191123
0.000252085
0.000333998
0.000440435
0.000573604
0.00073328
0.000915816
0.00111332
0.00131355
0.00150196
0.00166547
0.00181338
-3.45806e-29
1.19615e-28
-1.37862e-28
8.93464e-29
-7.01897e-28
4.99366e-27
-1.22152e-26
4.39808e-27
5.74465e-26
-2.06504e-25
5.62598e-25
-2.10082e-24
9.73963e-24
-4.28551e-23
1.67162e-22
-5.59698e-22
1.51316e-21
-2.83028e-21
4.07604e-22
1.62521e-20
-5.68668e-20
4.1745e-19
-7.88892e-19
3.98087e-19
4.0024e-18
-2.12303e-17
-2.35975e-17
9.93003e-17
7.13069e-17
3.06214e-15
-2.67348e-14
2.69778e-14
8.97205e-15
1.01361e-13
4.26176e-13
9.12109e-13
1.18937e-12
1.2071e-12
1.00504e-12
7.20284e-13
4.69988e-13
3.15744e-13
3.04719e-13
3.71255e-13
4.69834e-13
5.56496e-13
6.12559e-13
6.34768e-13
6.16819e-13
5.30218e-13
2.8886e-13
-1.02666e-13
-5.88901e-13
-1.13572e-12
-1.69229e-12
-2.20642e-12
-2.59475e-12
-2.83846e-12
-2.92121e-12
-2.81514e-12
-2.48333e-12
-2.00132e-12
-1.65562e-12
3.80936e-13
6.7932e-13
8.00593e-12
4.31921e-11
1.01951e-10
1.52525e-10
2.43361e-10
3.52552e-10
-1.99289e-10
-1.65404e-09
-3.67507e-09
-5.32176e-09
-5.64354e-09
-4.24927e-09
-2.36608e-09
1.46252e-09
1.03547e-08
2.56934e-08
4.63207e-08
7.73277e-08
1.18307e-07
1.66351e-07
2.3114e-07
3.37431e-07
4.73284e-07
5.84376e-07
7.52002e-07
9.61306e-07
1.21764e-06
1.54179e-06
2.02299e-06
2.71424e-06
3.41478e-06
3.98891e-06
4.29375e-06
4.2717e-06
3.87371e-06
3.16816e-06
2.19422e-06
9.94525e-07
-3.49517e-07
-1.73431e-06
-3.08181e-06
-4.33619e-06
-5.45373e-06
-6.40821e-06
-7.18345e-06
-7.77789e-06
-8.19537e-06
-8.45149e-06
-8.57131e-06
-8.57753e-06
-8.49231e-06
-8.3171e-06
-8.05795e-06
-7.72022e-06
-7.31816e-06
-6.88398e-06
-6.473e-06
-5.8598e-06
-5.18381e-06
-4.51419e-06
-3.88813e-06
-3.32455e-06
-2.83052e-06
-2.40521e-06
-2.04399e-06
-1.74152e-06
-1.49109e-06
-1.28345e-06
-1.11461e-06
-9.79116e-07
-8.71667e-07
-7.96911e-07
-7.55597e-07
-7.38769e-07
-7.36531e-07
-7.39285e-07
-7.46044e-07
-7.58569e-07
-7.87718e-07
-8.39774e-07
-9.16729e-07
-1.03146e-06
-1.18656e-06
-1.38062e-06
-1.61086e-06
-1.85119e-06
-2.08064e-06
-2.22348e-06
-2.21818e-06
-2.04256e-06
-1.56841e-06
-5.21084e-07
5.07305e-07
2.17719e-06
4.16546e-06
5.00997e-06
4.99057e-06
4.97541e-06
4.81049e-06
4.43388e-06
3.9464e-06
3.39387e-06
2.91874e-06
2.54195e-06
2.23725e-06
1.99152e-06
1.79157e-06
1.62353e-06
1.47496e-06
1.34108e-06
1.2168e-06
1.09942e-06
9.89573e-07
8.91402e-07
8.13177e-07
7.68821e-07
7.8073e-07
8.84067e-07
1.13427e-06
1.61435e-06
2.4446e-06
3.79655e-06
5.90584e-06
9.06275e-06
1.35899e-05
1.98226e-05
2.80425e-05
3.83978e-05
5.08253e-05
6.49912e-05
8.02669e-05
9.57426e-05
0.000110406
0.000123412
0.000134973
3.19107e-30
-1.34736e-29
2.97873e-29
-9.49662e-30
-1.55093e-28
4.59151e-28
-4.31671e-28
2.55094e-28
-3.36474e-27
1.59167e-26
-4.0578e-26
7.26581e-26
-9.88265e-26
5.47166e-26
2.86628e-25
-2.50599e-24
2.11003e-23
-1.5018e-22
8.67465e-22
-3.85149e-21
1.04863e-20
-3.6158e-20
9.61676e-20
-2.01444e-19
3.09167e-19
1.16471e-18
-1.76883e-17
6.85646e-17
-3.57342e-16
1.25597e-15
-2.69987e-15
-2.3739e-15
-6.72362e-15
4.1384e-14
7.39774e-14
9.43177e-14
9.73057e-14
9.04928e-14
7.6602e-14
6.17548e-14
1.0761e-13
3.04301e-13
9.37536e-13
1.43723e-12
1.85288e-12
1.97293e-12
1.87089e-12
1.77598e-12
1.68667e-12
1.50481e-12
7.1159e-13
-1.77521e-13
-8.95834e-13
-1.62941e-12
-2.5603e-12
-3.69571e-12
-5.01775e-12
-6.41054e-12
-7.73175e-12
-8.71047e-12
-9.2425e-12
-9.23121e-12
-8.70833e-12
-7.45498e-12
-6.13873e-12
-5.17821e-12
1.3199e-12
7.43072e-12
3.53186e-11
7.96822e-11
1.26347e-10
1.86573e-10
2.5227e-10
1.85964e-10
-2.02655e-10
-9.02478e-10
-1.51751e-09
-1.85017e-09
-1.62772e-09
-7.85748e-10
1.00243e-11
8.59328e-10
2.61994e-09
6.56531e-09
1.25874e-08
2.06543e-08
3.21319e-08
4.81582e-08
5.66086e-08
6.12019e-08
6.9038e-08
8.14474e-08
9.98179e-08
1.25495e-07
1.62541e-07
2.11911e-07
2.75768e-07
3.49451e-07
4.25219e-07
4.84728e-07
5.14079e-07
4.90004e-07
3.74089e-07
1.24905e-07
-2.79437e-07
-7.58377e-07
-1.27712e-06
-1.80621e-06
-2.26924e-06
-2.62982e-06
-2.87935e-06
-3.01811e-06
-3.05734e-06
-3.01464e-06
-2.89512e-06
-2.7158e-06
-2.48742e-06
-2.21951e-06
-1.93214e-06
-1.64241e-06
-1.36714e-06
-1.12231e-06
-9.15357e-07
-7.43695e-07
-6.03089e-07
-4.88475e-07
-3.95373e-07
-3.19851e-07
-2.58425e-07
-2.08143e-07
-1.66684e-07
-1.32307e-07
-1.03723e-07
-8.08852e-08
-6.27523e-08
-4.88082e-08
-3.82151e-08
-3.01048e-08
-2.43325e-08
-2.0698e-08
-1.90955e-08
-1.98559e-08
-2.31525e-08
-2.89404e-08
-4.03208e-08
-6.27964e-08
-1.02597e-07
-1.62744e-07
-2.49781e-07
-3.77005e-07
-5.42351e-07
-7.89826e-07
-1.0994e-06
-1.42282e-06
-1.69434e-06
-1.86633e-06
-1.76913e-06
-1.5518e-06
-8.21668e-07
-4.83855e-08
4.01115e-07
7.35131e-07
9.63693e-07
1.06748e-06
1.00055e-06
8.30397e-07
6.09901e-07
4.22815e-07
2.95674e-07
2.0763e-07
1.56925e-07
1.27659e-07
1.04395e-07
8.16678e-08
4.94139e-08
-3.73631e-09
-7.56414e-08
-1.60271e-07
-2.51808e-07
-3.45645e-07
-4.38174e-07
-5.2573e-07
-6.0139e-07
-6.47378e-07
-6.52392e-07
-6.17154e-07
-5.39687e-07
-4.20551e-07
-2.66103e-07
-8.76058e-08
9.85192e-08
2.71814e-07
4.11212e-07
5.0017e-07
5.2334e-07
4.62319e-07
2.98859e-07
1.90898e-08
-3.77671e-07
-1.05387e-06
-1.08822e-29
-3.23976e-29
4.78551e-28
-1.94009e-27
3.97496e-27
-2.231e-27
-8.52242e-27
1.58876e-26
2.2779e-27
-2.49634e-26
-3.53731e-26
1.22438e-25
8.99136e-27
-1.28504e-25
-5.70601e-25
2.20938e-24
-6.15172e-24
1.19485e-23
8.22965e-24
-2.00741e-22
1.22196e-21
-5.74601e-21
1.50115e-20
-1.96754e-20
-1.3408e-21
9.61684e-20
-4.3359e-19
3.47445e-18
-1.10895e-17
-5.6825e-17
9.46321e-17
-3.13901e-16
-9.63205e-16
6.684e-15
1.03034e-14
1.0804e-14
9.47756e-15
7.49136e-15
9.43154e-15
2.05771e-14
4.39558e-13
2.18474e-12
6.7288e-12
1.03346e-11
1.41277e-11
1.59462e-11
1.63251e-11
1.53322e-11
1.38542e-11
1.38014e-11
1.8554e-11
4.72433e-11
7.3843e-11
8.7606e-11
9.00107e-11
8.45788e-11
6.80872e-11
4.91827e-11
3.09707e-11
1.45061e-11
9.28176e-13
-1.03377e-11
-1.92492e-11
-2.3746e-11
-2.44035e-11
-2.34508e-11
-2.14752e-11
-1.968e-11
-1.50468e-11
-4.92574e-12
6.79406e-12
3.92033e-11
7.62272e-11
1.1039e-10
1.38967e-10
1.44955e-10
7.99031e-11
-6.57944e-11
-2.53415e-10
-3.66492e-10
-3.2545e-10
-1.59034e-10
1.57912e-10
4.75883e-10
8.28395e-10
1.3069e-09
1.93805e-09
2.72082e-09
3.59198e-09
4.45704e-09
5.42182e-09
6.55387e-09
7.96018e-09
9.71389e-09
1.19992e-08
1.48899e-08
1.86749e-08
2.34586e-08
2.9224e-08
3.51829e-08
4.04068e-08
4.28053e-08
4.06371e-08
2.93983e-08
-7.20828e-09
-4.53469e-08
-8.24396e-08
-1.2076e-07
-1.58299e-07
-1.92567e-07
-2.22188e-07
-2.45216e-07
-2.60623e-07
-2.67924e-07
-2.66273e-07
-2.57122e-07
-2.41609e-07
-2.21002e-07
-1.97131e-07
-1.72883e-07
-1.49573e-07
-1.28164e-07
-1.08798e-07
-9.12992e-08
-7.55445e-08
-6.14667e-08
-4.90448e-08
-3.8207e-08
-2.89862e-08
-2.09964e-08
-1.37705e-08
-7.54561e-09
-3.08352e-09
-7.3714e-10
6.06194e-10
1.7915e-09
3.07615e-09
4.51912e-09
5.71217e-09
5.87207e-09
4.45503e-09
4.19375e-10
-7.44219e-09
-1.93271e-08
-3.29213e-08
-4.78169e-08
-6.36853e-08
-8.02107e-08
-9.62084e-08
-1.10237e-07
-1.35556e-07
-1.8051e-07
-2.63082e-07
-4.00407e-07
-5.75494e-07
-8.33456e-07
-1.11541e-06
-1.33793e-06
-1.39947e-06
-1.31746e-06
-1.19172e-06
-1.0641e-06
-9.72071e-07
-8.97773e-07
-8.39793e-07
-7.77194e-07
-7.02496e-07
-6.11904e-07
-5.03929e-07
-4.11415e-07
-3.81265e-07
-3.75299e-07
-3.92907e-07
-4.0457e-07
-4.95352e-07
-6.77589e-07
-8.28276e-07
-9.41417e-07
-1.01586e-06
-1.05673e-06
-1.07183e-06
-1.06964e-06
-1.05561e-06
-1.03492e-06
-1.02131e-06
-1.01157e-06
-9.77708e-07
-9.24375e-07
-8.47775e-07
-7.37828e-07
-5.71983e-07
-2.96162e-07
2.01412e-07
1.12748e-06
2.84533e-06
6.06471e-06
1.19476e-05
2.23869e-05
3.88468e-05
7.41418e-05
-3.84636e-28
1.83945e-27
-5.08001e-27
4.88273e-27
1.67206e-26
-7.65636e-26
1.05895e-25
3.12969e-26
-1.96251e-25
-2.88177e-25
1.45803e-24
-7.85953e-25
-3.07239e-24
3.07988e-24
4.26176e-24
-1.96987e-24
-4.99005e-24
-7.21417e-24
1.13549e-23
2.4261e-23
4.02773e-23
8.39977e-23
1.03148e-23
9.12583e-22
2.06253e-21
-5.3664e-20
4.82346e-19
-2.15008e-18
9.14658e-18
-2.04279e-17
6.98359e-18
1.73915e-17
3.20209e-17
2.71465e-16
6.16136e-16
8.02383e-16
8.12838e-16
9.46032e-16
-1.12317e-14
3.4884e-13
4.00308e-12
1.84243e-11
5.35317e-11
8.00266e-11
1.12678e-10
1.30901e-10
1.38109e-10
2.09086e-10
4.16131e-10
7.1096e-10
1.03612e-09
1.23415e-09
1.24159e-09
1.12874e-09
9.5475e-10
7.53231e-10
5.31644e-10
3.28466e-10
2.15611e-10
1.29066e-10
5.57636e-11
-5.16637e-12
-5.27122e-11
-8.51325e-11
-1.0408e-10
-1.12691e-10
-1.14164e-10
-1.11174e-10
-1.06215e-10
-9.90108e-11
-8.984e-11
-7.47783e-11
-5.46525e-11
-2.61137e-11
5.13008e-12
2.97545e-11
4.27846e-11
4.31651e-11
3.85407e-11
1.96427e-11
-4.0576e-12
-8.2172e-12
1.849e-11
7.45667e-11
1.57173e-10
2.59265e-10
3.76278e-10
5.07255e-10
6.52503e-10
8.09803e-10
9.82054e-10
1.17374e-09
1.3918e-09
1.63716e-09
1.93059e-09
2.27619e-09
2.70162e-09
3.2169e-09
3.85696e-09
4.61942e-09
5.5366e-09
6.56956e-09
7.72051e-09
9.81232e-09
1.40956e-08
1.72759e-08
1.81337e-08
1.81927e-08
1.75985e-08
1.66485e-08
1.56006e-08
1.4845e-08
1.44288e-08
1.45388e-08
1.54137e-08
1.69884e-08
1.8843e-08
2.05449e-08
2.10633e-08
2.04643e-08
1.88609e-08
1.67426e-08
1.42349e-08
1.18935e-08
1.07381e-08
1.08354e-08
1.18212e-08
1.36981e-08
1.66422e-08
1.97751e-08
2.11494e-08
1.98399e-08
1.44218e-08
9.66168e-09
5.55433e-09
-7.50493e-11
-9.08201e-09
-2.45055e-08
-4.99966e-08
-8.83694e-08
-1.3778e-07
-1.94308e-07
-2.53181e-07
-3.06576e-07
-3.44841e-07
-3.69605e-07
-3.81037e-07
-3.80854e-07
-3.72911e-07
-3.55695e-07
-3.34805e-07
-3.13912e-07
-3.00435e-07
-3.04733e-07
-3.21788e-07
-3.57328e-07
-4.41075e-07
-5.69791e-07
-7.33662e-07
-8.77887e-07
-9.63206e-07
-9.9501e-07
-9.89243e-07
-9.56337e-07
-8.6023e-07
-6.8309e-07
-3.60307e-07
-4.09925e-08
7.28313e-09
-1.84428e-07
-5.06167e-07
-9.14184e-07
-1.36316e-06
-1.76681e-06
-2.14451e-06
-2.32334e-06
-2.23594e-06
-2.13014e-06
-1.98791e-06
-1.81653e-06
-1.63175e-06
-1.4478e-06
-1.27132e-06
-1.09704e-06
-9.04262e-07
-6.52115e-07
-2.6338e-07
4.04365e-07
1.60802e-06
3.80681e-06
7.80978e-06
1.50155e-05
2.77877e-05
5.00072e-05
8.78402e-05
0.000150911
0.000252337
0.000418649
0.000633022
0.00118694
1.96775e-27
-2.07114e-27
-2.54326e-26
1.31828e-25
-3.26232e-25
3.37308e-25
4.38444e-25
-1.73661e-24
1.41194e-24
1.43936e-24
1.85128e-24
-1.8254e-23
1.26764e-23
5.85859e-23
-8.59057e-23
-6.10559e-23
1.08345e-22
1.4107e-22
-2.39542e-22
-8.9238e-22
-1.30896e-21
-1.54245e-21
-1.95141e-21
-1.23228e-21
-3.9305e-21
8.11644e-23
1.85489e-20
-1.4637e-19
4.23754e-19
5.02804e-19
-4.3615e-18
9.21511e-18
2.27472e-17
7.48342e-18
-6.94371e-19
7.84562e-18
-4.07902e-18
6.67047e-14
4.76183e-13
7.48976e-12
4.69639e-11
1.82721e-10
4.79912e-10
6.78001e-10
9.6358e-10
1.47384e-09
2.87605e-09
4.06403e-09
4.93195e-09
5.2329e-09
4.5769e-09
3.50866e-09
2.74243e-09
2.11479e-09
1.38685e-09
3.22476e-10
-7.97063e-10
-1.94965e-09
-3.12345e-09
-4.18857e-09
-5.121e-09
-5.81868e-09
-6.27863e-09
-6.48904e-09
-6.47647e-09
-6.28646e-09
-5.96187e-09
-5.55232e-09
-5.10127e-09
-4.63239e-09
-4.18086e-09
-3.74469e-09
-3.34507e-09
-2.9761e-09
-2.63688e-09
-2.33092e-09
-2.04949e-09
-1.8058e-09
-1.59578e-09
-1.41977e-09
-1.26898e-09
-1.13848e-09
-1.02605e-09
-9.37142e-10
-8.55817e-10
-7.77078e-10
-7.0173e-10
-6.3299e-10
-5.68382e-10
-5.07967e-10
-4.50747e-10
-3.9411e-10
-3.33359e-10
-2.72706e-10
-2.06113e-10
-1.40108e-10
-6.8187e-11
2.17186e-12
7.69619e-11
1.33167e-10
1.75743e-10
1.83744e-10
1.92337e-10
2.14051e-10
3.43642e-10
9.14524e-10
2.56383e-09
6.27212e-09
1.19909e-08
1.62187e-08
1.74505e-08
2.09741e-08
2.41492e-08
2.77209e-08
3.18289e-08
3.63396e-08
4.04545e-08
4.22023e-08
3.7985e-08
1.72211e-08
-1.74958e-08
-5.10348e-08
-6.53764e-08
-6.29339e-08
-5.12104e-08
-3.50436e-08
-1.51849e-08
7.69013e-09
2.77165e-08
3.76191e-08
3.40615e-08
9.37696e-10
-5.78493e-08
-1.44828e-07
-2.63135e-07
-4.07654e-07
-5.65281e-07
-7.20326e-07
-8.59481e-07
-9.79771e-07
-1.05448e-06
-1.06418e-06
-1.0174e-06
-9.07713e-07
-8.24387e-07
-7.55549e-07
-6.96844e-07
-6.46234e-07
-6.02044e-07
-5.62425e-07
-5.26315e-07
-4.92425e-07
-4.59314e-07
-4.29047e-07
-4.05181e-07
-3.89163e-07
-3.90978e-07
-4.16295e-07
-4.57917e-07
-5.22558e-07
-5.70387e-07
-5.84967e-07
-5.18423e-07
-2.38853e-07
4.83545e-07
1.61582e-06
3.61977e-06
3.79976e-06
2.86136e-06
1.37571e-06
-3.22243e-07
-2.00441e-06
-3.49838e-06
-4.65992e-06
-1.98867e-06
4.31365e-05
0.00012471
0.000220361
0.000311388
0.000383935
0.000429534
0.00044507
0.000432644
0.00040428
0.000372438
0.000342408
0.00031952
0.000309571
0.000319218
0.000356819
0.000433318
0.000563803
0.000769577
0.00108048
0.00153722
0.00219542
0.00311315
0.00445578
0.00590624
0.00982757
1.61808e-26
-7.22052e-26
1.83036e-25
-8.28418e-26
-1.07831e-24
4.44967e-24
-7.5274e-24
9.53997e-25
2.00582e-23
-1.77517e-23
-7.69549e-23
1.66963e-22
1.28971e-22
-6.55642e-22
-6.63791e-23
1.56873e-21
8.30109e-22
-3.7634e-21
-1.6685e-20
-3.31357e-20
-4.77039e-20
-5.88039e-20
-6.98367e-20
-8.16545e-20
-9.52217e-20
-1.09288e-19
-1.30184e-19
-1.20107e-19
-2.45544e-19
8.08958e-21
-1.184e-19
1.32921e-18
2.15982e-18
-2.79741e-18
-1.64593e-17
-2.78405e-17
-2.55496e-17
7.81431e-14
-8.82351e-13
-7.09688e-13
2.20094e-10
1.0757e-09
4.22238e-09
5.93395e-09
1.02842e-08
1.36401e-08
1.57339e-08
1.40273e-08
1.20432e-08
9.31608e-09
-8.81312e-10
-1.85696e-08
-4.10571e-08
-6.57348e-08
-9.22882e-08
-1.2134e-07
-1.49516e-07
-1.74285e-07
-1.95613e-07
-2.10099e-07
-2.1913e-07
-2.21461e-07
-2.18349e-07
-2.10232e-07
-1.98377e-07
-1.84001e-07
-1.68252e-07
-1.52015e-07
-1.36267e-07
-1.21254e-07
-1.07664e-07
-9.52215e-08
-8.42549e-08
-7.45708e-08
-6.60434e-08
-5.86395e-08
-5.21545e-08
-4.65232e-08
-4.16023e-08
-3.73447e-08
-3.36239e-08
-3.03908e-08
-2.75807e-08
-2.51396e-08
-2.30309e-08
-2.1207e-08
-1.96182e-08
-1.82694e-08
-1.70927e-08
-1.61002e-08
-1.52516e-08
-1.45629e-08
-1.39808e-08
-1.35566e-08
-1.32231e-08
-1.30433e-08
-1.29226e-08
-1.35146e-08
-1.47831e-08
-1.71861e-08
-1.99703e-08
-2.36938e-08
-2.78368e-08
-3.13502e-08
-3.35904e-08
-3.28376e-08
-3.13575e-08
-2.97501e-08
-2.82895e-08
-2.19008e-08
-1.88879e-08
-3.40081e-08
-8.62269e-08
-1.64585e-07
-2.63557e-07
-3.63988e-07
-4.47902e-07
-5.23152e-07
-5.99067e-07
-6.35191e-07
-5.7754e-07
-4.16391e-07
-2.46568e-07
-1.74937e-07
-1.23651e-07
-6.57772e-08
7.20898e-09
9.70309e-08
1.97892e-07
2.6737e-07
2.86692e-07
2.43611e-07
1.25877e-07
-5.91049e-08
-3.10983e-07
-5.95266e-07
-8.80441e-07
-1.10095e-06
-1.21215e-06
-1.12792e-06
-8.3791e-07
-3.11778e-07
4.00822e-07
1.25971e-06
2.17511e-06
2.99844e-06
3.6534e-06
4.08165e-06
4.31394e-06
4.3315e-06
4.24875e-06
4.04378e-06
3.82701e-06
3.55646e-06
3.28927e-06
2.97801e-06
2.65829e-06
2.38816e-06
2.3856e-06
2.5338e-06
3.12771e-06
4.33349e-06
6.23812e-06
8.75208e-06
1.14439e-05
1.42896e-05
2.17352e-05
0.000329801
0.00100982
0.00200583
0.00325026
0.00467878
0.00622957
0.00784002
0.00944545
0.0110136
0.0124436
0.0136609
0.0146363
0.0153568
0.0158206
0.0160323
0.0160221
0.0158243
0.0154728
0.0150175
0.0145186
0.0140469
0.0136784
0.0135003
0.0136078
0.0141099
0.0151342
0.016823
0.0193192
0.0227561
0.0271443
0.0327418
0.0380491
0.0489723
-7.58614e-26
1.34303e-25
4.99318e-25
-2.92242e-24
7.44985e-24
-7.06911e-24
-1.67427e-23
6.67562e-23
-6.78606e-23
-6.65673e-23
-6.79903e-23
1.45013e-21
-2.35594e-21
-4.99732e-21
1.80845e-20
-3.25988e-21
-3.20968e-20
-1.49484e-20
7.36707e-20
1.84065e-19
2.72102e-19
3.28694e-19
3.8584e-19
4.44229e-19
5.20003e-19
5.94121e-19
6.02772e-19
6.89236e-19
-1.16975e-19
-3.107e-19
-7.75903e-18
-4.89282e-17
-4.46983e-17
-3.52173e-17
-2.91812e-17
-2.42433e-17
3.99841e-16
2.5945e-11
8.57804e-12
1.17716e-10
1.43427e-09
3.59815e-09
2.25488e-08
3.48769e-08
4.13024e-08
3.34787e-08
1.38442e-08
-2.44786e-08
-6.72842e-08
-1.13336e-07
-1.72243e-07
-2.25977e-07
-2.8858e-07
-3.41748e-07
-3.95182e-07
-4.57047e-07
-5.23987e-07
-5.89802e-07
-6.52779e-07
-7.09496e-07
-7.60328e-07
-8.02855e-07
-8.37299e-07
-8.62194e-07
-8.77257e-07
-8.82867e-07
-8.80376e-07
-8.70941e-07
-8.56074e-07
-8.36283e-07
-8.13628e-07
-7.87866e-07
-7.60963e-07
-7.33036e-07
-7.04622e-07
-6.76537e-07
-6.48691e-07
-6.21601e-07
-5.95233e-07
-5.70022e-07
-5.45838e-07
-5.22999e-07
-5.01707e-07
-4.82326e-07
-4.65374e-07
-4.48971e-07
-4.27311e-07
-4.02091e-07
-3.73677e-07
-3.47606e-07
-3.24459e-07
-3.04236e-07
-2.86142e-07
-2.70463e-07
-2.56492e-07
-2.44645e-07
-2.3422e-07
-2.2493e-07
-2.15939e-07
-2.07245e-07
-1.98758e-07
-1.88922e-07
-1.78232e-07
-1.70856e-07
-1.63797e-07
-1.58896e-07
-1.63434e-07
-1.65872e-07
-1.3619e-07
-5.50472e-08
1.44244e-07
2.41018e-07
1.70669e-07
-3.52529e-08
-3.48865e-07
-7.17463e-07
-1.04649e-06
-1.21249e-06
-1.10997e-06
-7.06865e-07
-2.64324e-08
8.81369e-07
1.94856e-06
3.0582e-06
4.07996e-06
4.94909e-06
5.75146e-06
7.02749e-06
1.72341e-05
5.61726e-05
0.000140413
0.000284546
0.000512712
0.0008246
0.00124941
0.00177034
0.00240288
0.00311363
0.00391702
0.0047384
0.0055962
0.00636883
0.00707835
0.00759348
0.00791411
0.0080133
0.00791585
0.00758855
0.00711875
0.00647225
0.00578136
0.00501483
0.00428554
0.00357011
0.00293
0.00234609
0.001841
0.00143749
0.00121941
0.00109014
0.00108269
0.00115006
0.00141603
0.00215206
0.00378868
0.00634513
0.00977886
0.0139168
0.0182734
0.0224966
0.0264352
0.0301071
0.0334799
0.0365093
0.0391735
0.0414681
0.0433974
0.0449699
0.0461996
0.047099
0.0476717
0.0479763
0.0480594
0.0479704
0.0477856
0.0476004
0.0475254
0.0476871
0.0482239
0.0492822
0.051
0.0534813
0.0567517
0.0607012
0.0650563
0.0694365
0.0734507
0.0769388
0.0797803
0.0841473
-4.83778e-25
1.81699e-24
-3.58551e-24
-3.12147e-25
3.10228e-23
-1.29238e-22
2.79437e-22
-2.09714e-22
-6.92656e-22
2.20523e-21
-6.7156e-22
-7.60698e-21
5.7758e-21
3.75703e-20
-3.43873e-20
-2.26461e-19
2.07744e-19
1.76126e-18
4.91692e-18
7.10473e-18
7.2307e-18
8.58604e-18
9.6549e-18
1.18223e-17
8.51363e-18
9.10624e-18
1.29086e-17
2.63506e-17
7.84844e-17
2.78477e-16
9.96874e-16
3.20673e-15
8.72728e-15
2.02506e-14
4.16764e-14
7.8718e-14
1.24996e-13
3.94724e-10
-2.67122e-09
-1.23589e-08
-1.72331e-08
1.76121e-08
8.42641e-08
1.64139e-07
1.47473e-07
6.95895e-08
-1.10304e-08
-1.20517e-07
-2.73821e-07
-2.16948e-07
-7.89564e-08
1.46195e-07
4.68147e-07
8.70803e-07
1.37054e-06
2.40014e-06
4.12441e-06
5.89302e-06
7.62793e-06
9.04693e-06
1.0105e-05
1.06806e-05
1.08529e-05
1.06383e-05
1.01598e-05
9.47257e-06
8.68113e-06
7.82121e-06
6.96609e-06
6.12396e-06
5.34044e-06
4.60579e-06
3.94196e-06
3.34296e-06
2.80742e-06
2.33573e-06
1.91962e-06
1.55761e-06
1.24219e-06
9.71246e-07
7.38296e-07
5.39957e-07
3.71931e-07
2.30355e-07
1.12086e-07
1.42139e-08
-6.54502e-08
-1.27645e-07
-1.74691e-07
-2.085e-07
-2.31782e-07
-2.46311e-07
-2.53968e-07
-2.5589e-07
-2.53124e-07
-2.46182e-07
-2.35396e-07
-2.20719e-07
-2.02524e-07
-1.87479e-07
-1.86626e-07
-1.51297e-07
-9.39222e-08
-1.83654e-08
7.36763e-08
1.65217e-07
2.56019e-07
3.36858e-07
4.48025e-07
1.40067e-06
9.82969e-06
6.75886e-05
0.000270259
0.000642829
0.00118384
0.00188043
0.00269849
0.00360101
0.0045374
0.00545607
0.00632914
0.00711755
0.00782579
0.00846604
0.00907063
0.00969026
0.0103743
0.0111745
0.01214
0.0133046
0.0147047
0.0162987
0.018153
0.0201194
0.0222596
0.024424
0.0266713
0.0288627
0.0310751
0.0331347
0.0350798
0.0367038
0.0381459
0.0392338
0.0400856
0.0405515
0.0407003
0.0403689
0.0397334
0.0385326
0.0370623
0.0350373
0.0327928
0.030112
0.0272677
0.0241285
0.0208412
0.0175088
0.0155396
0.0143888
0.014252
0.0157824
0.0190553
0.0237667
0.0298942
0.0361681
0.042189
0.0475083
0.052021
0.0558493
0.0591125
0.0619939
0.0643981
0.0663525
0.0679482
0.0692568
0.0703319
0.0712243
0.0719865
0.0726528
0.0732386
0.0737867
0.0743019
0.0747826
0.0752166
0.0755959
0.0760204
0.076951
0.0778259
0.0784029
0.079048
0.0798455
0.0808558
0.0821367
0.0837269
0.0856166
0.0877148
0.0898123
0.0916623
0.0931299
3.84385e-25
4.24893e-25
-8.70417e-24
2.90584e-23
-3.9615e-23
-1.49409e-22
1.05647e-21
-2.94933e-21
2.45326e-21
1.02697e-20
-2.51548e-20
-6.48813e-20
3.32666e-19
5.01085e-20
-2.55854e-18
2.97408e-18
4.98821e-18
1.90951e-18
-2.77186e-18
-6.95122e-18
-8.02894e-18
-7.19647e-18
1.97433e-17
2.20561e-16
1.41831e-15
7.86773e-15
3.99363e-14
1.85862e-13
8.02841e-13
3.28532e-12
1.27157e-11
4.31174e-11
1.20197e-10
2.76924e-10
5.55588e-10
9.99911e-10
1.70161e-09
2.50372e-09
4.37534e-08
1.26443e-07
2.40217e-07
4.1529e-07
7.80085e-07
1.95685e-06
2.93695e-05
0.000298174
0.000728493
0.0012694
0.00199746
0.00289953
0.00370814
0.00436628
0.00487647
0.0052198
0.00537373
0.00537234
0.00526426
0.00504099
0.00474511
0.00436804
0.00396204
0.00353349
0.00311811
0.00272098
0.00236079
0.00203306
0.001725
0.00143021
0.00117407
0.00095845
0.000784298
0.000643072
0.000529704
0.000437805
0.000362873
0.000301829
0.000251666
0.000210689
0.000176997
0.000149584
0.000127235
0.000109213
9.48263e-05
8.3512e-05
7.48456e-05
6.84597e-05
6.40119e-05
6.13687e-05
6.01897e-05
6.04981e-05
6.1991e-05
6.48068e-05
6.86313e-05
7.37641e-05
7.99007e-05
8.92543e-05
0.000104449
0.000143219
0.000202085
0.00032614
0.000536732
0.000853206
0.00122399
0.00171936
0.002326
0.00313731
0.00413835
0.00543652
0.00697511
0.00884983
0.0109683
0.0134895
0.0164551
0.0196545
0.0228819
0.0260058
0.0288787
0.0314087
0.0335328
0.035234
0.0365886
0.0376709
0.0386314
0.0396023
0.0407044
0.0420324
0.043622
0.0454711
0.0475371
0.0497269
0.0519651
0.0541148
0.0561689
0.0579852
0.0596156
0.061009
0.0622334
0.0632491
0.0641122
0.064821
0.065472
0.0662023
0.0669934
0.0677422
0.0683563
0.0691012
0.0698965
0.0701665
0.0702782
0.0701594
0.0699256
0.0694318
0.0688143
0.0679841
0.0666697
0.0647532
0.0623277
0.0595142
0.0582969
0.0580921
0.0593789
0.0608353
0.0623655
0.0638254
0.065056
0.0658589
0.0665901
0.0677771
0.0686756
0.0695484
0.0704334
0.0713037
0.0721267
0.0728551
0.0734347
0.0738315
0.0740741
0.0741583
0.0739888
0.0734271
0.0724532
0.0710512
0.0691045
0.0664547
0.062828
0.0576937
0.0510661
0.0449257
0.0404254
0.0379144
0.0371625
0.0375591
0.0383417
0.0388354
0.0386371
0.0376675
0.0361488
0.0342884
0.0327997
0.0299049
5.62382e-24
-1.92074e-23
4.26919e-23
-4.76896e-23
-1.84075e-22
1.42906e-21
-5.08493e-21
9.76727e-21
1.69408e-21
-7.20095e-20
1.88315e-19
-7.13447e-20
-3.77913e-19
-8.96642e-19
2.59919e-18
3.11074e-17
-1.62016e-16
-6.47474e-16
-1.14078e-15
-5.33959e-16
3.27647e-15
3.00529e-14
2.23123e-13
1.49482e-12
9.17736e-12
5.28077e-11
2.81567e-10
1.37253e-09
6.21145e-09
2.68795e-08
1.12281e-07
4.09177e-07
1.16353e-06
2.64569e-06
5.17068e-06
8.91107e-06
1.39799e-05
2.0606e-05
0.00102309
0.00298173
0.00604185
0.0102034
0.0158696
0.02162
0.0265624
0.0306098
0.0336433
0.0355223
0.0363452
0.0348629
0.0333474
0.0315791
0.0294063
0.0268847
0.0250593
0.0225753
0.019919
0.0173196
0.0149009
0.0127533
0.0111651
0.0100214
0.00919859
0.00849728
0.00794193
0.00751061
0.00718976
0.006951
0.00681945
0.00678559
0.00685141
0.00696846
0.00710584
0.00722778
0.00731488
0.00737519
0.0074081
0.00743475
0.00745371
0.00748301
0.00752017
0.0075712
0.00763831
0.00772177
0.00782367
0.00794888
0.0080912
0.0082717
0.00847519
0.00873938
0.0090461
0.00944664
0.00992477
0.0105477
0.0113052
0.0122976
0.0135141
0.0150233
0.0168882
0.0196804
0.0238643
0.0270191
0.0295446
0.0321768
0.0349571
0.0380628
0.0412475
0.0445065
0.0474592
0.0498987
0.0519504
0.0539636
0.0560421
0.057354
0.0584148
0.0593778
0.0603227
0.0612695
0.0622487
0.0632968
0.064405
0.0656066
0.0668606
0.0681518
0.0694328
0.0706494
0.0717634
0.0727272
0.0735092
0.0740998
0.0744535
0.0746075
0.0744612
0.0741221
0.0734328
0.0725336
0.0712789
0.069805
0.0679805
0.0659634
0.0636338
0.0611134
0.057834
0.0534687
0.0469207
0.0395841
0.0329106
0.0280223
0.024844
0.0237632
0.0240396
0.0257297
0.0280255
0.0309979
0.034182
0.0376435
0.0411769
0.0446365
0.0466219
0.0481049
0.048759
0.0486065
0.0476997
0.0461411
0.0436553
0.0409888
0.0385317
0.0363416
0.0343859
0.0325585
0.0307635
0.0288881
0.0267175
0.0238254
0.0198053
0.0151619
0.0115677
0.00920756
0.0077269
0.00689558
0.00638877
0.00595765
0.00545911
0.00484518
0.00414254
0.00342683
0.00277852
0.00222931
0.00179493
0.00146393
0.00120777
0.000996059
0.000807329
0.000632731
0.000473577
0.000335967
0.000226857
0.000156059
0.00011241
8.17281e-05
1.04314e-23
-5.21983e-23
2.11867e-22
-6.94994e-22
1.33279e-21
3.10331e-21
-4.28631e-20
2.04792e-19
-4.73637e-19
-3.15787e-19
5.47177e-18
-8.70609e-18
-3.99468e-17
1.27478e-16
3.28723e-16
-1.39086e-15
-1.73271e-14
-9.56342e-14
-9.80339e-14
1.89514e-13
2.73451e-12
2.29372e-11
1.82477e-10
1.3829e-09
1.04065e-08
7.61927e-08
4.94323e-07
2.77197e-06
1.40376e-05
6.81342e-05
0.000336055
0.00159272
0.00509214
0.0117163
0.0228805
0.0393205
0.0575793
0.0733628
0.0830196
0.0904882
0.0966519
0.101376
0.104492
0.105926
0.105539
0.10295
0.0976018
0.0869985
0.0621761
0.0322437
0.0147999
0.0144445
0.017026
0.025532
0.0363124
0.0428734
0.0438702
0.0437929
0.0429347
0.0410689
0.0382196
0.0341603
0.0280395
0.0208423
0.0155269
0.0128689
0.0122864
0.0126222
0.0130223
0.0134219
0.0139198
0.0145165
0.0154125
0.0166436
0.017966
0.0196503
0.0217834
0.0239239
0.0257469
0.0272957
0.0286096
0.0297343
0.0306916
0.0314966
0.0321683
0.0327235
0.0331617
0.0335205
0.0337687
0.0339618
0.0340491
0.0340869
0.0340158
0.0338797
0.0336193
0.03324
0.0327144
0.0320232
0.0311397
0.0300355
0.0285898
0.026786
0.024962
0.0230301
0.0210734
0.0189869
0.0167768
0.0145194
0.012314
0.0102407
0.00837624
0.00677988
0.00549497
0.00454029
0.00391035
0.00357783
0.00349838
0.00362277
0.00389918
0.00426564
0.0046559
0.00501083
0.00528281
0.00544104
0.00546959
0.00536948
0.00514945
0.00482089
0.00439998
0.00390839
0.00337262
0.00282297
0.00228883
0.00179696
0.00136641
0.00100869
0.000726421
0.000514746
0.000363605
0.000260234
0.000191814
0.000147172
0.000117711
9.7571e-05
8.32381e-05
0.000140134
0.000138308
0.000153072
0.000136032
0.000176755
0.000256034
0.000491166
0.000832515
0.00144116
0.00226588
0.00353958
0.00536224
0.00770437
0.00829617
0.00808818
0.00769632
0.00710595
0.00627419
0.00520055
0.00395673
0.0027279
0.00170302
0.000973404
0.000518412
0.000264228
0.000134123
7.13072e-05
4.14235e-05
2.65424e-05
1.83861e-05
1.34986e-05
1.03821e-05
8.25055e-06
6.71464e-06
5.5445e-06
4.58705e-06
3.75759e-06
3.02225e-06
2.37602e-06
1.82459e-06
1.37186e-06
1.02019e-06
7.53964e-07
5.55969e-07
4.09019e-07
2.98227e-07
2.12664e-07
1.45407e-07
9.25444e-08
5.18912e-08
2.18875e-08
9.91854e-10
-1.28429e-08
-2.34383e-08
-3.42972e-08
)
;

boundaryField
{
    inlet
    {
        type            uniformFixedValue;
        uniformValue    table;
        uniformValueCoeffs
        {
            values          
4
(
(0 1)
(0.15 1)
(0.151 0)
(1 0)
)
;
        }
        value           uniform 0;
    }
    outlet
    {
        type            inletOutlet;
        inletValue      uniform 0;
        value           nonuniform List<scalar> 
20
(
1.29309e-07
0.00057302
0.0387502
0.0702643
0.0684708
0.0598563
0.0406497
0.0129847
0.00181338
0.000134973
-1.05387e-06
7.41418e-05
0.00118694
0.00982757
0.0489723
0.0841473
0.0931299
0.0299049
8.17281e-05
-3.42972e-08
)
;
    }
    walls
    {
        type            zeroGradient;
    }
    frontAndBack
    {
        type            empty;
    }
}


// ************************************************************************* //
