/*--------------------------------*- C++ -*----------------------------------*\
| =========                 |                                                 |
| \\      /  F ield         | OpenFOAM: The Open Source CFD Toolbox           |
|  \\    /   O peration     | Version:  2506                                  |
|   \\  /    A nd           | Website:  www.openfoam.com                      |
|    \\/     M anipulation  |                                                 |
\*---------------------------------------------------------------------------*/
FoamFile
{
    version     2.0;
    format      ascii;
    arch        "LSB;label=32;scalar=64";
    class       volScalarField;
    location    "1.45886";
    object      s;
}
// * * * * * * * * * * * * * * * * * * * * * * * * * * * * * * * * * * * * * //

dimensions      [0 0 0 0 0 0 0];

internalField   nonuniform List<scalar> 
4000
(
4.06304e-18
1.87073e-17
-1.15e-13
-5.86401e-11
-2.51356e-09
-4.9591e-08
1.03978e-06
4.14356e-05
0.000617673
0.00887309
0.0627668
0.194086
0.301158
0.313404
0.279999
0.186619
0.0734729
0.0132359
0.00383989
0.00310855
0.00227879
0.00154793
0.00102271
0.000682818
0.000468134
0.000329723
0.000234696
0.000160496
0.000104507
5.3809e-05
2.34046e-05
1.21971e-05
8.07083e-06
7.04091e-06
6.64976e-06
5.35523e-06
3.40758e-06
1.61949e-06
6.43126e-07
5.0633e-07
5.56329e-06
1.87506e-05
4.60295e-05
7.45279e-05
5.12841e-05
3.06977e-05
2.35567e-05
1.50137e-05
8.0728e-06
1.9271e-06
-2.89584e-06
-5.4856e-06
-7.24117e-06
-7.71094e-06
-7.29262e-06
-6.19743e-06
-4.81849e-06
-3.43466e-06
-2.20934e-06
-1.27829e-06
-6.48164e-07
-2.87403e-07
-1.11002e-07
-3.77538e-08
-1.24887e-08
-5.17303e-09
-3.20904e-09
-2.29186e-09
-1.52334e-09
-8.76623e-10
-4.34365e-10
-1.8763e-10
-7.11539e-11
-2.3994e-11
-7.24726e-12
-1.96921e-12
-4.88544e-13
-1.12035e-13
-2.45519e-14
-5.45384e-15
-1.43092e-15
-4.19341e-16
-1.23987e-16
-3.23974e-17
-6.90479e-18
1.16384e-17
2.75066e-18
7.53553e-19
7.52616e-19
9.04718e-19
6.71247e-19
1.6307e-19
-6.96187e-21
1.44614e-20
5.26879e-22
-2.57001e-20
-1.0785e-19
-2.35234e-19
-3.16471e-19
-4.51134e-19
-6.58389e-19
-8.33565e-19
-2.61221e-18
-7.64193e-18
-1.64081e-17
-3.79429e-17
-6.89417e-17
-1.04858e-16
4.63538e-17
1.31609e-15
4.22635e-15
1.05163e-14
1.72911e-14
2.01938e-14
2.37002e-14
1.87205e-14
1.10115e-14
7.954e-15
2.95625e-15
1.47329e-15
1.12401e-15
5.45355e-16
1.10829e-16
-1.51023e-16
-1.77252e-16
-1.19406e-16
-6.08155e-17
-2.58287e-17
-8.53921e-18
-1.20056e-18
-2.00907e-20
2.29217e-19
-3.05446e-19
-9.87704e-19
-5.4906e-19
-2.8645e-19
-9.64137e-20
-8.88577e-20
-6.15087e-20
-4.22607e-20
-2.13789e-20
-2.47893e-20
-2.82994e-20
-1.94958e-20
3.82798e-21
6.22748e-21
2.21367e-21
-1.67663e-21
-3.29761e-21
-2.60004e-21
-8.69015e-22
3.48761e-22
5.55611e-22
2.95058e-22
4.49191e-23
-3.23916e-23
-2.12045e-23
-4.07244e-24
2.59548e-25
-1.38007e-25
1.56059e-25
2.63288e-25
1.28893e-26
-7.30883e-25
-1.4832e-23
-4.98199e-23
1.44707e-22
5.99707e-22
8.20494e-22
6.89719e-22
4.07324e-22
1.73896e-22
5.01343e-23
6.28795e-24
-2.20384e-24
-1.52833e-24
-4.37254e-25
-6.50945e-26
-2.18626e-27
8.84838e-28
1.15337e-28
-1.30772e-30
-1.3038e-30
-8.84633e-32
2.71533e-33
-1.06508e-32
2.54907e-31
7.3277e-31
6.81735e-31
3.47147e-31
9.5718e-32
1.59616e-33
-9.31965e-33
-3.31797e-33
-3.99887e-34
1.53342e-35
5.05242e-36
-1.28549e-37
-5.49045e-38
6.46998e-39
-1.05956e-17
1.14007e-16
-1.11116e-14
-4.09303e-12
-1.24456e-10
-1.90138e-08
6.68787e-08
3.49511e-06
6.20358e-05
0.000729024
0.00393509
0.0111404
0.0212114
0.0286973
0.0325266
0.034987
0.0375172
0.044011
0.0557551
0.0733228
0.101212
0.147045
0.213519
0.284914
0.327811
0.32967
0.309158
0.250455
0.158387
0.0725272
0.028083
0.0180088
0.0163109
0.0185069
0.0206601
0.0203529
0.0192335
0.0199892
0.0242036
0.0325382
0.046586
0.0610779
0.0702662
0.0741039
0.0728896
0.0682974
0.0625085
0.0548084
0.0470684
0.0393235
0.0315374
0.0246475
0.0179564
0.0125859
0.00806912
0.00516996
0.00330687
0.00206382
0.00124608
0.00071184
0.000385662
0.00019635
9.37418e-05
4.16349e-05
1.66516e-05
5.40102e-06
8.14628e-07
-6.91765e-07
-8.98291e-07
-6.56719e-07
-3.66971e-07
-1.68153e-07
-6.49971e-08
-2.15184e-08
-6.13544e-09
-1.49602e-09
-3.14801e-10
-5.73295e-11
-1.00539e-11
-2.48435e-12
-1.04426e-12
-4.16365e-13
-1.55318e-13
-4.57092e-14
-1.05846e-14
-2.06225e-15
-3.79381e-16
-9.24177e-17
-2.86001e-17
-7.04978e-18
4.02098e-18
2.78342e-17
7.31019e-18
1.38699e-18
-1.09018e-18
-1.06441e-17
-1.84713e-17
-1.53524e-18
6.07397e-18
1.39111e-17
3.08991e-17
1.01535e-16
4.26775e-16
1.69607e-15
6.20906e-15
1.91513e-14
4.79972e-14
1.23892e-13
2.98858e-13
7.84208e-13
1.52222e-12
2.86598e-12
4.08889e-12
4.39491e-12
4.77521e-12
3.81002e-12
2.54118e-12
2.01572e-12
1.24353e-12
8.6482e-13
6.24221e-13
3.85853e-13
1.94144e-13
7.1073e-14
1.72133e-14
4.78311e-17
-2.50599e-15
-1.80778e-15
-9.79145e-16
-4.9229e-16
-2.29559e-16
-1.02197e-16
-4.4775e-17
-1.29319e-17
3.90178e-18
9.58794e-18
1.22541e-17
1.3615e-17
1.45732e-17
1.10176e-17
1.20944e-17
9.30022e-18
4.80235e-18
1.19604e-18
-6.26268e-19
-8.04696e-19
-4.11127e-19
6.75601e-21
2.20602e-19
2.06108e-19
7.25726e-20
-4.1291e-20
-6.90496e-20
-4.18977e-20
-1.02381e-20
2.49068e-21
2.54921e-21
5.02122e-22
-1.3538e-22
-7.24125e-23
-2.32702e-23
-4.06325e-23
-4.7366e-23
5.72999e-23
9.26742e-22
6.85301e-21
1.84718e-20
2.53345e-20
2.2614e-20
1.62587e-20
1.05079e-20
6.18723e-21
3.1888e-21
1.36593e-21
4.60354e-22
1.12598e-22
1.61866e-23
-2.06015e-25
-6.68891e-25
-1.31211e-25
-7.38205e-27
1.13949e-27
2.68196e-28
6.76852e-29
5.6431e-29
5.90938e-29
1.10832e-28
1.43849e-28
1.25427e-28
8.09094e-29
3.98833e-29
1.47709e-29
3.82273e-30
5.62951e-31
4.22786e-33
-1.28946e-32
-2.09629e-33
-2.12815e-34
-4.82494e-35
-1.51573e-35
-4.04453e-17
2.4413e-16
-1.10363e-15
-2.33567e-13
-1.04677e-11
-1.81592e-09
4.59395e-09
1.95195e-07
1.14269e-06
1.107e-06
2.04236e-06
4.70856e-06
8.85341e-06
1.46463e-05
2.87373e-05
0.000108667
0.00128483
0.00325528
0.00568126
0.00881435
0.0134374
0.0208694
0.0327076
0.0497783
0.0701174
0.0930721
0.120498
0.150691
0.181442
0.21389
0.253771
0.292457
0.302766
0.294313
0.278318
0.256036
0.231124
0.215702
0.218622
0.232059
0.25033
0.263996
0.271969
0.277761
0.282125
0.285163
0.287274
0.287721
0.286588
0.283393
0.277014
0.267787
0.254289
0.237812
0.216404
0.191791
0.164697
0.135034
0.105191
0.0751686
0.051502
0.0340546
0.0217349
0.013426
0.00795026
0.00449443
0.00240258
0.00121991
0.00058436
0.000263524
0.000112887
4.62892e-05
1.82118e-05
6.85656e-06
2.44962e-06
8.34019e-07
2.68481e-07
7.91271e-08
2.00654e-08
3.85661e-09
2.32796e-10
-2.43363e-10
-1.59256e-10
-6.11393e-11
-1.68791e-11
-3.93461e-12
-8.48294e-13
-2.1504e-13
-7.85092e-14
-2.4902e-14
-7.61394e-15
-2.14489e-15
-4.72081e-16
1.33062e-16
5.88971e-16
1.89887e-15
3.7436e-15
7.3049e-15
1.56384e-14
3.75984e-14
1.02908e-13
2.87221e-13
6.79865e-13
1.47415e-12
3.07675e-12
6.11985e-12
1.12774e-11
2.24296e-11
3.93923e-11
6.18594e-11
8.62577e-11
1.05599e-10
1.2284e-10
1.32264e-10
1.40731e-10
1.42018e-10
1.32727e-10
1.20877e-10
9.5653e-11
7.15444e-11
4.97825e-11
3.12991e-11
1.71524e-11
8.02805e-12
3.46142e-12
1.41583e-12
6.39181e-13
3.06049e-13
1.46606e-13
6.74741e-14
2.93792e-14
1.22805e-14
4.85391e-15
1.62555e-15
3.59527e-16
-5.34179e-17
-7.76837e-17
8.68741e-18
6.17697e-17
8.21887e-17
7.90957e-17
5.33488e-17
4.58769e-17
4.26056e-17
3.66948e-17
2.5236e-17
1.15028e-17
1.87323e-19
-5.14766e-18
-4.61776e-18
-1.22354e-18
1.67861e-18
2.41787e-18
1.60036e-18
5.44169e-19
1.69678e-20
-5.98454e-20
-1.06082e-20
9.81901e-21
5.36477e-21
9.27231e-22
9.63975e-22
4.08518e-21
1.12745e-20
3.15334e-20
5.20987e-20
-1.39017e-20
-1.36945e-19
-1.97052e-19
-1.72812e-19
-1.09914e-19
-5.25027e-20
-1.7619e-20
-2.60903e-21
1.32895e-21
1.23883e-21
5.35323e-22
1.42023e-22
1.91526e-23
-1.38503e-24
-1.22093e-24
-2.90117e-25
-4.95106e-26
-1.14157e-26
-6.20097e-27
-6.21458e-27
-6.85947e-27
-5.7224e-27
-3.58201e-27
-1.6737e-27
-5.32596e-28
-6.98301e-29
3.11627e-29
2.03091e-29
4.11666e-30
-1.1491e-31
-1.92358e-31
-3.14324e-32
3.41313e-33
2.32304e-33
-1.3726e-17
5.06877e-17
2.30404e-17
-1.93628e-14
-4.9829e-12
3.50334e-10
4.88325e-10
3.25814e-09
-1.78772e-08
-1.07538e-07
-2.05837e-07
-4.57966e-07
-9.49888e-07
-1.25665e-06
-1.08687e-06
-5.12463e-07
4.62317e-07
2.09286e-06
4.37161e-06
8.31632e-06
1.65798e-05
3.57236e-05
8.1151e-05
0.000188488
0.000435602
0.0014753
0.00497281
0.0122694
0.0247046
0.0429103
0.0684734
0.103861
0.144429
0.19105
0.239357
0.27967
0.310521
0.316267
0.311925
0.304353
0.293677
0.285356
0.28225
0.283001
0.28771
0.295915
0.306527
0.320146
0.33537
0.351762
0.369085
0.388478
0.408727
0.425808
0.434796
0.435277
0.430066
0.417445
0.397691
0.361292
0.308203
0.248208
0.187404
0.13042
0.0809851
0.0475529
0.0277755
0.0159394
0.00883993
0.00473393
0.00248379
0.00128195
0.000651195
0.00032379
0.000157219
7.45492e-05
3.43396e-05
1.54102e-05
6.6256e-06
2.69943e-06
1.03072e-06
3.72517e-07
1.24129e-07
3.71973e-08
9.50465e-09
1.78133e-09
5.74406e-11
-1.64376e-10
-1.07441e-10
-3.85582e-11
-1.45466e-11
-4.79438e-12
-1.46356e-12
-4.20868e-13
-1.06824e-13
-9.76063e-16
6.55861e-14
1.6976e-13
3.87391e-13
8.36881e-13
1.47848e-12
3.03254e-12
7.33322e-12
1.52649e-11
2.96789e-11
5.28636e-11
8.3396e-11
1.61283e-10
2.73445e-10
4.18202e-10
5.905e-10
6.0061e-10
5.69276e-10
5.39176e-10
4.99241e-10
5.3997e-10
6.84559e-10
7.5296e-10
6.87179e-10
5.67071e-10
4.48826e-10
3.45388e-10
2.65504e-10
1.91231e-10
1.29549e-10
8.33993e-11
5.02108e-11
2.87303e-11
1.55986e-11
8.05224e-12
4.01328e-12
1.96148e-12
9.47538e-13
4.42479e-13
2.03429e-13
9.37561e-14
4.65638e-14
2.80163e-14
1.61442e-14
6.61899e-15
6.34167e-16
-9.47831e-16
-1.07697e-15
-8.54065e-16
-5.67324e-16
-3.14476e-16
-1.24452e-16
3.32401e-17
8.49602e-17
6.05235e-17
1.06805e-17
-2.78517e-17
-3.87279e-17
-2.8203e-17
-1.23901e-17
-2.70996e-18
2.72727e-20
-1.15799e-19
-3.18554e-19
-1.85649e-19
-4.2097e-20
5.43883e-21
1.96557e-20
6.50859e-21
-1.63467e-19
-8.55548e-19
-1.9652e-18
-2.54751e-18
-2.32434e-18
-1.72557e-18
-1.12929e-18
-6.74314e-19
-3.65093e-19
-1.73486e-19
-6.89332e-20
-2.12408e-20
-4.20726e-21
-2.14139e-23
3.49163e-22
1.37569e-22
2.63916e-23
1.45056e-24
-7.90414e-25
-4.12723e-25
-2.6236e-25
-2.6565e-25
-2.58922e-25
-2.15911e-25
-1.54566e-25
-9.47228e-26
-4.90123e-26
-2.08079e-26
-6.80718e-27
-1.46897e-27
-8.00749e-29
6.71399e-29
2.62251e-29
4.54404e-30
-1.09804e-31
-1.67047e-31
-1.75033e-19
-3.6438e-17
3.44102e-16
-2.53605e-15
-3.43492e-12
3.80848e-11
8.23145e-11
2.21362e-11
-5.25743e-09
-9.4088e-09
-4.19211e-08
-1.26626e-07
-2.46726e-07
-3.18661e-07
-3.26197e-07
-2.48797e-07
-1.11117e-07
-4.67993e-08
-2.13276e-08
2.38493e-08
1.52737e-07
4.61369e-07
1.14926e-06
2.67336e-06
6.13539e-06
1.41232e-05
3.3307e-05
7.81265e-05
0.000181365
0.000414887
0.00122491
0.0048893
0.0130768
0.0283113
0.0494185
0.065791
0.0778919
0.087275
0.0918858
0.0917748
0.0861928
0.0797713
0.0759908
0.0755917
0.078839
0.0856772
0.0955118
0.10911
0.125968
0.146457
0.17127
0.200104
0.234404
0.273336
0.319035
0.368758
0.406337
0.430212
0.448617
0.468934
0.47606
0.466973
0.444069
0.407915
0.344392
0.267212
0.190848
0.124341
0.072459
0.0412594
0.0242847
0.0142952
0.00831598
0.00478829
0.00276146
0.00160064
0.000919661
0.000513193
0.000274758
0.000140365
6.85643e-05
3.18707e-05
1.38149e-05
5.51232e-06
2.00165e-06
6.53038e-07
1.85758e-07
4.11027e-08
3.56333e-09
-2.91277e-09
-2.47286e-09
-1.06923e-09
-3.47412e-10
-1.35731e-10
-4.74805e-11
-1.6279e-11
-7.03062e-12
-5.86958e-12
-8.41812e-12
-2.29864e-11
-6.20685e-11
-1.39866e-10
-2.18271e-10
-3.78214e-10
-5.76181e-10
-8.33961e-10
-1.57713e-09
-3.18256e-09
-6.15926e-09
-9.60169e-09
-1.30033e-08
-1.86437e-08
-2.38215e-08
-2.76594e-08
-2.79454e-08
-2.33074e-08
-1.60058e-08
-9.93694e-09
-5.82275e-09
-2.91295e-09
-9.69221e-10
1.66329e-10
6.17708e-10
6.50316e-10
5.29376e-10
3.8742e-10
2.67046e-10
1.7298e-10
1.0669e-10
6.20321e-11
3.59907e-11
2.06765e-11
1.17281e-11
6.43945e-12
3.52255e-12
1.96931e-12
1.05176e-12
4.83619e-13
1.48148e-13
-7.15307e-15
-3.98388e-14
-3.65399e-14
-2.82849e-14
-1.87411e-14
-1.14946e-14
-6.73671e-15
-3.75054e-15
-1.96563e-15
-9.42668e-16
-3.5704e-16
2.03117e-18
2.22946e-16
3.30453e-16
2.77003e-16
1.45673e-16
5.01414e-17
1.2625e-17
6.22919e-18
5.50351e-18
3.26708e-18
1.04398e-18
1.60786e-19
-5.6767e-20
-4.77606e-19
-2.53908e-18
-5.20343e-18
-5.36593e-18
-2.5301e-18
4.97601e-19
1.78516e-18
1.46668e-18
6.02253e-19
-4.76283e-20
-2.98974e-19
-2.83672e-19
-1.77492e-19
-8.32685e-20
-2.93725e-20
-7.00565e-21
-4.8937e-22
4.90314e-22
3.0303e-22
1.13912e-22
3.63804e-23
1.37042e-23
7.52024e-24
4.72573e-24
2.77015e-24
1.41531e-24
5.93576e-25
1.73733e-25
6.11614e-27
-3.33245e-26
-2.53276e-26
-1.06296e-26
-2.43438e-27
3.37004e-29
3.30948e-28
1.85777e-28
5.10945e-29
2.60667e-18
-2.14465e-17
9.94713e-17
-1.93873e-16
-2.96429e-13
-1.2303e-13
1.20213e-11
-3.2277e-11
-4.29957e-10
-4.17424e-10
-5.59896e-11
-1.69522e-11
-1.46319e-09
-2.95811e-09
-4.26354e-09
-6.97333e-09
-7.48143e-09
-8.57572e-09
-1.04758e-08
-1.08729e-08
-8.07132e-09
3.33476e-09
2.27375e-08
6.71109e-08
1.76035e-07
4.2069e-07
1.05225e-06
2.55337e-06
6.02145e-06
1.39311e-05
3.3848e-05
8.3407e-05
0.000200792
0.000484566
0.00127306
0.00285329
0.00498958
0.00708125
0.00860725
0.0093705
0.0092965
0.00904733
0.00903083
0.00937831
0.0102105
0.0115687
0.0134761
0.0161816
0.0197642
0.0245098
0.0308333
0.0390199
0.0500187
0.0643751
0.0842518
0.113761
0.157911
0.213368
0.270995
0.33145
0.386394
0.436975
0.460333
0.485577
0.488821
0.474198
0.441628
0.389132
0.313442
0.234108
0.163587
0.106549
0.0654022
0.0411359
0.0268244
0.0176183
0.0114415
0.00732899
0.00465116
0.00292996
0.00181392
0.0010744
0.000593647
0.000304639
0.000146196
6.56294e-05
2.72367e-05
1.02971e-05
3.50123e-06
1.04662e-06
2.56759e-07
3.68537e-08
-9.50335e-09
-1.18092e-08
-6.67077e-09
-2.96327e-09
-2.24884e-09
-2.4843e-09
-4.02832e-09
-6.84272e-09
-8.81712e-09
-1.36495e-08
-1.67829e-08
-2.41898e-08
-3.50387e-08
-5.12011e-08
-9.12353e-08
-1.81816e-07
-3.14227e-07
-4.48362e-07
-5.68335e-07
-6.99652e-07
-7.32706e-07
-7.04692e-07
-6.44309e-07
-5.61828e-07
-4.72426e-07
-3.75831e-07
-2.6287e-07
-1.665e-07
-9.23046e-08
-4.47891e-08
-2.00377e-08
-8.99373e-09
-3.96312e-09
-1.65398e-09
-6.10724e-10
-1.61519e-10
1.30081e-11
6.62818e-11
7.05428e-11
5.83247e-11
4.30888e-11
2.95133e-11
1.92326e-11
1.17901e-11
6.19485e-12
1.81462e-12
-4.32878e-13
-9.36699e-13
-6.46152e-13
-3.65735e-13
-1.97325e-13
-1.02562e-13
-6.73965e-14
-4.66811e-14
-3.28227e-14
-2.30486e-14
-1.59589e-14
-1.08196e-14
-7.18368e-15
-4.66761e-15
-3.0132e-15
-1.8842e-15
-1.01036e-15
-3.74189e-16
-1.30264e-16
-7.15495e-17
-5.23441e-17
-3.09394e-17
-1.20101e-17
-2.48268e-18
-2.49863e-20
-2.14954e-18
-2.57416e-18
6.56021e-18
2.91136e-17
4.97848e-17
5.56481e-17
4.74501e-17
3.31894e-17
1.98475e-17
1.03141e-17
4.60239e-18
1.66448e-18
3.95725e-19
-2.4271e-20
-9.47267e-20
-6.48186e-20
-2.94818e-20
-9.77602e-21
-2.18215e-21
-6.14818e-23
2.68392e-22
2.08013e-22
1.32032e-22
8.57569e-23
5.67541e-23
3.61786e-23
2.1303e-23
1.13036e-23
5.27819e-24
2.08485e-24
6.37907e-25
1.08367e-25
-2.55082e-26
-3.23587e-26
-1.74327e-26
-6.82129e-27
-1.61189e-27
5.56441e-19
-6.6337e-18
4.29197e-17
-1.99458e-16
2.08322e-14
-7.46834e-14
6.07729e-14
-3.29815e-12
-4.68699e-12
6.7344e-13
2.0725e-11
6.77535e-11
9.0093e-11
1.04225e-10
1.13279e-10
1.43481e-10
1.66468e-10
8.73962e-11
-4.20931e-11
-1.84277e-10
-6.01469e-10
-7.88e-10
-1.87567e-10
1.57833e-09
6.01125e-09
1.71408e-08
4.77147e-08
1.26105e-07
3.18993e-07
7.83733e-07
1.94486e-06
4.86872e-06
1.17712e-05
2.83186e-05
7.00717e-05
0.000157042
0.000288491
0.00044375
0.000599121
0.00073581
0.000829965
0.000919305
0.00103845
0.00121341
0.0014773
0.00185996
0.00239486
0.00315921
0.00421758
0.00568107
0.0077043
0.0104337
0.0141625
0.0191182
0.025832
0.0349899
0.0482607
0.0682207
0.0958386
0.137167
0.189406
0.254832
0.319149
0.381325
0.43399
0.472392
0.488557
0.503361
0.494297
0.468585
0.425782
0.362253
0.291329
0.224006
0.166675
0.121085
0.0860098
0.0604874
0.0432846
0.0311859
0.0220683
0.0150632
0.0098818
0.00626887
0.00385588
0.00226428
0.00123845
0.000623277
0.000289981
0.000126351
5.18781e-05
1.99696e-05
7.12859e-06
2.31847e-06
6.52914e-07
1.29796e-07
-9.61104e-09
-4.01474e-08
-6.48198e-08
-1.18576e-07
-2.31623e-07
-4.30508e-07
-6.42133e-07
-8.22245e-07
-1.08021e-06
-1.48818e-06
-1.96134e-06
-2.3995e-06
-2.77609e-06
-2.97784e-06
-3.02644e-06
-2.81512e-06
-2.52887e-06
-2.17748e-06
-1.89302e-06
-1.68768e-06
-1.54662e-06
-1.44e-06
-1.33553e-06
-1.14468e-06
-9.00821e-07
-6.39179e-07
-4.26886e-07
-2.74257e-07
-1.73032e-07
-1.06418e-07
-6.37985e-08
-3.73964e-08
-2.15477e-08
-1.22707e-08
-6.92615e-09
-3.89944e-09
-2.20735e-09
-1.25382e-09
-7.19677e-10
-4.18274e-10
-2.34027e-10
-1.11308e-10
-4.2882e-11
-9.58809e-12
-2.57502e-13
1.30953e-12
1.64129e-12
1.6238e-12
1.43337e-12
1.1594e-12
8.53686e-13
5.79726e-13
3.6243e-13
2.07182e-13
1.08179e-13
5.03297e-14
2.06641e-14
7.27121e-15
2.19423e-15
5.24554e-16
1.77022e-16
2.02042e-16
1.94748e-16
1.19738e-16
4.69451e-17
5.59214e-18
-7.92071e-18
8.88692e-18
4.77596e-17
1.05515e-16
1.7069e-16
2.02105e-16
1.82946e-16
1.34739e-16
8.75855e-17
5.40458e-17
3.29283e-17
1.97028e-17
1.11898e-17
5.79524e-18
2.63153e-18
9.93763e-19
2.74526e-19
2.27032e-20
-3.50244e-20
-3.19986e-20
-1.88908e-20
-9.29952e-21
-4.14642e-21
-1.72525e-21
-6.62182e-22
-2.16353e-22
-4.25267e-23
1.44987e-23
2.48704e-23
1.98558e-23
1.2288e-23
6.40612e-24
2.84173e-24
1.04183e-24
2.92206e-25
3.51734e-26
-2.81319e-26
-2.84369e-26
-8.04866e-21
-3.39444e-18
3.99676e-17
-1.59308e-16
3.87681e-15
-4.94338e-15
-1.69082e-13
-1.18034e-13
-1.49111e-13
2.9868e-13
2.43878e-12
5.39085e-12
7.73968e-12
1.02309e-11
1.22736e-11
1.42873e-11
1.50643e-11
1.12466e-11
5.74545e-12
-1.14146e-12
-1.70447e-11
-4.74098e-11
-1.13314e-10
-1.11953e-10
8.73874e-11
7.28405e-10
2.60292e-09
7.7886e-09
2.15762e-08
5.73966e-08
1.51373e-07
4.00514e-07
1.02337e-06
2.60645e-06
6.44279e-06
1.40939e-05
2.72928e-05
4.58501e-05
6.85235e-05
9.41727e-05
0.000120168
0.000151763
0.000197184
0.000265809
0.000368751
0.000524745
0.000758721
0.00111078
0.00162614
0.0023695
0.00342928
0.00488453
0.0068708
0.00953849
0.0131069
0.0178353
0.0241401
0.0325593
0.0431799
0.0580041
0.0792129
0.109664
0.153391
0.208418
0.271511
0.338215
0.397587
0.446948
0.485863
0.501444
0.521414
0.519826
0.504972
0.476602
0.432682
0.377944
0.322035
0.268422
0.220383
0.178929
0.143299
0.112535
0.0858912
0.0630506
0.0444299
0.0297874
0.0189518
0.0115653
0.00682854
0.00390364
0.00212337
0.0010843
0.000521794
0.000240807
0.000107822
4.71991e-05
2.00476e-05
7.99927e-06
2.60059e-06
4.67119e-08
-1.18041e-06
-1.97921e-06
-2.70761e-06
-3.75439e-06
-5.02539e-06
-6.00485e-06
-6.84354e-06
-7.18108e-06
-7.2104e-06
-6.99785e-06
-6.12258e-06
-4.72894e-06
-3.29178e-06
-2.17014e-06
-1.49944e-06
-1.28441e-06
-1.29557e-06
-1.45456e-06
-1.71237e-06
-1.93971e-06
-2.04117e-06
-1.97475e-06
-1.68857e-06
-1.32477e-06
-9.69492e-07
-6.6998e-07
-4.414e-07
-2.79216e-07
-1.70579e-07
-1.01082e-07
-5.82123e-08
-3.26093e-08
-1.77666e-08
-9.31853e-09
-4.63544e-09
-2.109e-09
-7.88809e-10
-1.38955e-10
1.41848e-10
2.28813e-10
2.19359e-10
1.85675e-10
1.4319e-10
1.01783e-10
6.67583e-11
4.05802e-11
2.2723e-11
1.18236e-11
5.74926e-12
2.61038e-12
1.10784e-12
4.27275e-13
1.43644e-13
3.50714e-14
-2.34186e-15
-9.81974e-15
-6.69559e-15
-3.749e-15
-1.64116e-15
-6.26187e-16
-1.53021e-16
6.44006e-17
1.17893e-16
1.13308e-16
1.28567e-16
1.6501e-16
1.49945e-16
8.03235e-17
-1.41371e-17
-8.03955e-17
-8.30561e-17
-4.90664e-17
-1.26164e-17
9.84202e-18
1.751e-17
1.6086e-17
1.13193e-17
6.65334e-18
3.35687e-18
1.45097e-18
5.16465e-19
1.2784e-19
-3.23137e-21
-3.18369e-20
-2.81107e-20
-1.85238e-20
-1.07337e-20
-5.75895e-21
-2.91589e-21
-1.39698e-21
-6.27223e-22
-2.57551e-22
-9.16652e-23
-2.42451e-23
-1.07023e-24
4.34639e-24
3.94869e-24
2.42988e-24
1.23642e-24
4.36548e-25
-3.93265e-20
-1.34097e-19
1.99651e-18
-1.71486e-18
-7.47388e-17
7.22778e-17
-4.68618e-15
-2.63448e-15
-1.09621e-15
4.25407e-14
2.58605e-14
8.20059e-14
1.77557e-13
3.08372e-13
4.16757e-13
4.87091e-13
6.62999e-13
4.87186e-13
-9.99729e-14
-1.73798e-12
-3.73521e-12
-4.63047e-12
-7.13924e-12
-1.64906e-11
-1.79021e-11
2.96611e-11
2.00671e-10
7.02327e-10
2.08353e-09
5.86366e-09
1.61744e-08
4.4624e-08
1.20037e-07
3.23381e-07
8.11705e-07
1.80762e-06
3.76581e-06
7.00882e-06
1.17954e-05
1.85149e-05
2.75022e-05
4.15493e-05
6.53365e-05
0.000104472
0.000161696
0.00025423
0.000409241
0.000652915
0.00102208
0.00156727
0.00235581
0.00347108
0.00502582
0.00715033
0.0100104
0.0137462
0.0185034
0.0245299
0.0320705
0.0414364
0.0529964
0.0667419
0.0859449
0.113046
0.148505
0.195333
0.25047
0.307955
0.368354
0.420432
0.465028
0.501132
0.519329
0.533283
0.548774
0.546601
0.5344
0.51213
0.478759
0.437357
0.393441
0.349082
0.305191
0.261654
0.219025
0.177914
0.139095
0.104038
0.0735067
0.0466753
0.0275649
0.0159383
0.00916811
0.00526507
0.0029779
0.00163686
0.000871827
0.000452244
0.000229677
0.00011281
5.06502e-05
1.66669e-05
-1.61578e-06
-1.09169e-05
-1.46131e-05
-1.41973e-05
-1.05992e-05
-4.51957e-06
3.00142e-06
1.07108e-05
2.9118e-05
5.27498e-05
6.84302e-05
7.16626e-05
6.4474e-05
5.07581e-05
3.48684e-05
2.05159e-05
9.79802e-06
2.7949e-06
-1.15946e-06
-2.84512e-06
-3.0557e-06
-2.74484e-06
-2.17741e-06
-1.59119e-06
-1.09443e-06
-7.17085e-07
-4.50976e-07
-2.73456e-07
-1.60092e-07
-9.03626e-08
-4.89262e-08
-2.50237e-08
-1.17142e-08
-4.61537e-09
-1.04729e-09
5.67446e-10
1.14765e-09
1.21725e-09
1.06513e-09
8.40393e-10
6.18404e-10
4.30507e-10
2.84844e-10
1.79465e-10
1.06934e-10
6.00302e-11
3.15059e-11
1.52318e-11
6.66765e-12
2.51819e-12
7.25012e-13
5.61609e-14
-8.8527e-14
-9.23007e-14
-6.08283e-14
-3.47741e-14
-1.78844e-14
-8.81097e-15
-4.56894e-15
-2.50911e-15
-1.47495e-15
-8.95255e-16
-5.84088e-16
-6.94181e-16
-1.26479e-15
-1.75004e-15
-1.8167e-15
-1.48315e-15
-1.00201e-15
-5.70917e-16
-2.6873e-16
-9.32675e-17
-9.4834e-18
2.03352e-17
2.41801e-17
1.86723e-17
1.18268e-17
6.5283e-18
3.20094e-18
1.38595e-18
5.08136e-19
1.34482e-19
5.26962e-22
-3.36078e-20
-3.28326e-20
-2.34789e-20
-1.45694e-20
-8.23817e-21
-4.31234e-21
-2.09083e-21
-9.28486e-22
-3.67232e-22
-1.20654e-22
-2.5366e-23
4.26355e-24
9.29017e-24
7.28694e-24
3.85571e-24
4.05283e-21
1.60417e-20
-3.52892e-19
3.04368e-18
-8.37161e-18
5.5792e-18
-7.06088e-19
-4.23847e-17
1.34559e-17
-6.42862e-17
7.74817e-17
1.25043e-15
2.71631e-15
3.1418e-15
5.6932e-16
-1.33312e-14
-3.37825e-14
-7.18154e-14
-1.21653e-13
-1.07517e-13
1.17287e-14
2.21486e-13
7.05317e-13
3.26667e-12
6.93825e-12
1.65297e-11
4.42629e-11
1.38435e-10
3.95548e-10
1.09908e-09
3.00239e-09
8.22127e-09
2.22834e-08
6.04626e-08
1.54799e-07
3.66374e-07
8.32715e-07
1.74503e-06
3.3649e-06
6.09555e-06
1.04064e-05
1.90161e-05
3.61699e-05
6.66043e-05
0.000118771
0.000204385
0.000339046
0.000546116
0.000856839
0.00131522
0.0019806
0.00292757
0.00425617
0.00608342
0.00856028
0.0118434
0.0160931
0.0214948
0.028231
0.0364565
0.0462716
0.0575391
0.0705985
0.0864961
0.105681
0.130421
0.162469
0.201466
0.247092
0.297223
0.347582
0.399178
0.443824
0.483068
0.515572
0.540227
0.554715
0.569624
0.582464
0.580772
0.571842
0.55555
0.531214
0.497375
0.456535
0.411129
0.362451
0.312219
0.261605
0.21133
0.163664
0.12105
0.0851806
0.0561081
0.032975
0.0188498
0.0111605
0.00694189
0.00436636
0.00270175
0.0016338
0.000998099
0.000647346
0.000495121
0.000480838
0.00055032
0.000665568
0.00078586
0.000877833
0.000920752
0.000890468
0.000786375
0.000638645
0.000479572
0.000334508
0.000216314
0.000128903
6.96476e-05
3.25944e-05
1.15538e-05
9.14637e-07
-3.37043e-06
-4.34274e-06
-4.07976e-06
-3.31088e-06
-2.45465e-06
-1.70324e-06
-1.12057e-06
-7.04339e-07
-4.24509e-07
-2.45247e-07
-1.35125e-07
-7.00844e-08
-3.31975e-08
-1.32675e-08
-3.19947e-09
1.36301e-09
2.9965e-09
3.21025e-09
2.82137e-09
2.2441e-09
1.67345e-09
1.19003e-09
8.13138e-10
5.35499e-10
3.4057e-10
2.08797e-10
1.23187e-10
6.96334e-11
3.73731e-11
1.88435e-11
8.71655e-12
3.55499e-12
1.13435e-12
1.58884e-13
-1.50532e-13
-1.77237e-13
-1.32565e-13
-8.14293e-14
-4.65724e-14
-2.75682e-14
-1.72887e-14
-1.17627e-14
-9.46245e-15
-9.59406e-15
-1.04557e-14
-1.05138e-14
-9.06656e-15
-6.74285e-15
-4.41948e-15
-2.58179e-15
-1.33947e-15
-6.00101e-16
-2.10666e-16
-3.29902e-17
3.1634e-17
4.38441e-17
3.64249e-17
2.48016e-17
1.49023e-17
8.10065e-18
4.00339e-18
1.77901e-18
6.83421e-19
1.98789e-19
1.35904e-20
-3.98272e-20
-4.30781e-20
-3.19755e-20
-2.01046e-20
-1.13288e-20
-5.83011e-21
-2.74603e-21
-1.16989e-21
-4.35332e-22
-1.27559e-22
-1.63168e-23
1.40654e-23
1.64573e-23
1.05105e-23
2.8569e-21
-5.46694e-21
-8.77e-20
7.23787e-19
-2.56726e-18
-1.71863e-18
7.16101e-18
1.58824e-17
-7.3268e-18
-6.72601e-17
-1.24233e-16
-1.19355e-16
4.57328e-17
-2.38325e-16
-1.11394e-15
-2.1905e-15
-3.938e-15
-4.27458e-15
-2.2821e-15
1.34974e-14
7.76713e-14
2.66668e-13
7.65633e-13
2.19843e-12
5.89435e-12
1.49822e-11
3.77434e-11
9.5277e-11
2.48339e-10
6.4136e-10
1.65538e-09
4.21776e-09
1.07278e-08
2.69213e-08
6.61109e-08
1.58168e-07
3.75926e-07
8.77957e-07
1.97434e-06
4.29942e-06
8.9112e-06
1.75099e-05
3.26575e-05
5.79238e-05
9.883e-05
0.000163876
0.000265566
0.000424524
0.000670603
0.00104657
0.00160886
0.0024297
0.00360524
0.00525134
0.00751735
0.0105619
0.0145459
0.019664
0.0261149
0.0340854
0.0437129
0.0550704
0.0680727
0.0826721
0.0988775
0.117061
0.138045
0.162753
0.191799
0.225681
0.263571
0.305079
0.348279
0.391478
0.432722
0.471113
0.504416
0.534367
0.558294
0.575153
0.587512
0.598372
0.600842
0.596609
0.585884
0.567654
0.540586
0.502805
0.457067
0.406681
0.35346
0.299347
0.246263
0.196637
0.151675
0.113483
0.0824323
0.0587087
0.041076
0.0287306
0.0204787
0.015481
0.0124891
0.010518
0.00908297
0.00791159
0.00687421
0.00588006
0.00489396
0.0039297
0.00302215
0.00221721
0.00154676
0.00102285
0.000639153
0.00037514
0.000204621
0.00010131
4.29032e-05
1.29596e-05
-3.50659e-07
-4.82446e-06
-5.38361e-06
-4.77447e-06
-3.77351e-06
-2.728e-06
-1.84327e-06
-1.17795e-06
-7.15484e-07
-4.13049e-07
-2.25298e-07
-1.14276e-07
-5.18053e-08
-1.8828e-08
-2.93785e-09
3.75394e-09
5.67977e-09
5.25815e-09
4.51457e-09
3.53334e-09
2.60307e-09
1.83523e-09
1.24934e-09
8.25874e-10
5.31824e-10
3.34403e-10
2.05629e-10
1.23468e-10
7.20639e-11
4.05688e-11
2.17221e-11
1.08257e-11
4.8074e-12
1.69799e-12
2.4935e-13
-3.07143e-13
-4.25329e-13
-3.64076e-13
-2.64777e-13
-1.76188e-13
-1.18139e-13
-8.20937e-14
-6.22105e-14
-5.16847e-14
-4.44952e-14
-3.6529e-14
-2.74301e-14
-1.85135e-14
-1.12705e-14
-6.22468e-15
-3.10816e-15
-1.3692e-15
-4.91565e-16
-9.80397e-17
4.89579e-17
8.35912e-17
7.47185e-17
5.42364e-17
3.49251e-17
2.05451e-17
1.11446e-17
5.56361e-18
2.52057e-18
9.97347e-19
3.06407e-19
3.3409e-20
-4.96958e-20
-5.79044e-20
-4.35672e-20
-2.72787e-20
-1.5153e-20
-7.62945e-21
-3.49082e-21
-1.43083e-21
-5.01814e-22
-1.28591e-22
-2.12768e-24
2.71912e-23
2.52974e-23
1.47194e-23
2.17427e-20
-1.18194e-19
1.7985e-19
7.55448e-19
-9.87208e-18
-3.29307e-17
-1.34881e-16
-1.55101e-16
-2.96426e-15
-3.49445e-15
-4.96073e-15
-4.4796e-15
4.19306e-15
1.90473e-14
3.05123e-14
2.71032e-14
1.21184e-14
-1.55936e-14
-9.46834e-14
-1.60999e-13
-1.39797e-13
-5.74652e-14
2.34139e-13
1.51411e-12
4.97986e-12
1.13687e-11
2.76406e-11
7.69114e-11
2.06164e-10
5.42689e-10
1.41298e-09
3.64269e-09
9.35624e-09
2.34395e-08
5.88915e-08
1.42194e-07
3.46893e-07
8.12272e-07
1.76289e-06
3.69485e-06
7.43235e-06
1.43686e-05
2.63495e-05
4.60216e-05
7.8431e-05
0.000133034
0.00022549
0.000381233
0.000637629
0.00104171
0.00165789
0.00256846
0.00387108
0.00568552
0.00814964
0.0114211
0.0156732
0.0210906
0.0279347
0.0363529
0.0465462
0.0585687
0.0724282
0.088029
0.105198
0.123811
0.143793
0.165331
0.18868
0.214212
0.242269
0.272866
0.305874
0.340806
0.376796
0.412884
0.4481
0.481475
0.511981
0.538904
0.562095
0.580738
0.593774
0.602232
0.604161
0.601491
0.594149
0.579509
0.556084
0.523812
0.484393
0.438207
0.388623
0.337787
0.287221
0.239259
0.195237
0.156657
0.123815
0.0971049
0.0758121
0.0593261
0.0466167
0.0368049
0.0291209
0.022937
0.0178522
0.0136133
0.0100919
0.00722843
0.00497656
0.00327981
0.00206166
0.00123079
0.000693248
0.000364723
0.00017569
7.35424e-05
2.30286e-05
1.51694e-06
-5.67233e-06
-6.42773e-06
-5.38973e-06
-4.37018e-06
-3.13903e-06
-2.09652e-06
-1.31555e-06
-7.77829e-07
-4.32118e-07
-2.22989e-07
-1.03433e-07
-3.90395e-08
-8.07505e-09
2.84858e-09
5.42968e-09
5.72445e-09
5.07224e-09
4.30127e-09
3.26208e-09
2.32488e-09
1.58465e-09
1.04351e-09
6.67774e-10
4.18325e-10
2.57605e-10
1.56132e-10
9.35233e-11
5.54379e-11
3.24576e-11
1.86487e-11
1.01995e-11
5.08976e-12
2.0401e-12
3.28294e-13
-5.36451e-13
-8.54757e-13
-8.79474e-13
-7.60731e-13
-5.97111e-13
-4.41563e-13
-3.23725e-13
-2.3852e-13
-1.76955e-13
-1.29436e-13
-9.05407e-14
-5.8901e-14
-3.49531e-14
-1.88269e-14
-9.17428e-15
-3.96525e-15
-1.4364e-15
-3.33819e-16
7.17487e-17
1.73553e-16
1.62238e-16
1.20671e-16
8.00133e-17
4.90806e-17
2.81812e-17
1.51639e-17
7.59229e-18
3.47552e-18
1.39772e-18
4.41901e-19
5.76829e-20
-6.23273e-20
-7.62927e-20
-5.76157e-20
-3.57025e-20
-1.94288e-20
-9.48353e-21
-4.14941e-21
-1.58873e-21
-4.91271e-22
-8.33463e-23
3.55508e-23
5.05154e-23
3.73733e-23
2.26016e-23
9.94521e-24
-8.81184e-20
-6.10769e-19
1.00942e-17
-6.75368e-17
1.9777e-16
2.20331e-15
-2.56972e-14
-2.98631e-14
-1.00403e-13
-5.72495e-14
-4.18246e-14
3.13069e-13
6.68825e-13
9.73794e-13
1.27085e-12
1.38178e-12
1.27516e-12
9.94068e-13
4.15018e-13
-4.65486e-13
-2.25876e-12
-3.15148e-12
-6.3755e-15
9.29598e-12
2.62563e-11
4.47335e-11
5.61193e-11
1.25858e-10
4.28831e-10
1.13287e-09
2.71559e-09
6.11812e-09
1.32326e-08
2.76427e-08
5.67359e-08
1.17751e-07
2.46962e-07
5.78074e-07
1.44878e-06
3.44142e-06
7.63441e-06
1.57561e-05
3.10356e-05
5.8763e-05
0.000107753
0.000201148
0.000370024
0.000659722
0.00113095
0.0018687
0.0030242
0.00473996
0.00716079
0.0104582
0.0148038
0.0203824
0.0273641
0.0358059
0.0458835
0.0573949
0.070621
0.0854624
0.101963
0.120019
0.139388
0.159951
0.181557
0.203997
0.227187
0.251143
0.276363
0.302932
0.330308
0.357708
0.386656
0.416535
0.446525
0.475858
0.503797
0.529681
0.552798
0.572452
0.587934
0.598541
0.603319
0.602979
0.600033
0.592606
0.577425
0.555341
0.526691
0.492057
0.452482
0.409362
0.364066
0.318351
0.273603
0.231267
0.19226
0.157454
0.127074
0.101175
0.0794217
0.0613834
0.0465813
0.0345669
0.024972
0.0174788
0.0117982
0.00764235
0.00473155
0.00278721
0.00155559
0.000813362
0.000390873
0.00016875
6.08571e-05
1.25303e-05
-4.52924e-06
-6.98857e-06
-6.32396e-06
-5.03789e-06
-3.71965e-06
-2.47862e-06
-1.54064e-06
-8.96703e-07
-4.82475e-07
-2.3269e-07
-9.90808e-08
-4.22157e-08
-1.64282e-08
-4.49085e-09
1.42225e-09
3.82657e-09
4.12657e-09
3.55674e-09
2.73999e-09
1.93542e-09
1.27894e-09
7.99066e-10
4.69615e-10
2.61248e-10
1.48534e-10
8.83093e-11
5.38838e-11
3.27246e-11
1.92656e-11
1.07826e-11
5.65056e-12
2.71872e-12
1.01612e-12
2.78537e-14
-5.70446e-13
-9.05981e-13
-1.04648e-12
-1.07938e-12
-1.01539e-12
-9.09039e-13
-7.43569e-13
-5.76846e-13
-4.31121e-13
-3.1105e-13
-2.13453e-13
-1.36731e-13
-7.99584e-14
-4.18517e-14
-1.90842e-14
-7.46307e-15
-2.32164e-15
-2.98855e-16
2.78867e-16
3.71708e-16
2.91944e-16
1.91361e-16
1.13942e-16
6.37417e-17
3.39668e-17
1.726e-17
8.31463e-18
3.72539e-18
1.47944e-18
4.5553e-19
4.25525e-20
-8.562e-20
-9.67693e-20
-7.13456e-20
-4.31847e-20
-2.27135e-20
-1.05114e-20
-4.21406e-21
-1.37147e-21
-2.72159e-22
6.28465e-23
1.14601e-22
8.69358e-23
5.17234e-23
2.70922e-23
1.30514e-23
5.95858e-24
1.90087e-24
-1.82104e-19
-1.28339e-18
1.83422e-17
-8.97205e-17
4.72733e-15
6.35093e-15
-3.0203e-13
-1.46269e-12
-2.59299e-12
-5.65643e-13
-1.10161e-13
8.1992e-12
1.40315e-11
1.55487e-11
1.68405e-11
1.82996e-11
1.67723e-11
3.96091e-12
-1.43839e-11
-1.13964e-11
-9.20734e-12
-3.2025e-11
-1.09471e-10
-2.38388e-10
-4.16728e-10
-6.3187e-10
-4.53234e-10
4.35579e-10
2.7238e-09
7.50293e-09
1.70138e-08
3.50359e-08
6.8187e-08
1.26353e-07
2.32895e-07
4.46872e-07
9.03732e-07
1.9323e-06
4.11453e-06
8.75221e-06
1.86149e-05
3.91276e-05
8.15173e-05
0.000161451
0.000306365
0.000609117
0.00117032
0.00212678
0.00364739
0.00605701
0.0102556
0.0165088
0.0247242
0.0348798
0.0468239
0.0607059
0.0771267
0.0961034
0.117839
0.139573
0.161502
0.183138
0.204864
0.226692
0.24855
0.270485
0.292397
0.31445
0.336791
0.359268
0.381954
0.404424
0.427039
0.449589
0.471732
0.493292
0.513546
0.532535
0.550241
0.565923
0.578908
0.588807
0.594181
0.594997
0.593563
0.589068
0.580722
0.56758
0.549194
0.52545
0.497082
0.466563
0.434117
0.397254
0.356152
0.314307
0.273009
0.233014
0.195281
0.160356
0.128889
0.101127
0.0772877
0.057341
0.0411561
0.0284706
0.0189132
0.0120134
0.00723243
0.00410671
0.0021927
0.00109197
0.000501614
0.000197141
6.00662e-05
1.62891e-05
2.53897e-06
-1.71349e-06
-3.25844e-06
-3.24263e-06
-2.58921e-06
-1.75667e-06
-1.04235e-06
-5.57233e-07
-3.04716e-07
-1.7127e-07
-9.57385e-08
-5.01895e-08
-2.18758e-08
-7.30781e-09
-1.46607e-09
7.08502e-10
1.39378e-09
1.43849e-09
1.17287e-09
8.15812e-10
5.3857e-10
3.51994e-10
2.26864e-10
1.43284e-10
8.73649e-11
5.05677e-11
2.77025e-11
1.4725e-11
7.74013e-12
4.02004e-12
1.9813e-12
8.08925e-13
1.28931e-13
-2.59156e-13
-5.00143e-13
-6.27122e-13
-6.99957e-13
-7.36717e-13
-7.31468e-13
-7.07176e-13
-6.60081e-13
-5.93084e-13
-4.97496e-13
-3.93454e-13
-2.86676e-13
-1.9038e-13
-1.13618e-13
-5.98658e-14
-2.69467e-14
-9.56417e-15
-2.25205e-15
-2.47875e-16
2.08003e-16
3.55755e-16
2.77484e-16
1.67465e-16
8.54863e-17
3.85903e-17
1.5606e-17
5.56162e-18
1.59778e-18
2.21206e-19
-1.6548e-19
-2.23486e-19
-1.87806e-19
-1.33261e-19
-8.38401e-20
-4.69e-20
-2.30535e-20
-9.778e-21
-3.33801e-21
-6.88836e-22
1.56485e-22
2.88529e-22
2.12945e-22
1.19516e-22
5.6695e-23
2.3499e-23
8.67664e-24
3.01056e-24
1.02109e-24
3.2699e-25
7.65523e-26
-3.15597e-26
2.11282e-18
-1.12935e-17
4.36965e-17
-1.16435e-16
5.73188e-14
3.35985e-14
2.36952e-12
-7.23889e-12
-1.30026e-10
-1.08755e-10
-9.06149e-11
4.70162e-12
-3.00532e-10
-8.55892e-10
-1.05637e-09
-9.67414e-10
-1.48539e-09
-1.83766e-09
-1.28744e-09
-3.52384e-10
-1.06953e-10
-2.72178e-10
-8.84975e-10
-1.6785e-09
-1.79968e-09
4.11438e-10
7.99509e-09
2.62037e-08
6.39895e-08
1.35609e-07
2.62733e-07
4.76748e-07
8.2208e-07
1.34642e-06
2.1778e-06
3.61434e-06
6.31188e-06
1.19205e-05
2.35727e-05
4.93086e-05
0.000104278
0.00021509
0.000448184
0.000902286
0.00183149
0.00609249
0.0146577
0.026769
0.041966
0.059718
0.0810247
0.105106
0.131535
0.160308
0.18968
0.219008
0.248208
0.276114
0.303547
0.329864
0.356384
0.381515
0.404645
0.425398
0.442417
0.456525
0.46888
0.480333
0.491418
0.501399
0.510962
0.520336
0.529321
0.538654
0.546302
0.551792
0.555598
0.558372
0.560026
0.560328
0.559
0.555284
0.54846
0.537961
0.523594
0.505056
0.482264
0.456815
0.429553
0.400663
0.37061
0.339442
0.307752
0.275454
0.243234
0.211139
0.180119
0.150398
0.122789
0.0974554
0.0749843
0.0555706
0.039533
0.0268455
0.01732
0.0105583
0.00604754
0.00321643
0.00151662
0.000696561
0.000325584
0.000153786
7.18995e-05
3.32204e-05
1.43609e-05
4.75122e-06
5.87305e-07
-6.93101e-07
-8.55436e-07
-6.77184e-07
-4.44314e-07
-2.77604e-07
-1.66799e-07
-9.32738e-08
-4.82364e-08
-2.40416e-08
-1.19802e-08
-5.94293e-09
-2.77364e-09
-1.03151e-09
-1.54945e-10
1.95483e-10
2.57541e-10
1.97853e-10
1.35988e-10
9.00314e-11
5.81728e-11
3.70409e-11
2.33424e-11
1.46342e-11
9.08724e-12
5.54278e-12
3.23687e-12
1.77165e-12
8.95771e-13
4.09423e-13
1.53392e-13
2.2224e-14
-5.22797e-14
-1.1029e-13
-1.49385e-13
-1.71483e-13
-1.71385e-13
-1.73398e-13
-1.6555e-13
-1.63072e-13
-1.6154e-13
-1.58726e-13
-1.37684e-13
-1.08275e-13
-6.99381e-14
-3.6985e-14
-1.71669e-14
-7.21713e-15
-2.75964e-15
-8.96718e-16
-1.6569e-16
6.77913e-17
1.18465e-16
7.05016e-17
2.5805e-17
4.39696e-18
-2.0053e-18
-2.47657e-18
-1.58268e-18
-8.05864e-19
-3.64674e-19
-1.72041e-19
-9.74018e-20
-5.98044e-20
-3.41826e-20
-1.67999e-20
-6.64805e-21
-1.81915e-21
-7.91943e-23
2.90831e-22
2.35947e-22
1.24323e-22
5.00296e-23
1.4806e-23
2.10267e-24
-9.74032e-25
-1.02564e-24
-5.85842e-25
-3.15207e-25
-2.19443e-25
-1.7386e-25
-1.27366e-25
-8.33922e-26
-3.86049e-26
6.89957e-18
-4.01548e-17
1.23109e-16
-2.16842e-16
-5.35272e-13
1.51107e-12
1.99126e-11
2.26781e-10
-2.92402e-09
-3.84926e-09
-1.15686e-08
-3.70343e-08
-8.49969e-08
-1.29538e-07
-1.39717e-07
-1.25549e-07
-8.84433e-08
-3.55136e-08
5.62061e-09
1.818e-08
2.73818e-08
4.12558e-08
6.6188e-08
1.16993e-07
2.23884e-07
4.41749e-07
8.62963e-07
1.63307e-06
2.96713e-06
5.16225e-06
8.59893e-06
1.37215e-05
2.10011e-05
3.0668e-05
4.40107e-05
6.39933e-05
9.78073e-05
0.000162915
0.000293847
0.000548512
0.000984219
0.00290132
0.0122987
0.0306279
0.0553808
0.0890939
0.127607
0.16308
0.196293
0.229861
0.264112
0.297544
0.333483
0.369681
0.392399
0.408692
0.426464
0.446347
0.464975
0.476183
0.47903
0.479586
0.479179
0.47766
0.475474
0.473218
0.471263
0.469628
0.467874
0.465925
0.46346
0.460456
0.456349
0.451004
0.444263
0.435689
0.42525
0.412665
0.39784
0.380441
0.360911
0.339831
0.317643
0.294719
0.271513
0.248599
0.226659
0.20549
0.185468
0.16632
0.14819
0.130702
0.11412
0.0980448
0.0830389
0.0688615
0.0558239
0.0438351
0.0332678
0.0239875
0.0163445
0.0105875
0.00657055
0.00391859
0.00225826
0.00126288
0.000688269
0.000366537
0.000191488
9.6797e-05
4.6564e-05
2.07634e-05
8.45009e-06
3.13492e-06
1.05441e-06
2.9265e-07
3.26431e-08
-5.19099e-08
-7.04281e-08
-5.15085e-08
-3.3724e-08
-2.07758e-08
-1.22925e-08
-6.98162e-09
-3.74794e-09
-1.88165e-09
-8.89517e-10
-4.0176e-10
-1.70726e-10
-6.31493e-11
-1.39785e-11
6.05148e-12
8.98862e-12
7.17699e-12
5.04373e-12
3.34913e-12
2.15712e-12
1.36735e-12
8.5715e-13
5.34959e-13
3.32439e-13
2.06626e-13
1.27247e-13
7.59848e-14
4.18175e-14
1.95305e-14
6.16469e-15
-1.75195e-15
-6.25235e-15
-8.23195e-15
-7.25451e-15
-6.22182e-15
-5.34664e-15
-5.05419e-15
-4.34762e-15
-3.82174e-15
-3.47247e-15
-3.39639e-15
-2.80845e-15
-1.85494e-15
-7.51441e-16
-1.76067e-16
6.1691e-17
1.47144e-16
2.30288e-16
1.93468e-16
1.01666e-16
3.13291e-17
8.83216e-19
-4.94248e-18
-2.97535e-18
-8.54468e-19
1.55698e-20
1.62152e-19
1.0496e-19
4.49828e-20
1.45979e-20
2.70226e-21
1.11056e-22
3.74806e-22
7.67862e-22
7.48602e-22
4.92825e-22
2.31039e-22
6.98728e-23
6.60746e-24
-4.92556e-24
-3.39754e-24
-1.33731e-24
-3.89036e-25
-7.54131e-26
-2.4366e-27
-2.48967e-27
-1.46705e-26
-2.16562e-26
-2.03363e-26
-1.48913e-26
-9.47974e-27
-5.43698e-27
-1.96728e-27
8.5504e-18
-9.19501e-17
4.7423e-16
-2.63034e-15
-4.57791e-12
2.5251e-11
7.23267e-11
1.96162e-09
-1.17383e-08
-4.78263e-08
-1.07386e-07
-1.96516e-07
-4.14163e-07
-6.64454e-07
-6.99869e-07
-5.38301e-07
-2.21217e-07
1.72559e-07
7.04162e-07
1.33979e-06
2.26316e-06
3.91011e-06
7.10089e-06
1.32374e-05
2.45353e-05
4.42753e-05
7.70049e-05
0.000128575
0.000205916
0.000316531
0.000467631
0.000664871
0.000911172
0.00119973
0.00155162
0.0020116
0.00271926
0.00387052
0.00847869
0.0198934
0.0416821
0.0765685
0.131024
0.186295
0.233247
0.274134
0.303379
0.321547
0.340689
0.365614
0.391733
0.406757
0.409159
0.40757
0.402682
0.394302
0.380645
0.360688
0.333515
0.307325
0.284657
0.266037
0.249829
0.236216
0.224608
0.214994
0.206232
0.197998
0.189478
0.181112
0.172067
0.162905
0.153179
0.14314
0.132931
0.122416
0.1116
0.10034
0.0891009
0.0780743
0.0676162
0.057863
0.0489832
0.0411003
0.0342385
0.0284075
0.0235804
0.0195277
0.0162308
0.0134525
0.0111483
0.00917329
0.00752363
0.00607745
0.00481787
0.00371116
0.00277594
0.00200178
0.00139328
0.000930666
0.000598072
0.000368039
0.00021727
0.000122704
6.6312e-05
3.42204e-05
1.6833e-05
7.83656e-06
3.39874e-06
1.30716e-06
3.7976e-07
1.29535e-08
-8.70699e-08
-7.49725e-08
-4.06349e-08
-1.68819e-08
-5.72998e-09
-1.90641e-09
-1.21272e-09
-7.41337e-10
-4.26941e-10
-2.35502e-10
-1.2694e-10
-6.83317e-11
-3.70035e-11
-1.98379e-11
-1.02544e-11
-5.56846e-12
-3.77441e-12
-2.3836e-12
-1.08265e-12
-2.96511e-13
-1.57048e-14
-1.70178e-15
-2.75213e-15
-3.17524e-15
-2.5294e-15
-1.65482e-15
-9.58449e-16
-5.22937e-16
-2.84052e-16
-1.65426e-16
-9.47317e-17
-2.42033e-17
5.55682e-17
6.35624e-17
5.24875e-19
-7.82445e-17
-1.59143e-16
-2.6776e-16
-2.30745e-16
-1.44057e-16
-2.65132e-18
1.16065e-16
2.53115e-16
4.02824e-16
5.45926e-16
6.28915e-16
5.50043e-16
4.03994e-16
2.85593e-16
1.88018e-16
9.80227e-17
3.19649e-17
-4.28331e-18
-1.40449e-17
-9.59518e-18
-3.14032e-18
8.61408e-20
6.52636e-19
3.62815e-19
1.08978e-19
1.50739e-20
-2.76008e-21
-2.30876e-21
-5.30296e-22
4.77536e-22
9.25504e-22
8.04818e-22
5.17416e-22
2.72956e-22
1.17632e-22
3.87702e-23
8.22883e-24
3.36626e-25
-4.0623e-25
-1.24734e-25
-1.33243e-26
1.59035e-27
8.13316e-28
2.18331e-28
4.02542e-28
6.04402e-28
6.57029e-28
7.10387e-28
7.8215e-28
7.87776e-28
6.8584e-28
5.23761e-28
2.80844e-28
-4.58678e-18
-1.23485e-17
2.25e-16
-2.93132e-14
-7.30406e-12
1.69254e-11
3.53548e-10
1.85785e-08
2.54981e-07
4.15042e-07
5.64075e-07
1.57278e-06
3.52183e-06
6.22843e-06
9.63039e-06
1.55503e-05
3.42673e-05
0.000261915
0.000854149
0.00145829
0.00195872
0.00241593
0.00305644
0.00411868
0.00579945
0.00822357
0.0114101
0.0152734
0.0196286
0.0243208
0.02923
0.0342502
0.0393593
0.0446828
0.0519889
0.0645055
0.0840533
0.115345
0.155409
0.197006
0.243524
0.286607
0.320762
0.330186
0.327855
0.322049
0.313329
0.301139
0.281656
0.250293
0.211834
0.173655
0.136986
0.105598
0.0828191
0.0683095
0.0576614
0.049347
0.0418345
0.0356071
0.029644
0.0245672
0.0201102
0.0166061
0.0138008
0.0116859
0.00994512
0.00853507
0.00722804
0.00607859
0.00494856
0.00393675
0.00298487
0.00213602
0.0014197
0.000829954
0.00041859
0.000173741
6.75692e-05
1.22712e-05
-2.07347e-05
-4.17802e-05
-5.47027e-05
-6.17416e-05
-6.44038e-05
-6.40806e-05
-6.17204e-05
-5.8006e-05
-5.352e-05
-4.85277e-05
-4.33322e-05
-3.80293e-05
-3.2786e-05
-2.77068e-05
-2.29435e-05
-1.85852e-05
-1.47238e-05
-1.13915e-05
-8.59732e-06
-6.31132e-06
-4.48643e-06
-3.06899e-06
-2.00421e-06
-1.23663e-06
-7.12014e-07
-3.78083e-07
-1.83413e-07
-8.07786e-08
-3.25477e-08
-1.28196e-08
-5.47977e-09
-2.68123e-09
-1.59953e-09
-1.01005e-09
-5.19057e-10
-2.40704e-10
-1.03386e-10
-2.96404e-11
-8.00243e-12
-4.54681e-13
2.21288e-12
2.79242e-12
2.41423e-12
1.72674e-12
1.06978e-12
5.78287e-13
2.56601e-13
5.27383e-14
-1.2876e-13
-1.53726e-13
-9.27415e-14
-3.26571e-14
-6.39146e-15
-1.07862e-15
-4.53402e-16
-2.84325e-16
-1.5369e-16
-7.86149e-17
-3.96349e-17
-2.09822e-17
-1.15743e-17
-6.85476e-18
-4.68077e-18
-6.39064e-18
-6.91795e-18
3.52711e-19
1.56018e-18
7.65046e-19
8.35802e-18
1.69467e-17
3.3415e-17
5.74232e-17
5.94319e-17
7.50663e-17
9.48536e-17
1.21196e-16
1.53139e-16
1.81509e-16
1.48855e-16
1.06792e-16
4.45082e-17
1.14283e-17
-3.63981e-19
-1.58509e-18
1.11002e-20
8.56593e-19
6.38868e-19
1.99559e-19
-6.56525e-21
-3.24411e-20
-1.43533e-20
-3.22619e-21
-2.65808e-22
7.44673e-23
2.70084e-23
-6.70108e-24
-1.00916e-23
-9.6602e-25
3.74113e-24
1.28814e-24
-1.42165e-24
-1.8555e-24
-1.10145e-24
-3.93903e-25
-7.78005e-26
-2.89502e-27
1.94947e-27
3.92626e-28
2.76199e-29
9.48396e-31
4.72705e-30
1.67089e-29
3.54563e-29
5.10427e-29
5.99707e-29
6.42386e-29
6.08858e-29
5.0006e-29
3.47838e-29
1.37407e-29
-1.16602e-17
4.06296e-17
-8.93366e-18
-4.63306e-13
-1.80067e-11
-1.3249e-09
1.57687e-09
3.68989e-07
9.06525e-06
0.0001087
0.00103957
0.00429983
0.0103159
0.0177563
0.022623
0.0249639
0.0264377
0.0284799
0.0337901
0.0431687
0.0560506
0.0727382
0.095921
0.129646
0.176136
0.233247
0.293271
0.339616
0.359096
0.356744
0.347434
0.326489
0.296312
0.26211
0.231238
0.209449
0.199682
0.200271
0.199273
0.191432
0.175039
0.143978
0.10526
0.0696925
0.0472644
0.0351933
0.0276289
0.0220139
0.0172577
0.0132163
0.00963279
0.0064363
0.0037788
0.00217637
0.00128359
0.000770321
0.000463754
0.000279074
0.000167532
0.00010039
5.93487e-05
3.41682e-05
1.82867e-05
8.29376e-06
1.73394e-06
-2.58054e-06
-5.61082e-06
-7.72831e-06
-9.35762e-06
-1.06161e-05
-1.18594e-05
-1.33076e-05
-1.51172e-05
-1.73692e-05
-1.96029e-05
-2.14212e-05
-2.30617e-05
-2.32398e-05
-2.19405e-05
-1.97577e-05
-1.73884e-05
-1.51277e-05
-1.32231e-05
-1.14786e-05
-9.96017e-06
-8.59907e-06
-7.22601e-06
-6.02814e-06
-4.95901e-06
-3.97044e-06
-3.08451e-06
-2.29734e-06
-1.63547e-06
-1.10349e-06
-7.04401e-07
-4.2343e-07
-2.40408e-07
-1.28658e-07
-6.50856e-08
-3.11017e-08
-1.41036e-08
-6.09209e-09
-2.53153e-09
-1.01929e-09
-4.0119e-10
-1.55691e-10
-5.97736e-11
-2.2679e-11
-8.6002e-12
-3.40146e-12
-1.49602e-12
-8.63331e-13
-8.7652e-13
-1.11013e-12
-6.22489e-13
-1.91922e-13
5.27156e-14
1.58929e-13
1.78723e-13
1.7274e-13
1.5482e-13
1.23955e-13
9.20197e-14
6.3234e-14
3.75769e-14
1.88661e-14
7.9632e-15
3.18606e-15
2.65542e-18
-1.32854e-15
-8.97521e-16
-3.95889e-16
-1.41707e-16
-5.07968e-17
-1.92814e-17
-1.42879e-17
-1.10575e-17
-8.20115e-18
-5.79379e-18
-3.89716e-18
-2.46722e-18
-1.54811e-18
-1.26924e-18
-1.74195e-18
-2.20711e-18
-1.75518e-18
-8.51627e-19
-3.01371e-19
-8.29526e-20
-4.4585e-21
6.47967e-20
5.70585e-19
8.67959e-19
1.66609e-18
2.63163e-18
4.58115e-18
7.76386e-18
1.12484e-17
6.86956e-18
2.77535e-18
6.51443e-19
1.8931e-19
1.2971e-19
6.35876e-20
-1.09984e-20
-3.55738e-20
-2.12333e-20
-5.21267e-21
3.31534e-22
6.33168e-22
2.02519e-22
3.00386e-23
1.04314e-25
-1.06966e-24
-5.35377e-25
-7.92124e-25
-1.62431e-24
-2.18715e-24
-1.86259e-24
-1.14495e-24
-5.41601e-25
-1.95075e-25
-4.95582e-26
-7.12992e-27
5.3709e-29
2.14342e-28
2.93048e-29
3.63988e-31
-3.07676e-31
-2.15068e-31
-3.52334e-31
-5.22135e-31
-6.36453e-31
-7.27283e-31
-9.11339e-31
-1.2343e-30
-1.59086e-30
-1.7562e-30
-1.62779e-30
-8.89565e-31
-1.84295e-17
1.39229e-16
-6.80488e-16
-6.43116e-12
-3.40855e-10
-1.0166e-08
3.78906e-08
5.5131e-06
0.000102764
0.00114247
0.0153502
0.0844366
0.218864
0.317976
0.324669
0.29573
0.214589
0.100936
0.0264468
0.00557206
0.00522108
0.00547929
0.00641525
0.00822665
0.0108241
0.013878
0.0169252
0.0194894
0.0212257
0.0221492
0.0223794
0.0220492
0.0215022
0.0212755
0.0212574
0.0214905
0.0190269
0.0123542
0.00660257
0.00342903
0.00185008
0.000975011
0.0004014
0.000149059
6.22876e-05
3.33613e-05
2.19237e-05
1.5799e-05
1.16417e-05
8.47511e-06
5.93852e-06
3.87565e-06
2.25127e-06
1.21752e-06
6.36089e-07
3.20002e-07
1.41278e-07
2.65341e-08
-4.84667e-08
-1.38647e-07
-2.01203e-07
-2.99353e-07
-3.73963e-07
-4.97931e-07
-5.72913e-07
-6.65738e-07
-6.98244e-07
-7.44624e-07
-7.28283e-07
-7.16195e-07
-6.60277e-07
-6.28248e-07
-5.77426e-07
-5.35774e-07
-5.04686e-07
-4.49384e-07
-3.98733e-07
-3.38927e-07
-2.89908e-07
-2.36108e-07
-1.90719e-07
-1.49763e-07
-1.05973e-07
-6.60706e-08
-3.73188e-08
-1.45387e-08
-7.28445e-09
-4.75926e-09
-3.30143e-09
-2.2503e-09
-1.47943e-09
-9.29432e-10
-5.57364e-10
-3.18376e-10
-1.74198e-10
-9.19394e-11
-4.70849e-11
-2.33462e-11
-1.11607e-11
-5.11875e-12
-2.24999e-12
-9.50151e-13
-3.87816e-13
-1.53926e-13
-5.98219e-14
-2.29927e-14
-8.78978e-15
-3.36744e-15
-1.34184e-15
-7.0072e-16
-5.4245e-16
1.38255e-15
5.62764e-15
2.35479e-15
3.19552e-15
4.05201e-15
4.33903e-15
4.35966e-15
4.07419e-15
3.47835e-15
2.51711e-15
1.24881e-15
5.76762e-16
2.74868e-16
1.55406e-16
1.41133e-16
9.81317e-17
5.68846e-17
2.28699e-17
3.10311e-18
-2.49815e-18
-8.20442e-20
1.08689e-18
5.62855e-19
1.815e-19
6.01075e-20
1.88105e-20
-5.79207e-21
-1.71223e-20
-2.00503e-20
-1.71264e-20
-1.34966e-20
-7.64421e-21
1.53915e-21
-1.01196e-20
-1.89284e-20
-1.49099e-20
-2.42565e-20
-3.51821e-20
-8.34034e-20
-1.26444e-19
-2.03706e-19
-2.52291e-19
-3.43171e-19
-4.12993e-19
-5.37153e-19
-7.10601e-19
-8.95936e-19
-4.66138e-19
-1.61839e-19
-1.74668e-20
1.54923e-21
-1.03801e-22
-3.20807e-22
2.75371e-22
3.57487e-22
1.47665e-22
2.16003e-23
-4.16456e-24
-2.56288e-24
-5.1765e-25
-3.87212e-26
6.30895e-27
3.38625e-27
4.6117e-27
1.01221e-26
8.04382e-27
-2.68595e-28
-2.68148e-27
-2.42572e-28
1.33034e-27
1.11238e-27
4.6241e-28
1.07041e-28
1.05917e-29
-7.43741e-31
-2.43553e-31
-7.31266e-33
2.33265e-33
4.85605e-34
7.02562e-35
-8.37283e-34
-3.11469e-33
-7.46394e-33
-1.33776e-32
-2.12238e-32
-3.17884e-32
-3.90665e-32
-3.50369e-32
-1.15223e-32
)
;

boundaryField
{
    inlet
    {
        type            uniformFixedValue;
        uniformValue    table;
        uniformValueCoeffs
        {
            values          
4
(
(0 1)
(0.15 1)
(0.151 0)
(1 0)
)
;
        }
        value           uniform 0;
    }
    outlet
    {
        type            inletOutlet;
        inletValue      uniform 0;
        value           nonuniform List<scalar> 
20
(
6.46998e-39
-1.51573e-35
2.32304e-33
-1.67047e-31
5.10945e-29
-1.61189e-27
-2.84369e-26
4.36548e-25
3.85571e-24
1.05105e-23
1.47194e-23
9.94521e-24
1.90087e-24
-3.15597e-26
-3.86049e-26
-1.96728e-27
2.80844e-28
1.37407e-29
-8.89565e-31
-1.15223e-32
)
;
    }
    walls
    {
        type            zeroGradient;
    }
    frontAndBack
    {
        type            empty;
    }
}


// ************************************************************************* //
