/*--------------------------------*- C++ -*----------------------------------*\
| =========                 |                                                 |
| \\      /  F ield         | OpenFOAM: The Open Source CFD Toolbox           |
|  \\    /   O peration     | Version:  2506                                  |
|   \\  /    A nd           | Website:  www.openfoam.com                      |
|    \\/     M anipulation  |                                                 |
\*---------------------------------------------------------------------------*/
FoamFile
{
    version     2.0;
    format      ascii;
    arch        "LSB;label=32;scalar=64";
    class       volScalarField;
    location    "4.03";
    object      s;
}
// * * * * * * * * * * * * * * * * * * * * * * * * * * * * * * * * * * * * * //

dimensions      [0 0 0 0 0 0 0];

internalField   nonuniform List<scalar> 
4000
(
-6.87949e-22
2.40458e-21
-4.24798e-21
-1.2857e-20
1.59575e-19
-9.71368e-19
4.81909e-18
-1.308e-17
-5.84542e-17
5.49985e-16
2.77017e-15
-3.66422e-14
-8.84751e-13
-1.68432e-11
-1.7719e-10
-8.96974e-10
-4.05268e-09
-1.64808e-08
6.65175e-08
2.31229e-06
2.96868e-05
0.000342798
0.00354311
0.018955
0.057748
0.109894
0.150593
0.159052
0.158015
0.146291
0.114439
0.0597998
0.0170752
0.00294891
0.00317961
0.00384856
0.00526133
0.00773721
0.011153
0.0147933
0.0178501
0.0203072
0.0222671
0.0244504
0.0267313
0.0288932
0.0308505
0.0329916
0.0351933
0.037488
0.03997
0.0423631
0.0449527
0.0473267
0.0497391
0.0517257
0.0532577
0.0543703
0.0550884
0.055437
0.0554439
0.0551263
0.0545086
0.0535353
0.0518928
0.047082
0.0369362
0.0238666
0.0122299
0.00703112
0.00445008
0.00268053
0.00152694
0.000833478
0.000440018
0.000225091
0.000111169
5.2967e-05
2.45461e-05
1.13285e-05
5.34657e-06
2.58967e-06
1.2656e-06
6.11415e-07
2.87797e-07
1.31506e-07
5.83638e-08
2.50983e-08
1.04471e-08
4.17968e-09
1.58708e-09
5.70479e-10
1.86903e-10
4.67712e-11
-7.51867e-12
-4.98764e-11
-1.23115e-10
-2.20881e-10
-2.98421e-10
-3.04646e-10
-3.62816e-10
-1.04377e-09
-4.73705e-09
-1.78891e-08
-5.04082e-08
-1.26533e-07
-2.56267e-07
-4.5272e-07
-6.89857e-07
-9.73573e-07
-1.33401e-06
-1.75655e-06
-2.12867e-06
-2.47872e-06
-2.71754e-06
-2.77183e-06
-2.49748e-06
-1.89276e-06
-9.70632e-07
2.38947e-07
1.71996e-06
3.4291e-06
1.26046e-05
4.18225e-05
7.94498e-05
0.000119286
0.000156818
0.000187456
0.000213316
0.000239154
0.000249002
0.000259255
0.000281111
0.000281824
0.000289018
0.000320008
0.000305757
0.00032608
0.000318617
0.000309328
0.000284086
0.000239743
0.000178162
0.000120082
6.72706e-05
4.35082e-05
3.22784e-05
2.55048e-05
2.00605e-05
1.50929e-05
1.06629e-05
6.98348e-06
4.22696e-06
2.36576e-06
1.23163e-06
5.98216e-07
2.57714e-07
5.93971e-08
-8.82492e-08
-2.32663e-07
-4.52882e-07
-8.32654e-07
-1.3801e-06
-1.95183e-06
-2.8097e-06
-4.10899e-06
-5.31578e-06
-5.85018e-06
-6.34502e-06
-6.74171e-06
-6.92403e-06
-6.82111e-06
-6.56593e-06
-6.25121e-06
-5.81441e-06
-5.23115e-06
-4.58607e-06
-3.95652e-06
-3.34916e-06
-2.7569e-06
-2.20179e-06
-1.71433e-06
-1.31323e-06
-9.96433e-07
-7.47566e-07
-5.33436e-07
-3.69824e-07
-2.47281e-07
-1.60536e-07
-1.02704e-07
-6.73601e-08
-4.6018e-08
-3.05235e-08
-1.95345e-08
-8.8478e-09
-5.29471e-09
-3.2389e-09
-2.00882e-09
-1.25217e-09
-7.06261e-10
-1.17841e-22
-4.73757e-22
4.63494e-21
-2.29285e-20
8.05675e-20
-1.7515e-19
-2.72299e-19
4.97048e-18
-1.59503e-17
-1.13571e-16
1.28558e-15
-5.5681e-15
-9.92439e-14
-1.23134e-12
-1.38691e-11
-8.80927e-11
-7.1352e-10
-6.99599e-09
-2.20632e-08
1.23595e-07
2.37578e-06
2.52102e-05
0.000174599
0.000664578
0.00181955
0.00392202
0.00715123
0.0109684
0.0150668
0.0189553
0.0221347
0.0238022
0.0227279
0.0207761
0.0183859
0.016621
0.0152105
0.0138851
0.0125613
0.0117254
0.0104802
0.00914792
0.00807284
0.00726639
0.00670216
0.00634982
0.00612525
0.0060261
0.00597806
0.00598019
0.00604876
0.00615398
0.00637442
0.00668507
0.00723422
0.00808328
0.00939028
0.0113511
0.0137687
0.0174067
0.0216062
0.0262179
0.0310055
0.0357181
0.0401661
0.0436346
0.0444875
0.0444021
0.0440528
0.0437714
0.0435445
0.0430255
0.0420616
0.039974
0.0350261
0.0261222
0.0156787
0.00740801
0.00382781
0.00223674
0.00132758
0.000778794
0.000441372
0.000237827
0.000122467
6.08789e-05
2.94122e-05
1.38224e-05
6.31353e-06
2.79387e-06
1.19468e-06
4.95393e-07
1.99028e-07
7.67355e-08
2.7362e-08
6.71686e-09
-3.63277e-09
-1.51965e-08
-4.89014e-08
-9.5236e-08
-1.5211e-07
-2.69072e-07
-5.24462e-07
-9.41768e-07
-1.57776e-06
-2.55731e-06
-3.74154e-06
-4.6845e-06
-4.92057e-06
-3.15749e-06
3.93016e-06
4.45387e-05
0.000386227
0.00101867
0.00196869
0.00321067
0.00474853
0.00653624
0.00845878
0.0104686
0.0125211
0.0144935
0.016384
0.0181897
0.0198126
0.0212397
0.022481
0.0235333
0.024426
0.0252494
0.0259109
0.0264706
0.0270867
0.0275658
0.0279906
0.0285829
0.028891
0.0293031
0.0295403
0.0296459
0.0295342
0.0290778
0.0281118
0.0266869
0.0243713
0.0217765
0.0186017
0.015391
0.0123517
0.00953327
0.00709884
0.00501403
0.00339731
0.00217357
0.00131509
0.000733444
0.000378922
0.000181924
8.19874e-05
3.42401e-05
1.22029e-05
9.56984e-07
-4.86559e-06
-7.06611e-06
-5.47462e-06
7.99291e-07
2.01883e-05
0.00035732
0.000733268
0.00101929
0.00118803
0.00129763
0.00147943
0.00179032
0.00217022
0.00247461
0.00255696
0.00236493
0.00197198
0.00150218
0.0010589
0.000710525
0.000476103
0.000306256
0.000182177
9.82759e-05
4.75221e-05
1.99835e-05
6.47362e-06
5.58864e-07
-1.53311e-06
-1.80049e-06
-1.25869e-06
-4.32693e-07
3.96644e-07
1.08132e-06
1.55364e-06
1.79772e-06
1.81926e-06
1.59858e-06
1.04413e-22
-6.44424e-22
1.85909e-21
-3.29138e-21
-8.71554e-22
4.05872e-20
-1.92043e-19
2.9796e-20
6.19677e-18
-4.55599e-17
1.334e-16
-1.71768e-16
-6.07508e-15
-5.62302e-14
-3.51947e-13
-2.94869e-12
-3.60822e-11
-2.69599e-10
-3.18507e-09
2.21885e-09
3.65708e-08
6.69167e-08
9.70855e-08
2.09929e-07
5.04009e-07
1.0252e-06
1.95426e-06
3.55217e-06
6.73039e-06
1.75214e-05
8.69132e-05
0.00079649
0.00223799
0.00399745
0.00546427
0.0058084
0.0052382
0.00436948
0.00352278
0.00274448
0.00202306
0.00149857
0.00116462
0.00095231
0.000819793
0.000735854
0.000680275
0.000649871
0.000631737
0.000624187
0.000626877
0.000634605
0.000654013
0.000678146
0.000717075
0.000763857
0.000819744
0.00089532
0.00102195
0.00142628
0.00223528
0.00364238
0.00580769
0.00891532
0.0135101
0.0193662
0.0257156
0.0314952
0.0364368
0.040342
0.0425129
0.0440272
0.0460863
0.048863
0.0502222
0.0495023
0.0477617
0.0450412
0.0410727
0.0344346
0.0254195
0.015689
0.00832357
0.00486964
0.00304883
0.00192548
0.00121672
0.000749
0.000438911
0.000244166
0.000130797
6.87465e-05
3.55439e-05
1.79706e-05
8.85351e-06
4.17497e-06
1.8237e-06
5.89569e-07
-1.36405e-07
-6.20368e-07
-9.19074e-07
-7.93361e-07
6.74429e-07
6.42036e-06
2.52999e-05
8.36558e-05
0.000315538
0.00123029
0.00294078
0.00563498
0.00938292
0.0141512
0.0198258
0.0257659
0.0317756
0.0374342
0.0424311
0.046833
0.0507106
0.0541722
0.0573005
0.0599981
0.0623188
0.0642672
0.065906
0.0673161
0.0685611
0.0696824
0.070715
0.0716884
0.0725996
0.0734661
0.0743036
0.0750941
0.0758483
0.0765769
0.0772644
0.0779271
0.0785566
0.0791466
0.0796855
0.0801474
0.080483
0.0806242
0.0803113
0.079463
0.0773176
0.0739406
0.0685489
0.060776
0.0518304
0.0417858
0.0316964
0.0217947
0.0132121
0.00753922
0.00436246
0.00250613
0.00143974
0.000873669
0.000745587
0.000904405
0.00145147
0.0026067
0.005229
0.0100113
0.0170774
0.0239868
0.028549
0.0306344
0.0305931
0.0289656
0.0265451
0.0242476
0.0229515
0.0231655
0.0249825
0.0281552
0.032053
0.0358058
0.0385924
0.0399268
0.0397402
0.0381863
0.0354282
0.0316646
0.0271773
0.022437
0.0183873
0.0151794
0.0125423
0.0103495
0.00859698
0.00727112
0.00630955
0.00561022
0.00506025
0.00456265
0.00407108
0.00337671
-8.25002e-24
9.81504e-23
-7.47536e-22
3.19875e-21
-9.59437e-21
1.83824e-20
1.88548e-20
-3.8198e-19
1.71895e-18
-3.00523e-18
-5.77622e-18
-4.96422e-18
-5.54335e-17
-5.67405e-16
-3.777e-15
-1.59306e-14
-1.446e-13
-1.78441e-11
6.32741e-11
-1.52301e-11
8.23737e-11
-2.56933e-10
-1.881e-09
-2.36626e-09
5.44843e-09
2.73522e-08
5.88589e-08
1.05445e-07
1.41769e-07
1.85217e-07
1.36825e-07
-7.7724e-07
-7.03691e-07
3.04301e-07
6.65084e-05
0.000104173
8.03486e-05
6.19463e-05
5.27329e-05
4.53923e-05
3.68235e-05
2.94137e-05
2.39379e-05
2.00175e-05
1.74111e-05
1.57341e-05
1.4698e-05
1.42993e-05
1.42742e-05
1.46324e-05
1.53903e-05
1.64635e-05
1.80843e-05
2.01193e-05
2.29714e-05
2.64834e-05
3.07201e-05
3.60208e-05
4.21736e-05
4.94463e-05
5.71209e-05
6.75941e-05
0.000114652
0.000340431
0.00114783
0.00278528
0.00556807
0.00984527
0.0154758
0.0217322
0.0275846
0.0324895
0.0367533
0.040877
0.0446283
0.0474198
0.0487832
0.0500962
0.0524551
0.0534517
0.0526046
0.0509514
0.04863
0.045739
0.0409211
0.0332167
0.0236772
0.0143282
0.00815263
0.00509527
0.00333664
0.00228305
0.00158292
0.00106006
0.000662649
0.000388332
0.00022933
0.000142908
0.000101431
0.000106152
0.000205056
0.0005588
0.00132452
0.00271169
0.00505795
0.00883133
0.0147004
0.0222215
0.0307138
0.039411
0.0471834
0.0541025
0.0602694
0.0651683
0.0684034
0.0702109
0.0713227
0.0724066
0.0735014
0.0742372
0.0746464
0.0748861
0.0749747
0.0749906
0.0750038
0.0750455
0.075134
0.0752799
0.0754707
0.0756856
0.0759529
0.0762282
0.0764612
0.0767373
0.0769779
0.077164
0.0774464
0.0776902
0.0780371
0.078491
0.0791075
0.0799785
0.0811471
0.0826364
0.0844601
0.0861892
0.0877594
0.0890448
0.0896454
0.0891493
0.0872167
0.0832795
0.0775877
0.0699095
0.0579146
0.0433181
0.0293425
0.0176091
0.00956768
0.00583973
0.00536806
0.00713997
0.0126647
0.0229633
0.0375722
0.0537548
0.0677599
0.0759305
0.0790575
0.0789324
0.076858
0.0738483
0.0704763
0.0666466
0.0619643
0.0568987
0.0527005
0.0504621
0.051397
0.0563098
0.0650681
0.0764536
0.0879549
0.0946495
0.0982642
0.100477
0.101664
0.101894
0.100789
0.0980598
0.0934781
0.0863441
0.0766817
0.0658205
0.0549427
0.0454354
0.038765
0.0360998
0.0369294
0.0460294
-3.56954e-23
1.68448e-22
-5.05563e-22
1.13288e-21
-1.56415e-21
-1.43494e-21
2.07381e-20
-6.7031e-20
-6.1744e-20
1.33081e-18
-4.2603e-18
-6.41526e-19
1.03184e-19
1.73472e-16
-9.52601e-16
4.40062e-15
-2.33131e-14
7.47299e-13
5.02444e-12
3.94241e-12
-1.23009e-11
-1.00109e-10
-1.04509e-10
-1.22601e-10
-5.30235e-11
4.00312e-10
4.97044e-11
-1.25028e-09
-9.57596e-10
-5.48808e-09
-9.25223e-08
-1.64746e-07
-2.10108e-07
-3.89184e-07
-3.4716e-07
-2.33628e-07
-1.62877e-07
-1.4361e-07
-1.54024e-07
-1.69133e-07
-1.74715e-07
-1.73875e-07
-1.70332e-07
-1.65445e-07
-1.60491e-07
-1.55639e-07
-1.50878e-07
-1.46941e-07
-1.43236e-07
-1.40055e-07
-1.37436e-07
-1.35073e-07
-1.33437e-07
-1.3189e-07
-1.3102e-07
-1.30046e-07
-1.24279e-07
-9.86162e-08
-4.19563e-09
3.69946e-07
1.27731e-06
3.48214e-06
7.28808e-06
1.0599e-05
8.50308e-06
1.45318e-05
0.000132042
0.00074609
0.00221905
0.00473445
0.00854247
0.0132614
0.018141
0.0228737
0.0274665
0.0320684
0.0360641
0.039456
0.0429274
0.0461248
0.0488392
0.050548
0.0520105
0.0540997
0.0565283
0.0581523
0.0576861
0.0563991
0.0543037
0.0517668
0.0483132
0.0428299
0.0355057
0.0272037
0.019188
0.0138454
0.0120016
0.0123227
0.0137667
0.0159577
0.019262
0.0233271
0.0279204
0.03314
0.0391231
0.0458143
0.0531291
0.0600034
0.0659336
0.0694284
0.0713692
0.0731733
0.0741071
0.0735154
0.071932
0.0696579
0.0669546
0.0639093
0.0605236
0.0568573
0.053333
0.0501421
0.047314
0.0448563
0.0427932
0.0410926
0.0397064
0.0385885
0.0376757
0.0368892
0.0362453
0.035692
0.035111
0.0346182
0.0341384
0.0335973
0.0332078
0.0328172
0.0325713
0.0325076
0.0326949
0.0332836
0.0344107
0.0361711
0.0390082
0.0428507
0.0483282
0.0549216
0.0622062
0.0696521
0.0767779
0.0814391
0.0829409
0.0834925
0.0818737
0.0769411
0.0690099
0.0565445
0.0424311
0.030085
0.0252002
0.0284914
0.0398729
0.0566836
0.0746377
0.0880787
0.0922104
0.0922449
0.0910664
0.0873897
0.0826387
0.0789784
0.0774673
0.0772705
0.0775519
0.0778751
0.0778016
0.0770716
0.0759554
0.0748918
0.0743513
0.0755822
0.0789276
0.0855571
0.0935205
0.101356
0.108014
0.112888
0.115608
0.11585
0.115431
0.114484
0.112977
0.110982
0.108535
0.105574
0.101982
0.0978375
0.0934043
0.0864214
-5.20636e-24
1.83823e-23
-8.76528e-24
-1.1435e-22
5.39346e-22
-1.51502e-21
2.12195e-21
8.82777e-21
-8.27087e-20
3.03279e-19
-6.82522e-19
2.17404e-18
-1.56596e-17
1.05686e-16
-4.678e-16
2.85834e-15
-4.17429e-14
1.59898e-13
1.91168e-13
3.86044e-13
-5.0897e-14
3.49569e-13
2.42459e-12
7.84706e-12
2.25778e-11
2.29397e-11
-3.01866e-11
-5.2084e-11
-1.89559e-10
-1.55137e-09
-3.78208e-09
-1.33405e-09
-2.24376e-09
-4.60876e-08
-9.81282e-08
-9.08392e-08
-6.65484e-08
-3.99793e-08
-2.47382e-08
-1.94758e-08
-1.6074e-08
-1.32035e-08
-1.08638e-08
-9.01267e-09
-7.62347e-09
-6.57367e-09
-5.76719e-09
-5.20529e-09
-4.79809e-09
-4.54668e-09
-4.44595e-09
-4.47619e-09
-4.70184e-09
-5.11983e-09
-5.88742e-09
-7.19572e-09
-1.10789e-08
-1.64855e-08
-2.13712e-08
-7.08121e-09
5.61116e-08
1.70548e-07
6.19772e-07
2.54841e-08
-1.00032e-06
1.23617e-06
7.05205e-06
7.11721e-06
-3.12921e-07
5.44629e-05
0.000514653
0.00163079
0.00343165
0.00589922
0.00899888
0.0123761
0.0158111
0.0191001
0.0222223
0.0252069
0.0284824
0.0318808
0.0350098
0.0381755
0.041961
0.0458783
0.0495964
0.0530201
0.0555475
0.0581685
0.0605637
0.0627241
0.0649511
0.0663813
0.0670465
0.0671692
0.0672319
0.0675165
0.0678878
0.0683585
0.0684118
0.0684171
0.0687204
0.0694722
0.0706614
0.0721875
0.0731128
0.0729574
0.0714761
0.0687604
0.0650577
0.0604401
0.0545417
0.0482965
0.0419982
0.036157
0.0309535
0.0264169
0.0225732
0.0193645
0.0167041
0.0145342
0.0127903
0.0114176
0.0103484
0.0095104
0.00884729
0.00831823
0.00788639
0.00752015
0.00721694
0.00695453
0.00670066
0.00648676
0.00628702
0.00609151
0.00594567
0.00581438
0.00573207
0.00570715
0.00575575
0.00591782
0.00623112
0.00674081
0.00761279
0.00897294
0.011324
0.0149565
0.0205966
0.028287
0.0380286
0.0497512
0.0607689
0.0703123
0.0774548
0.0801052
0.0809148
0.0791739
0.0746536
0.0676292
0.0630627
0.0638101
0.0701582
0.0803944
0.0908845
0.0943538
0.0923717
0.0867685
0.0772789
0.0658369
0.0555342
0.0478719
0.0434842
0.0424207
0.0446327
0.0499006
0.0577688
0.067128
0.0740955
0.0793165
0.0837834
0.0875751
0.0905599
0.0928019
0.0950405
0.0975869
0.100242
0.102523
0.103916
0.104042
0.10273
0.100136
0.0967237
0.0932204
0.0905932
0.0900035
0.0922088
0.0955985
0.0981176
0.100661
2.44245e-24
-1.10105e-23
3.44232e-23
-7.97214e-23
1.15164e-22
2.37539e-23
-1.04061e-21
4.84061e-21
-1.17158e-20
8.65891e-21
-1.83977e-20
3.09934e-19
-1.07996e-18
2.84507e-18
-1.8862e-17
1.55524e-16
-5.47369e-16
-1.70111e-15
-1.67251e-15
-1.38721e-14
-1.3374e-14
3.03638e-14
2.89798e-13
8.91193e-13
1.86008e-12
3.43728e-12
6.37571e-12
1.10836e-11
2.67703e-11
4.087e-11
1.03198e-10
1.49258e-10
4.93906e-10
5.77572e-11
-7.92137e-09
-1.10958e-08
-8.35709e-09
-5.18287e-09
-2.89743e-09
-1.55936e-09
-8.3507e-10
-4.38075e-10
-2.05483e-10
-5.402e-11
5.27407e-11
1.27124e-10
1.78466e-10
2.15554e-10
2.43241e-10
2.65248e-10
2.83378e-10
2.98056e-10
3.09747e-10
3.16573e-10
3.16671e-10
3.02286e-10
2.53986e-10
1.89375e-10
6.77198e-11
-7.803e-10
2.31898e-09
1.65954e-08
-6.6158e-09
-1.74421e-07
-1.87195e-07
3.57248e-07
-3.75498e-07
-3.21565e-06
-4.98866e-06
-3.39266e-06
-6.08854e-06
-9.73235e-06
-8.26817e-06
6.38248e-05
0.000435248
0.00110646
0.00207003
0.00327249
0.00462447
0.00605041
0.00757226
0.00922448
0.0109999
0.0129509
0.0152471
0.0179601
0.0211997
0.0253055
0.0298549
0.0346992
0.039496
0.044148
0.0484506
0.0520541
0.0550077
0.0576345
0.0609744
0.064149
0.0663316
0.0671852
0.0671294
0.0662548
0.064715
0.0626293
0.0597727
0.0559267
0.0506013
0.0444343
0.0379751
0.0317309
0.0260329
0.02102
0.0167303
0.0131898
0.0103183
0.00813997
0.00649278
0.00524151
0.0042955
0.00357384
0.00301621
0.00258476
0.00224754
0.00198018
0.00176775
0.00159719
0.00145888
0.00134559
0.00125081
0.00116938
0.00110053
0.00104015
0.000983546
0.000935554
0.000891745
0.000851468
0.000820224
0.000793591
0.000775946
0.000768681
0.000773591
0.000796373
0.000841027
0.000915352
0.0010329
0.00118788
0.00140485
0.00178372
0.00273489
0.00475961
0.00826671
0.0145573
0.0237136
0.0351509
0.0483436
0.0607504
0.0705946
0.0768536
0.0787079
0.0794056
0.0802126
0.0812039
0.0837231
0.0872384
0.0879216
0.0851076
0.0765042
0.0635397
0.0492403
0.0361787
0.0257085
0.0181904
0.0135396
0.0113683
0.0112966
0.0129144
0.016322
0.0220875
0.0303846
0.040834
0.0527662
0.065249
0.0770604
0.0852664
0.0898699
0.0927763
0.0947002
0.0957761
0.0958213
0.0944126
0.0912252
0.0864406
0.0804276
0.0736798
0.0667432
0.060236
0.0546937
0.0513479
0.0490456
0.0546903
3.92171e-25
-1.51536e-24
2.34968e-24
1.44716e-24
-1.96953e-23
6.8374e-23
-1.78407e-22
2.79264e-22
5.45294e-22
-4.59042e-21
1.27629e-20
-7.03259e-20
5.93254e-19
-2.86458e-18
9.13902e-18
-1.85756e-17
1.04736e-17
-2.01023e-18
-2.26112e-16
-1.46769e-15
2.33414e-16
2.31803e-15
2.17913e-15
-6.15417e-16
1.72406e-14
1.28651e-13
6.26625e-13
1.36075e-12
2.57798e-12
4.47139e-12
1.08129e-11
3.47984e-11
7.2791e-11
8.81831e-11
-2.25335e-10
-3.53884e-10
-3.37085e-10
-2.81093e-10
-2.14324e-10
-1.48288e-10
-8.85913e-11
-4.25838e-11
-1.05717e-11
1.04836e-11
2.43488e-11
3.05912e-11
3.26556e-11
3.38437e-11
3.53448e-11
3.77775e-11
4.15463e-11
4.68831e-11
5.47167e-11
6.54067e-11
8.12196e-11
1.04363e-10
1.37391e-10
1.75536e-10
2.28857e-10
4.29089e-10
1.07846e-09
3.78019e-09
-1.89559e-09
6.5537e-09
5.75517e-08
1.4909e-07
1.56336e-07
-7.17632e-08
-4.60752e-08
-1.87928e-06
-5.3031e-06
-8.40259e-06
-1.0267e-05
-1.3062e-05
-1.44771e-05
-1.51784e-05
-1.21148e-05
-1.60051e-06
1.76068e-05
4.37014e-05
8.96528e-05
0.000178842
0.000322913
0.000538283
0.000851492
0.00132197
0.0020355
0.00310433
0.00462675
0.0066493
0.00914251
0.0122584
0.0159312
0.0196665
0.0231864
0.0259895
0.0281109
0.0291082
0.0289378
0.0275648
0.0256108
0.0232292
0.0206174
0.0178614
0.0149655
0.0122133
0.00977931
0.0077513
0.00610061
0.00478066
0.00374323
0.00293549
0.00230891
0.00182825
0.00145399
0.00116617
0.00094347
0.000770145
0.000636025
0.000531582
0.000449483
0.000385046
0.000333927
0.000292758
0.000259399
0.000231941
0.000209
0.000189552
0.000172705
0.000157808
0.000144791
0.000133093
0.000122205
0.000112786
0.000104244
9.65999e-05
9.04179e-05
8.52312e-05
8.14719e-05
7.93133e-05
7.88965e-05
8.08989e-05
8.57288e-05
9.44158e-05
0.000108349
0.000127043
0.000153934
0.000190318
0.00023877
0.000290621
0.000376257
0.00103514
0.00308196
0.0072761
0.0146804
0.0256372
0.0383928
0.0521327
0.0629383
0.0708386
0.0750572
0.077137
0.0779913
0.0773387
0.0727598
0.0632949
0.0497044
0.0353495
0.022857
0.0136849
0.00773419
0.00432241
0.00280067
0.00220387
0.00210218
0.00238952
0.00311063
0.00441097
0.00650367
0.0096441
0.0141636
0.0207048
0.0292095
0.0385019
0.0475188
0.055391
0.0615179
0.0655423
0.0673068
0.0668549
0.0644486
0.0604943
0.0554657
0.0498418
0.0440453
0.038457
0.0332633
0.0289558
0.025076
0.0229977
-6.14164e-26
2.73747e-25
-8.62963e-25
1.99128e-24
-2.60148e-24
-1.24481e-24
2.16608e-23
-9.96772e-23
3.14195e-22
-6.78504e-22
1.63532e-21
-7.36165e-21
2.70602e-20
-7.15866e-20
2.30573e-19
-4.06068e-19
-5.41191e-20
1.45806e-17
1.5749e-17
-1.15655e-17
8.86935e-17
1.39283e-16
1.90674e-16
2.11506e-17
1.58165e-16
2.65448e-15
1.13737e-14
2.74088e-14
5.08125e-14
9.64112e-14
7.55886e-13
2.26071e-12
2.87214e-12
9.95402e-12
-3.87602e-12
-1.30492e-11
-1.36773e-11
-1.0716e-11
-6.70492e-12
-2.8704e-12
2.89863e-13
2.36087e-12
3.33525e-12
3.40972e-12
3.09689e-12
2.65194e-12
2.34157e-12
2.02547e-12
1.54054e-12
9.68007e-13
4.31493e-13
-3.68743e-14
-3.77098e-13
-5.9596e-13
-5.30175e-13
-9.81874e-14
2.35324e-12
1.069e-11
2.26712e-11
7.86412e-11
1.81912e-10
3.73204e-10
8.50468e-10
6.51804e-09
2.28267e-08
4.37067e-08
8.18737e-08
1.6108e-07
2.41819e-07
1.52038e-07
-2.65111e-07
-1.07446e-06
-2.65234e-06
-6.36432e-06
-9.91209e-06
-1.32985e-05
-1.58151e-05
-1.86468e-05
-2.2034e-05
-2.5016e-05
-2.6697e-05
-2.64354e-05
-2.41373e-05
-2.00875e-05
-1.49593e-05
-9.3307e-06
-3.5881e-06
1.65618e-06
6.488e-06
1.37329e-05
4.40544e-05
0.000230948
0.000654874
0.00128028
0.00206873
0.00286165
0.00356021
0.00395534
0.00400248
0.00370818
0.00321411
0.00263336
0.00208724
0.00162587
0.00125549
0.000970732
0.000750261
0.000581868
0.000452804
0.000353706
0.00027797
0.000219956
0.00017543
0.00014147
0.000114995
9.46062e-05
7.8689e-05
6.60944e-05
5.61348e-05
4.81308e-05
4.15741e-05
3.61869e-05
3.16762e-05
2.78284e-05
2.45108e-05
2.15879e-05
1.89651e-05
1.65754e-05
1.43609e-05
1.22897e-05
1.03744e-05
8.58819e-06
6.90978e-06
5.41381e-06
4.05797e-06
2.86351e-06
1.86926e-06
1.04541e-06
4.15987e-07
-1.12709e-08
-2.34832e-07
-2.10915e-07
8.6513e-08
7.4391e-07
1.86769e-06
3.44958e-06
5.8418e-06
9.64579e-06
1.62065e-05
2.87369e-05
4.94176e-05
6.39044e-05
5.69989e-05
5.81798e-05
0.000850329
0.00360379
0.00890773
0.0181578
0.0287996
0.039842
0.0474132
0.0514099
0.0517482
0.0482633
0.0403392
0.0296723
0.0189282
0.0105718
0.00514758
0.00251813
0.00133894
0.000753571
0.000451231
0.000312106
0.000272655
0.000307484
0.000422511
0.000650812
0.00105312
0.00171955
0.00276841
0.00431863
0.00645877
0.00920135
0.0124588
0.0160705
0.01963
0.0224951
0.0243415
0.0250536
0.0246677
0.0233639
0.0214091
0.0190878
0.0166528
0.0143024
0.0121527
0.0103254
0.00879861
0.00743606
-4.58731e-27
1.7751e-26
-2.62812e-26
-3.88905e-26
3.18978e-25
-9.82503e-25
2.56893e-24
-6.85758e-24
1.41713e-23
-2.0908e-23
3.25426e-25
8.14255e-22
-7.87439e-21
3.74672e-20
-1.00034e-19
2.00644e-19
-7.02121e-20
9.54136e-20
2.58316e-19
1.25822e-17
2.08657e-17
2.99645e-18
-2.55722e-17
-4.74147e-17
-3.23452e-17
4.42069e-17
4.00626e-16
8.90999e-16
1.39243e-15
2.33985e-15
2.31912e-14
8.80923e-14
1.49878e-13
-2.49501e-14
-1.93722e-13
-5.88182e-13
-1.0616e-12
-1.05699e-12
-7.74688e-13
-3.76344e-13
2.94817e-13
7.71745e-13
1.31285e-12
1.517e-12
7.63478e-13
-4.51637e-13
-1.21708e-12
-2.90565e-12
-5.17279e-12
-7.07789e-12
-8.49509e-12
-9.5727e-12
-1.04211e-11
-1.11631e-11
-1.17858e-11
-1.22533e-11
-1.24937e-11
-1.22721e-11
-1.19464e-11
-7.27805e-12
3.73653e-13
5.05021e-11
3.5628e-10
1.32453e-09
3.25304e-09
6.31721e-09
1.85898e-08
4.51011e-08
7.18502e-08
1.00037e-07
1.37633e-07
1.24343e-07
-1.29325e-07
-9.80444e-07
-2.41557e-06
-4.66334e-06
-7.31579e-06
-1.01611e-05
-1.26263e-05
-1.45442e-05
-1.57105e-05
-1.62062e-05
-1.60835e-05
-1.48256e-05
-1.33354e-05
-1.09312e-05
-8.21145e-06
-5.40062e-06
-2.75723e-06
-8.48991e-08
1.84905e-06
2.29887e-06
1.92978e-06
7.9892e-07
-1.08406e-06
-3.52865e-06
-6.29219e-06
-9.12047e-06
-1.18213e-05
-1.42333e-05
-1.62037e-05
-1.76662e-05
-1.86328e-05
-1.91674e-05
-1.93501e-05
-1.92387e-05
-1.88454e-05
-1.81537e-05
-1.71448e-05
-1.58272e-05
-1.42345e-05
-1.24338e-05
-1.05303e-05
-8.65459e-06
-6.92886e-06
-5.41466e-06
-4.14215e-06
-3.11573e-06
-2.32219e-06
-1.73907e-06
-1.3397e-06
-1.09535e-06
-9.89717e-07
-1.0114e-06
-1.1327e-06
-1.3365e-06
-1.61117e-06
-1.93816e-06
-2.30451e-06
-2.69629e-06
-3.09934e-06
-3.49922e-06
-3.88021e-06
-4.23432e-06
-4.54815e-06
-4.81674e-06
-5.04034e-06
-5.21709e-06
-5.35255e-06
-5.45368e-06
-5.52339e-06
-5.57514e-06
-5.60755e-06
-5.62232e-06
-5.602e-06
-5.50329e-06
-5.29593e-06
-4.92469e-06
-4.24052e-06
-2.83491e-06
2.34674e-09
3.09828e-06
5.44662e-06
1.77152e-05
2.90218e-05
5.79392e-06
6.29637e-06
0.0013977
0.00440419
0.00932489
0.0136917
0.0162952
0.0162022
0.0134149
0.00885924
0.00492494
0.00252579
0.00128056
0.000649328
0.000314871
0.000139794
5.21939e-05
1.21124e-05
-4.12086e-06
-6.67837e-06
6.7326e-07
1.88118e-05
5.35274e-05
0.00011591
0.000221913
0.000393992
0.000653769
0.00101818
0.00149135
0.00205766
0.002679
0.00328405
0.00377883
0.00409967
0.00423127
0.00419542
0.00403707
0.00380891
0.00356211
0.00334116
0.0031565
0.00300249
0.00287304
0.00276805
0.00269774
4.01631e-28
-2.22471e-27
7.2141e-27
-1.30716e-26
6.63904e-27
2.44726e-26
-4.57714e-26
9.87261e-26
-6.54654e-25
2.45956e-24
-6.84512e-24
2.42838e-23
-1.01544e-22
3.96254e-22
-9.60061e-22
6.56536e-22
1.20642e-20
-3.36735e-20
-1.02387e-19
3.16077e-19
3.81551e-19
-6.07056e-19
-3.1561e-18
-4.7231e-18
-3.62434e-18
-1.42555e-17
-8.09471e-18
1.31188e-17
4.13705e-17
1.65008e-16
9.66748e-16
4.63946e-15
7.54163e-15
-1.12184e-14
-1.00743e-13
-8.18905e-14
-9.89325e-14
-7.4233e-14
-2.43598e-14
5.68406e-14
9.33848e-14
1.17651e-12
5.75306e-12
6.23935e-12
3.68198e-12
2.69942e-12
-3.12136e-12
-1.6525e-11
-2.82267e-11
-3.613e-11
-4.07641e-11
-4.25501e-11
-4.25114e-11
-4.18062e-11
-4.09418e-11
-4.00122e-11
-3.86952e-11
-3.65869e-11
-3.40423e-11
-3.10415e-11
-2.68952e-11
-1.85394e-11
7.97554e-12
8.14496e-11
2.62095e-10
6.78118e-10
1.42586e-09
3.99873e-09
8.79379e-09
2.14596e-08
3.64526e-08
4.66133e-08
5.04762e-08
4.39608e-08
-1.11571e-08
-3.09597e-07
-8.98934e-07
-1.75181e-06
-2.73465e-06
-3.72867e-06
-4.5921e-06
-5.21192e-06
-5.56867e-06
-5.70564e-06
-5.47713e-06
-4.98494e-06
-4.28723e-06
-3.44733e-06
-2.5469e-06
-1.61373e-06
-7.63898e-07
-1.55891e-07
6.33229e-08
-1.07753e-07
-5.73206e-07
-1.4035e-06
-2.85698e-06
-4.8091e-06
-7.22637e-06
-1.00709e-05
-1.3315e-05
-1.58687e-05
-1.74859e-05
-1.84686e-05
-1.89168e-05
-1.89109e-05
-1.84672e-05
-1.75906e-05
-1.62768e-05
-1.45492e-05
-1.24726e-05
-1.01936e-05
-7.95468e-06
-6.02852e-06
-4.52072e-06
-3.37869e-06
-2.53488e-06
-1.92568e-06
-1.4992e-06
-1.20618e-06
-1.02083e-06
-9.37325e-07
-9.37361e-07
-9.65996e-07
-1.02359e-06
-1.10846e-06
-1.20205e-06
-1.31736e-06
-1.44138e-06
-1.56355e-06
-1.67782e-06
-1.78098e-06
-1.86479e-06
-1.93607e-06
-1.98964e-06
-2.02913e-06
-2.06247e-06
-2.09329e-06
-2.12398e-06
-2.15876e-06
-2.19099e-06
-2.22064e-06
-2.25335e-06
-2.30277e-06
-2.38684e-06
-2.53553e-06
-2.75867e-06
-3.01476e-06
-3.24669e-06
-3.26197e-06
-2.98256e-06
-2.32672e-06
-7.91577e-07
3.14166e-06
-3.12537e-06
-9.95606e-06
-1.16449e-05
-2.49859e-05
-3.02806e-05
-1.94719e-05
0.000189375
0.0003361
0.000265876
0.000165244
8.49994e-05
3.2474e-05
3.26923e-07
-1.55633e-05
-3.3438e-05
-4.41521e-05
-4.9338e-05
-4.88086e-05
-4.70387e-05
-4.35481e-05
-3.92139e-05
-3.28682e-05
-2.55838e-05
-1.81496e-05
-3.84355e-06
1.61094e-05
3.66598e-05
6.31156e-05
9.95975e-05
0.000146185
0.000200946
0.00026179
0.000327724
0.000399234
0.000475555
0.000553022
0.000638883
0.000735527
0.000852088
0.00112664
0.00151362
0.00183781
0.00214464
0.00242998
0.00267038
0.00285588
-6.92876e-28
-5.89706e-28
2.35696e-26
-1.12851e-25
1.92727e-25
2.03693e-25
-1.83562e-24
4.41793e-24
-6.84465e-24
4.99032e-24
6.40032e-24
1.99908e-23
-9.87613e-23
-1.50666e-22
1.63601e-22
6.66654e-22
2.68812e-21
3.49466e-21
7.89208e-21
-3.01963e-20
-9.67449e-20
-7.32805e-20
7.41258e-20
2.47954e-19
4.25049e-19
6.36983e-20
-1.30538e-18
-7.05334e-18
-2.35015e-17
-1.30269e-17
4.80425e-18
3.25197e-16
-1.36534e-16
-1.6e-15
-1.47696e-14
-1.80767e-14
-1.49414e-14
2.84795e-15
-2.90363e-14
3.57678e-13
-3.36178e-12
2.50403e-13
2.6258e-11
4.62023e-11
5.46994e-11
4.52208e-11
-1.01781e-11
-1.03253e-10
-1.89644e-10
-2.5003e-10
-2.87094e-10
-3.05812e-10
-3.18084e-10
-3.27702e-10
-3.31471e-10
-3.26968e-10
-3.12014e-10
-2.83356e-10
-2.46418e-10
-2.03688e-10
-1.61938e-10
-1.24234e-10
-9.22874e-11
-5.66047e-11
-5.20016e-12
8.29939e-11
2.1508e-10
4.75721e-10
7.48695e-10
7.89543e-10
1.55798e-09
4.56965e-09
8.9182e-09
1.04383e-08
8.36104e-09
-2.77087e-09
-1.52319e-08
-3.4172e-08
-6.13616e-08
-9.61974e-08
-1.75781e-07
-2.77331e-07
-3.77943e-07
-4.71421e-07
-5.37963e-07
-5.76488e-07
-5.89853e-07
-5.73976e-07
-5.34551e-07
-4.64809e-07
-3.56036e-07
-2.21363e-07
-9.50952e-08
-2.35033e-08
-3.686e-08
-1.36505e-07
-3.57888e-07
-7.10533e-07
-1.21492e-06
-1.85834e-06
-2.62733e-06
-3.44872e-06
-4.29871e-06
-5.1025e-06
-5.70309e-06
-5.97459e-06
-5.86594e-06
-5.4079e-06
-4.69362e-06
-3.84131e-06
-2.97938e-06
-2.22223e-06
-1.61902e-06
-1.17038e-06
-8.46735e-07
-6.16767e-07
-4.53715e-07
-3.36932e-07
-2.51482e-07
-1.88772e-07
-1.4423e-07
-1.14781e-07
-9.71269e-08
-8.87437e-08
-8.79029e-08
-9.35661e-08
-1.05771e-07
-1.24802e-07
-1.5068e-07
-1.84523e-07
-2.25805e-07
-2.78192e-07
-3.39708e-07
-4.08647e-07
-4.86279e-07
-5.91033e-07
-7.14336e-07
-8.56267e-07
-9.96489e-07
-1.11489e-06
-1.20624e-06
-1.25394e-06
-1.2569e-06
-1.2448e-06
-1.22659e-06
-1.20873e-06
-1.20531e-06
-1.23562e-06
-1.31148e-06
-1.46542e-06
-1.6326e-06
-1.73971e-06
-1.54327e-06
-7.43793e-07
-1.05466e-06
-9.74592e-07
-2.1746e-06
-1.21392e-05
-2.04861e-05
-2.98322e-05
-4.18428e-05
-4.86754e-05
-5.21101e-05
-5.16348e-05
-4.62919e-05
-4.33886e-05
-4.96587e-05
-5.29565e-05
-6.78637e-05
-7.24568e-05
-6.97529e-05
-4.99556e-05
-1.19226e-05
3.56267e-05
7.44905e-05
9.18362e-05
8.74678e-05
7.05936e-05
5.13047e-05
3.54228e-05
2.41943e-05
1.6919e-05
1.31739e-05
1.36032e-05
2.06184e-05
4.10369e-05
8.94766e-05
0.000190456
0.000380679
0.000708296
0.00121848
0.00200041
0.0032376
0.00510869
0.00766015
0.0108518
0.0146257
0.018712
0.0226256
0.0258351
-1.84154e-26
1.46398e-25
-5.82168e-25
1.19446e-24
-1.21086e-24
-2.81934e-25
-2.43687e-25
8.28042e-24
-1.58267e-23
-2.98561e-23
3.14869e-22
-8.06526e-22
2.23881e-22
1.16509e-21
-1.31479e-21
1.35596e-21
1.42784e-20
1.85571e-20
4.64539e-21
-1.33644e-20
-3.10852e-20
-3.87358e-20
-2.72966e-20
-2.99463e-21
4.38467e-20
1.43173e-19
3.97723e-19
-1.10347e-19
9.31156e-19
-6.0009e-18
1.77111e-19
-4.57618e-18
-1.4009e-16
-3.21094e-16
-1.66887e-15
-1.88822e-15
-3.45493e-15
1.82534e-14
-7.88713e-14
2.60906e-13
-1.11665e-11
7.28543e-12
2.57533e-11
9.42341e-11
1.64032e-10
3.35772e-11
-1.81522e-10
-5.2355e-10
-8.95753e-10
-1.21199e-09
-1.51981e-09
-2.6138e-09
-4.38056e-09
-6.1077e-09
-7.12515e-09
-7.17028e-09
-6.37028e-09
-5.50334e-09
-4.71306e-09
-3.97193e-09
-3.32327e-09
-2.73245e-09
-2.20774e-09
-1.74594e-09
-1.34798e-09
-1.01463e-09
-7.43339e-10
-5.43063e-10
-3.62178e-10
-2.34921e-10
-1.3001e-10
-6.25507e-11
-1.52137e-10
-6.45859e-10
-1.43227e-10
-6.59085e-10
-2.48173e-09
-4.1429e-09
-4.40345e-09
-3.81982e-09
-3.32989e-09
-3.09711e-09
-3.07535e-09
-3.21173e-09
-3.27568e-09
-3.0795e-09
-2.75353e-09
-2.44019e-09
-2.73494e-09
-7.10838e-09
-1.30868e-08
-1.50851e-08
-1.15968e-08
-4.32972e-09
8.66777e-09
2.47441e-08
2.95805e-08
2.45374e-08
4.45313e-09
-3.55282e-08
-9.97091e-08
-1.84346e-07
-2.81499e-07
-3.75452e-07
-4.49641e-07
-4.93553e-07
-5.0388e-07
-4.88221e-07
-4.55767e-07
-4.14238e-07
-3.73994e-07
-3.42362e-07
-3.18128e-07
-2.90124e-07
-2.56355e-07
-2.23095e-07
-1.93483e-07
-1.66318e-07
-1.38821e-07
-1.1476e-07
-9.2884e-08
-7.80185e-08
-6.96383e-08
-7.04994e-08
-8.21998e-08
-1.07638e-07
-1.4926e-07
-2.0955e-07
-2.99571e-07
-4.72972e-07
-7.11396e-07
-9.87946e-07
-1.27372e-06
-1.52722e-06
-1.7451e-06
-1.93225e-06
-2.07183e-06
-2.10055e-06
-2.04383e-06
-1.94094e-06
-1.78029e-06
-1.62328e-06
-1.46103e-06
-1.30192e-06
-1.15391e-06
-1.02427e-06
-9.2021e-07
-8.54767e-07
-8.40312e-07
-8.8533e-07
-9.88749e-07
-1.12917e-06
-1.24628e-06
-1.313e-06
-1.37028e-06
-1.52495e-06
-1.75239e-06
-3.4764e-06
-7.04186e-06
-1.48631e-05
-2.36373e-05
-2.91961e-05
-3.03478e-05
-2.75658e-05
-1.37605e-05
1.78193e-05
2.45085e-06
-6.12065e-05
0.000176127
0.00155519
0.00389515
0.00669413
0.00925467
0.0108935
0.011156
0.0100176
0.00794627
0.00565742
0.00371175
0.00232544
0.00142933
0.000881815
0.00057516
0.000441763
0.00045001
0.000609453
0.000975822
0.00166042
0.00284185
0.00476642
0.0077108
0.0119402
0.0177896
0.0258443
0.0356941
0.0459978
0.055906
0.064386
0.0713338
0.0758421
1.22898e-25
-1.575e-25
-1.0449e-24
5.91818e-24
-1.28402e-23
5.27621e-24
6.69203e-23
-2.98721e-22
8.43878e-22
-1.31453e-21
-2.35184e-23
1.25126e-22
1.38121e-20
-7.99667e-21
-4.18363e-20
-1.53633e-19
-4.05992e-19
-5.85285e-19
-4.92784e-19
-2.03257e-19
8.5383e-20
3.28076e-19
5.28964e-19
6.83189e-19
7.44713e-19
6.82954e-19
4.90976e-19
3.1876e-19
3.89464e-19
-7.5121e-19
2.20482e-18
-3.95679e-18
-1.21008e-17
5.00389e-18
-1.51152e-16
2.75752e-16
-9.72722e-16
9.35432e-14
3.09995e-13
-3.78018e-11
4.44904e-10
-1.84031e-09
-1.718e-09
-3.08763e-10
2.17814e-10
-2.46841e-09
-9.37136e-09
-2.48168e-08
-4.56563e-08
-7.06207e-08
-9.95706e-08
-1.31801e-07
-1.6302e-07
-1.89004e-07
-2.06414e-07
-2.13372e-07
-2.0922e-07
-1.9516e-07
-1.75368e-07
-1.50909e-07
-1.25538e-07
-1.00552e-07
-7.77608e-08
-5.84479e-08
-4.28266e-08
-3.06684e-08
-2.14986e-08
-1.47968e-08
-1.00115e-08
-6.67294e-09
-4.46477e-09
-3.05928e-09
-2.10575e-09
-1.45402e-09
-1.01454e-09
-7.78003e-10
-6.83867e-10
-7.02358e-10
-6.66415e-10
-5.24444e-10
-2.76831e-10
4.06943e-11
3.78276e-10
7.3821e-10
1.05538e-09
1.3015e-09
1.47313e-09
1.58043e-09
1.66539e-09
1.71875e-09
1.71248e-09
1.70936e-09
1.79574e-09
2.32575e-09
4.88315e-09
9.15027e-09
1.43237e-08
2.11843e-08
3.03223e-08
4.13549e-08
4.67384e-08
4.89368e-08
4.9033e-08
4.92155e-08
4.74633e-08
4.30835e-08
3.31435e-08
6.51839e-09
-3.58996e-08
-9.7882e-08
-1.77982e-07
-2.6267e-07
-3.2275e-07
-3.41369e-07
-3.45255e-07
-3.32123e-07
-2.96186e-07
-2.48048e-07
-2.05425e-07
-1.88198e-07
-2.07154e-07
-2.51058e-07
-3.16801e-07
-4.13021e-07
-5.46692e-07
-7.40455e-07
-1.00757e-06
-1.31641e-06
-1.63405e-06
-1.97133e-06
-2.1869e-06
-2.26093e-06
-2.59109e-06
-2.9515e-06
-3.18176e-06
-3.16289e-06
-2.85159e-06
-2.28351e-06
-1.51415e-06
-6.23085e-07
3.19155e-07
1.17085e-06
1.92524e-06
2.5827e-06
3.21003e-06
3.83139e-06
4.5307e-06
5.38972e-06
6.48687e-06
7.68805e-06
8.96754e-06
9.96073e-06
1.06653e-05
1.08035e-05
1.0623e-05
9.92632e-06
9.26256e-06
7.96663e-06
6.35027e-06
3.75233e-06
3.16279e-06
6.96941e-06
1.78e-05
2.78132e-05
3.47236e-05
0.000256793
0.00192693
0.00604034
0.0127539
0.0218645
0.0309226
0.0383563
0.0432829
0.0453396
0.0445382
0.0412447
0.0361315
0.030018
0.0237129
0.0179085
0.0130757
0.00957261
0.0076953
0.00706316
0.00738821
0.0086543
0.011031
0.0148428
0.0206074
0.029261
0.040972
0.0542646
0.0680498
0.0814838
0.0939487
0.104917
0.113986
0.120468
0.125138
0.125398
2.12691e-25
-2.63393e-24
1.12932e-23
-2.14925e-23
2.3421e-23
-3.79297e-24
5.09719e-23
-4.83694e-22
2.26272e-21
-4.86975e-21
-9.44154e-21
6.48932e-20
-4.30894e-20
-1.32275e-19
-2.48302e-20
-9.64631e-19
-2.97498e-18
-1.71243e-18
5.74002e-18
1.33514e-17
1.45294e-17
1.20596e-17
8.19688e-18
4.95018e-18
3.78811e-18
4.93274e-18
7.50325e-18
1.03354e-17
1.29389e-17
1.6414e-17
2.29148e-17
3.5956e-17
5.86416e-17
1.23423e-16
1.06979e-16
6.46149e-16
-9.37102e-16
1.0238e-12
3.52273e-13
-1.39701e-10
1.01793e-09
-1.10683e-08
-2.55257e-08
-1.75737e-08
-4.49034e-08
-1.3734e-07
-2.39261e-07
-3.02953e-07
-3.42853e-07
-3.82853e-07
-4.32992e-07
-4.89063e-07
-5.42715e-07
-5.87274e-07
-6.17943e-07
-6.31523e-07
-6.24278e-07
-5.92539e-07
-5.45125e-07
-4.90876e-07
-4.38271e-07
-3.84349e-07
-3.2535e-07
-2.61116e-07
-2.01689e-07
-1.51856e-07
-1.11472e-07
-7.96071e-08
-5.51062e-08
-3.67066e-08
-2.3276e-08
-1.37053e-08
-7.0371e-09
-2.54006e-09
3.09294e-10
2.00471e-09
2.9478e-09
3.37767e-09
3.45646e-09
3.32553e-09
3.09866e-09
2.86788e-09
2.69159e-09
2.55199e-09
2.43599e-09
2.34664e-09
2.29034e-09
2.27409e-09
2.30131e-09
2.37549e-09
2.50396e-09
2.70918e-09
3.02337e-09
3.52873e-09
4.1774e-09
4.9404e-09
5.9809e-09
8.06042e-09
1.16159e-08
1.55929e-08
1.83809e-08
2.06162e-08
1.24461e-08
-2.03535e-08
-7.68601e-08
-1.20829e-07
-1.59363e-07
-1.97483e-07
-2.62316e-07
-3.91355e-07
-5.65391e-07
-7.37938e-07
-8.44244e-07
-8.48057e-07
-7.51851e-07
-5.85852e-07
-3.8735e-07
-1.86975e-07
-1.04427e-08
1.42275e-07
2.72369e-07
2.73273e-07
1.37387e-07
-6.73657e-08
-3.16208e-07
-6.15979e-07
-9.70326e-07
-1.26871e-06
-8.82599e-07
1.87423e-06
1.02897e-05
3.25503e-05
0.000115078
0.000298185
0.000578872
0.000927658
0.00133409
0.00176763
0.00223062
0.00267606
0.00312595
0.00351525
0.00387621
0.0041298
0.00428295
0.00438208
0.00444318
0.00442786
0.0043435
0.00413327
0.00385667
0.00347623
0.00307191
0.00263095
0.00221069
0.0018061
0.00144599
0.00115251
0.000996769
0.000914535
0.000959287
0.00113976
0.00148474
0.00263282
0.00605756
0.0123974
0.0230027
0.037327
0.0514808
0.0628047
0.0709187
0.0761914
0.0791693
0.0800827
0.0787725
0.0752671
0.0700362
0.0636741
0.0568943
0.0504793
0.0451093
0.0413542
0.0397154
0.0405531
0.0440572
0.0502628
0.0590706
0.0702487
0.0831686
0.0964514
0.106386
0.113084
0.118909
0.124616
0.130936
0.138265
0.144422
0.148117
0.149932
0.150443
-4.74046e-24
8.21826e-24
1.52264e-23
-1.08733e-22
2.95422e-22
-4.07434e-22
-5.19853e-22
6.03568e-21
-2.3875e-20
4.44663e-20
5.98245e-21
-8.71004e-20
-5.98762e-19
1.78774e-18
2.21143e-18
5.99123e-18
1.83267e-17
2.09252e-17
1.54093e-17
-1.36451e-17
-1.12231e-16
-2.30842e-16
-4.03435e-16
-5.71869e-16
-6.74171e-16
-6.85388e-16
-6.3647e-16
-5.44581e-16
-4.72034e-16
-4.41962e-16
-4.82111e-16
-6.04107e-16
-8.09137e-16
-1.08652e-15
-1.44118e-15
-1.84389e-15
-1.81365e-15
2.09393e-11
-9.00749e-11
-7.16496e-10
-1.10624e-09
2.30444e-08
-2.91899e-07
-7.20186e-07
-1.0744e-06
-1.23908e-06
-1.11337e-06
-9.4423e-07
-8.97366e-07
-8.74759e-07
-8.64951e-07
-8.63358e-07
-8.63207e-07
-8.5591e-07
-8.3709e-07
-8.05141e-07
-7.59492e-07
-7.00727e-07
-6.31064e-07
-5.54987e-07
-4.77723e-07
-4.04551e-07
-3.37873e-07
-2.78151e-07
-2.25704e-07
-1.80823e-07
-1.42938e-07
-1.11253e-07
-8.48749e-08
-6.30922e-08
-4.52368e-08
-3.07681e-08
-1.91928e-08
-1.00944e-08
-3.10689e-09
2.09922e-09
5.80605e-09
8.27411e-09
9.84402e-09
1.08118e-08
1.13872e-08
1.17374e-08
1.19776e-08
1.21992e-08
1.24616e-08
1.27955e-08
1.32084e-08
1.37234e-08
1.43037e-08
1.4965e-08
1.56664e-08
1.6429e-08
1.72023e-08
1.80523e-08
1.89155e-08
1.97385e-08
2.01797e-08
2.22024e-08
2.60317e-08
4.20178e-08
6.85889e-08
1.24985e-07
2.01132e-07
1.02568e-07
-1.14742e-07
-2.92756e-07
-2.37684e-07
2.1767e-07
1.1574e-06
2.61017e-06
4.35642e-06
6.03934e-06
7.21142e-06
7.62079e-06
7.28076e-06
6.53588e-06
6.2418e-06
8.60386e-06
1.91783e-05
4.9242e-05
0.000117649
0.000258451
0.000537508
0.000985847
0.00162357
0.0024705
0.0035411
0.00484803
0.00639879
0.00818105
0.0101951
0.0123816
0.0148501
0.01742
0.020014
0.022451
0.0247777
0.0269228
0.0290156
0.0309293
0.032892
0.0347567
0.0366579
0.0382695
0.039619
0.0405135
0.0410291
0.0409667
0.0404934
0.0392428
0.0375787
0.0351445
0.0323869
0.0290825
0.0256029
0.0218452
0.0181002
0.0147582
0.0129852
0.0121061
0.0124585
0.014367
0.0191855
0.0279953
0.0413789
0.0559847
0.0695514
0.0804098
0.0852761
0.0871409
0.0887463
0.0904026
0.092485
0.0946062
0.0960796
0.0970642
0.0972221
0.0961252
0.0943886
0.0932316
0.0940038
0.096738
0.099687
0.102363
0.105111
0.107617
0.110529
0.113177
0.114102
0.11493
0.116233
0.118506
0.122133
0.127188
0.13303
0.138418
0.142576
0.145427
0.147154
0.14766
-1.2412e-23
5.2834e-23
-1.3232e-22
1.5447e-22
6.05979e-23
-7.3429e-22
1.07535e-22
1.40263e-20
-9.90325e-20
3.27284e-19
7.97911e-20
-4.06005e-18
5.53413e-18
1.72272e-17
1.66786e-17
9.2888e-17
1.31445e-16
-4.11033e-16
-1.33871e-15
-2.57652e-15
-4.52184e-15
-1.1381e-14
-2.76879e-14
-5.28941e-14
-7.49046e-14
-6.9347e-14
-4.6451e-15
1.58129e-13
4.61685e-13
9.45562e-13
1.6232e-12
2.46388e-12
3.40036e-12
4.33597e-12
5.2744e-12
6.30791e-12
7.76436e-12
1.48157e-11
-3.57252e-09
-1.46468e-08
-2.55717e-08
3.68025e-07
-2.18001e-07
-2.61489e-06
-3.4128e-06
-2.34178e-06
-5.61223e-07
1.18796e-06
2.35221e-06
2.68519e-06
2.4269e-06
1.97559e-06
1.55317e-06
1.2165e-06
9.563e-07
7.48523e-07
5.99245e-07
4.87997e-07
4.09089e-07
3.52287e-07
3.22459e-07
3.11874e-07
3.19919e-07
3.39315e-07
3.67311e-07
3.9816e-07
4.30446e-07
4.60642e-07
4.89597e-07
5.15247e-07
5.40083e-07
5.62612e-07
5.856e-07
6.09233e-07
6.34624e-07
6.6384e-07
6.97284e-07
7.37467e-07
7.84992e-07
8.43018e-07
9.12552e-07
9.96466e-07
1.09673e-06
1.2149e-06
1.35256e-06
1.50989e-06
1.68487e-06
1.87947e-06
2.08697e-06
2.31204e-06
2.54905e-06
2.81007e-06
3.09284e-06
3.42808e-06
3.8254e-06
4.3437e-06
5.021e-06
5.95988e-06
7.26921e-06
9.14737e-06
1.18373e-05
1.57098e-05
2.30493e-05
7.12652e-05
0.000261724
0.000618947
0.00112531
0.00177376
0.00249872
0.00328387
0.00404647
0.00479017
0.00548434
0.00617657
0.00690017
0.00770747
0.00863507
0.00973817
0.011056
0.0126273
0.0145443
0.0169414
0.0200122
0.0236015
0.0274864
0.0315358
0.0356446
0.0396976
0.0436002
0.0473525
0.0508808
0.0540912
0.0571084
0.0598515
0.0625268
0.0651021
0.0677207
0.0703473
0.0730948
0.0758805
0.0790138
0.0823906
0.085718
0.0886817
0.0913316
0.0934243
0.0950008
0.0960297
0.0967096
0.0968213
0.0965955
0.0956638
0.0943002
0.0921084
0.0893178
0.0855078
0.0805824
0.0743894
0.0707924
0.0689011
0.0704221
0.0760025
0.0841291
0.0897002
0.0927949
0.0940408
0.0927938
0.089477
0.0863562
0.0847319
0.0846076
0.0861009
0.0889924
0.0929633
0.09797
0.103169
0.107406
0.110089
0.110998
0.110433
0.108572
0.105342
0.100696
0.0947576
0.0868528
0.0749094
0.0620606
0.0524609
0.0475599
0.0474465
0.051307
0.0577379
0.0651732
0.0722071
0.0777791
0.0812513
0.0825153
0.0813319
0.0795883
0.0718944
3.93973e-23
-5.22436e-23
-1.72165e-22
9.64885e-22
-3.06198e-21
6.7407e-21
-7.90663e-21
-2.81929e-20
1.58726e-19
3.52785e-19
-4.53714e-18
8.2622e-18
1.02958e-17
-5.31341e-17
8.3865e-17
6.43779e-18
-1.10232e-15
-3.09519e-15
-2.36218e-15
2.3819e-14
2.01739e-13
1.20428e-12
5.86182e-12
2.47985e-11
9.56315e-11
3.28561e-10
9.44723e-10
2.28245e-09
4.71322e-09
8.46965e-09
1.34573e-08
1.92014e-08
2.51119e-08
3.06319e-08
3.56823e-08
4.06484e-08
4.72833e-08
6.07898e-08
1.63351e-07
5.85336e-07
1.75906e-06
4.15579e-06
3.85262e-05
0.000403555
0.000960924
0.00138839
0.00159705
0.00154765
0.00132792
0.00102403
0.000744485
0.000531508
0.00037646
0.000265605
0.000191571
0.000159154
0.000155534
0.000158597
0.000182577
0.000224247
0.000280418
0.000343133
0.00040833
0.000469023
0.000523747
0.00056847
0.000605012
0.000631763
0.000652728
0.000667319
0.000680096
0.000690561
0.000702375
0.0007164
0.000734166
0.000758149
0.000789141
0.000830974
0.000885649
0.000958741
0.00105374
0.00117642
0.001331
0.00152021
0.00174524
0.00200349
0.00228648
0.00259042
0.00289727
0.00320599
0.00349732
0.00378131
0.00404371
0.00431721
0.00460211
0.00496713
0.00544108
0.00619404
0.00714932
0.00848347
0.0100871
0.0121211
0.0144643
0.0172661
0.0205164
0.0239787
0.0273493
0.0306062
0.0334996
0.0360436
0.0380655
0.0397246
0.0411187
0.0425785
0.0443427
0.0466023
0.0493721
0.0525868
0.0561047
0.059786
0.063671
0.0678431
0.0713647
0.0737873
0.0754614
0.0769337
0.0783284
0.0795513
0.0804805
0.08175
0.0831386
0.0841402
0.0850578
0.0860721
0.0870294
0.0880963
0.089127
0.0902536
0.0912957
0.0924224
0.0934119
0.094488
0.0954115
0.0964565
0.0973956
0.0983142
0.0989507
0.0993779
0.0996727
0.0998997
0.100088
0.100254
0.100389
0.100484
0.100536
0.100543
0.100515
0.100195
0.0999275
0.0997001
0.0995358
0.098216
0.0951819
0.0899663
0.0823092
0.0720149
0.0586261
0.0467683
0.0386381
0.0347767
0.0347179
0.0374421
0.0416063
0.0456352
0.0479974
0.0477077
0.0445546
0.0392923
0.0335436
0.0283799
0.0240714
0.0204609
0.0170897
0.0139002
0.0111155
0.00900095
0.00755758
0.00668028
0.00623252
0.0060697
0.0060692
0.00614061
0.0062065
0.00620887
0.00610862
0.00588551
0.00553715
0.00506593
0.00448199
0.00359084
2.23635e-22
-7.46923e-22
1.73365e-21
-2.86945e-21
9.01009e-22
1.56971e-20
-7.23625e-20
1.64048e-19
3.00395e-19
-3.01601e-18
-2.18433e-17
3.11805e-16
-1.14704e-15
-7.80058e-15
-2.33418e-14
-6.50984e-14
8.48418e-14
1.92356e-12
1.91333e-11
1.58108e-10
1.07608e-09
6.27597e-09
3.05718e-08
1.28169e-07
4.96767e-07
1.73442e-06
5.00733e-06
1.19923e-05
2.42299e-05
4.19955e-05
6.34621e-05
8.4854e-05
0.000104
0.000120219
0.000133249
0.000144863
0.000159723
0.000196965
0.00151481
0.00347214
0.00586394
0.00817684
0.0101694
0.0111059
0.0103898
0.00905959
0.00788606
0.00665134
0.00582484
0.00578276
0.00621655
0.00685498
0.00767193
0.00861399
0.00969545
0.0109532
0.0123351
0.0137961
0.0156031
0.0164204
0.0171058
0.0176825
0.0182291
0.0186615
0.0190193
0.0192592
0.0194558
0.0195995
0.019782
0.0199134
0.0201209
0.0204089
0.0209092
0.0216477
0.0226544
0.0239862
0.0256646
0.0277363
0.0299867
0.0322918
0.0345821
0.0370827
0.0397716
0.0424754
0.0450692
0.0474869
0.0496598
0.0516592
0.0534096
0.0550572
0.0565266
0.0579933
0.0593522
0.0608009
0.0622012
0.0637118
0.0651465
0.0664415
0.0675727
0.0683832
0.0689622
0.069188
0.0694297
0.0694482
0.0696229
0.070098
0.0712079
0.0728033
0.0747798
0.0766814
0.0785114
0.0800625
0.081416
0.0824787
0.083329
0.0839388
0.0843333
0.0844684
0.0843046
0.0837687
0.0827567
0.0812713
0.0793406
0.0770296
0.0742855
0.0709836
0.0666077
0.0603886
0.0518625
0.0432585
0.0356986
0.029623
0.0250119
0.0218499
0.0197685
0.0185261
0.017608
0.0168708
0.0161472
0.0155125
0.0148674
0.014323
0.0137787
0.0133692
0.0129975
0.0130611
0.013533
0.014832
0.0162674
0.0183692
0.020388
0.022984
0.0254758
0.0285237
0.0316068
0.0352618
0.0394376
0.0443892
0.0461081
0.0460147
0.0429133
0.0372442
0.0297945
0.0216669
0.0147393
0.0105748
0.00814764
0.00664305
0.00560375
0.00474937
0.00395709
0.0032232
0.00258466
0.00206083
0.00163085
0.00125187
0.000901819
0.000608849
0.00038991
0.000230635
0.000135424
8.07115e-05
4.89181e-05
3.0049e-05
1.85949e-05
1.1675e-05
7.58308e-06
5.17245e-06
3.7403e-06
2.8628e-06
2.28702e-06
1.86647e-06
1.52011e-06
1.20655e-06
9.07186e-07
6.17207e-07
3.37811e-07
6.91827e-08
-1.87518e-07
-4.49928e-07
3.72751e-22
-1.83277e-21
7.19828e-21
-2.41559e-20
6.80244e-20
-1.59633e-19
2.95634e-19
8.05369e-19
-1.39394e-17
9.08514e-18
4.42304e-16
-9.48607e-16
-2.89404e-14
-1.9363e-13
-5.97549e-13
-3.56048e-13
4.00877e-12
4.58998e-11
4.03619e-10
3.41289e-09
2.68921e-08
2.20576e-07
1.84388e-06
1.38432e-05
0.000122279
0.000931352
0.00486064
0.0161836
0.038544
0.0708567
0.107529
0.123811
0.12782
0.127257
0.123916
0.118141
0.112567
0.109526
0.106128
0.100862
0.0925036
0.0793028
0.0560589
0.0306215
0.0128531
0.00903623
0.0112727
0.0181196
0.0280795
0.0389039
0.0441643
0.0460308
0.0464873
0.0458123
0.0436843
0.0395337
0.0320659
0.0228628
0.0159895
0.0129164
0.0127383
0.0128128
0.0130161
0.0134298
0.0140677
0.0149447
0.0161963
0.0179671
0.0200839
0.0224689
0.0249652
0.0273926
0.0295781
0.0316254
0.0330844
0.0341004
0.0347972
0.0352424
0.0355032
0.0356154
0.0356232
0.0355156
0.0352965
0.0349995
0.0346306
0.0341983
0.0337207
0.033172
0.0325889
0.0318998
0.0311579
0.0302679
0.0293026
0.0281494
0.0268947
0.0254287
0.0238485
0.022056
0.020149
0.0181138
0.0159744
0.0137844
0.0116281
0.00958437
0.00772034
0.00608128
0.00470065
0.00361545
0.00289259
0.00257784
0.00260396
0.00291179
0.00341156
0.00402367
0.00465755
0.00522363
0.00564886
0.0058853
0.00591509
0.00575306
0.00543535
0.00500968
0.00451514
0.00394189
0.00328532
0.00258088
0.00192913
0.00137601
0.000926502
0.000575857
0.000321123
0.000163777
8.40021e-05
4.9674e-05
3.62777e-05
3.08917e-05
2.81539e-05
2.61845e-05
2.44055e-05
2.26843e-05
2.09922e-05
1.93698e-05
1.78259e-05
1.64383e-05
1.52116e-05
1.42982e-05
1.37285e-05
1.36243e-05
1.38781e-05
1.4613e-05
1.55937e-05
1.70298e-05
2.01886e-05
7.08422e-05
0.000179421
0.00042817
0.000893554
0.00159223
0.00129206
0.000901736
0.000443508
0.000201938
9.21262e-05
4.5085e-05
2.39273e-05
1.3198e-05
7.35169e-06
4.27396e-06
2.80756e-06
2.15954e-06
1.82753e-06
1.56701e-06
1.30764e-06
1.04932e-06
7.91143e-07
5.35286e-07
3.0569e-07
1.319e-07
1.34048e-08
-6.49836e-08
-1.08145e-07
-1.24443e-07
-1.22742e-07
-1.111e-07
-9.67448e-08
-8.42243e-08
-7.48977e-08
-6.819e-08
-6.28648e-08
-5.79774e-08
-5.3057e-08
-4.84076e-08
-4.43524e-08
-4.13111e-08
-4.01149e-08
-4.15472e-08
-4.83295e-08
-6.46747e-08
-9.60614e-08
-9.45112e-08
)
;

boundaryField
{
    inlet
    {
        type            uniformFixedValue;
        uniformValue    table;
        uniformValueCoeffs
        {
            values          
4
(
(0 1)
(0.15 1)
(0.151 0)
(1 0)
)
;
        }
        value           uniform 0;
    }
    outlet
    {
        type            inletOutlet;
        inletValue      uniform 0;
        value           nonuniform List<scalar> 
20
(
-7.06261e-10
1.59858e-06
0.00337671
0.0460294
0.0864214
0.100661
0.0546903
0.0229977
0.00743606
0.00269774
0.00285588
0.0258351
0.0758421
0.125398
0.150443
0.14766
0.0718944
0.00359084
-4.49928e-07
-9.45112e-08
)
;
    }
    walls
    {
        type            zeroGradient;
    }
    frontAndBack
    {
        type            empty;
    }
}


// ************************************************************************* //
