/*--------------------------------*- C++ -*----------------------------------*\
| =========                 |                                                 |
| \\      /  F ield         | OpenFOAM: The Open Source CFD Toolbox           |
|  \\    /   O peration     | Version:  2506                                  |
|   \\  /    A nd           | Website:  www.openfoam.com                      |
|    \\/     M anipulation  |                                                 |
\*---------------------------------------------------------------------------*/
FoamFile
{
    version     2.0;
    format      ascii;
    arch        "LSB;label=32;scalar=64";
    class       volScalarField;
    location    "0.0026948";
    object      s;
}
// * * * * * * * * * * * * * * * * * * * * * * * * * * * * * * * * * * * * * //

dimensions      [0 0 0 0 0 0 0];

internalField   nonuniform List<scalar> 
4000
(
0.101503
3.42205e-05
-1.04515e-05
-3.34514e-07
-3.75914e-09
-4.04548e-11
-3.87452e-13
-2.6194e-15
-1.22092e-18
1.62787e-17
4.81414e-19
-2.27969e-20
-9.33563e-22
9.43431e-23
3.44154e-24
-2.58878e-25
-8.47072e-27
9.01804e-28
3.57771e-29
-1.74782e-30
-9.69361e-32
2.18556e-33
1.83563e-34
-1.18761e-36
-2.20373e-37
1.551e-39
2.24756e-40
-6.95194e-42
-4.39929e-43
7.9819e-45
6.48415e-46
-5.7893e-48
-8.02467e-49
-2.24253e-51
6.20295e-52
6.28767e-54
-3.26254e-55
-5.97161e-57
1.11799e-58
3.36737e-60
-2.61216e-62
-1.23908e-63
1.32273e-65
8.15766e-68
-3.92542e-68
-7.16062e-70
3.05057e-71
1.16037e-72
-1.08152e-74
-1.4092e-75
-3.045e-77
-1.35838e-79
-7.91327e-81
-1.16261e-81
-6.0089e-83
-2.03189e-84
-6.0506e-86
-1.99568e-87
-7.4051e-89
-2.75515e-90
-9.67061e-92
-3.25058e-93
-1.06611e-94
-3.44457e-96
-1.09758e-97
-3.40746e-99
-1.03392e-100
-3.03585e-102
-8.67502e-104
-2.3998e-105
-6.43298e-107
-1.67316e-108
-4.20184e-110
-1.02182e-111
-2.40204e-113
-5.44839e-115
-1.19354e-116
-2.52355e-118
-5.14026e-120
-1.00884e-121
-1.90675e-123
-3.46662e-125
-6.05972e-127
-1.01759e-128
-1.63963e-130
-2.53549e-132
-3.75923e-134
-5.3325e-136
-7.24785e-138
-9.43133e-140
-1.17182e-141
-1.39442e-143
-1.58734e-145
-1.72608e-147
-1.80178e-149
-1.79812e-151
-1.72893e-153
-1.59699e-155
-1.42931e-157
-1.23761e-159
-1.04821e-161
-8.69272e-164
-7.12666e-166
-5.8067e-168
-4.74762e-170
-3.90464e-172
-3.27175e-174
-2.78906e-176
-2.44496e-178
-2.20516e-180
-2.0571e-182
-1.98578e-184
-1.99498e-186
-2.07068e-188
-2.25651e-190
-2.53634e-192
-2.97769e-194
-3.64566e-196
-4.62161e-198
-6.10968e-200
-8.41454e-202
-1.20002e-203
-1.77867e-205
-2.74747e-207
-4.39513e-209
-7.30741e-211
-1.26178e-212
-2.26015e-214
-4.22408e-216
-8.24756e-218
-1.65346e-219
-3.50618e-221
-7.86719e-223
-1.78374e-224
-4.36217e-226
-1.13783e-227
-2.83799e-229
-8.11003e-231
-2.20458e-232
-6.33524e-234
-1.80287e-235
-5.0498e-237
-1.38455e-238
-3.82104e-240
-9.20556e-242
-2.59787e-243
-5.48392e-245
-1.42329e-246
-3.67085e-248
-9.67109e-250
-2.50743e-251
-6.39645e-253
-1.58823e-254
-3.84155e-256
-8.94929e-258
-2.00874e-259
-4.29075e-261
-8.69908e-263
-1.64539e-264
-2.85619e-266
-4.31798e-268
-6.22319e-270
-8.64847e-272
-1.87226e-273
-9.87477e-275
-3.12494e-276
-1.1856e-277
-1.75539e-279
-2.17297e-281
-3.13789e-283
-4.86423e-285
-7.86643e-287
-1.30421e-288
-2.19439e-290
-3.72457e-292
-6.35383e-294
-1.08704e-295
-1.86213e-297
-3.1908e-299
-5.46574e-301
-9.35609e-303
-1.60015e-304
-2.73429e-306
-4.66868e-308
-7.96749e-310
-1.35945e-311
-2.32035e-313
-3.95927e-315
-6.92328e-317
0
0
0
0
0
0
0
0
0
0
0
0.101998
3.78571e-05
-1.16466e-05
-3.94651e-07
-5.19059e-09
-6.85832e-11
-8.89397e-13
-1.10071e-14
-1.22722e-16
4.30404e-18
5.87353e-19
-6.10964e-20
-3.39251e-21
8.58483e-23
7.46703e-24
-2.5415e-25
-1.85083e-26
7.96683e-28
5.2945e-29
-1.95242e-30
-1.48746e-31
2.62325e-33
3.09672e-34
-1.06254e-36
-4.35256e-37
-2.7661e-40
4.97619e-40
-3.62747e-42
-6.79405e-43
1.2055e-44
1.30475e-45
-1.94329e-48
-1.55415e-48
-1.43739e-50
1.21972e-51
2.21015e-53
-6.76378e-55
-2.20291e-56
1.16315e-58
1.10246e-59
2.54944e-62
-4.05793e-63
-2.37381e-65
-5.63885e-67
-1.39361e-67
-4.05812e-69
3.7623e-71
3.59436e-72
-6.13016e-75
-5.01195e-75
-1.85981e-76
-4.37638e-78
-1.55376e-79
-8.71687e-81
-4.27094e-82
-1.72924e-83
-6.41758e-85
-2.37924e-86
-8.96861e-88
-3.37365e-89
-1.24136e-90
-4.45997e-92
-1.56487e-93
-5.36228e-95
-1.79597e-96
-5.84255e-98
-1.85005e-99
-5.66324e-101
-1.67989e-102
-4.80941e-104
-1.32836e-105
-3.54334e-107
-9.09239e-109
-2.24919e-110
-5.359e-112
-1.22816e-113
-2.7102e-115
-5.75908e-117
-1.17724e-118
-2.31605e-120
-4.38629e-122
-7.99383e-124
-1.40219e-125
-2.36715e-127
-3.84444e-129
-6.0115e-131
-9.05017e-133
-1.3101e-134
-1.82684e-136
-2.45407e-138
-3.17067e-140
-3.95056e-142
-4.74688e-144
-5.49529e-146
-6.15499e-148
-6.65321e-150
-6.98084e-152
-7.10036e-154
-7.04367e-156
-6.8149e-158
-6.47766e-160
-6.06212e-162
-5.62154e-164
-5.18926e-166
-4.80802e-168
-4.47107e-170
-4.22164e-172
-4.0363e-174
-3.944e-176
-3.93997e-178
-4.04074e-180
-4.25837e-182
-4.63192e-184
-5.17592e-186
-6.01542e-188
-7.17969e-190
-8.88942e-192
-1.14129e-193
-1.51152e-195
-2.07919e-197
-2.9711e-199
-4.38788e-201
-6.73112e-203
-1.07675e-204
-1.78536e-206
-3.0853e-208
-5.5562e-210
-1.04243e-211
-2.05313e-213
-4.24388e-215
-9.01228e-217
-2.0365e-218
-4.86403e-220
-1.16574e-221
-3.00227e-223
-8.08966e-225
-2.09996e-226
-6.03862e-228
-1.66834e-229
-4.78387e-231
-1.36147e-232
-3.81601e-234
-1.05297e-235
-2.88734e-237
-7.00803e-239
-1.90828e-240
-3.29201e-242
-6.70739e-244
-1.62268e-245
-4.71318e-247
-1.35491e-248
-3.8361e-250
-1.06233e-251
-2.86915e-253
-7.49896e-255
-1.89171e-256
-4.5673e-258
-1.05128e-259
-2.28388e-261
-4.65127e-263
-8.55169e-265
-1.48969e-266
-2.66073e-268
-6.73586e-270
-1.96806e-271
-4.64787e-273
-1.13342e-274
-1.772e-276
-2.47168e-278
-3.68266e-280
-5.70906e-282
-9.12768e-284
-1.49493e-285
-2.4956e-287
-4.23086e-289
-7.26424e-291
-1.26094e-292
-2.20809e-294
-3.89605e-296
-6.91885e-298
-1.23528e-299
-2.21532e-301
-3.98768e-303
-7.20021e-305
-1.30343e-306
-2.36465e-308
-4.29789e-310
-7.82428e-312
-1.4265e-313
-2.59143e-315
-3.44395e-317
0
0
0
0
0
0
0
0
0
0.102259
3.78556e-05
-1.16577e-05
-3.95485e-07
-5.20853e-09
-6.88737e-11
-8.92541e-13
-1.1001e-14
-1.21058e-16
4.51402e-18
6.07129e-19
-6.22046e-20
-3.47964e-21
8.97422e-23
7.80624e-24
-2.6227e-25
-1.93415e-26
8.3564e-28
5.61534e-29
-2.03572e-30
-1.57924e-31
2.73177e-33
3.30975e-34
-9.85957e-37
-4.66295e-37
-4.88813e-40
5.38069e-40
-3.63809e-42
-7.43152e-43
1.27757e-44
1.4513e-45
-1.06653e-48
-1.75215e-48
-1.79803e-50
1.41474e-51
2.83713e-53
-7.93747e-55
-2.91601e-56
9.79962e-59
1.5163e-59
7.2417e-62
-5.71065e-63
-5.12517e-65
-1.11524e-66
-2.40274e-67
-8.23106e-69
1.55728e-71
6.12802e-72
1.42966e-74
-9.19054e-75
-4.00089e-76
-1.09111e-77
-3.84202e-79
-1.99923e-80
-9.71624e-82
-4.00697e-83
-1.5088e-84
-5.59433e-86
-2.0965e-87
-7.83409e-89
-2.876e-90
-1.03476e-91
-3.65863e-93
-1.2727e-94
-4.35975e-96
-1.46529e-97
-4.83415e-99
-1.55818e-100
-4.9084e-102
-1.50624e-103
-4.49531e-105
-1.30471e-106
-3.66936e-108
-1.00017e-109
-2.63906e-111
-6.72744e-113
-1.65629e-114
-3.93595e-116
-9.01551e-118
-1.98935e-119
-4.22668e-121
-8.63938e-123
-1.69806e-124
-3.20759e-126
-5.81801e-128
-1.01332e-129
-1.69433e-131
-2.71618e-133
-4.17761e-135
-6.16545e-137
-8.72002e-139
-1.18367e-140
-1.54279e-142
-1.9299e-144
-2.32414e-146
-2.69249e-148
-3.0135e-150
-3.26071e-152
-3.42787e-154
-3.50911e-156
-3.5185e-158
-3.47077e-160
-3.38845e-162
-3.29231e-164
-3.20407e-166
-3.13922e-168
-3.11859e-170
-3.15231e-172
-3.26025e-174
-3.46146e-176
-3.786e-178
-4.27559e-180
-4.99989e-182
-6.05372e-184
-7.62034e-186
-9.95079e-188
-1.35076e-189
-1.90714e-191
-2.79748e-193
-4.26685e-195
-6.76724e-197
-1.11469e-198
-1.90674e-200
-3.38734e-202
-6.24193e-204
-1.1926e-205
-2.36088e-207
-4.83793e-209
-1.02577e-210
-2.24866e-212
-5.08489e-214
-1.18643e-215
-2.85382e-217
-7.05337e-219
-1.79178e-220
-4.67244e-222
-1.24459e-223
-3.39241e-225
-9.41466e-227
-2.65732e-228
-7.60461e-230
-2.20025e-231
-6.41844e-233
-1.88342e-234
-5.53764e-236
-1.63094e-237
-4.78564e-239
-1.40154e-240
-4.08769e-242
-1.18008e-243
-3.35628e-245
-9.40968e-247
-2.59231e-248
-6.99611e-250
-1.84024e-251
-4.70131e-253
-1.15908e-254
-2.74434e-256
-6.18649e-258
-1.31857e-259
-2.57842e-261
-4.75228e-263
-8.38348e-265
-1.43256e-266
-2.40978e-268
-4.06807e-270
-6.97713e-272
-1.2189e-273
-2.16592e-275
-3.9036e-277
-7.11309e-279
-1.30695e-280
-2.41611e-282
-4.48607e-284
-8.35387e-286
-1.55842e-287
-2.90976e-289
-5.4335e-291
-1.01412e-292
-1.89092e-294
-3.521e-296
-6.54541e-298
-1.21445e-299
-2.24863e-301
-4.15424e-303
-7.65701e-305
-1.40798e-306
-2.58279e-308
-4.7265e-310
-8.62903e-312
-1.57143e-313
-2.8572e-315
-3.43119e-317
0
0
0
0
0
0
0
0.102529
3.79489e-05
-1.16836e-05
-3.96751e-07
-5.2133e-09
-6.87358e-11
-8.86709e-13
-1.08389e-14
-1.17055e-16
4.67084e-18
6.151e-19
-6.21878e-20
-3.4871e-21
9.26095e-23
7.96743e-24
-2.66575e-25
-1.96833e-26
8.62996e-28
5.8018e-29
-2.08568e-30
-1.63142e-31
2.81385e-33
3.44337e-34
-9.51853e-37
-4.86321e-37
-5.60928e-40
5.68151e-40
-3.71478e-42
-7.94697e-43
1.34128e-44
1.57927e-45
-1.99352e-49
-1.93605e-48
-2.15899e-50
1.60961e-51
3.52738e-53
-9.18047e-55
-3.78607e-56
5.90603e-59
1.97573e-59
1.33392e-61
-7.20549e-63
-7.6346e-65
-1.59714e-66
-3.33907e-67
-1.20469e-68
-9.1555e-72
8.02287e-72
3.03614e-74
-1.20104e-74
-5.35558e-76
-1.46942e-77
-5.05881e-79
-2.55737e-80
-1.21845e-81
-4.92779e-83
-1.81583e-84
-6.5792e-86
-2.39907e-87
-8.71197e-89
-3.10511e-90
-1.08388e-91
-3.71123e-93
-1.24833e-94
-4.13079e-96
-1.33872e-97
-4.25546e-99
-1.31948e-100
-3.99562e-102
-1.17742e-103
-3.37212e-105
-9.39024e-107
-2.53265e-108
-6.62249e-110
-1.677e-111
-4.10559e-113
-9.72034e-115
-2.22493e-116
-4.91822e-118
-1.04989e-119
-2.16432e-121
-4.30636e-123
-8.26978e-125
-1.53243e-126
-2.73863e-128
-4.72239e-130
-7.85653e-132
-1.2595e-133
-1.94818e-135
-2.90748e-137
-4.18093e-139
-5.80386e-141
-7.77908e-143
-1.00584e-144
-1.25901e-146
-1.52277e-148
-1.78826e-150
-2.03778e-152
-2.2652e-154
-2.45829e-156
-2.62088e-158
-2.75311e-160
-2.86626e-162
-2.9718e-164
-3.0872e-166
-3.2262e-168
-3.41262e-170
-3.66529e-172
-4.01649e-174
-4.50289e-176
-5.1798e-178
-6.12475e-180
-7.46215e-182
-9.36299e-184
-1.21457e-185
-1.62477e-187
-2.24618e-189
-3.21038e-191
-4.73799e-193
-7.22821e-195
-1.14008e-196
-1.85702e-198
-3.12496e-200
-5.43508e-202
-9.75984e-204
-1.80994e-205
-3.46516e-207
-6.84583e-209
-1.39605e-210
-2.93787e-212
-6.36329e-214
-1.4217e-215
-3.27497e-217
-7.73064e-219
-1.87964e-220
-4.69313e-222
-1.1922e-223
-3.11261e-225
-8.23979e-227
-2.21913e-228
-6.04857e-230
-1.66139e-231
-4.59442e-233
-1.27621e-234
-3.53116e-236
-9.86387e-238
-2.70538e-239
-7.48262e-241
-2.09808e-242
-5.85646e-244
-1.62432e-245
-4.45811e-247
-1.20532e-248
-3.20363e-250
-8.32654e-252
-2.11199e-253
-5.19557e-255
-1.23588e-256
-2.82008e-258
-6.14278e-260
-1.23498e-261
-2.35637e-263
-4.32098e-265
-7.8283e-267
-1.4253e-268
-2.57204e-270
-4.70561e-272
-8.38293e-274
-1.49222e-275
-2.69339e-277
-4.91305e-279
-9.03555e-281
-1.67193e-282
-3.10741e-284
-5.79284e-286
-1.08194e-287
-2.02271e-289
-3.78227e-291
-7.06964e-293
-1.32024e-294
-2.4623e-296
-4.58486e-298
-8.52113e-300
-1.58042e-301
-2.92477e-303
-5.40025e-305
-9.94757e-307
-1.82808e-308
-3.35163e-310
-6.13093e-312
-1.11914e-313
-2.00239e-315
-3.4411e-317
0
0
0
0
0
0
0
0.102808
3.81643e-05
-1.1746e-05
-3.99573e-07
-5.25279e-09
-6.92791e-11
-8.93481e-13
-1.09012e-14
-1.16942e-16
4.81376e-18
6.29425e-19
-6.32369e-20
-3.55985e-21
9.5504e-23
8.22009e-24
-2.73653e-25
-2.03465e-26
8.9364e-28
6.05164e-29
-2.15491e-30
-1.70574e-31
2.9043e-33
3.61992e-34
-8.94435e-37
-5.13332e-37
-7.40454e-40
6.05527e-40
-3.73703e-42
-8.58758e-43
1.40991e-44
1.73723e-45
9.78935e-49
-2.16469e-48
-2.63483e-50
1.84016e-51
4.39002e-53
-1.05259e-54
-4.83882e-56
-7.77644e-60
2.53845e-59
2.23038e-61
-9.09407e-63
-1.17525e-64
-2.44078e-66
-4.81433e-67
-1.87073e-68
-7.86175e-71
1.07793e-71
6.15537e-74
-1.72636e-74
-8.19969e-76
-2.36209e-77
-8.0833e-79
-3.94038e-80
-1.84741e-81
-7.41825e-83
-2.70805e-84
-9.66742e-86
-3.46816e-87
-1.23813e-88
-4.34068e-90
-1.49173e-91
-5.04176e-93
-1.67955e-94
-5.52282e-96
-1.78742e-97
-5.69726e-99
-1.7812e-100
-5.46374e-102
-1.63955e-103
-4.80508e-105
-1.37506e-106
-3.82933e-108
-1.03773e-109
-2.73275e-111
-6.98103e-113
-1.72908e-114
-4.1493e-116
-9.6352e-118
-2.16387e-119
-4.69775e-121
-9.85154e-123
-1.99487e-124
-3.8989e-126
-7.34996e-128
-1.3366e-129
-2.34453e-131
-3.9626e-133
-6.45889e-135
-1.01543e-136
-1.53834e-138
-2.24906e-140
-3.17486e-142
-4.32541e-144
-5.70473e-146
-7.27657e-148
-9.01361e-150
-1.08453e-151
-1.27345e-153
-1.46141e-155
-1.64815e-157
-1.83281e-159
-2.02067e-161
-2.2189e-163
-2.44108e-165
-2.70147e-167
-3.02532e-169
-3.43926e-171
-3.98729e-173
-4.72775e-175
-5.7498e-177
-7.18655e-179
-9.25344e-181
-1.22734e-182
-1.68289e-184
-2.38109e-186
-3.48289e-188
-5.26997e-190
-8.24095e-192
-1.33301e-193
-2.23072e-195
-3.85815e-197
-6.89727e-199
-1.27468e-200
-2.43272e-202
-4.79334e-204
-9.7447e-206
-2.04238e-207
-4.41119e-209
-9.81054e-211
-2.24176e-212
-5.26422e-214
-1.26921e-215
-3.13011e-217
-7.90145e-219
-2.03792e-220
-5.34335e-222
-1.42687e-223
-3.8598e-225
-1.05661e-226
-2.91828e-228
-8.10866e-230
-2.2619e-231
-6.32148e-233
-1.76409e-234
-4.92089e-236
-1.36409e-237
-3.7738e-239
-1.04236e-240
-2.85284e-242
-7.73257e-244
-2.07366e-245
-5.4906e-247
-1.43245e-248
-3.6685e-250
-9.20147e-252
-2.24936e-253
-5.34276e-255
-1.22499e-256
-2.7012e-258
-5.58075e-260
-1.1013e-261
-2.09546e-263
-3.8864e-265
-7.10849e-267
-1.29381e-268
-2.36828e-270
-4.34772e-272
-8.02284e-274
-1.48985e-275
-2.78119e-277
-5.21307e-279
-9.80032e-281
-1.846e-282
-3.48084e-284
-6.56564e-286
-1.23805e-287
-2.33263e-289
-4.38951e-291
-8.2471e-293
-1.54661e-294
-2.89439e-296
-5.40452e-298
-1.00676e-299
-1.87079e-301
-3.46758e-303
-6.41081e-305
-1.18218e-306
-2.1744e-308
-3.98937e-310
-7.30136e-312
-1.33302e-313
-2.45023e-315
-3.43973e-317
0
0
0
0
0
0
0.103092
3.84271e-05
-1.18225e-05
-4.02976e-07
-5.30339e-09
-7.00158e-11
-9.03573e-13
-1.10215e-14
-1.17871e-16
4.94266e-18
6.4432e-19
-6.4484e-20
-3.64415e-21
9.82386e-23
8.4814e-24
-2.81116e-25
-2.10623e-26
9.24187e-28
6.31138e-29
-2.22759e-30
-1.78498e-31
2.99556e-33
3.80834e-34
-8.27821e-37
-5.42678e-37
-9.54191e-40
6.46363e-40
-3.74275e-42
-9.30434e-43
1.48133e-44
1.91646e-45
2.46905e-48
-2.4255e-48
-3.21083e-50
2.09878e-51
5.4229e-53
-1.19401e-54
-6.10893e-56
-1.12197e-58
3.17499e-59
3.40449e-61
-1.10515e-62
-1.67255e-64
-3.51465e-66
-6.62293e-67
-2.71444e-68
-1.83662e-70
1.35816e-71
9.74441e-74
-2.3266e-74
-1.15018e-75
-3.40477e-77
-1.15536e-78
-5.47425e-80
-2.52656e-81
-1.00418e-82
-3.62313e-84
-1.2741e-85
-4.49015e-87
-1.57313e-88
-5.41179e-90
-1.82497e-91
-6.05179e-93
-1.97884e-94
-6.39165e-96
-2.0338e-97
-6.38099e-99
-1.96617e-100
-5.95253e-102
-1.76555e-103
-5.1224e-105
-1.45348e-106
-4.01979e-108
-1.08371e-109
-2.84412e-111
-7.25346e-113
-1.79715e-114
-4.32278e-116
-1.00827e-117
-2.27939e-119
-4.99298e-121
-1.05897e-122
-2.17409e-124
-4.31907e-126
-8.29742e-128
-1.54176e-129
-2.77049e-131
-4.80943e-133
-8.0729e-135
-1.31027e-136
-2.05443e-138
-3.11613e-140
-4.57431e-142
-6.49506e-144
-8.94677e-146
-1.19429e-147
-1.55109e-149
-1.96014e-151
-2.42098e-153
-2.92638e-155
-3.48001e-157
-4.08413e-159
-4.75471e-161
-5.51536e-163
-6.40918e-165
-7.49023e-167
-8.85224e-169
-1.06117e-170
-1.29582e-172
-1.61623e-174
-2.06447e-176
-2.70556e-178
-3.64573e-180
-5.05073e-182
-7.21679e-184
-1.06174e-185
-1.61092e-187
-2.52183e-189
-4.06962e-191
-6.77472e-193
-1.16351e-194
-2.05955e-196
-3.7577e-198
-7.0672e-200
-1.36881e-201
-2.72967e-203
-5.60151e-205
-1.18205e-206
-2.56413e-208
-5.71393e-210
-1.30551e-211
-3.05852e-213
-7.34168e-215
-1.79923e-216
-4.50505e-218
-1.15025e-219
-2.98076e-221
-7.85221e-223
-2.09188e-224
-5.62957e-226
-1.52612e-227
-4.15532e-229
-1.13439e-230
-3.09886e-232
-8.44676e-234
-2.30073e-235
-6.23207e-237
-1.68502e-238
-4.53316e-240
-1.2132e-241
-3.22391e-243
-8.49397e-245
-2.21485e-246
-5.7066e-248
-1.44813e-249
-3.61274e-251
-8.82251e-253
-2.10324e-254
-4.86446e-256
-1.08842e-257
-2.29895e-259
-4.66007e-261
-9.13314e-263
-1.74908e-264
-3.30742e-266
-6.2081e-268
-1.168e-269
-2.19232e-271
-4.11925e-273
-7.76558e-275
-1.46804e-276
-2.78118e-278
-5.27631e-280
-1.00171e-281
-1.9019e-283
-3.60937e-285
-6.84332e-287
-1.29575e-288
-2.44939e-290
-4.62123e-292
-8.70012e-294
-1.63413e-295
-3.06181e-297
-5.72215e-299
-1.06659e-300
-1.98277e-302
-3.67603e-304
-6.79702e-306
-1.25345e-307
-2.30549e-309
-4.22984e-311
-7.74155e-313
-1.41557e-314
-2.41477e-316
0
0
0
0
0
0
0.103379
3.87175e-05
-1.1908e-05
-4.06813e-07
-5.36323e-09
-7.09242e-11
-9.16667e-13
-1.11923e-14
-1.19626e-16
5.07152e-18
6.60943e-19
-6.59629e-20
-3.74338e-21
1.01013e-22
8.76751e-24
-2.8915e-25
-2.18593e-26
9.55936e-28
6.59236e-29
-2.30545e-30
-1.8718e-31
3.08928e-33
4.0145e-34
-7.4454e-37
-5.75046e-37
-1.21665e-39
6.91377e-40
-3.71538e-42
-1.01055e-42
1.55502e-44
2.11934e-45
4.33574e-48
-2.72105e-48
-3.90199e-50
2.38734e-51
6.65247e-53
-1.34016e-54
-7.61513e-56
-2.61731e-58
3.89447e-59
4.9085e-61
-1.31423e-62
-2.29548e-64
-4.91301e-66
-8.8937e-67
-3.81605e-68
-3.42813e-70
1.64458e-71
1.3896e-73
-3.07456e-74
-1.5717e-75
-4.76323e-77
-1.60607e-78
-7.42069e-80
-3.37395e-81
-1.32766e-82
-4.73763e-84
-1.64287e-85
-5.69758e-87
-1.9629e-88
-6.63851e-90
-2.20079e-91
-7.17693e-93
-2.3095e-94
-7.34818e-96
-2.30654e-97
-7.1493e-99
-2.18056e-100
-6.54731e-102
-1.93033e-103
-5.57976e-105
-1.581e-106
-4.37695e-108
-1.18394e-109
-3.12463e-111
-8.03186e-113
-2.01007e-114
-4.89367e-116
-1.15764e-117
-2.65928e-119
-5.92995e-121
-1.28263e-122
-2.69012e-124
-5.46882e-126
-1.07695e-127
-2.05461e-129
-3.79708e-131
-6.79074e-133
-1.17629e-134
-1.97346e-136
-3.20428e-138
-5.04148e-140
-7.69011e-142
-1.13666e-143
-1.63257e-145
-2.27633e-147
-3.09281e-149
-4.09522e-151
-5.30678e-153
-6.73881e-155
-8.42701e-157
-1.04087e-158
-1.27603e-160
-1.5591e-162
-1.90836e-164
-2.34853e-166
-2.92102e-168
-3.68239e-170
-4.72394e-172
-6.18279e-174
-8.27635e-176
-1.13511e-177
-1.59825e-179
-2.31025e-181
-3.43837e-183
-5.26109e-185
-8.28836e-187
-1.34506e-188
-2.24667e-190
-3.86495e-192
-6.8486e-194
-1.24888e-195
-2.34377e-197
-4.52675e-199
-8.98965e-201
-1.83507e-202
-3.84814e-204
-8.28337e-206
-1.82939e-207
-4.14207e-209
-9.59635e-211
-2.27447e-212
-5.51016e-214
-1.3597e-215
-3.41914e-217
-8.74367e-219
-2.26417e-220
-5.94281e-222
-1.5738e-223
-4.19958e-225
-1.12638e-226
-3.02825e-228
-8.14844e-230
-2.19058e-231
-5.87047e-233
-1.57008e-234
-4.17403e-236
-1.10657e-237
-2.9245e-239
-7.6809e-241
-2.00474e-242
-5.19508e-244
-1.33503e-245
-3.3979e-247
-8.54231e-249
-2.11802e-250
-5.15969e-252
-1.23191e-253
-2.86575e-255
-6.48058e-257
-1.39312e-258
-2.88768e-260
-5.80598e-262
-1.14216e-263
-2.21761e-265
-4.26887e-267
-8.21456e-269
-1.57456e-270
-3.01396e-272
-5.77262e-274
-1.10615e-275
-2.12005e-277
-4.06253e-279
-7.78021e-281
-1.48853e-282
-2.84408e-284
-5.42505e-286
-1.03283e-287
-1.96208e-289
-3.7187e-291
-7.03043e-293
-1.32568e-294
-2.49299e-296
-4.67517e-298
-8.74278e-300
-1.6303e-301
-3.03143e-303
-5.62083e-305
-1.0393e-306
-1.91642e-308
-3.52443e-310
-6.46508e-312
-1.18331e-313
-2.17961e-315
-3.44831e-317
0
0
0
0
0
0.103669
3.9025e-05
-1.19991e-05
-4.10954e-07
-5.42953e-09
-7.19528e-11
-9.31835e-13
-1.13971e-14
-1.21915e-16
5.20289e-18
6.78983e-19
-6.76091e-20
-3.85379e-21
1.03858e-22
9.07511e-24
-2.97649e-25
-2.27241e-26
9.88977e-28
6.89321e-29
-2.38782e-30
-1.96551e-31
3.18526e-33
4.23735e-34
-6.44044e-37
-6.1024e-37
-1.52629e-39
7.40434e-40
-3.65199e-42
-1.09899e-42
1.62988e-44
2.346e-45
6.62449e-48
-3.05144e-48
-4.71848e-50
2.70556e-51
8.09833e-53
-1.48754e-54
-9.38066e-56
-4.65869e-58
4.69197e-59
6.7819e-61
-1.5312e-62
-3.05296e-64
-6.68818e-66
-1.16861e-66
-5.21362e-68
-5.68061e-70
1.91786e-71
1.83766e-73
-3.98177e-74
-2.09063e-75
-6.45766e-77
-2.16506e-78
-9.78331e-80
-4.38559e-81
-1.70891e-82
-6.03357e-84
-2.06496e-85
-7.05532e-87
-2.39279e-88
-7.96363e-90
-2.5977e-91
-8.33617e-93
-2.64106e-94
-8.27862e-96
-2.5629e-97
-7.84344e-99
-2.3657e-100
-7.03509e-102
-2.05803e-103
-5.91393e-105
-1.66904e-106
-4.61195e-108
-1.24766e-109
-3.29991e-111
-8.51839e-113
-2.14519e-114
-5.26564e-116
-1.25841e-117
-2.92611e-119
-6.61732e-121
-1.45432e-122
-3.10502e-124
-6.43756e-126
-1.29527e-127
-2.52939e-129
-4.79333e-131
-8.8066e-133
-1.56995e-134
-2.71547e-136
-4.55414e-138
-7.41388e-140
-1.17219e-141
-1.79912e-143
-2.68767e-145
-3.90456e-147
-5.53585e-149
-7.66088e-151
-1.03889e-152
-1.38232e-154
-1.81304e-156
-2.35067e-158
-3.0265e-160
-3.88473e-162
-4.99501e-164
-6.45575e-166
-8.42745e-168
-1.11424e-169
-1.4976e-171
-2.05126e-173
-2.86975e-175
-4.10777e-177
-6.02701e-179
-9.0648e-181
-1.40131e-182
-2.2236e-184
-3.62661e-186
-6.08228e-188
-1.04816e-189
-1.85704e-191
-3.38294e-193
-6.33085e-195
-1.21709e-196
-2.40355e-198
-4.87157e-200
-1.01302e-201
-2.15984e-203
-4.71771e-205
-1.05514e-206
-2.41432e-208
-5.64128e-210
-1.34553e-211
-3.27316e-213
-8.09333e-215
-2.03469e-216
-5.19001e-218
-1.33797e-219
-3.48793e-221
-9.15714e-223
-2.41764e-224
-6.40492e-226
-1.69823e-227
-4.50085e-229
-1.19042e-230
-3.13646e-232
-8.24035e-234
-2.15213e-235
-5.60513e-237
-1.45439e-238
-3.75413e-240
-9.64057e-242
-2.46158e-243
-6.24437e-245
-1.57232e-246
-3.92078e-248
-9.67068e-250
-2.35137e-251
-5.62274e-253
-1.31475e-254
-3.00046e-256
-6.54736e-258
-1.38334e-259
-2.84356e-261
-5.72774e-263
-1.1388e-264
-2.24295e-266
-4.40702e-268
-8.61258e-270
-1.6774e-271
-3.26157e-273
-6.33229e-275
-1.22754e-276
-2.37574e-278
-4.58956e-280
-8.84847e-282
-1.70219e-283
-3.26676e-285
-6.25356e-287
-1.19395e-288
-2.27323e-290
-4.31584e-292
-8.16997e-294
-1.54201e-295
-2.9017e-297
-5.44384e-299
-1.01823e-300
-1.89879e-302
-3.53032e-304
-6.54442e-306
-1.2097e-307
-2.22978e-309
-4.09894e-311
-7.51581e-313
-1.37057e-314
-2.42084e-316
0
0
0
0
0
0.10396
3.93446e-05
-1.20944e-05
-4.15324e-07
-5.5008e-09
-7.30748e-11
-9.48618e-13
-1.16278e-14
-1.24595e-16
5.33851e-18
6.9836e-19
-6.9395e-20
-3.97387e-21
1.06794e-22
9.40356e-24
-3.06561e-25
-2.36518e-26
1.02338e-27
7.21381e-29
-2.47435e-30
-2.06594e-31
3.28322e-33
4.47659e-34
-5.25113e-37
-6.48169e-37
-1.88409e-39
7.9344e-40
-3.54823e-42
-1.19562e-42
1.7048e-44
2.59658e-45
9.37869e-48
-3.41669e-48
-5.67024e-50
3.05285e-51
9.77927e-53
-1.63228e-54
-1.14263e-55
-7.34374e-58
5.56158e-59
9.06202e-61
-1.7519e-62
-3.95798e-64
-8.8979e-66
-1.50655e-66
-6.95033e-68
-8.73126e-70
2.15617e-71
2.28786e-73
-5.06705e-74
-2.71691e-75
-8.52212e-77
-2.84211e-78
-1.25898e-79
-5.56866e-81
-2.14924e-82
-7.51084e-84
-2.53888e-85
-8.55431e-87
-2.85879e-88
-9.37194e-90
-3.01043e-91
-9.51271e-93
-2.9685e-94
-9.1689e-96
-2.79928e-97
-8.45533e-99
-2.52022e-100
-7.41563e-102
-2.14985e-103
-6.13244e-105
-1.72093e-106
-4.73746e-108
-1.27918e-109
-3.3833e-111
-8.7509e-113
-2.21239e-114
-5.4623e-116
-1.31561e-117
-3.0889e-119
-7.06689e-121
-1.57419e-122
-3.41287e-124
-7.19843e-126
-1.4762e-127
-2.94345e-129
-5.70586e-131
-1.07433e-132
-1.96629e-134
-3.49786e-136
-6.04472e-138
-1.01574e-139
-1.66063e-141
-2.64026e-143
-4.09253e-145
-6.1798e-147
-9.12068e-149
-1.31594e-150
-1.86295e-152
-2.59099e-154
-3.55549e-156
-4.82691e-158
-6.51064e-160
-8.75719e-162
-1.17988e-163
-1.59745e-165
-2.18318e-167
-3.01966e-169
-4.24144e-171
-6.06427e-173
-8.84428e-175
-1.31789e-176
-2.00979e-178
-3.13712e-180
-5.02429e-182
-8.2465e-184
-1.3888e-185
-2.40084e-187
-4.25737e-189
-7.74782e-191
-1.44714e-192
-2.77179e-194
-5.44398e-196
-1.0963e-197
-2.26162e-199
-4.77773e-201
-1.03285e-202
-2.28307e-204
-5.15703e-206
-1.18932e-207
-2.79536e-209
-6.69252e-211
-1.63075e-212
-4.03094e-214
-1.01094e-215
-2.56702e-217
-6.57634e-219
-1.70015e-220
-4.41943e-222
-1.15336e-223
-3.01618e-225
-7.88474e-227
-2.05831e-228
-5.35785e-230
-1.38874e-231
-3.58751e-233
-9.2149e-235
-2.3602e-236
-6.02313e-238
-1.53022e-239
-3.87169e-241
-9.75327e-243
-2.4451e-244
-6.09659e-246
-1.509e-247
-3.70412e-249
-8.98974e-251
-2.15224e-252
-5.05412e-254
-1.16233e-255
-2.56925e-257
-5.51926e-259
-1.15679e-260
-2.37958e-262
-4.833e-264
-9.71882e-266
-1.94657e-267
-3.87308e-269
-7.6669e-271
-1.51233e-272
-2.97348e-274
-5.82849e-276
-1.13907e-277
-2.21948e-279
-4.31174e-281
-8.35093e-283
-1.61243e-284
-3.10365e-286
-5.95519e-288
-1.13903e-289
-2.17161e-291
-4.12696e-293
-7.81761e-295
-1.47609e-296
-2.77813e-298
-5.2119e-300
-9.74666e-302
-1.81696e-303
-3.37666e-305
-6.25611e-307
-1.15566e-308
-2.12866e-310
-3.91007e-312
-7.16529e-314
-1.28333e-315
-3.45696e-317
0
0
0
0
0.104254
3.96737e-05
-1.21929e-05
-4.19884e-07
-5.57624e-09
-7.42758e-11
-9.66761e-13
-1.18803e-14
-1.27591e-16
5.47939e-18
7.19043e-19
-7.13055e-20
-4.10286e-21
1.09831e-22
9.75255e-24
-3.15854e-25
-2.46399e-26
1.05915e-27
7.55401e-29
-2.56478e-30
-2.17291e-31
3.38276e-33
4.73183e-34
-3.86758e-37
-6.88728e-37
-2.291e-39
8.50242e-40
-3.4001e-42
-1.3002e-42
1.77866e-44
2.87079e-45
1.26346e-47
-3.81631e-48
-6.76559e-50
3.42804e-51
1.17117e-52
-1.77006e-54
-1.37706e-55
-1.07745e-57
6.49463e-59
1.17843e-60
-1.97111e-62
-5.01978e-64
-1.15905e-65
-1.90973e-66
-9.07089e-68
-1.27244e-69
2.33668e-71
2.71628e-73
-6.34233e-74
-3.45644e-75
-1.09716e-76
-3.63899e-78
-1.58364e-79
-6.91866e-81
-2.64585e-82
-9.15601e-84
-3.05905e-85
-1.01733e-86
-3.35336e-88
-1.08381e-89
-3.43096e-91
-1.06825e-92
-3.28501e-94
-1.00009e-95
-3.01129e-97
-8.97567e-99
-2.64267e-100
-7.68878e-102
-2.20698e-103
-6.24207e-105
-1.73946e-106
-4.76322e-108
-1.28154e-109
-3.38343e-111
-8.75168e-113
-2.2168e-114
-5.4937e-116
-1.33066e-117
-3.14777e-119
-7.26935e-121
-1.63757e-122
-3.59703e-124
-7.70088e-126
-1.60595e-127
-3.26223e-129
-6.45409e-131
-1.24256e-132
-2.32957e-134
-4.2525e-136
-7.55528e-138
-1.30751e-139
-2.20541e-141
-3.62411e-143
-5.81562e-145
-9.10711e-147
-1.39602e-148
-2.0952e-150
-3.08943e-152
-4.48097e-154
-6.41867e-156
-9.10325e-158
-1.28336e-159
-1.80467e-161
-2.54186e-163
-3.59664e-165
-5.13391e-167
-7.41095e-169
-1.08526e-170
-1.61587e-172
-2.45081e-174
-3.7926e-176
-5.99708e-178
-9.69154e-180
-1.60415e-181
-2.71678e-183
-4.71282e-185
-8.37711e-187
-1.5248e-188
-2.84321e-190
-5.43134e-192
-1.06205e-193
-2.12568e-195
-4.35397e-197
-9.11897e-199
-1.95207e-200
-4.268e-202
-9.52318e-204
-2.16712e-205
-5.02496e-207
-1.1852e-208
-2.84173e-210
-6.92071e-212
-1.70659e-213
-4.26158e-215
-1.07537e-216
-2.73356e-218
-6.99943e-220
-1.79963e-221
-4.63903e-223
-1.197e-224
-3.08458e-226
-7.93216e-228
-2.03285e-229
-5.18657e-231
-1.31852e-232
-3.33396e-234
-8.40644e-236
-2.11249e-237
-5.28891e-239
-1.32005e-240
-3.28449e-242
-8.14562e-244
-2.01292e-245
-4.94871e-247
-1.20948e-248
-2.93053e-250
-7.0236e-252
-1.65561e-253
-3.8333e-255
-8.57079e-257
-1.86862e-258
-3.9852e-260
-8.35462e-262
-1.73e-263
-3.54576e-265
-7.22886e-267
-1.46253e-268
-2.93957e-270
-5.87779e-272
-1.16969e-273
-2.31737e-275
-4.57178e-277
-8.98293e-279
-1.75811e-280
-3.42779e-282
-6.65816e-284
-1.28852e-285
-2.48455e-287
-4.77358e-289
-9.13888e-291
-1.74346e-292
-3.31444e-294
-6.27919e-296
-1.18551e-297
-2.23063e-299
-4.18299e-301
-7.81808e-303
-1.45642e-304
-2.70443e-306
-5.00601e-308
-9.23793e-310
-1.6997e-311
-3.11854e-313
-5.6702e-315
-1.04013e-316
0
0
0
0
0.10455
4.00114e-05
-1.22943e-05
-4.24621e-07
-5.65552e-09
-7.55498e-11
-9.86164e-13
-1.21526e-14
-1.30868e-16
5.62609e-18
7.41032e-19
-7.33338e-20
-4.24042e-21
1.12976e-22
1.01221e-23
-3.25502e-25
-2.56866e-26
1.09629e-27
7.91356e-29
-2.65885e-30
-2.28622e-31
3.4836e-33
5.00245e-34
-2.28905e-37
-7.31771e-37
-2.74521e-39
9.10637e-40
-3.20957e-42
-1.41246e-42
1.8511e-44
3.16834e-45
1.64174e-47
-4.24977e-48
-8.01194e-50
3.82969e-51
1.39114e-52
-1.89599e-54
-1.64312e-55
-1.50465e-57
7.48449e-59
1.49587e-60
-2.20401e-62
-6.29985e-64
-1.47459e-65
-2.37451e-66
-1.15777e-67
-1.76964e-69
2.45101e-71
3.08542e-73
-7.83055e-74
-4.31441e-75
-1.37852e-76
-4.53064e-78
-1.9376e-79
-8.36833e-81
-3.17139e-82
-1.08679e-83
-3.59081e-85
-1.17987e-86
-3.8406e-88
-1.22492e-89
-3.82493e-91
-1.17434e-92
-3.56099e-94
-1.06908e-95
-3.17567e-97
-9.34164e-99
-2.71653e-100
-7.81242e-102
-2.21903e-103
-6.21818e-105
-1.71903e-106
-4.67706e-108
-1.25222e-109
-3.29524e-111
-8.51057e-113
-2.15621e-114
-5.35405e-116
-1.30176e-117
-3.09673e-119
-7.20473e-121
-1.63809e-122
-3.6382e-124
-7.89003e-126
-1.6698e-127
-3.44847e-129
-6.94882e-131
-1.36509e-132
-2.61621e-134
-4.89056e-136
-8.91456e-138
-1.58557e-139
-2.75353e-141
-4.66703e-143
-7.73726e-145
-1.25393e-146
-1.99224e-148
-3.10385e-150
-4.757e-152
-7.18036e-154
-1.07138e-155
-1.58402e-157
-2.32912e-159
-3.4168e-161
-5.01969e-163
-7.40637e-165
-1.10168e-166
-1.65595e-168
-2.52243e-170
-3.90197e-172
-6.14048e-174
-9.8451e-176
-1.61039e-177
-2.688e-179
-4.58723e-181
-7.99713e-183
-1.4255e-184
-2.59902e-186
-4.84405e-188
-9.23196e-190
-1.7992e-191
-3.58283e-193
-7.28928e-195
-1.51481e-196
-3.21291e-198
-6.95191e-200
-1.53343e-201
-3.44531e-203
-7.87941e-205
-1.8326e-206
-4.32769e-208
-1.0369e-209
-2.51864e-211
-6.18434e-213
-1.53491e-214
-3.84325e-216
-9.68114e-218
-2.45269e-219
-6.2327e-221
-1.58628e-222
-4.03776e-224
-1.0259e-225
-2.59989e-227
-6.56495e-229
-1.65036e-230
-4.13366e-232
-1.03035e-233
-2.56071e-235
-6.34324e-237
-1.56669e-238
-3.86129e-240
-9.49853e-242
-2.33238e-243
-5.7166e-245
-1.3968e-246
-3.40057e-248
-8.22836e-250
-1.97436e-251
-4.67067e-253
-1.08815e-254
-2.45874e-256
-5.43383e-258
-1.17749e-259
-2.51074e-261
-5.28741e-263
-1.10232e-264
-2.28373e-266
-4.69351e-268
-9.57227e-270
-1.93922e-271
-3.90438e-273
-7.81586e-275
-1.5562e-276
-3.08283e-278
-6.07782e-280
-1.19276e-281
-2.33049e-283
-4.53418e-285
-8.78545e-287
-1.69548e-288
-3.25929e-290
-6.24152e-292
-1.19076e-293
-2.26335e-295
-4.2864e-297
-8.08852e-299
-1.52089e-300
-2.84972e-302
-5.32106e-304
-9.90168e-306
-1.83637e-307
-3.39455e-309
-6.25485e-311
-1.14901e-312
-2.10383e-314
-3.82505e-316
0
0
0
0
0.104847
4.03577e-05
-1.23985e-05
-4.29521e-07
-5.73824e-09
-7.68878e-11
-1.00663e-12
-1.24407e-14
-1.34355e-16
5.78412e-18
7.65002e-19
-7.55107e-20
-4.39646e-21
1.16346e-22
1.06116e-23
-3.33573e-25
-2.74153e-26
1.1088e-27
8.56302e-29
-2.57643e-30
-2.48223e-31
2.75361e-33
5.38929e-34
2.72303e-36
-7.54134e-37
-9.94069e-39
7.99201e-40
8.17051e-42
-9.87507e-43
9.3492e-45
2.42246e-45
1.53855e-47
-3.36952e-48
-6.03315e-50
3.44273e-51
1.10926e-52
-2.43384e-54
-1.55124e-55
-5.36315e-58
9.73415e-59
1.03708e-60
-6.07808e-62
-1.28301e-63
-4.61485e-67
-1.47095e-66
-8.8958e-68
-7.41211e-70
6.64685e-71
1.52773e-72
-4.67122e-74
-2.79493e-75
-4.20421e-77
4.73343e-79
2.52943e-80
3.18574e-82
9.61278e-84
8.94032e-85
4.60591e-86
1.60666e-87
4.53753e-89
1.16061e-90
2.78598e-92
5.9628e-94
9.38579e-96
-3.95301e-99
-8.91616e-99
-5.20654e-100
-2.24379e-101
-8.47281e-103
-2.95426e-104
-9.73776e-106
-3.0756e-107
-9.35693e-109
-2.75723e-110
-7.88763e-112
-2.19328e-113
-5.93772e-115
-1.56586e-116
-4.024e-118
-1.00787e-119
-2.46131e-121
-5.8598e-123
-1.36023e-124
-3.07869e-126
-6.79303e-128
-1.46158e-129
-3.06693e-131
-6.27291e-133
-1.25171e-134
-2.43648e-136
-4.6265e-138
-8.57557e-140
-1.55289e-141
-2.74629e-143
-4.75375e-145
-8.04997e-147
-1.3373e-148
-2.18001e-150
-3.49793e-152
-5.53052e-154
-8.64655e-156
-1.33968e-157
-2.06415e-159
-3.17211e-161
-4.87963e-163
-7.53318e-165
-1.17127e-166
-1.8381e-168
-2.91914e-170
-4.70103e-172
-7.68884e-174
-1.27908e-175
-2.16686e-177
-3.73924e-179
-6.58431e-181
-1.18222e-182
-2.16621e-184
-4.052e-186
-7.73335e-188
-1.5063e-189
-2.99441e-191
-6.0706e-193
-1.25497e-194
-2.64482e-196
-5.67791e-198
-1.2411e-199
-2.76017e-201
-6.2407e-203
-1.4335e-204
-3.34217e-206
-7.89735e-208
-1.88977e-209
-4.57623e-211
-1.11827e-212
-2.75777e-214
-6.8497e-216
-1.70941e-217
-4.28454e-219
-1.07607e-220
-2.704e-222
-6.79114e-224
-1.70142e-225
-4.25059e-227
-1.05779e-228
-2.62091e-230
-6.47044e-232
-1.59023e-233
-3.89905e-235
-9.53709e-237
-2.32807e-238
-5.67691e-240
-1.38348e-241
-3.37058e-243
-8.21135e-245
-1.99842e-246
-4.85728e-248
-1.1764e-249
-2.83224e-251
-6.73643e-253
-1.58152e-254
-3.61384e-256
-8.09672e-258
-1.78211e-259
-3.86596e-261
-8.29063e-263
-1.75909e-264
-3.70468e-266
-7.72807e-268
-1.59751e-269
-3.27601e-271
-6.66836e-273
-1.34803e-274
-2.70771e-276
-5.40649e-278
-1.0735e-279
-2.12036e-281
-4.16729e-283
-8.15158e-285
-1.58731e-286
-3.07741e-288
-5.94125e-290
-1.14232e-291
-2.18756e-293
-4.17281e-295
-7.92911e-297
-1.50097e-298
-2.83071e-300
-5.31878e-302
-9.95726e-304
-1.85736e-305
-3.45224e-307
-6.39407e-309
-1.1802e-310
-2.1711e-312
-3.98224e-314
-7.32404e-316
0
0
0
0
0.105147
4.07156e-05
-1.25061e-05
-4.34618e-07
-5.82503e-09
-7.83002e-11
-1.02834e-12
-1.27474e-14
-1.38072e-16
5.94632e-18
7.89763e-19
-7.77565e-20
-4.55061e-21
1.19756e-22
1.10274e-23
-3.43765e-25
-2.85994e-26
1.14751e-27
8.97235e-29
-2.66793e-30
-2.61082e-31
2.81005e-33
5.69149e-34
3.08985e-36
-7.99007e-37
-1.09318e-38
8.49748e-40
9.22862e-42
-1.06039e-42
9.48411e-45
2.64927e-45
1.87758e-47
-3.71193e-48
-7.01546e-50
3.81839e-51
1.29622e-52
-2.66771e-54
-1.82772e-55
-8.43394e-58
1.13044e-58
1.34755e-60
-7.0979e-62
-1.62677e-63
-3.07342e-66
-1.80101e-66
-1.10241e-67
-1.0563e-69
7.74033e-71
1.88454e-72
-5.40053e-74
-3.36198e-75
-5.24167e-77
5.13224e-79
2.99964e-80
4.09799e-82
1.26838e-83
1.08903e-84
5.48739e-86
1.89672e-87
5.34491e-89
1.37334e-90
3.35222e-92
7.48866e-94
1.35564e-95
1.14008e-97
-5.41195e-99
-4.10252e-100
-1.88355e-101
-7.27759e-103
-2.55967e-104
-8.4589e-106
-2.67022e-107
-8.11082e-109
-2.38548e-110
-6.81304e-112
-1.89286e-113
-5.12495e-115
-1.35319e-116
-3.48643e-118
-8.76712e-120
-2.15276e-121
-5.16137e-123
-1.20849e-124
-2.76348e-126
-6.17097e-128
-1.34599e-129
-2.86811e-131
-5.96777e-133
-1.21353e-134
-2.41139e-136
-4.68292e-138
-8.89275e-140
-1.65264e-141
-3.00493e-143
-5.35644e-145
-9.35723e-147
-1.60598e-148
-2.70897e-150
-4.5034e-152
-7.3863e-154
-1.19904e-155
-1.93049e-157
-3.0923e-159
-4.94155e-161
-7.90347e-163
-1.26816e-164
-2.04794e-166
-3.33529e-168
-5.49091e-170
-9.15535e-172
-1.54819e-173
-2.65892e-175
-4.6427e-177
-8.24459e-179
-1.49127e-180
-2.74584e-182
-5.15027e-184
-9.84364e-186
-1.91619e-187
-3.79983e-189
-7.6761e-191
-1.57849e-192
-3.30389e-194
-7.03646e-196
-1.52374e-197
-3.35342e-199
-7.49507e-201
-1.69996e-202
-3.91e-204
-9.11157e-206
-2.14831e-207
-5.12057e-209
-1.23308e-210
-2.99191e-212
-7.31552e-214
-1.79898e-215
-4.44035e-217
-1.09948e-218
-2.72581e-220
-6.75652e-222
-1.67309e-223
-4.13156e-225
-1.01727e-226
-2.49498e-228
-6.09415e-230
-1.48343e-231
-3.59662e-233
-8.70201e-235
-2.10135e-236
-5.06709e-238
-1.22151e-239
-2.94555e-241
-7.10936e-243
-1.71819e-244
-4.15575e-246
-1.00582e-247
-2.43139e-249
-5.85608e-251
-1.39671e-252
-3.296e-254
-7.60317e-256
-1.72452e-257
-3.85102e-259
-8.48697e-261
-1.84973e-262
-3.98726e-264
-8.52172e-266
-1.80206e-267
-3.77163e-269
-7.82106e-271
-1.60791e-272
-3.27944e-274
-6.6397e-276
-1.33521e-277
-2.66818e-279
-5.30068e-281
-1.04727e-282
-2.05843e-284
-4.02604e-286
-7.83758e-288
-1.5189e-289
-2.93078e-291
-5.63124e-293
-1.07754e-294
-2.05356e-296
-3.89813e-298
-7.37058e-300
-1.38823e-301
-2.60467e-303
-4.86837e-305
-9.06496e-307
-1.68156e-308
-3.10769e-310
-5.7223e-312
-1.04979e-313
-1.92394e-315
-3.48634e-317
0
0
0
0.105449
4.10857e-05
-1.26179e-05
-4.3996e-07
-5.91654e-09
-7.9793e-11
-1.0513e-12
-1.30709e-14
-1.41958e-16
6.11953e-18
8.16221e-19
-8.01179e-20
-4.71361e-21
1.2332e-22
1.14668e-23
-3.54236e-25
-2.98407e-26
1.18763e-27
9.4011e-29
-2.76231e-30
-2.74517e-31
2.86665e-33
6.00706e-34
3.47769e-36
-8.45768e-37
-1.19654e-38
9.02823e-40
1.03242e-41
-1.13865e-42
9.60792e-45
2.89396e-45
2.26251e-47
-4.07993e-48
-8.12974e-50
4.21442e-51
1.50827e-52
-2.88667e-54
-2.13655e-55
-1.24092e-57
1.29594e-58
1.71547e-60
-8.1737e-62
-2.0206e-63
-6.56523e-66
-2.19484e-66
-1.35599e-67
-1.46746e-69
8.85317e-71
2.27664e-72
-6.221e-74
-4.00868e-75
-6.48113e-77
5.24031e-79
3.39981e-80
4.65984e-82
1.43577e-83
1.23798e-84
6.21443e-86
2.13145e-87
5.94374e-89
1.50865e-90
3.63389e-92
7.99449e-94
1.41596e-95
1.10169e-97
-5.94529e-99
-4.30752e-100
-1.93707e-101
-7.36245e-103
-2.55267e-104
-8.32701e-106
-2.5977e-107
-7.80788e-109
-2.27511e-110
-6.4462e-112
-1.77928e-113
-4.79319e-115
-1.26114e-116
-3.24314e-118
-8.15338e-120
-2.00497e-121
-4.82233e-123
-1.13469e-124
-2.61217e-126
-5.88303e-128
-1.29651e-129
-2.79641e-131
-5.90074e-133
-1.21908e-134
-2.46559e-136
-4.88289e-138
-9.47287e-140
-1.80177e-141
-3.35917e-143
-6.15011e-145
-1.10544e-146
-1.95515e-148
-3.40391e-150
-5.84815e-152
-9.92567e-154
-1.66892e-155
-2.78536e-157
-4.62723e-159
-7.67058e-161
-1.27254e-162
-2.11727e-164
-3.54314e-166
-5.97479e-168
-1.01738e-169
-1.75242e-171
-3.05709e-173
-5.40849e-175
-9.71229e-177
-1.77098e-178
-3.2833e-180
-6.18601e-182
-1.18513e-183
-2.3094e-185
-4.57526e-187
-9.21672e-189
-1.88792e-190
-3.9294e-192
-8.30919e-194
-1.78454e-195
-3.88988e-197
-8.6016e-199
-1.92818e-200
-4.37852e-202
-1.0065e-203
-2.34007e-205
-5.49584e-207
-1.3027e-208
-3.11487e-210
-7.4941e-212
-1.81453e-213
-4.41311e-215
-1.07635e-216
-2.63091e-218
-6.43485e-220
-1.57271e-221
-3.83884e-223
-9.34298e-225
-2.26735e-226
-5.48176e-228
-1.32036e-229
-3.17024e-231
-7.58613e-233
-1.81224e-234
-4.3233e-236
-1.03065e-237
-2.4584e-239
-5.87159e-241
-1.40536e-242
-3.3731e-244
-8.11743e-246
-1.95895e-247
-4.73348e-249
-1.14242e-250
-2.73647e-252
-6.49998e-254
-1.51495e-255
-3.48004e-257
-7.88425e-259
-1.7645e-260
-3.90597e-262
-8.54733e-264
-1.85219e-265
-3.96672e-267
-8.39756e-269
-1.75917e-270
-3.64951e-272
-7.50368e-274
-1.53021e-275
-3.09714e-277
-6.22529e-279
-1.24329e-280
-2.46831e-282
-4.8731e-284
-9.57038e-286
-1.87021e-287
-3.63738e-289
-7.04208e-291
-1.35735e-292
-2.60505e-294
-4.97862e-296
-9.4755e-298
-1.79605e-299
-3.39059e-301
-6.37499e-303
-1.19381e-304
-2.2266e-306
-4.13615e-308
-7.65237e-310
-1.4101e-311
-2.58821e-313
-4.70153e-315
-6.99365e-317
0
0
0
0.105754
4.14756e-05
-1.27362e-05
-4.45653e-07
-6.0152e-09
-8.14124e-11
-1.07621e-12
-1.34204e-14
-1.4615e-16
6.30347e-18
8.44585e-19
-8.26246e-20
-4.8873e-21
1.27038e-22
1.19328e-23
-3.65015e-25
-3.11477e-26
1.22904e-27
9.85052e-29
-2.85924e-30
-2.88555e-31
2.92097e-33
6.33575e-34
3.89355e-36
-8.94178e-37
-1.30619e-38
9.57215e-40
1.14928e-41
-1.21853e-42
9.69149e-45
3.14675e-45
2.67715e-47
-4.45969e-48
-9.32299e-50
4.62236e-51
1.73786e-52
-3.09907e-54
-2.47537e-55
-1.7216e-57
1.47184e-58
2.14361e-60
-9.33878e-62
-2.48268e-63
-1.12906e-65
-2.65786e-66
-1.65258e-67
-1.97944e-69
9.99544e-71
2.70995e-72
-7.12742e-74
-4.73612e-75
-7.91477e-77
5.15933e-79
3.79111e-80
5.16105e-82
1.58451e-83
1.38707e-84
6.95216e-86
2.36733e-87
6.53282e-89
1.63766e-90
3.89051e-92
8.41796e-94
1.45263e-95
1.00493e-97
-6.59452e-99
-4.52632e-100
-1.98854e-101
-7.42516e-103
-2.53543e-104
-8.15748e-106
-2.51291e-107
-7.46751e-109
-2.1538e-110
-6.04792e-112
-1.65668e-113
-4.43524e-115
-1.1614e-116
-2.97706e-118
-7.47222e-120
-1.83746e-121
-4.42685e-123
-1.04516e-124
-2.41843e-126
-5.48446e-128
-1.21923e-129
-2.6575e-131
-5.67747e-133
-1.18975e-134
-2.44516e-136
-4.93022e-138
-9.75567e-140
-1.89609e-141
-3.61894e-143
-6.79461e-145
-1.25465e-146
-2.28326e-148
-4.09662e-150
-7.26295e-152
-1.27366e-153
-2.21484e-155
-3.826e-157
-6.58196e-159
-1.1301e-160
-1.94175e-162
-3.34489e-164
-5.79139e-166
-1.0096e-167
-1.77527e-169
-3.15387e-171
-5.66659e-173
-1.03098e-174
-1.90083e-176
-3.5529e-178
-6.73957e-180
-1.29701e-181
-2.53351e-183
-5.02431e-185
-1.01119e-186
-2.06554e-188
-4.28227e-190
-9.0045e-192
-1.9202e-193
-4.15118e-195
-9.09208e-197
-2.01659e-198
-4.52626e-200
-1.02738e-201
-2.35667e-203
-5.45852e-205
-1.27522e-206
-3.00217e-208
-7.11947e-210
-1.69666e-211
-4.06433e-213
-9.76849e-215
-2.3527e-216
-5.67386e-218
-1.36857e-219
-3.29722e-221
-7.93232e-223
-1.90271e-224
-4.55159e-226
-1.08497e-227
-2.5777e-229
-6.10658e-231
-1.44246e-232
-3.40366e-234
-8.02527e-236
-1.89225e-237
-4.46789e-239
-1.05726e-240
-2.51011e-242
-5.98441e-244
-1.43316e-245
-3.44938e-247
-8.33495e-249
-2.01716e-250
-4.85691e-252
-1.16234e-253
-2.73947e-255
-6.3776e-257
-1.46647e-258
-3.33349e-260
-7.49412e-262
-1.66406e-263
-3.65353e-265
-7.91672e-267
-1.69344e-268
-3.58006e-270
-7.48727e-272
-1.55053e-273
-3.18234e-275
-6.47831e-277
-1.30896e-278
-2.62664e-280
-5.23732e-282
-1.0381e-283
-2.04622e-285
-4.01223e-287
-7.82803e-289
-1.52001e-290
-2.93798e-292
-5.65353e-294
-1.0832e-295
-2.06659e-297
-3.92621e-299
-7.42805e-301
-1.39945e-302
-2.62548e-304
-4.90469e-306
-9.1231e-308
-1.68957e-309
-3.11527e-311
-5.71865e-313
-1.04522e-314
-1.75372e-316
0
0
0
0.106061
4.18931e-05
-1.28635e-05
-4.51775e-07
-6.11836e-09
-8.30534e-11
-1.10058e-12
-1.3747e-14
-1.4966e-16
6.51749e-18
8.74887e-19
-8.50757e-20
-5.06037e-21
1.31219e-22
1.2426e-23
-3.75774e-25
-3.248e-26
1.27387e-27
1.03261e-28
-2.95767e-30
-3.03121e-31
2.97809e-33
6.679e-34
4.34182e-36
-9.43768e-37
-1.41957e-38
1.01328e-39
1.27264e-41
-1.2995e-42
9.77599e-45
3.40755e-45
3.12284e-47
-4.84488e-48
-1.05706e-49
5.04129e-51
1.98427e-52
-3.29545e-54
-2.84126e-55
-2.28703e-57
1.65934e-58
2.64792e-60
-1.05575e-61
-3.01058e-63
-1.71312e-65
-3.18742e-66
-1.9933e-67
-2.59336e-69
1.11999e-70
3.20279e-72
-8.05968e-74
-5.52603e-75
-9.48149e-77
5.098e-79
4.24318e-80
5.83024e-82
1.78744e-83
1.55854e-84
7.76695e-86
2.62405e-87
7.17063e-89
1.77849e-90
4.17743e-92
8.9244e-94
1.51436e-95
9.90619e-98
-6.96164e-99
-4.64951e-100
-2.0089e-101
-7.39183e-103
-2.4902e-104
-7.91121e-106
-2.40841e-107
-7.08007e-109
-2.02218e-110
-5.62962e-112
-1.53086e-113
-4.07411e-115
-1.06201e-116
-2.71415e-118
-6.80255e-120
-1.67308e-121
-4.03815e-123
-9.56717e-125
-2.22527e-126
-5.08135e-128
-1.13938e-129
-2.50925e-131
-5.42596e-133
-1.15288e-134
-2.40642e-136
-4.93698e-138
-9.95669e-140
-1.97577e-141
-3.85687e-143
-7.4183e-145
-1.40569e-146
-2.62911e-148
-4.85547e-150
-8.87223e-152
-1.60556e-153
-2.8839e-155
-5.14976e-157
-9.1631e-159
-1.62795e-160
-2.89294e-162
-5.15251e-164
-9.21836e-166
-1.65926e-167
-3.0094e-169
-5.50794e-171
-1.01818e-172
-1.90324e-174
-3.59963e-176
-6.89156e-178
-1.33674e-179
-2.62641e-181
-5.22896e-183
-1.05512e-184
-2.15713e-186
-4.46833e-188
-9.37785e-190
-1.99281e-191
-4.28716e-193
-9.3334e-195
-2.05503e-196
-4.57399e-198
-1.02844e-199
-2.33444e-201
-5.34586e-203
-1.23404e-204
-2.86879e-206
-6.71015e-208
-1.57862e-209
-3.72755e-211
-8.83613e-213
-2.09934e-214
-4.99421e-216
-1.18874e-217
-2.82865e-219
-6.72102e-221
-1.5944e-222
-3.7717e-224
-8.8998e-226
-2.09354e-227
-4.91111e-229
-1.1496e-230
-2.68519e-232
-6.25974e-234
-1.45886e-235
-3.40305e-237
-7.95535e-239
-1.86528e-240
-4.3925e-242
-1.04004e-243
-2.478e-245
-5.94707e-247
-1.43712e-248
-3.48929e-250
-8.45355e-252
-2.04072e-253
-4.86948e-255
-1.15015e-256
-2.68826e-258
-6.20488e-260
-1.416e-261
-3.18883e-263
-7.08787e-265
-1.55253e-266
-3.3524e-268
-7.14571e-270
-1.50537e-271
-3.13798e-273
-6.47924e-275
-1.32636e-276
-2.69406e-278
-5.43312e-280
-1.08851e-281
-2.16749e-283
-4.29128e-285
-8.45003e-287
-1.65531e-288
-3.22653e-290
-6.25888e-292
-1.20842e-293
-2.32239e-295
-4.44303e-297
-8.46193e-299
-1.60442e-300
-3.02849e-302
-5.69103e-304
-1.06463e-305
-1.98254e-307
-3.67471e-309
-6.7788e-311
-1.24443e-312
-2.26983e-314
-4.22184e-316
0
0
0
0.106375
4.23825e-05
-1.30135e-05
-4.58948e-07
-6.24537e-09
-8.51522e-11
-1.13288e-12
-1.41983e-14
-1.55004e-16
6.74616e-18
9.10637e-19
-8.81652e-20
-5.27442e-21
1.35523e-22
1.29855e-23
-3.87675e-25
-3.4002e-26
1.31872e-27
1.08314e-28
-3.06227e-30
-3.18647e-31
3.02713e-33
7.035e-34
4.81414e-36
-9.95146e-37
-1.54284e-38
1.06806e-39
1.40422e-41
-1.37687e-42
9.75372e-45
3.65749e-45
3.55793e-47
-5.22101e-48
-1.18256e-49
5.44172e-51
2.23158e-52
-3.48598e-54
-3.22911e-55
-2.951e-57
1.84641e-58
3.20126e-60
-1.19073e-61
-3.64654e-63
-2.57659e-65
-3.8352e-66
-2.39409e-67
-3.36678e-69
1.22431e-70
3.68153e-72
-9.21001e-74
-6.42778e-75
-1.1351e-76
4.40104e-79
4.53207e-80
5.97844e-82
1.83032e-83
1.68194e-84
8.42672e-86
2.83033e-87
7.64676e-89
1.86706e-90
4.30264e-92
8.95631e-94
1.44354e-95
6.28322e-98
-8.174e-99
-4.95737e-100
-2.06264e-101
-7.39307e-103
-2.43649e-104
-7.58842e-106
-2.26732e-107
-6.54894e-109
-1.83928e-110
-5.03932e-112
-1.34992e-113
-3.54243e-115
-9.11518e-117
-2.3023e-118
-5.71044e-120
-1.39185e-121
-3.33432e-123
-7.8536e-125
-1.81922e-126
-4.14494e-128
-9.29134e-130
-2.04974e-131
-4.44974e-133
-9.51224e-135
-2.00217e-136
-4.15184e-138
-8.48323e-140
-1.70939e-141
-3.39673e-143
-6.66471e-145
-1.29133e-146
-2.47442e-148
-4.69141e-150
-8.81497e-152
-1.64297e-153
-3.04294e-155
-5.60798e-157
-1.03009e-158
-1.88819e-160
-3.46396e-162
-6.36731e-164
-1.17453e-165
-2.17725e-167
-4.06008e-169
-7.62768e-171
-1.44432e-172
-2.75994e-174
-5.32357e-176
-1.03717e-177
-2.0421e-179
-4.06322e-181
-8.17218e-183
-1.66188e-184
-3.41613e-186
-7.0984e-188
-1.49111e-189
-3.1646e-191
-6.78595e-193
-1.46963e-194
-3.21307e-196
-7.08896e-198
-1.57742e-199
-3.53827e-201
-7.99593e-203
-1.81914e-204
-4.1636e-206
-9.57794e-208
-2.21451e-209
-5.13452e-211
-1.19482e-212
-2.78468e-214
-6.49916e-216
-1.51712e-217
-3.5418e-219
-8.25603e-221
-1.92276e-222
-4.46609e-224
-1.03571e-225
-2.39499e-227
-5.52842e-229
-1.2736e-230
-2.93188e-232
-6.75791e-234
-1.55977e-235
-3.60358e-237
-8.34467e-239
-1.93945e-240
-4.53187e-242
-1.0661e-243
-2.52829e-245
-6.05467e-247
-1.46508e-248
-3.57636e-250
-8.74096e-252
-2.13437e-253
-5.16858e-255
-1.23974e-256
-2.94003e-258
-6.91567e-260
-1.60703e-261
-3.67011e-263
-8.24453e-265
-1.82009e-266
-3.95356e-268
-8.4665e-270
-1.79022e-271
-3.74281e-273
-7.74659e-275
-1.58891e-276
-3.23259e-278
-6.52821e-280
-1.30949e-281
-2.61036e-283
-5.17343e-285
-1.01975e-286
-1.99977e-288
-3.90246e-290
-7.5798e-292
-1.46555e-293
-2.82111e-295
-5.40686e-297
-1.03178e-298
-1.96042e-300
-3.70858e-302
-6.98438e-304
-1.30936e-305
-2.44304e-307
-4.53584e-309
-8.37777e-311
-1.53892e-312
-2.81153e-314
-4.94077e-316
0
0
0
0.106697
4.29628e-05
-1.31862e-05
-4.67102e-07
-6.37036e-09
-8.69281e-11
-1.15547e-12
-1.44249e-14
-1.55651e-16
7.03733e-18
9.42863e-19
-8.99381e-20
-5.40908e-21
1.40826e-22
1.34847e-23
-3.96137e-25
-3.51323e-26
1.37055e-27
1.13213e-28
-3.1508e-30
-3.32667e-31
3.10007e-33
7.38542e-34
5.30919e-36
-1.04283e-36
-1.64892e-38
1.12712e-39
1.53015e-41
-1.45975e-42
1.00505e-44
3.94272e-45
4.08048e-47
-5.60972e-48
-1.31243e-49
5.89979e-51
2.51587e-52
-3.62805e-54
-3.6477e-55
-3.68937e-57
2.07705e-58
3.95864e-60
-1.31259e-61
-4.3004e-63
-3.21828e-65
-4.50442e-66
-2.86704e-67
-4.27166e-69
1.39981e-70
4.52112e-72
-9.88675e-74
-7.37718e-75
-1.32053e-76
5.32088e-79
5.54494e-80
8.24189e-82
2.51324e-83
2.03226e-84
9.8675e-86
3.27347e-87
8.7884e-89
2.14144e-90
4.94495e-92
1.04044e-93
1.75236e-95
1.25043e-97
-6.95436e-99
-4.70718e-100
-2.00476e-101
-7.23446e-103
-2.38846e-104
-7.43804e-106
-2.22173e-107
-6.41829e-109
-1.80462e-110
-4.95583e-112
-1.33244e-113
-3.51487e-115
-9.10533e-117
-2.31924e-118
-5.81014e-120
-1.43272e-121
-3.47784e-123
-8.31334e-125
-1.95723e-126
-4.53883e-128
-1.03697e-129
-2.33461e-131
-5.17859e-133
-1.13259e-134
-2.44143e-136
-5.19129e-138
-1.08865e-139
-2.25396e-141
-4.60624e-143
-9.30459e-145
-1.85765e-146
-3.67121e-148
-7.18426e-150
-1.3944e-151
-2.68627e-153
-5.14552e-155
-9.81172e-157
-1.86601e-158
-3.54657e-160
-6.7408e-162
-1.28311e-163
-2.45041e-165
-4.7006e-167
-9.06857e-169
-1.76148e-170
-3.44727e-172
-6.80328e-174
-1.35456e-175
-2.72206e-177
-5.52376e-179
-1.13192e-180
-2.34266e-182
-4.89762e-184
-1.03405e-185
-2.20461e-187
-4.74598e-189
-1.03108e-190
-2.26022e-192
-4.997e-194
-1.11362e-195
-2.50051e-197
-5.65334e-199
-1.28617e-200
-2.94265e-202
-6.76544e-204
-1.5619e-205
-3.61758e-207
-8.40377e-209
-1.95488e-210
-4.55409e-212
-1.06104e-213
-2.47123e-215
-5.74903e-217
-1.33551e-218
-3.09524e-220
-7.15782e-222
-1.65034e-223
-3.79529e-225
-8.7037e-227
-1.99126e-228
-4.54753e-230
-1.03663e-231
-2.35841e-233
-5.36669e-235
-1.22313e-236
-2.7992e-238
-6.43651e-240
-1.48961e-241
-3.4729e-243
-8.17353e-245
-1.94627e-246
-4.69886e-248
-1.15009e-249
-2.83499e-251
-7.00408e-253
-1.72518e-254
-4.2309e-256
-1.02875e-257
-2.46205e-259
-5.80643e-261
-1.34568e-262
-3.06226e-264
-6.84114e-266
-1.50225e-267
-3.2488e-269
-6.93187e-271
-1.46152e-272
-3.04906e-274
-6.30117e-276
-1.29115e-277
-2.62523e-279
-5.29997e-281
-1.06298e-282
-2.1189e-284
-4.19937e-286
-8.277e-288
-1.62283e-289
-3.16568e-291
-6.14479e-293
-1.18697e-294
-2.28187e-296
-4.3659e-298
-8.31359e-300
-1.5755e-301
-2.9712e-303
-5.57539e-305
-1.04081e-306
-1.93245e-308
-3.56736e-310
-6.5449e-312
-1.19245e-313
-2.15959e-315
-3.52849e-317
0
0
0.107038
4.38113e-05
-1.34324e-05
-4.8005e-07
-6.66428e-09
-9.29935e-11
-1.27495e-12
-1.67165e-14
-1.99003e-16
6.68072e-18
9.95693e-19
-1.0169e-19
-6.13943e-21
1.36771e-22
1.433e-23
-4.28552e-25
-3.90153e-26
1.37121e-27
1.19398e-28
-3.3605e-30
-3.59504e-31
3.00532e-33
7.85467e-34
5.78899e-36
-1.12921e-36
-1.89692e-38
1.1794e-39
1.71645e-41
-1.5471e-42
8.34405e-45
4.10732e-45
4.25153e-47
-6.02847e-48
-1.45771e-49
6.09013e-51
2.66917e-52
-4.04031e-54
-4.11534e-55
-4.76005e-57
2.13297e-58
4.15677e-60
-1.60522e-61
-5.72046e-63
-7.039e-65
-5.9446e-66
-3.43921e-67
-5.69182e-69
1.1529e-70
3.6773e-72
-1.41842e-73
-8.89164e-75
-1.7095e-76
-4.43595e-79
2.57255e-80
-1.31777e-82
-3.64211e-84
1.1771e-84
7.19881e-86
2.41813e-87
6.0966e-89
1.32303e-90
2.53633e-92
3.52571e-94
-1.49776e-96
-3.80748e-97
-1.97926e-98
-7.78842e-100
-2.69206e-101
-8.60798e-103
-2.60992e-104
-7.60189e-106
-2.14495e-107
-5.89199e-109
-1.58167e-110
-4.1597e-112
-1.07371e-113
-2.72443e-115
-6.80157e-117
-1.67242e-118
-4.05206e-120
-9.68055e-122
-2.28122e-123
-5.30442e-125
-1.21745e-126
-2.75881e-128
-6.174e-130
-1.36506e-131
-2.98203e-133
-6.4405e-135
-1.37519e-136
-2.90509e-138
-6.07197e-140
-1.25667e-141
-2.57573e-143
-5.23298e-145
-1.05418e-146
-2.10764e-148
-4.18454e-150
-8.25804e-152
-1.62128e-153
-3.1695e-155
-6.17664e-157
-1.20093e-158
-2.331e-160
-4.52542e-162
-8.79565e-164
-1.71256e-165
-3.34412e-167
-6.55125e-169
-1.28914e-170
-2.548e-172
-5.06415e-174
-1.01199e-175
-2.03481e-177
-4.11719e-179
-8.3854e-181
-1.71914e-182
-3.54875e-184
-7.37513e-186
-1.54306e-187
-3.25073e-189
-6.89222e-191
-1.47084e-192
-3.15818e-194
-6.82114e-196
-1.48152e-197
-3.23433e-199
-7.09489e-201
-1.56321e-202
-3.45754e-204
-7.67434e-206
-1.70794e-207
-3.81227e-209
-8.51961e-211
-1.90806e-212
-4.27515e-214
-9.58827e-216
-2.14991e-217
-4.82234e-219
-1.08059e-220
-2.42139e-222
-5.41843e-224
-1.21237e-225
-2.70956e-227
-6.05619e-229
-1.35313e-230
-3.02671e-232
-6.78498e-234
-1.52517e-235
-3.43813e-237
-7.77895e-239
-1.76816e-240
-4.04477e-242
-9.33783e-244
-2.18065e-245
-5.1669e-247
-1.2474e-248
-3.07466e-250
-7.6712e-252
-1.92287e-253
-4.80031e-255
-1.18824e-256
-2.90903e-258
-7.04347e-260
-1.67748e-261
-3.90262e-263
-8.86982e-265
-1.973e-266
-4.30773e-268
-9.25894e-270
-1.96357e-271
-4.11599e-273
-8.54005e-275
-1.75592e-276
-3.58105e-278
-7.24962e-280
-1.45779e-281
-2.91325e-283
-5.78826e-285
-1.14383e-286
-2.24876e-288
-4.39937e-290
-8.56613e-292
-1.66028e-293
-3.2035e-295
-6.15367e-297
-1.17682e-298
-2.24048e-300
-4.24611e-302
-8.00949e-304
-1.5035e-305
-2.80786e-307
-5.21536e-309
-9.6303e-311
-1.76684e-312
-3.21766e-314
-5.68247e-316
0
0
0
0.107112
4.02816e-05
-1.22512e-05
-4.14002e-07
-4.97658e-09
-5.77617e-11
-6.0958e-13
-4.973e-15
-1.6494e-18
6.79325e-18
5.47156e-19
-4.48542e-20
-2.26421e-21
1.34015e-22
7.76015e-24
-3.16898e-25
-1.83271e-26
1.20649e-27
7.01375e-29
-2.4688e-30
-1.93389e-31
3.54315e-33
4.44488e-34
-1.50958e-38
-6.3602e-37
-3.23088e-39
7.99679e-40
1.57934e-42
-1.08262e-42
1.36383e-44
2.52635e-45
9.51378e-48
-3.69258e-48
-5.60502e-50
4.3794e-51
1.36804e-52
-3.24568e-54
-2.11664e-55
-3.17078e-58
1.74769e-58
2.15358e-60
-9.73232e-62
-1.55524e-63
3.65779e-65
-1.75856e-66
-1.39645e-67
-4.95382e-70
1.36166e-70
2.76512e-72
-6.29002e-74
-3.10132e-75
-1.45314e-77
1.48011e-78
3.36377e-80
1.20034e-82
2.26873e-84
5.16896e-85
2.16434e-86
4.90856e-88
7.40859e-90
8.28772e-92
4.63874e-94
-2.77635e-95
-1.9851e-96
-8.60298e-98
-2.9966e-99
-9.24207e-101
-2.65425e-102
-7.29472e-104
-1.94482e-105
-5.06507e-107
-1.29416e-108
-3.25249e-110
-8.05727e-112
-1.9703e-113
-4.76054e-115
-1.1377e-116
-2.68998e-118
-6.29743e-120
-1.45963e-121
-3.35096e-123
-7.61953e-125
-1.7161e-126
-3.82858e-128
-8.46093e-130
-1.85219e-131
-4.01764e-133
-8.63254e-135
-1.83889e-136
-3.88093e-138
-8.12378e-140
-1.68562e-141
-3.47096e-143
-7.08959e-145
-1.43813e-146
-2.89632e-148
-5.79805e-150
-1.15362e-151
-2.28402e-153
-4.50005e-155
-8.83359e-157
-1.72808e-158
-3.37331e-160
-6.5754e-162
-1.28071e-163
-2.49682e-165
-4.8703e-167
-9.52239e-169
-1.86454e-170
-3.66339e-172
-7.21426e-174
-1.42651e-175
-2.82919e-177
-5.63553e-179
-1.12659e-180
-2.26188e-182
-4.55856e-184
-9.22475e-186
-1.87385e-187
-3.81972e-189
-7.81412e-191
-1.60303e-192
-3.2979e-194
-6.79857e-196
-1.40386e-197
-2.90216e-199
-6.0019e-201
-1.24111e-202
-2.56438e-204
-5.28994e-206
-1.08907e-207
-2.23453e-209
-4.57161e-211
-9.30346e-213
-1.88623e-214
-3.79916e-216
-7.61526e-218
-1.51519e-219
-2.99832e-221
-5.88664e-223
-1.1494e-224
-2.22699e-226
-4.29406e-228
-8.22359e-230
-1.56971e-231
-2.98212e-233
-5.65927e-235
-1.10147e-236
-2.20389e-238
-4.92013e-240
-1.12362e-241
-2.82801e-243
-7.11241e-245
-1.91392e-246
-5.21832e-248
-1.51253e-249
-4.6367e-251
-1.45388e-252
-3.91707e-254
-1.04135e-255
-2.63671e-257
-6.3416e-259
-1.45795e-260
-3.30504e-262
-7.345e-264
-1.57827e-265
-3.28973e-267
-6.69813e-269
-1.3382e-270
-2.63223e-272
-5.10992e-274
-9.80814e-276
-1.86409e-277
-3.51199e-279
-6.56536e-281
-1.21876e-282
-2.24804e-284
-4.12239e-286
-7.51862e-288
-1.36435e-289
-2.46397e-291
-4.42965e-293
-7.92875e-295
-1.4132e-296
-2.50845e-298
-4.43438e-300
-7.80727e-302
-1.36896e-303
-2.39044e-305
-4.15633e-307
-7.19459e-309
-1.23951e-310
-2.12462e-312
-3.62173e-314
-6.10592e-316
0
0
0
0
0
)
;

boundaryField
{
    inlet
    {
        type            uniformFixedValue;
        uniformValue    table;
        uniformValueCoeffs
        {
            values          
4
(
(0 1)
(0.15 1)
(0.151 0)
(1 0)
)
;
        }
        value           uniform 1;
    }
    outlet
    {
        type            inletOutlet;
        inletValue      uniform 0;
        value           uniform 0;
    }
    walls
    {
        type            zeroGradient;
    }
    frontAndBack
    {
        type            empty;
    }
}


// ************************************************************************* //
