/*--------------------------------*- C++ -*----------------------------------*\
| =========                 |                                                 |
| \\      /  F ield         | OpenFOAM: The Open Source CFD Toolbox           |
|  \\    /   O peration     | Version:  2506                                  |
|   \\  /    A nd           | Website:  www.openfoam.com                      |
|    \\/     M anipulation  |                                                 |
\*---------------------------------------------------------------------------*/
FoamFile
{
    version     2.0;
    format      ascii;
    arch        "LSB;label=32;scalar=64";
    class       volScalarField;
    location    "0.55";
    object      s;
}
// * * * * * * * * * * * * * * * * * * * * * * * * * * * * * * * * * * * * * //

dimensions      [0 0 0 0 0 0 0];

internalField   nonuniform List<scalar> 
4000
(
7.58346e-08
7.34782e-06
0.00038472
0.00851835
0.080289
0.36951
0.612203
0.568416
0.341742
0.0914624
0.0235328
0.00913188
0.00348297
0.00122526
0.000390663
0.000111279
2.79455e-05
5.99513e-06
9.58499e-07
-5.58751e-09
-1.29177e-07
-1.10302e-07
-7.51416e-08
-4.56731e-08
-2.56453e-08
-1.34166e-08
-6.76496e-09
-3.27255e-09
-1.51394e-09
-6.62597e-10
-2.7719e-10
-1.10545e-10
-4.02936e-11
-7.79522e-12
9.60157e-12
8.30308e-12
3.12424e-12
7.429e-12
2.89849e-11
4.83745e-11
8.85258e-11
9.80132e-11
8.61507e-11
6.1089e-11
4.3825e-11
2.78604e-11
1.76616e-11
7.78217e-12
2.85592e-12
2.79302e-13
-7.57202e-13
-9.16544e-13
-5.44641e-13
-2.87133e-13
-1.12168e-13
-4.08694e-14
-1.37633e-14
-4.48688e-15
-1.30175e-15
-3.67128e-16
-8.83699e-17
-6.08025e-18
1.42261e-17
1.76309e-17
1.70057e-17
2.097e-17
1.35918e-17
5.85448e-18
2.36749e-18
9.80311e-19
4.12755e-19
1.66729e-19
4.94174e-20
8.18201e-21
-1.21027e-21
-1.38889e-21
-5.53834e-22
-1.38721e-22
-1.735e-23
2.87914e-24
2.57777e-24
1.13353e-24
6.72452e-25
6.32965e-25
6.10776e-25
7.86828e-25
1.07451e-24
1.40609e-24
1.30005e-24
1.01968e-24
9.06258e-25
5.69156e-25
2.4643e-25
6.32425e-26
-3.5186e-26
-7.52967e-26
-5.67199e-26
-4.61051e-26
-2.2687e-26
-1.36263e-26
-5.30693e-27
-1.98769e-27
-4.84004e-28
2.63038e-30
9.85668e-29
6.79196e-29
3.95656e-29
1.62915e-29
5.78477e-30
1.60864e-30
3.00895e-31
-9.31266e-33
-4.31706e-32
-2.16725e-32
-1.01718e-32
-3.24161e-33
-8.85759e-34
-2.38288e-34
-4.77001e-35
-7.23683e-36
-1.44102e-37
6.09511e-37
3.74671e-37
2.51267e-37
1.40329e-37
7.91071e-38
4.57375e-38
2.49961e-38
1.40422e-38
7.56099e-39
2.04721e-39
-9.4367e-40
-3.46843e-39
-4.63805e-39
-5.37696e-39
-6.58529e-39
-5.69323e-39
-5.64671e-39
-4.70193e-39
-3.75822e-39
-2.73185e-39
-1.75988e-39
-9.62048e-40
-4.6643e-40
-1.12038e-40
-1.18912e-41
2.32991e-42
1.46927e-42
3.66162e-43
8.11667e-44
3.71767e-44
2.32869e-44
8.33437e-45
1.04935e-45
-7.41042e-46
-6.58769e-46
-2.74371e-46
-8.10734e-47
-1.57556e-47
-2.3154e-48
2.97035e-48
1.80508e-48
1.05258e-48
-3.76242e-50
1.30201e-48
2.42563e-47
1.12396e-46
1.13217e-46
1.55444e-47
-8.91343e-47
-1.54965e-46
-1.67952e-46
-1.39154e-46
-9.31449e-47
-5.14506e-47
-2.36116e-47
-8.94105e-48
-2.74901e-48
-6.47262e-49
-9.83982e-50
-1.42006e-51
3.65583e-51
7.88787e-52
4.06148e-53
-1.33775e-53
-2.91287e-54
-1.13726e-55
2.67606e-56
-3.60334e-57
-2.97113e-57
-4.15522e-58
6.07451e-59
4.97769e-59
-6.71488e-60
-2.89775e-59
-2.29998e-59
-1.59993e-59
-9.88194e-60
-4.86057e-60
-9.26573e-61
4.70192e-08
2.29051e-06
6.76674e-05
0.000990981
0.00984703
0.0471006
0.112852
0.22565
0.406044
0.577077
0.620443
0.59656
0.529573
0.385141
0.220526
0.0977712
0.0474316
0.0252499
0.0133443
0.0067642
0.00322748
0.00141444
0.00055361
0.000182789
4.14983e-05
-2.81571e-06
-1.13278e-05
-9.23369e-06
-5.6571e-06
-2.70961e-06
-1.15572e-06
-5.57656e-07
-2.43949e-07
-9.49716e-08
-3.35819e-08
-1.07168e-08
-2.77936e-09
3.8961e-11
1.85322e-09
4.56269e-09
1.1601e-08
1.74459e-08
1.88108e-08
1.73197e-08
1.4381e-08
1.08806e-08
7.82591e-09
4.8904e-09
2.90061e-09
1.55737e-09
7.57316e-10
3.48914e-10
1.57954e-10
7.01962e-11
3.00605e-11
1.24808e-11
4.96446e-12
1.84959e-12
6.24232e-13
1.73877e-13
2.65194e-14
-1.16515e-14
-1.53954e-14
-1.10849e-14
-6.55289e-15
-3.46715e-15
-1.70218e-15
-7.87964e-16
-3.55323e-16
-1.62507e-16
-7.90393e-17
-4.18776e-17
-2.16283e-17
-5.75693e-18
-5.4039e-19
2.33636e-19
1.19122e-19
1.66303e-20
-7.6722e-21
-6.05811e-21
-2.36817e-21
-6.53383e-22
-1.45853e-22
-3.89743e-23
-1.71303e-23
-5.16531e-24
3.17629e-24
1.13581e-23
2.10958e-23
2.9029e-23
3.74618e-23
3.8062e-23
3.11545e-23
2.38275e-23
1.44247e-23
8.43531e-24
3.91298e-24
1.61237e-24
4.37782e-25
8.39024e-27
-9.86697e-26
-9.29166e-26
-5.80471e-26
-2.86769e-26
-1.25096e-26
-4.26488e-27
-1.12573e-27
-1.10573e-28
9.9101e-29
8.59904e-29
4.47932e-29
1.80628e-29
6.13291e-30
1.61435e-30
3.25838e-31
1.71512e-32
-2.3827e-32
-1.63333e-32
-7.21335e-33
-2.72014e-33
-1.00077e-33
-3.53148e-34
-1.24332e-34
-4.78092e-35
-1.88688e-35
-7.63782e-36
-3.10337e-36
-1.21258e-36
-4.46063e-37
-1.38272e-37
-1.20804e-38
2.88084e-38
4.20232e-38
4.53344e-38
4.75815e-38
5.59091e-38
5.76773e-38
6.33303e-38
6.33174e-38
5.95991e-38
5.16331e-38
4.00615e-38
2.73817e-38
1.65467e-38
7.76121e-39
3.05362e-39
9.52089e-40
1.81718e-40
-3.53965e-41
-6.00297e-41
-3.76319e-41
-1.70876e-41
-5.92407e-42
-1.47776e-42
-1.7561e-43
5.93646e-44
4.37514e-44
1.39709e-44
2.11521e-45
-1.24672e-46
-1.34013e-46
-1.59248e-47
-3.99734e-47
-3.57937e-47
6.73261e-47
3.19945e-46
-4.61793e-46
-3.09733e-45
-5.87374e-45
-7.54663e-45
-7.66197e-45
-6.46023e-45
-4.61602e-45
-2.82489e-45
-1.49019e-45
-6.79801e-46
-2.67953e-46
-9.08284e-47
-2.61058e-47
-6.15696e-48
-1.06146e-48
-5.09559e-50
5.23134e-50
3.70102e-50
1.82628e-50
7.40586e-51
2.47047e-51
6.71341e-52
1.46652e-52
2.52173e-53
3.35582e-54
3.89219e-55
7.22948e-56
2.35614e-56
1.48859e-56
1.1272e-56
5.795e-57
2.3054e-57
7.13794e-58
1.96569e-58
3.13999e-08
8.33737e-07
1.35976e-05
0.000118919
0.000719282
0.00337378
0.0122894
0.0395772
0.10221
0.21772
0.382168
0.564007
0.715992
0.758237
0.741196
0.693154
0.596169
0.464402
0.333098
0.216044
0.118885
0.0596265
0.03096
0.0161953
0.00822361
0.00394313
0.00169459
0.000595837
0.000130665
-2.6746e-05
-5.46193e-05
-4.00767e-05
-1.83936e-05
-6.99967e-06
-3.2352e-06
-1.4701e-06
-6.25254e-07
-2.40187e-07
-6.53125e-08
2.13073e-08
7.70157e-08
1.10459e-07
1.27055e-07
1.30351e-07
1.24945e-07
1.16111e-07
1.03171e-07
8.91291e-08
7.17105e-08
5.54659e-08
4.04415e-08
2.76354e-08
1.75057e-08
1.07507e-08
6.2792e-09
3.5576e-09
1.97654e-09
1.06769e-09
5.61587e-10
2.84311e-10
1.40272e-10
6.71023e-11
3.11278e-11
1.39672e-11
5.98841e-12
2.448e-12
9.41909e-13
3.41686e-13
1.12342e-13
3.48819e-14
4.89076e-15
-1.8538e-15
-2.2934e-15
-1.03241e-15
-3.7642e-16
-1.27257e-16
-3.61423e-17
-5.43697e-18
3.22205e-20
3.97069e-19
1.86428e-19
5.48923e-20
6.94598e-21
-4.27265e-21
-4.70628e-21
-3.36977e-21
-2.23517e-21
-1.45673e-21
-1.04224e-21
-8.6748e-22
-7.35845e-22
-4.97302e-22
-2.33246e-22
-4.38467e-23
5.56055e-23
8.62967e-23
7.37205e-23
5.19107e-23
2.94778e-23
1.51834e-23
6.44081e-24
2.26677e-24
5.32702e-25
-2.34879e-26
-1.23473e-25
-9.07343e-26
-4.83965e-26
-2.06004e-26
-7.2915e-27
-2.04631e-27
-3.65939e-28
3.46406e-29
7.23642e-29
4.26213e-29
1.9175e-29
7.13418e-30
2.30845e-30
6.56237e-31
1.5219e-31
2.25206e-32
-3.16828e-33
-5.08325e-33
-3.26269e-33
-1.77946e-33
-9.22089e-34
-4.76517e-34
-2.48865e-34
-1.30864e-34
-6.95457e-35
-3.70341e-35
-1.85992e-35
-8.64453e-36
-3.23259e-36
-1.80438e-37
1.37763e-36
2.14819e-36
2.32947e-36
2.25585e-36
1.98122e-36
1.62602e-36
1.25073e-36
8.95942e-37
5.95046e-37
3.64955e-37
1.96552e-37
9.54133e-38
4.2456e-38
1.70966e-38
5.96984e-39
1.57942e-39
1.17492e-40
-2.20068e-40
-2.03143e-40
-1.21075e-40
-5.76693e-41
-2.28768e-41
-7.50685e-42
-1.93644e-42
-3.49067e-43
-2.52727e-44
4.39078e-45
1.99625e-45
2.94546e-46
-1.29299e-46
-5.29464e-46
-6.01733e-45
-2.61998e-44
-4.57819e-44
-5.17415e-44
-4.44266e-44
-2.8786e-44
-1.17496e-44
9.50395e-46
7.12417e-45
7.95463e-45
6.05329e-45
3.62862e-45
1.78168e-45
7.14889e-46
2.22225e-46
4.18602e-47
-5.48527e-48
-9.81186e-48
-5.73702e-48
-2.45834e-48
-8.6206e-49
-2.54511e-49
-6.29e-50
-1.241e-50
-1.59979e-51
7.46428e-53
1.45002e-52
6.81501e-53
2.55082e-53
8.82378e-54
2.96844e-54
1.06388e-54
4.0386e-55
1.55644e-55
5.30923e-56
2.78777e-08
4.31539e-07
3.80029e-06
2.38086e-05
0.0001105
0.00048976
0.00189943
0.00682029
0.0213996
0.0581811
0.135293
0.270245
0.439667
0.608275
0.751592
0.83271
0.835431
0.811925
0.76082
0.672639
0.545969
0.412502
0.291051
0.191319
0.115245
0.0593513
0.0256572
0.011148
0.00486335
0.00198248
0.000624649
4.85532e-05
-0.000123674
-0.00012707
-7.87203e-05
-3.11709e-05
-1.3889e-05
-6.95447e-06
-3.42641e-06
-1.65301e-06
-8.37524e-07
-4.45723e-07
-2.21061e-07
-7.6122e-08
2.46598e-08
9.27789e-08
1.3311e-07
1.53614e-07
1.57741e-07
1.51693e-07
1.35883e-07
1.1787e-07
9.27641e-08
6.97049e-08
4.91247e-08
3.21276e-08
1.94111e-08
1.08097e-08
5.68569e-09
2.9244e-09
1.46613e-09
7.01197e-10
3.07791e-10
1.20457e-10
4.04269e-11
1.0587e-11
8.51402e-13
-1.56077e-12
-1.48968e-12
-9.51494e-13
-5.62674e-13
-2.95912e-13
-1.32231e-13
-5.47788e-14
-2.11926e-14
-7.69024e-15
-2.62909e-15
-8.48681e-16
-2.59396e-16
-3.5239e-17
5.02229e-19
1.97479e-18
9.01421e-19
3.9219e-19
1.62611e-19
5.0644e-20
4.30416e-21
-9.65287e-21
-1.20348e-20
-1.27866e-20
-1.4415e-20
-1.40874e-20
-1.12932e-20
-7.90754e-21
-4.62308e-21
-2.39361e-21
-1.00642e-21
-3.16729e-22
-2.84231e-23
5.54068e-23
5.63558e-23
3.73824e-23
1.97078e-23
8.68346e-24
3.24644e-24
9.40785e-25
1.56078e-25
-4.12742e-26
-5.56897e-26
-3.37844e-26
-1.56382e-26
-6.0179e-27
-1.95719e-27
-5.02224e-28
-7.82361e-29
1.44992e-29
2.03872e-29
1.21158e-29
5.65935e-30
2.34334e-30
9.06492e-31
3.33166e-31
1.18447e-31
4.15797e-32
1.43774e-32
4.87582e-33
1.58507e-33
4.62523e-34
9.97078e-35
-3.18101e-36
-2.25071e-35
-1.75498e-35
-8.37615e-36
-1.48554e-36
2.33636e-36
3.80607e-36
3.70584e-36
2.78979e-36
1.67458e-36
6.96428e-37
1.1836e-38
-3.33013e-37
-4.163e-37
-3.53525e-37
-2.2579e-37
-1.20465e-37
-5.00349e-38
-1.33545e-38
2.80214e-39
7.34189e-39
6.47876e-39
4.27896e-39
2.31394e-39
1.05816e-39
4.04237e-40
1.22127e-40
2.46093e-41
5.2332e-43
-1.63332e-42
-3.92652e-43
2.27974e-43
2.33536e-43
1.05756e-43
2.79047e-44
-3.68107e-44
-1.13138e-43
-1.66047e-43
-1.21445e-43
-4.14614e-45
1.34379e-43
2.46692e-43
3.00307e-43
2.89792e-43
2.34584e-43
1.63558e-43
9.95965e-44
5.32769e-44
2.49816e-44
1.01284e-44
3.41803e-45
8.53059e-46
7.1163e-47
-7.84144e-47
-6.62492e-47
-3.58262e-47
-1.61541e-47
-6.54368e-48
-2.45652e-48
-8.65317e-49
-2.86358e-49
-8.84085e-50
-2.50765e-50
-6.33705e-51
-1.32064e-51
-1.62641e-52
3.54596e-53
3.86369e-53
2.06239e-53
9.34603e-54
3.94811e-54
2.79517e-08
3.78719e-07
2.66578e-06
1.38472e-05
5.37426e-05
0.000197508
0.000675815
0.00220959
0.00685055
0.0205664
0.0568893
0.129461
0.242853
0.388658
0.546607
0.690883
0.800781
0.854623
0.85409
0.833232
0.78476
0.700851
0.585131
0.460741
0.34201
0.237748
0.153166
0.0904854
0.0478698
0.0206423
0.00640892
0.00178958
0.000333808
-0.000158096
-0.000271237
-0.000236055
-0.000162876
-8.97662e-05
-5.06147e-05
-3.48545e-05
-2.75801e-05
-2.21952e-05
-1.71415e-05
-1.25911e-05
-8.74735e-06
-5.77069e-06
-3.63009e-06
-2.13613e-06
-1.16489e-06
-5.62914e-07
-2.09599e-07
-2.20153e-08
6.40149e-08
9.36577e-08
9.25779e-08
8.30005e-08
6.29808e-08
4.3546e-08
2.78749e-08
1.64476e-08
8.95989e-09
4.41382e-09
1.92359e-09
7.80764e-10
2.90784e-10
8.7737e-11
9.95514e-12
-1.15583e-11
-1.26674e-11
-8.55304e-12
-4.96502e-12
-2.60531e-12
-1.30989e-12
-5.96476e-13
-2.5354e-13
-1.01081e-13
-3.75985e-14
-1.30588e-14
-4.2488e-15
-1.27372e-15
-3.00324e-16
-5.47034e-17
1.98109e-17
1.25257e-17
3.9011e-18
1.08533e-18
5.57059e-19
4.26622e-19
2.96651e-19
1.81242e-19
1.01798e-19
4.36069e-20
2.72231e-21
-1.98787e-20
-2.5698e-20
-2.23816e-20
-1.53396e-20
-9.08831e-21
-4.58922e-21
-2.02521e-21
-7.25466e-22
-1.81701e-22
3.24515e-25
3.66887e-23
2.94082e-23
1.61123e-23
7.18524e-24
2.64776e-24
7.79875e-25
1.48883e-25
-1.21902e-26
-3.04946e-26
-1.95695e-26
-9.22728e-27
-3.69213e-27
-1.27932e-27
-3.82213e-28
-9.1921e-29
-1.17831e-29
4.57172e-30
5.09533e-30
3.16486e-30
1.66124e-30
8.13749e-31
3.86574e-31
1.82311e-31
8.63858e-32
4.13593e-32
2.01059e-32
9.92485e-33
4.89583e-33
2.41078e-33
1.17038e-33
5.27689e-34
2.03499e-34
4.24174e-35
-3.32193e-35
-6.34873e-35
-6.9439e-35
-6.34026e-35
-5.2253e-35
-3.97021e-35
-2.8104e-35
-1.85718e-35
-1.12797e-35
-6.3552e-36
-3.33518e-36
-1.62477e-36
-7.16835e-37
-2.71929e-37
-7.7736e-38
-5.16754e-39
1.3985e-38
1.3927e-38
9.23391e-39
5.00781e-39
2.33996e-39
9.53171e-40
3.41014e-40
1.0701e-40
3.19367e-41
9.55103e-42
3.0364e-42
9.23685e-43
2.56621e-43
3.4743e-43
1.06183e-42
1.78041e-42
2.25478e-42
2.47453e-42
2.40636e-42
2.06524e-42
1.55831e-42
1.0333e-42
6.02388e-43
3.07996e-43
1.36641e-43
5.09659e-44
1.44822e-44
1.79471e-45
-1.27176e-45
-1.27162e-45
-7.03157e-46
-2.92962e-46
-9.27515e-47
-1.90091e-47
5.13684e-49
2.73502e-48
1.5156e-48
5.07254e-49
7.9647e-50
-3.27073e-50
-3.73393e-50
-2.18087e-50
-9.98498e-51
-3.94834e-51
-1.40299e-51
-4.6392e-52
-1.45804e-52
-3.47881e-53
2.7966e-08
3.98549e-07
2.98066e-06
1.58454e-05
6.72356e-05
0.000249859
0.000839556
0.00261113
0.00777186
0.0209368
0.0494725
0.101873
0.184228
0.296149
0.429063
0.568021
0.69551
0.794869
0.850604
0.857679
0.843883
0.802167
0.724468
0.624828
0.513676
0.401221
0.29631
0.205575
0.132764
0.0784917
0.0413866
0.0186553
0.00604962
0.000808155
-0.000276744
-0.00046617
-0.000458953
-0.000377953
-0.000287424
-0.000210699
-0.000156582
-0.000116902
-8.58067e-05
-6.12221e-05
-4.21727e-05
-2.80481e-05
-1.80499e-05
-1.11669e-05
-6.62871e-06
-3.73645e-06
-1.95899e-06
-9.24027e-07
-3.5002e-07
-6.15955e-08
6.04287e-08
9.99599e-08
9.4789e-08
8.12647e-08
6.09235e-08
4.16889e-08
2.64929e-08
1.5648e-08
8.56181e-09
4.31756e-09
1.96052e-09
7.6248e-10
2.37556e-10
5.20247e-11
-7.96655e-12
-2.08935e-11
-1.71311e-11
-1.06124e-11
-5.86003e-12
-3.14155e-12
-1.53188e-12
-6.79332e-13
-2.76398e-13
-1.08827e-13
-4.1183e-14
-1.47668e-14
-5.00683e-15
-1.6086e-15
-4.70148e-16
-1.03008e-16
4.66213e-17
4.85444e-17
2.6343e-17
1.15545e-17
5.11308e-18
2.9641e-18
2.56041e-18
2.09739e-18
1.41645e-18
8.08759e-19
3.80445e-19
1.41364e-19
2.8487e-20
-1.20787e-20
-1.89953e-20
-1.46469e-20
-8.53246e-21
-4.15677e-21
-1.69745e-21
-5.60737e-22
-1.27991e-22
8.313e-25
2.22708e-23
1.62417e-23
8.28172e-24
3.44699e-24
1.20754e-24
3.45184e-25
6.7689e-26
-2.2202e-27
-1.13586e-26
-7.77264e-27
-3.94861e-27
-1.73699e-27
-6.9334e-28
-2.56643e-28
-8.8699e-29
-2.81687e-29
-7.84755e-30
-1.61598e-30
3.43213e-32
3.24205e-31
2.75417e-31
1.80777e-31
1.07437e-31
6.06921e-32
3.30603e-32
1.75127e-32
8.98019e-33
4.34161e-33
1.91832e-33
6.89127e-34
1.02269e-34
-1.43184e-34
-2.17472e-34
-2.11934e-34
-1.75211e-34
-1.31513e-34
-9.21218e-35
-6.08679e-35
-3.79299e-35
-2.23752e-35
-1.2594e-35
-6.74552e-36
-3.42357e-36
-1.62402e-36
-7.03911e-37
-2.64558e-37
-7.44796e-38
-3.82453e-39
1.50424e-38
1.49392e-38
1.00655e-38
5.56122e-39
2.64981e-39
1.10022e-39
4.09878e-40
1.3574e-40
3.95576e-41
1.39919e-41
1.14797e-41
1.35551e-41
1.56905e-41
1.52441e-41
1.32872e-41
1.06893e-41
7.71981e-42
4.73072e-42
2.20275e-42
4.72281e-43
-4.28143e-43
-7.04344e-43
-6.35498e-43
-4.46688e-43
-2.65195e-43
-1.36789e-43
-6.16169e-44
-2.38254e-44
-7.41881e-45
-1.37752e-45
3.54344e-46
5.74863e-46
4.10229e-46
2.29314e-46
1.11435e-46
4.88227e-47
1.95591e-47
7.17949e-48
2.39153e-48
7.01422e-49
1.65486e-49
1.97343e-50
-9.26121e-51
-9.50702e-51
-5.61473e-51
-2.66218e-51
2.76069e-08
4.11377e-07
3.25487e-06
1.81643e-05
8.13217e-05
0.00031405
0.00108534
0.00342903
0.0103
0.02668
0.0586375
0.111986
0.190063
0.29186
0.411182
0.537238
0.656674
0.756115
0.824735
0.854877
0.852123
0.83011
0.774756
0.69574
0.600391
0.496704
0.392596
0.29518
0.209949
0.140215
0.0869658
0.0492109
0.0244995
0.00991724
0.00267819
-0.000147966
-0.000615383
-0.000612084
-0.000521786
-0.000434549
-0.000338929
-0.000256544
-0.000188628
-0.000134523
-9.29451e-05
-6.23109e-05
-4.06265e-05
-2.5687e-05
-1.57349e-05
-9.2918e-06
-5.2417e-06
-2.78878e-06
-1.35879e-06
-5.6939e-07
-1.63558e-07
2.51568e-08
9.05117e-08
1.0293e-07
8.73663e-08
6.82235e-08
4.82584e-08
3.18226e-08
1.97152e-08
1.15006e-08
6.28081e-09
3.18344e-09
1.4662e-09
5.8932e-10
1.82638e-10
3.06631e-11
-1.16307e-11
-1.91228e-11
-1.48347e-11
-8.94568e-12
-4.96726e-12
-2.73443e-12
-1.35538e-12
-6.21331e-13
-2.62584e-13
-1.02845e-13
-4.02221e-14
-1.58526e-14
-6.40295e-15
-2.70426e-15
-1.19191e-15
-5.63819e-16
-2.659e-16
-7.73116e-17
-1.01632e-17
6.61552e-18
9.26429e-18
9.0296e-18
7.71951e-18
5.8341e-18
3.79162e-18
2.17759e-18
1.08443e-18
4.67292e-19
1.6234e-19
3.64364e-20
-4.45156e-21
-1.16017e-20
-8.70665e-21
-4.79403e-21
-2.18241e-21
-8.33239e-22
-2.59927e-22
-5.60338e-23
5.1076e-25
9.14754e-24
6.52452e-24
3.30208e-24
1.39107e-24
5.04996e-25
1.57389e-25
3.86209e-26
4.56076e-27
-2.49888e-27
-2.58275e-27
-1.57713e-27
-8.0859e-28
-3.78638e-28
-1.67967e-28
-7.20143e-29
-3.01509e-29
-1.24174e-29
-5.04927e-30
-2.02903e-30
-8.05892e-31
-3.15651e-31
-1.20432e-31
-4.41813e-32
-1.5319e-32
-4.56561e-33
-8.0781e-34
3.30078e-34
5.94953e-34
5.78276e-34
4.82771e-34
3.79874e-34
2.87279e-34
2.07445e-34
1.42602e-34
9.26333e-35
5.57657e-35
3.11973e-35
1.58515e-35
7.20479e-36
2.6198e-36
4.59719e-37
-3.34696e-37
-4.96631e-37
-4.07568e-37
-2.66799e-37
-1.49667e-37
-7.2963e-38
-3.05101e-38
-1.03334e-38
-2.42696e-39
8.96179e-42
3.69893e-40
2.519e-40
1.14901e-40
5.45055e-41
4.30733e-41
3.87615e-41
3.08826e-41
2.15418e-41
1.32651e-41
5.00388e-42
-2.97898e-42
-9.20417e-42
-1.24778e-41
-1.2734e-41
-1.08706e-41
-8.09159e-42
-5.36046e-42
-3.1927e-42
-1.71473e-42
-8.26849e-43
-3.52373e-43
-1.2757e-43
-3.46056e-44
-2.50683e-45
5.23207e-45
5.03309e-45
3.23111e-45
1.73509e-45
8.30917e-46
3.6448e-46
1.48254e-46
5.61353e-47
1.97064e-47
6.31102e-48
1.76426e-48
3.72538e-49
1.28437e-50
-4.73528e-50
-3.81429e-50
-2.21005e-50
2.70331e-08
4.12851e-07
3.38038e-06
1.95078e-05
8.99715e-05
0.00035542
0.00124682
0.00396873
0.0119697
0.0308816
0.0669395
0.12523
0.207526
0.311149
0.429015
0.550653
0.664166
0.758117
0.823767
0.854737
0.853943
0.835491
0.78965
0.721488
0.636644
0.541608
0.443086
0.347483
0.260215
0.185162
0.124376
0.078127
0.045224
0.0233892
0.0103366
0.00354713
0.000559863
-0.00046971
-0.000617017
-0.000547896
-0.000466089
-0.000370907
-0.000281068
-0.000204701
-0.000144018
-9.8311e-05
-6.53251e-05
-4.22049e-05
-2.64997e-05
-1.61212e-05
-9.44982e-06
-5.29959e-06
-2.80138e-06
-1.36038e-06
-5.70209e-07
-1.66649e-07
1.95546e-08
8.70967e-08
9.95895e-08
8.47675e-08
6.71516e-08
4.80454e-08
3.23225e-08
2.06361e-08
1.25292e-08
7.23752e-09
3.95272e-09
2.0234e-09
9.51148e-10
3.97349e-10
1.33973e-10
2.36727e-11
-7.92144e-12
-1.27581e-11
-1.01177e-11
-6.24686e-12
-3.53034e-12
-2.00852e-12
-1.04413e-12
-5.11935e-13
-2.40408e-13
-1.09936e-13
-4.88413e-14
-2.16263e-14
-1.02223e-14
-5.26364e-15
-2.93277e-15
-1.72105e-15
-1.02976e-15
-6.22301e-16
-3.0779e-16
-1.28332e-16
-4.16899e-17
-6.67998e-18
4.53662e-18
6.29982e-18
4.92205e-18
3.11291e-18
1.68373e-18
7.97307e-19
3.21983e-19
1.04807e-19
2.13558e-20
-3.13225e-21
-6.45255e-21
-4.41576e-21
-2.23949e-21
-9.33312e-22
-3.24488e-22
-8.90403e-23
-1.4192e-23
3.31957e-24
4.50607e-24
2.73313e-24
1.29926e-24
5.33253e-25
1.94791e-25
6.31333e-26
1.72641e-26
3.21103e-27
-2.8821e-28
-7.58498e-28
-5.61613e-28
-3.28027e-28
-1.73082e-28
-8.65625e-29
-4.19648e-29
-1.99664e-29
-9.39495e-30
-4.39012e-30
-2.03544e-30
-9.35153e-31
-4.24688e-31
-1.87158e-31
-7.83739e-32
-2.95544e-32
-8.29028e-33
2.25153e-34
3.04934e-33
3.47503e-33
3.00036e-33
2.28738e-33
1.61473e-33
1.07447e-33
6.77253e-34
4.06721e-34
2.32169e-34
1.26021e-34
6.4306e-35
3.02528e-35
1.2793e-35
4.4714e-36
9.65953e-37
-2.59612e-37
-5.12883e-37
-4.29892e-37
-2.80416e-37
-1.57509e-37
-7.97002e-38
-3.6775e-38
-1.63814e-38
-7.11068e-39
-3.04994e-39
-1.42437e-39
-7.98693e-40
-5.16106e-40
-3.65241e-40
-2.61999e-40
-1.91822e-40
-1.50204e-40
-1.24491e-40
-1.03854e-40
-8.33732e-41
-6.28464e-41
-4.40516e-41
-2.86245e-41
-1.72149e-41
-9.55168e-42
-4.85409e-42
-2.22479e-42
-8.89e-43
-2.82878e-43
-4.59669e-44
2.55513e-44
3.39859e-44
2.46914e-44
1.4369e-44
7.2769e-45
3.29885e-45
1.34794e-45
4.91814e-46
1.54643e-46
3.73458e-47
3.16215e-48
-3.68239e-48
-3.31722e-48
-1.92928e-48
-9.34139e-49
-4.03733e-49
-1.35504e-49
2.63509e-08
4.07502e-07
3.40313e-06
2.00684e-05
9.44374e-05
0.000379443
0.0013474
0.00431725
0.01307
0.0337232
0.0727358
0.134945
0.221358
0.328226
0.447587
0.568511
0.679078
0.768809
0.829822
0.857225
0.855703
0.838327
0.794967
0.730967
0.651188
0.561271
0.467116
0.374454
0.288283
0.212391
0.149066
0.0990619
0.0617999
0.0356218
0.0186098
0.0085855
0.00327411
0.00079586
-0.000183179
-0.000473502
-0.000497436
-0.000425758
-0.000339352
-0.000256077
-0.000185315
-0.000129624
-8.80274e-05
-5.80464e-05
-3.71673e-05
-2.30673e-05
-1.38279e-05
-7.97126e-06
-4.37883e-06
-2.25923e-06
-1.0612e-06
-4.20101e-07
-1.01921e-07
3.89778e-08
8.66665e-08
9.19521e-08
7.8006e-08
6.0106e-08
4.30802e-08
2.93098e-08
1.90816e-08
1.19413e-08
7.18047e-09
4.14507e-09
2.2851e-09
1.19403e-09
5.82928e-10
2.58464e-10
9.93409e-11
2.74881e-11
-3.24435e-13
-6.21468e-12
-5.69338e-12
-3.82752e-12
-2.24793e-12
-1.30559e-12
-7.51148e-13
-4.07983e-13
-2.17822e-13
-1.16902e-13
-6.40874e-14
-3.60595e-14
-2.06732e-14
-1.19415e-14
-6.7281e-15
-3.7051e-15
-2.06046e-15
-1.15611e-15
-6.19661e-16
-2.79519e-16
-1.08301e-16
-3.16717e-17
-2.31914e-18
5.86601e-18
5.98333e-18
4.03503e-18
2.19606e-18
1.0164e-18
3.98313e-19
1.25999e-19
2.62924e-20
-1.79254e-21
-5.72605e-21
-3.91629e-21
-1.94387e-21
-7.96948e-22
-2.76583e-22
-7.86393e-23
-1.53238e-23
5.65411e-25
2.63377e-24
1.81121e-24
9.27822e-25
4.11644e-25
1.65845e-25
6.1712e-26
2.11983e-26
6.54993e-27
1.67191e-27
2.28462e-28
-1.08934e-28
-1.34215e-28
-9.47952e-29
-5.66965e-29
-3.13172e-29
-1.65194e-29
-8.44404e-30
-4.21195e-30
-2.05591e-30
-9.755e-31
-4.46727e-31
-1.93429e-31
-7.53345e-32
-2.3015e-32
-1.6767e-33
5.61585e-33
6.92694e-33
6.01598e-33
4.53684e-33
3.14882e-33
2.057e-33
1.28029e-33
7.60719e-34
4.32848e-34
2.35156e-34
1.21057e-34
5.86433e-35
2.60902e-35
1.02645e-35
3.15228e-36
3.49417e-37
-5.14811e-37
-6.06308e-37
-4.5995e-37
-2.92415e-37
-1.66681e-37
-9.03782e-38
-4.73948e-38
-2.4405e-38
-1.28852e-38
-7.21465e-39
-4.25712e-39
-2.65912e-39
-1.72309e-39
-1.14839e-39
-7.86911e-40
-5.45771e-40
-3.74456e-40
-2.49214e-40
-1.588e-40
-9.61117e-41
-5.49224e-41
-2.94205e-41
-1.45971e-41
-6.55314e-42
-2.52458e-42
-7.04828e-43
-1.50792e-45
1.9273e-43
1.89488e-43
1.32738e-43
7.82544e-44
4.06867e-44
1.88931e-44
7.77007e-45
2.72192e-45
7.09529e-46
3.96686e-47
-1.13842e-46
-1.05825e-46
-6.72093e-47
-3.58892e-47
-1.70586e-47
-7.35524e-48
-2.89459e-48
-7.69864e-49
2.56157e-08
3.981e-07
3.35478e-06
1.99948e-05
9.5096e-05
0.000385704
0.00138007
0.00444135
0.0134906
0.0348997
0.0752432
0.139257
0.2276
0.336081
0.456305
0.577202
0.686612
0.774779
0.834312
0.858427
0.856677
0.839662
0.797442
0.735527
0.658448
0.571416
0.479926
0.389331
0.30435
0.228634
0.164497
0.11286
0.0734091
0.0448208
0.025391
0.0131618
0.00607369
0.00233652
0.000574552
-0.000148464
-0.000381581
-0.000408748
-0.000358409
-0.000285352
-0.000214214
-0.000153952
-0.000106703
-7.14813e-05
-4.6336e-05
-2.9049e-05
-1.75774e-05
-1.02361e-05
-5.70132e-06
-3.00594e-06
-1.46905e-06
-6.34127e-07
-2.0843e-07
-1.04395e-08
6.76046e-08
8.81206e-08
8.05396e-08
6.60276e-08
4.95092e-08
3.5223e-08
2.4061e-08
1.58881e-08
1.01676e-08
6.31584e-09
3.80458e-09
2.2189e-09
1.24924e-09
6.74857e-10
3.4763e-10
1.68292e-10
7.45865e-11
2.90901e-11
8.68874e-12
4.01975e-13
-1.82893e-12
-1.75238e-12
-1.24106e-12
-7.67255e-13
-4.62097e-13
-2.93181e-13
-1.80104e-13
-1.11332e-13
-6.93674e-14
-4.34474e-14
-2.7037e-14
-1.65069e-14
-9.77784e-15
-5.56057e-15
-2.99698e-15
-1.51226e-15
-6.9792e-16
-2.84699e-16
-9.36778e-17
-1.70406e-17
6.95726e-18
1.02423e-17
7.43647e-18
4.1925e-18
1.9886e-18
8.07937e-19
2.75831e-19
7.21965e-20
8.63303e-21
-5.12544e-21
-5.05554e-21
-2.8598e-21
-1.29259e-21
-5.01864e-22
-1.69756e-22
-4.86099e-23
-1.03756e-23
-4.57969e-25
1.17573e-24
9.28698e-25
5.13798e-25
2.45411e-25
1.07626e-25
4.44251e-26
1.74409e-26
6.5206e-27
2.29912e-27
7.43819e-28
2.04487e-28
3.4193e-29
-1.02122e-29
-1.59408e-29
-1.22129e-29
-7.72383e-30
-4.44563e-30
-2.40671e-30
-1.24215e-30
-6.10949e-31
-2.83263e-31
-1.20589e-31
-4.38374e-32
-1.01828e-32
2.76136e-33
6.41043e-33
6.28941e-33
4.96256e-33
3.50742e-33
2.30857e-33
1.43616e-33
8.52632e-34
4.84614e-34
2.63325e-34
1.36664e-34
6.70488e-35
3.07299e-35
1.27133e-35
4.40227e-36
9.20188e-37
-2.98584e-37
-5.605e-37
-4.84558e-37
-3.36432e-37
-2.11411e-37
-1.25487e-37
-7.21929e-38
-4.11886e-38
-2.38429e-38
-1.4171e-38
-8.767e-39
-5.53933e-39
-3.49917e-39
-2.18097e-39
-1.32384e-39
-7.7325e-40
-4.30273e-40
-2.25927e-40
-1.10553e-40
-4.9277e-41
-1.89577e-41
-5.24418e-42
1.68568e-43
1.77268e-42
1.84061e-42
1.41823e-42
9.42111e-43
5.64041e-43
3.09153e-43
1.55492e-43
7.11543e-44
2.88898e-44
9.72566e-45
2.07864e-45
-4.04469e-46
-8.68948e-46
-7.05881e-46
-4.45973e-46
-2.45639e-46
-1.22576e-46
-5.6228e-47
-2.37514e-47
-9.19935e-48
-2.26359e-48
2.48359e-08
3.85355e-07
3.24562e-06
1.93429e-05
9.20204e-05
0.000373397
0.00133714
0.00430531
0.0130943
0.034007
0.0736026
0.136697
0.224104
0.331817
0.451624
0.572588
0.682609
0.771848
0.832492
0.85834
0.85749
0.842005
0.801399
0.741162
0.665733
0.580219
0.489977
0.40024
0.315635
0.239775
0.174999
0.122311
0.081514
0.0514466
0.0304916
0.016794
0.00844327
0.00374045
0.00132319
0.000209421
-0.000230614
-0.000357458
-0.000351984
-0.000297805
-0.000231572
-0.000170038
-0.000119268
-8.03156e-05
-5.20567e-05
-3.25005e-05
-1.95265e-05
-1.12652e-05
-6.20943e-06
-3.23845e-06
-1.56694e-06
-6.72106e-07
-2.21689e-07
-1.44676e-08
6.61779e-08
8.60862e-08
8.08173e-08
6.67103e-08
5.1038e-08
3.71439e-08
2.60923e-08
1.78176e-08
1.18704e-08
7.73149e-09
4.92542e-09
3.06902e-09
1.86934e-09
1.11118e-09
6.4389e-10
3.62694e-10
1.97906e-10
1.0423e-10
5.26445e-11
2.51507e-11
1.11344e-11
4.40384e-12
1.39782e-12
1.72174e-13
-2.65673e-13
-3.22079e-13
-2.59921e-13
-1.82026e-13
-1.26029e-13
-8.96456e-14
-6.04108e-14
-3.93589e-14
-2.46901e-14
-1.48294e-14
-8.46114e-15
-4.5487e-15
-2.27069e-15
-1.03342e-15
-4.12043e-16
-1.31398e-16
-2.19183e-17
1.07213e-17
1.43418e-17
1.00629e-17
5.52878e-18
2.57716e-18
1.03916e-18
3.57335e-19
9.80453e-20
1.56896e-20
-3.74733e-21
-5.10621e-21
-3.1255e-21
-1.4959e-21
-6.18804e-22
-2.28035e-22
-7.50201e-23
-2.13317e-23
-4.62556e-24
-2.61564e-25
5.00031e-25
4.18902e-25
2.43561e-25
1.22784e-25
5.71918e-26
2.52771e-26
1.07297e-26
4.39486e-27
1.7351e-27
6.55284e-28
2.32577e-28
7.44165e-29
1.89684e-29
1.64411e-30
-2.47583e-30
-2.59074e-30
-1.82313e-30
-1.09624e-30
-5.98012e-31
-3.00489e-31
-1.37827e-31
-5.53824e-32
-1.695e-32
-9.75005e-34
4.33927e-33
5.10542e-33
4.25156e-33
3.06581e-33
2.02883e-33
1.2634e-33
7.48619e-34
4.23802e-34
2.29864e-34
1.18935e-34
5.84313e-35
2.68128e-35
1.11706e-35
3.90228e-36
8.37241e-37
-2.54749e-37
-4.9982e-37
-4.45271e-37
-3.21558e-37
-2.10709e-37
-1.31172e-37
-8.02e-38
-4.93715e-38
-3.06292e-38
-1.89769e-38
-1.14466e-38
-6.60792e-39
-3.61092e-39
-1.8432e-39
-8.6057e-40
-3.52208e-40
-1.11959e-40
-1.2034e-41
2.09865e-41
2.58619e-41
2.11647e-41
1.47621e-41
9.38665e-42
5.57975e-42
3.13207e-42
1.66523e-42
8.3728e-43
3.95082e-43
1.71979e-43
6.65219e-44
2.06688e-44
3.0482e-45
-2.31374e-45
-3.00099e-45
-2.30023e-45
-1.45319e-45
-8.17865e-46
-4.22166e-46
-2.02234e-46
-9.01275e-47
-3.71437e-47
-1.39878e-47
-3.05875e-48
2.40285e-08
3.70074e-07
3.0874e-06
1.82111e-05
8.57776e-05
0.000345097
0.00122798
0.00393847
0.0119628
0.0312017
0.0680399
0.127518
0.211066
0.315484
0.433326
0.554096
0.666204
0.758951
0.824386
0.856031
0.858175
0.845111
0.807447
0.749082
0.674732
0.589731
0.499542
0.409512
0.324378
0.247833
0.182266
0.128708
0.0869888
0.0559906
0.0340942
0.0194628
0.0102649
0.00487061
0.00195544
0.000522788
-9.80106e-05
-0.000311596
-0.000333731
-0.000297278
-0.000237066
-0.000175448
-0.000122608
-8.16117e-05
-5.19448e-05
-3.16677e-05
-1.84765e-05
-1.02871e-05
-5.43005e-06
-2.6795e-06
-1.19948e-06
-4.49638e-07
-9.93317e-08
4.44677e-08
8.97054e-08
9.22038e-08
7.89467e-08
6.2839e-08
4.71982e-08
3.42839e-08
2.42949e-08
1.68733e-08
1.1516e-08
7.73338e-09
5.11159e-09
3.32585e-09
2.1292e-09
1.34047e-09
8.29493e-10
5.04012e-10
3.00449e-10
1.75528e-10
1.00342e-10
5.60174e-11
3.04465e-11
1.60448e-11
8.14349e-12
3.93063e-12
1.7538e-12
6.80669e-13
1.86306e-13
-1.76199e-14
-8.41595e-14
-9.14974e-14
-7.7083e-14
-5.68781e-14
-3.90178e-14
-2.49423e-14
-1.49279e-14
-8.36396e-15
-4.36056e-15
-2.09148e-15
-9.01435e-16
-3.32828e-16
-9.12604e-17
-5.44983e-18
1.55898e-17
1.46896e-17
9.24558e-18
4.77064e-18
2.1261e-18
8.2685e-19
2.7551e-19
7.28693e-20
1.04854e-20
-3.59803e-21
-4.24514e-21
-2.56129e-21
-1.23545e-21
-5.2178e-22
-1.98988e-22
-6.88653e-23
-2.1241e-23
-5.46103e-24
-8.63716e-25
1.93957e-25
2.8843e-25
1.95162e-25
1.07446e-25
5.34974e-26
2.50315e-26
1.11985e-26
4.82761e-27
2.00951e-27
8.05581e-28
3.08398e-28
1.1064e-28
3.5683e-29
9.2174e-30
9.15369e-31
-1.06393e-30
-1.12009e-30
-7.64569e-31
-4.37407e-31
-2.21519e-31
-9.93963e-32
-3.75045e-32
-9.39231e-33
1.56809e-33
4.66882e-33
4.61838e-33
3.60037e-33
2.50571e-33
1.62393e-33
9.98498e-34
5.8745e-34
3.32366e-34
1.80676e-34
9.41984e-35
4.66709e-35
2.16711e-35
9.11696e-36
3.21067e-36
6.82996e-37
-2.18236e-37
-4.32013e-37
-3.92254e-37
-2.91982e-37
-1.98107e-37
-1.27298e-37
-7.87007e-38
-4.66558e-38
-2.61498e-38
-1.36379e-38
-6.5049e-39
-2.73356e-39
-9.15612e-40
-1.43764e-40
1.19869e-40
1.66509e-40
1.38244e-40
9.57566e-41
6.00342e-41
3.52124e-41
1.96339e-41
1.04633e-41
5.33689e-42
2.60345e-42
1.2104e-42
5.30995e-43
2.14814e-43
7.58224e-44
1.94495e-44
-4.80219e-46
-5.56816e-45
-5.39222e-45
-3.87608e-45
-2.418e-45
-1.37359e-45
-7.24634e-46
-3.57898e-46
-1.65726e-46
-7.16215e-47
-2.85049e-47
-1.02104e-47
-1.72278e-48
2.31839e-08
3.51829e-07
2.87703e-06
1.66152e-05
7.67354e-05
0.000303745
0.00106837
0.00340389
0.010314
0.0270711
0.0597426
0.113642
0.191151
0.290359
0.40503
0.525536
0.640568
0.738784
0.812161
0.851296
0.85775
0.846342
0.812262
0.755074
0.680926
0.595424
0.504339
0.413329
0.327357
0.250225
0.184323
0.130611
0.0888176
0.0577572
0.0357113
0.0208065
0.0112659
0.00553244
0.00233698
0.00071131
-2.1173e-05
-0.000280074
-0.000322138
-0.000290677
-0.000230667
-0.000167237
-0.000113444
-7.27773e-05
-4.43019e-05
-2.56103e-05
-1.40133e-05
-7.20172e-06
-3.42131e-06
-1.44722e-06
-4.92984e-07
-7.53414e-08
7.98488e-08
1.17061e-07
1.0763e-07
8.75647e-08
6.79605e-08
5.06987e-08
3.68965e-08
2.64029e-08
1.86552e-08
1.30354e-08
9.01668e-09
6.17334e-09
4.18154e-09
2.80107e-09
1.85346e-09
1.21103e-09
7.80514e-10
4.95731e-10
3.10051e-10
1.90735e-10
1.1526e-10
6.83163e-11
3.96294e-11
2.24284e-11
1.2328e-11
6.53577e-12
3.303e-12
1.55776e-12
6.55611e-13
2.16901e-13
2.33564e-14
-4.74501e-14
-6.18749e-14
-5.38747e-14
-3.97494e-14
-2.64087e-14
-1.61583e-14
-9.16797e-15
-4.82379e-15
-2.33531e-15
-1.0229e-15
-3.90281e-16
-1.17073e-16
-1.6067e-17
1.18909e-17
1.38534e-17
9.3922e-18
5.11049e-18
2.3976e-18
9.88975e-19
3.56187e-19
1.07232e-19
2.28663e-20
-1.019e-22
-3.72653e-21
-2.77398e-21
-1.49097e-21
-6.83448e-22
-2.80817e-22
-1.05058e-22
-3.56286e-23
-1.06106e-23
-2.4818e-24
-2.12106e-25
2.41407e-25
2.27367e-25
1.4167e-25
7.57304e-26
3.72127e-26
1.72854e-26
7.68925e-27
3.2942e-27
1.36039e-27
5.39651e-28
2.03734e-28
7.1824e-29
2.26947e-29
5.72077e-30
5.61056e-31
-6.03953e-31
-6.12462e-31
-3.96504e-31
-2.11729e-31
-9.75854e-32
-3.75858e-32
-9.92468e-33
9.63909e-34
4.13226e-33
4.21163e-33
3.3358e-33
2.3644e-33
1.57021e-33
9.97637e-34
6.13376e-34
3.66709e-34
2.13579e-34
1.21024e-34
6.6428e-35
3.50999e-35
1.76251e-35
8.24535e-36
3.45649e-36
1.2221e-36
2.67371e-37
-6.64736e-38
-1.46582e-37
-1.30833e-37
-8.99468e-38
-5.1935e-38
-2.56717e-38
-1.03363e-38
-2.83124e-39
1.5148e-40
9.73249e-40
9.35893e-40
6.63305e-40
4.03012e-40
2.20989e-40
1.12151e-40
5.34484e-41
2.41107e-41
1.03109e-41
4.14847e-42
1.55809e-42
5.42599e-43
1.71399e-43
4.40983e-44
3.52143e-45
-7.73922e-45
-9.40812e-45
-8.11823e-45
-6.13776e-45
-4.26839e-45
-2.77483e-45
-1.69752e-45
-9.80277e-46
-5.35018e-46
-2.75873e-46
-1.34069e-46
-6.10689e-47
-2.57804e-47
-9.85067e-48
-3.25502e-48
-2.23254e-49
2.22689e-08
3.29191e-07
2.60192e-06
1.45412e-05
6.52569e-05
0.000252786
0.000876814
0.00277553
0.00838804
0.0222266
0.0499731
0.0973821
0.168229
0.262419
0.37517
0.497289
0.616735
0.721197
0.800001
0.846767
0.857402
0.84678
0.812391
0.752285
0.674799
0.586232
0.492859
0.400653
0.314666
0.238567
0.174448
0.122894
0.0832739
0.054157
0.0336065
0.0196896
0.0107173
0.00527166
0.00220182
0.000628409
-6.84138e-05
-0.000293187
-0.000311503
-0.000266872
-0.000201256
-0.000138496
-8.84737e-05
-5.28909e-05
-2.9588e-05
-1.54152e-05
-7.36535e-06
-3.14009e-06
-1.10578e-06
-2.17637e-07
9.01228e-08
1.44228e-07
1.3055e-07
1.03199e-07
8.20004e-08
6.06179e-08
4.36243e-08
3.10264e-08
2.19164e-08
1.54201e-08
1.08182e-08
7.56431e-09
5.26919e-09
3.65183e-09
2.51403e-09
1.71745e-09
1.16151e-09
7.77295e-10
5.13611e-10
3.34644e-10
2.14739e-10
1.35434e-10
8.38057e-11
5.07618e-11
3.00089e-11
1.72404e-11
9.57137e-12
5.0902e-12
2.55637e-12
1.18115e-12
4.73766e-13
1.36737e-13
-5.73484e-15
-5.13018e-14
-5.42871e-14
-4.01676e-14
-2.79231e-14
-1.76319e-14
-1.02397e-14
-5.49802e-15
-2.73048e-15
-1.24173e-15
-5.06256e-16
-1.75049e-16
-4.27544e-17
1.12268e-18
1.04948e-17
8.9794e-18
5.57175e-18
2.91738e-18
1.34523e-18
5.51189e-19
1.97869e-19
5.88993e-20
1.17236e-20
-9.91093e-22
-2.76603e-21
-1.97647e-21
-1.06687e-21
-4.96659e-22
-2.07844e-22
-7.91296e-23
-2.71911e-23
-8.11598e-24
-1.8364e-24
-8.42471e-26
2.46747e-25
2.13795e-25
1.30854e-25
6.95199e-26
3.40498e-26
1.577e-26
6.99195e-27
2.98449e-27
1.22822e-27
4.8628e-28
1.84016e-28
6.56893e-29
2.15366e-29
6.09307e-30
1.19477e-30
-9.21333e-32
-2.8056e-31
-2.0733e-31
-1.14752e-31
-5.32553e-32
-2.04631e-32
-5.43405e-33
3.98022e-34
2.0749e-33
2.12975e-33
1.69706e-33
1.22336e-33
8.39574e-34
5.60151e-34
3.68458e-34
2.39042e-34
1.53495e-34
9.7056e-35
6.03074e-35
3.66244e-35
2.16185e-35
1.23132e-35
6.70207e-36
3.50384e-36
1.75301e-36
8.61991e-37
4.22068e-37
2.14157e-37
1.15531e-37
6.65798e-38
3.92685e-38
2.26234e-38
1.22519e-38
6.07343e-39
2.67568e-39
9.79933e-40
2.35065e-40
-3.30379e-41
-9.34768e-41
-8.11558e-41
-5.38949e-41
-3.11704e-41
-1.64507e-41
-8.07273e-42
-3.70765e-42
-1.60314e-42
-6.56499e-43
-2.55566e-43
-9.46549e-44
-3.32782e-44
-1.10728e-44
-3.50276e-45
-1.09583e-45
-3.84289e-46
-1.79026e-46
-1.07994e-46
-7.00928e-47
-4.35171e-47
-2.48392e-47
-1.28746e-47
-5.99172e-48
-2.43837e-48
-8.05502e-49
-1.59365e-49
1.35996e-49
2.12239e-08
2.9993e-07
2.2458e-06
1.19739e-05
5.12168e-05
0.000191477
0.000647837
0.0020238
0.00606499
0.0165336
0.0395331
0.0825934
0.152057
0.249609
0.370062
0.501911
0.629879
0.738923
0.818572
0.857754
0.858621
0.842087
0.794898
0.724214
0.637314
0.54193
0.445199
0.353237
0.270628
0.200165
0.142896
0.098427
0.0653563
0.0418054
0.0255727
0.0147355
0.00780545
0.00363225
0.00132673
0.000207201
-0.0002272
-0.000314878
-0.000272729
-0.000211977
-0.000145367
-9.05035e-05
-5.16591e-05
-2.69893e-05
-1.27756e-05
-5.29837e-06
-1.71357e-06
-3.55362e-07
2.68201e-08
1.19589e-07
1.26102e-07
1.02361e-07
7.85686e-08
5.62001e-08
3.86686e-08
2.62799e-08
1.77731e-08
1.20777e-08
8.25998e-09
5.69518e-09
3.95563e-09
2.76156e-09
1.93317e-09
1.35306e-09
9.43528e-10
6.54342e-10
4.49346e-10
3.05372e-10
2.04589e-10
1.34842e-10
8.72536e-11
5.52298e-11
3.41012e-11
2.04516e-11
1.18542e-11
6.58813e-12
3.47362e-12
1.70587e-12
7.52383e-13
2.72508e-13
5.86828e-14
-2.17995e-14
-4.02735e-14
-3.6261e-14
-2.62153e-14
-1.76513e-14
-1.0661e-14
-5.84752e-15
-2.93137e-15
-1.34709e-15
-5.82888e-16
-2.15066e-16
-6.36258e-17
-9.75142e-18
5.07331e-18
6.57923e-18
4.71878e-18
2.75361e-18
1.41884e-18
6.6183e-19
2.80361e-19
1.06267e-19
3.44207e-20
8.17149e-21
2.03837e-22
-1.36975e-21
-1.15825e-21
-6.90957e-22
-3.49729e-22
-1.58292e-22
-6.5217e-23
-2.44529e-23
-8.17221e-24
-2.27494e-24
-3.94605e-25
8.42357e-26
1.39874e-25
1.0013e-25
5.76171e-26
2.97319e-26
1.43205e-26
6.55993e-27
2.88617e-27
1.22575e-27
5.0347e-28
1.99922e-28
7.65136e-29
2.80563e-29
9.73933e-30
3.13721e-30
8.935e-31
1.9692e-31
1.15498e-32
-2.177e-32
-1.82214e-32
-1.02699e-32
-4.77896e-33
-1.8493e-33
-5.14894e-34
1.64534e-35
1.85e-34
2.0755e-34
1.82948e-34
1.5024e-34
1.18953e-34
9.29242e-35
7.10213e-35
5.36492e-35
3.96599e-35
2.88055e-35
2.0426e-35
1.41454e-35
9.52416e-36
6.19111e-36
3.85686e-36
2.31894e-36
1.35987e-36
7.82584e-37
4.41257e-37
2.41454e-37
1.26229e-37
6.19467e-38
2.77447e-38
1.08197e-38
3.23607e-39
3.08473e-40
-5.32456e-40
-5.7838e-40
-4.08288e-40
-2.38471e-40
-1.23131e-40
-5.78009e-41
-2.50223e-41
-1.00656e-41
-3.79624e-42
-1.3661e-42
-4.80309e-43
-1.69669e-43
-6.1668e-44
-2.31623e-44
-8.75876e-45
-3.15146e-45
-9.69965e-46
-1.77655e-46
6.00807e-47
9.60315e-47
7.37885e-47
4.51758e-47
2.42932e-47
1.18939e-47
5.39046e-48
2.28002e-48
9.02295e-49
3.36245e-49
1.18347e-49
3.53489e-50
1.99621e-08
2.66439e-07
1.88498e-06
9.74343e-06
3.78955e-05
0.000138698
0.000470018
0.00151933
0.00467636
0.013927
0.039016
0.0926286
0.183063
0.307915
0.45406
0.601339
0.728856
0.820749
0.861791
0.858781
0.839702
0.796979
0.728152
0.633774
0.529334
0.426409
0.331497
0.248699
0.18008
0.125901
0.0850293
0.0554802
0.0349408
0.0212313
0.0122764
0.00656677
0.00308534
0.00111291
0.000138181
-0.000221924
-0.000289339
-0.00024633
-0.000190489
-0.000122881
-7.04793e-05
-3.65666e-05
-1.6804e-05
-6.44357e-06
-2.21359e-06
-7.1524e-07
-1.53103e-07
4.49457e-08
8.46087e-08
7.56722e-08
5.57085e-08
3.82466e-08
2.40242e-08
1.41234e-08
8.22122e-09
5.06881e-09
3.24355e-09
2.13233e-09
1.42034e-09
9.55456e-10
6.47403e-10
4.41858e-10
3.0348e-10
2.09578e-10
1.44905e-10
1.00159e-10
6.86856e-11
4.66912e-11
3.12182e-11
2.04486e-11
1.30664e-11
8.08557e-12
4.82027e-12
2.74386e-12
1.47535e-12
7.34474e-13
3.26758e-13
1.18439e-13
2.2763e-14
-1.37636e-14
-2.26497e-14
-2.02432e-14
-1.44667e-14
-9.76998e-15
-5.54005e-15
-2.93222e-15
-1.54451e-15
-7.93679e-16
-3.83344e-16
-1.32812e-16
-3.20894e-17
-3.79732e-19
5.74815e-18
4.72423e-18
2.79134e-18
1.41878e-18
6.67919e-19
2.97232e-19
1.27453e-19
5.23444e-20
2.0238e-20
7.04132e-21
1.97126e-21
2.47629e-22
-2.0017e-22
-2.27295e-22
-1.55926e-22
-8.78588e-23
-4.37936e-23
-1.98185e-23
-8.20487e-24
-3.09144e-24
-1.03374e-24
-2.8413e-25
-4.53052e-26
1.43685e-26
2.01075e-26
1.40526e-26
8.02697e-27
4.13768e-27
1.99981e-27
9.23472e-28
4.11852e-28
1.7853e-28
7.55054e-29
3.12264e-29
1.26346e-29
4.9993e-30
1.92466e-30
7.17807e-31
2.54371e-31
8.30062e-32
2.26682e-32
3.27234e-33
-1.84916e-33
-2.4171e-33
-1.84509e-33
-1.17848e-33
-6.84588e-34
-3.69515e-34
-1.86148e-34
-8.6191e-35
-3.65487e-35
-1.30933e-35
-2.28298e-36
2.55189e-36
4.6082e-36
5.40382e-36
5.46994e-36
5.18139e-36
4.63442e-36
3.98672e-36
3.29771e-36
2.60194e-36
1.87691e-36
1.2687e-36
7.99269e-37
4.70436e-37
2.59146e-37
1.32449e-37
6.11107e-38
2.45653e-38
7.76205e-39
1.14598e-39
-8.34927e-40
-1.03288e-39
-7.31569e-40
-4.13239e-40
-2.00754e-40
-8.62353e-41
-3.31269e-41
-1.14095e-41
-3.50479e-42
-9.49245e-43
-2.31442e-43
-5.49941e-44
-1.62538e-44
-7.69319e-45
-4.7466e-45
-2.87505e-45
-1.53733e-45
-6.91772e-46
-2.39191e-46
-3.95613e-47
2.63689e-47
3.50829e-47
2.60311e-47
1.54302e-47
7.92056e-48
3.61807e-48
1.47846e-48
5.33234e-49
1.63172e-49
3.7399e-50
2.21712e-51
-4.6604e-51
1.86056e-08
2.68856e-07
2.32815e-06
1.46144e-05
6.44006e-05
0.000295303
0.00115454
0.00415131
0.013351
0.0373063
0.0904943
0.191046
0.340588
0.506589
0.661739
0.785206
0.846812
0.846601
0.826261
0.784488
0.716435
0.617052
0.501434
0.390172
0.291802
0.210009
0.145506
0.0970639
0.0621122
0.0377194
0.0214522
0.0118372
0.00674821
0.00387208
0.00209482
0.00097915
0.000319107
-2.01428e-05
-0.000151235
-0.000183726
-0.000157778
-0.000110572
-6.43453e-05
-3.13024e-05
-1.33583e-05
-5.86712e-06
-2.6166e-06
-1.08483e-06
-3.47941e-07
-6.58039e-08
1.28883e-08
2.71101e-08
2.25957e-08
1.57201e-08
9.1972e-09
5.22158e-09
2.96062e-09
1.68125e-09
9.46761e-10
5.31513e-10
2.98176e-10
1.67465e-10
9.3653e-11
5.17008e-11
2.77994e-11
1.42613e-11
6.72563e-12
2.65825e-12
5.83099e-13
-3.87028e-13
-7.53263e-13
-8.20964e-13
-7.46381e-13
-6.22271e-13
-4.91666e-13
-3.73734e-13
-2.759e-13
-1.98436e-13
-1.39277e-13
-9.54744e-14
-6.40647e-14
-4.18375e-14
-2.66022e-14
-1.63166e-14
-9.40001e-15
-4.91265e-15
-2.45002e-15
-1.1889e-15
-6.02811e-16
-2.35629e-16
-6.29617e-17
-3.80281e-18
8.35477e-18
6.92843e-18
3.78695e-18
1.6947e-18
7.05299e-19
2.78494e-19
1.11125e-19
4.21178e-20
1.44995e-20
3.906e-21
4.03681e-22
-3.6215e-22
-3.341e-22
-1.77454e-22
-7.55223e-23
-3.01094e-23
-1.31353e-23
-6.78924e-24
-3.9175e-24
-2.24477e-24
-1.20347e-24
-5.885e-25
-2.59395e-25
-1.01623e-25
-3.40207e-26
-8.55219e-27
-5.4731e-28
1.1867e-27
1.09491e-27
6.90565e-28
3.72335e-28
1.83236e-28
8.47531e-29
3.73903e-29
1.58511e-29
6.46334e-30
2.51844e-30
9.21977e-31
3.0379e-31
7.97657e-32
6.55683e-33
-1.15136e-32
-1.23801e-32
-9.0029e-33
-5.65004e-33
-3.25523e-33
-1.7682e-33
-9.14592e-34
-4.53779e-34
-2.16039e-34
-9.87569e-35
-4.31382e-35
-1.7842e-35
-6.75527e-36
-2.86358e-36
-2.09991e-36
-1.97771e-36
-1.9647e-36
-1.73279e-36
-1.41272e-36
-1.02066e-36
-6.43781e-37
-3.15176e-37
-5.29999e-38
1.39891e-37
2.59543e-37
2.63034e-37
2.13701e-37
1.43193e-37
8.18053e-38
4.05271e-38
1.68923e-38
5.08899e-39
3.64703e-40
-9.33592e-40
-9.16089e-40
-5.86306e-40
-3.01387e-40
-1.30682e-40
-4.82633e-41
-1.50183e-41
-3.79546e-42
-6.98934e-43
-5.03843e-44
2.5158e-44
1.60432e-44
8.84829e-45
5.35631e-45
3.0569e-45
1.52135e-45
6.64294e-46
2.68639e-46
1.1267e-46
5.60766e-47
3.3308e-47
2.08779e-47
1.24933e-47
6.84483e-48
3.38782e-48
1.50462e-48
5.92924e-49
2.01748e-49
5.49809e-50
8.72938e-51
-1.95465e-51
-2.62439e-51
-1.5513e-51
-6.33496e-52
1.8946e-08
4.4663e-07
7.09353e-06
6.56489e-05
0.000406662
0.00203744
0.00767496
0.024601
0.0682919
0.152559
0.292109
0.463258
0.634503
0.755098
0.774373
0.755668
0.709851
0.625121
0.507003
0.386049
0.277249
0.185009
0.110478
0.0635932
0.0382268
0.0234496
0.0142638
0.00841526
0.0047087
0.00242492
0.00110914
0.00041775
8.07348e-05
-6.81315e-05
-0.00012403
-0.000136925
-0.000129685
-0.000111099
-8.42371e-05
-5.18656e-05
-2.76253e-05
-1.47165e-05
-7.7488e-06
-3.99508e-06
-1.93532e-06
-8.49431e-07
-3.42268e-07
-1.32964e-07
-5.02635e-08
-1.61903e-08
-2.63935e-09
1.09713e-09
1.64631e-09
9.89905e-10
5.4889e-10
2.92264e-10
1.52032e-10
7.82552e-11
3.99137e-11
2.00692e-11
9.77962e-12
4.43855e-12
1.71854e-12
3.4976e-13
-2.89681e-13
-5.57575e-13
-6.21571e-13
-5.91029e-13
-5.13807e-13
-4.25751e-13
-3.36221e-13
-2.58892e-13
-1.93121e-13
-1.40838e-13
-1.00552e-13
-6.97944e-14
-4.75243e-14
-3.04357e-14
-1.93051e-14
-1.19029e-14
-7.12387e-15
-4.11802e-15
-2.30288e-15
-1.24305e-15
-6.24521e-16
-3.00042e-16
-9.87853e-17
-2.05944e-17
2.74649e-18
6.02058e-18
4.16888e-18
2.03889e-18
8.64361e-19
3.0879e-19
1.07748e-19
3.26179e-20
7.28946e-21
-9.33516e-22
-2.97938e-21
-2.69266e-21
-1.99736e-21
-1.27208e-21
-7.47805e-22
-3.92143e-22
-1.84302e-22
-7.44142e-23
-2.47727e-23
-5.63775e-24
-1.40122e-26
9.19804e-25
6.74306e-25
3.44605e-25
1.44926e-25
5.23507e-26
1.62452e-26
4.1203e-27
6.81735e-28
-6.41294e-29
-1.28153e-28
-7.8004e-29
-3.6763e-29
-1.53652e-29
-6.02761e-30
-2.31284e-30
-9.04682e-31
-3.77117e-31
-1.72124e-31
-8.55882e-32
-4.48982e-32
-2.38943e-32
-1.25504e-32
-6.37912e-33
-3.11135e-33
-1.43619e-33
-6.21657e-34
-2.475e-34
-8.70703e-35
-2.46811e-35
-3.39372e-36
1.91393e-36
2.24208e-36
1.37726e-36
6.44622e-37
2.03856e-37
7.10016e-39
-5.58679e-38
-7.91896e-38
-1.29733e-37
-1.80353e-37
-2.45272e-37
-2.82252e-37
-3.09654e-37
-3.04984e-37
-2.87334e-37
-2.52084e-37
-2.11572e-37
-1.66458e-37
-1.17177e-37
-7.13635e-38
-4.04471e-38
-2.17287e-38
-1.15047e-38
-6.04342e-39
-3.07098e-39
-1.4555e-39
-6.05035e-40
-2.03342e-40
-4.43021e-41
2.70232e-42
9.14243e-42
5.8326e-42
2.54881e-42
8.61829e-43
2.28328e-43
4.49881e-44
5.30442e-45
-3.74183e-47
4.89019e-46
7.95809e-46
7.07777e-46
5.20926e-46
3.42586e-46
2.03373e-46
1.0926e-46
5.32588e-47
2.355e-47
9.37747e-48
3.29169e-48
9.63756e-49
1.95078e-49
-5.20991e-51
-3.2071e-50
-2.12048e-50
-9.77419e-51
-3.54644e-51
-1.00556e-51
-2.09902e-52
-1.69771e-53
1.22323e-53
8.3498e-54
2.55553e-08
1.12196e-06
3.25662e-05
0.000502586
0.00512726
0.0307567
0.0862924
0.169465
0.323318
0.50688
0.627038
0.628503
0.593586
0.510035
0.363687
0.210501
0.0995408
0.0521428
0.029474
0.0166311
0.00920146
0.00487338
0.00242804
0.00112327
0.000467324
0.000160358
2.85927e-05
-2.14495e-05
-3.65944e-05
-3.82868e-05
-3.56952e-05
-3.21032e-05
-2.86875e-05
-2.60105e-05
-2.34988e-05
-2.00097e-05
-1.44525e-05
-7.82379e-06
-3.75491e-06
-1.73463e-06
-7.70142e-07
-3.28548e-07
-1.33896e-07
-5.23306e-08
-1.94503e-08
-6.69435e-09
-2.01848e-09
-4.54631e-10
-1.07644e-11
6.9328e-11
5.56012e-11
3.1018e-11
1.39549e-11
6.70487e-12
3.16797e-12
1.47085e-12
6.71754e-13
3.02305e-13
1.33296e-13
4.80154e-14
4.44739e-15
-2.10546e-14
-3.2402e-14
-3.80475e-14
-3.79546e-14
-3.62371e-14
-3.26313e-14
-2.97377e-14
-2.56778e-14
-2.11892e-14
-1.68421e-14
-1.33652e-14
-1.02077e-14
-7.52228e-15
-5.32294e-15
-3.53044e-15
-2.19686e-15
-1.20305e-15
-5.97344e-16
-2.69237e-16
-1.12757e-16
-5.32396e-17
-1.04118e-17
6.51003e-18
1.28729e-17
1.42004e-17
9.704e-18
4.9952e-18
2.21615e-18
7.94597e-19
2.27806e-19
4.26521e-20
-4.7208e-22
-5.4503e-21
-3.63814e-21
-1.77814e-21
-8.69319e-22
-4.34039e-22
-2.49571e-22
-1.42874e-22
-8.37985e-23
-4.55817e-23
-2.38351e-23
-1.13399e-23
-4.89211e-24
-1.76579e-24
-4.64687e-25
-2.48959e-26
6.83156e-26
5.72155e-26
3.16118e-26
1.41056e-26
5.37133e-27
1.75977e-27
4.83198e-28
9.89399e-29
5.96982e-30
-7.7979e-30
-5.68947e-30
-2.77846e-30
-1.17047e-30
-4.6708e-31
-1.8652e-31
-7.67009e-32
-3.24543e-32
-1.38346e-32
-5.79791e-33
-2.33816e-33
-8.89696e-34
-3.12227e-34
-9.61411e-35
-2.35382e-35
-2.08356e-36
1.84529e-36
1.70861e-36
8.69487e-37
3.32684e-37
7.32083e-38
-1.41154e-38
-3.05925e-38
-2.34836e-38
-1.36878e-38
-6.91261e-39
-3.35656e-39
-1.77207e-39
-1.20566e-39
-4.40837e-40
5.55374e-40
3.79976e-40
-5.28412e-40
-2.18665e-39
-5.35517e-39
-8.67288e-39
-1.29338e-38
-1.63913e-38
-1.99811e-38
-2.30162e-38
-2.38463e-38
-1.71179e-38
-1.04572e-38
-5.05202e-39
-2.06097e-39
-6.79293e-40
-1.44234e-40
1.45643e-41
3.41081e-41
2.05368e-41
8.28152e-42
2.45323e-42
5.05347e-43
4.62065e-44
-1.33644e-44
-7.35403e-45
-1.6909e-45
-1.3468e-46
5.90012e-47
4.44349e-47
3.55222e-47
3.25427e-47
2.67172e-47
1.93178e-47
1.25069e-47
7.18553e-48
3.58213e-48
1.49963e-48
4.91563e-49
9.6193e-50
-1.72722e-50
-2.98699e-50
-1.89015e-50
-8.71578e-51
-3.21412e-51
-9.40849e-52
-1.92215e-52
-7.36937e-54
1.45079e-53
7.76289e-54
2.58559e-54
6.51836e-55
1.07247e-55
3.88334e-08
3.40981e-06
0.000177069
0.00420737
0.0444411
0.255117
0.584668
0.617131
0.478088
0.198819
0.0409454
0.0158633
0.00673685
0.00267439
0.000979573
0.000328614
9.96301e-05
2.64502e-05
5.21903e-06
-4.1314e-07
-1.67817e-06
-1.83966e-06
-1.78932e-06
-1.70118e-06
-1.57909e-06
-1.41228e-06
-1.22488e-06
-1.05747e-06
-8.97785e-07
-7.52724e-07
-6.27107e-07
-5.12395e-07
-4.0113e-07
-2.8643e-07
-1.35466e-07
-6.28367e-08
-3.23012e-08
-9.71862e-09
-2.11513e-09
-1.43462e-10
1.82925e-10
1.48152e-10
8.17079e-11
3.83301e-11
1.63874e-11
6.55178e-12
2.43239e-12
8.45105e-13
2.86787e-13
9.23978e-14
3.11588e-14
1.06964e-14
3.83224e-15
1.46365e-15
5.87538e-16
2.42645e-16
9.8249e-17
3.3188e-17
-8.61478e-18
-1.23788e-16
-1.94579e-16
-3.07744e-16
-3.44155e-16
-4.22492e-16
-4.15687e-16
-4.18448e-16
-3.57567e-16
-2.8153e-16
-1.54202e-16
-1.25249e-16
-9.87621e-17
-7.72559e-17
-5.53544e-17
-3.49247e-17
-2.19829e-17
-8.83014e-18
-8.75355e-19
2.344e-18
3.38598e-18
4.50216e-18
6.12728e-18
7.36556e-18
4.27122e-18
2.16127e-18
1.04721e-18
4.70075e-19
1.73896e-19
4.99015e-20
9.63316e-21
-5.46289e-22
-1.5955e-21
-8.6861e-22
-3.86043e-22
-1.36894e-22
-5.01121e-23
-1.49293e-23
-2.29722e-24
2.02455e-24
3.39185e-24
2.94555e-24
2.37275e-24
1.48644e-24
8.87675e-25
4.12826e-25
1.73896e-25
5.0309e-26
1.06696e-26
4.467e-28
-4.58863e-28
-1.64573e-28
-1.21214e-29
1.27445e-29
8.39766e-30
3.31214e-30
1.07028e-30
3.10401e-31
8.20041e-32
1.71065e-32
6.26931e-34
-2.13131e-33
-1.62181e-33
-8.43548e-34
-3.55178e-34
-1.26503e-34
-3.67558e-35
-6.47436e-36
1.49332e-36
2.5035e-36
1.84601e-36
1.08512e-36
5.90349e-37
3.04493e-37
1.57274e-37
7.88117e-38
3.9311e-38
1.93068e-38
9.44602e-39
4.57877e-39
2.22716e-39
1.07167e-39
5.19273e-40
2.48784e-40
1.23804e-40
6.38963e-41
3.55556e-41
2.19575e-41
3.18835e-42
1.23313e-40
2.21968e-40
5.06568e-40
6.43381e-40
8.87508e-40
9.16408e-40
9.57277e-40
8.41062e-40
6.85791e-40
4.11407e-40
2.62368e-43
-7.96806e-41
-4.64442e-41
-5.08544e-42
7.83019e-42
6.27867e-42
2.66635e-42
6.38289e-43
1.87695e-45
-5.37731e-44
-1.89664e-44
-3.08196e-45
-3.7844e-47
1.15619e-46
3.30516e-47
4.87416e-48
9.04455e-50
-4.6706e-49
-6.41014e-49
-8.33248e-49
-1.03728e-48
-1.0598e-48
-8.89176e-49
-6.41217e-49
-4.0494e-49
-2.26087e-49
-1.12651e-49
-5.04866e-50
-2.04159e-50
-7.41556e-51
-2.38153e-51
-6.52221e-52
-1.38881e-52
-1.53936e-53
3.93582e-54
3.04399e-54
9.89947e-55
1.28297e-55
-1.14834e-56
-9.27343e-57
-3.44479e-57
-1.65235e-57
-6.48276e-58
)
;

boundaryField
{
    inlet
    {
        type            uniformFixedValue;
        uniformValue    table;
        uniformValueCoeffs
        {
            values          
4
(
(0 1)
(0.15 1)
(0.151 0)
(1 0)
)
;
        }
        value           uniform 0;
    }
    outlet
    {
        type            inletOutlet;
        inletValue      uniform 0;
        value           nonuniform List<scalar> 
20
(
-9.26573e-61
1.96569e-58
5.30923e-56
3.94811e-54
-3.47881e-53
-2.66218e-51
-2.21005e-50
-1.35504e-49
-7.69864e-49
-2.26359e-48
-3.05875e-48
-1.72278e-48
-2.23254e-49
1.35996e-49
3.53489e-50
-4.6604e-51
-6.33496e-52
8.3498e-54
1.07247e-55
-6.48276e-58
)
;
    }
    walls
    {
        type            zeroGradient;
    }
    frontAndBack
    {
        type            empty;
    }
}


// ************************************************************************* //
