/*--------------------------------*- C++ -*----------------------------------*\
| =========                 |                                                 |
| \\      /  F ield         | OpenFOAM: The Open Source CFD Toolbox           |
|  \\    /   O peration     | Version:  2506                                  |
|   \\  /    A nd           | Website:  www.openfoam.com                      |
|    \\/     M anipulation  |                                                 |
\*---------------------------------------------------------------------------*/
FoamFile
{
    version     2.0;
    format      ascii;
    arch        "LSB;label=32;scalar=64";
    class       surfaceScalarField;
    location    "4";
    object      phi;
}
// * * * * * * * * * * * * * * * * * * * * * * * * * * * * * * * * * * * * * //

dimensions      [0 3 -1 0 0 0 0];

oriented        oriented;

internalField   nonuniform List<scalar> 
7780
(
2.08107e-09
4.18594e-10
1.64721e-09
4.3398e-10
1.34948e-09
2.97597e-10
1.16529e-09
1.84105e-10
1.05516e-09
1.10121e-10
9.87027e-10
6.81158e-11
9.41744e-10
4.52675e-11
9.09234e-10
3.25039e-11
8.84251e-10
2.49803e-11
8.64027e-10
2.02225e-11
8.47061e-10
1.6966e-11
8.32479e-10
1.45819e-11
8.19713e-10
1.27649e-11
8.08356e-10
1.13567e-11
7.9809e-10
1.02656e-11
7.88653e-10
9.43557e-12
7.7982e-10
8.83155e-12
7.71388e-10
8.43066e-12
7.63163e-10
8.22329e-12
7.54962e-10
8.19925e-12
7.46608e-10
8.35269e-12
7.37923e-10
8.68316e-12
7.28726e-10
9.19481e-12
7.18826e-10
9.89763e-12
7.08015e-10
1.08088e-11
6.96057e-10
1.19563e-11
6.82667e-10
1.33881e-11
6.67498e-10
1.51674e-11
6.50098e-10
1.73987e-11
6.29845e-10
2.0251e-11
6.05823e-10
2.40184e-11
5.7655e-10
2.92675e-11
5.39632e-10
3.69077e-11
4.84985e-10
5.46315e-11
4.35618e-10
4.93505e-11
4.14256e-10
2.13526e-11
4.0876e-10
5.5025e-12
4.09882e-10
-1.09712e-12
4.18949e-10
-9.02589e-12
4.39878e-10
-2.08859e-11
4.8552e-10
-4.56119e-11
5.40588e-10
-5.50648e-11
5.92092e-10
-5.15248e-11
6.41336e-10
-4.92742e-11
6.86064e-10
-4.47569e-11
7.27709e-10
-4.16684e-11
7.68103e-10
-4.04167e-11
8.02037e-10
-3.3954e-11
8.34651e-10
-3.26237e-11
8.63622e-10
-2.89767e-11
8.87377e-10
-2.37581e-11
9.09696e-10
-2.23118e-11
9.22964e-10
-1.32484e-11
9.3494e-10
-1.19454e-11
9.36271e-10
-1.2935e-12
9.3296e-10
3.34745e-12
9.21028e-10
1.19637e-11
8.98981e-10
2.20721e-11
8.75982e-10
2.3025e-11
8.37705e-10
3.83097e-11
8.01284e-10
3.64724e-11
7.59497e-10
4.18624e-11
7.16418e-10
4.31788e-11
6.76163e-10
4.03672e-11
6.34197e-10
4.20948e-11
5.98415e-10
3.59048e-11
5.62425e-10
3.61026e-11
5.32247e-10
3.0284e-11
5.03595e-10
2.8749e-11
4.78388e-10
2.52891e-11
4.56499e-10
2.19579e-11
4.35303e-10
2.1256e-11
4.17325e-10
1.80321e-11
4.00406e-10
1.69735e-11
3.84474e-10
1.59924e-11
3.70276e-10
1.42683e-11
3.57059e-10
1.33039e-11
3.44637e-10
1.25284e-11
3.33583e-10
1.11768e-11
3.23699e-10
1.00226e-11
3.14848e-10
8.99992e-12
3.07157e-10
7.84599e-12
3.0052e-10
6.79031e-12
2.9482e-10
5.84762e-12
2.90075e-10
4.8842e-12
2.85855e-10
4.35102e-12
2.81978e-10
3.99804e-12
2.78747e-10
3.34184e-12
2.75513e-10
3.33352e-12
2.72091e-10
3.50887e-12
2.69075e-10
3.08951e-12
2.65763e-10
3.37154e-12
2.62188e-10
3.62411e-12
2.59003e-10
3.22303e-12
2.55231e-10
3.80159e-12
2.52215e-10
3.03796e-12
2.4876e-10
3.47199e-12
2.46229e-10
2.54408e-12
2.43444e-10
2.79336e-12
2.42038e-10
1.41282e-12
2.40654e-10
1.38947e-12
2.40549e-10
1.08338e-13
2.4119e-10
-6.38242e-13
2.42509e-10
-1.31652e-12
2.45443e-10
-2.93094e-12
2.49061e-10
-3.61396e-12
2.54519e-10
-5.4533e-12
2.61025e-10
-6.49842e-12
2.69185e-10
-8.15008e-12
2.78822e-10
-9.62328e-12
2.90133e-10
-1.12923e-11
3.02966e-10
-1.28097e-11
3.17771e-10
-1.47741e-11
3.33591e-10
-1.57796e-11
3.51836e-10
-1.8196e-11
3.70943e-10
-1.90484e-11
3.91286e-10
-2.02744e-11
4.12845e-10
-2.14783e-11
4.34717e-10
-2.17829e-11
4.57106e-10
-2.22941e-11
4.79881e-10
-2.26757e-11
5.01924e-10
-2.19422e-11
5.23062e-10
-2.10372e-11
5.43685e-10
-2.05204e-11
5.63053e-10
-1.92643e-11
5.81255e-10
-1.80918e-11
5.98291e-10
-1.69189e-11
6.13986e-10
-1.55692e-11
6.2887e-10
-1.47507e-11
6.43702e-10
-1.46985e-11
6.5692e-10
-1.30924e-11
6.70249e-10
-1.32265e-11
6.85104e-10
-1.47943e-11
6.98589e-10
-1.34816e-11
7.13251e-10
-1.47272e-11
7.31128e-10
-1.80173e-11
7.46109e-10
-1.51899e-11
7.65102e-10
-1.92571e-11
7.82834e-10
-1.80225e-11
8.01388e-10
-1.88415e-11
8.19116e-10
-1.79783e-11
8.34733e-10
-1.58019e-11
8.46699e-10
-1.20673e-11
8.55748e-10
-9.06518e-12
8.5486e-10
9.44713e-13
8.53393e-10
1.57454e-12
8.35854e-10
1.76736e-11
8.15627e-10
2.03642e-11
7.87066e-10
2.869e-11
7.51322e-10
3.58613e-11
7.15775e-10
3.56567e-11
6.71682e-10
4.42021e-11
6.32126e-10
3.96647e-11
5.87282e-10
4.49505e-11
5.4725e-10
4.01165e-11
5.0307e-10
4.42389e-11
4.61821e-10
4.12765e-11
4.17656e-10
4.41518e-11
3.74253e-10
4.33612e-11
3.30982e-10
4.32374e-11
3.28452e-10
2.50658e-12
3.26525e-10
1.93123e-12
3.25699e-10
8.4576e-13
3.27288e-10
-1.57071e-12
3.38858e-10
-1.15677e-11
3.58995e-10
-2.01511e-11
3.96825e-10
-3.78584e-11
4.36493e-10
-3.96945e-11
4.73586e-10
-3.71138e-11
5.10282e-10
-3.67098e-11
5.46252e-10
-3.59772e-11
5.8042e-10
-3.41702e-11
6.11639e-10
-3.12191e-11
6.39016e-10
-2.73737e-11
6.62013e-10
-2.29936e-11
6.80459e-10
-1.84436e-11
6.94492e-10
-1.403e-11
7.04496e-10
-1.00039e-11
7.11052e-10
-6.55554e-12
7.1485e-10
-3.79962e-12
7.16407e-10
-1.55853e-12
7.16341e-10
6.28853e-14
7.15297e-10
1.04165e-12
7.13817e-10
1.47667e-12
7.12352e-10
1.46169e-12
7.11252e-10
1.09611e-12
7.10765e-10
4.84084e-13
7.11028e-10
-2.65713e-13
7.12138e-10
-1.11319e-12
7.13926e-10
-1.79002e-12
7.16338e-10
-2.413e-12
7.19221e-10
-2.88473e-12
7.22384e-10
-3.16398e-12
7.25616e-10
-3.23335e-12
7.28705e-10
-3.08998e-12
7.31432e-10
-2.72766e-12
7.33551e-10
-2.11994e-12
7.34741e-10
-1.19102e-12
7.34374e-10
3.64944e-13
3.62188e-12
2.63514e-09
2.83524e-10
2.58942e-09
4.79803e-10
2.44512e-09
4.41956e-10
2.28129e-09
3.47981e-10
2.135e-09
2.56406e-10
2.0182e-09
1.84898e-10
1.92707e-09
1.36382e-10
1.8544e-09
1.0517e-10
1.79483e-09
8.45566e-11
1.74486e-09
7.01931e-11
1.70217e-09
5.96551e-11
1.66517e-09
5.15823e-11
1.63271e-09
4.5224e-11
1.60391e-09
4.01596e-11
1.57804e-09
3.6132e-11
1.5545e-09
3.29751e-11
1.53275e-09
3.05794e-11
1.51232e-09
2.88685e-11
1.49274e-09
2.77959e-11
1.47362e-09
2.73243e-11
1.45454e-09
2.74278e-11
1.43513e-09
2.80929e-11
1.41501e-09
2.93186e-11
1.39379e-09
3.11181e-11
1.37107e-09
3.35232e-11
1.34644e-09
3.65903e-11
1.31941e-09
4.04148e-11
1.28945e-09
4.51317e-11
1.2559e-09
5.095e-11
1.21796e-09
5.81891e-11
1.17463e-09
6.73504e-11
1.12463e-09
7.92633e-11
1.0661e-09
9.54285e-11
9.94185e-10
1.26538e-10
9.29382e-10
1.14144e-10
8.96282e-10
5.4442e-11
8.88268e-10
1.35085e-11
8.99285e-10
-1.21131e-11
9.29839e-10
-3.9559e-11
9.84171e-10
-7.51686e-11
1.07076e-09
-1.32133e-10
1.17138e-09
-1.55628e-10
1.27246e-09
-1.5258e-10
1.37094e-09
-1.47769e-10
1.46283e-09
-1.36684e-10
1.54884e-09
-1.27729e-10
1.63019e-09
-1.21825e-10
1.70205e-09
-1.0588e-10
1.76906e-09
-9.97057e-11
1.82855e-09
-8.8529e-11
1.8794e-09
-7.46642e-11
1.92353e-09
-6.64822e-11
1.95554e-09
-4.52998e-11
1.97954e-09
-3.59687e-11
1.98864e-09
-1.04044e-11
1.98593e-09
6.06242e-12
1.96942e-09
2.84803e-11
1.93655e-09
5.49522e-11
1.89374e-09
6.58533e-11
1.8314e-09
1.0068e-10
1.76283e-09
1.05084e-10
1.68435e-09
1.20399e-10
1.60055e-09
1.27052e-10
1.5159e-09
1.25074e-10
1.42874e-09
1.29297e-10
1.34647e-09
1.1821e-10
1.26516e-09
1.17406e-10
1.19022e-09
1.05198e-10
1.11886e-09
1.00046e-10
1.05299e-09
9.10827e-11
9.92158e-10
8.27095e-11
9.3419e-10
7.91429e-11
8.80846e-10
7.13065e-11
8.3044e-10
6.7326e-11
7.82546e-10
6.38558e-11
7.37653e-10
5.91516e-11
6.95163e-10
5.58067e-11
6.54886e-10
5.28356e-11
6.17228e-10
4.88796e-11
5.82193e-10
4.51124e-11
5.497e-10
4.15512e-11
5.19859e-10
3.77445e-11
4.9257e-10
3.41313e-11
4.67688e-10
3.07744e-11
4.4506e-10
2.75489e-11
4.24225e-10
2.52172e-11
4.0482e-10
2.34297e-11
3.86702e-10
2.14843e-11
3.69333e-10
2.07244e-11
3.52479e-10
2.03808e-11
3.36101e-10
1.94816e-11
3.19998e-10
1.94853e-11
3.04205e-10
1.94254e-11
2.88946e-10
1.8489e-11
2.74315e-10
1.84374e-11
2.60696e-10
1.66609e-11
2.48395e-10
1.57754e-11
2.37824e-10
1.31187e-11
2.29455e-10
1.11651e-11
2.23646e-10
7.22496e-12
2.20915e-10
4.12419e-12
2.21767e-10
-7.40152e-13
2.25942e-10
-4.80966e-12
2.34323e-10
-9.69358e-12
2.47087e-10
-1.56915e-11
2.64213e-10
-2.07356e-11
2.8608e-10
-2.73174e-11
3.12484e-10
-3.28987e-11
3.43561e-10
-3.92232e-11
3.79156e-10
-4.52133e-11
4.19149e-10
-5.12799e-11
4.6324e-10
-5.68944e-11
5.11358e-10
-6.28843e-11
5.62429e-10
-6.68413e-11
6.17021e-10
-7.27765e-11
6.73366e-10
-7.53788e-11
7.31199e-10
-7.80914e-11
7.90086e-10
-8.03472e-11
8.48547e-10
-8.02257e-11
9.06252e-10
-7.99761e-11
9.62807e-10
-7.92034e-11
1.01715e-09
-7.62563e-11
1.06893e-09
-7.27934e-11
1.11824e-09
-6.98069e-11
1.16452e-09
-6.55282e-11
1.20791e-09
-6.14794e-11
1.24857e-09
-5.75808e-11
1.28667e-09
-5.36821e-11
1.32298e-09
-5.10663e-11
1.35821e-09
-4.99349e-11
1.39168e-09
-4.65637e-11
1.42507e-09
-4.66101e-11
1.45971e-09
-4.94239e-11
1.4935e-09
-4.72546e-11
1.52907e-09
-5.02974e-11
1.56712e-09
-5.60967e-11
1.60369e-09
-5.18196e-11
1.6431e-09
-5.87706e-11
1.68142e-09
-5.64787e-11
1.71908e-09
-5.66634e-11
1.75433e-09
-5.34102e-11
1.78466e-09
-4.62888e-11
1.80837e-09
-3.58966e-11
1.82392e-09
-2.46807e-11
1.82549e-09
-6.40058e-13
1.81815e-09
8.96417e-12
1.79153e-09
4.43788e-11
1.75367e-09
5.83246e-11
1.7015e-09
8.09651e-11
1.63543e-09
1.02023e-10
1.56239e-09
1.08779e-10
1.47697e-09
1.29697e-10
1.39043e-09
1.26252e-10
1.29672e-09
1.38698e-10
1.20498e-09
1.31864e-10
1.10796e-09
1.4125e-10
1.01256e-09
1.36656e-10
9.15669e-10
1.41002e-10
8.23055e-10
1.35937e-10
7.36621e-10
1.2966e-10
6.95583e-10
4.35583e-11
6.67968e-10
2.95684e-11
6.5062e-10
1.82112e-11
6.45528e-10
3.53152e-12
6.5914e-10
-2.51791e-11
6.93785e-10
-5.48049e-11
7.54001e-10
-9.8091e-11
8.25696e-10
-1.11408e-10
9.01182e-10
-1.12618e-10
9.7838e-10
-1.13924e-10
1.05448e-09
-1.12091e-10
1.12656e-09
-1.06255e-10
1.19208e-09
-9.67451e-11
1.24921e-09
-8.45071e-11
1.2969e-09
-7.06818e-11
1.33484e-09
-5.63768e-11
1.36335e-09
-4.25393e-11
1.38327e-09
-2.99204e-11
1.39575e-09
-1.90228e-11
1.40206e-09
-1.01145e-11
1.40363e-09
-3.12048e-12
1.40212e-09
1.57391e-12
1.39873e-09
4.43504e-12
1.39457e-09
5.6358e-12
1.39059e-09
5.44723e-12
1.38748e-09
4.20591e-12
1.38567e-09
2.29469e-12
1.3854e-09
3.41208e-15
1.38671e-09
-2.42526e-12
1.38944e-09
-4.51895e-12
1.3932e-09
-6.17924e-12
1.39758e-09
-7.25653e-12
1.40209e-09
-7.67722e-12
1.40628e-09
-7.42764e-12
1.40973e-09
-6.53883e-12
1.41207e-09
-5.06922e-12
1.41297e-09
-3.02001e-12
1.41213e-09
-3.5592e-13
1.40929e-09
3.20504e-12
8.48126e-12
2.6117e-09
1.7196e-10
2.71283e-09
3.78677e-10
2.73105e-09
4.2386e-10
2.68668e-09
3.92499e-10
2.61102e-09
3.32118e-10
2.52405e-09
2.71867e-10
2.43971e-09
2.20696e-10
2.36335e-09
1.81518e-10
2.29564e-09
1.52269e-10
2.23588e-09
1.29959e-10
2.18306e-09
1.12479e-10
2.1362e-09
9.84399e-11
2.09442e-09
8.70031e-11
2.05692e-09
7.76625e-11
2.02297e-09
7.00843e-11
1.99191e-09
6.40375e-11
1.96312e-09
5.93602e-11
1.93606e-09
5.59346e-11
1.91018e-09
5.36765e-11
1.88498e-09
5.25215e-11
1.85998e-09
5.24231e-11
1.83472e-09
5.33522e-11
1.80874e-09
5.52987e-11
1.78159e-09
5.8274e-11
1.75279e-09
6.23168e-11
1.72188e-09
6.75015e-11
1.68835e-09
7.39488e-11
1.65164e-09
8.18397e-11
1.61115e-09
9.14397e-11
1.56621e-09
1.03134e-10
1.51607e-09
1.17485e-10
1.46001e-09
1.35325e-10
1.3974e-09
1.58027e-10
1.3266e-09
1.97331e-10
1.26366e-09
1.77076e-10
1.23016e-09
8.79342e-11
1.22755e-09
1.60989e-11
1.25296e-09
-3.75454e-11
1.30571e-09
-9.23246e-11
1.38579e-09
-1.55227e-10
1.49361e-09
-2.39908e-10
1.61344e-09
-2.75392e-10
1.73525e-09
-2.74323e-10
1.8536e-09
-2.66078e-10
1.96436e-09
-2.47418e-10
2.06744e-09
-2.30813e-10
2.16329e-09
-2.17679e-10
2.24913e-09
-1.91729e-10
2.32759e-09
-1.78179e-10
2.39701e-09
-1.57963e-10
2.45642e-09
-1.34092e-10
2.50654e-09
-1.16622e-10
2.54463e-09
-8.34035e-11
2.5719e-09
-6.32465e-11
2.58509e-09
-2.36057e-11
2.58493e-09
6.2166e-12
2.56998e-09
4.34349e-11
2.53875e-09
8.61893e-11
2.49449e-09
1.10129e-10
2.43215e-09
1.63037e-10
2.35885e-09
1.78413e-10
2.27349e-09
2.0579e-10
2.17959e-09
2.20994e-10
2.08034e-09
2.2436e-10
1.97667e-09
2.32995e-10
1.8735e-09
2.2139e-10
1.77012e-09
2.20783e-10
1.67037e-09
2.04926e-10
1.57362e-09
1.96748e-10
1.48114e-09
1.8351e-10
1.39336e-09
1.70422e-10
1.30893e-09
1.6351e-10
1.22895e-09
1.51241e-10
1.15245e-09
1.43801e-10
1.07901e-09
1.37278e-10
1.0089e-09
1.29277e-10
9.41747e-10
1.22985e-10
8.77505e-10
1.17118e-10
8.16439e-10
1.09997e-10
7.58748e-10
1.02858e-10
7.04499e-10
9.5852e-11
6.53901e-10
8.83881e-11
6.06962e-10
8.11056e-11
5.63626e-10
7.41328e-11
5.23758e-10
6.74283e-11
4.86985e-10
6.19941e-11
4.52878e-10
5.75358e-11
4.2111e-10
5.32505e-11
3.91161e-10
5.06695e-11
3.62705e-10
4.88313e-11
3.35523e-10
4.66577e-11
3.09496e-10
4.55078e-11
2.8461e-10
4.43064e-11
2.61119e-10
4.19759e-11
2.39234e-10
4.03186e-11
2.19468e-10
3.64248e-11
2.02242e-10
3.30003e-11
1.88232e-10
2.71284e-11
1.77925e-10
2.14724e-11
1.72149e-10
1.30022e-11
1.71381e-10
4.89501e-12
1.76149e-10
-5.50601e-12
1.87454e-10
-1.61118e-11
2.05363e-10
-2.75989e-11
2.30357e-10
-4.06837e-11
2.62422e-10
-5.27981e-11
3.01948e-10
-6.68422e-11
3.48613e-10
-7.95631e-11
4.02308e-10
-9.29187e-11
4.62691e-10
-1.05596e-10
5.29232e-10
-1.17821e-10
6.01258e-10
-1.28922e-10
6.78103e-10
-1.39731e-10
7.58522e-10
-1.47262e-10
8.42173e-10
-1.56429e-10
9.27305e-10
-1.60511e-10
1.01313e-09
-1.63915e-10
1.09882e-09
-1.66038e-10
1.18288e-09
-1.64279e-10
1.26456e-09
-1.61654e-10
1.34336e-09
-1.57986e-10
1.41831e-09
-1.51185e-10
1.48914e-09
-1.436e-10
1.55582e-09
-1.36463e-10
1.6181e-09
-1.27781e-10
1.67622e-09
-1.19583e-10
1.73049e-09
-1.11835e-10
1.78133e-09
-1.04512e-10
1.82948e-09
-9.9211e-11
1.87558e-09
-9.60256e-11
1.91973e-09
-9.06878e-11
1.96306e-09
-8.9893e-11
2.00666e-09
-9.29434e-11
2.04936e-09
-8.98512e-11
2.09302e-09
-9.38453e-11
2.13737e-09
-1.00317e-10
2.18067e-09
-9.50066e-11
2.22442e-09
-1.02432e-10
2.26646e-09
-9.84838e-11
2.30595e-09
-9.61609e-11
2.34162e-09
-8.91353e-11
2.37077e-09
-7.55352e-11
2.39213e-09
-5.73626e-11
2.40319e-09
-3.58457e-11
2.40167e-09
8.05394e-13
2.38748e-09
2.31078e-11
2.35569e-09
7.61692e-11
2.30964e-09
1.04397e-10
2.24825e-09
1.42398e-10
2.17115e-09
1.79185e-10
2.08305e-09
1.9693e-10
1.98103e-09
2.31765e-10
1.87266e-09
2.34649e-10
1.7554e-09
2.55962e-10
1.63547e-09
2.51799e-10
1.50955e-09
2.67142e-10
1.38292e-09
2.63238e-10
1.2555e-09
2.68384e-10
1.13477e-09
2.56645e-10
1.02146e-09
2.42964e-10
9.448e-10
1.20244e-10
8.9043e-10
8.39663e-11
8.56142e-10
5.25182e-11
8.4403e-10
1.56532e-11
8.60472e-10
-4.16218e-11
9.06267e-10
-1.00611e-10
9.82175e-10
-1.74017e-10
1.07379e-09
-2.03041e-10
1.17145e-09
-2.1031e-10
1.27063e-09
-2.13118e-10
1.36718e-09
-2.08668e-10
1.45754e-09
-1.96625e-10
1.53886e-09
-1.78072e-10
1.60919e-09
-1.54843e-10
1.66749e-09
-1.28983e-10
1.71356e-09
-1.02441e-10
1.74792e-09
-7.68885e-11
1.77164e-09
-5.36363e-11
1.78621e-09
-3.35875e-11
1.79336e-09
-1.72517e-11
1.79504e-09
-4.80166e-12
1.79288e-09
3.73908e-12
1.78857e-09
8.74931e-12
1.78354e-09
1.06714e-11
1.77893e-09
1.00654e-11
1.77556e-09
7.57057e-12
1.77401e-09
3.85515e-12
1.77443e-09
-4.22216e-13
1.7767e-09
-4.69341e-12
1.78057e-09
-8.3867e-12
1.78551e-09
-1.11281e-11
1.79094e-09
-1.26873e-11
1.79622e-09
-1.29582e-11
1.80075e-09
-1.19557e-11
1.80401e-09
-9.79926e-12
1.8056e-09
-6.66212e-12
1.80528e-09
-2.70668e-12
1.80297e-09
1.95667e-12
1.79884e-09
7.32926e-12
1.39595e-11
2.56396e-09
1.07931e-10
2.67025e-09
2.72465e-10
2.74684e-09
3.47314e-10
2.77983e-09
3.5961e-10
2.77355e-09
3.38427e-10
2.74364e-09
3.01786e-10
2.69991e-09
2.64417e-10
2.65036e-09
2.3104e-10
2.60045e-09
2.02165e-10
2.55255e-09
1.77866e-10
2.50759e-09
1.57439e-10
2.4659e-09
1.40127e-10
2.42744e-09
1.25466e-10
2.39195e-09
1.13158e-10
2.35906e-09
1.02971e-10
2.32838e-09
9.47243e-11
2.29946e-09
8.82796e-11
2.27186e-09
8.3527e-11
2.24516e-09
8.0381e-11
2.2189e-09
7.87732e-11
2.19267e-09
7.8654e-11
2.16603e-09
7.99932e-11
2.13855e-09
8.27816e-11
2.10978e-09
8.70358e-11
2.0793e-09
9.28034e-11
2.04663e-09
1.00171e-10
2.0113e-09
1.09278e-10
1.97281e-09
1.20323e-10
1.93066e-09
1.33591e-10
1.88432e-09
1.49473e-10
1.83331e-09
1.68501e-10
1.77722e-09
1.91406e-10
1.71599e-09
2.19257e-10
1.64873e-09
2.64586e-10
1.58937e-09
2.36425e-10
1.55753e-09
1.19758e-10
1.55762e-09
1.59859e-11
1.58899e-09
-6.89452e-11
1.65017e-09
-1.5354e-10
1.73795e-09
-2.43037e-10
1.84854e-09
-3.50492e-10
1.9683e-09
-3.9512e-10
2.09024e-09
-3.96198e-10
2.20823e-09
-3.84004e-10
2.31838e-09
-3.57516e-10
2.42037e-09
-3.32766e-10
2.51444e-09
-3.11717e-10
2.5992e-09
-2.76469e-10
2.67572e-09
-2.54679e-10
2.74325e-09
-2.25469e-10
2.80146e-09
-1.92289e-10
2.85003e-09
-1.6518e-10
2.88794e-09
-1.2131e-10
2.91511e-09
-9.04274e-11
2.93028e-09
-3.87718e-11
2.93312e-09
3.37115e-12
2.9229e-09
5.3653e-11
2.8985e-09
1.10595e-10
2.86129e-09
1.47353e-10
2.80871e-09
2.1564e-10
2.74385e-09
2.4328e-10
2.66635e-09
2.83305e-10
2.57842e-09
3.0892e-10
2.48205e-09
3.20718e-10
2.37878e-09
3.36254e-10
2.27184e-09
3.28307e-10
2.16193e-09
3.30657e-10
2.05222e-09
3.14603e-10
1.94325e-09
3.05673e-10
1.83625e-09
2.9046e-10
1.73239e-09
2.74239e-10
1.63108e-09
2.64782e-10
1.53342e-09
2.48873e-10
1.43899e-09
2.38227e-10
1.34763e-09
2.28649e-10
1.25963e-09
2.17298e-10
1.17481e-09
2.07843e-10
1.09325e-09
1.98723e-10
1.01523e-09
1.88063e-10
9.41101e-10
1.77041e-10
8.71028e-10
1.65968e-10
8.05379e-10
1.54069e-10
7.44331e-10
1.4217e-10
6.87988e-10
1.30477e-10
6.36407e-10
1.19e-10
5.89324e-10
1.0906e-10
5.46377e-10
1.00465e-10
5.07376e-10
9.22326e-11
4.71648e-10
8.63805e-11
4.38781e-10
8.16818e-11
4.08609e-10
7.68154e-11
3.80753e-10
7.33514e-11
3.55044e-10
7.00049e-11
3.31951e-10
6.50596e-11
3.11141e-10
6.11221e-11
2.93689e-10
5.38714e-11
2.79333e-10
4.73535e-11
2.69412e-10
3.70473e-11
2.63734e-10
2.71496e-11
2.64014e-10
1.27216e-11
2.6986e-10
-9.49484e-13
2.82858e-10
-1.85023e-11
3.03114e-10
-3.63669e-11
3.3112e-10
-5.56031e-11
3.67724e-10
-7.72865e-11
4.12363e-10
-9.74368e-11
4.65907e-10
-1.20387e-10
5.27521e-10
-1.41179e-10
5.97102e-10
-1.62503e-10
6.74011e-10
-1.82511e-10
7.57351e-10
-2.01167e-10
8.46172e-10
-2.17751e-10
9.39442e-10
-2.33009e-10
1.03551e-09
-2.4334e-10
1.13385e-09
-2.54776e-10
1.2324e-09
-2.59081e-10
1.33027e-09
-2.61793e-10
1.42645e-09
-2.62234e-10
1.51955e-09
-2.57393e-10
1.60889e-09
-2.51012e-10
1.694e-09
-2.43107e-10
1.77415e-09
-2.31333e-10
1.8493e-09
-2.18741e-10
1.91953e-09
-2.06678e-10
1.98486e-09
-1.93097e-10
2.0457e-09
-1.8041e-10
2.10249e-09
-1.68602e-10
2.15576e-09
-1.57778e-10
2.20623e-09
-1.49674e-10
2.25448e-09
-1.44263e-10
2.30089e-09
-1.37081e-10
2.34614e-09
-1.35106e-10
2.39119e-09
-1.37907e-10
2.43518e-09
-1.33727e-10
2.47934e-09
-1.37851e-10
2.5229e-09
-1.43694e-10
2.56535e-09
-1.37248e-10
2.60654e-09
-1.43428e-10
2.64548e-09
-1.37262e-10
2.68072e-09
-1.31288e-10
2.71154e-09
-1.19897e-10
2.7355e-09
-9.94926e-11
2.75186e-09
-7.37709e-11
2.75821e-09
-4.22769e-11
2.75365e-09
5.26656e-12
2.73651e-09
4.01629e-11
2.70488e-09
1.07744e-10
2.65889e-09
1.50354e-10
2.59849e-09
2.02802e-10
2.52244e-09
2.55247e-10
2.43373e-09
2.85666e-10
2.33038e-09
3.35143e-10
2.21721e-09
3.47823e-10
2.09301e-09
3.80143e-10
1.96191e-09
3.82868e-10
1.82428e-09
4.04731e-10
1.68305e-09
4.04412e-10
1.54074e-09
4.10651e-10
1.4071e-09
3.9026e-10
1.28082e-09
3.69261e-10
1.18765e-09
2.13443e-10
1.12166e-09
1.4998e-10
1.08328e-09
9.09219e-11
1.07478e-09
2.41618e-11
1.10226e-09
-6.90984e-11
1.16381e-09
-1.62172e-10
1.25719e-09
-2.67415e-10
1.36489e-09
-3.10778e-10
1.47614e-09
-3.21587e-10
1.58601e-09
-3.2302e-10
1.69043e-09
-3.13114e-10
1.78618e-09
-2.9239e-10
1.87089e-09
-2.628e-10
1.94311e-09
-2.27073e-10
2.00223e-09
-1.88103e-10
2.0484e-09
-1.48602e-10
2.08241e-09
-1.10891e-10
2.10557e-09
-7.6784e-11
2.11953e-09
-4.75426e-11
2.12618e-09
-2.3892e-11
2.12748e-09
-6.08502e-12
2.12523e-09
5.99726e-12
2.12115e-09
1.28337e-11
2.1167e-09
1.513e-11
2.11301e-09
1.37533e-11
2.11091e-09
9.6733e-12
2.11087e-09
3.89893e-12
2.11302e-09
-2.56971e-12
2.11718e-09
-8.85212e-12
2.12295e-09
-1.416e-11
2.12975e-09
-1.79263e-11
2.13688e-09
-1.98234e-11
2.14364e-09
-1.97197e-11
2.14936e-09
-1.76773e-11
2.15348e-09
-1.39261e-11
2.15563e-09
-8.8084e-12
2.15562e-09
-2.70317e-12
2.15354e-09
4.03849e-12
2.14975e-09
1.11125e-11
1.90514e-11
2.53705e-09
7.07901e-11
2.6175e-09
1.9198e-10
2.69984e-09
2.64931e-10
2.76363e-09
2.95862e-10
2.80341e-09
2.98639e-10
2.81988e-09
2.8535e-10
2.819e-09
2.65323e-10
2.80723e-09
2.42776e-10
2.78867e-09
2.20698e-10
2.76623e-09
2.00307e-10
2.74198e-09
1.8169e-10
2.7172e-09
1.64917e-10
2.69256e-09
1.50111e-10
2.6684e-09
1.37312e-10
2.64486e-09
1.26511e-10
2.62191e-09
1.17676e-10
2.59942e-09
1.10765e-10
2.57722e-09
1.05732e-10
2.55506e-09
1.02536e-10
2.5327e-09
1.01138e-10
2.50984e-09
1.01513e-10
2.48617e-09
1.03656e-10
2.46138e-09
1.07576e-10
2.4351e-09
1.13313e-10
2.40697e-09
1.20934e-10
2.37659e-09
1.30547e-10
2.34356e-09
1.42306e-10
2.30746e-09
1.56426e-10
2.26786e-09
1.73191e-10
2.22436e-09
1.92972e-10
2.17661e-09
2.16244e-10
2.1244e-09
2.43612e-10
2.06775e-09
2.75905e-10
2.00587e-09
3.26464e-10
1.95076e-09
2.91523e-10
1.91953e-09
1.50986e-10
1.9175e-09
1.79841e-11
1.94565e-09
-9.71291e-11
2.00228e-09
-2.10213e-10
2.08266e-09
-3.23475e-10
2.18157e-09
-4.49438e-10
2.2878e-09
-5.01358e-10
2.39677e-09
-5.0514e-10
2.50201e-09
-4.89204e-10
2.59988e-09
-4.55335e-10
2.69004e-09
-4.22883e-10
2.77275e-09
-3.94394e-10
2.84751e-09
-3.51202e-10
2.91455e-09
-3.21692e-10
2.97324e-09
-2.84131e-10
3.02439e-09
-2.43407e-10
3.06692e-09
-2.07685e-10
3.1009e-09
-1.55281e-10
3.12566e-09
-1.15177e-10
3.14112e-09
-5.42334e-11
3.14649e-09
-2.00378e-12
3.14166e-09
5.84905e-11
3.12568e-09
1.26582e-10
3.09879e-09
1.74261e-10
3.05987e-09
2.54582e-10
3.00953e-09
2.93633e-10
2.94741e-09
3.45426e-10
2.87466e-09
3.81656e-10
2.79194e-09
4.03402e-10
2.70071e-09
4.2744e-10
2.60268e-09
4.2628e-10
2.49932e-09
4.33972e-10
2.39262e-09
4.21251e-10
2.28403e-09
4.14221e-10
2.17475e-09
3.9971e-10
2.06639e-09
3.82569e-10
1.95899e-09
3.72161e-10
1.85396e-09
3.53898e-10
1.75132e-09
3.40867e-10
1.65129e-09
3.28697e-10
1.55438e-09
3.14231e-10
1.46055e-09
3.01706e-10
1.37003e-09
2.89283e-10
1.28315e-09
2.74982e-10
1.20034e-09
2.59882e-10
1.12182e-09
2.44521e-10
1.04805e-09
2.27851e-10
9.79327e-10
2.10885e-10
9.15904e-10
1.9388e-10
8.58061e-10
1.76814e-10
8.05656e-10
1.61432e-10
7.58452e-10
1.47637e-10
7.16565e-10
1.3409e-10
6.79176e-10
1.23743e-10
6.45881e-10
1.14954e-10
6.16602e-10
1.06074e-10
5.90704e-10
9.92318e-11
5.67768e-10
9.29257e-11
5.48505e-10
8.43108e-11
5.31921e-10
7.76963e-11
5.19663e-10
6.6122e-11
5.1072e-10
5.62912e-11
5.07056e-10
4.07066e-11
5.07778e-10
2.64258e-11
5.15442e-10
5.05622e-12
5.28927e-10
-1.44353e-11
5.50414e-10
-3.99889e-11
5.79598e-10
-6.55511e-11
6.17126e-10
-9.31308e-11
6.63997e-10
-1.24158e-10
7.19171e-10
-1.52612e-10
7.83681e-10
-1.849e-10
8.56208e-10
-2.1371e-10
9.36439e-10
-2.4274e-10
1.02346e-09
-2.69544e-10
1.11597e-09
-2.93685e-10
1.21279e-09
-3.14578e-10
1.31257e-09
-3.32801e-10
1.41344e-09
-3.4423e-10
1.51482e-09
-3.56172e-10
1.61454e-09
-3.58827e-10
1.71175e-09
-3.59024e-10
1.80555e-09
-3.5606e-10
1.89476e-09
-3.46634e-10
1.97895e-09
-3.35241e-10
2.05794e-09
-3.22121e-10
2.13129e-09
-3.04715e-10
2.19932e-09
-2.86783e-10
2.26231e-09
-2.69679e-10
2.32057e-09
-2.51365e-10
2.37468e-09
-2.34518e-10
2.42517e-09
-2.19097e-10
2.47269e-09
-2.05297e-10
2.51789e-09
-1.94875e-10
2.56125e-09
-1.87638e-10
2.60324e-09
-1.79071e-10
2.64415e-09
-1.76017e-10
2.68492e-09
-1.78644e-10
2.72461e-09
-1.73341e-10
2.76402e-09
-1.77132e-10
2.80215e-09
-1.8167e-10
2.8392e-09
-1.741e-10
2.87409e-09
-1.78101e-10
2.90661e-09
-1.69583e-10
2.93513e-09
-1.59621e-10
2.9594e-09
-1.44042e-10
2.9774e-09
-1.17413e-10
2.98892e-09
-8.52826e-11
2.99183e-09
-4.52204e-11
2.98606e-09
1.09668e-11
2.96944e-09
5.66962e-11
2.94176e-09
1.35354e-10
2.90138e-09
1.90679e-10
2.84868e-09
2.55485e-10
2.78172e-09
3.22202e-10
2.70215e-09
3.65252e-10
2.60815e-09
4.29156e-10
2.50255e-09
4.53422e-10
2.38426e-09
4.98399e-10
2.25644e-09
5.1064e-10
2.12027e-09
5.40852e-10
1.97778e-09
5.46846e-10
1.83359e-09
5.5479e-10
1.6999e-09
5.23941e-10
1.57443e-09
4.94749e-10
1.48277e-09
3.05127e-10
1.42171e-09
2.11074e-10
1.39317e-09
1.19483e-10
1.39904e-09
1.83008e-11
1.44454e-09
-1.14592e-10
1.5243e-09
-2.41937e-10
1.63339e-09
-3.7653e-10
1.75181e-09
-4.29228e-10
1.86885e-09
-4.38665e-10
1.98038e-09
-4.34593e-10
2.08316e-09
-4.1594e-10
2.17491e-09
-3.84168e-10
2.25416e-09
-3.42074e-10
2.32025e-09
-2.93169e-10
2.3732e-09
-2.41053e-10
2.41364e-09
-1.89035e-10
2.44268e-09
-1.39928e-10
2.46183e-09
-9.59155e-11
2.47279e-09
-5.84969e-11
2.47743e-09
-2.8514e-11
2.47758e-09
-6.22414e-12
2.47499e-09
8.60607e-12
2.47121e-09
1.66235e-11
2.46756e-09
1.87882e-11
2.46505e-09
1.62654e-11
2.46438e-09
1.03476e-11
2.46591e-09
2.37203e-12
2.46971e-09
-6.36218e-12
2.47554e-09
-1.46816e-11
2.48296e-09
-2.15835e-11
2.49137e-09
-2.63434e-11
2.50008e-09
-2.85375e-11
2.50837e-09
-2.80132e-11
2.51557e-09
-2.48814e-11
2.52113e-09
-1.94886e-11
2.52468e-09
-1.23538e-11
2.52606e-09
-4.0876e-12
2.5254e-09
4.69231e-12
2.52312e-09
1.33929e-11
2.27081e-11
2.52316e-09
4.75702e-11
2.58131e-09
1.33753e-10
2.65288e-09
1.93292e-10
2.72231e-09
2.26418e-10
2.78102e-09
2.39948e-10
2.82596e-09
2.40447e-10
2.85803e-09
2.3324e-10
2.87885e-09
2.21968e-10
2.89076e-09
2.08802e-10
2.89623e-09
1.94813e-10
2.89701e-09
1.80902e-10
2.89426e-09
1.6767e-10
2.88887e-09
1.55508e-10
2.8815e-09
1.44683e-10
2.8726e-09
1.35414e-10
2.86244e-09
1.2783e-10
2.8512e-09
1.22011e-10
2.83892e-09
1.18001e-10
2.82562e-09
1.15835e-10
2.81125e-09
1.15512e-10
2.79569e-09
1.17071e-10
2.7788e-09
1.20544e-10
2.7604e-09
1.25977e-10
2.74026e-09
1.33452e-10
2.71812e-09
1.43073e-10
2.69369e-09
1.54974e-10
2.66666e-09
1.69337e-10
2.63669e-09
1.86394e-10
2.60344e-09
2.06433e-10
2.56661e-09
2.29801e-10
2.52594e-09
2.56919e-10
2.48126e-09
2.88286e-10
2.43259e-09
3.24574e-10
2.3792e-09
3.79845e-10
2.33028e-09
3.40442e-10
2.29916e-09
1.82105e-10
2.29184e-09
2.52802e-11
2.31091e-09
-1.16232e-10
2.35496e-09
-2.54306e-10
2.4189e-09
-3.87485e-10
2.49754e-09
-5.28139e-10
2.58261e-09
-5.86468e-10
2.67158e-09
-5.94116e-10
2.75762e-09
-5.75225e-10
2.83721e-09
-5.34901e-10
2.91007e-09
-4.95709e-10
2.97654e-09
-4.60833e-10
3.03642e-09
-4.11047e-10
3.09e-09
-3.75249e-10
3.13664e-09
-3.30745e-10
3.17738e-09
-2.84116e-10
3.21127e-09
-2.41558e-10
3.23907e-09
-1.83063e-10
3.2598e-09
-1.35893e-10
3.27422e-09
-6.86538e-11
3.28131e-09
-9.10019e-12
3.28143e-09
5.83788e-11
3.27383e-09
1.34194e-10
3.25811e-09
1.90006e-10
3.23409e-09
2.78633e-10
3.20079e-09
3.26957e-10
3.15777e-09
3.88447e-10
3.10536e-09
4.34061e-10
3.04305e-09
4.65681e-10
2.97196e-09
4.98479e-10
2.89245e-09
5.0574e-10
2.80605e-09
5.20327e-10
2.71371e-09
5.13546e-10
2.61716e-09
5.10743e-10
2.51741e-09
4.9945e-10
2.41626e-09
4.83709e-10
2.31412e-09
4.74301e-10
2.21267e-09
4.55365e-10
2.11232e-09
4.41236e-10
2.01362e-09
4.27419e-10
1.91737e-09
4.10509e-10
1.82367e-09
3.9544e-10
1.73291e-09
3.80081e-10
1.64544e-09
3.62479e-10
1.56177e-09
3.43569e-10
1.48207e-09
3.24235e-10
1.40684e-09
3.03071e-10
1.33641e-09
2.81292e-10
1.27109e-09
2.59159e-10
1.21134e-09
2.36519e-10
1.15715e-09
2.15579e-10
1.10842e-09
1.96319e-10
1.06564e-09
1.76832e-10
1.02796e-09
1.61388e-10
9.95143e-10
1.47744e-10
9.67182e-10
1.34009e-10
9.43379e-10
1.23012e-10
9.2307e-10
1.13215e-10
9.07191e-10
1.00173e-10
8.94206e-10
9.06688e-11
8.8618e-10
7.41373e-11
8.81569e-10
6.08947e-11
8.82812e-10
3.94572e-11
8.88532e-10
2.07017e-11
9.01943e-10
-8.35723e-12
9.21395e-10
-3.38897e-11
9.49544e-10
-6.81397e-11
9.8573e-10
-1.01739e-10
1.03066e-09
-1.38061e-10
1.08517e-09
-1.78672e-10
1.14792e-09
-2.1536e-10
1.21969e-09
-2.56679e-10
1.29883e-09
-2.92858e-10
1.38459e-09
-3.28508e-10
1.47585e-09
-3.60804e-10
1.57082e-09
-3.88671e-10
1.66823e-09
-4.11998e-10
1.76642e-09
-4.31018e-10
1.86357e-09
-4.41392e-10
1.95899e-09
-4.51617e-10
2.0507e-09
-4.5057e-10
2.13799e-09
-4.46346e-10
2.22023e-09
-4.38329e-10
2.29658e-09
-4.23026e-10
2.36696e-09
-4.05663e-10
2.43155e-09
-3.86752e-10
2.49032e-09
-3.63533e-10
2.54393e-09
-3.40433e-10
2.5929e-09
-3.18678e-10
2.63778e-09
-2.96272e-10
2.67929e-09
-2.76044e-10
2.71805e-09
-2.57868e-10
2.75474e-09
-2.41991e-10
2.78993e-09
-2.30084e-10
2.824e-09
-2.21723e-10
2.85726e-09
-2.12361e-10
2.88998e-09
-2.0875e-10
2.92289e-09
-2.11566e-10
2.9547e-09
-2.05121e-10
2.9862e-09
-2.08569e-10
3.01621e-09
-2.11569e-10
3.04535e-09
-2.03093e-10
3.07202e-09
-2.04589e-10
3.09661e-09
-1.93982e-10
3.11748e-09
-1.80303e-10
3.13485e-09
-1.61253e-10
3.14709e-09
-1.29542e-10
3.15449e-09
-9.26352e-11
3.15521e-09
-4.59416e-11
3.14996e-09
1.61778e-11
3.13626e-09
7.03395e-11
3.1151e-09
1.56446e-10
3.08389e-09
2.2184e-10
3.04321e-09
2.96141e-10
2.99067e-09
3.74742e-10
2.92693e-09
4.29006e-10
2.85012e-09
5.05981e-10
2.76147e-09
5.42075e-10
2.65962e-09
6.00229e-10
2.54681e-09
6.23413e-10
2.42339e-09
6.64216e-10
2.29182e-09
6.78368e-10
2.15746e-09
6.89118e-10
2.03533e-09
6.4606e-10
1.92271e-09
6.07398e-10
1.84519e-09
3.82674e-10
1.80033e-09
2.55963e-10
1.79033e-09
1.29508e-10
1.81603e-09
-7.37996e-12
1.88092e-09
-1.7947e-10
1.97599e-09
-3.37005e-10
2.09395e-09
-4.94515e-10
2.21466e-09
-5.49979e-10
2.3288e-09
-5.52851e-10
2.4335e-09
-5.39348e-10
2.52668e-09
-5.09167e-10
2.60714e-09
-4.64669e-10
2.67442e-09
-4.09388e-10
2.72869e-09
-3.47455e-10
2.77062e-09
-2.82983e-10
2.80128e-09
-2.19694e-10
2.82208e-09
-1.60718e-10
2.83463e-09
-1.08451e-10
2.84064e-09
-6.44893e-11
2.84182e-09
-2.96746e-11
2.8398e-09
-4.1924e-12
2.83608e-09
1.2342e-11
2.83197e-09
2.07558e-11
2.82852e-09
2.2251e-11
2.82653e-09
1.82627e-11
2.82652e-09
1.03642e-11
2.82872e-09
1.69699e-13
2.83313e-09
-1.07658e-11
2.83949e-09
-2.10382e-11
2.84737e-09
-2.94687e-11
2.85623e-09
-3.52026e-11
2.86542e-09
-3.77349e-11
2.8743e-09
-3.68967e-11
2.88225e-09
-3.28433e-11
2.88878e-09
-2.6023e-11
2.89354e-09
-1.7112e-11
2.89638e-09
-6.92684e-12
2.89739e-09
3.67519e-12
2.89694e-09
1.38454e-11
2.45442e-11
2.51583e-09
3.16977e-11
2.55897e-09
9.05592e-11
2.61794e-09
1.34272e-10
2.68243e-09
1.61912e-10
2.74536e-09
1.77036e-10
2.80258e-09
1.83257e-10
2.85236e-09
1.83482e-10
2.89446e-09
1.79877e-10
2.92937e-09
1.73887e-10
2.9578e-09
1.66373e-10
2.98059e-09
1.58107e-10
2.99854e-09
1.49722e-10
3.01237e-09
1.4169e-10
3.02262e-09
1.34428e-10
3.0298e-09
1.28237e-10
3.03429e-09
1.23341e-10
3.03639e-09
1.19905e-10
3.03634e-09
1.18048e-10
3.03428e-09
1.17896e-10
3.03036e-09
1.1943e-10
3.0246e-09
1.22829e-10
3.01702e-09
1.28126e-10
3.00758e-09
1.3542e-10
2.99617e-09
1.44854e-10
2.98267e-09
1.56572e-10
2.9669e-09
1.70744e-10
2.94865e-09
1.87585e-10
2.92769e-09
2.07353e-10
2.90377e-09
2.3035e-10
2.87666e-09
2.56909e-10
2.84617e-09
2.87411e-10
2.81217e-09
3.22286e-10
2.77462e-09
3.62116e-10
2.73303e-09
4.21436e-10
2.69291e-09
3.80568e-10
2.66283e-09
2.12176e-10
2.64954e-09
3.85631e-11
2.65738e-09
-1.24095e-10
2.68557e-09
-2.82537e-10
2.72938e-09
-4.31356e-10
2.78428e-09
-5.83107e-10
2.84524e-09
-6.4749e-10
2.9115e-09
-6.60408e-10
2.97586e-09
-6.39596e-10
3.03492e-09
-5.93944e-10
3.08838e-09
-5.49147e-10
3.13663e-09
-5.09064e-10
3.1798e-09
-4.54188e-10
3.21809e-09
-4.13512e-10
3.25122e-09
-3.63857e-10
3.28016e-09
-3.13039e-10
3.30418e-09
-2.65562e-10
3.32455e-09
-2.03423e-10
3.34019e-09
-1.51528e-10
3.35246e-09
-8.09216e-11
3.36042e-09
-1.70638e-11
3.36456e-09
5.42409e-11
3.36453e-09
1.34244e-10
3.3595e-09
1.95071e-10
3.34998e-09
2.88187e-10
3.33402e-09
3.4294e-10
3.31128e-09
4.11206e-10
3.28144e-09
4.63913e-10
3.24309e-09
5.04007e-10
3.19702e-09
5.4452e-10
3.14237e-09
5.60351e-10
3.08052e-09
5.82143e-10
3.01135e-09
5.82688e-10
2.93653e-09
5.85555e-10
2.85663e-09
5.79356e-10
2.77338e-09
5.66973e-10
2.6873e-09
5.60402e-10
2.60009e-09
5.42609e-10
2.51243e-09
5.28928e-10
2.42512e-09
5.14766e-10
2.33915e-09
4.96528e-10
2.25472e-09
4.79898e-10
2.17241e-09
4.62431e-10
2.09254e-09
4.42365e-10
2.0157e-09
4.20417e-10
1.94197e-09
3.97965e-10
1.87182e-09
3.73197e-10
1.80552e-09
3.47548e-10
1.74338e-09
3.2125e-10
1.68591e-09
2.93933e-10
1.63319e-09
2.68234e-10
1.58529e-09
2.44172e-10
1.543e-09
2.19072e-10
1.50559e-09
1.98754e-10
1.47315e-09
1.8014e-10
1.44579e-09
1.61338e-10
1.42301e-09
1.45758e-10
1.40402e-09
1.32185e-10
1.38998e-09
1.14188e-10
1.37903e-09
1.01607e-10
1.37348e-09
7.96718e-11
1.37145e-09
6.29203e-11
1.37564e-09
3.52529e-11
1.38434e-09
1.20013e-11
1.40119e-09
-2.52151e-11
1.42416e-09
-5.68669e-11
1.45616e-09
-1.00145e-10
1.49621e-09
-1.41783e-10
1.54502e-09
-1.86877e-10
1.60306e-09
-2.36718e-10
1.66884e-09
-2.81141e-10
1.74265e-09
-3.30498e-10
1.82267e-09
-3.72884e-10
1.90761e-09
-4.13457e-10
1.99624e-09
-4.4944e-10
2.08636e-09
-4.78805e-10
2.1767e-09
-5.02357e-10
2.26541e-09
-5.19746e-10
2.35088e-09
-5.26885e-10
2.43239e-09
-5.33156e-10
2.5084e-09
-5.26601e-10
2.57838e-09
-5.16361e-10
2.64205e-09
-5.02039e-10
2.69906e-09
-4.80078e-10
2.74968e-09
-4.56328e-10
2.79451e-09
-4.31626e-10
2.83393e-09
-4.03012e-10
2.8689e-09
-3.75454e-10
2.90008e-09
-3.49901e-10
2.92821e-09
-3.24438e-10
2.95409e-09
-3.01944e-10
2.97836e-09
-2.82163e-10
3.0017e-09
-2.65346e-10
3.02458e-09
-2.52972e-10
3.04714e-09
-2.44304e-10
3.06942e-09
-2.34659e-10
3.09233e-09
-2.31696e-10
3.11511e-09
-2.34375e-10
3.13727e-09
-2.27285e-10
3.15933e-09
-2.30613e-10
3.17991e-09
-2.32091e-10
3.19999e-09
-2.23081e-10
3.21768e-09
-2.22137e-10
3.23383e-09
-2.09982e-10
3.24693e-09
-1.93236e-10
3.25757e-09
-1.71744e-10
3.26454e-09
-1.36394e-10
3.26854e-09
-9.65627e-11
3.26804e-09
-4.54213e-11
3.26442e-09
1.97837e-11
3.25501e-09
7.97141e-11
3.24185e-09
1.6956e-10
3.22179e-09
2.41868e-10
3.19556e-09
3.22351e-10
3.16058e-09
4.09722e-10
3.11687e-09
4.72742e-10
3.06257e-09
5.60305e-10
2.99754e-09
6.07114e-10
2.92011e-09
6.77649e-10
2.83141e-09
7.12087e-10
2.7309e-09
7.64686e-10
2.62081e-09
7.8842e-10
2.50687e-09
8.0305e-10
2.4066e-09
7.46333e-10
2.31671e-09
6.97311e-10
2.26091e-09
4.38506e-10
2.23768e-09
2.79215e-10
2.2488e-09
1.1842e-10
2.29378e-09
-5.23365e-11
2.37384e-09
-2.59514e-10
2.47682e-09
-4.39983e-10
2.59363e-09
-6.1135e-10
2.70668e-09
-6.6306e-10
2.80897e-09
-6.55199e-10
2.899e-09
-6.29441e-10
2.97587e-09
-5.86094e-10
3.03945e-09
-5.28294e-10
3.09018e-09
-4.60161e-10
3.12895e-09
-3.86242e-10
3.1569e-09
-3.10941e-10
3.17542e-09
-2.38211e-10
3.18607e-09
-1.71365e-10
3.19052e-09
-1.12878e-10
3.19036e-09
-6.43114e-11
3.1871e-09
-2.63951e-11
3.18209e-09
8.41338e-13
3.1765e-09
1.79466e-11
3.17132e-09
2.59529e-11
3.1673e-09
2.62811e-11
3.16498e-09
2.05947e-11
3.16466e-09
1.06919e-11
3.16644e-09
-1.60103e-12
3.17021e-09
-1.45378e-11
3.17573e-09
-2.65528e-11
3.1826e-09
-3.63465e-11
3.19037e-09
-4.29726e-11
3.1985e-09
-4.58728e-11
3.20647e-09
-4.48736e-11
3.2138e-09
-4.01698e-11
3.22006e-09
-3.22932e-11
3.22499e-09
-2.20441e-11
3.22846e-09
-1.0395e-11
3.23051e-09
1.6166e-12
3.23141e-09
1.29462e-11
2.48412e-11
2.5119e-09
1.97704e-11
2.54559e-09
5.68374e-11
2.59445e-09
8.53815e-11
2.65163e-09
1.04714e-10
2.71191e-09
1.1677e-10
2.77165e-09
1.2355e-10
2.82857e-09
1.26588e-10
2.88142e-09
1.27034e-10
2.92961e-09
1.25694e-10
2.97288e-09
1.23095e-10
3.01127e-09
1.19722e-10
3.04495e-09
1.16046e-10
3.07418e-09
1.12463e-10
3.09929e-09
1.09317e-10
3.12062e-09
1.06899e-10
3.13852e-09
1.05445e-10
3.15328e-09
1.05141e-10
3.16519e-09
1.06138e-10
3.17448e-09
1.08609e-10
3.18135e-09
1.12559e-10
3.18595e-09
1.18226e-10
3.18841e-09
1.25659e-10
3.18882e-09
1.35012e-10
3.18717e-09
1.46503e-10
3.18344e-09
1.60304e-10
3.17757e-09
1.76613e-10
3.16946e-09
1.95689e-10
3.15899e-09
2.17827e-10
3.14599e-09
2.43349e-10
3.13031e-09
2.72581e-10
3.11185e-09
3.05874e-10
3.09049e-09
3.43641e-10
3.06618e-09
3.86424e-10
3.03874e-09
4.4888e-10
3.00974e-09
4.09572e-10
2.98257e-09
2.39341e-10
2.96457e-09
5.65567e-11
2.96179e-09
-1.21329e-10
2.97424e-09
-2.95017e-10
2.99789e-09
-4.55055e-10
3.02911e-09
-6.14392e-10
3.0661e-09
-6.84541e-10
3.10958e-09
-7.03938e-10
3.15213e-09
-6.82162e-10
3.19045e-09
-6.32265e-10
3.22427e-09
-5.82949e-10
3.25401e-09
-5.38789e-10
3.28011e-09
-4.80265e-10
3.30269e-09
-4.36078e-10
3.32184e-09
-3.8299e-10
3.33855e-09
-3.29731e-10
3.35221e-09
-2.79218e-10
3.36452e-09
-2.15732e-10
3.37439e-09
-1.61392e-10
3.38365e-09
-9.01848e-11
3.39136e-09
-2.47797e-11
3.39841e-09
4.7205e-11
3.40492e-09
1.27719e-10
3.40915e-09
1.90894e-10
3.4121e-09
2.85302e-10
3.41221e-09
3.42828e-10
3.4091e-09
4.1437e-10
3.40156e-09
4.71469e-10
3.38788e-09
5.17666e-10
3.36855e-09
5.63825e-10
3.34176e-09
5.87124e-10
3.30866e-09
6.15222e-10
3.26813e-09
6.23213e-10
3.22165e-09
6.32032e-10
3.1692e-09
6.31826e-10
3.11218e-09
6.24021e-10
3.05105e-09
6.2157e-10
2.98722e-09
6.06488e-10
2.92149e-09
5.94709e-10
2.85474e-09
5.81572e-10
2.78796e-09
5.63358e-10
2.72145e-09
5.4645e-10
2.65588e-09
5.28039e-10
2.59154e-09
5.06732e-10
2.52906e-09
4.82897e-10
2.46846e-09
4.58554e-10
2.41013e-09
4.31495e-10
2.35423e-09
4.0339e-10
2.30099e-09
3.74426e-10
2.25087e-09
3.43981e-10
2.20401e-09
3.15029e-10
2.16051e-09
2.8761e-10
2.12138e-09
2.58137e-10
2.08606e-09
2.34025e-10
2.05506e-09
2.11096e-10
2.02855e-09
1.87805e-10
2.00652e-09
1.67754e-10
1.98816e-09
1.50512e-10
1.97494e-09
1.27384e-10
1.9649e-09
1.11629e-10
1.96048e-09
8.40705e-11
1.95965e-09
6.3739e-11
1.96519e-09
2.96985e-11
1.97506e-09
2.1235e-12
1.99312e-09
-4.32782e-11
2.017e-09
-8.07538e-11
2.04962e-09
-1.32765e-10
2.08966e-09
-1.81832e-10
2.13787e-09
-2.35083e-10
2.19416e-09
-2.93013e-10
2.25709e-09
-3.44077e-10
2.32633e-09
-3.99748e-10
2.40011e-09
-4.46668e-10
2.47662e-09
-4.89977e-10
2.55466e-09
-5.27494e-10
2.63176e-09
-5.55916e-10
2.70682e-09
-5.77435e-10
2.77792e-09
-5.90864e-10
2.84393e-09
-5.92908e-10
2.90412e-09
-5.93376e-10
2.95758e-09
-5.80084e-10
3.00403e-09
-5.62853e-10
3.0436e-09
-5.41643e-10
3.07646e-09
-5.12981e-10
3.10327e-09
-4.83184e-10
3.12503e-09
-4.53433e-10
3.14249e-09
-4.20523e-10
3.15672e-09
-3.89739e-10
3.16841e-09
-3.6164e-10
3.17842e-09
-3.34494e-10
3.18759e-09
-3.11143e-10
3.19653e-09
-2.91126e-10
3.20581e-09
-2.74632e-10
3.21564e-09
-2.62824e-10
3.22585e-09
-2.54524e-10
3.23719e-09
-2.46017e-10
3.24914e-09
-2.43655e-10
3.26102e-09
-2.46286e-10
3.27303e-09
-2.39316e-10
3.28511e-09
-2.42701e-10
3.29588e-09
-2.42833e-10
3.3066e-09
-2.33755e-10
3.31523e-09
-2.30677e-10
3.32302e-09
-2.17657e-10
3.32861e-09
-1.98701e-10
3.33291e-09
-1.75925e-10
3.33511e-09
-1.38488e-10
3.33625e-09
-9.76226e-11
3.33523e-09
-4.43737e-11
3.33358e-09
2.14404e-11
3.32881e-09
8.44538e-11
3.32414e-09
1.74201e-10
3.31575e-09
2.50233e-10
3.30465e-09
3.33434e-10
3.28843e-09
4.25946e-10
3.26661e-09
4.94596e-10
3.23754e-09
5.89401e-10
3.19992e-09
6.44759e-10
3.15196e-09
7.25617e-10
3.09363e-09
7.70403e-10
3.02373e-09
8.34564e-10
2.94354e-09
8.68597e-10
2.85885e-09
8.87734e-10
2.78881e-09
8.16388e-10
2.72929e-09
7.56853e-10
2.69916e-09
4.68659e-10
2.69876e-09
2.79642e-10
2.72911e-09
8.80949e-11
2.78853e-09
-1.1174e-10
2.87594e-09
-3.4691e-10
2.97704e-09
-5.41084e-10
3.08174e-09
-7.16065e-10
3.1773e-09
-7.58647e-10
3.2596e-09
-7.3756e-10
3.32831e-09
-6.9821e-10
3.38362e-09
-6.41461e-10
3.42639e-09
-5.71115e-10
3.45783e-09
-4.91637e-10
3.47926e-09
-4.07692e-10
3.49204e-09
-3.23737e-10
3.49767e-09
-2.43846e-10
3.49776e-09
-1.71447e-10
3.49388e-09
-1.08979e-10
3.48743e-09
-5.78407e-11
3.47962e-09
-1.85676e-11
3.47146e-09
9.02061e-12
3.46379e-09
2.56357e-11
3.45724e-09
3.25152e-11
3.45226e-09
3.12818e-11
3.44908e-09
2.37833e-11
3.4478e-09
1.19798e-11
3.44836e-09
-2.15553e-12
3.45058e-09
-1.67555e-11
3.45419e-09
-3.01628e-11
3.45886e-09
-4.10175e-11
3.46422e-09
-4.8335e-11
3.46988e-09
-5.15436e-11
3.47549e-09
-5.04846e-11
3.48071e-09
-4.53929e-11
3.48528e-09
-3.68671e-11
3.48903e-09
-2.57994e-11
3.49189e-09
-1.32614e-11
3.49391e-09
-3.99705e-13
3.49522e-09
1.16327e-11
2.42707e-11
2.50983e-09
9.92201e-12
2.53801e-09
2.86274e-11
2.58011e-09
4.32622e-11
2.63124e-09
5.35797e-11
2.68743e-09
6.05922e-11
2.74573e-09
6.52811e-11
2.804e-09
6.83358e-11
2.86078e-09
7.02611e-11
2.91506e-09
7.14164e-11
2.96611e-09
7.20448e-11
3.01345e-09
7.23762e-11
3.05684e-09
7.26544e-11
3.0962e-09
7.3105e-11
3.13158e-09
7.39364e-11
3.16314e-09
7.5342e-11
3.19109e-09
7.74953e-11
3.21568e-09
8.05507e-11
3.23716e-09
8.465e-11
3.25583e-09
8.99459e-11
3.27185e-09
9.65373e-11
3.28545e-09
1.04619e-10
3.29687e-09
1.14238e-10
3.30625e-09
1.25635e-10
3.31363e-09
1.39117e-10
3.31912e-09
1.54811e-10
3.32277e-09
1.7296e-10
3.32458e-09
1.93878e-10
3.32451e-09
2.17901e-10
3.32247e-09
2.45386e-10
3.31841e-09
2.76636e-10
3.31232e-09
3.11964e-10
3.30412e-09
3.51844e-10
3.2937e-09
3.9684e-10
3.28128e-09
4.61302e-10
3.26474e-09
4.26116e-10
3.24243e-09
2.61656e-10
3.22192e-09
7.70687e-11
3.21062e-09
-1.1004e-10
3.20931e-09
-2.93728e-10
3.21477e-09
-4.6056e-10
3.2243e-09
-6.23969e-10
3.23903e-09
-6.99327e-10
3.26094e-09
-7.25893e-10
3.28256e-09
-7.03815e-10
3.30086e-09
-6.50573e-10
3.3156e-09
-5.97675e-10
3.32725e-09
-5.50434e-10
3.3366e-09
-4.89595e-10
3.34371e-09
-4.43174e-10
3.34898e-09
-3.88248e-10
3.35349e-09
-3.34232e-10
3.35675e-09
-2.82474e-10
3.36075e-09
-2.19735e-10
3.36441e-09
-1.65062e-10
3.36992e-09
-9.56972e-11
3.3764e-09
-3.12638e-11
3.38486e-09
3.87481e-11
3.39544e-09
1.17149e-10
3.40698e-09
1.79396e-10
3.42122e-09
2.7107e-10
3.43477e-09
3.29301e-10
3.44834e-09
4.00864e-10
3.46121e-09
4.58617e-10
3.47067e-09
5.082e-10
3.47712e-09
5.57358e-10
3.47801e-09
5.86228e-10
3.47433e-09
6.18895e-10
3.46416e-09
6.33378e-10
3.44891e-09
6.47286e-10
3.42785e-09
6.52909e-10
3.40191e-09
6.50001e-10
3.37141e-09
6.52117e-10
3.33725e-09
6.40704e-10
3.30019e-09
6.31832e-10
3.26102e-09
6.20805e-10
3.22058e-09
6.03866e-10
3.17914e-09
5.87945e-10
3.13738e-09
5.69837e-10
3.09549e-09
5.48654e-10
3.05416e-09
5.24228e-10
3.01338e-09
4.99314e-10
2.9734e-09
4.71441e-10
2.93427e-09
4.42457e-10
2.89611e-09
4.12517e-10
2.85925e-09
3.80765e-10
2.8238e-09
3.504e-10
2.78984e-09
3.21494e-10
2.75841e-09
2.89509e-10
2.72904e-09
2.63334e-10
2.70262e-09
2.37457e-10
2.6793e-09
2.11082e-10
2.65962e-09
1.8739e-10
2.64288e-09
1.67218e-10
2.63081e-09
1.39429e-10
2.62164e-09
1.20774e-10
2.61782e-09
8.78742e-11
2.61739e-09
6.41538e-11
2.62294e-09
2.41409e-11
2.63284e-09
-7.78259e-12
2.64982e-09
-6.02663e-11
2.67193e-09
-1.02865e-10
2.7017e-09
-1.62543e-10
2.73755e-09
-2.17684e-10
2.78015e-09
-2.7769e-10
2.82883e-09
-3.417e-10
2.8824e-09
-3.97649e-10
2.93984e-09
-4.57192e-10
2.99966e-09
-5.06493e-10
3.05964e-09
-5.49966e-10
3.11879e-09
-5.86659e-10
3.17457e-09
-6.117e-10
3.22625e-09
-6.29134e-10
3.27208e-09
-6.36712e-10
3.31161e-09
-6.32452e-10
3.34419e-09
-6.25979e-10
3.3696e-09
-6.05515e-10
3.38782e-09
-5.811e-10
3.39938e-09
-5.53247e-10
3.40511e-09
-5.18745e-10
3.40601e-09
-4.84129e-10
3.40339e-09
-4.50855e-10
3.39817e-09
-4.15348e-10
3.39128e-09
-3.82896e-10
3.38342e-09
-3.53833e-10
3.3756e-09
-3.26721e-10
3.36859e-09
-3.04168e-10
3.36283e-09
-2.85383e-10
3.35861e-09
-2.70424e-10
3.35586e-09
-2.60092e-10
3.3544e-09
-2.53068e-10
3.35504e-09
-2.46663e-10
3.35583e-09
-2.44449e-10
3.3574e-09
-2.47868e-10
3.35938e-09
-2.41308e-10
3.36162e-09
-2.44953e-10
3.3628e-09
-2.44007e-10
3.36442e-09
-2.35352e-10
3.36437e-09
-2.30581e-10
3.36421e-09
-2.17427e-10
3.36279e-09
-1.97192e-10
3.36124e-09
-1.74282e-10
3.35911e-09
-1.36275e-10
3.35765e-09
-9.61037e-11
3.35605e-09
-4.2739e-11
3.35652e-09
2.0968e-11
3.35688e-09
8.40707e-11
3.35981e-09
1.7127e-10
3.36172e-09
2.48305e-10
3.36513e-09
3.30003e-10
3.36761e-09
4.23471e-10
3.3675e-09
4.94733e-10
3.36357e-09
5.9336e-10
3.35415e-09
6.54209e-10
3.33754e-09
7.42249e-10
3.31258e-09
7.95364e-10
3.27768e-09
8.69457e-10
3.23266e-09
9.13609e-10
3.1833e-09
9.371e-10
3.14903e-09
8.50681e-10
3.1247e-09
7.81204e-10
3.12151e-09
4.71864e-10
3.14242e-09
2.58747e-10
3.18762e-09
4.29084e-11
3.25453e-09
-1.78636e-10
3.33997e-09
-4.32347e-10
3.42906e-09
-6.30165e-10
3.51156e-09
-7.98578e-10
3.58128e-09
-8.28399e-10
3.63696e-09
-7.93281e-10
3.67917e-09
-7.40465e-10
3.70926e-09
-6.71598e-10
3.72908e-09
-5.90978e-10
3.74027e-09
-5.02863e-10
3.74418e-09
-4.1162e-10
3.74208e-09
-3.21656e-10
3.7355e-09
-2.37262e-10
3.72601e-09
-1.6196e-10
3.71494e-09
-9.78986e-11
3.70328e-09
-4.61762e-11
3.69187e-09
-7.14301e-12
3.68132e-09
1.95926e-11
3.67212e-09
3.48506e-11
3.66458e-09
4.00697e-11
3.65881e-09
3.70591e-11
3.6548e-09
2.7802e-11
3.65243e-09
1.43576e-11
3.6515e-09
-1.22036e-12
3.65176e-09
-1.70062e-11
3.65291e-09
-3.1315e-11
3.65468e-09
-4.27943e-11
3.65683e-09
-5.04827e-11
3.65912e-09
-5.38401e-11
3.66138e-09
-5.27453e-11
3.66345e-09
-4.7474e-11
3.66526e-09
-3.86778e-11
3.66677e-09
-2.73092e-11
3.66799e-09
-1.44813e-11
3.66897e-09
-1.38694e-12
3.66978e-09
1.08192e-11
2.34943e-11
2.5089e-09
1.00293e-12
2.53444e-09
3.06405e-12
2.57307e-09
4.61208e-12
2.62081e-09
5.83848e-12
2.67427e-09
7.14657e-12
2.73088e-09
8.70453e-12
2.7887e-09
1.05324e-11
2.84631e-09
1.2659e-11
2.9026e-09
1.51211e-11
2.95671e-09
1.79356e-11
3.00797e-09
2.11179e-11
3.05593e-09
2.46927e-11
3.10034e-09
2.86932e-11
3.14111e-09
3.31653e-11
3.17828e-09
3.81712e-11
3.21199e-09
4.37877e-11
3.24244e-09
5.01043e-11
3.26986e-09
5.7225e-11
3.29453e-09
6.52734e-11
3.3167e-09
7.4372e-11
3.33665e-09
8.46609e-11
3.35448e-09
9.64045e-11
3.37037e-09
1.09747e-10
3.38467e-09
1.24818e-10
3.39752e-09
1.41959e-10
3.409e-09
1.61476e-10
3.41919e-09
1.83686e-10
3.42813e-09
2.08958e-10
3.43581e-09
2.37708e-10
3.44228e-09
2.70169e-10
3.44763e-09
3.06608e-10
3.45176e-09
3.47715e-10
3.45452e-09
3.94081e-10
3.45657e-09
4.59254e-10
3.45265e-09
4.30037e-10
3.43659e-09
2.77721e-10
3.41577e-09
9.78989e-11
3.39843e-09
-9.27099e-11
3.38595e-09
-2.81255e-10
3.37588e-09
-4.50519e-10
3.36631e-09
-6.14438e-10
3.36094e-09
-6.94007e-10
3.36277e-09
-7.27762e-10
3.3646e-09
-7.05678e-10
3.36379e-09
-6.49771e-10
3.3602e-09
-5.94075e-10
3.35442e-09
-5.44646e-10
3.34759e-09
-4.82754e-10
3.33977e-09
-4.3534e-10
3.33163e-09
-3.80101e-10
3.32433e-09
-3.26936e-10
3.31749e-09
-2.75632e-10
3.31328e-09
-2.15533e-10
3.31064e-09
-1.62435e-10
3.31197e-09
-9.70339e-11
3.31642e-09
-3.57238e-11
3.32517e-09
3.00049e-11
3.33859e-09
1.03742e-10
3.35538e-09
1.62615e-10
3.37799e-09
2.48495e-10
3.40283e-09
3.04497e-10
3.42979e-09
3.73936e-10
3.45808e-09
4.30347e-10
3.48668e-09
4.79608e-10
3.5159e-09
5.28132e-10
3.5416e-09
5.60524e-10
3.56507e-09
5.95424e-10
3.58374e-09
6.14697e-10
3.59901e-09
6.32026e-10
3.60941e-09
6.42529e-10
3.61541e-09
6.44036e-10
3.61728e-09
6.50298e-10
3.61533e-09
6.42696e-10
3.61013e-09
6.37104e-10
3.60225e-09
6.28765e-10
3.59223e-09
6.13956e-10
3.58029e-09
5.99934e-10
3.56701e-09
5.8316e-10
3.55237e-09
5.63322e-10
3.5371e-09
5.39501e-10
3.5213e-09
5.15097e-10
3.50485e-09
4.87848e-10
3.48781e-09
4.59429e-10
3.47018e-09
4.30077e-10
3.45213e-09
3.98736e-10
3.43373e-09
3.68726e-10
3.41496e-09
3.40192e-10
3.39666e-09
3.07738e-10
3.37846e-09
2.81476e-10
3.36143e-09
2.54431e-10
3.3455e-09
2.26962e-10
3.33174e-09
2.01112e-10
3.31951e-09
1.79416e-10
3.31065e-09
1.48269e-10
3.30379e-09
1.2761e-10
3.30119e-09
9.04629e-11
3.30127e-09
6.40604e-11
3.30628e-09
1.91162e-11
3.31461e-09
-1.61202e-11
3.32868e-09
-7.43399e-11
3.34649e-09
-1.20685e-10
3.37006e-09
-1.86111e-10
3.3976e-09
-2.45236e-10
3.42974e-09
-3.09824e-10
3.46515e-09
-3.77118e-10
3.5031e-09
-4.35608e-10
3.54191e-09
-4.96002e-10
3.58055e-09
-5.45137e-10
3.61652e-09
-5.85946e-10
3.64924e-09
-6.19385e-10
3.6764e-09
-6.38876e-10
3.69797e-09
-6.5071e-10
3.71257e-09
-6.51328e-10
3.72053e-09
-6.40423e-10
3.72124e-09
-6.26706e-10
3.71517e-09
-5.99459e-10
3.70258e-09
-5.68533e-10
3.68457e-09
-5.35267e-10
3.66264e-09
-4.96853e-10
3.63802e-09
-4.59548e-10
3.61188e-09
-4.24751e-10
3.58498e-09
-3.88485e-10
3.55818e-09
-3.56139e-10
3.53251e-09
-3.2821e-10
3.50893e-09
-3.03186e-10
3.48781e-09
-2.83088e-10
3.46921e-09
-2.66801e-10
3.4531e-09
-2.54333e-10
3.43923e-09
-2.4623e-10
3.42741e-09
-2.41242e-10
3.41767e-09
-2.36921e-10
3.40876e-09
-2.3554e-10
3.40077e-09
-2.39884e-10
3.39346e-09
-2.33991e-10
3.38655e-09
-2.38057e-10
3.37887e-09
-2.36324e-10
3.37207e-09
-2.28549e-10
3.36409e-09
-2.22579e-10
3.35669e-09
-2.09985e-10
3.34894e-09
-1.8939e-10
3.34212e-09
-1.67399e-10
3.33611e-09
-1.30212e-10
3.33231e-09
-9.22569e-11
3.33025e-09
-4.0652e-11
3.33238e-09
1.88389e-11
3.33642e-09
8.00199e-11
3.34608e-09
1.61607e-10
3.35752e-09
2.36852e-10
3.37267e-09
3.14831e-10
3.39076e-09
4.0538e-10
3.41054e-09
4.74978e-10
3.4304e-09
5.73536e-10
3.44801e-09
6.36625e-10
3.46204e-09
7.28227e-10
3.47015e-09
7.87266e-10
3.47101e-09
8.6861e-10
3.46298e-09
9.21635e-10
3.45144e-09
9.48644e-10
3.45476e-09
8.47379e-10
3.46685e-09
7.69117e-10
3.48939e-09
4.49338e-10
3.52819e-09
2.19952e-10
3.58265e-09
-1.15511e-11
3.64958e-09
-2.45563e-10
3.72378e-09
-5.06542e-10
3.79158e-09
-6.97966e-10
3.84422e-09
-8.51225e-10
3.8821e-09
-8.66302e-10
3.90624e-09
-8.17449e-10
3.91831e-09
-7.52562e-10
3.92133e-09
-6.74647e-10
3.91715e-09
-5.86831e-10
3.90733e-09
-4.93068e-10
3.89384e-09
-3.98143e-10
3.87863e-09
-3.0645e-10
3.86289e-09
-2.21533e-10
3.84704e-09
-1.46112e-10
3.83151e-09
-8.23681e-11
3.81685e-09
-3.15163e-11
3.80355e-09
6.15957e-12
3.79203e-09
3.11157e-11
3.7825e-09
4.4389e-11
3.77497e-09
4.76134e-11
3.76921e-09
4.2824e-11
3.76493e-09
3.20855e-11
3.76181e-09
1.74897e-11
3.75951e-09
1.08591e-12
3.75774e-09
-1.5241e-11
3.75629e-09
-2.98638e-11
3.75499e-09
-4.14896e-11
3.75372e-09
-4.92171e-11
3.75244e-09
-5.25618e-11
3.75114e-09
-5.14493e-11
3.74985e-09
-4.6185e-11
3.74863e-09
-3.74587e-11
3.74756e-09
-2.62435e-11
3.74672e-09
-1.3637e-11
3.74616e-09
-8.3433e-13
3.74605e-09
1.09294e-11
2.271e-11
2.50881e-09
-7.82683e-12
2.53407e-09
-2.22113e-11
2.57237e-09
-3.37115e-11
2.61979e-09
-4.15873e-11
2.67297e-09
-4.60113e-11
2.72933e-09
-4.76268e-11
2.78697e-09
-4.70899e-11
2.84448e-09
-4.48491e-11
2.90079e-09
-4.11906e-11
2.95505e-09
-3.63267e-11
3.00662e-09
-3.04501e-11
3.05506e-09
-2.37499e-11
3.10014e-09
-1.63862e-11
3.14178e-09
-8.47371e-12
3.18003e-09
-8.22996e-14
3.21505e-09
8.76851e-12
3.24706e-09
1.81005e-11
3.2763e-09
2.79751e-11
3.30308e-09
3.84978e-11
3.32766e-09
4.9792e-11
3.3503e-09
6.20208e-11
3.37133e-09
7.53705e-11
3.39101e-09
9.00649e-11
3.4095e-09
1.06328e-10
3.42704e-09
1.24417e-10
3.44384e-09
1.44674e-10
3.46006e-09
1.67462e-10
3.47587e-09
1.93152e-10
3.49151e-09
2.22061e-10
3.50697e-09
2.54706e-10
3.52184e-09
2.91743e-10
3.53617e-09
3.33383e-10
3.55036e-09
3.7989e-10
3.56549e-09
4.44125e-10
3.57359e-09
4.21943e-10
3.56456e-09
2.8675e-10
3.54518e-09
1.17285e-10
3.524e-09
-7.15277e-11
3.50272e-09
-2.59982e-10
3.4796e-09
-4.27413e-10
3.4534e-09
-5.88263e-10
3.42989e-09
-6.70541e-10
3.41292e-09
-7.10819e-10
3.3959e-09
-6.8869e-10
3.37677e-09
-6.30651e-10
3.35558e-09
-5.72878e-10
3.33311e-09
-5.22169e-10
3.3109e-09
-4.60534e-10
3.28899e-09
-4.13421e-10
3.2683e-09
-3.59409e-10
3.25001e-09
-3.08653e-10
3.23381e-09
-2.59435e-10
3.22193e-09
-2.03667e-10
3.21333e-09
-1.53842e-10
3.21045e-09
-9.41701e-11
3.2125e-09
-3.77764e-11
3.22068e-09
2.18266e-11
3.23554e-09
8.88913e-11
3.25566e-09
1.42504e-10
3.28383e-09
2.20353e-10
3.31663e-09
2.71731e-10
3.3546e-09
3.35987e-10
3.39646e-09
3.88499e-10
3.43968e-09
4.36404e-10
3.48522e-09
4.82597e-10
3.52982e-09
5.15916e-10
3.57551e-09
5.49735e-10
3.6192e-09
5.70996e-10
3.66077e-09
5.90455e-10
3.69905e-09
6.04264e-10
3.73413e-09
6.08985e-10
3.76621e-09
6.18261e-10
3.79529e-09
6.13658e-10
3.82133e-09
6.11125e-10
3.84447e-09
6.05695e-10
3.8651e-09
5.93387e-10
3.88349e-09
5.81592e-10
3.89999e-09
5.66702e-10
3.91431e-09
5.4902e-10
3.92699e-09
5.26829e-10
3.93853e-09
5.0354e-10
3.94807e-09
4.78263e-10
3.95598e-09
4.5146e-10
3.96203e-09
4.23949e-10
3.96637e-09
3.94325e-10
3.96897e-09
3.66056e-10
3.96973e-09
3.39372e-10
3.96918e-09
3.0823e-10
3.96696e-09
2.83644e-10
3.96415e-09
2.57189e-10
3.96034e-09
2.30734e-10
3.9569e-09
2.04519e-10
3.9532e-09
1.83092e-10
3.95088e-09
1.50567e-10
3.94909e-09
1.29388e-10
3.94956e-09
8.99833e-11
3.9513e-09
6.23128e-11
3.95595e-09
1.44603e-11
3.96232e-09
-2.25009e-11
3.97204e-09
-8.40642e-11
3.98354e-09
-1.32193e-10
3.99807e-09
-2.00647e-10
4.01391e-09
-2.61072e-10
4.03153e-09
-3.27451e-10
4.04909e-09
-3.94676e-10
4.06638e-09
-4.52906e-10
4.08107e-09
-5.10693e-10
4.09272e-09
-5.56784e-10
4.0988e-09
-5.92033e-10
4.09942e-09
-6.20018e-10
4.09307e-09
-6.32524e-10
4.08063e-09
-6.38279e-10
4.06132e-09
-6.32032e-10
4.03583e-09
-6.14945e-10
4.00322e-09
-5.94105e-10
3.96471e-09
-5.60959e-10
3.9214e-09
-5.25227e-10
3.87516e-09
-4.89048e-10
3.82783e-09
-4.49556e-10
3.78025e-09
-4.12004e-10
3.73331e-09
-3.77848e-10
3.68789e-09
-3.43087e-10
3.64534e-09
-3.13614e-10
3.60618e-09
-2.89086e-10
3.57056e-09
-2.67612e-10
3.53841e-09
-2.50982e-10
3.50955e-09
-2.37966e-10
3.48383e-09
-2.28631e-10
3.46089e-09
-2.23294e-10
3.44027e-09
-2.2062e-10
3.42193e-09
-2.18583e-10
3.40475e-09
-2.18354e-10
3.38853e-09
-2.23651e-10
3.37316e-09
-2.18622e-10
3.3583e-09
-2.23195e-10
3.34293e-09
-2.20951e-10
3.3288e-09
-2.14424e-10
3.31398e-09
-2.07749e-10
3.30033e-09
-1.96316e-10
3.28717e-09
-1.76203e-10
3.27583e-09
-1.56022e-10
3.26651e-09
-1.20856e-10
3.26063e-09
-8.63508e-11
3.25804e-09
-3.80481e-11
3.26125e-09
1.56256e-11
3.26829e-09
7.29724e-11
3.28339e-09
1.46502e-10
3.30322e-09
2.1701e-10
3.32939e-09
2.88648e-10
3.36031e-09
3.74467e-10
3.39502e-09
4.40281e-10
3.43356e-09
5.35014e-10
3.47358e-09
5.96627e-10
3.51466e-09
6.87165e-10
3.55319e-09
7.48742e-10
3.58832e-09
8.33481e-10
3.61635e-09
8.93605e-10
3.64128e-09
9.23733e-10
3.68008e-09
8.08578e-10
3.72604e-09
7.2316e-10
3.77064e-09
4.04735e-10
3.82225e-09
1.6834e-10
3.8796e-09
-6.89107e-11
3.93913e-09
-3.05102e-10
3.99452e-09
-5.61931e-10
4.0335e-09
-7.3695e-10
4.04945e-09
-8.67176e-10
4.04881e-09
-8.65681e-10
4.03877e-09
-8.07424e-10
4.02263e-09
-7.36434e-10
4.00075e-09
-6.52771e-10
3.97494e-09
-5.61021e-10
3.94771e-09
-4.65848e-10
3.92058e-09
-3.71026e-10
3.89458e-09
-2.80453e-10
3.87052e-09
-1.97483e-10
3.84902e-09
-1.24626e-10
3.83032e-09
-6.36777e-11
3.81451e-09
-1.57177e-11
3.80155e-09
1.91108e-11
3.79117e-09
4.14921e-11
3.7831e-09
5.24588e-11
3.77697e-09
5.37355e-11
3.77225e-09
4.7545e-11
3.76848e-09
3.58549e-11
3.76524e-09
2.07424e-11
3.76212e-09
4.20773e-12
3.75884e-09
-1.1957e-11
3.75522e-09
-2.62395e-11
3.75119e-09
-3.74609e-11
3.7468e-09
-4.48234e-11
3.74217e-09
-4.79318e-11
3.73751e-09
-4.67863e-11
3.73308e-09
-4.17546e-11
3.7291e-09
-3.34764e-11
3.72568e-09
-2.28286e-11
3.723e-09
-1.09548e-11
3.72128e-09
8.84564e-13
3.72087e-09
1.13331e-11
2.14418e-11
2.50952e-09
-1.73699e-11
2.53686e-09
-4.95765e-11
2.57794e-09
-7.48106e-11
2.6281e-09
-9.17478e-11
2.68345e-09
-1.01349e-10
2.7411e-09
-1.0524e-10
2.79896e-09
-1.0493e-10
2.85563e-09
-1.01512e-10
2.91015e-09
-9.57187e-11
2.96188e-09
-8.80572e-11
3.01038e-09
-7.89501e-11
3.05543e-09
-6.88054e-11
3.09701e-09
-5.79583e-11
3.13518e-09
-4.66524e-11
3.17016e-09
-3.50541e-11
3.20218e-09
-2.32532e-11
3.23155e-09
-1.12705e-11
3.2586e-09
9.17007e-13
3.28367e-09
1.34341e-11
3.30708e-09
2.63731e-11
3.32919e-09
3.99148e-11
3.35025e-09
5.43044e-11
3.37054e-09
6.97724e-11
3.39033e-09
8.65397e-11
3.40983e-09
1.0492e-10
3.42927e-09
1.25227e-10
3.44894e-09
1.47794e-10
3.46909e-09
1.72993e-10
3.48989e-09
2.0126e-10
3.51145e-09
2.33141e-10
3.53403e-09
2.69166e-10
3.55768e-09
3.09734e-10
3.58229e-09
3.5528e-10
3.60913e-09
4.1729e-10
3.62826e-09
4.02813e-10
3.62659e-09
2.88432e-10
3.60995e-09
1.33928e-10
3.58665e-09
-4.82255e-11
3.5585e-09
-2.3183e-10
3.5243e-09
-3.93227e-10
3.48357e-09
-5.47551e-10
3.44354e-09
-6.30538e-10
3.40873e-09
-6.76034e-10
3.37363e-09
-6.53615e-10
3.33689e-09
-5.93921e-10
3.29894e-09
-5.34929e-10
3.26085e-09
-4.84066e-10
3.22448e-09
-4.24158e-10
3.18983e-09
-3.78769e-10
3.15801e-09
-3.27585e-10
3.13012e-09
-2.80767e-10
3.10586e-09
-2.35187e-10
3.08741e-09
-1.85223e-10
3.07368e-09
-1.40126e-10
3.06706e-09
-8.75644e-11
3.06675e-09
-3.74763e-11
3.07392e-09
1.46625e-11
3.08919e-09
7.36231e-11
3.11109e-09
1.20615e-10
3.14259e-09
1.88876e-10
3.18021e-09
2.34141e-10
3.22479e-09
2.91421e-10
3.27526e-09
3.38045e-10
3.32948e-09
3.82188e-10
3.38827e-09
4.23809e-10
3.44844e-09
4.55744e-10
3.51045e-09
4.87718e-10
3.57162e-09
5.09815e-10
3.63277e-09
5.29309e-10
3.69227e-09
5.44772e-10
3.75091e-09
5.50356e-10
3.80831e-09
5.6089e-10
3.86286e-09
5.59144e-10
3.9153e-09
5.58725e-10
3.96553e-09
5.55525e-10
4.01318e-09
5.45799e-10
4.05892e-09
5.35893e-10
4.10355e-09
5.22088e-10
4.14581e-09
5.06766e-10
4.18521e-09
4.87428e-10
4.22179e-09
4.66947e-10
4.25602e-09
4.43986e-10
4.28826e-09
4.19154e-10
4.31774e-09
3.94398e-10
4.34473e-09
3.67279e-10
4.36915e-09
3.4159e-10
4.39083e-09
3.17645e-10
4.41004e-09
2.88983e-10
4.42637e-09
2.67277e-10
4.44077e-09
2.42759e-10
4.45243e-09
2.19051e-10
4.46279e-09
1.94142e-10
4.47116e-09
1.74716e-10
4.47866e-09
1.43054e-10
4.48495e-09
1.23102e-10
4.4909e-09
8.40213e-11
4.49618e-09
5.70271e-11
4.50158e-09
9.05894e-12
4.50644e-09
-2.73671e-11
4.51135e-09
-8.89785e-11
4.51549e-09
-1.36337e-10
4.51925e-09
-2.04413e-10
4.52124e-09
-2.63057e-10
4.5218e-09
-3.28019e-10
4.51868e-09
-3.91553e-10
4.51221e-09
-4.46434e-10
4.49933e-09
-4.97811e-10
4.48013e-09
-5.37592e-10
4.45284e-09
-5.64743e-10
4.41893e-09
-5.86106e-10
4.37786e-09
-5.91459e-10
4.3306e-09
-5.91021e-10
4.27636e-09
-5.77799e-10
4.21687e-09
-5.55459e-10
4.1527e-09
-5.29943e-10
4.08646e-09
-4.94718e-10
4.01904e-09
-4.57807e-10
3.95169e-09
-4.21708e-10
3.8856e-09
-3.83476e-10
3.8213e-09
-3.47738e-10
3.75978e-09
-3.16358e-10
3.702e-09
-2.8534e-10
3.6487e-09
-2.60332e-10
3.5997e-09
-2.4011e-10
3.5553e-09
-2.23239e-10
3.5152e-09
-2.10917e-10
3.47907e-09
-2.01863e-10
3.44662e-09
-1.96197e-10
3.41723e-09
-1.93914e-10
3.39022e-09
-1.93603e-10
3.36549e-09
-1.9385e-10
3.34196e-09
-1.94813e-10
3.3193e-09
-2.00982e-10
3.2976e-09
-1.96919e-10
3.27641e-09
-2.01998e-10
3.25494e-09
-1.99481e-10
3.23496e-09
-1.94449e-10
3.21474e-09
-1.8752e-10
3.19614e-09
-1.77713e-10
3.17875e-09
-1.58799e-10
3.16385e-09
-1.41115e-10
3.15195e-09
-1.08937e-10
3.1444e-09
-7.87921e-11
3.14135e-09
-3.49944e-11
3.14528e-09
1.16972e-11
3.15451e-09
6.37327e-11
3.17331e-09
1.27692e-10
3.19869e-09
1.91617e-10
3.23258e-09
2.54759e-10
3.27399e-09
3.33061e-10
3.32188e-09
3.92401e-10
3.37673e-09
4.80168e-10
3.43462e-09
5.3875e-10
3.4961e-09
6.25688e-10
3.55768e-09
6.87174e-10
3.61938e-09
7.7179e-10
3.67858e-09
8.34409e-10
3.73729e-09
8.65019e-10
3.80788e-09
7.37987e-10
3.88296e-09
6.48068e-10
3.94393e-09
3.43756e-10
4.0014e-09
1.10853e-10
4.05362e-09
-1.21152e-10
4.09728e-09
-3.48761e-10
4.12782e-09
-5.92466e-10
4.1361e-09
-7.45239e-10
4.11606e-09
-8.47138e-10
4.08028e-09
-8.29908e-10
4.03682e-09
-7.6397e-10
3.98907e-09
-6.88677e-10
3.94089e-09
-6.04578e-10
3.89458e-09
-5.14699e-10
3.85132e-09
-4.22592e-10
3.81237e-09
-3.32069e-10
3.77841e-09
-2.46497e-10
3.74967e-09
-1.68761e-10
3.72614e-09
-1.01107e-10
3.70753e-09
-4.50907e-11
3.69332e-09
-1.52486e-12
3.68284e-09
2.95825e-11
3.67525e-09
4.90703e-11
3.67002e-09
5.7686e-11
3.66653e-09
5.71946e-11
3.66376e-09
5.02993e-11
3.66122e-09
3.83972e-11
3.6584e-09
2.35684e-11
3.65494e-09
7.67519e-12
3.65061e-09
-7.62354e-12
3.64534e-09
-2.09604e-11
3.63919e-09
-3.13068e-11
3.63237e-09
-3.79977e-11
3.62518e-09
-4.0739e-11
3.61799e-09
-3.95938e-11
3.61118e-09
-3.4947e-11
3.60515e-09
-2.74374e-11
3.60023e-09
-1.7915e-11
3.59671e-09
-7.43522e-12
3.59477e-09
2.83095e-12
3.59441e-09
1.16896e-11
1.95815e-11
2.51131e-09
-2.86996e-11
2.54347e-09
-8.17778e-11
2.59054e-09
-1.21909e-10
2.64612e-09
-1.47336e-10
2.70518e-09
-1.60391e-10
2.76417e-09
-1.64196e-10
2.82088e-09
-1.61617e-10
2.87412e-09
-1.54745e-10
2.92335e-09
-1.44954e-10
2.96841e-09
-1.33117e-10
3.00934e-09
-1.1988e-10
3.04637e-09
-1.05836e-10
3.07982e-09
-9.14109e-11
3.11006e-09
-7.68953e-11
3.13749e-09
-6.24812e-11
3.1625e-09
-4.82668e-11
3.1855e-09
-3.42683e-11
3.20685e-09
-2.0437e-11
3.22695e-09
-6.66365e-12
3.24614e-09
7.18395e-12
3.26474e-09
2.1307e-11
3.28311e-09
3.59335e-11
3.30156e-09
5.13207e-11
3.32037e-09
6.77255e-11
3.33984e-09
8.54556e-11
3.36022e-09
1.04847e-10
3.38176e-09
1.26251e-10
3.4047e-09
1.50048e-10
3.42928e-09
1.76674e-10
3.45577e-09
2.06646e-10
3.48442e-09
2.40519e-10
3.51534e-09
2.78812e-10
3.54858e-09
3.2204e-10
3.58548e-09
3.8039e-10
3.61455e-09
3.73747e-10
3.6205e-09
2.82493e-10
3.60783e-09
1.46599e-10
3.58407e-09
-2.44638e-11
3.551e-09
-1.98753e-10
3.50799e-09
-3.50213e-10
3.45425e-09
-4.93821e-10
3.39877e-09
-5.75082e-10
3.34708e-09
-6.24366e-10
3.29482e-09
-6.01372e-10
3.24166e-09
-5.40765e-10
3.18847e-09
-4.81749e-10
3.13649e-09
-4.3208e-10
3.08791e-09
-3.75564e-10
3.04262e-09
-3.33481e-10
3.00181e-09
-2.86775e-10
2.96638e-09
-2.45341e-10
2.93599e-09
-2.04813e-10
2.9126e-09
-1.61838e-10
2.89508e-09
-1.22618e-10
2.88562e-09
-7.81132e-11
2.88341e-09
-3.52726e-11
2.88948e-09
8.58979e-12
2.90451e-09
5.85988e-11
2.92697e-09
9.81641e-11
2.9599e-09
1.55964e-10
2.99985e-09
1.9421e-10
3.04789e-09
2.43392e-10
3.103e-09
2.82947e-10
3.16339e-09
3.21812e-10
3.22963e-09
3.57565e-10
3.29875e-09
3.86624e-10
3.37178e-09
4.14683e-10
3.44573e-09
4.35852e-10
3.52161e-09
4.53425e-10
3.59745e-09
4.68939e-10
3.67214e-09
4.75667e-10
3.74641e-09
4.86629e-10
3.81905e-09
4.86535e-10
3.89004e-09
4.87763e-10
3.95964e-09
4.8597e-10
4.02787e-09
4.77596e-10
4.09441e-09
4.69382e-10
4.15924e-09
4.57284e-10
4.22211e-09
4.43882e-10
4.28319e-09
4.2634e-10
4.34105e-09
4.09062e-10
4.39635e-09
3.88641e-10
4.44872e-09
3.66726e-10
4.49807e-09
3.45006e-10
4.54445e-09
3.20874e-10
4.58806e-09
2.97943e-10
4.6286e-09
2.77081e-10
4.66633e-09
2.51234e-10
4.70083e-09
2.32775e-10
4.7326e-09
2.10974e-10
4.76035e-09
1.91304e-10
4.78537e-09
1.69128e-10
4.80699e-09
1.53101e-10
4.82564e-09
1.24407e-10
4.84145e-09
1.07299e-10
4.85423e-09
7.12408e-11
4.86426e-09
4.69993e-11
4.87151e-09
1.80951e-12
4.8756e-09
-3.14649e-11
4.87599e-09
-8.93692e-11
4.87255e-09
-1.32904e-10
4.86452e-09
-1.96375e-10
4.85079e-09
-2.49327e-10
4.83148e-09
-3.08717e-10
4.80429e-09
-3.64355e-10
4.77054e-09
-4.12683e-10
4.7283e-09
-4.55571e-10
4.68001e-09
-4.89293e-10
4.62457e-09
-5.09303e-10
4.5625e-09
-5.2403e-10
4.49288e-09
-5.21834e-10
4.41729e-09
-5.15426e-10
4.336e-09
-4.9651e-10
4.25119e-09
-4.7065e-10
4.16326e-09
-4.42009e-10
4.0756e-09
-4.07057e-10
3.98983e-09
-3.72042e-10
3.90669e-09
-3.3857e-10
3.82695e-09
-3.03735e-10
3.75137e-09
-2.72171e-10
3.68099e-09
-2.46004e-10
3.61662e-09
-2.21002e-10
3.55828e-09
-2.02006e-10
3.5053e-09
-1.87154e-10
3.45752e-09
-1.75479e-10
3.41442e-09
-1.67829e-10
3.37539e-09
-1.62857e-10
3.3399e-09
-1.6072e-10
3.30721e-09
-1.61234e-10
3.27662e-09
-1.6302e-10
3.24808e-09
-1.65297e-10
3.22057e-09
-1.67297e-10
3.19372e-09
-1.74125e-10
3.16783e-09
-1.71018e-10
3.14234e-09
-1.76506e-10
3.11675e-09
-1.73892e-10
3.09277e-09
-1.70463e-10
3.0689e-09
-1.63649e-10
3.04694e-09
-1.55763e-10
3.02674e-09
-1.38597e-10
3.00949e-09
-1.23859e-10
2.99591e-09
-9.53629e-11
2.98727e-09
-7.01485e-11
2.98397e-09
-3.16947e-11
2.98834e-09
7.32054e-12
2.99905e-09
5.30101e-11
3.02023e-09
1.06511e-10
3.04926e-09
1.62573e-10
3.08807e-09
2.15946e-10
3.13621e-09
2.84919e-10
3.19241e-09
3.36208e-10
3.25814e-09
4.14447e-10
3.32985e-09
4.67043e-10
3.40863e-09
5.46904e-10
3.49052e-09
6.05282e-10
3.57421e-09
6.88101e-10
3.65591e-09
7.52704e-10
3.73761e-09
7.83312e-10
3.82851e-09
6.47085e-10
3.92317e-09
5.53387e-10
3.9949e-09
2.72015e-10
4.05402e-09
5.17071e-11
4.09807e-09
-1.65228e-10
4.12382e-09
-3.74506e-10
4.1248e-09
-5.9345e-10
4.09635e-09
-7.16785e-10
4.03746e-09
-7.88253e-10
3.9658e-09
-7.58246e-10
3.89065e-09
-6.8882e-10
3.81586e-09
-6.1386e-10
3.74501e-09
-5.3371e-10
3.68072e-09
-4.50389e-10
3.62452e-09
-3.66383e-10
3.57701e-09
-2.84547e-10
3.5382e-09
-2.07684e-10
3.50766e-09
-1.3824e-10
3.4847e-09
-7.81575e-11
3.46835e-09
-2.87691e-11
3.45752e-09
9.28126e-12
3.45101e-09
3.60773e-11
3.44762e-09
5.24443e-11
3.44637e-09
5.893e-11
3.44619e-09
5.73728e-11
3.44608e-09
5.0387e-11
3.44542e-09
3.9047e-11
3.44368e-09
2.53002e-11
3.44055e-09
1.08103e-11
3.43589e-09
-2.96545e-12
3.42979e-09
-1.48535e-11
3.42249e-09
-2.39967e-11
3.41436e-09
-2.98661e-11
3.40588e-09
-3.22582e-11
3.39757e-09
-3.12775e-11
3.38993e-09
-2.73032e-11
3.38344e-09
-2.09386e-11
3.37849e-09
-1.29679e-11
3.37539e-09
-4.33083e-12
3.37429e-09
3.93134e-12
3.37522e-09
1.07484e-11
1.60626e-11
2.51477e-09
-4.35022e-11
2.55543e-09
-1.22495e-10
2.61181e-09
-1.78346e-10
2.67433e-09
-2.09867e-10
2.73619e-09
-2.22232e-10
2.79328e-09
-2.21249e-10
2.84386e-09
-2.12178e-10
2.88764e-09
-1.98525e-10
2.92515e-09
-1.82466e-10
2.95715e-09
-1.65118e-10
2.98445e-09
-1.47172e-10
3.00791e-09
-1.293e-10
3.02829e-09
-1.11787e-10
3.04622e-09
-9.48277e-11
3.06227e-09
-7.8535e-11
3.07694e-09
-6.29353e-11
3.09065e-09
-4.79842e-11
3.1038e-09
-3.35838e-11
3.11672e-09
-1.95933e-11
3.12975e-09
-5.84071e-12
3.14317e-09
7.87929e-12
3.1573e-09
2.1809e-11
3.17241e-09
3.62004e-11
3.18881e-09
5.13247e-11
3.20678e-09
6.7481e-11
3.22663e-09
8.49994e-11
3.24864e-09
1.04235e-10
3.27311e-09
1.25574e-10
3.30033e-09
1.49452e-10
3.3306e-09
1.76376e-10
3.36421e-09
2.06909e-10
3.40137e-09
2.41653e-10
3.44218e-09
2.81228e-10
3.48826e-09
3.3431e-10
3.52702e-09
3.34991e-10
3.54142e-09
2.68099e-10
3.53433e-09
1.53694e-10
3.51193e-09
-2.06412e-12
3.47573e-09
-1.62548e-10
3.4256e-09
-3.00074e-10
3.36165e-09
-4.2987e-10
3.29373e-09
-5.07173e-10
3.22695e-09
-5.57601e-10
3.1592e-09
-5.33635e-10
3.09157e-09
-4.73142e-10
3.02546e-09
-4.15641e-10
2.96226e-09
-3.68881e-10
2.90432e-09
-3.17622e-10
2.85136e-09
-2.80516e-10
2.80445e-09
-2.39868e-10
2.76417e-09
-2.05068e-10
2.73008e-09
-1.70736e-10
2.70378e-09
-1.35546e-10
2.68411e-09
-1.02961e-10
2.67296e-09
-6.69667e-11
2.66952e-09
-3.18328e-11
2.67463e-09
3.47282e-12
2.68899e-09
4.4253e-11
2.71104e-09
7.61168e-11
2.74379e-09
1.23228e-10
2.78392e-09
1.54097e-10
2.83263e-09
1.94693e-10
2.88891e-09
2.26673e-10
2.9513e-09
2.59429e-10
3.02031e-09
2.88557e-10
3.0932e-09
3.13728e-10
3.17105e-09
3.36828e-10
3.25104e-09
3.55846e-10
3.33375e-09
3.70707e-10
3.41777e-09
3.84924e-10
3.50226e-09
3.91171e-10
3.5874e-09
4.01499e-10
3.67191e-09
4.02043e-10
3.7561e-09
4.03595e-10
3.83924e-09
4.02853e-10
3.92023e-09
3.96615e-10
3.99913e-09
3.90486e-10
4.07634e-09
3.80075e-10
4.15139e-09
3.68832e-10
4.22426e-09
3.53456e-10
4.29455e-09
3.38751e-10
4.36219e-09
3.20969e-10
4.42681e-09
3.02078e-10
4.48902e-09
2.82771e-10
4.54805e-09
2.6182e-10
4.60413e-09
2.4186e-10
4.65717e-09
2.2403e-10
4.70675e-09
2.01644e-10
4.753e-09
1.86546e-10
4.79634e-09
1.67642e-10
4.83563e-09
1.52032e-10
4.87189e-09
1.32895e-10
4.90449e-09
1.2053e-10
4.93296e-09
9.59464e-11
4.9578e-09
8.24677e-11
4.97766e-09
5.13885e-11
4.99328e-09
3.13876e-11
5.00281e-09
-7.72658e-12
5.00734e-09
-3.59873e-11
5.00448e-09
-8.65137e-11
4.99505e-09
-1.2348e-10
4.97738e-09
-1.78698e-10
4.95107e-09
-2.23019e-10
4.91611e-09
-2.73756e-10
4.87052e-09
-3.18763e-10
4.81625e-09
-3.58406e-10
4.75165e-09
-3.90967e-10
4.67921e-09
-4.1684e-10
4.59839e-09
-4.28483e-10
4.51094e-09
-4.36556e-10
4.41707e-09
-4.27957e-10
4.31797e-09
-4.16316e-10
4.21479e-09
-3.93325e-10
4.1113e-09
-3.67159e-10
4.00866e-09
-3.39372e-10
3.90975e-09
-3.08136e-10
3.81505e-09
-2.77345e-10
3.72553e-09
-2.49044e-10
3.64262e-09
-2.20829e-10
3.56645e-09
-1.96005e-10
3.49693e-09
-1.76493e-10
3.43414e-09
-1.58232e-10
3.37764e-09
-1.45533e-10
3.32665e-09
-1.3618e-10
3.28074e-09
-1.29581e-10
3.23917e-09
-1.26284e-10
3.20126e-09
-1.24957e-10
3.16635e-09
-1.25826e-10
3.1337e-09
-1.28588e-10
3.10265e-09
-1.31972e-10
3.07316e-09
-1.35802e-10
3.04438e-09
-1.38513e-10
3.01591e-09
-1.45646e-10
2.98825e-09
-1.43351e-10
2.96079e-09
-1.49041e-10
2.93332e-09
-1.46413e-10
2.90738e-09
-1.44524e-10
2.8818e-09
-1.38077e-10
2.85824e-09
-1.32203e-10
2.83677e-09
-1.17132e-10
2.81843e-09
-1.05529e-10
2.80418e-09
-8.11185e-11
2.79508e-09
-6.10529e-11
2.79178e-09
-2.84083e-11
2.79639e-09
2.70406e-12
2.80793e-09
4.14556e-11
2.83022e-09
8.42164e-11
2.86111e-09
1.31675e-10
2.90235e-09
1.74696e-10
2.95405e-09
2.33218e-10
3.01487e-09
2.75386e-10
3.08687e-09
3.42446e-10
3.16664e-09
3.87275e-10
3.25568e-09
4.57863e-10
3.35048e-09
5.10479e-10
3.45092e-09
5.87653e-10
3.5524e-09
6.51211e-10
3.65509e-09
6.80618e-10
3.76159e-09
5.40582e-10
3.86584e-09
4.49122e-10
3.9376e-09
2.00227e-10
3.98883e-09
4.63192e-13
4.01638e-09
-1.92788e-10
4.01723e-09
-3.75361e-10
3.98552e-09
-5.61745e-10
3.92083e-09
-6.52109e-10
3.82559e-09
-6.93017e-10
3.72113e-09
-6.5378e-10
3.61827e-09
-5.85945e-10
3.52097e-09
-5.16541e-10
3.43255e-09
-4.45265e-10
3.3552e-09
-3.73013e-10
3.29004e-09
-3.01196e-10
3.23721e-09
-2.31712e-10
3.19619e-09
-1.66661e-10
3.16596e-09
-1.08013e-10
3.14518e-09
-5.73896e-11
3.13231e-09
-1.59234e-11
3.12573e-09
1.58373e-11
3.1238e-09
3.79803e-11
3.12509e-09
5.11316e-11
3.12805e-09
5.59562e-11
3.13129e-09
5.4147e-11
3.13408e-09
4.75891e-11
3.13559e-09
3.7528e-11
3.13533e-09
2.55494e-11
3.13306e-09
1.30686e-11
3.12881e-09
1.28794e-12
3.1228e-09
-8.83531e-12
3.11543e-09
-1.66229e-11
3.10724e-09
-2.16702e-11
3.09882e-09
-2.38415e-11
3.0908e-09
-2.32534e-11
3.08375e-09
-2.02489e-11
3.07818e-09
-1.53586e-11
3.07447e-09
-9.26053e-12
3.0729e-09
-2.75752e-12
3.07358e-09
3.24545e-12
3.07657e-09
7.75866e-12
1.03921e-11
2.52125e-09
-6.48054e-11
2.57565e-09
-1.76966e-10
2.64413e-09
-2.46898e-10
2.71204e-09
-2.77804e-10
2.77097e-09
-2.81146e-10
2.81747e-09
-2.67714e-10
2.85216e-09
-2.4686e-10
2.877e-09
-2.23353e-10
2.89379e-09
-1.99265e-10
2.90482e-09
-1.76154e-10
2.91213e-09
-1.54479e-10
2.91694e-09
-1.34102e-10
2.9202e-09
-1.15054e-10
2.92269e-09
-9.73173e-11
2.92497e-09
-8.08169e-11
2.92747e-09
-6.54406e-11
2.93054e-09
-5.10499e-11
2.93444e-09
-3.7485e-11
2.93941e-09
-2.45677e-11
2.94567e-09
-1.21034e-11
2.95342e-09
1.23075e-13
2.96288e-09
1.23484e-11
2.97427e-09
2.48095e-11
2.98783e-09
3.776e-11
3.00383e-09
5.14767e-11
3.02257e-09
6.62638e-11
3.04435e-09
8.24509e-11
3.06951e-09
1.00402e-10
3.09843e-09
1.20534e-10
3.13147e-09
1.43332e-10
3.16901e-09
1.69363e-10
3.21138e-09
1.99283e-10
3.25878e-09
2.33824e-10
3.31295e-09
2.80141e-10
3.36097e-09
2.86977e-10
3.38508e-09
2.43992e-10
3.386e-09
1.52777e-10
3.36791e-09
1.60336e-11
3.33185e-09
-1.26484e-10
3.27824e-09
-2.46455e-10
3.20756e-09
-3.59193e-10
3.13e-09
-4.2961e-10
3.05098e-09
-4.78589e-10
2.9706e-09
-4.5327e-10
2.89155e-09
-3.941e-10
2.81588e-09
-3.39976e-10
2.7451e-09
-2.98105e-10
2.68152e-09
-2.54039e-10
2.62449e-09
-2.23492e-10
2.57484e-09
-1.90217e-10
2.53269e-09
-1.62916e-10
2.49745e-09
-1.35503e-10
2.47029e-09
-1.08402e-10
2.45007e-09
-8.27471e-11
2.43831e-09
-5.52066e-11
2.43423e-09
-2.77616e-11
2.43851e-09
-8.01684e-13
2.45179e-09
3.09768e-11
2.47259e-09
5.53273e-11
2.50376e-09
9.20721e-11
2.54219e-09
1.1568e-10
2.58915e-09
1.47737e-10
2.64365e-09
1.72179e-10
2.70455e-09
1.98536e-10
2.77224e-09
2.20857e-10
2.84436e-09
2.41608e-10
2.92179e-09
2.59383e-10
3.00214e-09
2.75482e-10
3.08574e-09
2.87099e-10
3.17134e-09
2.99323e-10
3.25812e-09
3.04388e-10
3.34629e-09
3.13331e-10
3.43418e-09
3.14156e-10
3.52199e-09
3.15798e-10
3.60941e-09
3.15442e-10
3.69551e-09
3.10517e-10
3.77998e-09
3.06014e-10
3.86259e-09
2.9747e-10
3.94283e-09
2.88594e-10
4.02075e-09
2.75524e-10
4.09627e-09
2.63207e-10
4.16904e-09
2.48175e-10
4.23868e-09
2.32419e-10
4.30513e-09
2.16302e-10
4.368e-09
1.98933e-10
4.42769e-09
1.82175e-10
4.48445e-09
1.67281e-10
4.53742e-09
1.48696e-10
4.58742e-09
1.36581e-10
4.63465e-09
1.20443e-10
4.67806e-09
1.08651e-10
4.71836e-09
9.2636e-11
4.75516e-09
8.37518e-11
4.78734e-09
6.37855e-11
4.81577e-09
5.40536e-11
4.83812e-09
2.90466e-11
4.85548e-09
1.40342e-11
4.86512e-09
-1.736e-11
4.86821e-09
-3.90783e-11
4.86139e-09
-7.96939e-11
4.84606e-09
-1.08141e-10
4.81964e-09
-1.52282e-10
4.78248e-09
-1.85851e-10
4.73435e-09
-2.25624e-10
4.67396e-09
-2.5837e-10
4.60359e-09
-2.88023e-10
4.52193e-09
-3.09308e-10
4.43153e-09
-3.26425e-10
4.33304e-09
-3.29976e-10
4.22865e-09
-3.32156e-10
4.12046e-09
-3.19754e-10
4.011e-09
-3.06841e-10
3.90214e-09
-2.84453e-10
3.79644e-09
-2.6145e-10
3.69427e-09
-2.37197e-10
3.59806e-09
-2.1192e-10
3.50819e-09
-1.87472e-10
3.42516e-09
-1.66007e-10
3.34985e-09
-1.45512e-10
3.28195e-09
-1.28112e-10
3.22095e-09
-1.15495e-10
3.16656e-09
-1.03863e-10
3.11801e-09
-9.69981e-11
3.07437e-09
-9.25535e-11
3.03507e-09
-9.02879e-11
2.99928e-09
-9.05066e-11
2.96628e-09
-9.19706e-11
2.93544e-09
-9.49926e-11
2.90605e-09
-9.92042e-11
2.87756e-09
-1.03481e-10
2.84994e-09
-1.08177e-10
2.82254e-09
-1.11106e-10
2.79495e-09
-1.18047e-10
2.76787e-09
-1.16267e-10
2.74066e-09
-1.21822e-10
2.71338e-09
-1.19135e-10
2.68739e-09
-1.18537e-10
2.66187e-09
-1.12558e-10
2.63823e-09
-1.08577e-10
2.61682e-09
-9.57321e-11
2.59848e-09
-8.71984e-11
2.58434e-09
-6.69953e-11
2.57525e-09
-5.19735e-11
2.57209e-09
-2.52635e-11
2.57665e-09
-1.86171e-12
2.58833e-09
2.97545e-11
2.61051e-09
6.2029e-11
2.64156e-09
1.00615e-10
2.68296e-09
1.33286e-10
2.73533e-09
1.80844e-10
2.79728e-09
2.13425e-10
2.87135e-09
2.68373e-10
2.95431e-09
3.04313e-10
3.04831e-09
3.63861e-10
3.14995e-09
4.08829e-10
3.25986e-09
4.77732e-10
3.37294e-09
5.38127e-10
3.4877e-09
5.65854e-10
3.60162e-09
4.26653e-10
3.70894e-09
3.41791e-10
3.77583e-09
1.33314e-10
3.81379e-09
-3.75064e-11
3.82033e-09
-1.99334e-10
3.79341e-09
-3.48453e-10
3.72865e-09
-4.97003e-10
3.63046e-09
-5.53935e-10
3.50483e-09
-5.67395e-10
3.37473e-09
-5.23684e-10
3.25141e-09
-4.62611e-10
3.13859e-09
-4.03704e-10
3.03897e-09
-3.45621e-10
2.95404e-09
-2.88054e-10
2.88428e-09
-2.31415e-10
2.82936e-09
-1.76779e-10
2.7883e-09
-1.25597e-10
2.75966e-09
-7.93761e-11
2.74169e-09
-3.94237e-11
2.73244e-09
-6.6941e-12
2.72994e-09
1.83154e-11
2.73224e-09
3.56584e-11
2.73759e-09
4.57656e-11
2.74417e-09
4.9353e-11
2.75063e-09
4.76787e-11
2.75609e-09
4.21306e-11
2.75974e-09
3.38755e-11
2.76115e-09
2.4137e-11
2.76018e-09
1.40294e-11
2.75698e-09
4.49074e-12
2.75188e-09
-3.72945e-12
2.7454e-09
-1.01344e-11
2.73815e-09
-1.44246e-11
2.73082e-09
-1.65074e-11
2.72406e-09
-1.64855e-11
2.71845e-09
-1.46394e-11
2.7145e-09
-1.14037e-11
2.71256e-09
-7.31938e-12
2.71285e-09
-3.0427e-12
2.71545e-09
6.38881e-13
2.72044e-09
2.77199e-12
2.78234e-12
2.53354e-09
-9.84206e-11
2.6089e-09
-2.52367e-10
2.68889e-09
-3.26927e-10
2.75336e-09
-3.42265e-10
2.79553e-09
-3.23322e-10
2.81684e-09
-2.89014e-10
2.82195e-09
-2.51968e-10
2.81612e-09
-2.1753e-10
2.80406e-09
-1.87212e-10
2.78883e-09
-1.60919e-10
2.77247e-09
-1.38114e-10
2.75642e-09
-1.18052e-10
2.74154e-09
-1.00178e-10
2.72834e-09
-8.41239e-11
2.71713e-09
-6.96071e-11
2.70808e-09
-5.63859e-11
2.70127e-09
-4.42469e-11
2.69678e-09
-3.29933e-11
2.69464e-09
-2.24372e-11
2.69493e-09
-1.2391e-11
2.69771e-09
-2.65473e-12
2.70306e-09
6.98891e-12
2.71113e-09
1.67345e-11
2.7221e-09
2.67943e-11
2.73617e-09
3.74008e-11
2.75362e-09
4.88119e-11
2.77476e-09
6.13025e-11
2.79998e-09
7.51823e-11
2.8297e-09
9.08148e-11
2.86439e-09
1.0864e-10
2.90455e-09
1.29194e-10
2.95069e-09
1.53142e-10
3.00322e-09
1.81294e-10
3.064e-09
2.19355e-10
3.12061e-09
2.30373e-10
3.15561e-09
2.08991e-10
3.16721e-09
1.41184e-10
3.15687e-09
2.63834e-11
3.12481e-09
-9.44155e-11
3.0718e-09
-1.93432e-10
2.99851e-09
-2.85895e-10
2.91503e-09
-3.46128e-10
2.8269e-09
-3.90474e-10
2.73704e-09
-3.63417e-10
2.6501e-09
-3.07179e-10
2.56887e-09
-2.58753e-10
2.49472e-09
-2.23959e-10
2.42958e-09
-1.88891e-10
2.3722e-09
-1.66122e-10
2.32301e-09
-1.41023e-10
2.28161e-09
-1.21516e-10
2.24731e-09
-1.01206e-10
2.22086e-09
-8.19603e-11
2.20117e-09
-6.30675e-11
2.18943e-09
-4.34685e-11
2.18496e-09
-2.32973e-11
2.18825e-09
-4.08881e-12
2.19995e-09
1.92846e-11
2.21863e-09
3.66501e-11
2.24699e-09
6.37226e-11
2.28214e-09
8.05357e-11
2.32541e-09
1.04474e-10
2.37577e-09
1.21815e-10
2.43243e-09
1.4188e-10
2.4956e-09
1.5768e-10
2.56334e-09
1.73857e-10
2.6363e-09
1.86417e-10
2.71251e-09
1.99261e-10
2.79207e-09
2.0752e-10
2.87396e-09
2.17428e-10
2.95724e-09
2.21104e-10
3.04223e-09
2.28338e-10
3.12724e-09
2.2915e-10
3.21231e-09
2.30732e-10
3.29704e-09
2.30722e-10
3.3805e-09
2.27058e-10
3.46248e-09
2.24038e-10
3.54255e-09
2.17404e-10
3.62009e-09
2.11054e-10
3.69476e-09
2.00841e-10
3.76652e-09
1.91426e-10
3.83507e-09
1.79607e-10
3.90028e-09
1.67192e-10
3.96212e-09
1.54446e-10
4.02037e-09
1.40687e-10
4.07528e-09
1.27282e-10
4.12711e-09
1.15482e-10
4.17528e-09
1.00557e-10
4.22062e-09
9.12805e-11
4.26321e-09
7.7887e-11
4.30244e-09
6.94605e-11
4.33867e-09
5.64332e-11
4.37195e-09
5.05022e-11
4.40063e-09
3.51235e-11
4.4259e-09
2.87931e-11
4.44484e-09
1.01228e-11
4.45873e-09
1.5057e-13
4.46429e-09
-2.29108e-11
4.46283e-09
-3.76106e-11
4.45036e-09
-6.72233e-11
4.4287e-09
-8.64763e-11
4.39473e-09
-1.1831e-10
4.34943e-09
-1.40541e-10
4.29237e-09
-1.68562e-10
4.22314e-09
-1.89129e-10
4.14405e-09
-2.08933e-10
4.05496e-09
-2.202e-10
3.9586e-09
-2.30058e-10
3.85672e-09
-2.28086e-10
3.75155e-09
-2.26974e-10
3.64591e-09
-2.14095e-10
3.54195e-09
-2.02867e-10
3.44171e-09
-1.84197e-10
3.34711e-09
-1.6684e-10
3.25826e-09
-1.48343e-10
3.17682e-09
-1.30469e-10
3.10276e-09
-1.13411e-10
3.03602e-09
-9.92677e-11
2.97689e-09
-8.63762e-11
2.92469e-09
-7.59113e-11
2.87858e-09
-6.93893e-11
2.8381e-09
-6.3393e-11
2.80227e-09
-6.11778e-11
2.77013e-09
-6.04258e-11
2.74105e-09
-6.1217e-11
2.71421e-09
-6.36789e-11
2.68896e-09
-6.67219e-11
2.66471e-09
-7.07518e-11
2.64088e-09
-7.53731e-11
2.61704e-09
-7.96354e-11
2.59319e-09
-8.43211e-11
2.56891e-09
-8.68232e-11
2.54381e-09
-9.29406e-11
2.51879e-09
-9.12356e-11
2.49317e-09
-9.61972e-11
2.46733e-09
-9.32939e-11
2.44236e-09
-9.35782e-11
2.41785e-09
-8.80516e-11
2.39493e-09
-8.56707e-11
2.37422e-09
-7.50318e-11
2.3563e-09
-6.92988e-11
2.34252e-09
-5.32335e-11
2.33343e-09
-4.28982e-11
2.33016e-09
-2.20127e-11
2.33408e-09
-5.80188e-12
2.34506e-09
1.87609e-11
2.36585e-09
4.12194e-11
2.39544e-09
7.10103e-11
2.43491e-09
9.38116e-11
2.48536e-09
1.30376e-10
2.54532e-09
1.53458e-10
2.61775e-09
1.95929e-10
2.69961e-09
2.22442e-10
2.79374e-09
2.69725e-10
2.89701e-09
3.05557e-10
3.01083e-09
3.639e-10
3.13022e-09
4.18734e-10
3.25145e-09
4.44616e-10
3.36546e-09
3.1264e-10
3.46778e-09
2.39462e-10
3.52408e-09
7.70101e-11
3.5448e-09
-5.82307e-11
3.52825e-09
-1.82803e-10
3.47398e-09
-2.94202e-10
3.37979e-09
-4.02838e-10
3.25504e-09
-4.29209e-10
3.10904e-09
-4.21421e-10
2.9644e-09
-3.79052e-10
2.83136e-09
-3.29564e-10
2.71265e-09
-2.84984e-10
2.6099e-09
-2.42851e-10
2.52374e-09
-2.01873e-10
2.45407e-09
-1.61725e-10
2.40019e-09
-1.22891e-10
2.36092e-09
-8.63142e-11
2.33463e-09
-5.30898e-11
2.31942e-09
-2.42194e-11
2.31325e-09
-5.35833e-13
2.31394e-09
1.76118e-11
2.31939e-09
3.01918e-11
2.32766e-09
3.74764e-11
2.33698e-09
4.0026e-11
2.34593e-09
3.87118e-11
2.35355e-09
3.45105e-11
2.3591e-09
2.83231e-11
2.3622e-09
2.10321e-11
2.36279e-09
1.34458e-11
2.36104e-09
6.23905e-12
2.35736e-09
-5.03432e-14
2.3523e-09
-5.06457e-12
2.34649e-09
-8.61542e-12
2.34061e-09
-1.06256e-11
2.3353e-09
-1.11707e-11
2.33112e-09
-1.04579e-11
2.32854e-09
-8.82109e-12
2.32788e-09
-6.65687e-12
2.32931e-09
-4.47832e-12
2.33298e-09
-3.02534e-12
2.33901e-09
-3.26105e-12
-5.78173e-12
2.55747e-09
-1.5597e-10
2.6591e-09
-3.53916e-10
2.73664e-09
-4.04468e-10
2.77468e-09
-3.80175e-10
2.77555e-09
-3.24119e-10
2.75279e-09
-2.66318e-10
2.71642e-09
-2.15624e-10
2.67407e-09
-1.7519e-10
2.63114e-09
-1.44287e-10
2.59046e-09
-1.20239e-10
2.55325e-09
-1.00904e-10
2.52005e-09
-8.48511e-11
2.49102e-09
-7.11525e-11
2.46612e-09
-5.92284e-11
2.44521e-09
-4.86915e-11
2.42808e-09
-3.92589e-11
2.41454e-09
-3.07107e-11
2.40441e-09
-2.28676e-11
2.39755e-09
-1.55778e-11
2.39386e-09
-8.70181e-12
2.3933e-09
-2.10059e-12
2.39583e-09
4.45611e-12
2.40151e-09
1.10555e-11
2.41045e-09
1.78503e-11
2.42283e-09
2.50192e-11
2.43888e-09
3.27609e-11
2.45891e-09
4.12632e-11
2.48334e-09
5.07533e-11
2.51264e-09
6.15073e-11
2.5474e-09
7.38872e-11
2.58824e-09
8.83442e-11
2.6359e-09
1.05481e-10
2.6911e-09
1.26089e-10
2.75601e-09
1.54449e-10
2.81959e-09
1.66794e-10
2.86586e-09
1.6272e-10
2.89008e-09
1.1698e-10
2.89007e-09
2.64007e-11
2.86474e-09
-6.90702e-11
2.81502e-09
-1.43704e-10
2.74165e-09
-2.12516e-10
2.65432e-09
-2.58798e-10
2.55863e-09
-2.94791e-10
2.46147e-09
-2.66273e-10
2.37009e-09
-2.15808e-10
2.28755e-09
-1.76224e-10
2.21434e-09
-1.5076e-10
2.1515e-09
-1.26057e-10
2.09692e-09
-1.11545e-10
2.0506e-09
-9.46974e-11
2.01166e-09
-8.25808e-11
1.97946e-09
-6.90085e-11
1.95438e-09
-5.68937e-11
1.93554e-09
-4.4229e-11
1.9238e-09
-3.17304e-11
1.91867e-09
-1.81778e-11
1.92044e-09
-5.86098e-12
1.92986e-09
9.86932e-12
1.94553e-09
2.09858e-11
1.97e-09
3.9249e-11
2.00059e-09
4.99506e-11
2.03869e-09
6.63706e-11
2.0832e-09
7.73074e-11
2.13367e-09
9.13974e-11
2.19007e-09
1.01277e-10
2.25096e-09
1.12952e-10
2.31662e-09
1.20743e-10
2.38561e-09
1.30257e-10
2.45774e-09
1.3538e-10
2.53229e-09
1.42866e-10
2.60818e-09
1.45208e-10
2.68583e-09
1.50689e-10
2.76356e-09
1.5142e-10
2.84138e-09
1.52913e-10
2.9188e-09
1.53311e-10
2.99483e-09
1.5103e-10
3.06931e-09
1.49561e-10
3.14167e-09
1.45045e-10
3.21138e-09
1.41346e-10
3.27785e-09
1.34357e-10
3.34101e-09
1.28251e-10
3.40042e-09
1.20171e-10
3.45598e-09
1.11624e-10
3.50762e-09
1.02794e-10
3.55519e-09
9.31296e-11
3.59896e-09
8.35299e-11
3.63929e-09
7.51786e-11
3.67572e-09
6.41593e-11
3.70926e-09
5.778e-11
3.73985e-09
4.73267e-11
3.76742e-09
4.19153e-11
3.79209e-09
3.17915e-11
3.81436e-09
2.82463e-11
3.83243e-09
1.70687e-11
3.84773e-09
1.35124e-11
3.85721e-09
6.48663e-13
3.8624e-09
-5.03028e-12
3.85983e-09
-2.03306e-11
3.85096e-09
-2.87261e-11
3.83172e-09
-4.7973e-11
3.80413e-09
-5.88848e-11
3.76506e-09
-7.92341e-11
3.71601e-09
-9.1487e-11
3.6565e-09
-1.09046e-10
3.58703e-09
-1.19649e-10
3.50971e-09
-1.31613e-10
3.42543e-09
-1.3591e-10
3.3367e-09
-1.41312e-10
3.24587e-09
-1.37248e-10
3.1547e-09
-1.35796e-10
3.06605e-09
-1.25428e-10
2.98127e-09
-1.18071e-10
2.9021e-09
-1.05016e-10
2.82966e-09
-9.43914e-11
2.76383e-09
-8.25019e-11
2.70547e-09
-7.20966e-11
2.65419e-09
-6.21298e-11
2.60949e-09
-5.45545e-11
2.57115e-09
-4.80407e-11
2.5383e-09
-4.30635e-11
2.50992e-09
-4.1012e-11
2.48546e-09
-3.89377e-11
2.46388e-09
-3.961e-11
2.4443e-09
-4.08535e-11
2.42611e-09
-4.30304e-11
2.40857e-09
-4.61508e-11
2.39116e-09
-4.93173e-11
2.37343e-09
-5.30198e-11
2.35493e-09
-5.6873e-11
2.33542e-09
-6.01252e-11
2.31496e-09
-6.38508e-11
2.2934e-09
-6.52619e-11
2.27036e-09
-6.98977e-11
2.24699e-09
-6.786e-11
2.22255e-09
-7.17499e-11
2.19778e-09
-6.8531e-11
2.17345e-09
-6.92545e-11
2.1496e-09
-6.42106e-11
2.12699e-09
-6.30805e-11
2.10658e-09
-5.46444e-11
2.08861e-09
-5.13477e-11
2.07469e-09
-3.93332e-11
2.06494e-09
-3.3172e-11
2.06084e-09
-1.79361e-11
2.06317e-09
-8.15129e-12
2.07236e-09
9.55068e-12
2.09038e-09
2.31796e-11
2.11693e-09
4.44424e-11
2.15247e-09
5.82576e-11
2.19872e-09
8.41013e-11
2.25389e-09
9.82708e-11
2.32149e-09
1.28319e-10
2.39848e-09
1.45437e-10
2.48851e-09
1.79681e-10
2.58885e-09
2.05216e-10
2.70208e-09
2.50657e-10
2.82381e-09
2.97001e-10
2.94786e-09
3.20566e-10
3.05653e-09
2.03972e-10
3.14789e-09
1.48101e-10
3.18955e-09
3.53553e-11
3.19116e-09
-5.98447e-11
3.15257e-09
-1.44229e-10
3.07543e-09
-2.17089e-10
2.96011e-09
-2.87543e-10
2.82079e-09
-2.89915e-10
2.66928e-09
-2.69937e-10
2.52543e-09
-2.35223e-10
2.39681e-09
-2.00947e-10
2.2843e-09
-1.72466e-10
2.18814e-09
-1.46684e-10
2.1082e-09
-1.21913e-10
2.04401e-09
-9.75212e-11
1.99482e-09
-7.3686e-11
1.95949e-09
-5.09775e-11
1.93654e-09
-3.01389e-11
1.92417e-09
-1.18456e-11
1.92053e-09
3.08939e-12
1.92347e-09
1.4667e-11
1.93091e-09
2.27398e-11
1.94096e-09
2.74127e-11
1.95195e-09
2.90337e-11
1.96251e-09
2.81442e-11
1.97166e-09
2.53535e-11
1.97873e-09
2.12469e-11
1.98337e-09
1.63927e-11
1.98551e-09
1.13099e-11
1.98532e-09
6.42929e-12
1.98319e-09
2.0795e-12
1.97961e-09
-1.47823e-12
1.97521e-09
-4.21742e-12
1.97058e-09
-5.99523e-12
1.9663e-09
-6.88109e-12
1.96287e-09
-7.0274e-12
1.9607e-09
-6.6554e-12
1.9601e-09
-6.05633e-12
1.96128e-09
-5.6597e-12
1.96444e-09
-6.17794e-12
1.9699e-09
-8.73251e-12
-1.36619e-11
2.60202e-09
-2.57851e-10
2.70457e-09
-4.56473e-10
2.72981e-09
-4.29543e-10
2.6945e-09
-3.44679e-10
2.6286e-09
-2.58184e-10
2.54971e-09
-1.87449e-10
2.47146e-09
-1.37407e-10
2.40046e-09
-1.04196e-10
2.33801e-09
-8.18438e-11
2.28382e-09
-6.6048e-11
2.23714e-09
-5.42279e-11
2.19719e-09
-4.49028e-11
2.16326e-09
-3.72238e-11
2.13473e-09
-3.06996e-11
2.11106e-09
-2.5026e-11
2.0918e-09
-1.99963e-11
2.07654e-09
-1.54587e-11
2.06497e-09
-1.12936e-11
2.05681e-09
-7.42361e-12
2.0519e-09
-3.79519e-12
2.05023e-09
-4.31807e-13
2.05159e-09
3.10153e-12
2.05597e-09
6.66778e-12
2.06352e-09
1.02939e-11
2.07439e-09
1.41527e-11
2.08876e-09
1.83872e-11
2.10696e-09
2.30631e-11
2.12939e-09
2.83155e-11
2.15659e-09
3.43024e-11
2.18919e-09
4.12893e-11
2.22795e-09
4.95807e-11
2.27381e-09
5.96182e-11
2.32789e-09
7.20051e-11
2.39285e-09
8.94889e-11
2.45995e-09
9.96959e-11
2.51609e-09
1.06585e-10
2.55259e-09
8.04923e-11
2.5619e-09
1.7096e-11
2.54158e-09
-4.8732e-11
2.49325e-09
-9.53653e-11
2.41811e-09
-1.3737e-10
2.32549e-09
-1.66169e-10
2.2211e-09
-1.90415e-10
2.11834e-09
-1.63528e-10
2.02694e-09
-1.24419e-10
1.94844e-09
-9.77375e-11
1.88092e-09
-8.32481e-11
1.82408e-09
-6.92319e-11
1.77481e-09
-6.2278e-11
1.73304e-09
-5.29292e-11
1.69752e-09
-4.7067e-11
1.66794e-09
-3.94295e-11
1.64434e-09
-3.33083e-11
1.62622e-09
-2.61152e-11
1.61412e-09
-1.96297e-11
1.60785e-09
-1.19184e-11
1.60748e-09
-5.49343e-12
1.61386e-09
3.4877e-12
1.62559e-09
9.24647e-12
1.6452e-09
1.9639e-11
1.67003e-09
2.51085e-11
1.70171e-09
3.46843e-11
1.73886e-09
4.01503e-11
1.78159e-09
4.86543e-11
1.82936e-09
5.34877e-11
1.88151e-09
6.07907e-11
1.93771e-09
6.45222e-11
1.99727e-09
7.06823e-11
2.05952e-09
7.31145e-11
2.12428e-09
7.80885e-11
2.19021e-09
7.92625e-11
2.25794e-09
8.29521e-11
2.32579e-09
8.35606e-11
2.39384e-09
8.4866e-11
2.46156e-09
8.55825e-11
2.52797e-09
8.46172e-11
2.59299e-09
8.45384e-11
2.65585e-09
8.21808e-11
2.71623e-09
8.09529e-11
2.77332e-09
7.72526e-11
2.82708e-09
7.44666e-11
2.87694e-09
7.02845e-11
2.92272e-09
6.58275e-11
2.96432e-09
6.11979e-11
3.00149e-09
5.59664e-11
3.03444e-09
5.05949e-11
3.06354e-09
4.60975e-11
3.08829e-09
3.94407e-11
3.10984e-09
3.62461e-11
3.12791e-09
2.92816e-11
3.14299e-09
2.68609e-11
3.1549e-09
1.99061e-11
3.1646e-09
1.85582e-11
3.17052e-09
1.11647e-11
3.17429e-09
9.759e-12
3.1734e-09
1.55808e-12
3.16891e-09
-5.23782e-13
3.15788e-09
-9.29045e-12
3.14221e-09
-1.30418e-11
3.11832e-09
-2.40742e-11
3.08828e-09
-2.88421e-11
3.04928e-09
-4.02214e-11
3.00319e-09
-4.53865e-11
2.94947e-09
-5.5319e-11
2.88932e-09
-5.94951e-11
2.82426e-09
-6.65496e-11
2.75579e-09
-6.74258e-11
2.68562e-09
-7.11321e-11
2.61619e-09
-6.78153e-11
2.54841e-09
-6.80025e-11
2.48483e-09
-6.18306e-11
2.42584e-09
-5.90657e-11
2.37279e-09
-5.19589e-11
2.32599e-09
-4.75761e-11
2.28517e-09
-4.1663e-11
2.25047e-09
-3.73864e-11
2.22134e-09
-3.2993e-11
2.19697e-09
-3.01745e-11
2.17685e-09
-2.79162e-11
2.16006e-09
-2.62748e-11
2.14558e-09
-2.65289e-11
2.13289e-09
-2.62607e-11
2.12107e-09
-2.77906e-11
2.1094e-09
-2.91955e-11
2.09742e-09
-3.10596e-11
2.08457e-09
-3.33155e-11
2.07055e-09
-3.53017e-11
2.05507e-09
-3.75505e-11
2.03792e-09
-3.97251e-11
2.0191e-09
-4.13004e-11
1.99867e-09
-4.34253e-11
1.97689e-09
-4.34831e-11
1.95325e-09
-4.62543e-11
1.92932e-09
-4.39314e-11
1.90403e-09
-4.64663e-11
1.87875e-09
-4.32655e-11
1.85358e-09
-4.41018e-11
1.82928e-09
-3.99233e-11
1.80591e-09
-3.97315e-11
1.785e-09
-3.37592e-11
1.7661e-09
-3.24711e-11
1.75135e-09
-2.46039e-11
1.74009e-09
-2.19362e-11
1.73438e-09
-1.22526e-11
1.73406e-09
-7.85074e-12
1.74038e-09
3.20854e-12
1.75417e-09
9.37346e-12
1.77609e-09
2.2504e-11
1.80561e-09
2.87149e-11
1.84534e-09
4.43487e-11
1.89279e-09
5.07966e-11
1.95224e-09
6.88518e-11
2.02034e-09
7.73242e-11
2.10177e-09
9.82381e-11
2.19409e-09
1.1288e-10
2.30186e-09
1.42885e-10
2.42222e-09
1.76637e-10
2.54635e-09
1.96439e-10
2.64394e-09
1.06398e-10
2.71915e-09
7.28974e-11
2.74434e-09
1.01687e-11
2.72844e-09
-4.39399e-11
2.67371e-09
-8.95004e-11
2.58399e-09
-1.2738e-10
2.46167e-09
-1.65246e-10
2.32583e-09
-1.54103e-10
2.18906e-09
-1.33182e-10
2.0653e-09
-1.11481e-10
1.95779e-09
-9.34514e-11
1.86516e-09
-7.98263e-11
1.78647e-09
-6.7991e-11
1.72121e-09
-5.66393e-11
1.66892e-09
-4.52221e-11
1.6291e-09
-3.38547e-11
1.60092e-09
-2.27959e-11
1.58329e-09
-1.2497e-11
1.57455e-09
-3.10447e-12
1.57354e-09
4.09532e-12
1.5782e-09
9.99882e-12
1.58676e-09
1.41727e-11
1.59759e-09
1.65784e-11
1.60923e-09
1.73918e-11
1.62047e-09
1.68938e-11
1.63044e-09
1.53895e-11
1.63851e-09
1.31733e-11
1.64435e-09
1.05496e-11
1.64787e-09
7.78983e-12
1.6492e-09
5.1013e-12
1.64858e-09
2.70374e-12
1.64641e-09
6.91977e-13
1.64334e-09
-1.14481e-12
1.63977e-09
-2.41991e-12
1.63615e-09
-3.26086e-12
1.6329e-09
-3.78061e-12
1.63036e-09
-4.11662e-12
1.62878e-09
-4.47595e-12
1.62838e-09
-5.25359e-12
1.62936e-09
-7.15592e-12
1.63209e-09
-1.14687e-11
-1.82855e-11
2.63294e-09
-3.90739e-10
2.59836e-09
-4.2176e-10
2.46608e-09
-2.97162e-10
2.31129e-09
-1.89789e-10
2.16953e-09
-1.16413e-10
2.05447e-09
-7.24126e-11
1.96456e-09
-4.75165e-11
1.89359e-09
-3.32356e-11
1.83643e-09
-2.4687e-11
1.78961e-09
-1.9234e-11
1.75082e-09
-1.5444e-11
1.71851e-09
-1.25928e-11
1.6916e-09
-1.03137e-11
1.66931e-09
-8.41157e-12
1.65106e-09
-6.77192e-12
1.63638e-09
-5.32005e-12
1.62492e-09
-3.99857e-12
1.61635e-09
-2.73307e-12
1.61043e-09
-1.50553e-12
1.60712e-09
-4.87283e-13
1.60614e-09
5.51221e-13
1.6076e-09
1.63828e-12
1.61147e-09
2.79784e-12
1.61785e-09
3.9083e-12
1.62688e-09
5.1245e-12
1.63874e-09
6.52502e-12
1.65371e-09
8.09084e-12
1.67216e-09
9.86427e-12
1.69456e-09
1.18977e-11
1.72153e-09
1.43139e-11
1.75387e-09
1.72418e-11
1.79261e-09
2.08804e-11
1.83911e-09
2.54968e-11
1.89642e-09
3.21757e-11
1.95896e-09
3.71596e-11
2.01968e-09
4.58692e-11
2.06411e-09
3.60628e-11
2.07575e-09
5.47242e-12
2.05323e-09
-2.62025e-11
2.00136e-09
-4.34792e-11
1.9229e-09
-5.89042e-11
1.82632e-09
-6.95796e-11
1.71641e-09
-8.05101e-11
1.61631e-09
-6.34454e-11
1.53561e-09
-4.37333e-11
1.47074e-09
-3.28773e-11
1.41595e-09
-2.84753e-11
1.37029e-09
-2.35921e-11
1.32994e-09
-2.19383e-11
1.29558e-09
-1.85704e-11
1.26554e-09
-1.70435e-11
1.24031e-09
-1.42024e-11
1.21941e-09
-1.24239e-11
1.20301e-09
-9.7273e-12
1.19111e-09
-7.73969e-12
1.18405e-09
-4.86084e-12
1.1815e-09
-2.95032e-12
1.1845e-09
4.82515e-13
1.19152e-09
2.2086e-12
1.20516e-09
5.9924e-12
1.22265e-09
7.60389e-12
1.24606e-09
1.1265e-11
1.27345e-09
1.2747e-11
1.30587e-09
1.62069e-11
1.34191e-09
1.74311e-11
1.38213e-09
2.05426e-11
1.42521e-09
2.1419e-11
1.4717e-09
2.41675e-11
1.52008e-09
2.47117e-11
1.57115e-09
2.69929e-11
1.62308e-09
2.73036e-11
1.677e-09
2.90121e-11
1.73118e-09
2.93606e-11
1.78589e-09
3.01317e-11
1.84072e-09
3.07243e-11
1.89471e-09
3.06101e-11
1.9481e-09
3.11203e-11
1.99981e-09
3.04439e-11
2.05008e-09
3.0647e-11
2.09773e-09
2.9572e-11
2.14304e-09
2.9126e-11
2.18527e-09
2.80261e-11
2.22423e-09
2.68463e-11
2.25979e-09
2.56249e-11
2.29163e-09
2.41379e-11
2.31974e-09
2.24971e-11
2.34456e-09
2.12916e-11
2.3651e-09
1.89247e-11
2.38306e-09
1.8312e-11
2.39699e-09
1.53703e-11
2.40874e-09
1.51378e-11
2.41657e-09
1.20982e-11
2.4232e-09
1.19574e-11
2.42528e-09
9.10532e-12
2.42624e-09
8.81881e-12
2.42246e-09
5.35376e-12
2.4169e-09
5.06147e-12
2.40645e-09
1.17271e-12
2.39293e-09
4.97884e-13
2.37366e-09
-4.78902e-12
2.35064e-09
-5.81694e-12
2.32105e-09
-1.06193e-11
2.28725e-09
-1.15801e-11
2.24812e-09
-1.61782e-11
2.20567e-09
-1.70335e-11
2.15995e-09
-2.08274e-11
2.11321e-09
-2.06677e-11
2.06547e-09
-2.33906e-11
2.01961e-09
-2.19347e-11
1.97499e-09
-2.33765e-11
1.93437e-09
-2.11866e-11
1.89681e-09
-2.1496e-11
1.86404e-09
-1.91745e-11
1.83524e-09
-1.87521e-11
1.81067e-09
-1.70758e-11
1.78968e-09
-1.63803e-11
1.77208e-09
-1.53768e-11
1.75698e-09
-1.50677e-11
1.7438e-09
-1.47241e-11
1.73189e-09
-1.4363e-11
1.72027e-09
-1.49097e-11
1.70888e-09
-1.48805e-11
1.69682e-09
-1.57341e-11
1.68383e-09
-1.62194e-11
1.66966e-09
-1.69031e-11
1.654e-09
-1.7667e-11
1.63682e-09
-1.81425e-11
1.618e-09
-1.87423e-11
1.59751e-09
-1.9255e-11
1.57566e-09
-1.94581e-11
1.5523e-09
-2.00725e-11
1.5283e-09
-1.95023e-11
1.5025e-09
-2.04628e-11
1.47743e-09
-1.88748e-11
1.45086e-09
-1.99106e-11
1.42548e-09
-1.78992e-11
1.3998e-09
-1.84458e-11
1.37599e-09
-1.61338e-11
1.35257e-09
-1.63329e-11
1.33228e-09
-1.3487e-11
1.31314e-09
-1.3357e-11
1.29849e-09
-9.96858e-12
1.28607e-09
-9.53171e-12
1.27915e-09
-5.34522e-12
1.27586e-09
-4.57863e-12
1.27889e-09
1.71929e-13
1.28706e-09
1.189e-12
1.30264e-09
6.90505e-12
1.32341e-09
7.92857e-12
1.35338e-09
1.43577e-11
1.38871e-09
1.54473e-11
1.43489e-09
2.26553e-11
1.48757e-09
2.46237e-11
1.5528e-09
3.29949e-11
1.62786e-09
3.78105e-11
1.72001e-09
5.07273e-11
1.82963e-09
6.70147e-11
1.94669e-09
7.93861e-11
2.02204e-09
3.10631e-11
2.0741e-09
2.08494e-11
2.08398e-09
3.03078e-13
2.05813e-09
-1.80689e-11
2.00122e-09
-3.25826e-11
1.91805e-09
-4.42044e-11
1.8106e-09
-5.78063e-11
1.7036e-09
-4.71146e-11
1.60606e-09
-3.56538e-11
1.52275e-09
-2.81786e-11
1.45245e-09
-2.31622e-11
1.39242e-09
-1.98018e-11
1.34142e-09
-1.69882e-11
1.29902e-09
-1.42299e-11
1.26511e-09
-1.13042e-11
1.23959e-09
-8.33224e-12
1.22217e-09
-5.37169e-12
1.212e-09
-2.32216e-12
1.20862e-09
2.86144e-13
1.21026e-09
2.45819e-12
1.21607e-09
4.18504e-12
1.22469e-09
5.55176e-12
1.23495e-09
6.31125e-12
1.2458e-09
6.54426e-12
1.25632e-09
6.373e-12
1.26582e-09
5.88193e-12
1.27387e-09
5.12494e-12
1.28016e-09
4.26111e-12
1.28455e-09
3.39932e-12
1.28714e-09
2.5135e-12
1.28816e-09
1.68501e-12
1.28789e-09
9.66066e-13
1.28645e-09
3.00326e-13
1.28427e-09
-2.45123e-13
1.2817e-09
-6.88596e-13
1.279e-09
-1.07647e-12
1.27636e-09
-1.47912e-12
1.27391e-09
-2.02738e-12
1.27169e-09
-3.03587e-12
1.26937e-09
-4.82996e-12
1.26637e-09
-8.47673e-12
-1.48781e-11
2.10891e-09
1.68729e-09
1.39002e-09
1.20016e-09
1.08374e-09
1.01131e-09
9.63778e-10
9.30534e-10
9.05843e-10
8.86607e-10
8.71162e-10
8.58569e-10
8.48255e-10
8.39843e-10
8.33071e-10
8.27751e-10
8.23752e-10
8.21019e-10
8.19514e-10
8.19028e-10
8.1958e-10
8.2122e-10
8.24019e-10
8.27929e-10
8.33055e-10
8.39583e-10
8.47676e-10
8.57543e-10
8.69444e-10
8.83762e-10
9.01009e-10
9.21894e-10
9.47398e-10
9.79582e-10
1.01675e-09
1.06264e-09
1.09872e-09
1.10421e-09
1.07802e-09
1.03456e-09
9.75676e-10
9.06112e-10
8.25606e-10
7.6215e-10
7.18394e-10
6.85486e-10
6.56978e-10
6.33355e-10
6.11387e-10
5.92791e-10
5.75724e-10
5.61501e-10
5.4906e-10
5.39318e-10
5.31566e-10
5.26694e-10
5.23734e-10
5.24206e-10
5.26402e-10
5.32381e-10
5.39968e-10
5.51213e-10
5.63937e-10
5.80117e-10
5.97517e-10
6.18025e-10
6.39406e-10
6.63533e-10
6.88202e-10
7.15149e-10
7.42404e-10
7.71364e-10
8.00668e-10
8.30737e-10
8.61391e-10
8.91923e-10
9.22959e-10
9.53311e-10
9.83864e-10
1.01334e-09
1.04238e-09
1.07032e-09
1.09709e-09
1.12265e-09
1.14672e-09
1.16916e-09
1.19039e-09
1.20927e-09
1.22754e-09
1.24287e-09
1.25797e-09
1.27004e-09
1.28198e-09
1.29107e-09
1.29988e-09
1.30523e-09
1.31029e-09
1.31147e-09
1.31197e-09
1.30719e-09
1.30138e-09
1.29077e-09
1.2792e-09
1.26302e-09
1.24599e-09
1.22517e-09
1.2045e-09
1.18111e-09
1.15917e-09
1.13578e-09
1.11459e-09
1.09308e-09
1.07389e-09
1.05512e-09
1.03802e-09
1.02162e-09
1.00622e-09
9.91129e-10
9.76378e-10
9.61989e-10
9.47053e-10
9.32147e-10
9.16388e-10
9.00146e-10
8.83223e-10
8.6554e-10
8.47384e-10
8.28634e-10
8.09378e-10
7.89925e-10
7.69865e-10
7.50381e-10
7.29941e-10
7.11092e-10
6.91207e-10
6.73331e-10
6.54905e-10
6.38786e-10
6.22463e-10
6.08983e-10
5.95631e-10
5.85668e-10
5.76142e-10
5.70804e-10
5.66233e-10
5.66412e-10
5.67605e-10
5.74508e-10
5.82429e-10
5.96773e-10
6.12204e-10
6.34839e-10
6.59443e-10
6.92417e-10
7.30209e-10
7.80922e-10
8.47929e-10
9.27312e-10
9.58387e-10
9.7926e-10
9.79599e-10
9.61574e-10
9.29038e-10
8.84877e-10
8.27104e-10
7.80009e-10
7.44357e-10
7.16175e-10
6.93007e-10
6.73202e-10
6.56213e-10
6.41987e-10
6.3069e-10
6.22368e-10
6.17008e-10
6.14698e-10
6.14996e-10
6.17464e-10
6.21657e-10
6.27216e-10
6.33531e-10
6.40079e-10
6.46453e-10
6.52336e-10
6.57462e-10
6.61724e-10
6.65124e-10
6.67638e-10
6.69324e-10
6.70292e-10
6.70593e-10
6.7035e-10
6.69663e-10
6.68588e-10
6.67111e-10
6.65085e-10
6.6205e-10
6.57221e-10
6.48744e-10
)
;

boundaryField
{
    inlet
    {
        type            calculated;
        value           nonuniform List<scalar> 
20
(
-2.5e-09
-2.5e-09
-2.5e-09
-2.5e-09
-2.5e-09
-2.5e-09
-2.5e-09
-2.5e-09
-2.5e-09
-2.5e-09
-2.5e-09
-2.5e-09
-2.5e-09
-2.5e-09
-2.5e-09
-2.5e-09
-2.5e-09
-2.5e-09
-2.5e-09
-2.5e-09
)
;
    }
    outlet
    {
        type            calculated;
        value           nonuniform List<scalar> 
20
(
7.30751e-10
1.40443e-09
1.79336e-09
2.14466e-09
2.51946e-09
2.8951e-09
3.23111e-09
3.49579e-09
3.67056e-09
3.74683e-09
3.72214e-09
3.59627e-09
3.37874e-09
3.08224e-09
2.72804e-09
2.34757e-09
1.97778e-09
1.63671e-09
1.26297e-09
6.33866e-10
)
;
    }
    walls
    {
        type            calculated;
        value           uniform 0;
    }
    frontAndBack
    {
        type            empty;
    }
}


// ************************************************************************* //
